frameTime;F0final_sma_stddev;F0final_sma_amean;voicingFinalUnclipped_sma_stddev;voicingFinalUnclipped_sma_amean;jitterLocal_sma_stddev;jitterLocal_sma_amean;jitterDDP_sma_stddev;jitterDDP_sma_amean;shimmerLocal_sma_stddev;shimmerLocal_sma_amean;logHNR_sma_stddev;logHNR_sma_amean;audspec_lengthL1norm_sma_stddev;audspec_lengthL1norm_sma_amean;audspecRasta_lengthL1norm_sma_stddev;audspecRasta_lengthL1norm_sma_amean;pcm_RMSenergy_sma_stddev;pcm_RMSenergy_sma_amean;pcm_zcr_sma_stddev;pcm_zcr_sma_amean;audSpec_Rfilt_sma[0]_stddev;audSpec_Rfilt_sma[0]_amean;audSpec_Rfilt_sma[1]_stddev;audSpec_Rfilt_sma[1]_amean;audSpec_Rfilt_sma[2]_stddev;audSpec_Rfilt_sma[2]_amean;audSpec_Rfilt_sma[3]_stddev;audSpec_Rfilt_sma[3]_amean;audSpec_Rfilt_sma[4]_stddev;audSpec_Rfilt_sma[4]_amean;audSpec_Rfilt_sma[5]_stddev;audSpec_Rfilt_sma[5]_amean;audSpec_Rfilt_sma[6]_stddev;audSpec_Rfilt_sma[6]_amean;audSpec_Rfilt_sma[7]_stddev;audSpec_Rfilt_sma[7]_amean;audSpec_Rfilt_sma[8]_stddev;audSpec_Rfilt_sma[8]_amean;audSpec_Rfilt_sma[9]_stddev;audSpec_Rfilt_sma[9]_amean;audSpec_Rfilt_sma[10]_stddev;audSpec_Rfilt_sma[10]_amean;audSpec_Rfilt_sma[11]_stddev;audSpec_Rfilt_sma[11]_amean;audSpec_Rfilt_sma[12]_stddev;audSpec_Rfilt_sma[12]_amean;audSpec_Rfilt_sma[13]_stddev;audSpec_Rfilt_sma[13]_amean;audSpec_Rfilt_sma[14]_stddev;audSpec_Rfilt_sma[14]_amean;audSpec_Rfilt_sma[15]_stddev;audSpec_Rfilt_sma[15]_amean;audSpec_Rfilt_sma[16]_stddev;audSpec_Rfilt_sma[16]_amean;audSpec_Rfilt_sma[17]_stddev;audSpec_Rfilt_sma[17]_amean;audSpec_Rfilt_sma[18]_stddev;audSpec_Rfilt_sma[18]_amean;audSpec_Rfilt_sma[19]_stddev;audSpec_Rfilt_sma[19]_amean;audSpec_Rfilt_sma[20]_stddev;audSpec_Rfilt_sma[20]_amean;audSpec_Rfilt_sma[21]_stddev;audSpec_Rfilt_sma[21]_amean;audSpec_Rfilt_sma[22]_stddev;audSpec_Rfilt_sma[22]_amean;audSpec_Rfilt_sma[23]_stddev;audSpec_Rfilt_sma[23]_amean;audSpec_Rfilt_sma[24]_stddev;audSpec_Rfilt_sma[24]_amean;audSpec_Rfilt_sma[25]_stddev;audSpec_Rfilt_sma[25]_amean;pcm_fftMag_fband250-650_sma_stddev;pcm_fftMag_fband250-650_sma_amean;pcm_fftMag_fband1000-4000_sma_stddev;pcm_fftMag_fband1000-4000_sma_amean;pcm_fftMag_spectralRollOff25.0_sma_stddev;pcm_fftMag_spectralRollOff25.0_sma_amean;pcm_fftMag_spectralRollOff50.0_sma_stddev;pcm_fftMag_spectralRollOff50.0_sma_amean;pcm_fftMag_spectralRollOff75.0_sma_stddev;pcm_fftMag_spectralRollOff75.0_sma_amean;pcm_fftMag_spectralRollOff90.0_sma_stddev;pcm_fftMag_spectralRollOff90.0_sma_amean;pcm_fftMag_spectralFlux_sma_stddev;pcm_fftMag_spectralFlux_sma_amean;pcm_fftMag_spectralCentroid_sma_stddev;pcm_fftMag_spectralCentroid_sma_amean;pcm_fftMag_spectralEntropy_sma_stddev;pcm_fftMag_spectralEntropy_sma_amean;pcm_fftMag_spectralVariance_sma_stddev;pcm_fftMag_spectralVariance_sma_amean;pcm_fftMag_spectralSkewness_sma_stddev;pcm_fftMag_spectralSkewness_sma_amean;pcm_fftMag_spectralKurtosis_sma_stddev;pcm_fftMag_spectralKurtosis_sma_amean;pcm_fftMag_spectralSlope_sma_stddev;pcm_fftMag_spectralSlope_sma_amean;pcm_fftMag_psySharpness_sma_stddev;pcm_fftMag_psySharpness_sma_amean;pcm_fftMag_spectralHarmonicity_sma_stddev;pcm_fftMag_spectralHarmonicity_sma_amean;pcm_fftMag_mfcc_sma[1]_stddev;pcm_fftMag_mfcc_sma[1]_amean;pcm_fftMag_mfcc_sma[2]_stddev;pcm_fftMag_mfcc_sma[2]_amean;pcm_fftMag_mfcc_sma[3]_stddev;pcm_fftMag_mfcc_sma[3]_amean;pcm_fftMag_mfcc_sma[4]_stddev;pcm_fftMag_mfcc_sma[4]_amean;pcm_fftMag_mfcc_sma[5]_stddev;pcm_fftMag_mfcc_sma[5]_amean;pcm_fftMag_mfcc_sma[6]_stddev;pcm_fftMag_mfcc_sma[6]_amean;pcm_fftMag_mfcc_sma[7]_stddev;pcm_fftMag_mfcc_sma[7]_amean;pcm_fftMag_mfcc_sma[8]_stddev;pcm_fftMag_mfcc_sma[8]_amean;pcm_fftMag_mfcc_sma[9]_stddev;pcm_fftMag_mfcc_sma[9]_amean;pcm_fftMag_mfcc_sma[10]_stddev;pcm_fftMag_mfcc_sma[10]_amean;pcm_fftMag_mfcc_sma[11]_stddev;pcm_fftMag_mfcc_sma[11]_amean;pcm_fftMag_mfcc_sma[12]_stddev;pcm_fftMag_mfcc_sma[12]_amean;pcm_fftMag_mfcc_sma[13]_stddev;pcm_fftMag_mfcc_sma[13]_amean;pcm_fftMag_mfcc_sma[14]_stddev;pcm_fftMag_mfcc_sma[14]_amean;F0final_sma_de_stddev;F0final_sma_de_amean;voicingFinalUnclipped_sma_de_stddev;voicingFinalUnclipped_sma_de_amean;jitterLocal_sma_de_stddev;jitterLocal_sma_de_amean;jitterDDP_sma_de_stddev;jitterDDP_sma_de_amean;shimmerLocal_sma_de_stddev;shimmerLocal_sma_de_amean;logHNR_sma_de_stddev;logHNR_sma_de_amean;audspec_lengthL1norm_sma_de_stddev;audspec_lengthL1norm_sma_de_amean;audspecRasta_lengthL1norm_sma_de_stddev;audspecRasta_lengthL1norm_sma_de_amean;pcm_RMSenergy_sma_de_stddev;pcm_RMSenergy_sma_de_amean;pcm_zcr_sma_de_stddev;pcm_zcr_sma_de_amean;audSpec_Rfilt_sma_de[0]_stddev;audSpec_Rfilt_sma_de[0]_amean;audSpec_Rfilt_sma_de[1]_stddev;audSpec_Rfilt_sma_de[1]_amean;audSpec_Rfilt_sma_de[2]_stddev;audSpec_Rfilt_sma_de[2]_amean;audSpec_Rfilt_sma_de[3]_stddev;audSpec_Rfilt_sma_de[3]_amean;audSpec_Rfilt_sma_de[4]_stddev;audSpec_Rfilt_sma_de[4]_amean;audSpec_Rfilt_sma_de[5]_stddev;audSpec_Rfilt_sma_de[5]_amean;audSpec_Rfilt_sma_de[6]_stddev;audSpec_Rfilt_sma_de[6]_amean;audSpec_Rfilt_sma_de[7]_stddev;audSpec_Rfilt_sma_de[7]_amean;audSpec_Rfilt_sma_de[8]_stddev;audSpec_Rfilt_sma_de[8]_amean;audSpec_Rfilt_sma_de[9]_stddev;audSpec_Rfilt_sma_de[9]_amean;audSpec_Rfilt_sma_de[10]_stddev;audSpec_Rfilt_sma_de[10]_amean;audSpec_Rfilt_sma_de[11]_stddev;audSpec_Rfilt_sma_de[11]_amean;audSpec_Rfilt_sma_de[12]_stddev;audSpec_Rfilt_sma_de[12]_amean;audSpec_Rfilt_sma_de[13]_stddev;audSpec_Rfilt_sma_de[13]_amean;audSpec_Rfilt_sma_de[14]_stddev;audSpec_Rfilt_sma_de[14]_amean;audSpec_Rfilt_sma_de[15]_stddev;audSpec_Rfilt_sma_de[15]_amean;audSpec_Rfilt_sma_de[16]_stddev;audSpec_Rfilt_sma_de[16]_amean;audSpec_Rfilt_sma_de[17]_stddev;audSpec_Rfilt_sma_de[17]_amean;audSpec_Rfilt_sma_de[18]_stddev;audSpec_Rfilt_sma_de[18]_amean;audSpec_Rfilt_sma_de[19]_stddev;audSpec_Rfilt_sma_de[19]_amean;audSpec_Rfilt_sma_de[20]_stddev;audSpec_Rfilt_sma_de[20]_amean;audSpec_Rfilt_sma_de[21]_stddev;audSpec_Rfilt_sma_de[21]_amean;audSpec_Rfilt_sma_de[22]_stddev;audSpec_Rfilt_sma_de[22]_amean;audSpec_Rfilt_sma_de[23]_stddev;audSpec_Rfilt_sma_de[23]_amean;audSpec_Rfilt_sma_de[24]_stddev;audSpec_Rfilt_sma_de[24]_amean;audSpec_Rfilt_sma_de[25]_stddev;audSpec_Rfilt_sma_de[25]_amean;pcm_fftMag_fband250-650_sma_de_stddev;pcm_fftMag_fband250-650_sma_de_amean;pcm_fftMag_fband1000-4000_sma_de_stddev;pcm_fftMag_fband1000-4000_sma_de_amean;pcm_fftMag_spectralRollOff25.0_sma_de_stddev;pcm_fftMag_spectralRollOff25.0_sma_de_amean;pcm_fftMag_spectralRollOff50.0_sma_de_stddev;pcm_fftMag_spectralRollOff50.0_sma_de_amean;pcm_fftMag_spectralRollOff75.0_sma_de_stddev;pcm_fftMag_spectralRollOff75.0_sma_de_amean;pcm_fftMag_spectralRollOff90.0_sma_de_stddev;pcm_fftMag_spectralRollOff90.0_sma_de_amean;pcm_fftMag_spectralFlux_sma_de_stddev;pcm_fftMag_spectralFlux_sma_de_amean;pcm_fftMag_spectralCentroid_sma_de_stddev;pcm_fftMag_spectralCentroid_sma_de_amean;pcm_fftMag_spectralEntropy_sma_de_stddev;pcm_fftMag_spectralEntropy_sma_de_amean;pcm_fftMag_spectralVariance_sma_de_stddev;pcm_fftMag_spectralVariance_sma_de_amean;pcm_fftMag_spectralSkewness_sma_de_stddev;pcm_fftMag_spectralSkewness_sma_de_amean;pcm_fftMag_spectralKurtosis_sma_de_stddev;pcm_fftMag_spectralKurtosis_sma_de_amean;pcm_fftMag_spectralSlope_sma_de_stddev;pcm_fftMag_spectralSlope_sma_de_amean;pcm_fftMag_psySharpness_sma_de_stddev;pcm_fftMag_psySharpness_sma_de_amean;pcm_fftMag_spectralHarmonicity_sma_de_stddev;pcm_fftMag_spectralHarmonicity_sma_de_amean;pcm_fftMag_mfcc_sma_de[1]_stddev;pcm_fftMag_mfcc_sma_de[1]_amean;pcm_fftMag_mfcc_sma_de[2]_stddev;pcm_fftMag_mfcc_sma_de[2]_amean;pcm_fftMag_mfcc_sma_de[3]_stddev;pcm_fftMag_mfcc_sma_de[3]_amean;pcm_fftMag_mfcc_sma_de[4]_stddev;pcm_fftMag_mfcc_sma_de[4]_amean;pcm_fftMag_mfcc_sma_de[5]_stddev;pcm_fftMag_mfcc_sma_de[5]_amean;pcm_fftMag_mfcc_sma_de[6]_stddev;pcm_fftMag_mfcc_sma_de[6]_amean;pcm_fftMag_mfcc_sma_de[7]_stddev;pcm_fftMag_mfcc_sma_de[7]_amean;pcm_fftMag_mfcc_sma_de[8]_stddev;pcm_fftMag_mfcc_sma_de[8]_amean;pcm_fftMag_mfcc_sma_de[9]_stddev;pcm_fftMag_mfcc_sma_de[9]_amean;pcm_fftMag_mfcc_sma_de[10]_stddev;pcm_fftMag_mfcc_sma_de[10]_amean;pcm_fftMag_mfcc_sma_de[11]_stddev;pcm_fftMag_mfcc_sma_de[11]_amean;pcm_fftMag_mfcc_sma_de[12]_stddev;pcm_fftMag_mfcc_sma_de[12]_amean;pcm_fftMag_mfcc_sma_de[13]_stddev;pcm_fftMag_mfcc_sma_de[13]_amean;pcm_fftMag_mfcc_sma_de[14]_stddev;pcm_fftMag_mfcc_sma_de[14]_amean
0.000000;4.584368e+00;7.783028e+01;1.165353e-02;7.517061e-01;1.167749e-01;9.784401e-02;6.605978e-02;5.660219e-02;1.422404e-01;1.958532e-01;1.564161e+00;5.492100e+00;2.627836e-01;2.001021e+00;8.432265e-02;1.052208e+00;2.789341e-02;1.221030e-01;1.170271e-02;2.840640e-02;2.081225e-02;1.266761e-01;2.346962e-02;2.564628e-01;5.951515e-02;3.946283e-01;5.322704e-02;5.560482e-01;1.359602e-01;7.547741e-01;1.299053e-01;8.440539e-01;3.335137e-01;8.765833e-01;1.204676e-01;9.260569e-01;1.360214e-01;1.008727e+00;1.880576e-01;1.134193e+00;1.284610e-01;1.051490e+00;1.905410e-01;1.172158e+00;1.985815e-01;1.271893e+00;1.325399e-01;1.295797e+00;2.632475e-01;1.567005e+00;2.459969e-01;1.409072e+00;4.684759e-01;1.387947e+00;1.651544e-01;1.635693e+00;3.388882e-01;1.658265e+00;2.536742e-01;1.407335e+00;2.802744e-01;1.578418e+00;2.531643e-01;1.380257e+00;2.669368e-01;1.173463e+00;2.428632e-01;1.041955e+00;1.878873e-01;7.980971e-01;1.465483e-01;6.503655e-01;5.269695e-01;1.388566e+00;1.402155e-01;3.076296e-01;4.083216e+01;1.240312e+02;8.025452e+01;2.054268e+02;1.207235e+02;3.326162e+02;3.760754e+02;6.850430e+02;3.607273e-01;1.084962e+00;1.283859e+02;3.439724e+02;4.051272e-01;3.381634e+00;2.647768e+05;3.607809e+05;5.266533e+00;9.366855e+00;2.649154e+02;2.106028e+02;4.878817e-01;-7.531276e-01;1.058127e-01;3.196211e-01;4.231886e-01;9.489469e-01;4.821167e+00;2.597065e+01;4.128767e+00;7.075816e+00;3.763405e+00;1.488594e+01;6.516149e+00;1.034414e+01;6.133724e+00;5.999333e+00;7.859488e+00;4.763113e+00;6.669016e+00;-2.152782e+00;6.740093e+00;-2.037061e+01;6.280805e+00;-1.375121e+01;6.312708e+00;8.954967e+00;1.354647e+01;2.216230e+01;9.513362e+00;-5.076911e+00;6.671514e+00;-7.532051e+00;4.200366e+00;1.215124e+01;1.892256e-01;2.469578e-02;5.531455e-04;8.821856e-05;5.388793e-04;-9.065412e-05;3.424484e-04;2.026213e-05;1.169644e-03;8.389138e-05;2.056261e-02;8.559678e-05;3.441658e-02;5.353935e-03;1.342870e-02;1.248821e-03;7.661170e-03;-4.051989e-04;1.060115e-03;1.866969e-04;5.193674e-03;2.061797e-04;7.029090e-03;1.338565e-04;1.524242e-02;4.534001e-04;1.511751e-02;9.936589e-05;2.946280e-02;-1.577469e-03;3.023308e-02;-2.922319e-04;5.667703e-02;1.117505e-02;3.775920e-02;8.088980e-04;4.228823e-02;8.065103e-05;6.259155e-02;-3.114593e-04;4.058757e-02;1.269712e-03;4.534940e-02;3.161490e-03;6.706923e-02;-1.697406e-03;4.337342e-02;-9.318736e-04;9.576576e-02;-1.540518e-03;6.522574e-02;2.652466e-03;7.162391e-02;1.204002e-02;5.829679e-02;2.712145e-03;8.578664e-02;3.426627e-03;5.984180e-02;2.427557e-03;7.183851e-02;2.019136e-04;4.433061e-02;-4.938434e-04;6.517359e-02;-1.008505e-03;6.550397e-02;7.499762e-04;4.807414e-02;-7.336258e-04;3.088005e-02;-5.429996e-04;1.298746e-01;-4.277843e-03;3.546460e-02;1.890677e-03;7.399335e+00;-3.588867e-01;1.214730e+01;1.291992e-01;2.231684e+01;1.665234e+00;8.459392e+01;7.608398e+00;1.336418e-01;4.519072e-03;1.596244e+01;2.078739e+00;5.792959e-02;9.324007e-03;4.991324e+04;4.645890e+03;1.026936e+00;-6.301598e-02;6.295302e+01;-2.176588e+00;1.552325e-01;4.530690e-03;1.201789e-02;1.466661e-03;1.237541e-01;-7.521540e-03;5.978119e-01;-6.428213e-02;1.003806e+00;-3.562134e-02;1.275284e+00;-4.395048e-02;1.195936e+00;-2.162759e-01;1.683079e+00;-1.604099e-01;1.800637e+00;-3.291872e-02;2.414683e+00;2.409494e-01;1.615618e+00;7.988448e-02;1.831268e+00;3.813172e-02;2.646325e+00;9.983666e-02;2.336249e+00;1.570746e-01;1.960456e+00;-1.823562e-02;1.880781e+00;-1.705378e-01;1.421692e+00;1.490348e-03
0.500000;1.660192e+01;8.122937e+01;1.072653e-02;7.491089e-01;8.877144e-02;7.621408e-02;6.436102e-02;5.289792e-02;1.207270e-01;2.193252e-01;8.520369e-01;5.355487e+00;1.579406e-01;2.174315e+00;8.244503e-02;1.047213e+00;1.118813e-02;1.024647e-01;5.291787e-03;3.705845e-02;1.545817e-02;1.220499e-01;1.512924e-02;2.660704e-01;4.645651e-02;4.178877e-01;9.970471e-02;5.595998e-01;1.896990e-01;6.996651e-01;1.564427e-01;7.963277e-01;3.910883e-01;9.762285e-01;1.300828e-01;9.721037e-01;1.559813e-01;1.066465e+00;1.976960e-01;1.062997e+00;1.526779e-01;1.038234e+00;2.075052e-01;1.135018e+00;2.238076e-01;1.245171e+00;1.755631e-01;1.354141e+00;3.207642e-01;1.379688e+00;2.978120e-01;1.428478e+00;4.643706e-01;1.623374e+00;2.701887e-01;1.592013e+00;3.641328e-01;1.530579e+00;3.073332e-01;1.634932e+00;2.595695e-01;1.488699e+00;2.509303e-01;1.336220e+00;2.426236e-01;1.131963e+00;2.453355e-01;9.760983e-01;1.650094e-01;7.658088e-01;1.429649e-01;6.277300e-01;5.868661e-01;1.279549e+00;1.300808e-01;3.621488e-01;3.842442e+01;1.386738e+02;5.847647e+01;2.387314e+02;8.504885e+01;4.016660e+02;3.318412e+02;9.832061e+02;1.524402e-01;8.777863e-01;6.897063e+01;4.421874e+02;1.535276e-01;3.742944e+00;1.867133e+05;5.281296e+05;1.233591e+00;5.853536e+00;2.647339e+01;6.412000e+01;1.138414e-01;-5.000443e-01;5.438397e-02;3.950788e-01;3.008801e-01;9.060863e-01;2.159736e+00;2.261077e+01;3.882599e+00;5.187029e+00;4.312037e+00;1.591424e+01;6.779345e+00;1.403809e+00;4.520772e+00;2.508764e+00;7.321823e+00;3.968305e+00;9.564441e+00;3.501909e+00;1.006952e+01;-1.597039e+01;6.941101e+00;-1.554112e+01;8.937362e+00;5.725055e+00;1.398034e+01;1.991118e+01;9.571339e+00;-3.720002e+00;6.942283e+00;-7.090491e+00;8.782611e+00;7.849416e+00;1.000041e-02;1.821047e-03;1.416037e-05;-6.145040e-07;8.067646e-05;-1.188943e-06;5.815804e-05;2.471501e-06;1.339730e-04;7.950238e-06;1.329093e-03;-5.229703e-05;3.838756e-02;8.236147e-04;1.554287e-02;-1.729032e-03;2.669377e-03;-2.972074e-04;1.234921e-03;-6.802713e-06;2.004649e-03;-1.286240e-04;6.009338e-03;2.074705e-04;1.688169e-02;-6.389923e-04;2.272548e-02;-1.486595e-03;3.826160e-02;1.439560e-03;3.133548e-02;1.299356e-03;6.219597e-02;8.887667e-04;4.335729e-02;4.357114e-04;4.647363e-02;1.840227e-03;5.812883e-02;-9.948985e-04;4.468454e-02;-4.302244e-04;4.541927e-02;-6.457536e-04;7.221884e-02;-2.734358e-03;5.141410e-02;8.107230e-04;9.286163e-02;-2.928214e-04;7.520087e-02;-1.612784e-03;8.524922e-02;-2.078441e-03;7.391190e-02;-1.191214e-03;8.052506e-02;-7.779054e-03;8.888192e-02;-2.837967e-03;7.264753e-02;-5.227337e-03;5.068960e-02;-5.767217e-03;6.306429e-02;-4.006120e-03;6.132208e-02;-4.984589e-03;3.475758e-02;-5.034073e-03;2.389884e-02;-4.005557e-03;1.297473e-01;-6.784875e-03;4.031567e-02;-4.131551e-04;8.236036e+00;5.455078e-01;1.261495e+01;1.191504e+00;2.571703e+01;1.220215e+00;1.230455e+02;2.311230e+00;5.875847e-02;-4.759852e-03;2.142711e+01;1.442166e+00;4.921380e-02;4.118151e-03;5.692446e+04;6.422736e+02;4.382089e-01;-4.544437e-02;1.013671e+01;-1.336013e+00;3.003724e-02;3.519629e-03;1.461652e-02;1.308626e-03;7.408586e-02;-9.082035e-04;6.180534e-01;6.544133e-03;9.274158e-01;-5.519266e-02;1.239278e+00;-9.179052e-03;1.099431e+00;-2.203126e-01;1.519694e+00;-1.521419e-01;1.791423e+00;-9.279887e-03;2.328921e+00;1.419581e-01;2.000551e+00;9.625027e-02;2.205880e+00;2.436701e-02;2.521645e+00;1.051692e-03;2.575587e+00;-1.091146e-01;2.012789e+00;4.164017e-02;1.885638e+00;3.381646e-02;1.640839e+00;-1.437217e-01
1.000000;7.167111e+01;1.102330e+02;1.539473e-02;7.460863e-01;1.014653e-01;1.106888e-01;7.108209e-02;6.612412e-02;1.253361e-01;1.899869e-01;1.505404e+01;1.914219e+00;2.036861e-01;2.077079e+00;6.775819e-02;9.966218e-01;1.178123e-02;9.035364e-02;8.024259e-03;3.863567e-02;1.629192e-02;1.287588e-01;3.709344e-02;2.741366e-01;5.450560e-02;4.088941e-01;1.067945e-01;5.186816e-01;1.770886e-01;6.398764e-01;1.080486e-01;7.305669e-01;2.331802e-01;9.346171e-01;1.231109e-01;9.497509e-01;2.863035e-01;1.055844e+00;2.658523e-01;9.791843e-01;1.769918e-01;1.058714e+00;1.896404e-01;1.172758e+00;4.567895e-01;1.323343e+00;4.546415e-01;1.399919e+00;3.606594e-01;1.190797e+00;3.725573e-01;1.387268e+00;3.542710e-01;1.639058e+00;4.327535e-01;1.456136e+00;2.829816e-01;1.350044e+00;4.129318e-01;1.493114e+00;1.838913e-01;1.314410e+00;2.454179e-01;1.213311e+00;2.495984e-01;1.107053e+00;1.588128e-01;8.695270e-01;1.487954e-01;7.273554e-01;1.791222e-01;5.890504e-01;3.886317e-01;7.392637e-01;2.714307e-01;3.292125e-01;5.186657e+01;1.336494e+02;1.188390e+02;2.388750e+02;2.055636e+02;4.239170e+02;4.597898e+02;1.103936e+03;1.328655e-01;7.522653e-01;1.471975e+02;4.800244e+02;2.551329e-01;3.766466e+00;4.382666e+05;6.814528e+05;1.339953e+00;5.332148e+00;2.292664e+01;5.366056e+01;9.860237e-02;-3.898701e-01;1.117263e-01;4.148381e-01;2.603186e-01;7.011645e-01;2.973109e+00;2.242395e+01;3.248434e+00;3.127375e+00;4.870462e+00;1.546967e+01;7.879553e+00;-1.831481e+00;4.244812e+00;1.836140e+00;5.442093e+00;7.234542e+00;9.682276e+00;1.098684e+01;8.478621e+00;-9.577569e+00;1.091827e+01;-8.877799e+00;9.393262e+00;2.799913e-01;1.435928e+01;5.122776e+00;1.190632e+01;-1.421087e+00;8.291313e+00;-3.951143e-05;1.168829e+01;-1.164690e+00;2.236108e-02;5.236784e-03;1.125426e-05;-2.411447e-07;7.686899e-05;-2.769812e-06;5.831322e-05;1.188886e-06;7.903916e-05;-8.349265e-06;1.202710e-02;-6.845362e-06;4.853100e-02;-5.224874e-03;1.903887e-02;-1.099278e-03;2.533708e-03;-1.708857e-04;1.599926e-03;-1.209373e-05;1.862635e-03;-8.334591e-05;5.996881e-03;5.130554e-04;1.280097e-02;3.390333e-04;2.116495e-02;-9.752971e-04;3.462890e-02;1.278894e-03;2.132378e-02;-3.628704e-04;2.820645e-02;-1.205176e-02;3.505445e-02;4.868778e-04;7.636734e-02;7.406424e-04;7.779111e-02;2.462430e-03;5.536998e-02;-4.587812e-03;5.051655e-02;-2.820336e-03;1.392373e-01;7.259468e-03;1.082878e-01;1.490740e-03;8.688054e-02;-9.625907e-04;7.434584e-02;-4.523019e-04;8.243997e-02;-9.710911e-03;8.593432e-02;-6.425840e-03;6.008537e-02;-1.333099e-03;9.427235e-02;-4.028533e-03;7.172006e-02;1.854441e-04;6.731138e-02;-2.557694e-04;6.112938e-02;-6.041935e-05;4.015627e-02;-8.260890e-04;3.269778e-02;1.020047e-03;4.633440e-02;5.791252e-04;7.274613e-02;-6.874193e-03;7.611441e-02;-2.871897e-03;1.066251e+01;2.583984e-01;2.900709e+01;-2.296875e-01;4.158084e+01;-1.636523e+00;1.342863e+02;-3.904687e+00;5.541655e-02;7.188493e-04;3.180306e+01;-8.661137e-01;6.104746e-02;-6.748396e-03;1.076728e+05;-9.401875e+02;4.140877e-01;8.065326e-03;7.508290e+00;1.342210e-01;1.981718e-02;1.257809e-03;2.244624e-02;-7.619863e-04;7.076717e-02;-1.151524e-03;6.500975e-01;-1.349553e-02;1.124254e+00;4.732138e-02;1.341385e+00;-1.239691e-02;1.664449e+00;5.793921e-02;1.502460e+00;6.523542e-02;1.392947e+00;1.306670e-02;2.726545e+00;1.070149e-01;2.933312e+00;1.221970e-01;2.496525e+00;-1.436556e-02;2.381270e+00;-1.977815e-01;2.498140e+00;-2.366918e-01;2.456860e+00;1.572501e-01;1.815127e+00;2.421178e-01;2.022320e+00;-2.309712e-01
1.500000;7.018370e+01;1.103070e+02;2.480481e-02;7.577405e-01;9.731913e-02;9.902386e-02;7.910871e-02;6.965500e-02;1.013390e-01;1.368484e-01;1.556023e+01;3.276589e+00;2.525465e-01;1.980547e+00;9.340753e-02;9.943666e-01;3.311723e-02;1.087969e-01;1.268643e-02;3.270597e-02;3.276550e-02;1.384356e-01;4.360607e-02;2.967382e-01;6.586228e-02;4.484186e-01;6.594242e-02;5.106591e-01;1.480777e-01;6.718826e-01;1.144176e-01;7.538189e-01;8.971592e-02;7.630747e-01;1.320892e-01;9.140898e-01;2.768807e-01;1.007881e+00;2.705788e-01;9.639194e-01;2.482249e-01;1.110041e+00;2.613001e-01;1.196875e+00;5.230690e-01;1.410511e+00;4.744664e-01;1.305136e+00;3.243782e-01;1.193513e+00;3.938084e-01;1.436179e+00;3.304404e-01;1.549374e+00;4.551540e-01;1.391926e+00;3.938822e-01;1.443152e+00;4.233265e-01;1.363389e+00;1.882169e-01;1.315980e+00;2.380882e-01;1.238163e+00;2.330772e-01;1.146236e+00;1.593615e-01;8.980489e-01;1.347313e-01;7.644995e-01;1.642683e-01;6.215880e-01;3.319510e-01;5.920060e-01;2.820824e-01;2.838961e-01;5.061824e+01;1.345107e+02;1.268374e+02;2.136094e+02;2.353892e+02;3.409424e+02;5.960577e+02;8.463984e+02;3.145635e-01;8.269063e-01;1.911192e+02;4.089629e+02;5.989491e-01;3.258010e+00;4.885108e+05;6.030046e+05;3.937443e+00;7.683561e+00;1.224101e+02;1.251137e+02;4.227911e-01;-6.144329e-01;1.476882e-01;3.543354e-01;5.622188e-01;9.499279e-01;3.166816e+00;2.213249e+01;4.071692e+00;6.112688e+00;5.713499e+00;1.678942e+01;9.681733e+00;5.274842e+00;5.814196e+00;4.836450e+00;5.389998e+00;8.529279e+00;8.450015e+00;1.157368e+01;8.750501e+00;-9.662348e+00;1.061993e+01;-9.343735e-01;9.524092e+00;-5.299771e+00;1.559119e+01;-7.766629e+00;8.791940e+00;4.402697e+00;9.836131e+00;8.945838e+00;7.306774e+00;-8.556865e+00;2.097820e-02;2.694863e-03;9.067352e-06;7.088187e-08;5.325508e-05;-6.822902e-06;3.895166e-05;-2.163823e-06;6.371691e-05;1.541303e-08;1.205494e-02;-5.469355e-06;5.574103e-02;-6.302360e-03;2.092420e-02;-1.842209e-03;7.091756e-03;6.867631e-05;1.632946e-03;-4.887881e-05;9.121121e-03;2.024708e-04;7.559207e-03;-6.205263e-04;1.239130e-02;-1.601994e-04;1.528888e-02;-7.237704e-06;3.272595e-02;-3.357723e-03;3.004741e-02;-2.686545e-03;1.810838e-02;-1.588019e-03;3.687847e-02;-2.640315e-03;7.685945e-02;-5.283411e-03;8.175581e-02;-2.722096e-03;7.042773e-02;-9.850768e-04;6.515270e-02;-1.588288e-03;1.638586e-01;-5.635535e-03;1.177123e-01;-5.340398e-03;7.101832e-02;-2.857299e-03;1.047257e-01;2.481139e-03;9.029866e-02;-2.530497e-04;9.015371e-02;-5.030117e-03;9.767714e-02;-5.694738e-04;1.268285e-01;-3.057585e-03;7.448272e-02;1.106967e-03;6.555185e-02;-1.144627e-03;6.144390e-02;-2.116332e-03;4.138890e-02;-1.579531e-03;3.435939e-02;-1.525729e-03;4.465406e-02;-9.389005e-04;6.564518e-02;-6.389767e-03;7.729930e-02;-1.248603e-03;1.262056e+01;-7.321289e-01;2.849226e+01;-1.579102e+00;3.946949e+01;-2.469141e+00;1.466312e+02;-2.483496e+00;1.021820e-01;3.528399e-04;3.540120e+01;-1.755935e+00;7.364595e-02;-9.749296e-03;1.105882e+05;-2.092910e+02;8.146221e-01;4.172194e-02;2.442217e+01;1.603468e+00;1.038014e-01;-4.239566e-04;2.558343e-02;-1.819394e-03;1.323653e-01;-3.898163e-03;6.607641e-01;-1.698556e-02;1.114402e+00;9.168927e-02;1.451131e+00;8.044566e-02;1.942709e+00;1.702554e-01;1.543069e+00;1.192023e-01;1.750794e+00;9.336824e-02;2.549583e+00;9.119900e-02;2.983734e+00;-9.542098e-02;2.253901e+00;8.987107e-02;3.221886e+00;6.809471e-02;2.897793e+00;-2.480400e-01;2.625141e+00;-3.507753e-02;2.286960e+00;2.162772e-01;1.883712e+00;-5.104434e-02
2.000000;7.862089e+00;8.359163e+01;1.823666e-02;7.752982e-01;9.624909e-02;8.852608e-02;8.962110e-02;8.501228e-02;1.259340e-01;1.715817e-01;2.634733e+00;7.659038e+00;2.976851e-01;1.716222e+00;1.028781e-01;9.695833e-01;3.543574e-02;1.219973e-01;7.075041e-03;2.057319e-02;3.644589e-02;1.392347e-01;5.133736e-02;2.765596e-01;7.343646e-02;4.293201e-01;9.753090e-02;5.581914e-01;1.613928e-01;6.955865e-01;9.182231e-02;7.641454e-01;1.280728e-01;8.045095e-01;1.598838e-01;9.576553e-01;1.849575e-01;1.007576e+00;2.609799e-01;1.060616e+00;2.792967e-01;1.069157e+00;2.895837e-01;1.108400e+00;3.714579e-01;1.199601e+00;2.459859e-01;1.257717e+00;2.201476e-01;1.324669e+00;3.325773e-01;1.250644e+00;3.004868e-01;1.320106e+00;3.809731e-01;1.513527e+00;4.104873e-01;1.390848e+00;3.988738e-01;1.485989e+00;2.351125e-01;1.299649e+00;1.806834e-01;1.167794e+00;1.682611e-01;9.723445e-01;1.534075e-01;8.903826e-01;1.439244e-01;6.940359e-01;9.362774e-02;5.709053e-01;1.978565e-01;4.755301e-01;1.233991e-01;1.521012e-01;3.255370e+01;1.039336e+02;3.453527e+01;1.356592e+02;4.559054e+01;1.968135e+02;3.131926e+02;4.303770e+02;5.049488e-01;9.301122e-01;8.481214e+01;2.460618e+02;3.507660e-01;2.740489e+00;1.670304e+05;2.546483e+05;5.438714e+00;1.148746e+01;2.664070e+02;2.727419e+02;5.111557e-01;-7.796060e-01;6.411052e-02;2.270180e-01;6.372679e-01;7.836618e-01;3.381979e+00;2.511358e+01;3.586936e+00;8.811563e+00;4.967986e+00;1.845475e+01;7.136774e+00;7.506114e+00;5.502272e+00;7.954343e+00;6.833069e+00;1.284748e+01;7.145833e+00;1.453284e+01;7.453927e+00;-4.856836e+00;9.111690e+00;-2.309956e+00;8.641459e+00;-8.098837e+00;1.252010e+01;-6.715080e+00;7.730672e+00;6.810738e+00;6.874492e+00;1.215137e+01;4.973603e+00;-1.024741e+01;3.790761e-03;-1.456699e-04;5.883111e-06;6.740387e-07;3.839934e-05;-2.104967e-06;3.049796e-05;-9.478402e-08;6.320258e-05;-1.159355e-06;1.226257e-03;3.296550e-05;4.808867e-02;-2.023787e-03;2.061744e-02;9.185512e-04;1.014379e-02;-1.965410e-05;1.498318e-03;-1.518015e-04;1.045022e-02;-3.182880e-04;9.466268e-03;-6.264089e-05;1.298027e-02;3.814966e-04;1.691434e-02;1.913457e-03;3.701465e-02;-1.691056e-03;2.877289e-02;7.181372e-04;2.169326e-02;1.700914e-03;3.729808e-02;-1.322550e-03;5.876034e-02;-6.551652e-04;8.545915e-02;-8.793069e-04;7.623855e-02;4.253458e-03;6.225778e-02;4.745197e-03;1.000766e-01;-5.481500e-03;8.210516e-02;2.624586e-03;6.575789e-02;6.663855e-03;1.046517e-01;8.303493e-05;8.723950e-02;-7.422229e-04;8.256048e-02;7.436635e-03;1.020453e-01;-2.237544e-03;1.404285e-01;2.306392e-03;8.761013e-02;4.541384e-04;5.394758e-02;1.963111e-03;4.693892e-02;9.302467e-04;4.617130e-02;1.904447e-03;4.056482e-02;-3.240578e-04;2.827097e-02;-4.824428e-04;4.920294e-02;2.187730e-03;3.004474e-02;-7.155676e-04;9.131827e+00;-1.004883e-01;7.294556e+00;-2.009766e-01;1.171797e+01;1.435547e-01;1.175793e+02;-2.383008e+00;1.535248e-01;-2.048074e-03;2.500602e+01;-9.336564e-01;9.225671e-02;-2.165169e-04;4.401624e+04;-2.908763e+03;1.482113e+00;2.124372e-02;7.383724e+01;5.922158e-01;1.549343e-01;-2.804416e-04;1.871836e-02;-5.398958e-04;1.330969e-01;-1.579174e-03;6.776593e-01;6.631270e-02;1.127254e+00;-3.027721e-02;1.529168e+00;1.964037e-02;1.750216e+00;1.044877e-02;1.759818e+00;1.325010e-02;2.197926e+00;-1.121104e-02;1.900180e+00;-3.284588e-02;2.314969e+00;-6.862055e-03;2.227466e+00;-3.115050e-02;2.651875e+00;-1.002835e-01;2.844145e+00;8.836109e-02;2.255991e+00;-8.660598e-04;2.362264e+00;-1.365412e-01;1.987496e+00;5.281740e-02
2.500000;4.573440e+00;8.166693e+01;1.715872e-02;7.776144e-01;8.397728e-02;6.770387e-02;9.168959e-02;8.383864e-02;1.242378e-01;1.924643e-01;1.912073e+00;6.691977e+00;2.646531e-01;1.716872e+00;1.165661e-01;1.039713e+00;3.036341e-02;9.700351e-02;1.387602e-02;2.927060e-02;2.444004e-02;1.219251e-01;3.686377e-02;2.572342e-01;5.565684e-02;4.050363e-01;9.312229e-02;5.564017e-01;1.747831e-01;6.451266e-01;9.019903e-02;7.676017e-01;1.360295e-01;9.111260e-01;1.724685e-01;9.950269e-01;2.325109e-01;1.071425e+00;3.137307e-01;1.204937e+00;2.624454e-01;1.141409e+00;2.815157e-01;1.185016e+00;2.148369e-01;1.164299e+00;2.322305e-01;1.350497e+00;2.651722e-01;1.503479e+00;5.176351e-01;1.436586e+00;2.933325e-01;1.433033e+00;3.404534e-01;1.711504e+00;3.431697e-01;1.438883e+00;2.762804e-01;1.601205e+00;3.245123e-01;1.457622e+00;2.911676e-01;1.253468e+00;2.963706e-01;1.034648e+00;1.704153e-01;9.839985e-01;2.285307e-01;7.792817e-01;2.086708e-01;6.217569e-01;1.440032e-01;4.035355e-01;1.506745e-01;1.841528e-01;3.945639e+01;1.171406e+02;5.538663e+01;1.620732e+02;2.544675e+02;3.842959e+02;5.199482e+02;7.724678e+02;4.574448e-01;8.250442e-01;1.972319e+02;3.663066e+02;5.943651e-01;3.227723e+00;630632;4.952096e+05;5.875366e+00;9.031235e+00;2.796833e+02;1.993313e+02;4.278606e-01;-4.992142e-01;1.526292e-01;3.254857e-01;2.511801e-01;5.027594e-01;4.492335e+00;2.474032e+01;4.981497e+00;6.127021e+00;4.687529e+00;1.418443e+01;6.542240e+00;1.420517e+00;5.617641e+00;6.208106e+00;7.557581e+00;1.884366e+01;5.512620e+00;1.720503e+01;7.575315e+00;-6.069645e+00;7.512294e+00;-9.547372e+00;9.402168e+00;-1.278934e+01;8.429444e+00;5.697729e-01;1.113088e+01;5.658030e+00;7.544825e+00;8.522859e+00;8.648861e+00;-1.471379e+01;1.526542e-03;1.976460e-04;4.884094e-06;2.161661e-07;2.687677e-05;-1.107939e-06;2.171474e-05;3.111815e-06;4.832019e-05;-4.190572e-06;8.139939e-04;4.258852e-05;3.838204e-02;5.354340e-03;2.023283e-02;2.195773e-03;7.679492e-03;-1.804089e-04;1.840242e-03;2.088687e-04;5.542658e-03;5.301930e-05;8.668580e-03;6.984217e-04;1.144251e-02;6.144368e-04;1.507202e-02;-3.130617e-04;3.546366e-02;1.037162e-03;2.146484e-02;1.413750e-03;2.761502e-02;3.386318e-03;4.261586e-02;6.262104e-04;7.831211e-02;1.041448e-03;1.171147e-01;4.197849e-04;8.541261e-02;2.438136e-03;5.187321e-02;6.779960e-04;4.760898e-02;4.568761e-03;7.753796e-02;6.615148e-03;7.235159e-02;5.818081e-03;9.445251e-02;2.644626e-03;7.799318e-02;3.086334e-03;1.004717e-01;5.776779e-03;8.036345e-02;4.867236e-03;1.065311e-01;6.172576e-03;9.587934e-02;8.293557e-04;8.560210e-02;1.615880e-03;7.663237e-02;7.395602e-04;4.924159e-02;1.724646e-03;5.424323e-02;4.609409e-04;5.587797e-02;7.654202e-05;3.262493e-02;-8.491269e-04;4.187631e-02;1.756764e-03;5.281935e+00;5.598633e-01;7.054599e+00;6.890625e-01;5.239235e+01;2.885449e+00;1.035999e+02;8.929102e+00;1.353445e-01;-2.060080e-03;2.941532e+01;2.805797e+00;9.205376e-02;8.140693e-03;1.642908e+05;4.349423e+03;1.295491e+00;-6.327657e-02;6.996363e+01;-2.042891e+00;1.173082e-01;1.324094e-03;2.105305e-02;2.082331e-03;7.095845e-02;1.380931e-03;8.715268e-01;-3.612830e-02;1.127506e+00;-1.275501e-01;1.485042e+00;-2.840219e-03;1.660357e+00;-1.039072e-01;1.759911e+00;-8.801969e-02;2.760897e+00;7.540508e-02;1.634516e+00;7.527217e-02;2.446200e+00;1.067489e-01;2.385288e+00;-8.264081e-02;1.912426e+00;-1.545086e-01;2.308701e+00;1.586265e-01;2.466855e+00;-5.640782e-02;2.595217e+00;-1.963527e-01;2.661332e+00;-1.375530e-01
3.000000;3.114317e-01;8.292867e+01;1.086176e-02;7.820184e-01;4.140018e-02;2.316166e-02;8.080939e-02;5.282714e-02;1.095898e-01;1.830033e-01;1.340957e+00;6.758101e+00;1.699006e-01;2.012974e+00;7.934147e-02;1.066451e+00;7.936466e-03;7.955535e-02;9.214384e-03;4.620559e-02;1.233160e-02;1.181027e-01;1.824222e-02;2.659402e-01;3.677242e-02;4.156857e-01;4.160500e-02;5.387199e-01;1.258615e-01;6.553023e-01;8.477064e-02;7.765775e-01;1.401095e-01;8.908905e-01;1.590238e-01;9.743451e-01;2.408516e-01;1.086312e+00;3.520835e-01;1.203881e+00;2.052125e-01;1.163587e+00;2.563114e-01;1.260030e+00;1.565748e-01;1.259347e+00;1.790499e-01;1.383652e+00;2.582625e-01;1.472592e+00;4.663816e-01;1.501097e+00;1.724780e-01;1.549082e+00;3.080345e-01;1.675161e+00;2.790485e-01;1.487641e+00;2.189312e-01;1.623779e+00;2.405018e-01;1.538680e+00;2.467767e-01;1.320645e+00;2.537185e-01;1.132356e+00;1.446366e-01;9.914601e-01;1.958179e-01;8.148909e-01;1.928461e-01;6.279767e-01;1.019273e-01;3.532087e-01;2.376757e-01;3.805033e-01;2.944621e+01;1.600635e+02;1.852387e+02;3.031875e+02;2.368000e+02;6.890625e+02;5.003446e+02;1.381427e+03;1.761900e-01;7.005962e-01;1.600720e+02;6.081554e+02;2.703144e-01;3.870005e+00;5.482721e+05;8.377333e+05;1.211890e+00;4.310397e+00;2.284680e+01;3.796614e+01;6.785104e-02;-2.956330e-01;1.190393e-01;5.108198e-01;1.602352e-01;6.481553e-01;3.418308e+00;2.129522e+01;3.307276e+00;1.044102e+00;4.669512e+00;1.228756e+01;4.858354e+00;-3.652308e+00;4.315113e+00;4.983419e+00;7.274796e+00;2.063250e+01;6.330268e+00;1.812057e+01;5.413979e+00;-9.263141e+00;6.058528e+00;-1.377134e+01;6.594560e+00;-1.723871e+01;7.174451e+00;1.007987e+00;1.011553e+01;1.882553e+00;7.110619e+00;8.428821e+00;8.479074e+00;-2.234090e+01;1.062801e-04;4.205754e-06;3.135542e-06;-1.924638e-07;9.892650e-06;2.591026e-07;1.575310e-05;-6.062296e-07;3.436140e-05;-1.038774e-07;5.006639e-04;-3.433752e-05;4.433030e-02;2.659621e-03;1.954564e-02;-1.332161e-03;2.285417e-03;-3.138279e-04;1.624965e-03;2.530864e-04;2.350769e-03;8.366222e-05;5.200659e-03;-9.747583e-04;9.712838e-03;-1.332740e-03;1.306106e-02;-1.550148e-03;3.134618e-02;2.595397e-03;1.959529e-02;2.638927e-03;2.494677e-02;-8.045910e-04;4.612213e-02;1.599898e-04;8.643356e-02;-2.466515e-03;1.290606e-01;-4.241419e-03;7.709013e-02;2.591285e-04;7.281661e-02;-5.099302e-03;5.051074e-02;-7.427121e-04;6.699016e-02;-2.684832e-03;6.308684e-02;-4.822683e-03;8.309884e-02;-3.285618e-03;6.210139e-02;-2.364874e-03;1.060524e-01;-6.389928e-03;8.163321e-02;-2.901804e-03;9.181613e-02;8.744792e-04;8.160777e-02;-1.204392e-03;8.515561e-02;-5.137195e-04;7.905254e-02;9.952721e-04;5.013913e-02;-1.673977e-03;5.344950e-02;-5.970977e-04;5.109221e-02;1.408076e-03;2.540374e-02;-2.688926e-03;7.607261e-02;1.216721e-03;7.244834e+00;7.464844e-01;4.874200e+01;1.937988e+00;7.145422e+01;5.871387e+00;1.568477e+02;1.260410e+01;6.730407e-02;-1.657347e-03;3.553299e+01;4.520777e+00;6.730644e-02;1.184989e-02;1.672028e+05;7.636138e+03;2.712356e-01;-4.443124e-02;4.492857e+00;-9.582491e-01;2.043603e-02;2.828738e-03;2.693248e-02;3.385665e-03;5.801732e-02;-4.541610e-04;7.419224e-01;-7.025663e-02;8.513712e-01;-3.832202e-02;1.516753e+00;-1.008641e-01;1.455144e+00;-1.332755e-01;1.615215e+00;-7.285704e-02;2.867274e+00;5.273595e-03;2.147205e+00;1.227502e-02;2.345817e+00;1.988540e-02;2.134482e+00;2.382942e-02;2.239374e+00;7.502536e-02;2.466335e+00;1.558293e-02;3.037348e+00;-2.566134e-02;2.717750e+00;6.549732e-02;2.639212e+00;-1.202824e-01
3.500000;5.762241e+01;1.261747e+02;1.152045e-02;7.812764e-01;1.182272e-01;5.139538e-02;1.416822e-01;7.148227e-02;8.562774e-02;1.659388e-01;1.439225e+00;6.444781e+00;1.314052e-01;2.116597e+00;5.992234e-02;1.010370e+00;9.876693e-03;8.150394e-02;9.369167e-03;4.417611e-02;7.797290e-03;1.248300e-01;3.832194e-02;2.730128e-01;6.166686e-02;4.324986e-01;7.507609e-02;5.907691e-01;1.181052e-01;7.629404e-01;1.308448e-01;7.770699e-01;8.295967e-02;8.255636e-01;1.262628e-01;9.496109e-01;2.402313e-01;1.032466e+00;3.180560e-01;1.133862e+00;2.472816e-01;1.226674e+00;2.042549e-01;1.169461e+00;1.701729e-01;1.286495e+00;1.606292e-01;1.327843e+00;1.903289e-01;1.381182e+00;1.630381e-01;1.328185e+00;1.629522e-01;1.368356e+00;2.624037e-01;1.418274e+00;3.918453e-01;1.498710e+00;2.257964e-01;1.423859e+00;2.014716e-01;1.330878e+00;2.478884e-01;1.272405e+00;2.549431e-01;1.105106e+00;1.418681e-01;8.779497e-01;1.518734e-01;7.417156e-01;1.460291e-01;6.099167e-01;2.992608e-01;5.080984e-01;2.444693e-01;4.654914e-01;4.003580e+01;1.922197e+02;1.960103e+02;3.785537e+02;2.228172e+02;7.344258e+02;4.339129e+02;1.370947e+03;1.525205e-01;6.785645e-01;1.238026e+02;6.389536e+02;2.616723e-01;3.915457e+00;2.577450e+05;7.404312e+05;1.136923e+00;4.216890e+00;1.797846e+01;3.653909e+01;8.214740e-02;-3.104945e-01;9.398439e-02;5.465958e-01;2.949824e-01;8.320870e-01;2.828235e+00;2.151787e+01;3.356842e+00;-1.066332e-01;5.412590e+00;8.819654e+00;5.214805e+00;-3.114281e+00;4.294948e+00;5.114224e+00;8.371675e+00;1.540015e+01;9.537562e+00;1.331354e+01;6.756334e+00;-1.209461e+01;8.194815e+00;-1.844598e+01;5.776432e+00;-1.647523e+01;8.289484e+00;4.552296e+00;7.688086e+00;3.526110e+00;8.028143e+00;6.254108e+00;1.007360e+01;-2.047007e+01;6.369133e-03;1.364159e-04;3.432610e-06;-1.846855e-07;3.683527e-05;5.183924e-07;4.303275e-05;4.471879e-07;2.680429e-05;1.023871e-06;4.322030e-04;-1.281658e-05;4.388357e-02;1.980667e-04;1.719655e-02;-2.572496e-04;2.807055e-03;1.952206e-04;1.061575e-03;-2.411187e-04;3.270695e-03;-4.692022e-05;9.023816e-03;-1.807209e-04;1.315104e-02;3.543400e-05;1.997473e-02;4.344998e-05;3.410826e-02;-8.029162e-04;2.390540e-02;-3.786013e-05;1.594418e-02;-2.142389e-03;4.226103e-02;4.059304e-04;8.658625e-02;-1.251961e-03;1.122786e-01;-1.190096e-03;7.250553e-02;-1.106039e-03;7.121622e-02;2.394672e-03;5.302724e-02;4.228019e-03;6.035594e-02;-2.837056e-03;5.517870e-02;-1.557619e-03;4.539720e-02;1.362375e-04;4.912066e-02;-3.465429e-03;7.896452e-02;-3.766228e-03;1.012320e-01;-1.827105e-03;7.863750e-02;2.510632e-03;6.058725e-02;8.618392e-04;7.407996e-02;2.987197e-03;6.524920e-02;1.773277e-03;4.402005e-02;-1.648131e-03;4.290817e-02;-4.889557e-04;3.139607e-02;2.842593e-04;5.124435e-02;2.827669e-03;8.658298e-02;2.251329e-04;1.210018e+01;7.177734e-02;6.065658e+01;-2.009766e-01;6.763586e+01;-3.588867e-01;1.467143e+02;-6.129785e+00;6.722245e-02;3.659133e-03;3.102386e+01;-1.439005e+00;6.097993e-02;-3.707460e-03;6.854460e+04;-4.038768e+03;2.250354e-01;1.107423e-02;3.698375e+00;1.984124e-01;2.404206e-02;-1.373947e-03;2.603954e-02;-7.582007e-04;7.677653e-02;3.332510e-03;6.853825e-01;3.455959e-02;9.601583e-01;3.906692e-03;1.551186e+00;-8.775907e-02;1.186627e+00;4.858114e-02;1.501644e+00;1.549364e-01;2.545085e+00;-1.780643e-01;2.445358e+00;-8.345758e-02;2.145851e+00;1.162798e-02;2.234520e+00;-1.557198e-01;2.071338e+00;-1.227199e-02;2.945435e+00;5.683891e-02;2.952281e+00;2.640887e-02;2.375910e+00;1.979716e-02;2.160497e+00;1.454548e-01
4.000000;5.879534e+01;1.248043e+02;1.690522e-02;7.794768e-01;1.385571e-01;8.549597e-02;1.428942e-01;8.705798e-02;6.830986e-02;1.821533e-01;2.065671e+00;6.612279e+00;1.949868e-01;1.996404e+00;6.215421e-02;9.760578e-01;2.043885e-02;9.848905e-02;7.688752e-03;3.135929e-02;4.303420e-02;1.477698e-01;4.234285e-02;2.817287e-01;7.060307e-02;4.388393e-01;9.996755e-02;5.722198e-01;1.465272e-01;6.920983e-01;1.346119e-01;7.739400e-01;7.179675e-02;8.102756e-01;1.274892e-01;9.078999e-01;2.018652e-01;9.598811e-01;2.369397e-01;1.030841e+00;3.348303e-01;1.185420e+00;1.719297e-01;1.206602e+00;2.115119e-01;1.192398e+00;1.828680e-01;1.255794e+00;2.116260e-01;1.330830e+00;2.384724e-01;1.390707e+00;1.139083e-01;1.285770e+00;1.805503e-01;1.285162e+00;3.932528e-01;1.504548e+00;2.179206e-01;1.359639e+00;1.907279e-01;1.286215e+00;2.597367e-01;1.242186e+00;2.547050e-01;1.085556e+00;1.166880e-01;8.275684e-01;1.437969e-01;7.180364e-01;1.554502e-01;6.055773e-01;2.808712e-01;6.417266e-01;2.033275e-01;3.399659e-01;6.966338e+01;1.511631e+02;1.662210e+02;2.408848e+02;2.661031e+02;4.668398e+02;3.421232e+02;9.035332e+02;3.084956e-01;7.989851e-01;1.765894e+02;4.332413e+02;4.537475e-01;3.438550e+00;2.779597e+05;4.512194e+05;2.919440e+00;6.690374e+00;9.538046e+01;9.984975e+01;2.133306e-01;-4.737632e-01;1.492768e-01;3.915147e-01;3.762919e-01;8.319700e-01;3.277000e+00;2.401063e+01;4.173603e+00;2.001076e+00;4.363335e+00;8.382224e+00;5.814615e+00;2.989304e+00;6.585068e+00;9.465182e+00;7.065928e+00;1.297821e+01;9.954889e+00;1.319830e+01;8.732171e+00;-9.153062e+00;7.813190e+00;-1.950000e+01;8.799067e+00;-1.225847e+01;7.541000e+00;7.159393e+00;6.830223e+00;4.027881e+00;7.079899e+00;4.356803e+00;9.767844e+00;-9.809556e+00;6.404981e-03;-2.608149e-05;4.079473e-06;-2.991127e-07;3.954154e-05;2.026719e-06;4.353034e-05;1.147112e-06;1.729785e-05;9.048890e-07;4.745777e-04;1.260598e-05;3.619226e-02;-3.659499e-03;1.426739e-02;-4.207799e-04;5.335959e-03;5.479976e-04;1.119871e-03;-2.736206e-04;1.047989e-02;2.586783e-04;1.078343e-02;1.003715e-03;1.478635e-02;1.630151e-03;2.194876e-02;1.090147e-03;2.699092e-02;-6.047975e-04;2.648369e-02;-4.168716e-03;2.016196e-02;-1.289531e-03;4.252492e-02;-4.680522e-03;7.178073e-02;-1.197953e-03;8.100245e-02;8.289228e-04;8.379670e-02;2.381159e-03;5.452749e-02;1.164378e-03;5.263302e-02;1.279113e-03;6.923684e-02;-3.837758e-03;5.908726e-02;-4.499066e-03;8.267586e-02;-2.080341e-03;4.131893e-02;-5.306879e-04;6.668106e-02;8.152334e-04;9.503626e-02;7.023377e-04;7.878391e-02;1.175255e-03;6.183424e-02;4.432661e-04;7.504042e-02;2.944992e-04;6.157649e-02;-8.577640e-04;3.373218e-02;2.464755e-06;3.679593e-02;4.708613e-04;3.539678e-02;-7.333282e-04;7.070286e-02;5.991132e-03;6.113436e-02;-1.272142e-03;1.269705e+01;-7.464844e-01;3.780021e+01;-1.751367e+00;5.005168e+01;-5.928809e+00;8.944216e+01;-1.439853e+01;1.083964e-01;5.419057e-03;2.552230e+01;-5.051372e+00;7.134879e-02;-1.758561e-02;6.087415e+04;-8.565934e+03;6.584387e-01;8.417355e-02;2.373933e+01;2.240615e+00;5.792057e-02;-4.812778e-03;2.226084e-02;-3.780989e-03;1.148429e-01;6.320211e-03;8.003020e-01;5.963090e-02;1.075101e+00;8.660516e-02;1.281975e+00;5.735651e-02;1.335589e+00;2.266869e-01;1.717203e+00;2.693137e-01;2.439555e+00;-9.581272e-02;2.268397e+00;-1.557048e-01;2.128088e+00;-9.242774e-02;2.235878e+00;-6.876387e-02;2.391079e+00;7.431781e-02;2.716970e+00;5.933814e-02;2.384643e+00;-2.529137e-02;2.028543e+00;-5.261176e-02;2.127812e+00;7.095942e-02
4.500000;7.935168e+00;8.179723e+01;2.483848e-02;7.616282e-01;1.019573e-01;8.463952e-02;9.121361e-02;8.506453e-02;8.012437e-02;1.996964e-01;2.234580e+00;6.373020e+00;1.724815e-01;1.818466e+00;6.583484e-02;9.721537e-01;2.597768e-02;1.197665e-01;5.440232e-03;2.147140e-02;4.142651e-02;1.520641e-01;4.399081e-02;2.898376e-01;7.331897e-02;4.357795e-01;9.238264e-02;5.557957e-01;1.801665e-01;6.999857e-01;1.530409e-01;8.222669e-01;1.985857e-01;8.557807e-01;1.814328e-01;8.351079e-01;1.605560e-01;9.310686e-01;1.776002e-01;1.012793e+00;2.583051e-01;1.080555e+00;1.472018e-01;1.229777e+00;1.948632e-01;1.184584e+00;1.624934e-01;1.244598e+00;1.822440e-01;1.269894e+00;2.957175e-01;1.381585e+00;1.886237e-01;1.363293e+00;2.412135e-01;1.379812e+00;3.125496e-01;1.476712e+00;2.102475e-01;1.378903e+00;1.630429e-01;1.321752e+00;2.083445e-01;1.202668e+00;1.331216e-01;1.028695e+00;8.417986e-02;8.452531e-01;1.379666e-01;7.117591e-01;1.708295e-01;5.856770e-01;6.044179e-01;8.447686e-01;7.856114e-02;1.896458e-01;2.338268e+01;1.023545e+02;3.619287e+01;1.444160e+02;6.120398e+01;2.473447e+02;2.146370e+02;5.456514e+02;3.834596e-01;1.058631e+00;5.038830e+01;2.600131e+02;2.241361e-01;3.007107e+00;1.125286e+05;2.045195e+05;3.388930e+00;9.423589e+00;1.351448e+02;1.976694e+02;3.200780e-01;-7.131596e-01;4.161824e-02;2.493470e-01;8.337767e-01;1.047260e+00;4.066808e+00;2.835612e+01;3.369817e+00;4.124127e+00;3.940585e+00;1.316689e+01;4.923774e+00;8.307916e+00;8.000311e+00;1.263808e+01;8.286942e+00;8.569325e+00;1.159595e+01;1.222667e+01;7.081497e+00;-6.324807e+00;6.341026e+00;-1.271502e+01;8.921543e+00;-4.584008e+00;6.433234e+00;1.052100e+01;5.981961e+00;3.116809e+00;4.814964e+00;4.132078e+00;8.118089e+00;-1.016697e+01;1.243460e-03;1.115360e-05;3.557385e-06;-1.678934e-08;1.909807e-05;2.206590e-06;1.922669e-05;-2.833158e-06;1.964282e-05;-9.710343e-07;4.684371e-04;7.229247e-06;3.505367e-02;-4.124529e-03;1.440926e-02;-5.070278e-04;5.997424e-03;1.572194e-05;9.792714e-04;1.675487e-05;1.055908e-02;-1.688301e-06;8.880522e-03;-8.249815e-04;1.546656e-02;-1.153585e-03;1.756139e-02;8.051878e-04;2.277496e-02;4.121689e-04;2.845113e-02;5.632492e-04;4.024776e-02;-1.473826e-03;4.018515e-02;-1.080410e-03;5.214052e-02;9.143805e-05;6.255508e-02;5.301766e-04;6.764234e-02;3.593272e-04;4.997481e-02;-4.256636e-05;4.826438e-02;-5.161321e-03;6.242591e-02;3.088017e-04;5.688269e-02;1.149775e-03;8.312447e-02;-2.043548e-03;3.974234e-02;-1.645783e-03;8.455340e-02;7.205742e-04;6.458961e-02;2.854413e-03;8.279518e-02;-3.382877e-03;6.434540e-02;-1.551063e-03;6.111621e-02;-3.724098e-03;4.232617e-02;-8.073358e-04;2.996939e-02;1.694942e-03;4.346811e-02;3.007387e-04;4.146256e-02;-8.045102e-05;9.986877e-02;1.125726e-03;2.250139e-02;-1.824135e-03;8.055696e+00;-7.034180e-01;1.136056e+01;-7.895508e-01;2.180474e+01;-2.354297e+00;5.687799e+01;-4.751660e+00;1.205165e-01;-9.416252e-04;1.730137e+01;-1.957282e+00;7.325989e-02;-2.553039e-03;2.529986e+04;-2.507153e+03;9.222888e-01;3.577728e-02;3.682038e+01;9.886247e-01;7.119702e-02;-6.043449e-04;1.560179e-02;-1.625115e-03;1.715513e-01;-6.521426e-03;6.986795e-01;6.137957e-02;1.083162e+00;5.631094e-02;1.058070e+00;6.529054e-02;1.461890e+00;4.999290e-02;1.966228e+00;-1.688805e-02;2.116421e+00;-1.035159e-01;2.352516e+00;-1.541165e-01;1.995710e+00;7.159082e-02;1.887199e+00;1.945545e-01;2.433228e+00;1.605991e-01;2.088614e+00;1.634877e-01;2.183589e+00;2.703820e-02;1.704514e+00;2.226449e-02;1.886729e+00;2.200479e-02
5.000000;1.432841e+01;8.344227e+01;1.359065e-02;7.474770e-01;1.158128e-01;1.246747e-01;1.220521e-01;1.116569e-01;1.583858e-01;2.133847e-01;1.550772e+00;5.810250e+00;2.836175e-01;1.842479e+00;1.926492e-01;1.056565e+00;2.943773e-02;1.084540e-01;1.849550e-02;2.997606e-02;1.601209e-02;1.210735e-01;5.243927e-02;2.659317e-01;8.292847e-02;4.046418e-01;9.313061e-02;6.073586e-01;2.140091e-01;7.812230e-01;1.677805e-01;8.320555e-01;2.139167e-01;8.549300e-01;3.915257e-01;9.426329e-01;1.895214e-01;9.542065e-01;2.614230e-01;1.039863e+00;1.977457e-01;1.122971e+00;1.819409e-01;1.199337e+00;4.591836e-01;1.460851e+00;1.762989e-01;1.216430e+00;2.937506e-01;1.348467e+00;5.582212e-01;1.558722e+00;4.471749e-01;1.546134e+00;4.044007e-01;1.549101e+00;4.409955e-01;1.661339e+00;2.449543e-01;1.457114e+00;2.653680e-01;1.425037e+00;2.877481e-01;1.290750e+00;4.822532e-01;1.250112e+00;4.064780e-01;1.018954e+00;4.158446e-01;8.556229e-01;3.353032e-01;7.058285e-01;6.378027e-01;1.127039e+00;7.508053e-02;1.821631e-01;5.662300e+01;1.379561e+02;9.921893e+01;2.151885e+02;1.110408e+02;3.046230e+02;4.159236e+02;7.024131e+02;3.714897e-01;9.531645e-01;2.042376e+02;3.694875e+02;4.716026e-01;3.307045e+00;9.397712e+05;6.708974e+05;3.150165e+00;8.541708e+00;1.311526e+02;1.643371e+02;3.477928e-01;-5.999439e-01;1.603389e-01;3.409634e-01;8.250840e-01;1.059317e+00;7.038033e+00;2.720312e+01;4.190438e+00;5.467937e+00;4.136088e+00;1.278051e+01;6.114404e+00;7.183588e+00;1.094013e+01;8.028164e+00;5.328365e+00;-5.625246e-01;8.342048e+00;2.834170e-01;6.850831e+00;-9.964904e+00;6.625761e+00;-4.008926e+00;7.975986e+00;8.989005e-01;6.482191e+00;1.194548e+01;6.624443e+00;6.013784e+00;1.350534e+01;5.166856e+00;1.056187e+01;-9.980528e+00;2.751807e-03;1.185211e-04;2.524564e-06;2.220941e-07;1.873422e-05;6.279082e-07;1.963037e-05;-4.225685e-07;2.915058e-05;-5.906600e-07;3.240937e-04;-3.662218e-06;5.862584e-02;3.399990e-03;3.828852e-02;8.802064e-04;4.388934e-03;-4.071588e-04;1.810679e-03;2.190728e-04;3.411321e-03;-1.285968e-04;6.834013e-03;-8.282556e-04;1.534605e-02;-2.331971e-03;2.559368e-02;-9.984681e-04;4.319042e-02;-5.682209e-04;2.828853e-02;2.428778e-04;4.185119e-02;1.129586e-03;8.407070e-02;6.154588e-03;5.640983e-02;4.398970e-03;7.062533e-02;2.207635e-03;5.915659e-02;-3.369573e-04;5.817251e-02;1.247080e-04;1.070800e-01;2.462805e-03;5.329553e-02;2.965984e-03;7.314543e-02;8.131460e-03;1.182204e-01;5.621759e-03;9.135094e-02;3.026990e-03;1.027294e-01;1.817204e-03;7.974923e-02;6.427782e-04;6.623925e-02;-5.371993e-03;5.681150e-02;-2.322958e-03;7.247692e-02;-2.638333e-03;8.644197e-02;7.341443e-04;7.394198e-02;6.569788e-05;8.740572e-02;-4.376020e-04;7.090323e-02;-8.784867e-04;1.490367e-01;-2.116329e-03;2.470502e-02;7.516383e-04;1.103056e+01;1.291992e-01;1.456453e+01;1.162793e+00;1.980807e+01;2.497852e+00;6.570203e+01;7.795020e+00;8.569125e-02;-4.672260e-03;2.403447e+01;2.978667e+00;6.113034e-02;1.250709e-02;1.561114e+05;6.755768e+03;7.036103e-01;-5.763287e-02;2.884639e+01;-1.894538e+00;5.114881e-02;4.126566e-03;1.839525e-02;2.391359e-03;1.599621e-01;-5.760732e-03;1.024750e+00;-6.298921e-02;1.373817e+00;-7.669225e-02;1.076260e+00;-5.929069e-02;1.549053e+00;-8.259831e-02;1.784436e+00;-3.192437e-01;1.791323e+00;-3.456667e-02;2.212770e+00;8.441315e-02;1.959230e+00;-9.652646e-03;1.645239e+00;1.984258e-01;1.825913e+00;6.822499e-03;1.713898e+00;7.769371e-02;1.857126e+00;1.671212e-01;2.634389e+00;2.004560e-01;1.598562e+00;2.323216e-01
5.500000;2.009063e+01;8.652617e+01;2.020253e-02;7.486743e-01;1.449778e-01;1.352637e-01;1.523882e-01;1.194346e-01;1.577221e-01;1.914419e-01;2.143923e+00;6.360628e+00;3.109418e-01;2.066943e+00;1.875215e-01;1.069446e+00;1.556583e-02;8.817566e-02;1.444163e-02;4.447972e-02;1.723637e-02;1.207325e-01;2.382603e-02;2.430241e-01;6.155245e-02;3.692375e-01;1.474004e-01;5.733725e-01;2.288905e-01;6.767810e-01;1.480934e-01;8.542695e-01;2.217589e-01;9.723375e-01;3.593643e-01;1.062405e+00;1.774083e-01;1.001479e+00;2.500779e-01;1.042298e+00;2.517643e-01;1.245878e+00;2.334204e-01;1.248313e+00;4.962779e-01;1.375639e+00;2.262736e-01;1.197013e+00;3.523629e-01;1.523257e+00;5.588778e-01;1.686614e+00;4.963314e-01;1.624709e+00;3.943543e-01;1.506681e+00;3.846928e-01;1.630951e+00;2.299983e-01;1.453362e+00;2.555766e-01;1.416121e+00;2.737339e-01;1.325482e+00;5.027856e-01;1.209058e+00;4.372269e-01;9.626927e-01;4.230899e-01;8.107959e-01;3.185584e-01;6.731030e-01;8.982470e-01;1.234521e+00;1.645384e-01;3.167660e-01;7.496951e+01;1.775771e+02;1.414196e+02;3.524268e+02;3.552623e+02;5.943164e+02;6.310837e+02;1.275053e+03;1.538932e-01;6.447537e-01;2.119752e+02;5.788882e+02;4.775584e-01;3.897179e+00;8.429512e+05;9.227124e+05;2.042390e+00;5.597579e+00;4.749521e+01;6.865441e+01;1.408992e-01;-3.720730e-01;1.570890e-01;5.054370e-01;3.965686e-01;7.835209e-01;5.567746e+00;2.388961e+01;8.313873e+00;-1.955596e-01;4.373144e+00;1.094008e+01;5.937281e+00;1.721161e+00;1.070183e+01;-2.402522e+00;6.233931e+00;-1.972803e+00;9.640711e+00;2.447187e+00;7.202878e+00;-8.911319e+00;6.684648e+00;4.183959e+00;1.485770e+01;1.299683e+01;1.007514e+01;7.127169e+00;1.272523e+01;1.268897e+00;1.421691e+01;7.272594e+00;1.182427e+01;4.398007e+00;4.191279e-03;-1.201715e-04;2.464150e-06;-1.487088e-07;2.311474e-05;-6.889857e-07;2.571643e-05;1.621837e-06;2.685588e-05;7.778671e-07;3.165219e-04;-3.713002e-06;6.199446e-02;6.048298e-03;3.937270e-02;6.788447e-04;3.718104e-03;-2.011394e-04;2.212481e-03;1.933736e-04;3.129389e-03;-1.042830e-04;5.985243e-03;5.895592e-04;1.761006e-02;1.479296e-03;3.069789e-02;1.118505e-03;4.601308e-02;-1.575322e-04;3.779703e-02;1.321237e-04;4.082726e-02;2.448045e-03;8.734734e-02;4.804252e-03;4.890156e-02;4.053780e-03;6.443779e-02;1.674669e-03;6.378692e-02;5.394462e-04;6.086496e-02;-2.961873e-04;1.158596e-01;1.669559e-03;5.608758e-02;1.681198e-03;7.398187e-02;-1.418901e-03;1.273435e-01;-1.553474e-03;1.022725e-01;-2.735101e-03;8.080509e-02;4.750546e-03;7.264010e-02;5.270772e-04;4.990378e-02;2.480851e-04;4.282917e-02;1.676718e-03;7.004730e-02;5.312620e-06;8.539116e-02;-2.701218e-03;7.675281e-02;-1.086296e-03;8.467931e-02;-7.456060e-04;6.568465e-02;1.050400e-03;1.973927e-01;5.505614e-04;3.267676e-02;2.408762e-03;2.140633e+01;1.521680e+00;2.484465e+01;3.474023e+00;5.400721e+01;5.914453e+00;1.073063e+02;1.043643e+01;4.965344e-02;-2.356339e-03;3.062551e+01;4.455167e+00;7.170791e-02;1.370986e-02;1.623167e+05;3.114156e+03;3.813236e-01;-5.935562e-02;9.606836e+00;-1.298713e+00;3.147890e-02;1.941127e-03;2.189797e-02;3.775487e-03;9.942626e-02;4.374839e-03;1.025448e+00;-2.525225e-02;1.295522e+00;-1.589593e-01;1.100272e+00;-1.003792e-01;1.595788e+00;-1.322373e-01;1.422186e+00;-1.602926e-01;1.793665e+00;6.648998e-02;1.958935e+00;7.370601e-02;1.911005e+00;7.337760e-02;1.625211e+00;3.864869e-02;1.968261e+00;8.512794e-02;1.949807e+00;-2.231492e-01;1.754463e+00;-1.389555e-01;2.648810e+00;-6.192319e-02;1.703470e+00;2.528379e-01
6.000000;2.004615e+01;7.685423e+01;2.468930e-02;7.545500e-01;1.221166e-01;8.046192e-02;1.557487e-01;1.207909e-01;5.499021e-02;1.429522e-01;2.140856e+00;6.475716e+00;2.154080e-01;2.177741e+00;1.093182e-01;1.012915e+00;2.641083e-02;1.003702e-01;1.276669e-02;3.547493e-02;3.089696e-02;1.406537e-01;7.643039e-02;2.917670e-01;1.143494e-01;4.530746e-01;1.393443e-01;5.448952e-01;1.455795e-01;6.069733e-01;2.133759e-01;7.714772e-01;2.099910e-01;9.779592e-01;1.609482e-01;1.010807e+00;1.142537e-01;1.007152e+00;1.612773e-01;1.024370e+00;2.673512e-01;1.193690e+00;2.095068e-01;1.216135e+00;1.920333e-01;1.205577e+00;3.895198e-01;1.402333e+00;3.633902e-01;1.408102e+00;3.475934e-01;1.461217e+00;3.604886e-01;1.460890e+00;2.443967e-01;1.448557e+00;2.522594e-01;1.477743e+00;2.744842e-01;1.435111e+00;2.405950e-01;1.371778e+00;2.454246e-01;1.226828e+00;3.110650e-01;1.011099e+00;3.104539e-01;8.541022e-01;2.988553e-01;7.370632e-01;2.076912e-01;5.964391e-01;8.991222e-01;9.985660e-01;1.610329e-01;3.322541e-01;7.774199e+01;1.461387e+02;1.673444e+02;3.029004e+02;3.804633e+02;5.727832e+02;6.376851e+02;1.184470e+03;2.922887e-01;7.903798e-01;2.078388e+02;5.033587e+02;5.558136e-01;3.782879e+00;2.509729e+05;5.133968e+05;2.407014e+00;5.750141e+00;4.809512e+01;7.400563e+01;3.001015e-01;-5.045298e-01;1.592869e-01;4.420946e-01;4.532840e-01;7.984420e-01;2.624676e+00;2.487983e+01;6.054048e+00;-3.781675e+00;5.106685e+00;1.118910e+01;6.666631e+00;3.896591e+00;7.373881e+00;-3.214398e+00;8.256240e+00;3.062953e+00;7.756437e+00;1.152364e+01;1.033447e+01;9.664004e-01;7.568976e+00;4.136334e+00;1.563710e+01;1.117399e+01;1.309938e+01;-5.081694e+00;9.458735e+00;-8.346052e+00;8.006905e+00;7.086123e+00;6.168713e+00;1.062555e+01;3.392085e-03;-1.092740e-04;2.632755e-06;-2.039941e-07;1.902852e-05;-7.399587e-07;2.336365e-05;1.535129e-07;1.132932e-05;6.727961e-07;3.225947e-04;-5.291976e-06;4.926914e-02;5.497813e-03;2.584401e-02;2.019187e-03;6.347690e-03;1.026510e-03;1.658806e-03;-1.919879e-04;7.338956e-03;5.876079e-04;2.208505e-02;1.015303e-03;2.897597e-02;1.897975e-03;2.284346e-02;8.857981e-04;2.952204e-02;2.388009e-04;4.543880e-02;5.965136e-03;4.378802e-02;1.950091e-03;4.135630e-02;-3.333999e-03;2.776215e-02;-1.394159e-03;3.793196e-02;3.984418e-03;4.727719e-02;7.356836e-04;4.084922e-02;-1.480726e-03;6.836264e-02;-3.983083e-03;8.673506e-02;5.440668e-03;5.819334e-02;-1.028265e-03;6.584739e-02;1.071692e-03;7.813405e-02;-1.982953e-04;6.135859e-02;5.040312e-03;5.409728e-02;6.154230e-03;6.935871e-02;5.950739e-03;5.892922e-02;5.383753e-03;6.196888e-02;3.980831e-03;7.151768e-02;2.503442e-03;7.059890e-02;3.881101e-03;7.026303e-02;3.888589e-03;4.934775e-02;3.361225e-03;1.676051e-01;3.256207e-03;2.885471e-02;2.369806e-03;2.017082e+01;-6.890625e-01;2.566971e+01;-1.693945e+00;6.460547e+01;-2.942871e+00;1.063151e+02;-6.747070e+00;7.305568e-02;1.074309e-02;2.789568e+01;-2.713429e+00;1.073744e-01;-1.121859e-02;5.007866e+04;-3.879456e+03;5.117499e-01;4.765003e-02;1.191387e+01;1.249647e+00;7.539574e-02;-1.177974e-02;2.129352e-02;-2.371435e-03;1.349748e-01;9.221382e-03;7.040253e-01;2.476087e-02;1.161960e+00;5.335872e-03;1.042022e+00;6.789632e-02;1.514526e+00;6.905471e-02;1.224800e+00;8.645687e-02;1.814362e+00;1.004234e-01;1.748919e+00;-4.534192e-03;1.522649e+00;2.233402e-01;2.040259e+00;-1.087409e-02;1.945584e+00;4.547501e-02;2.301488e+00;-1.481283e-01;1.585707e+00;-2.570827e-01;1.740199e+00;-3.264685e-01;1.989052e+00;-8.805466e-02
6.500000;3.607384e+01;7.990820e+01;2.061460e-02;7.648652e-01;1.304012e-01;9.531783e-02;1.522616e-01;1.448049e-01;9.645921e-02;1.442807e-01;2.276149e+00;7.133162e+00;3.104027e-01;2.208687e+00;1.416293e-01;1.009151e+00;3.701746e-02;1.340284e-01;5.881404e-03;2.257873e-02;4.466859e-02;1.454726e-01;7.908470e-02;3.228822e-01;1.008161e-01;4.988380e-01;7.529739e-02;5.703491e-01;1.400058e-01;6.763480e-01;1.865365e-01;7.102309e-01;1.065124e-01;8.270116e-01;1.487514e-01;8.911355e-01;1.352712e-01;9.607026e-01;1.894149e-01;1.059443e+00;2.094688e-01;1.050321e+00;2.452725e-01;1.132434e+00;2.851984e-01;1.249720e+00;4.632822e-01;1.492925e+00;2.390084e-01;1.266965e+00;2.656897e-01;1.332862e+00;2.426268e-01;1.363064e+00;3.704165e-01;1.576603e+00;3.583848e-01;1.500930e+00;3.437600e-01;1.508399e+00;2.645732e-01;1.361790e+00;2.985643e-01;1.241866e+00;3.273398e-01;1.106282e+00;3.114990e-01;9.626834e-01;2.985720e-01;7.969344e-01;2.124687e-01;6.317338e-01;3.360471e-01;8.074828e-01;1.893029e-01;3.126686e-01;4.640415e+01;1.152744e+02;6.642348e+01;1.648008e+02;1.501170e+02;2.839512e+02;3.355473e+02;6.709746e+02;4.758512e-01;1.132677e+00;1.001595e+02;3.231210e+02;5.061410e-01;3.106744e+00;1.565385e+05;3.495217e+05;4.517004e+00;8.493683e+00;1.907054e+02;1.609792e+02;5.834641e-01;-9.299437e-01;8.367375e-02;2.950376e-01;8.919147e-01;1.285255e+00;2.642411e+00;2.554668e+01;4.945025e+00;-4.268286e-01;7.003434e+00;1.595525e+01;5.866089e+00;9.686711e+00;5.020685e+00;3.045558e+00;6.939823e+00;6.307004e+00;8.925138e+00;7.591853e+00;6.562490e+00;5.538990e+00;6.919936e+00;-7.452533e-01;8.440624e+00;-4.436698e+00;9.333714e+00;-7.646165e+00;5.747433e+00;-9.490791e+00;9.965808e+00;-6.836637e-01;9.451272e+00;2.600778e+00;3.795879e-03;6.693319e-05;2.864365e-06;2.950701e-07;1.480409e-05;-1.214491e-06;2.068733e-05;-9.673005e-07;1.765316e-05;-1.503214e-08;3.574560e-04;1.575718e-05;6.145742e-02;-5.536046e-03;3.132783e-02;-2.187768e-03;1.099367e-02;9.170391e-04;1.084246e-03;-2.663139e-04;1.167974e-02;7.443659e-04;2.280596e-02;-1.151228e-04;2.846330e-02;-7.387169e-04;1.597441e-02;-1.792105e-03;3.136261e-02;-2.118646e-03;3.981816e-02;-3.955889e-03;3.332191e-02;-3.322091e-03;2.856083e-02;-4.336319e-03;3.146886e-02;-5.414976e-03;4.065007e-02;-6.332932e-04;4.007100e-02;2.874581e-05;6.486306e-02;-1.621700e-03;8.495794e-02;-3.251861e-03;1.206061e-01;-5.354739e-03;5.379318e-02;5.745247e-04;5.867856e-02;-2.554293e-03;6.949504e-02;3.152213e-03;8.595584e-02;-7.949699e-03;6.786288e-02;-6.519705e-03;7.783803e-02;-5.227454e-03;6.665829e-02;-5.714148e-03;9.983255e-02;-2.265726e-03;8.240903e-02;1.077180e-03;7.334855e-02;1.695327e-03;7.199988e-02;-1.674676e-04;5.129088e-02;-1.100373e-03;9.475370e-02;-1.866596e-03;4.320246e-02;-2.238667e-03;1.020111e+01;-1.521680e+00;1.561075e+01;-3.775488e+00;4.735386e+01;-6.617871e+00;1.039118e+02;-1.250361e+01;1.472070e-01;5.754190e-03;2.713717e+01;-5.238308e+00;1.188847e-01;-2.152895e-02;4.139771e+04;-3.732230e+03;1.066161e+00;1.460187e-01;4.550752e+01;5.639414e+00;1.920404e-01;-1.155879e-02;2.199916e-02;-4.539723e-03;1.985090e-01;-5.615202e-03;7.445279e-01;8.360041e-03;1.218033e+00;1.588955e-01;1.100924e+00;1.839762e-01;1.576945e+00;3.203697e-01;1.307518e+00;1.415616e-01;2.098886e+00;1.047732e-01;1.652490e+00;6.869067e-02;1.837724e+00;-8.373352e-02;2.124952e+00;4.089013e-02;1.876050e+00;-1.912641e-01;2.295121e+00;3.008413e-02;2.016109e+00;-7.701652e-02;1.659923e+00;-5.444819e-03;1.905929e+00;-7.086773e-02
7.000000;3.298549e+01;8.928511e+01;2.480097e-02;7.733660e-01;1.260735e-01;1.037703e-01;1.281831e-01;1.062472e-01;9.649293e-02;1.338155e-01;2.784681e+00;8.138253e+00;3.430007e-01;2.086869e+00;1.355995e-01;9.984517e-01;3.098756e-02;1.426646e-01;5.278208e-03;2.132401e-02;3.900561e-02;1.333636e-01;5.602774e-02;2.902344e-01;9.497203e-02;4.481592e-01;9.973034e-02;5.988781e-01;1.438125e-01;6.882933e-01;1.400902e-01;7.274794e-01;1.754051e-01;8.397062e-01;2.024990e-01;8.914446e-01;2.195015e-01;9.285145e-01;2.237708e-01;1.058398e+00;2.096107e-01;1.056755e+00;2.777772e-01;1.217085e+00;3.133787e-01;1.189788e+00;3.822832e-01;1.265496e+00;2.328222e-01;1.454172e+00;3.097853e-01;1.390610e+00;2.589979e-01;1.415088e+00;4.318277e-01;1.562333e+00;3.866784e-01;1.482542e+00;4.050400e-01;1.483926e+00;2.395678e-01;1.290158e+00;2.760430e-01;1.223793e+00;2.138226e-01;1.088996e+00;1.748281e-01;9.193727e-01;1.549593e-01;7.258974e-01;1.317232e-01;5.892586e-01;4.066878e-01;9.113213e-01;1.885506e-01;3.029731e-01;3.737360e+01;1.236006e+02;3.390414e+01;1.635088e+02;8.470019e+01;2.334199e+02;4.089918e+02;5.327314e+02;4.977238e-01;1.157333e+00;9.072365e+01;2.845468e+02;3.609011e-01;2.860460e+00;1.514267e+05;2.613317e+05;4.619459e+00;8.655187e+00;1.963564e+02;1.747646e+02;5.265736e-01;-1.026339e+00;7.225768e-02;2.623052e-01;8.684080e-01;1.502077e+00;2.891665e+00;2.705111e+01;3.774152e+00;4.308999e-01;4.661177e+00;2.285663e+01;6.947010e+00;1.383230e+01;5.142795e+00;2.209447e+00;5.948046e+00;6.953324e+00;8.975908e+00;6.779256e+00;8.985727e+00;-3.184555e+00;6.743604e+00;-2.535332e+00;8.683458e+00;-7.531239e+00;9.068508e+00;-3.597150e+00;7.920943e+00;-1.226698e+01;6.116023e+00;-5.739491e+00;1.265848e+01;6.279532e+00;3.745589e-03;1.081020e-04;2.725534e-06;2.729547e-07;1.505020e-05;-1.408473e-06;1.867660e-05;-7.864285e-08;1.741106e-05;-2.206871e-07;3.463266e-04;2.163998e-05;5.483125e-02;-6.046886e-03;2.857673e-02;-1.505458e-03;1.006013e-02;-1.004071e-03;1.004567e-03;9.158478e-05;9.910186e-03;-7.817833e-04;9.092174e-03;-1.651737e-03;1.791419e-02;-2.414866e-03;2.084978e-02;-9.550509e-04;3.313493e-02;-4.746672e-04;2.837100e-02;-6.142390e-03;5.099961e-02;-6.624320e-04;4.754992e-02;3.383608e-03;4.659868e-02;-1.157658e-03;5.397261e-02;-6.820546e-03;5.196594e-02;-6.646188e-03;7.620755e-02;6.658924e-04;8.691864e-02;8.623732e-04;9.555645e-02;-6.551150e-03;6.840280e-02;5.003820e-05;8.607069e-02;-4.776302e-04;7.265244e-02;-2.329332e-03;1.083947e-01;-5.133820e-03;7.278926e-02;3.540204e-04;8.703808e-02;4.684786e-03;6.244075e-02;9.566628e-05;9.788869e-02;5.008146e-04;6.457120e-02;-1.144154e-03;4.981012e-02;-3.008330e-03;4.201570e-02;-1.072148e-03;3.544228e-02;-2.315199e-03;9.569269e-02;-5.852175e-03;4.425984e-02;-1.721998e-03;8.692067e+00;4.019531e-01;7.821873e+00;6.603516e-01;2.777973e+01;2.756250e+00;1.036191e+02;1.504453e+01;1.499034e-01;-1.090895e-02;2.235298e+01;2.622933e+00;8.964543e-02;9.435934e-03;4.156777e+04;2.505783e+03;1.136436e+00;-7.277670e-02;5.100982e+01;-1.567248e+00;1.863682e-01;1.144131e-02;1.680829e-02;1.987134e-03;1.893810e-01;-1.068274e-02;7.849632e-01;-2.702045e-02;9.545344e-01;-1.982075e-02;1.376031e+00;6.465545e-02;1.613312e+00;-3.943453e-02;1.462201e+00;-5.316155e-02;2.041008e+00;-5.676743e-02;1.829028e+00;4.239400e-02;2.299095e+00;-1.780370e-02;1.908651e+00;-1.231840e-01;2.070922e+00;-1.582883e-01;3.131706e+00;-1.408564e-02;2.396198e+00;-1.393185e-01;1.307318e+00;2.080487e-01;1.720708e+00;3.335880e-01
7.500000;4.239479e+00;8.205241e+01;2.295474e-02;7.758186e-01;7.783014e-02;5.495263e-02;4.755013e-02;3.964595e-02;6.395947e-02;1.295156e-01;2.485561e+00;8.025176e+00;2.025870e-01;1.831294e+00;1.218272e-01;9.859331e-01;3.438461e-02;1.007161e-01;2.119194e-02;3.515999e-02;1.851302e-02;1.197714e-01;5.250717e-02;2.553492e-01;9.530625e-02;4.093281e-01;1.264318e-01;5.969884e-01;9.235642e-02;6.554964e-01;1.036356e-01;7.057033e-01;1.982688e-01;8.129911e-01;2.166099e-01;9.177409e-01;2.252617e-01;9.748465e-01;2.039041e-01;1.007538e+00;1.897543e-01;1.082661e+00;2.191753e-01;1.164086e+00;2.841159e-01;1.218821e+00;1.490514e-01;1.163078e+00;3.676537e-01;1.334707e+00;2.942878e-01;1.354833e+00;2.952861e-01;1.423765e+00;4.405445e-01;1.416924e+00;3.372949e-01;1.439654e+00;3.993945e-01;1.442797e+00;3.383056e-01;1.431072e+00;3.602279e-01;1.265079e+00;2.845675e-01;1.120036e+00;2.678613e-01;9.373281e-01;2.609580e-01;7.624342e-01;2.038749e-01;6.212343e-01;4.447111e-01;7.362708e-01;9.901686e-02;2.082696e-01;3.256224e+01;1.302041e+02;6.464745e+01;2.124609e+02;3.641600e+02;4.391338e+02;8.688859e+02;1.000433e+03;3.797267e-01;7.923617e-01;2.604417e+02;4.340425e+02;6.086066e-01;3.372003e+00;9.964953e+05;689235;2.812049e+00;6.455365e+00;8.781491e+01;9.700632e+01;3.636546e-01;-5.361979e-01;1.792826e-01;3.722201e-01;6.303974e-01;8.211656e-01;6.351562e+00;2.389211e+01;3.857073e+00;2.184376e+00;6.083990e+00;2.049519e+01;6.131371e+00;1.294239e+01;5.676535e+00;1.522950e+00;6.449233e+00;5.102640e+00;9.378689e+00;8.423129e+00;8.585100e+00;-9.174136e+00;7.448498e+00;-6.434651e+00;7.220134e+00;-6.826550e+00;1.016824e+01;-6.694770e+00;8.876681e+00;-1.201472e+01;9.022063e+00;3.469434e+00;7.906297e+00;1.498487e+01;5.693444e-04;-1.196680e-04;2.125028e-06;-1.658197e-07;8.991887e-06;1.375732e-06;5.764454e-06;6.586983e-07;1.006578e-05;-1.061685e-07;2.516821e-04;-1.457692e-05;3.936184e-02;-5.064087e-04;2.546273e-02;1.103339e-03;4.457526e-03;-5.785096e-04;3.017720e-03;7.004282e-05;3.447490e-03;-4.228528e-04;1.109314e-02;1.045597e-03;1.480904e-02;1.763813e-03;2.475091e-02;1.641701e-03;2.486107e-02;4.219944e-03;2.585826e-02;3.915652e-03;5.888233e-02;5.180447e-04;6.399956e-02;-1.987955e-03;5.336025e-02;2.766955e-03;5.226785e-02;2.707801e-03;5.435136e-02;3.578441e-03;5.499141e-02;6.337399e-04;7.713129e-02;-9.111001e-04;4.608805e-02;5.811470e-03;7.424229e-02;-3.568711e-03;8.175414e-02;-2.105649e-04;8.452352e-02;1.303440e-03;1.179686e-01;4.231302e-03;8.160937e-02;3.678288e-03;9.592643e-02;4.390746e-03;7.949641e-02;1.935676e-03;8.135984e-02;-1.882350e-03;7.367258e-02;-1.513071e-03;7.246152e-02;-3.083347e-03;6.266396e-02;-4.209464e-04;5.041698e-02;-1.454920e-03;7.917649e-02;1.039394e-02;2.476534e-02;-2.331603e-04;7.270885e+00;9.043945e-01;1.314211e+01;1.449902e+00;1.019156e+02;1.507324e+00;1.467402e+02;1.263281e+00;8.826818e-02;7.941846e-04;4.808146e+01;1.311248e+00;8.371946e-02;6.295437e-03;2.334333e+05;2.227561e+02;6.493635e-01;-5.848573e-02;2.578190e+01;-3.045760e+00;5.856381e-02;8.495530e-03;3.140571e-02;1.424057e-03;1.070388e-01;7.981645e-03;1.007698e+00;2.134087e-02;1.073804e+00;4.937954e-03;1.667217e+00;-2.747531e-02;1.440078e+00;-1.743382e-01;1.471586e+00;2.061553e-02;1.524449e+00;-1.095749e-01;1.948812e+00;-3.190720e-01;2.152629e+00;-1.850598e-01;2.057460e+00;-1.745450e-01;2.036295e+00;3.140998e-02;3.379440e+00;-4.818716e-03;2.423874e+00;5.926921e-02;1.571109e+00;7.302913e-02;1.840874e+00;-8.234715e-02
8.000000;9.263570e+00;7.828934e+01;2.499151e-02;7.737731e-01;1.305064e-01;6.712318e-02;1.570733e-01;7.805560e-02;8.486342e-02;1.348626e-01;2.844854e+00;8.293940e+00;2.033030e-01;1.678444e+00;1.207901e-01;9.935498e-01;1.709465e-02;7.792922e-02;2.087681e-02;3.621189e-02;1.504043e-02;1.213901e-01;6.273804e-02;2.666056e-01;9.433826e-02;4.042820e-01;1.054111e-01;5.595800e-01;9.821353e-02;6.616985e-01;8.879387e-02;7.540074e-01;1.485736e-01;8.052956e-01;2.030862e-01;8.554326e-01;1.748238e-01;1.015381e+00;1.665854e-01;1.033307e+00;2.499835e-01;1.181703e+00;2.216141e-01;1.106396e+00;4.266253e-01;1.213908e+00;2.607418e-01;1.301515e+00;3.231645e-01;1.183276e+00;2.699521e-01;1.333404e+00;3.474628e-01;1.506578e+00;3.659557e-01;1.380868e+00;3.196243e-01;1.490239e+00;3.161772e-01;1.482603e+00;3.218988e-01;1.461781e+00;4.128080e-01;1.279155e+00;3.046894e-01;1.110822e+00;3.203424e-01;9.327974e-01;2.619124e-01;7.625102e-01;2.140061e-01;6.277592e-01;3.717744e-01;6.383879e-01;9.385460e-02;1.599569e-01;2.711018e+01;1.498711e+02;5.019798e+01;2.347119e+02;3.496757e+02;4.666963e+02;8.115110e+02;1.066037e+03;2.724633e-01;6.005134e-01;2.430066e+02;4.680585e+02;5.350170e-01;3.469020e+00;9.863568e+05;7.513644e+05;4.038135e+00;7.042508e+00;1.528216e+02;1.218146e+02;1.478111e-01;-3.004684e-01;1.602028e-01;4.043871e-01;2.357913e-01;5.956442e-01;5.902949e+00;2.254517e+01;4.938293e+00;3.487324e+00;5.246559e+00;1.876652e+01;4.528085e+00;9.467564e+00;7.564404e+00;6.431031e+00;6.638214e+00;3.889760e+00;1.153656e+01;-2.455378e+00;8.517178e+00;-1.073802e+01;7.300013e+00;-9.135027e+00;5.832277e+00;-4.271570e+00;7.705360e+00;-8.162081e+00;6.829237e+00;-1.029960e+01;6.786688e+00;7.839995e+00;8.828592e+00;8.519963e+00;7.576002e-04;-3.481207e-05;2.183620e-06;-1.888079e-07;1.860583e-05;1.459385e-06;2.078268e-05;1.341541e-06;1.111684e-05;1.303745e-06;2.820831e-04;-1.701232e-05;4.891654e-02;-9.505587e-04;3.240544e-02;6.493469e-04;3.286733e-03;1.261603e-04;3.188844e-03;4.031225e-06;2.767355e-03;-3.318927e-05;1.111307e-02;7.589743e-04;1.316388e-02;1.638777e-03;2.226929e-02;6.286110e-04;2.341866e-02;7.465294e-04;2.997917e-02;2.612521e-03;5.049309e-02;6.893534e-04;6.150918e-02;-1.874849e-03;5.866648e-02;2.808426e-04;4.880470e-02;1.895519e-03;7.604492e-02;3.941413e-03;6.306137e-02;7.671997e-05;1.156142e-01;-9.361618e-04;8.828672e-02;2.065559e-03;7.756627e-02;-2.134284e-03;6.793342e-02;-3.763337e-03;9.870382e-02;-1.138749e-03;9.507141e-02;1.168653e-03;9.740427e-02;-1.920007e-03;8.883392e-02;-9.100649e-03;8.418839e-02;-2.246429e-03;1.028534e-01;3.475186e-03;8.136655e-02;3.672840e-03;9.124091e-02;6.983095e-03;7.027744e-02;4.416897e-03;5.756583e-02;4.979174e-03;6.329469e-02;2.260609e-03;2.196285e-02;-1.261028e-03;7.574724e+00;8.469726e-01;1.571212e+01;2.727539e-01;1.026281e+02;-1.937988e+00;1.593423e+02;-1.333623e+01;7.793087e-02;2.345753e-03;5.147853e+01;-1.117424e+00;9.587291e-02;-6.009016e-03;2.411213e+05;1.251047e+03;7.227114e-01;4.691367e-02;3.058280e+01;6.648000e-01;2.942751e-02;-1.693698e-03;3.446968e-02;-5.867499e-04;4.761572e-02;3.086780e-03;1.074734e+00;-2.390589e-02;1.387048e+00;1.250276e-01;1.691676e+00;-8.737911e-02;1.453224e+00;4.750849e-02;1.675435e+00;7.658308e-02;2.026117e+00;-4.244795e-02;2.486685e+00;-1.995137e-01;2.246297e+00;-1.632912e-01;2.440240e+00;8.077864e-02;1.929973e+00;7.702116e-02;2.566940e+00;-3.761323e-02;2.293008e+00;7.159775e-02;2.252208e+00;-2.101225e-01;1.889862e+00;-2.912519e-01
8.500000;8.611416e+00;7.874687e+01;2.334842e-02;7.780244e-01;1.325631e-01;1.066434e-01;2.449007e-01;1.637865e-01;1.162035e-01;1.895489e-01;3.140573e+00;7.896713e+00;2.025431e-01;1.707246e+00;1.462940e-01;1.025005e+00;2.908102e-02;1.074380e-01;7.357357e-03;2.413958e-02;3.369766e-02;1.485905e-01;4.325727e-02;2.889608e-01;8.620834e-02;4.394832e-01;9.589058e-02;5.639803e-01;1.162049e-01;6.792269e-01;8.902270e-02;7.876819e-01;1.442163e-01;8.789710e-01;2.448167e-01;9.230850e-01;1.946823e-01;9.413112e-01;1.608830e-01;1.012667e+00;2.608212e-01;1.201014e+00;2.231634e-01;1.198489e+00;5.514389e-01;1.313333e+00;2.647748e-01;1.391030e+00;2.505920e-01;1.320716e+00;2.277836e-01;1.379925e+00;2.998848e-01;1.507915e+00;3.170477e-01;1.462776e+00;3.794073e-01;1.544359e+00;3.189828e-01;1.519334e+00;3.355624e-01;1.421979e+00;4.424422e-01;1.283241e+00;3.298162e-01;1.085497e+00;3.549775e-01;9.422507e-01;3.035964e-01;7.818630e-01;2.392123e-01;6.324457e-01;3.616068e-01;7.516229e-01;6.534030e-02;1.539913e-01;3.782986e+01;1.197246e+02;5.622581e+01;1.599199e+02;7.238503e+01;2.430381e+02;3.163378e+02;4.916748e+02;3.350098e-01;7.972088e-01;9.321821e+01;2.813821e+02;3.041981e-01;2.998161e+00;2.485019e+05;3.039568e+05;3.633963e+00;9.157896e+00;1.490109e+02;1.756224e+02;2.984613e-01;-5.936894e-01;7.548381e-02;2.626720e-01;2.486265e-01;6.050130e-01;4.469853e+00;2.466426e+01;5.090347e+00;5.456321e+00;5.149335e+00;2.225216e+01;6.586465e+00;1.416086e+01;5.164665e+00;1.020915e+01;6.304243e+00;3.159427e+00;8.972280e+00;-6.265656e+00;9.984018e+00;-5.346169e+00;8.240954e+00;-4.433207e+00;8.469275e+00;8.716087e-01;5.665251e+00;-7.757865e+00;6.435578e+00;-1.182025e+01;6.611863e+00;6.061640e+00;5.224149e+00;4.445086e+00;5.820459e-04;1.183125e-04;2.063828e-06;2.035670e-07;1.869304e-05;-1.294761e-06;2.453577e-05;-6.473188e-07;1.565392e-05;2.477518e-07;3.169475e-04;1.715305e-05;4.873140e-02;3.947132e-03;3.435004e-02;3.256112e-03;5.193899e-03;-1.557284e-05;1.709408e-03;9.423028e-05;8.182808e-03;-2.478086e-04;9.392160e-03;-7.909111e-04;1.501735e-02;-2.024415e-03;1.984340e-02;-1.541073e-03;2.424870e-02;-2.741452e-03;3.024178e-02;-1.410592e-03;5.769884e-02;1.512843e-03;6.773973e-02;1.094191e-02;6.109226e-02;7.961459e-03;4.362317e-02;-1.249090e-03;8.466803e-02;-3.225353e-03;7.047511e-02;3.041544e-03;1.366608e-01;1.902672e-02;9.051896e-02;1.749188e-04;7.372936e-02;3.558939e-03;6.416959e-02;4.398683e-03;9.554449e-02;1.456102e-03;8.118977e-02;9.840837e-03;1.022713e-01;1.197697e-02;9.730500e-02;-1.398464e-03;8.701333e-02;4.592257e-03;9.559327e-02;6.471781e-03;7.041804e-02;2.975346e-03;8.069989e-02;4.311636e-03;6.003090e-02;3.854074e-03;4.690301e-02;3.192077e-03;6.345756e-02;-1.024777e-02;1.937011e-02;1.712793e-03;7.337807e+00;-7.895508e-01;1.312486e+01;-1.004883e+00;1.766581e+01;-3.875977e-01;9.209435e+01;3.718066e+00;1.060359e-01;-4.010303e-03;2.484741e+01;5.444701e-01;8.156631e-02;3.229059e-03;7.260149e+04;2.824020e+03;8.231587e-01;-4.539621e-02;3.519187e+01;-1.851764e+00;6.031062e-02;6.069766e-04;1.965622e-02;1.096499e-04;5.956000e-02;-2.392208e-03;8.371682e-01;-6.660265e-02;1.291119e+00;-6.490997e-02;1.666104e+00;-4.571045e-02;1.579230e+00;6.353991e-02;1.916707e+00;-1.519493e-02;2.006455e+00;1.002022e-01;2.711751e+00;1.223950e-01;2.414810e+00;3.241581e-01;2.457587e+00;1.743825e-01;2.373322e+00;-1.909676e-01;1.838008e+00;-1.661923e-01;2.372177e+00;1.239793e-01;2.484011e+00;5.914499e-02;1.665240e+00;6.435803e-02
9.000000;6.791241e+00;7.971584e+01;2.010981e-02;7.816668e-01;1.883859e-01;1.358184e-01;2.393240e-01;1.785755e-01;2.061942e-01;2.618269e-01;3.199174e+00;7.816141e+00;1.948906e-01;1.748890e+00;1.422347e-01;1.011056e+00;2.541095e-02;1.176196e-01;6.559916e-03;2.421643e-02;4.041549e-02;1.450859e-01;2.441207e-02;2.852661e-01;6.429455e-02;4.419355e-01;8.538221e-02;5.529640e-01;1.173005e-01;6.934690e-01;9.077661e-02;7.928779e-01;1.468654e-01;8.526509e-01;2.619182e-01;9.492815e-01;3.007457e-01;9.738916e-01;2.280028e-01;1.089813e+00;2.654863e-01;1.124370e+00;2.301624e-01;1.172696e+00;5.086604e-01;1.306195e+00;2.592167e-01;1.315573e+00;2.255670e-01;1.359999e+00;1.936119e-01;1.308680e+00;2.102067e-01;1.333473e+00;3.573314e-01;1.455756e+00;3.934397e-01;1.464075e+00;3.486827e-01;1.474731e+00;3.242774e-01;1.387385e+00;3.846280e-01;1.294807e+00;2.931629e-01;1.110220e+00;3.082368e-01;9.493919e-01;2.878227e-01;8.045145e-01;2.160890e-01;6.483606e-01;2.956595e-01;6.753232e-01;8.155100e-02;1.684959e-01;2.457219e+01;1.003447e+02;3.203908e+01;1.339365e+02;4.465543e+01;2.144707e+02;2.431049e+02;4.415742e+02;4.242174e-01;9.382023e-01;7.799496e+01;2.578792e+02;2.883301e-01;2.946814e+00;1.955092e+05;322277;4.739824e+00;1.117201e+01;2.108361e+02;2.394375e+02;3.077433e-01;-6.906909e-01;6.297341e-02;2.392412e-01;2.205014e-01;5.675539e-01;3.808817e+00;2.384490e+01;5.296285e+00;7.224312e+00;5.632256e+00;2.095561e+01;5.252797e+00;1.646896e+01;5.035464e+00;1.170230e+01;5.301829e+00;2.770602e+00;6.818000e+00;-3.859305e+00;8.080084e+00;6.280240e-01;7.262767e+00;-4.680969e+00;9.208967e+00;1.463167e+00;7.216550e+00;-4.432454e+00;6.873796e+00;-1.145970e+01;7.034015e+00;2.435556e+00;4.980785e+00;4.442200e+00;6.764698e-04;2.633949e-05;2.074073e-06;1.277400e-07;1.178949e-05;-3.285644e-06;1.582320e-05;-1.743102e-06;1.964333e-05;-1.299457e-06;2.963394e-04;7.918267e-06;3.694803e-02;-3.960457e-03;2.579234e-02;-2.484486e-03;7.542630e-03;2.472344e-04;1.356124e-03;-2.154195e-04;1.015229e-02;4.969435e-04;8.778631e-03;8.188853e-05;1.488336e-02;-1.878808e-04;1.781787e-02;6.983546e-06;2.700608e-02;-1.012312e-03;2.778502e-02;-2.140835e-03;5.458547e-02;-2.063813e-03;6.595849e-02;6.430956e-05;8.049443e-02;-4.177112e-04;6.088216e-02;2.915035e-05;8.074736e-02;-4.573579e-03;7.178212e-02;-3.611583e-03;1.186628e-01;-1.226455e-03;7.680757e-02;1.632150e-03;6.614750e-02;1.153452e-03;5.574831e-02;-2.392196e-03;6.733149e-02;-8.897163e-04;8.874498e-02;-6.857874e-04;9.570599e-02;-1.789907e-03;1.028357e-01;6.362248e-04;8.231498e-02;-2.867773e-03;6.319873e-02;-1.038510e-02;5.609097e-02;-7.786800e-03;5.203913e-02;-1.134116e-02;4.405401e-02;-8.723306e-03;3.110424e-02;-6.601798e-03;5.986703e-02;-2.342781e-03;2.263278e-02;-6.564826e-04;8.678163e+00;-9.474609e-01;1.112684e+01;-1.047949e+00;1.638034e+01;-8.613281e-01;7.281705e+01;-3.301758e+00;1.239936e-01;2.714746e-03;2.164801e+01;-2.274864e+00;8.395677e-02;-5.386063e-03;5.197198e+04;-7.082000e+03;1.217582e+00;5.265241e-02;6.074869e+01;2.964252e+00;9.871985e-02;-2.096934e-03;1.851046e-02;-1.921757e-03;8.227494e-02;-1.415235e-03;6.424178e-01;1.131687e-01;1.211382e+00;-4.887149e-02;1.687308e+00;1.050016e-01;1.706814e+00;1.726693e-02;1.773904e+00;9.059151e-02;1.638451e+00;8.406781e-02;2.306675e+00;3.155370e-02;2.564880e+00;2.263892e-01;2.332929e+00;-1.157506e-01;2.671353e+00;-2.466046e-02;2.080317e+00;1.579348e-01;2.499636e+00;1.201660e-01;2.175081e+00;-6.891301e-02;1.521163e+00;6.458499e-02
9.500000;6.581810e+00;7.930547e+01;1.988382e-02;7.769139e-01;1.859219e-01;8.828594e-02;1.531735e-01;9.638827e-02;2.067860e-01;2.156666e-01;2.615559e+00;8.573439e+00;1.987722e-01;1.693582e+00;1.289397e-01;1.024845e+00;1.986924e-02;1.012264e-01;6.380354e-03;2.424036e-02;2.186519e-02;1.275834e-01;2.277733e-02;2.592463e-01;5.129586e-02;3.920970e-01;4.842828e-02;5.333250e-01;1.382779e-01;6.756297e-01;1.087094e-01;7.844986e-01;1.613516e-01;8.430579e-01;2.720754e-01;9.397648e-01;3.737409e-01;1.081015e+00;2.499169e-01;1.166950e+00;2.442659e-01;1.144326e+00;2.209211e-01;1.179447e+00;3.284132e-01;1.133545e+00;3.482801e-01;1.366747e+00;2.418411e-01;1.411567e+00;4.670968e-01;1.441343e+00;6.334763e-01;1.501483e+00;3.427527e-01;1.485885e+00;3.763051e-01;1.509878e+00;3.625170e-01;1.498831e+00;3.371085e-01;1.413780e+00;3.424025e-01;1.335134e+00;1.878493e-01;1.128226e+00;2.284955e-01;9.569728e-01;1.625648e-01;7.447961e-01;9.413797e-02;5.908414e-01;1.536288e-01;4.764446e-01;1.023504e-01;1.839597e-01;2.329659e+01;9.933984e+01;3.125934e+01;1.332188e+02;4.712356e+01;2.207871e+02;3.104838e+02;5.989102e+02;4.106988e-01;8.527448e-01;8.512770e+01;2.878637e+02;3.033098e-01;3.012495e+00;1.845398e+05;3.519577e+05;5.545983e+00;9.307768e+00;2.264913e+02;1.891354e+02;2.502231e-01;-5.040089e-01;6.465974e-02;2.587899e-01;2.297689e-01;5.013725e-01;3.484222e+00;2.397108e+01;5.187892e+00;4.825393e+00;4.286002e+00;1.968803e+01;5.163667e+00;1.345096e+01;7.124154e+00;1.398324e+01;5.614431e+00;2.929367e+00;9.113470e+00;6.523552e-02;9.091093e+00;-2.645429e+00;7.571528e+00;-9.461057e+00;9.541242e+00;5.489879e+00;1.182691e+01;5.403912e+00;5.556288e+00;-1.040818e+01;1.049050e+01;-1.832330e-01;5.591757e+00;4.957955e+00;6.275136e-04;-2.088068e-06;1.927695e-06;-1.203732e-07;9.756415e-06;-2.160001e-06;8.438468e-06;-3.773946e-07;1.623046e-05;-1.766294e-07;2.165397e-04;-6.392336e-06;4.050936e-02;-2.651687e-03;2.541055e-02;-2.376356e-03;6.130266e-03;-1.652914e-04;1.216597e-03;-2.053415e-05;6.543109e-03;4.563760e-05;5.610996e-03;-2.680272e-04;1.241285e-02;6.275155e-04;1.326667e-02;9.546676e-04;3.448714e-02;1.392164e-03;3.254236e-02;5.038227e-04;5.789332e-02;-1.438388e-03;5.139546e-02;-8.860478e-03;8.548629e-02;-9.302138e-03;8.556683e-02;-5.921945e-04;7.519704e-02;-1.561721e-03;6.889248e-02;-2.620876e-03;7.664154e-02;-1.482341e-02;1.077292e-01;-2.111801e-03;7.865974e-02;1.313248e-04;9.994192e-02;-6.620424e-04;1.368025e-01;-2.336059e-03;9.227371e-02;-7.340091e-03;1.014029e-01;-1.030943e-02;1.172853e-01;-7.794176e-04;1.076359e-01;-1.982724e-03;6.258306e-02;2.173460e-03;6.260113e-02;-5.607206e-05;5.182829e-02;-2.842127e-04;3.973336e-02;-8.918010e-04;2.000904e-02;-1.392970e-03;4.262373e-02;-6.238514e-04;2.585194e-02;-6.361437e-04;6.998935e+00;-1.435547e-01;8.168956e+00;-4.019531e-01;1.573911e+01;-4.163086e-01;8.867112e+01;-2.210742e+00;1.027820e-01;-1.706751e-03;2.137150e+01;-5.358028e-01;7.567284e-02;-3.596833e-03;5.068436e+04;-7.142618e+02;1.163869e+00;-1.500764e-02;5.930047e+01;-4.312325e-01;8.374466e-02;1.043264e-03;1.672662e-02;-5.175442e-04;7.847940e-02;-3.994228e-03;7.250993e-01;-2.243896e-02;1.080576e+00;3.901708e-02;1.446873e+00;3.816188e-02;1.810025e+00;6.307111e-03;2.139704e+00;4.294288e-03;1.902662e+00;-1.487087e-01;2.362309e+00;1.285493e-01;2.483662e+00;-2.590899e-01;2.677193e+00;-6.114053e-02;2.394245e+00;3.306080e-01;3.003529e+00;3.238262e-01;2.247040e+00;-5.963994e-02;2.928725e+00;-1.349994e-01;1.767140e+00;-2.464349e-02
10.000000;2.956578e+00;7.942675e+01;8.797084e-03;7.687569e-01;7.683049e-02;5.098985e-02;4.775850e-02;4.844637e-02;1.245260e-01;2.027732e-01;1.360542e+00;7.613165e+00;2.008039e-01;1.764347e+00;1.382496e-01;1.037425e+00;8.397210e-03;9.598418e-02;7.457869e-03;2.564374e-02;7.582662e-03;1.287507e-01;2.662507e-02;2.625425e-01;7.484716e-02;4.246413e-01;1.035800e-01;5.631270e-01;1.711591e-01;7.377098e-01;1.319379e-01;8.300135e-01;2.442797e-01;9.396459e-01;2.344872e-01;9.627141e-01;3.287634e-01;1.076523e+00;2.157128e-01;1.068231e+00;1.803084e-01;1.120305e+00;1.510730e-01;1.174184e+00;3.307458e-01;1.238250e+00;3.463205e-01;1.417274e+00;2.091007e-01;1.423318e+00;4.793948e-01;1.576396e+00;6.429688e-01;1.645158e+00;2.923329e-01;1.510360e+00;3.373020e-01;1.533973e+00;3.417995e-01;1.361751e+00;3.786791e-01;1.345362e+00;4.044781e-01;1.292123e+00;2.882238e-01;1.075001e+00;3.043950e-01;9.324924e-01;2.530523e-01;7.489226e-01;2.157729e-01;5.842862e-01;2.843207e-01;5.200345e-01;8.664857e-02;2.017194e-01;7.060498e+00;8.742480e+01;3.451289e+01;1.263281e+02;6.672607e+01;2.430381e+02;3.389769e+02;6.834639e+02;1.660221e-01;7.778895e-01;8.713521e+01;3.090899e+02;3.023060e-01;3.144265e+00;3.490243e+05;4.039529e+05;1.858846e+00;6.118579e+00;5.834374e+01;7.954142e+01;8.664111e-02;-4.417579e-01;5.997522e-02;2.713555e-01;1.822892e-01;3.860724e-01;5.455152e+00;2.462860e+01;3.206353e+00;2.289706e+00;3.973037e+00;2.068096e+01;4.283957e+00;1.176752e+01;1.188402e+01;6.086098e+00;5.390883e+00;1.586635e+00;9.561182e+00;8.048644e+00;8.196795e+00;-7.035302e+00;9.923616e+00;-4.590966e+00;7.791708e+00;9.932323e+00;1.037786e+01;8.104834e+00;6.671738e+00;-7.043252e+00;1.118449e+01;-1.497159e+00;5.380944e+00;5.038850e+00;1.812902e-04;-3.916158e-06;1.100785e-06;-2.027641e-08;6.564839e-06;-4.242153e-07;4.141993e-06;-1.452790e-07;1.283182e-05;-1.402038e-07;1.412868e-04;-1.515591e-06;5.706151e-02;1.788206e-03;3.447070e-02;-2.872831e-04;2.203807e-03;-1.409328e-04;1.747227e-03;1.504157e-04;2.230003e-03;-3.652216e-04;5.708646e-03;2.911306e-04;1.187476e-02;1.061446e-03;1.991166e-02;8.389729e-04;3.729297e-02;1.016678e-03;4.154534e-02;-2.478840e-04;8.236258e-02;-1.868920e-03;5.739619e-02;7.580871e-04;7.734469e-02;2.702287e-03;7.181241e-02;1.791956e-03;5.610653e-02;-1.775089e-03;5.041217e-02;2.109820e-04;8.671250e-02;3.513633e-03;1.210830e-01;-3.977145e-03;7.739370e-02;-2.472184e-03;1.194260e-01;-5.895922e-05;1.555939e-01;-1.044907e-03;8.417688e-02;-2.601779e-03;9.770714e-02;-4.989054e-03;1.051806e-01;-1.711859e-03;1.038839e-01;-1.635053e-03;7.082871e-02;9.766831e-04;7.583366e-02;6.363366e-04;7.459737e-02;1.514402e-03;6.490026e-02;2.260645e-04;5.344191e-02;-2.599602e-04;3.977565e-02;5.104775e-03;2.617669e-02;1.631615e-04;2.545861e+00;1.004883e-01;7.147005e+00;8.039063e-01;1.961028e+01;7.608398e-01;1.014186e+02;1.335059e+00;6.883274e-02;-3.991351e-03;2.359200e+01;8.415932e-01;7.135923e-02;6.472139e-03;8.921580e+04;9.199277e+02;5.760624e-01;-3.476259e-02;1.894732e+01;-1.589096e+00;2.694495e-02;1.875427e-03;1.630985e-02;7.917684e-04;5.278231e-02;1.300062e-03;8.601688e-01;1.819134e-02;1.100897e+00;-1.924270e-02;1.324447e+00;-2.922717e-02;1.656375e+00;-4.874020e-02;2.386278e+00;-1.732669e-01;1.899343e+00;-1.579433e-02;2.485492e+00;1.736636e-01;2.200567e+00;-2.996897e-01;2.685315e+00;9.270478e-04;2.455853e+00;-6.708130e-02;2.911738e+00;-6.702080e-02;2.290383e+00;1.116107e-01;3.167762e+00;2.414588e-01;1.829607e+00;-7.441619e-02
10.500000;4.194944e+00;7.886233e+01;1.637864e-02;7.662360e-01;1.072464e-01;8.648863e-02;4.834539e-02;4.563726e-02;1.211352e-01;2.427729e-01;1.455147e+00;7.709529e+00;2.448351e-01;1.721235e+00;1.667316e-01;1.023005e+00;1.286143e-02;9.358756e-02;7.370014e-03;2.700050e-02;9.897333e-03;1.298751e-01;3.227351e-02;2.751072e-01;8.875830e-02;4.279747e-01;1.144104e-01;5.389940e-01;1.895813e-01;6.739711e-01;1.319196e-01;8.209171e-01;2.268295e-01;9.219385e-01;2.085224e-01;9.364999e-01;2.788032e-01;1.016387e+00;1.940641e-01;1.018535e+00;1.726912e-01;9.938846e-01;1.714933e-01;1.074763e+00;3.595251e-01;1.390666e+00;3.581401e-01;1.278914e+00;3.438305e-01;1.333332e+00;4.218536e-01;1.536272e+00;5.592813e-01;1.572007e+00;3.210684e-01;1.505537e+00;3.385334e-01;1.455364e+00;3.995022e-01;1.373373e+00;4.151196e-01;1.418626e+00;3.986713e-01;1.290607e+00;4.783836e-01;1.153610e+00;4.297886e-01;9.622033e-01;3.609217e-01;8.238227e-01;3.094049e-01;6.749409e-01;3.224924e-01;4.656138e-01;1.004426e-01;1.771163e-01;9.142529e+00;8.785547e+01;3.849408e+01;1.240312e+02;7.849318e+01;2.335635e+02;4.626873e+02;7.091602e+02;1.606402e-01;7.352925e-01;9.060570e+01;3.163452e+02;3.413016e-01;3.112711e+00;4.132538e+05;4.945186e+05;2.121483e+00;6.297342e+00;6.198169e+01;8.228569e+01;1.344170e-01;-4.257147e-01;6.206138e-02;2.734194e-01;2.024100e-01;3.397300e-01;6.290677e+00;2.441795e+01;5.015226e+00;2.985057e+00;4.466600e+00;2.110701e+01;4.034218e+00;1.040558e+01;6.371248e+00;-2.073738e+00;6.561148e+00;5.287227e+00;9.035552e+00;1.756339e+01;1.022027e+01;-5.970373e+00;7.071683e+00;-2.552778e-01;9.016303e+00;8.558617e+00;1.001924e+01;-4.866117e-01;6.168004e+00;-2.375168e+00;9.789796e+00;1.319611e-01;8.541404e+00;-1.901465e+00;3.286127e-04;-1.065567e-05;1.485976e-06;9.689392e-09;7.453966e-06;4.397448e-07;4.035504e-06;7.387143e-08;1.374081e-05;7.011924e-07;1.391538e-04;6.173199e-06;6.729241e-02;1.769718e-03;4.431992e-02;3.253988e-03;3.253566e-03;3.489909e-04;1.904118e-03;4.535152e-06;2.946173e-03;4.520040e-04;1.025359e-02;5.505389e-04;1.395157e-02;1.250168e-03;1.921693e-02;-1.335232e-03;3.111714e-02;1.045988e-03;3.617734e-02;2.393706e-03;6.916147e-02;4.294179e-04;5.399237e-02;3.096861e-03;7.273544e-02;5.385292e-03;6.287698e-02;-1.414718e-03;5.728093e-02;-7.588158e-04;5.178272e-02;1.431430e-03;9.773955e-02;1.701740e-03;1.015790e-01;-1.741762e-03;1.049002e-01;4.291520e-03;1.253053e-01;-9.158772e-05;1.563109e-01;6.830741e-03;9.858498e-02;1.514688e-03;8.631242e-02;4.894284e-03;9.119032e-02;1.063377e-02;9.564904e-02;4.277785e-03;8.495426e-02;2.890155e-03;1.224576e-01;1.053854e-02;1.029065e-01;1.020672e-02;8.444282e-02;8.820700e-03;7.431553e-02;7.309786e-03;3.982734e-02;-1.564510e-03;3.357835e-02;-5.963005e-04;3.395425e+00;-2.296875e-01;7.662042e+00;-7.177734e-02;2.262551e+01;-1.019238e+00;1.644458e+02;-2.339942e+00;6.433015e-02;-2.925753e-04;2.865270e+01;-6.260667e-02;7.727388e-02;-4.357150e-03;1.154172e+05;5.916387e+03;6.667321e-01;3.050813e-02;1.989752e+01;4.210397e-01;3.924810e-02;-3.253853e-03;1.929401e-02;-1.936646e-04;4.236918e-02;-4.847579e-04;1.170310e+00;-7.041582e-02;1.257252e+00;1.249015e-01;1.556794e+00;-3.694263e-02;1.366198e+00;-3.421781e-02;1.862280e+00;-2.046434e-01;1.846407e+00;1.556071e-01;2.146715e+00;2.388915e-01;2.339197e+00;1.730608e-01;2.487317e+00;5.355620e-02;2.320780e+00;-7.269759e-02;2.584047e+00;-1.363640e-01;2.247869e+00;1.131429e-01;2.437105e+00;9.026014e-02;1.893342e+00;-1.526639e-01
11.000000;7.920947e+00;8.136740e+01;1.879709e-02;7.632076e-01;1.174189e-01;1.124336e-01;8.124645e-02;7.122838e-02;1.115591e-01;2.065143e-01;1.687934e+00;7.630118e+00;2.130840e-01;1.693472e+00;1.495122e-01;1.027777e+00;2.225839e-02;1.057940e-01;5.973944e-03;2.521416e-02;1.761934e-02;1.297632e-01;3.790833e-02;2.889157e-01;8.369681e-02;4.341661e-01;8.007671e-02;5.213578e-01;1.426862e-01;6.489154e-01;1.699869e-01;8.519894e-01;1.237432e-01;8.460498e-01;2.153445e-01;9.494843e-01;2.598392e-01;1.047888e+00;2.198042e-01;1.026026e+00;2.209612e-01;1.013081e+00;2.010882e-01;1.154503e+00;2.899251e-01;1.352804e+00;2.953197e-01;1.183113e+00;3.820634e-01;1.480600e+00;3.769539e-01;1.436449e+00;5.332599e-01;1.466733e+00;3.167368e-01;1.437318e+00;3.600143e-01;1.489857e+00;3.692808e-01;1.527377e+00;3.940910e-01;1.439577e+00;3.528269e-01;1.313670e+00;4.656091e-01;1.193099e+00;4.182344e-01;9.916694e-01;3.371011e-01;8.211471e-01;2.737940e-01;6.766506e-01;2.594010e-01;4.966092e-01;8.858273e-02;1.444697e-01;2.246252e+01;9.273633e+01;3.396396e+01;1.246055e+02;5.341527e+01;2.019814e+02;4.171192e+02;5.604375e+02;3.130694e-01;8.160294e-01;7.139571e+01;2.776822e+02;2.415988e-01;2.907815e+00;3.132330e+05;4.012098e+05;2.935509e+00;8.130100e+00;1.016869e+02;1.333991e+02;2.602297e-01;-5.531404e-01;4.913772e-02;2.472399e-01;3.706416e-01;5.483773e-01;5.194272e+00;2.495704e+01;5.309659e+00;5.726438e+00;3.855694e+00;2.065038e+01;3.789837e+00;1.084734e+01;4.853756e+00;-5.636634e+00;6.412163e+00;5.330875e+00;5.631386e+00;2.430003e+01;1.095709e+01;1.770608e+00;5.784496e+00;-1.974543e+00;8.823559e+00;7.788246e+00;9.882570e+00;-8.960385e-01;7.210863e+00;-4.958452e+00;9.596936e+00;-9.381194e-02;7.261113e+00;-6.994966e+00;1.059607e-03;8.029849e-05;1.666392e-06;1.316472e-08;7.505651e-06;2.867397e-07;7.496883e-06;8.425812e-07;1.262478e-05;-1.425467e-07;1.587506e-04;-6.643884e-07;5.801058e-02;2.084700e-03;4.040017e-02;1.720265e-03;5.587024e-03;-2.224271e-05;1.341860e-03;-4.761906e-05;4.900055e-03;-2.004478e-04;1.037996e-02;-1.774617e-04;1.261676e-02;-1.001755e-03;1.374131e-02;-2.152118e-04;2.397930e-02;1.464206e-04;3.737746e-02;2.385686e-03;3.290306e-02;2.382385e-03;5.387101e-02;-5.783881e-04;6.286202e-02;3.162427e-04;7.233156e-02;-1.580250e-03;6.499759e-02;4.475224e-03;5.203704e-02;5.341082e-03;8.574721e-02;3.148709e-03;6.153129e-02;-6.355011e-05;9.959462e-02;1.115796e-03;1.047244e-01;2.800678e-03;1.460666e-01;2.718879e-03;9.152554e-02;2.704323e-03;9.914459e-02;1.910924e-03;9.368542e-02;1.495376e-03;9.697746e-02;5.335207e-03;8.307351e-02;3.931774e-03;1.211597e-01;1.198779e-03;9.822229e-02;2.262941e-03;7.531999e-02;2.321351e-03;6.185645e-02;2.552164e-03;4.949670e-02;-1.693117e-03;2.903115e-02;4.435436e-04;5.695540e+00;4.737305e-01;7.629699e+00;-7.177734e-02;1.836227e+01;9.043945e-01;1.445976e+02;1.564746e+00;1.064909e-01;1.707621e-04;2.234201e+01;9.593355e-01;7.127871e-02;-7.657147e-05;8.541955e+04;2.290378e+03;8.058726e-01;2.064715e-03;3.286316e+01;-5.765567e-01;7.591523e-02;1.527632e-04;1.543915e-02;8.387247e-04;7.525172e-02;3.911857e-03;1.112746e+00;-4.282518e-02;1.100835e+00;7.467626e-03;1.374714e+00;-6.926495e-02;1.156542e+00;8.599032e-03;1.310064e+00;-1.041277e-01;1.729355e+00;-1.123363e-01;1.685388e+00;5.282828e-02;2.310734e+00;2.912443e-01;2.164541e+00;7.280102e-02;2.055981e+00;1.919573e-01;2.514328e+00;-7.486058e-02;1.798970e+00;-1.328025e-01;1.881881e+00;-7.787552e-02;1.851964e+00;-1.179311e-01
11.500000;4.149504e+01;1.036095e+02;3.227219e-02;7.662478e-01;1.509383e-01;1.392919e-01;1.599261e-01;1.401772e-01;1.198423e-01;1.813330e-01;2.712411e+00;6.760911e+00;2.584792e-01;1.629451e+00;1.020366e-01;9.690487e-01;3.161409e-02;1.030189e-01;5.102662e-03;2.248929e-02;4.105302e-02;1.237844e-01;5.312682e-02;2.742116e-01;8.600769e-02;4.303553e-01;7.138783e-02;5.383483e-01;9.952863e-02;6.966343e-01;2.062773e-01;8.203248e-01;1.403390e-01;8.129541e-01;1.937847e-01;1.012950e+00;2.051264e-01;1.047113e+00;3.148566e-01;1.061235e+00;2.049434e-01;1.102005e+00;1.630943e-01;1.189908e+00;2.367232e-01;1.164923e+00;1.633158e-01;1.216786e+00;3.952353e-01;1.369076e+00;2.897923e-01;1.264528e+00;2.694419e-01;1.265201e+00;1.929541e-01;1.383743e+00;2.743626e-01;1.401512e+00;2.106959e-01;1.418696e+00;2.439941e-01;1.244941e+00;2.099710e-01;1.138037e+00;2.487141e-01;1.022569e+00;2.183321e-01;8.803213e-01;1.819521e-01;7.242466e-01;1.565524e-01;5.908632e-01;2.782728e-01;5.625898e-01;7.521615e-02;1.138479e-01;4.271349e+01;1.167100e+02;5.209176e+01;1.586279e+02;1.131914e+02;2.552402e+02;2.126631e+02;5.278506e+02;3.856042e-01;7.783610e-01;8.417867e+01;2.888083e+02;3.813048e-01;2.944757e+00;1.603738e+05;3.077834e+05;4.696748e+00;1.080388e+01;2.003757e+02;2.257162e+02;3.351092e-01;-5.529141e-01;7.569705e-02;2.721942e-01;4.587987e-01;7.460548e-01;3.030356e+00;2.637782e+01;5.268189e+00;6.993398e+00;5.647189e+00;1.512831e+01;4.358739e+00;9.912210e+00;5.975380e+00;-7.515974e+00;5.451717e+00;2.962730e+00;7.579634e+00;2.003458e+01;7.439400e+00;5.942166e+00;8.052611e+00;-5.611385e+00;8.381692e+00;3.780933e+00;6.677943e+00;3.420612e+00;7.822782e+00;-9.907062e+00;7.873809e+00;-4.762623e+00;7.872919e+00;-6.567934e+00;2.315018e-03;1.673205e-05;2.079763e-06;-5.335429e-09;1.397126e-05;-6.674114e-07;1.658907e-05;3.328049e-07;1.280656e-05;-7.422880e-09;2.230305e-04;-1.363481e-05;4.075877e-02;-6.469200e-03;2.325512e-02;-3.685458e-03;8.274893e-03;-8.532805e-04;9.324576e-04;-2.595112e-05;1.157242e-02;-9.930459e-04;7.093557e-03;-1.010859e-03;1.092339e-02;-1.394263e-03;1.496238e-02;-2.045696e-04;2.134097e-02;-7.312830e-04;4.156445e-02;-3.620923e-03;3.455689e-02;-7.615279e-04;5.156563e-02;-3.445356e-04;5.231978e-02;-2.601494e-03;7.144881e-02;2.145863e-03;5.552875e-02;3.831092e-03;4.786391e-02;-1.321833e-03;7.511362e-02;-2.029644e-03;4.185421e-02;2.900863e-03;5.971118e-02;-6.989765e-03;6.598933e-02;9.609509e-04;7.858626e-02;-3.417925e-03;4.530782e-02;6.824806e-04;8.609708e-02;-3.599859e-03;6.113264e-02;-8.743200e-03;6.189774e-02;-6.870354e-03;5.339282e-02;-1.165697e-02;5.763512e-02;-1.403436e-02;5.301246e-02;-1.448612e-02;4.194587e-02;-1.222082e-02;3.373517e-02;-9.309819e-03;5.806109e-02;-1.576532e-03;1.496198e-02;-9.487684e-04;8.813498e+00;1.248926e+00;1.195454e+01;1.794434e+00;2.426845e+01;3.990820e+00;5.217071e+01;6.230273e+00;1.204960e-01;-3.450715e-03;1.712812e+01;1.789460e+00;8.370970e-02;1.330117e-02;4.007411e+04;-6.016712e+03;1.147109e+00;-3.624481e-02;5.777846e+01;-3.875816e-01;1.084120e-01;6.491420e-03;1.525121e-02;1.978746e-03;9.629955e-02;-6.768694e-04;6.785396e-01;1.438556e-01;1.212292e+00;-1.982589e-01;1.022529e+00;-5.275344e-02;1.224661e+00;-1.351595e-01;1.527820e+00;2.730102e-02;1.630606e+00;5.111438e-02;1.585302e+00;-2.839926e-01;2.159076e+00;-2.778303e-02;2.064248e+00;-1.229355e-01;2.274302e+00;-1.733242e-01;1.867952e+00;2.103012e-02;1.506399e+00;-1.084167e-01;1.483941e+00;-2.125154e-02;1.889648e+00;3.491993e-02
12.000000;4.396553e+01;1.350967e+02;3.347813e-02;7.839791e-01;1.455131e-01;1.142648e-01;1.766023e-01;1.504570e-01;1.075087e-01;1.852269e-01;2.844971e+00;7.140808e+00;2.497739e-01;1.531727e+00;1.495049e-01;1.007679e+00;2.783711e-02;7.433827e-02;7.678310e-03;2.584530e-02;4.122000e-02;1.210144e-01;5.758854e-02;2.663446e-01;6.961803e-02;3.983807e-01;6.578691e-02;5.341936e-01;6.590731e-02;6.631762e-01;1.420593e-01;7.137824e-01;1.514868e-01;8.157192e-01;1.773249e-01;1.022715e+00;2.513261e-01;1.030387e+00;4.234102e-01;1.124461e+00;2.207766e-01;1.203089e+00;1.962720e-01;1.211095e+00;2.263666e-01;1.137115e+00;2.904924e-01;1.376800e+00;3.319091e-01;1.238414e+00;3.616270e-01;1.382115e+00;3.711281e-01;1.410596e+00;5.070505e-01;1.567685e+00;2.133733e-01;1.432640e+00;3.977263e-01;1.534238e+00;2.913933e-01;1.350820e+00;4.779008e-01;1.275550e+00;4.186732e-01;1.121091e+00;3.127784e-01;9.203560e-01;1.907820e-01;7.482254e-01;1.216789e-01;5.996636e-01;2.625029e-01;3.362164e-01;9.753055e-02;1.133435e-01;4.039247e+01;1.540342e+02;5.939765e+01;1.923633e+02;1.832784e+02;4.019531e+02;3.011175e+02;8.231426e+02;2.568493e-01;5.337934e-01;1.116857e+02;3.896438e+02;4.709345e-01;3.150115e+00;1.569641e+05;3.718025e+05;5.508857e+00;8.381228e+00;2.116698e+02;1.593029e+02;2.749704e-01;-3.018377e-01;9.441598e-02;3.602886e-01;4.311887e-01;5.489756e-01;2.927938e+00;2.599944e+01;6.539828e+00;2.428426e+00;3.611821e+00;1.028570e+01;5.174984e+00;6.335657e+00;7.351550e+00;-3.234785e+00;8.059515e+00;7.794346e+00;6.637474e+00;1.316429e+01;9.626342e+00;2.664492e+00;8.395743e+00;-1.099434e+01;1.076383e+01;-5.345828e+00;6.878907e+00;2.159178e+00;8.729488e+00;-9.328850e+00;8.833286e+00;-2.688667e+00;9.677276e+00;-4.370064e+00;2.331128e-03;1.673532e-04;1.929468e-06;4.895010e-08;1.416981e-05;-1.800151e-07;1.869487e-05;-7.466173e-07;1.170978e-05;2.568810e-07;2.389122e-04;4.258578e-06;4.443175e-02;-2.409856e-03;3.359344e-02;3.162091e-04;6.948786e-03;-4.579380e-04;1.240647e-03;1.637692e-04;1.132255e-02;1.898208e-04;9.699708e-03;-1.873481e-04;1.098167e-02;-4.853250e-04;1.880540e-02;-3.561433e-04;1.769804e-02;3.477223e-05;2.980649e-02;-8.306607e-04;3.957055e-02;2.069984e-03;4.418979e-02;-1.323769e-03;5.165904e-02;-2.639124e-03;9.588786e-02;9.181726e-04;7.703052e-02;2.116484e-03;6.075745e-02;3.188886e-04;5.769518e-02;-3.775960e-03;8.706557e-02;7.481747e-03;7.212314e-02;3.605921e-03;8.191261e-02;3.365339e-04;8.154513e-02;-7.010901e-04;1.126771e-01;-4.173688e-04;6.967943e-02;2.245880e-03;1.052611e-01;-1.675994e-03;8.981005e-02;2.933537e-04;1.258431e-01;4.041920e-04;1.113235e-01;4.236554e-06;9.096887e-02;7.780707e-04;5.437442e-02;2.099335e-04;3.510241e-02;-3.937653e-04;3.912076e-02;-6.494598e-03;2.332094e-02;2.653526e-05;7.948834e+00;2.871094e-01;1.448506e+01;1.148437e-01;4.363567e+01;2.885449e+00;7.049223e+01;8.814258e+00;8.078804e-02;-3.436420e-03;2.069398e+01;1.696872e+00;8.789529e-02;2.861988e-03;4.023606e+04;9.972288e+02;9.827339e-01;-6.031396e-02;5.013577e+01;-1.335236e+00;8.555658e-02;3.294586e-03;1.729016e-02;1.260402e-03;7.305213e-02;-7.868068e-03;7.886213e-01;-2.493238e-02;1.255184e+00;-9.276320e-02;1.185453e+00;-6.801392e-02;1.457124e+00;-2.526270e-02;2.010340e+00;1.035373e-01;1.986985e+00;9.606501e-02;1.962567e+00;-4.256711e-02;2.684507e+00;-8.198457e-02;2.142650e+00;-1.128017e-01;2.359470e+00;-8.511499e-02;2.247722e+00;1.108916e-01;1.810511e+00;-2.682616e-03;2.207568e+00;-8.831500e-02;2.186640e+00;8.962180e-02
12.500000;4.197541e+01;1.454196e+02;1.199949e-02;7.898616e-01;9.560162e-02;7.256365e-02;1.382079e-01;1.080198e-01;9.100379e-02;1.954021e-01;1.999336e+00;6.718136e+00;2.484720e-01;1.680096e+00;1.661690e-01;1.074226e+00;7.691017e-03;5.950633e-02;1.359847e-02;4.120685e-02;1.662508e-02;1.177765e-01;4.307108e-02;2.709889e-01;3.827026e-02;4.324604e-01;7.647545e-02;5.721329e-01;5.895717e-02;6.641876e-01;8.323439e-02;7.162381e-01;1.359009e-01;9.177021e-01;1.274739e-01;9.732766e-01;2.933947e-01;1.078909e+00;4.617048e-01;1.198625e+00;2.282843e-01;1.195435e+00;1.805268e-01;1.279791e+00;2.036731e-01;1.278470e+00;3.459782e-01;1.389112e+00;2.219815e-01;1.374309e+00;2.302955e-01;1.515224e+00;3.814223e-01;1.596358e+00;6.758775e-01;1.725410e+00;2.413401e-01;1.523658e+00;5.151629e-01;1.622594e+00;4.794974e-01;1.535241e+00;5.125008e-01;1.364693e+00;4.335343e-01;1.168545e+00;4.202812e-01;9.942791e-01;2.567605e-01;7.922828e-01;1.682078e-01;6.321893e-01;7.853050e-02;2.245587e-01;1.482564e-01;1.783445e-01;3.542370e+01;1.861904e+02;1.422478e+02;2.845254e+02;2.198919e+02;6.531738e+02;4.930039e+02;1.329747e+03;1.009800e-01;4.556198e-01;1.688676e+02;5.801351e+02;5.073277e-01;3.681957e+00;5.805821e+05;7.361442e+05;7.623725e-01;4.781357e+00;1.344483e+01;4.622750e+01;4.806463e-02;-1.672295e-01;1.216352e-01;5.049810e-01;1.401388e-01;4.005568e-01;4.428162e+00;2.310707e+01;3.837792e+00;-2.273108e+00;3.934775e+00;8.970365e+00;5.866390e+00;1.838308e+00;6.078375e+00;-2.037977e+00;7.302443e+00;1.258192e+01;5.696752e+00;1.068153e+01;9.688725e+00;-2.282842e+00;6.420170e+00;-1.538654e+01;7.722070e+00;-9.912394e+00;1.103906e+01;-5.002954e+00;8.251408e+00;-9.324062e+00;6.873026e+00;1.471636e+00;9.320178e+00;-4.658943e+00;2.606914e-03;2.855970e-04;8.727175e-07;9.346846e-08;8.353423e-06;-2.705411e-07;1.431678e-05;-2.480721e-07;9.398441e-06;-3.724640e-07;1.905893e-04;4.532556e-06;5.626852e-02;9.404399e-03;4.370113e-02;3.734437e-03;2.135527e-03;2.970363e-04;2.528390e-03;2.690854e-04;3.747757e-03;4.797513e-04;8.809363e-03;6.418759e-04;8.844802e-03;-1.859554e-04;1.947350e-02;8.180334e-04;1.846894e-02;1.840639e-04;2.292887e-02;2.302109e-03;3.701542e-02;2.643468e-03;3.905317e-02;-1.730822e-03;7.516093e-02;9.144295e-03;1.234945e-01;1.370542e-02;8.062136e-02;6.472797e-05;7.714733e-02;2.309590e-03;5.257493e-02;2.295568e-03;1.111870e-01;3.806315e-03;7.158264e-02;5.787593e-03;7.033306e-02;-1.513150e-03;9.090747e-02;1.178613e-03;1.504061e-01;3.719416e-03;7.906515e-02;-4.049233e-03;1.408867e-01;7.594816e-03;1.235720e-01;8.587917e-03;1.421989e-01;8.024001e-03;1.200983e-01;6.045360e-03;1.187121e-01;1.372181e-02;7.343467e-02;7.358801e-03;4.375791e-02;4.160978e-03;1.512727e-02;3.384946e-04;4.269253e-02;8.410812e-03;1.769006e+01;3.402246e+00;3.345721e+01;6.704004e+00;5.015482e+01;4.966992e+00;1.098001e+02;4.694238e+00;4.402531e-02;1.469128e-03;3.293046e+01;4.758109e+00;9.771012e-02;-5.541163e-04;1.318094e+05;3.246225e+03;3.049276e-01;-8.208396e-03;5.266052e+00;-2.026347e-01;1.430606e-02;-1.507357e-03;2.405781e-02;3.889132e-03;4.126545e-02;6.372357e-03;9.814389e-01;-1.046695e-01;1.013175e+00;-2.706392e-02;1.215374e+00;-1.740986e-01;1.430681e+00;1.009835e-02;2.074094e+00;8.161476e-02;2.077833e+00;7.473095e-03;2.063305e+00;1.688617e-01;2.829185e+00;-2.185852e-01;2.224683e+00;-1.272471e-01;1.778494e+00;9.514755e-03;2.870267e+00;2.603957e-03;2.378087e+00;6.635761e-02;2.405862e+00;-3.648221e-02;2.377687e+00;-1.830010e-01
13.000000;5.635506e+01;1.469981e+02;2.315042e-02;7.709243e-01;1.461045e-01;9.704033e-02;1.069582e-01;8.313521e-02;1.077612e-01;1.859795e-01;1.117324e+01;2.874765e+00;3.085918e-01;1.847981e+00;2.024548e-01;1.080512e+00;1.926651e-02;6.053185e-02;9.862801e-03;5.092593e-02;5.871979e-02;1.384514e-01;6.749123e-02;2.748838e-01;9.591155e-02;4.441419e-01;9.760469e-02;5.948728e-01;9.086487e-02;6.867421e-01;7.802825e-02;7.546916e-01;9.788135e-02;9.066164e-01;7.373898e-02;9.410535e-01;3.166898e-01;1.074747e+00;4.719492e-01;1.240156e+00;2.754577e-01;1.217166e+00;1.744253e-01;1.215302e+00;1.486729e-01;1.304459e+00;2.978683e-01;1.340829e+00;2.604878e-01;1.416690e+00;1.702911e-01;1.472960e+00;3.429015e-01;1.524721e+00;6.310797e-01;1.671897e+00;3.167856e-01;1.556322e+00;5.725160e-01;1.588586e+00;6.184160e-01;1.592947e+00;4.963468e-01;1.386838e+00;3.688460e-01;1.170476e+00;5.215335e-01;1.067015e+00;3.787216e-01;8.425051e-01;2.461118e-01;6.682405e-01;1.674307e-01;2.611826e-01;1.881952e-01;2.550786e-01;8.790612e+01;2.199258e+02;2.153770e+02;4.422920e+02;2.416507e+02;8.241475e+02;4.627691e+02;1.630063e+03;2.357969e-01;5.284423e-01;1.574443e+02;7.229293e+02;3.469096e-01;4.135911e+00;6.462404e+05;9.544319e+05;1.341316e+00;4.306677e+00;1.960545e+01;3.901542e+01;1.437411e-01;-1.865917e-01;1.215554e-01;6.148149e-01;2.617404e-01;4.281657e-01;3.758677e+00;2.103667e+01;6.117332e+00;-4.496447e+00;4.435836e+00;6.649066e+00;5.431911e+00;-5.236687e-01;6.506190e+00;-1.458855e+00;6.342569e+00;1.188164e+01;5.744717e+00;1.095856e+01;6.725710e+00;-6.854351e+00;5.702392e+00;-1.616386e+01;5.037292e+00;-7.599509e+00;9.426241e+00;-8.729978e+00;8.219679e+00;-1.020904e+01;5.603176e+00;1.248245e+00;8.449177e+00;-3.260410e+00;2.789037e-03;3.786688e-05;1.358522e-06;-1.690623e-07;7.151640e-06;-1.593993e-07;9.705472e-06;-1.998059e-07;9.133972e-06;-8.011254e-07;1.098919e-03;-1.305391e-05;6.993794e-02;5.039656e-03;4.883090e-02;-6.439702e-04;4.120360e-03;3.009326e-04;2.857724e-03;-3.275411e-06;1.125332e-02;2.848140e-04;1.237205e-02;7.507906e-04;1.936476e-02;1.053826e-03;2.137928e-02;4.167940e-04;2.454768e-02;6.819447e-04;2.372465e-02;4.943812e-05;2.265805e-02;-2.610188e-03;2.780570e-02;1.430898e-03;8.815689e-02;3.149994e-03;1.360920e-01;2.595224e-03;7.714303e-02;-9.981388e-04;7.552436e-02;-1.605747e-03;5.019965e-02;-5.968641e-04;9.146331e-02;-5.570721e-03;6.988787e-02;-2.466459e-03;5.681839e-02;-9.058321e-04;8.157326e-02;7.410588e-04;1.377497e-01;9.279247e-04;9.660324e-02;-1.304105e-03;1.590208e-01;-9.447180e-04;1.453584e-01;-3.888414e-03;1.313901e-01;-2.595319e-03;1.001588e-01;-1.470459e-03;1.352866e-01;-1.847190e-03;9.464546e-02;-8.750636e-04;5.880871e-02;-1.146720e-03;3.626416e-02;3.592683e-03;5.871457e-02;1.434843e-03;2.873695e+01;-1.004883e-01;4.287384e+01;6.890625e-01;5.511469e+01;-6.603516e-01;1.333961e+02;-3.043359e+00;4.911387e-02;4.984818e-03;3.825496e+01;-1.642790e-01;1.044692e-01;3.758636e-03;1.948864e+05;3.649210e+02;3.034086e-01;2.252740e-02;4.802311e+00;4.086702e-01;3.209016e-02;-1.946944e-03;2.777355e-02;-3.716881e-05;7.078692e-02;2.990983e-03;1.044488e+00;1.095040e-02;1.351853e+00;-3.510789e-03;1.332418e+00;-1.268155e-02;1.433980e+00;-2.935532e-02;1.979113e+00;2.692205e-02;1.883032e+00;8.972153e-02;2.125668e+00;-2.332812e-02;2.188590e+00;-1.889292e-01;2.269728e+00;1.766747e-02;1.522283e+00;-4.147037e-02;2.835661e+00;-1.233398e-01;2.422645e+00;7.719990e-02;1.958588e+00;7.619503e-02;2.164868e+00;-8.779821e-03
13.500000;5.868253e+01;1.441272e+02;2.314888e-02;7.527882e-01;1.713254e-01;1.698358e-01;1.266377e-01;1.214677e-01;1.149989e-01;1.822080e-01;1.095241e+01;1.956381e+00;3.182053e-01;1.839626e+00;1.994396e-01;1.015776e+00;2.375032e-02;6.759834e-02;1.058233e-02;4.325397e-02;6.689230e-02;1.479447e-01;7.027667e-02;2.806194e-01;1.051252e-01;4.283265e-01;1.099936e-01;5.611001e-01;9.294927e-02;6.857660e-01;8.498318e-02;7.851844e-01;7.264028e-02;8.111984e-01;8.221270e-02;9.461086e-01;3.131891e-01;1.049856e+00;4.626392e-01;1.138218e+00;2.927768e-01;1.159559e+00;2.201860e-01;1.147445e+00;1.517946e-01;1.228044e+00;2.494413e-01;1.289627e+00;2.773032e-01;1.342095e+00;1.722752e-01;1.336460e+00;2.438994e-01;1.410219e+00;5.242078e-01;1.484525e+00;3.094223e-01;1.462574e+00;5.899007e-01;1.519566e+00;6.059050e-01;1.415927e+00;4.606309e-01;1.311144e+00;3.620730e-01;1.113231e+00;5.175841e-01;9.813104e-01;3.714240e-01;7.765293e-01;2.342749e-01;5.975962e-01;1.948609e-01;3.084601e-01;2.158491e-01;2.615787e-01;9.295385e+01;2.127480e+02;2.114431e+02;4.226250e+02;2.788253e+02;7.372969e+02;4.403245e+02;1.356305e+03;3.107517e-01;6.572636e-01;1.754301e+02;6.361373e+02;4.519284e-01;3.945430e+00;489545;6.508781e+05;1.618196e+00;4.430841e+00;3.068417e+01;4.587071e+01;1.760480e-01;-2.402254e-01;1.399551e-01;5.569811e-01;2.881149e-01;4.992460e-01;3.905387e+00;2.315016e+01;5.837400e+00;-5.179504e+00;3.918247e+00;6.667870e+00;5.265567e+00;8.750333e-01;7.284001e+00;2.769196e+00;5.665487e+00;1.115351e+01;6.705930e+00;1.241551e+01;6.132575e+00;-8.892940e+00;7.574864e+00;-1.539954e+01;5.040888e+00;-8.484069e+00;8.859576e+00;-6.491173e+00;7.730330e+00;-8.914654e+00;6.322564e+00;1.852929e+00;9.208552e+00;-1.813937e+00;2.861405e-03;2.135121e-04;1.674580e-06;3.177738e-08;1.191240e-05;-1.486644e-06;1.074935e-05;-2.993867e-07;1.070221e-05;-6.721973e-07;1.095263e-03;-1.138307e-05;6.854047e-02;-4.677135e-03;4.559961e-02;-3.219530e-03;5.323283e-03;-2.260412e-04;2.121647e-03;1.121190e-05;1.482878e-02;-4.273725e-04;1.321454e-02;-2.156920e-04;2.043368e-02;-1.492202e-04;2.309491e-02;-4.955351e-04;2.440516e-02;-1.457976e-04;2.667191e-02;-3.322527e-05;1.868610e-02;-2.144522e-03;2.749699e-02;6.451472e-04;8.484630e-02;-1.094486e-02;1.257570e-01;-1.656242e-02;7.779326e-02;8.740391e-04;7.132742e-02;-8.084590e-04;4.739052e-02;2.626594e-04;6.998007e-02;-6.406751e-03;6.793595e-02;-7.028780e-03;5.563989e-02;2.202973e-03;7.557794e-02;-1.744076e-03;1.385011e-01;-8.856541e-03;9.852269e-02;2.398896e-03;1.710150e-01;-7.174296e-03;1.522553e-01;-1.023162e-02;1.167101e-01;-1.760600e-03;9.513623e-02;3.780813e-04;1.295471e-01;-1.223275e-02;9.071594e-02;-2.809203e-03;5.614461e-02;-2.978036e-04;4.475097e-02;-2.971857e-04;6.587853e-02;-6.718907e-03;2.745956e+01;-2.555274e+00;4.226774e+01;-3.646289e+00;6.185038e+01;2.153320e-01;1.145763e+02;-6.459961e-01;8.564711e-02;-1.342601e-03;3.670242e+01;-1.184583e+00;9.615829e-02;4.340765e-03;1.538479e+05;2.340486e+03;4.428412e-01;1.023566e-02;9.608557e+00;1.548682e-01;4.328969e-02;1.205376e-03;2.837393e-02;-1.098207e-03;7.736541e-02;-5.065673e-03;1.123976e+00;9.312124e-03;1.486806e+00;3.496575e-02;1.365857e+00;2.323423e-02;1.709124e+00;8.070174e-03;2.085951e+00;-3.242558e-02;2.046231e+00;-3.370818e-02;2.154502e+00;-1.841960e-01;2.145377e+00;-5.319003e-04;2.334073e+00;1.610154e-01;1.677947e+00;6.800675e-02;2.634605e+00;-1.855066e-01;1.877017e+00;-9.108202e-02;1.980240e+00;2.604421e-02;2.788242e+00;2.350391e-01
14.000000;5.468010e+01;1.229411e+02;2.712330e-02;7.592594e-01;1.387750e-01;1.735178e-01;1.686723e-01;1.562874e-01;8.693677e-02;1.787215e-01;2.559090e+00;5.419635e+00;2.414191e-01;1.688534e+00;1.213940e-01;9.617957e-01;3.595745e-02;9.156577e-02;1.312599e-02;2.817208e-02;9.935498e-02;1.657945e-01;5.885972e-02;2.912644e-01;6.733574e-02;4.392431e-01;8.113997e-02;5.535924e-01;1.180310e-01;6.931524e-01;1.218640e-01;7.655877e-01;1.486250e-01;7.983799e-01;1.841993e-01;8.528060e-01;2.325323e-01;9.487209e-01;3.184742e-01;1.075137e+00;3.029624e-01;1.077671e+00;2.009331e-01;1.113286e+00;2.126221e-01;1.187153e+00;1.928212e-01;1.170272e+00;3.191806e-01;1.286873e+00;2.014901e-01;1.242250e+00;2.565466e-01;1.288416e+00;3.619967e-01;1.380924e+00;3.170723e-01;1.500077e+00;4.722182e-01;1.329076e+00;4.319254e-01;1.325379e+00;2.827970e-01;1.196834e+00;3.001019e-01;1.074372e+00;3.408332e-01;9.235406e-01;2.801709e-01;7.407159e-01;2.021369e-01;5.861709e-01;2.245632e-01;3.816909e-01;1.815533e-01;1.876038e-01;7.803501e+01;1.574795e+02;1.979242e+02;2.902676e+02;3.319944e+02;5.107676e+02;4.762126e+02;7.980205e+02;3.904592e-01;8.297065e-01;2.259697e+02;4.272300e+02;6.626593e-01;3.271121e+00;2.310221e+05;3.361213e+05;4.986642e+00;8.236046e+00;1.671291e+02;1.687714e+02;3.679223e-01;-4.595364e-01;1.932920e-01;3.906724e-01;3.291865e-01;5.669266e-01;3.850095e+00;2.599922e+01;7.904135e+00;6.076058e-01;5.494442e+00;8.639563e+00;8.626140e+00;5.281313e+00;8.266562e+00;9.115016e+00;5.715695e+00;1.323742e+01;8.014907e+00;1.132462e+01;9.414173e+00;-1.164318e+01;9.907066e+00;-1.009570e+01;6.237971e+00;-6.993653e+00;1.320679e+01;6.415635e-01;7.635019e+00;-6.478201e+00;9.331755e+00;-1.367154e+00;1.044201e+01;9.983230e-01;3.018459e-03;-7.235586e-05;1.691561e-06;3.084027e-08;1.222565e-05;-1.878929e-06;1.384925e-05;1.831661e-08;9.139194e-06;5.583323e-07;1.857454e-04;4.454157e-06;4.917987e-02;-3.997418e-03;3.393828e-02;3.806976e-04;7.623874e-03;5.223094e-04;1.862006e-03;-2.281431e-04;2.257701e-02;-2.553058e-04;1.209701e-02;3.481299e-05;1.348444e-02;4.020350e-04;1.995617e-02;8.322828e-04;2.821651e-02;4.559532e-03;3.171533e-02;4.070639e-03;3.673035e-02;1.953243e-03;3.114186e-02;6.619853e-04;6.053992e-02;-8.506647e-04;9.571572e-02;-2.657962e-03;7.150216e-02;-2.335924e-03;6.102494e-02;-3.950059e-04;5.790795e-02;2.512881e-03;6.075120e-02;4.086839e-04;9.600958e-02;-8.691390e-04;6.554878e-02;-1.524228e-03;6.911779e-02;2.877201e-03;1.203712e-01;-1.337875e-03;9.935801e-02;-3.198433e-03;1.370219e-01;4.297305e-03;1.175846e-01;2.085066e-05;9.103560e-02;8.655710e-04;8.674248e-02;-5.713864e-04;9.479658e-02;-5.817328e-04;9.128144e-02;5.390295e-04;6.255314e-02;4.397423e-04;4.888546e-02;8.713541e-03;5.185502e-02;-2.026576e-03;2.039113e+01;-3.014649e-01;4.430754e+01;-8.469726e-01;5.839824e+01;-3.057715e+00;8.029385e+01;-6.904981e+00;1.203517e-01;5.110912e-03;3.915131e+01;-2.752197e+00;1.038453e-01;-1.031875e-02;5.629079e+04;-4.719049e+03;9.482082e-01;6.305739e-02;3.584839e+01;3.322029e+00;8.559303e-02;-5.320324e-03;3.280509e-02;-2.171860e-03;8.058285e-02;9.589932e-03;1.232321e+00;1.079965e-01;1.360636e+00;1.162240e-01;1.285756e+00;4.859549e-02;2.034049e+00;3.441118e-02;1.998361e+00;2.960127e-02;1.961494e+00;-6.049075e-02;2.492222e+00;-1.138208e-01;2.777300e+00;4.772616e-02;2.589440e+00;1.104058e-01;2.039728e+00;5.440477e-02;2.294183e+00;1.694279e-01;1.871105e+00;8.122130e-02;2.176662e+00;-2.833671e-02;2.744475e+00;-5.672298e-02
14.500000;3.711732e+01;9.800092e+01;2.673160e-02;7.689081e-01;1.179911e-01;1.060958e-01;1.450466e-01;9.361446e-02;8.083044e-02;1.642098e-01;2.681076e+00;7.479039e+00;2.308449e-01;1.651276e+00;1.692134e-01;1.022642e+00;3.218721e-02;1.130373e-01;1.206630e-02;2.255858e-02;9.504171e-02;1.584549e-01;5.678157e-02;3.026757e-01;7.144757e-02;4.481854e-01;8.977102e-02;5.721917e-01;1.994707e-01;7.173992e-01;1.950454e-01;7.908726e-01;2.072221e-01;8.120425e-01;1.833546e-01;7.935312e-01;1.565184e-01;8.893889e-01;1.795799e-01;1.050501e+00;3.115640e-01;1.114696e+00;1.783782e-01;1.148441e+00;2.670875e-01;1.190653e+00;2.074555e-01;1.236640e+00;3.960662e-01;1.319288e+00;3.533275e-01;1.377545e+00;5.154306e-01;1.498650e+00;3.738191e-01;1.421602e+00;5.232106e-01;1.558001e+00;7.205068e-01;1.642054e+00;4.934511e-01;1.517761e+00;4.680405e-01;1.315316e+00;4.482144e-01;1.223008e+00;4.054877e-01;9.686139e-01;3.723200e-01;8.390141e-01;3.185810e-01;6.821653e-01;4.750926e-01;6.123616e-01;7.044043e-02;1.222032e-01;6.493037e+01;1.379561e+02;1.789474e+02;2.189209e+02;2.875245e+02;3.112266e+02;3.400216e+02;4.105664e+02;4.016480e-01;9.290128e-01;1.933065e+02;3.046496e+02;5.185548e-01;2.806409e+00;3.954853e+05;3.387449e+05;4.272180e+00;1.085018e+01;1.615248e+02;2.336679e+02;3.501652e-01;-6.602531e-01;1.639811e-01;2.854085e-01;5.860536e-01;9.547607e-01;5.423628e+00;2.556939e+01;7.609932e+00;8.719150e+00;7.838256e+00;1.353199e+01;7.667901e+00;8.590968e+00;8.026384e+00;1.285343e+01;7.598854e+00;1.013219e+01;8.328443e+00;5.388331e+00;9.172450e+00;-1.370316e+01;8.682642e+00;-8.062821e+00;1.158762e+01;1.370554e+00;1.004547e+01;6.539378e+00;1.016770e+01;-5.486742e+00;9.580421e+00;-5.552231e+00;1.081694e+01;-2.011661e+00;1.703799e-03;-3.081570e-04;1.474364e-06;-1.073372e-07;7.152324e-06;-3.568588e-07;9.966245e-06;2.095929e-07;7.275808e-06;-6.373909e-08;1.792637e-04;9.150557e-06;5.282901e-02;1.895830e-03;4.510540e-02;2.378302e-03;7.012581e-03;3.920975e-04;2.184324e-03;-4.900479e-05;2.037781e-02;4.674435e-04;1.127827e-02;-1.644740e-04;1.175269e-02;-1.753938e-04;2.091204e-02;2.575156e-03;4.337313e-02;3.032489e-03;4.395556e-02;-1.895877e-03;4.747211e-02;-3.000244e-06;4.572219e-02;4.385119e-03;3.128758e-02;9.002401e-04;6.291253e-02;9.815156e-04;7.493282e-02;-4.393082e-03;5.343570e-02;-1.552425e-03;9.293626e-02;1.175117e-02;5.207972e-02;3.027938e-04;1.114940e-01;6.451968e-03;1.031042e-01;4.382351e-04;1.318414e-01;1.240810e-03;1.043697e-01;1.277615e-02;1.354395e-01;7.101436e-03;1.835113e-01;-3.155395e-03;1.276045e-01;2.897179e-03;1.228419e-01;9.703297e-05;1.298842e-01;7.072947e-04;1.066838e-01;1.057352e-02;1.133140e-01;2.867352e-03;8.853744e-02;3.628574e-03;7.532395e-02;7.585978e-03;2.042824e-02;-5.903068e-04;1.360744e+01;-1.291992e+00;3.060337e+01;-3.531445e+00;4.009701e+01;-6.474317e+00;4.847921e+01;-6.660937e+00;1.050317e-01;3.034745e-03;3.106310e+01;-3.044345e+00;9.261120e-02;-5.578958e-03;1.025805e+05;8.186099e+03;1.085978e+00;2.174241e-02;4.401569e+01;1.631038e-01;8.387293e-02;-2.563228e-03;2.628265e-02;-2.610693e-03;9.584714e-02;4.844327e-03;1.522439e+00;2.211597e-03;1.547620e+00;1.295571e-01;1.499378e+00;1.887777e-01;1.799860e+00;1.185641e-01;2.244392e+00;-6.408372e-03;1.935219e+00;-9.111082e-02;2.215868e+00;-7.453697e-02;2.898407e+00;-9.025670e-03;2.377147e+00;1.307370e-01;2.808314e+00;-4.368289e-02;1.855131e+00;2.159138e-01;2.324603e+00;2.073399e-01;2.341764e+00;1.318384e-01;1.977168e+00;7.573362e-03
15.000000;5.146926e+00;8.596497e+01;1.960432e-02;7.690200e-01;1.237485e-01;7.636644e-02;9.649891e-02;6.457447e-02;1.350771e-01;1.706398e-01;2.170084e+00;8.114401e+00;2.782148e-01;1.854021e+00;1.877369e-01;1.103498e+00;2.477591e-02;1.026222e-01;1.101445e-02;3.077979e-02;2.509562e-02;1.289406e-01;5.127783e-02;2.578635e-01;6.939062e-02;4.089799e-01;1.351472e-01;6.332374e-01;2.255472e-01;7.347811e-01;2.033848e-01;7.925398e-01;2.726125e-01;9.283206e-01;2.566093e-01;9.742459e-01;1.974204e-01;1.004628e+00;2.206984e-01;1.087751e+00;2.477432e-01;1.159745e+00;1.835150e-01;1.246802e+00;5.039114e-01;1.431707e+00;2.032760e-01;1.342405e+00;5.134000e-01;1.535630e+00;3.660487e-01;1.601075e+00;4.715089e-01;1.678896e+00;4.632562e-01;1.623834e+00;6.198887e-01;1.686829e+00;6.907871e-01;1.657693e+00;4.951182e-01;1.514107e+00;4.913825e-01;1.387132e+00;4.670480e-01;1.239121e+00;4.782087e-01;1.074908e+00;3.530124e-01;8.595503e-01;3.116706e-01;7.002347e-01;5.371594e-01;9.573384e-01;9.611442e-02;1.788278e-01;4.415701e+01;1.475742e+02;7.223682e+01;2.200693e+02;9.347207e+01;3.006035e+02;3.931678e+02;6.399668e+02;3.164211e-01;7.803544e-01;1.204380e+02;3.741117e+02;5.467269e-01;3.172739e+00;4.945789e+05;6.380661e+05;2.875565e+00;8.418825e+00;1.117446e+02;1.319448e+02;2.675224e-01;-5.311012e-01;9.578846e-02;3.394037e-01;5.135338e-01;9.726211e-01;5.308784e+00;2.264528e+01;6.612741e+00;7.257004e+00;5.171834e+00;1.616519e+01;3.713456e+00;9.441763e+00;9.240562e+00;6.286255e+00;7.939013e+00;3.927297e+00;6.643217e+00;1.307552e+00;6.702004e+00;-1.760184e+01;9.785028e+00;-8.001163e+00;1.295265e+01;-3.299652e-01;8.351608e+00;9.354182e+00;1.182528e+01;7.008531e-01;1.283571e+01;4.636489e+00;1.332989e+01;1.901473e+00;2.526927e-04;-2.377135e-05;1.138937e-06;9.031677e-08;5.993093e-06;-9.005996e-08;5.017819e-06;4.105146e-07;9.684496e-06;-3.811914e-07;1.226915e-04;1.099429e-05;5.932400e-02;3.102762e-03;4.796341e-02;-1.228562e-04;3.898578e-03;-2.672454e-04;2.108442e-03;9.637188e-05;6.714447e-03;4.364268e-04;8.038664e-03;-6.075487e-04;9.795054e-03;-2.119556e-03;2.352219e-02;-4.282589e-03;4.687459e-02;-7.559353e-03;4.599621e-02;-4.744467e-03;6.202248e-02;8.887110e-04;5.868431e-02;2.697532e-04;3.813736e-02;-9.242491e-04;6.748282e-02;2.896534e-03;6.366263e-02;6.119257e-03;5.671845e-02;1.150373e-03;1.082930e-01;-4.568551e-03;5.553284e-02;6.355205e-04;1.359015e-01;3.769553e-04;1.109494e-01;4.081836e-03;1.369535e-01;2.454128e-03;1.098412e-01;-1.324523e-04;1.491063e-01;3.357489e-03;1.789479e-01;-3.475999e-03;1.298296e-01;3.390857e-04;1.250237e-01;1.853425e-03;1.285012e-01;6.915702e-04;1.082700e-01;1.023949e-04;9.650759e-02;-7.928405e-04;8.209921e-02;3.598933e-04;1.100722e-01;-1.198585e-02;2.016470e-02;2.361507e-03;1.154965e+01;-6.890625e-01;1.442600e+01;-8.182617e-01;2.198011e+01;-1.349414e+00;9.746107e+01;2.627051e+00;6.461810e-02;-7.644565e-03;2.777348e+01;4.014074e-01;9.998359e-02;-2.829232e-03;1.316241e+05;3.522310e+03;7.037039e-01;-5.300025e-02;2.807748e+01;-3.149949e+00;4.655677e-02;2.803634e-03;2.128868e-02;-7.609195e-05;7.515150e-02;-1.307731e-02;1.426153e+00;-1.489150e-01;1.474781e+00;-1.311897e-01;1.434460e+00;-6.047611e-03;1.251056e+00;5.515028e-02;2.140869e+00;5.620216e-02;2.259880e+00;1.677494e-01;2.009990e+00;1.991873e-01;2.340700e+00;3.045939e-02;2.298579e+00;8.136005e-02;2.645625e+00;1.339520e-01;2.530423e+00;-3.889202e-02;2.455146e+00;-5.718792e-02;2.144353e+00;7.096937e-02;2.046593e+00;1.787225e-01
15.500000;2.492702e+00;8.208662e+01;1.912695e-02;7.674058e-01;9.606568e-02;4.289500e-02;1.189245e-01;7.369567e-02;1.349829e-01;1.388718e-01;2.277283e+00;8.368223e+00;1.953997e-01;1.946676e+00;1.469469e-01;1.065893e+00;1.600436e-02;8.737543e-02;8.123138e-03;3.678508e-02;2.857993e-02;1.320076e-01;3.932785e-02;2.502264e-01;8.320985e-02;4.065690e-01;1.651577e-01;5.926245e-01;1.813528e-01;6.744578e-01;1.260292e-01;7.528754e-01;2.197577e-01;9.864529e-01;2.185560e-01;1.115879e+00;1.839939e-01;1.057879e+00;2.610895e-01;1.039303e+00;3.027210e-01;1.196493e+00;1.726477e-01;1.261467e+00;4.830059e-01;1.430626e+00;1.930860e-01;1.313482e+00;4.729707e-01;1.508558e+00;3.148135e-01;1.504042e+00;3.070545e-01;1.500888e+00;3.938951e-01;1.587004e+00;4.797780e-01;1.609432e+00;8.691530e-01;1.613660e+00;5.780305e-01;1.397558e+00;3.267901e-01;1.277146e+00;4.240588e-01;1.115222e+00;3.905496e-01;9.798716e-01;2.244722e-01;7.728178e-01;1.959927e-01;6.366837e-01;5.216038e-01;7.423577e-01;1.061575e-01;2.422326e-01;5.171377e+01;1.253232e+02;9.657721e+01;2.095898e+02;1.687397e+02;4.036758e+02;3.584885e+02;1.007610e+03;1.663993e-01;6.045505e-01;1.046231e+02;4.492656e+02;4.430733e-01;3.505676e+00;3.761206e+05;7.370208e+05;1.589310e+00;6.113353e+00;3.283425e+01;6.853567e+01;1.540805e-01;-3.726850e-01;8.628929e-02;3.907315e-01;1.888283e-01;5.186784e-01;3.265549e+00;2.179537e+01;4.827450e+00;-3.083541e-02;3.379427e+00;1.378238e+01;5.311822e+00;8.129090e+00;9.398648e+00;4.934011e+00;9.856075e+00;5.963834e+00;8.423876e+00;5.130111e+00;1.480846e+01;-7.900853e+00;7.683731e+00;-3.666614e+00;1.059943e+01;-2.704702e+00;1.347931e+01;1.960771e+00;1.195648e+01;-2.213393e+00;1.081295e+01;1.601940e+01;4.690422e+00;1.398931e+01;2.082385e-04;-2.207665e-06;1.000350e-06;-1.050598e-07;4.682292e-06;9.923235e-08;5.042574e-06;-1.235251e-07;8.878710e-06;1.551566e-07;1.259401e-04;-1.991610e-06;4.631942e-02;-6.362901e-04;3.168276e-02;-2.516379e-03;3.892526e-03;-2.401014e-04;2.056527e-03;-8.163265e-05;7.048847e-03;-2.484130e-04;9.540034e-03;5.804333e-04;1.592021e-02;6.059423e-04;2.277638e-02;-2.965655e-03;3.207295e-02;-4.068631e-03;3.435140e-02;3.996447e-04;5.512417e-02;3.150961e-03;5.534168e-02;-2.509743e-03;4.508006e-02;2.635014e-03;7.322364e-02;6.085274e-03;6.456741e-02;5.349069e-03;4.360572e-02;-2.011945e-03;8.808285e-02;-1.689545e-02;4.650409e-02;-1.531027e-03;1.182582e-01;4.731460e-04;7.818155e-02;-2.339661e-03;7.839669e-02;-2.567948e-03;7.386756e-02;-3.919066e-03;1.028007e-01;-7.746195e-03;1.897189e-01;9.059159e-04;1.278016e-01;-3.442562e-03;8.953306e-02;-3.872779e-03;1.181607e-01;-6.333934e-03;6.789099e-02;-1.188677e-02;5.473723e-02;-6.540040e-03;5.126956e-02;-6.731464e-03;9.549005e-02;-6.783923e-03;2.381921e-02;6.180784e-04;1.164242e+01;1.148437e-01;1.639417e+01;1.435547e+00;4.522601e+01;4.005176e+00;1.319410e+02;6.804492e+00;5.721980e-02;-9.183465e-04;3.326273e+01;8.702645e-01;1.160611e-01;5.428614e-03;1.082877e+05;-1.220618e+04;4.132549e-01;-4.197980e-02;1.037665e+01;-4.207399e-01;4.371517e-02;1.747714e-03;2.476428e-02;8.240420e-04;4.112937e-02;-4.054268e-03;9.193850e-01;7.389387e-02;1.196041e+00;-1.955269e-01;1.141570e+00;-4.697842e-02;1.358827e+00;-1.266621e-01;1.822553e+00;4.698426e-02;2.177548e+00;2.267464e-01;2.188961e+00;1.588416e-01;2.412803e+00;1.243706e-01;2.354064e+00;-8.979078e-02;2.201470e+00;3.688291e-02;2.556786e+00;-1.767611e-01;2.277195e+00;-2.552309e-01;2.188208e+00;-1.977220e-01;1.786220e+00;1.124713e-01
16.000000;6.669187e+00;8.609623e+01;2.736108e-02;7.644461e-01;8.574840e-02;4.963459e-02;9.685013e-02;6.487584e-02;7.206471e-02;1.153849e-01;2.744147e+00;8.289340e+00;1.839611e-01;2.001608e+00;8.632627e-02;1.018852e+00;3.364014e-02;1.015115e-01;1.032776e-02;3.511590e-02;3.662808e-02;1.374978e-01;5.998370e-02;3.105332e-01;8.919464e-02;4.613222e-01;9.922179e-02;5.100635e-01;1.388901e-01;6.420276e-01;9.278590e-02;7.685083e-01;1.564039e-01;8.915255e-01;2.209716e-01;9.860860e-01;1.858805e-01;1.023916e+00;2.484069e-01;9.974266e-01;2.760556e-01;1.079170e+00;2.445848e-01;1.195525e+00;1.578413e-01;1.168665e+00;1.569683e-01;1.254365e+00;2.893770e-01;1.442694e+00;1.656025e-01;1.402264e+00;2.193624e-01;1.464494e+00;4.419303e-01;1.634019e+00;2.859591e-01;1.460961e+00;8.656847e-01;1.753734e+00;5.688963e-01;1.389268e+00;2.064737e-01;1.238184e+00;3.551158e-01;1.096347e+00;2.026336e-01;8.813527e-01;1.165801e-01;7.184061e-01;1.191487e-01;5.817897e-01;2.136834e-01;4.225173e-01;1.049120e-01;2.709609e-01;3.990097e+01;1.165664e+02;9.996386e+01;1.864775e+02;2.653528e+02;4.186055e+02;5.421964e+02;9.415752e+02;1.650563e-01;6.526280e-01;1.515868e+02;4.242383e+02;6.186160e-01;3.329766e+00;2.716235e+05;5.799154e+05;1.965938e+00;5.533140e+00;3.823791e+01;6.100040e+01;3.757809e-01;-5.401239e-01;1.198262e-01;3.607335e-01;7.700984e-01;7.494065e-01;2.657880e+00;2.200790e+01;4.948929e+00;-1.178506e+00;7.993203e+00;1.830523e+01;6.405835e+00;6.067426e+00;9.271890e+00;5.693437e+00;9.475728e+00;1.389043e+01;8.435777e+00;1.320834e+01;8.431771e+00;2.317181e-01;5.546023e+00;-1.583923e+00;1.166396e+01;-5.271250e+00;8.064407e+00;-7.407397e+00;7.343404e+00;-1.347688e+01;1.386861e+01;8.176151e+00;5.639892e+00;1.345772e+01;3.863769e-04;3.424947e-05;7.811657e-07;3.340910e-08;4.811158e-06;1.117213e-07;4.741531e-06;-3.674760e-07;5.840468e-06;-5.373724e-08;1.140411e-04;5.746646e-06;3.907276e-02;2.622493e-03;2.222412e-02;6.319235e-05;3.942819e-03;6.275331e-04;2.154335e-03;-8.767951e-05;7.492682e-03;-3.231371e-04;9.919884e-03;9.631594e-04;1.509200e-02;2.247234e-03;1.712571e-02;2.815271e-03;3.425726e-02;2.685085e-03;2.790059e-02;1.825029e-03;4.479098e-02;-3.475871e-03;5.511725e-02;-1.380721e-03;5.163847e-02;9.713279e-04;6.765817e-02;-4.789393e-03;5.892559e-02;-5.363452e-03;6.737705e-02;-1.567544e-04;6.379032e-02;3.224345e-03;5.232257e-02;-2.619056e-03;4.257485e-02;1.857957e-04;4.741842e-02;-1.827128e-03;7.419001e-02;-3.810474e-03;9.609485e-02;-6.781805e-04;7.465026e-02;1.621407e-03;2.078170e-01;2.351228e-03;1.282758e-01;3.492973e-03;5.370515e-02;-2.106882e-03;1.010345e-01;2.476620e-03;4.404847e-02;1.490062e-03;3.476259e-02;8.781436e-04;3.482949e-02;9.463870e-04;4.409899e-02;6.443793e-03;2.214003e-02;1.090643e-04;7.830392e+00;9.043945e-01;2.082531e+01;7.464844e-01;5.947212e+01;8.900391e-01;1.136924e+02;-4.636817e+00;4.523082e-02;1.229197e-03;3.277449e+01;-1.866665e-01;1.024558e-01;-6.731784e-04;7.490099e+04;-2.435063e+03;5.117373e-01;2.152395e-03;1.123500e+01;1.329371e-01;5.316261e-02;-8.825326e-03;2.399346e-02;8.054364e-05;1.140792e-01;2.223736e-02;7.913081e-01;3.303529e-02;1.168994e+00;9.089141e-02;1.243594e+00;1.661388e-01;2.004064e+00;-1.030456e-02;1.868226e+00;-6.501918e-02;2.147281e+00;-9.833731e-02;2.021711e+00;-5.769796e-02;2.491874e+00;1.071232e-01;2.045682e+00;-9.578852e-02;2.272471e+00;-2.804141e-01;2.576503e+00;-1.324003e-01;2.106286e+00;-2.467531e-01;1.927980e+00;6.816595e-04;1.983040e+00;1.913640e-02
16.500000;1.049074e+01;8.380193e+01;2.540172e-02;7.644594e-01;1.000444e-01;9.152627e-02;1.206043e-01;1.319783e-01;7.812832e-02;1.539293e-01;2.762516e+00;7.450669e+00;2.017546e-01;2.046614e+00;8.639943e-02;1.014710e+00;3.828603e-02;1.247377e-01;1.110190e-02;2.928823e-02;3.473223e-02;1.408176e-01;7.490371e-02;3.047833e-01;9.336986e-02;4.503898e-01;9.970272e-02;5.540215e-01;1.286073e-01;7.101709e-01;1.162227e-01;7.901621e-01;2.243801e-01;8.898295e-01;1.848576e-01;9.411280e-01;1.578450e-01;9.987240e-01;1.888274e-01;1.040480e+00;2.200149e-01;1.037603e+00;3.477380e-01;1.267627e+00;1.979185e-01;1.199400e+00;1.621907e-01;1.204367e+00;2.558990e-01;1.489667e+00;1.865588e-01;1.426637e+00;2.301719e-01;1.440282e+00;4.805600e-01;1.641798e+00;3.170073e-01;1.489028e+00;4.078957e-01;1.449521e+00;2.400709e-01;1.322507e+00;2.089747e-01;1.238524e+00;2.197506e-01;1.070002e+00;1.750681e-01;9.353071e-01;1.158185e-01;7.405966e-01;1.151362e-01;6.090811e-01;2.771442e-01;5.054774e-01;9.793409e-02;2.784814e-01;4.087529e+01;1.169971e+02;8.985320e+01;1.755674e+02;2.417513e+02;3.245771e+02;5.445948e+02;7.660078e+02;3.847431e-01;8.565116e-01;1.513694e+02;3.614995e+02;5.906991e-01;3.091137e+00;2.465629e+05;4.599763e+05;3.516973e+00;7.047264e+00;1.093464e+02;1.068107e+02;5.434127e-01;-8.163324e-01;1.176802e-01;3.120247e-01;9.472448e-01;1.059241e+00;3.565344e+00;2.315142e+01;5.137482e+00;1.583930e+00;6.892456e+00;2.212668e+01;5.940501e+00;8.342829e+00;5.769743e+00;-7.208727e-01;6.478368e+00;1.814129e+01;6.117329e+00;1.703146e+01;7.666291e+00;-7.220213e-01;6.376254e+00;-9.525601e-02;7.474698e+00;-1.064849e+01;8.043221e+00;-7.752738e+00;8.409714e+00;-1.528428e+01;7.671276e+00;4.211389e+00;7.299280e+00;1.563528e+01;5.006993e-04;-2.673508e-05;9.794992e-07;7.397470e-08;6.240920e-06;3.329262e-07;5.681370e-06;4.497669e-07;5.862099e-06;3.679760e-07;1.349998e-04;-2.919706e-06;4.349955e-02;3.156795e-03;2.037010e-02;5.448398e-04;7.496380e-03;7.465954e-04;2.008489e-03;-1.334089e-04;9.629359e-03;2.597126e-04;1.045857e-02;6.137458e-04;1.230186e-02;1.562636e-03;1.917589e-02;3.026066e-03;3.455685e-02;2.823770e-03;2.442036e-02;3.301853e-03;7.031433e-02;-1.758958e-03;5.515349e-02;-2.115687e-03;4.674796e-02;-5.220363e-04;5.557001e-02;-3.101925e-03;6.385060e-02;-4.061283e-03;1.010866e-01;3.326286e-03;5.703522e-02;6.114952e-03;6.375185e-02;3.896941e-03;4.731235e-02;-3.339229e-03;4.545641e-02;1.907767e-03;7.282174e-02;2.999623e-03;1.269626e-01;-3.710203e-03;8.525185e-02;-2.890469e-03;1.175063e-01;4.356235e-04;7.499364e-02;2.165794e-03;4.985045e-02;4.272659e-04;4.624748e-02;1.427733e-03;4.624676e-02;2.267929e-05;3.645157e-02;6.455948e-04;3.419005e-02;7.075978e-04;5.232819e-02;8.910218e-03;2.376807e-02;4.488824e-04;9.573064e+00;-4.306641e-01;2.026840e+01;-1.923633e+00;4.876889e+01;-5.455078e+00;1.111052e+02;-6.948047e+00;1.035101e-01;4.863332e-03;3.073977e+01;-2.918408e+00;1.033439e-01;-9.428225e-03;7.450258e+04;-2.155702e+03;1.000040e+00;5.690145e-02;3.520026e+01;1.563261e+00;1.427349e-01;-7.415910e-03;2.372301e-02;-2.443176e-03;1.821972e-01;1.073910e-02;7.969320e-01;5.284000e-02;1.196282e+00;9.703242e-02;1.652964e+00;8.159277e-02;2.056016e+00;1.069686e-01;1.637997e+00;-1.138158e-01;2.106739e+00;-1.449081e-01;1.833899e+00;1.246684e-02;2.331856e+00;8.872648e-02;2.059723e+00;9.983308e-03;2.070846e+00;-2.175946e-05;2.743784e+00;-4.809099e-02;2.402219e+00;3.324130e-02;1.391419e+00;1.458862e-01;1.908200e+00;1.845413e-04
17.000000;4.486941e+01;9.835268e+01;1.655935e-02;7.648049e-01;1.404227e-01;1.276508e-01;1.783389e-01;1.956905e-01;8.959386e-02;1.779781e-01;2.148333e+00;6.523061e+00;2.852471e-01;2.140604e+00;1.213144e-01;1.021574e+00;3.902656e-02;1.353704e-01;1.247975e-02;2.887503e-02;1.920086e-02;1.256972e-01;6.257629e-02;2.702329e-01;1.241398e-01;4.282283e-01;1.220732e-01;5.966377e-01;1.410292e-01;7.223272e-01;1.565818e-01;7.941619e-01;2.509563e-01;8.998106e-01;1.322779e-01;9.820917e-01;3.035849e-01;1.034984e+00;4.980610e-01;1.107430e+00;2.587981e-01;1.097263e+00;3.773859e-01;1.231623e+00;3.232276e-01;1.246711e+00;3.105205e-01;1.314274e+00;2.024337e-01;1.310233e+00;1.717284e-01;1.376181e+00;2.262322e-01;1.413072e+00;3.825079e-01;1.462123e+00;3.150383e-01;1.438801e+00;4.477149e-01;1.452261e+00;5.786382e-01;1.530958e+00;2.760229e-01;1.266288e+00;2.327273e-01;1.065099e+00;2.601359e-01;9.557001e-01;2.033366e-01;7.906734e-01;1.798175e-01;6.480647e-01;7.764274e-01;9.863057e-01;1.780413e-01;3.102032e-01;3.617436e+01;1.221650e+02;4.771439e+01;1.701123e+02;1.489151e+02;2.906982e+02;3.864495e+02;7.342822e+02;3.910027e-01;9.491241e-01;1.195309e+02;3.477700e+02;4.528836e-01;3.118828e+00;4.522599e+05;4.687362e+05;3.247178e+00;7.238332e+00;1.061579e+02;1.112383e+02;5.670294e-01;-9.516717e-01;9.144808e-02;3.102986e-01;1.448685e+00;1.757636e+00;5.653963e+00;2.571555e+01;4.361662e+00;3.207094e+00;6.216452e+00;2.055055e+01;5.769280e+00;8.052222e+00;6.221988e+00;-5.024739e+00;8.349599e+00;1.407590e+01;5.935184e+00;1.447228e+01;7.480874e+00;1.166513e+00;1.204228e+01;-2.737019e+00;6.721528e+00;-9.853565e+00;8.595947e+00;-1.037682e+01;9.243002e+00;-1.540331e+01;4.541847e+00;1.182838e+01;9.662946e+00;1.446346e+01;1.799316e-03;1.353098e-04;9.774313e-07;-3.441141e-08;8.869649e-06;9.244326e-07;9.406007e-06;1.324124e-06;6.552572e-06;1.007895e-07;1.248219e-04;-1.722197e-05;6.212537e-02;-3.717917e-03;3.297821e-02;-4.333647e-04;7.440818e-03;-1.070426e-03;2.258759e-03;1.863190e-04;6.747281e-03;-4.790735e-04;8.358798e-03;-1.817643e-03;1.329168e-02;-3.005922e-03;2.170190e-02;1.198477e-05;1.834126e-02;-2.159123e-03;2.611296e-02;-1.419012e-03;7.241976e-02;2.663950e-03;4.424119e-02;1.347371e-03;7.543665e-02;4.513658e-05;1.262341e-01;1.564382e-04;7.750835e-02;4.545446e-04;1.033223e-01;-3.675865e-03;7.911894e-02;2.020947e-03;8.704563e-02;3.518515e-03;4.774163e-02;-5.176955e-03;4.652215e-02;6.034326e-04;8.323713e-02;8.337811e-05;1.315924e-01;-5.406926e-03;8.172999e-02;-7.976381e-05;9.474605e-02;-1.777832e-03;1.576977e-01;2.892098e-03;7.268436e-02;2.060790e-03;5.921944e-02;-7.053708e-04;6.915839e-02;1.134839e-04;6.186408e-02;-8.367860e-04;4.816607e-02;-6.992845e-04;8.772691e-02;-5.778981e-03;5.104195e-02;-2.033665e-03;8.729731e+00;0;1.065848e+01;1.019238e+00;3.086320e+01;5.684766e+00;1.081438e+02;8.555860e+00;1.207511e-01;-1.521586e-03;2.541523e+01;3.407130e+00;9.146376e-02;1.508912e-02;1.096615e+05;6.968441e+03;9.715397e-01;-1.915696e-02;3.508380e+01;-5.435921e-01;1.414091e-01;1.259108e-02;1.989841e-02;2.785296e-03;2.422483e-01;-1.987648e-02;9.222249e-01;-3.787330e-02;1.207318e+00;-2.108102e-02;1.926560e+00;-1.626289e-01;1.543539e+00;-1.663955e-01;1.569759e+00;-4.990835e-02;1.987074e+00;-8.373179e-02;1.620958e+00;1.037083e-01;2.532766e+00;3.015943e-02;2.885135e+00;-1.217960e-01;1.933224e+00;1.007460e-01;2.267282e+00;-7.688949e-02;2.680809e+00;8.817200e-02;1.534821e+00;2.073190e-01;2.386892e+00;-4.167520e-02
17.500000;5.146364e+01;1.217948e+02;1.598136e-02;7.605359e-01;1.532984e-01;1.591005e-01;1.844198e-01;1.681443e-01;9.501327e-02;1.846278e-01;1.445670e+00;5.559136e+00;3.297557e-01;2.045217e+00;1.501589e-01;1.024658e+00;4.702061e-02;1.026036e-01;1.151080e-02;3.495717e-02;2.034188e-02;1.212197e-01;5.274264e-02;2.580402e-01;1.129516e-01;4.154030e-01;1.165041e-01;5.705696e-01;1.618632e-01;6.794373e-01;1.501684e-01;7.787812e-01;2.020839e-01;8.702083e-01;1.420330e-01;9.190029e-01;3.151098e-01;1.033318e+00;5.007968e-01;1.114957e+00;2.579447e-01;1.195042e+00;2.937072e-01;1.109611e+00;4.988402e-01;1.329013e+00;3.035101e-01;1.436040e+00;2.351254e-01;1.227448e+00;1.815378e-01;1.364721e+00;1.820061e-01;1.464553e+00;3.974801e-01;1.400573e+00;4.449466e-01;1.566482e+00;4.709239e-01;1.475939e+00;6.100368e-01;1.586026e+00;3.255588e-01;1.286497e+00;3.058881e-01;1.115234e+00;3.989755e-01;9.758756e-01;2.220439e-01;7.378708e-01;2.057586e-01;6.092523e-01;8.371302e-01;8.420301e-01;1.919937e-01;2.563657e-01;2.951612e+01;1.370947e+02;6.526215e+01;2.347119e+02;2.586246e+02;5.160791e+02;4.252419e+02;9.885176e+02;2.691525e-01;7.204487e-01;1.428011e+02;4.624496e+02;4.728004e-01;3.632342e+00;4.529878e+05;553196;1.347345e+00;5.250769e+00;3.125634e+01;5.886908e+01;5.388589e-01;-6.014096e-01;1.047922e-01;4.090713e-01;1.473973e+00;1.473183e+00;5.958825e+00;2.534319e+01;4.708859e+00;1.000983e-01;6.536482e+00;1.733035e+01;6.411821e+00;2.245616e+00;6.637250e+00;-4.407253e+00;7.848702e+00;7.912286e+00;7.246143e+00;1.429162e+01;7.913748e+00;2.828417e+00;1.183305e+01;-5.522330e+00;6.915742e+00;-9.189721e+00;8.538941e+00;-1.171972e+01;8.233591e+00;-1.310468e+01;5.440117e+00;1.326959e+01;1.003335e+01;7.034511e+00;2.121838e-03;3.157603e-05;7.567730e-07;4.971706e-08;9.829811e-06;4.688445e-07;1.230420e-05;-3.410835e-07;7.118073e-06;-4.055915e-07;9.085317e-05;4.560971e-06;6.255707e-02;-1.392468e-03;3.859675e-02;-1.853514e-04;3.562533e-03;-6.334883e-04;2.100814e-03;1.345427e-04;2.402470e-03;1.308819e-04;5.923664e-03;-7.505631e-04;1.074099e-02;-1.538299e-03;2.354734e-02;2.932832e-05;2.355341e-02;-1.455706e-03;2.725538e-02;-2.124380e-03;5.035365e-02;1.267397e-03;4.706864e-02;4.071171e-04;8.115590e-02;-7.728544e-04;1.272021e-01;-1.584633e-03;8.240841e-02;6.782592e-04;7.991198e-02;-1.182901e-03;1.461799e-01;-5.752768e-03;8.636004e-02;1.849942e-03;4.520835e-02;3.832361e-03;4.828951e-02;1.677127e-03;7.898431e-02;-2.010414e-03;1.133389e-01;-3.568099e-03;1.201737e-01;1.012913e-03;1.030822e-01;2.568096e-03;1.698842e-01;1.208673e-04;8.208531e-02;1.787187e-04;7.229923e-02;1.025100e-03;1.063228e-01;9.201870e-04;6.021836e-02;6.564628e-04;4.991394e-02;-4.332829e-04;7.895560e-02;-6.222234e-03;4.943655e-02;-7.094305e-04;6.790668e+00;8.613281e-02;1.816733e+01;9.761719e-01;4.979395e+01;3.890332e+00;1.003413e+02;4.464551e+00;7.554089e-02;-4.972954e-03;2.771778e+01;2.014324e+00;6.160872e-02;9.121472e-03;1.025939e+05;2.098614e+03;3.641252e-01;-4.704646e-02;9.399972e+00;-1.424934e+00;4.828231e-02;6.644276e-03;1.935777e-02;1.684531e-03;1.982316e-01;-9.485603e-03;9.972298e-01;-6.015534e-02;1.077958e+00;-5.072925e-02;1.751708e+00;-3.755078e-02;1.412373e+00;-1.204784e-01;1.770873e+00;3.640692e-02;2.096243e+00;-7.203781e-02;2.311615e+00;2.876302e-02;2.438859e+00;3.910783e-02;2.882883e+00;-4.884143e-02;2.224599e+00;-2.329715e-02;2.158517e+00;7.423160e-02;2.395375e+00;8.545569e-03;1.962438e+00;2.396728e-02;2.452806e+00;2.831099e-02
18.000000;5.515372e+01;1.316778e+02;1.680464e-02;7.498937e-01;1.368271e-01;9.926283e-02;1.178450e-01;8.176070e-02;9.121860e-02;1.896793e-01;1.653918e+00;4.465382e+00;2.398974e-01;1.936166e+00;1.490222e-01;1.013535e+00;9.196472e-03;7.010013e-02;7.120361e-03;4.041068e-02;1.853567e-02;1.227216e-01;4.051132e-02;2.589443e-01;6.562613e-02;4.080371e-01;1.069465e-01;5.590779e-01;1.103754e-01;6.568123e-01;9.493186e-02;7.627129e-01;1.492987e-01;8.505200e-01;1.368942e-01;8.992184e-01;2.053800e-01;9.704571e-01;3.724799e-01;1.167482e+00;2.474320e-01;1.273484e+00;2.221559e-01;1.133058e+00;4.435276e-01;1.315257e+00;2.794704e-01;1.390181e+00;2.638525e-01;1.253744e+00;2.139424e-01;1.367225e+00;1.901670e-01;1.475742e+00;4.321455e-01;1.431736e+00;4.466899e-01;1.518373e+00;3.512847e-01;1.391247e+00;3.777179e-01;1.389268e+00;3.466785e-01;1.291329e+00;3.197805e-01;1.124006e+00;4.068861e-01;9.464826e-01;3.176102e-01;7.645920e-01;2.356740e-01;6.302025e-01;1.474042e-01;3.497027e-01;1.305391e-01;2.125806e-01;3.247129e+01;1.444160e+02;5.853705e+01;2.662939e+02;1.831684e+02;6.841816e+02;3.989234e+02;1.332044e+03;1.264095e-01;5.814515e-01;1.080639e+02;5.714940e+02;2.128644e-01;4.061460e+00;5.396744e+05;7.834638e+05;1.189210e+00;4.585813e+00;1.929405e+01;4.350927e+01;6.785942e-02;-2.305284e-01;7.226584e-02;4.927521e-01;1.504331e-01;5.161997e-01;4.490710e+00;2.262045e+01;4.308340e+00;-2.690479e+00;4.624921e+00;1.286378e+01;5.628909e+00;1.238974e+00;5.678786e+00;-1.415540e+00;6.530891e+00;8.504777e+00;8.103573e+00;1.255634e+01;1.055658e+01;-1.414790e+00;6.933332e+00;-6.801133e+00;6.912535e+00;-7.138932e+00;6.713853e+00;-1.157066e+01;7.434403e+00;-6.950474e+00;8.849021e+00;7.923910e+00;7.696629e+00;4.644685e+00;2.014601e-03;-1.627562e-04;7.310508e-07;-1.245181e-07;8.538823e-06;1.993610e-07;1.012908e-05;-6.583788e-07;6.044476e-06;1.238154e-07;7.402829e-05;1.609088e-07;5.058544e-02;-1.653405e-03;3.320333e-02;-1.406490e-03;2.253609e-03;-3.791125e-05;1.560592e-03;-2.141618e-06;2.557132e-03;2.212448e-04;8.921726e-03;4.285128e-04;1.225022e-02;9.228368e-04;2.607283e-02;-4.701884e-04;2.547352e-02;2.336964e-03;2.417153e-02;-3.351977e-04;3.115083e-02;-1.920537e-03;4.475939e-02;-1.694900e-03;5.712421e-02;-1.829953e-03;1.061210e-01;1.831387e-03;7.942776e-02;-1.067642e-03;5.849124e-02;-1.224111e-03;1.435598e-01;-3.729534e-03;8.799478e-02;-5.295407e-03;5.876867e-02;4.211401e-04;5.388133e-02;-2.727938e-03;6.861814e-02;-2.569226e-03;9.878115e-02;3.214947e-03;1.167182e-01;-3.958565e-03;9.177659e-02;-5.397714e-04;1.018334e-01;-7.488063e-03;8.248019e-02;-2.483106e-03;6.782687e-02;-2.465227e-03;1.047218e-01;-2.566286e-03;6.605449e-02;-1.719803e-03;5.176779e-02;-1.860314e-03;3.324994e-02;1.983989e-03;3.618168e-02;3.018960e-05;6.566133e+00;4.737305e-01;1.895257e+01;4.019531e-01;5.805434e+01;-1.148438e+00;1.299097e+02;-1.435547e-01;4.726100e-02;-3.874304e-04;3.397222e+01;-5.855566e-01;6.739048e-02;7.240438e-04;1.404168e+05;-3.684366e+03;3.110711e-01;7.019950e-03;4.964610e+00;2.401487e-01;1.920121e-02;3.647732e-04;2.294478e-02;-2.707161e-04;4.006499e-02;-8.633954e-04;1.035542e+00;4.123547e-02;1.268079e+00;-2.430662e-02;1.419150e+00;-5.529062e-02;1.433499e+00;1.976093e-02;1.886676e+00;1.092398e-02;2.106281e+00;-1.576957e-02;2.503603e+00;-1.729109e-01;1.969382e+00;-2.001128e-01;2.304811e+00;5.583994e-02;2.188159e+00;2.867099e-02;2.270154e+00;9.161191e-02;1.934297e+00;1.854844e-01;2.374221e+00;-1.802002e-01;1.767672e+00;-8.552693e-02
18.500000;5.288802e+01;1.090809e+02;2.007658e-02;7.537711e-01;1.105120e-01;6.392985e-02;1.192384e-01;8.484394e-02;7.935045e-02;1.643397e-01;2.653970e+00;5.771293e+00;2.444945e-01;2.073014e+00;1.404947e-01;1.033492e+00;3.610010e-02;9.797069e-02;1.020212e-02;3.492945e-02;5.300722e-02;1.447749e-01;4.459758e-02;2.796694e-01;5.327448e-02;4.212158e-01;1.286109e-01;6.471066e-01;1.283298e-01;7.602647e-01;6.587970e-02;7.476928e-01;1.154612e-01;8.352600e-01;1.131589e-01;9.365712e-01;2.314523e-01;1.044188e+00;3.434285e-01;1.245849e+00;2.574522e-01;1.118357e+00;2.125514e-01;1.132909e+00;3.577718e-01;1.236125e+00;3.129512e-01;1.339998e+00;2.563650e-01;1.355933e+00;1.869627e-01;1.382477e+00;1.971312e-01;1.458366e+00;3.774762e-01;1.570598e+00;4.549746e-01;1.514181e+00;3.565244e-01;1.506580e+00;4.302300e-01;1.407815e+00;3.009044e-01;1.297858e+00;2.494681e-01;1.107860e+00;2.826228e-01;9.379966e-01;3.041797e-01;8.045437e-01;2.112497e-01;6.365935e-01;1.011834e+00;1.132269e+00;1.285358e-01;2.551114e-01;4.660467e+01;1.432676e+02;7.147395e+01;2.579678e+02;2.009496e+02;5.218213e+02;5.044016e+02;1.058429e+03;3.641239e-01;7.720000e-01;1.580412e+02;4.796338e+02;5.588441e-01;3.710069e+00;5.881951e+05;6.349616e+05;3.128340e+00;6.625071e+00;1.309782e+02;1.056759e+02;4.406654e-01;-5.166941e-01;1.172033e-01;4.274425e-01;5.132481e-01;8.713811e-01;4.210644e+00;2.375554e+01;5.002686e+00;9.692689e-03;4.923975e+00;1.305313e+01;5.723516e+00;1.633831e+00;5.989244e+00;-1.307249e+00;4.783337e+00;1.097252e+01;6.505404e+00;7.865514e+00;7.401872e+00;-1.130663e+01;6.917656e+00;-1.137066e+01;6.198110e+00;-5.282428e+00;1.206607e+01;-6.128106e-01;1.155330e+01;6.124488e+00;1.134762e+01;9.219407e+00;5.772482e+00;6.863261e+00;1.676466e-03;1.938707e-05;8.819632e-07;-3.499255e-09;6.915168e-06;5.764378e-08;7.734299e-06;1.244700e-07;4.172990e-06;-1.964102e-07;7.703414e-05;4.545363e-06;5.420038e-02;-7.954852e-04;3.254634e-02;-1.045187e-03;7.736688e-03;4.047287e-04;1.599970e-03;-2.297808e-04;1.277780e-02;-2.054923e-04;1.326369e-02;-6.172400e-05;1.317526e-02;1.613794e-05;2.969386e-02;-1.690704e-03;3.014097e-02;-2.926080e-04;1.843727e-02;-1.360630e-03;3.229449e-02;-2.699664e-03;3.484978e-02;-3.381386e-03;5.770786e-02;-2.525376e-03;1.068796e-01;-5.963257e-04;6.050412e-02;-2.783387e-03;5.769194e-02;3.252332e-03;1.009815e-01;3.700026e-04;1.077815e-01;-6.158575e-03;7.437128e-02;-4.829647e-03;4.857129e-02;-2.607835e-03;6.071457e-02;2.135614e-04;1.082180e-01;-1.124565e-03;1.260571e-01;5.164928e-03;8.919454e-02;-3.634404e-03;1.153882e-01;5.311797e-04;7.378814e-02;5.775882e-04;5.279740e-02;-1.867598e-03;7.291912e-02;-1.129197e-03;6.691572e-02;-7.115034e-04;4.683528e-02;3.600177e-04;2.078556e-01;2.332196e-02;3.951056e-02;-2.955464e-04;1.323100e+01;5.024414e-01;2.476348e+01;6.890625e-01;4.374849e+01;-2.426074e+00;1.171147e+02;-6.287695e+00;9.248983e-02;-4.199587e-05;3.313326e+01;-1.480383e+00;1.112904e-01;-1.176097e-02;1.337967e+05;-2.778000e+03;7.900634e-01;4.418312e-02;4.198279e+01;1.138879e+00;1.125018e-01;-3.563385e-03;2.594816e-02;-9.244515e-04;1.218555e-01;1.094854e-02;9.778343e-01;1.762001e-02;1.388590e+00;7.160313e-02;1.209384e+00;6.383406e-02;1.458759e+00;-7.739462e-03;1.990337e+00;2.279015e-02;1.861935e+00;5.020792e-02;2.230161e+00;-2.171603e-01;1.895723e+00;-2.272904e-01;2.064732e+00;-1.002493e-01;2.115024e+00;1.008854e-01;2.388072e+00;2.038996e-01;1.719741e+00;2.779310e-01;2.523589e+00;5.013655e-02;1.609653e+00;-2.138161e-02
19.000000;5.803578e+00;7.682366e+01;2.080233e-02;7.683375e-01;9.549024e-02;9.142683e-02;1.136938e-01;1.020706e-01;1.379375e-01;1.747743e-01;2.375622e+00;7.890030e+00;3.177416e-01;1.887875e+00;1.503077e-01;9.824108e-01;3.663044e-02;1.174350e-01;6.914917e-03;2.267826e-02;5.253478e-02;1.504427e-01;4.903815e-02;2.748595e-01;7.354482e-02;4.066346e-01;1.809368e-01;6.027097e-01;1.759268e-01;7.289103e-01;5.069189e-02;7.588510e-01;1.353271e-01;8.265674e-01;2.150096e-01;8.877527e-01;3.017380e-01;9.712588e-01;1.864967e-01;1.070761e+00;2.310239e-01;1.100153e+00;2.398056e-01;1.210291e+00;5.300555e-01;1.261524e+00;3.220471e-01;1.287191e+00;2.925197e-01;1.305554e+00;2.641667e-01;1.367047e+00;2.991792e-01;1.416434e+00;3.204621e-01;1.397099e+00;4.445314e-01;1.467787e+00;3.465948e-01;1.424185e+00;4.329288e-01;1.341650e+00;2.268389e-01;1.161684e+00;3.235913e-01;1.035656e+00;1.914345e-01;8.256955e-01;1.583928e-01;6.945608e-01;1.264598e-01;5.674208e-01;1.134991e+00;1.466620e+00;1.009405e-01;2.000729e-01;4.937864e+01;1.116855e+02;1.002312e+02;1.940859e+02;1.148096e+02;3.145283e+02;2.632642e+02;5.703428e+02;4.695165e-01;8.939840e-01;1.010280e+02;3.036448e+02;4.477338e-01;3.059458e+00;1.195879e+05;2.357569e+05;3.791707e+00;9.171444e+00;1.814556e+02;1.995982e+02;5.298312e-01;-7.251664e-01;9.253976e-02;2.904156e-01;6.532012e-01;8.998299e-01;2.812689e+00;2.781077e+01;4.073440e+00;1.480056e+00;5.077565e+00;1.660336e+01;7.347947e+00;4.251814e+00;6.886904e+00;1.795851e+00;6.688867e+00;1.036520e+01;8.744130e+00;1.972906e+00;7.925321e+00;-1.277918e+01;9.642090e+00;-7.795884e+00;1.240172e+01;6.578732e+00;9.354418e+00;7.342835e+00;1.051486e+01;8.994471e+00;1.083994e+01;1.190232e+01;5.014254e+00;9.861960e+00;3.722860e-04;-1.347183e-06;1.024205e-06;1.307149e-07;4.155002e-06;-4.776381e-07;6.364623e-06;-3.003814e-07;7.252285e-06;-2.260339e-07;1.265789e-04;8.857631e-06;5.473945e-02;6.336160e-03;2.983632e-02;5.906229e-03;1.103883e-02;6.171379e-04;1.419009e-03;-6.059461e-05;1.389944e-02;1.297881e-04;1.537586e-02;3.259189e-04;2.066417e-02;1.696674e-03;4.424328e-02;3.369652e-03;3.833555e-02;1.480383e-03;1.289932e-02;7.845581e-05;4.371950e-02;-4.570276e-04;4.554002e-02;4.449776e-03;6.455588e-02;9.707317e-03;6.353409e-02;-3.815388e-03;5.803411e-02;1.784239e-03;5.944590e-02;5.688805e-03;1.042044e-01;1.985176e-02;9.796211e-02;1.107671e-02;8.216133e-02;2.560099e-03;5.572003e-02;1.102629e-02;7.355787e-02;1.301510e-02;8.212744e-02;2.004052e-03;1.277437e-01;5.120673e-03;8.154723e-02;4.310033e-03;1.211411e-01;1.545879e-02;6.405061e-02;1.037519e-02;7.222468e-02;1.533067e-02;5.320805e-02;7.100622e-03;3.411268e-02;7.318554e-03;2.943562e-02;4.574849e-03;2.758842e-01;2.405288e-02;2.591902e-02;2.325670e-03;1.525086e+01;-8.326172e-01;2.827283e+01;-1.722656e-01;3.084651e+01;-2.813672e+00;7.616651e+01;-3.919043e+00;1.373226e-01;3.142216e-03;2.659368e+01;-1.119995e+00;1.224699e-01;-7.957980e-03;3.434118e+04;-1.364785e+03;1.144789e+00;-1.442634e-02;5.992002e+01;-3.368164e-01;1.781026e-01;-5.470646e-03;2.396732e-02;-9.943282e-04;1.530230e-01;1.183593e-02;7.396950e-01;-1.283081e-02;1.264698e+00;1.205429e-02;1.267408e+00;9.779312e-02;1.798384e+00;1.262126e-01;1.992660e+00;4.040739e-02;2.397290e+00;-2.094612e-01;2.259344e+00;-1.031653e-02;2.324764e+00;-2.862511e-02;2.107812e+00;4.938493e-02;2.130233e+00;5.835476e-02;3.033277e+00;-4.870999e-02;2.232528e+00;2.071173e-01;2.860163e+00;3.242171e-01;1.530723e+00;7.134146e-02
19.500000;9.646309e+01;1.078551e+02;8.096430e-02;7.639092e-01;1.153636e-01;1.016936e-01;8.399687e-02;5.981398e-02;1.474473e-01;1.657508e-01;9.220462e+00;5.604209e+00;2.916158e-01;1.875375e+00;1.758444e-01;1.023587e+00;3.143972e-02;1.078778e-01;9.869466e-03;2.611615e-02;2.912281e-02;1.279193e-01;5.215340e-02;2.798488e-01;8.138506e-02;4.240268e-01;2.315166e-01;5.926971e-01;2.058720e-01;6.973295e-01;7.350869e-02;7.851667e-01;2.127200e-01;8.541411e-01;2.800259e-01;9.165997e-01;3.484085e-01;9.847109e-01;2.575404e-01;1.033271e+00;2.187696e-01;1.118537e+00;1.835103e-01;1.240545e+00;5.581188e-01;1.369357e+00;3.077087e-01;1.305819e+00;3.164228e-01;1.338493e+00;3.181928e-01;1.393716e+00;3.730173e-01;1.439676e+00;2.906040e-01;1.434824e+00;2.996650e-01;1.471525e+00;2.995204e-01;1.416938e+00;4.400796e-01;1.406629e+00;4.469815e-01;1.309093e+00;4.923093e-01;1.188992e+00;4.525860e-01;9.935693e-01;3.968884e-01;8.274078e-01;2.787061e-01;6.624157e-01;1.541753e+00;1.692414e+00;8.200965e-02;2.046071e-01;8.580909e+01;1.505889e+02;1.175901e+02;2.342812e+02;1.585390e+02;3.571641e+02;3.157700e+02;6.059443e+02;3.602943e-01;8.231769e-01;1.263637e+02;3.540276e+02;5.292132e-01;3.101878e+00;2.888933e+05;3.151812e+05;3.881630e+00;8.034568e+00;1.609784e+02;1.551001e+02;4.356244e-01;-5.993737e-01;1.150952e-01;3.365135e-01;8.086181e-01;1.018306e+00;4.135565e+00;2.736479e+01;6.969133e+00;-2.098601e-01;4.635414e+00;1.602009e+01;6.521292e+00;6.537800e+00;6.141978e+00;1.311435e+00;1.081589e+01;3.839955e+00;1.029987e+01;-1.627622e+00;9.343925e+00;-1.360085e+01;6.522136e+00;-3.831020e+00;1.142069e+01;7.299829e+00;9.873568e+00;4.896370e+00;1.134364e+01;8.408880e+00;1.048939e+01;1.053093e+01;5.093804e+00;1.028006e+01;3.234107e-03;1.223585e-04;1.292458e-06;-2.565812e-08;4.843275e-06;6.467988e-08;4.369564e-06;1.956651e-07;7.343004e-06;-4.557583e-08;6.222997e-04;-8.819276e-06;6.136491e-02;-2.010445e-03;3.816543e-02;8.261847e-05;9.982313e-03;-3.476052e-04;1.712264e-03;5.353994e-05;7.365854e-03;2.296209e-04;1.535048e-02;4.958436e-04;2.340149e-02;-7.365120e-05;6.466609e-02;-1.958163e-03;5.824917e-02;-2.106040e-03;2.480612e-02;3.359570e-04;6.599378e-02;-1.917248e-03;6.976280e-02;2.741749e-03;6.921591e-02;4.386840e-03;8.083003e-02;-3.404656e-03;6.007766e-02;-1.961027e-04;5.797705e-02;-3.415352e-03;1.001174e-01;5.522099e-03;8.067912e-02;2.909980e-03;7.531016e-02;-1.823846e-03;7.924549e-02;3.336558e-03;9.890481e-02;5.627027e-03;6.068087e-02;-1.948833e-03;9.780819e-02;-5.757422e-03;8.233178e-02;-5.209053e-04;1.265543e-01;5.502024e-04;1.178708e-01;-1.301802e-03;1.178410e-01;2.618955e-04;1.172615e-01;8.602266e-04;9.827597e-02;-1.022469e-04;7.086307e-02;-5.836195e-04;4.349220e-01;-2.244515e-02;2.160478e-02;-6.525023e-05;2.165585e+01;-5.167969e-01;2.049036e+01;-1.665234e+00;3.876128e+01;-3.301758e-01;9.058321e+01;2.942871e+00;1.147012e-01;2.298647e-03;2.317061e+01;1.596804e-01;1.592763e-01;4.954992e-03;7.821491e+04;1.837166e+03;1.037777e+00;-3.089801e-02;4.463760e+01;-9.227279e-01;1.503546e-01;3.011244e-03;1.859375e-02;-2.257595e-04;2.100780e-01;-1.087131e-02;9.674348e-01;-1.393158e-02;1.755647e+00;-6.342815e-03;1.320866e+00;-2.186525e-02;1.814178e+00;1.304354e-01;1.700945e+00;-6.900032e-03;3.083174e+00;-5.851858e-02;2.973040e+00;1.832609e-01;3.197542e+00;5.041115e-02;2.046687e+00;1.216644e-01;1.603534e+00;-6.486535e-02;3.382865e+00;-2.462256e-01;3.102362e+00;1.553954e-02;2.823331e+00;1.630333e-01;1.681034e+00;-1.892127e-01
20.000000;9.646341e+01;1.092472e+02;7.984398e-02;7.517068e-01;1.253931e-01;8.407225e-02;1.207829e-01;8.620463e-02;8.044709e-02;1.038892e-01;1.061808e+01;3.491875e+00;2.983507e-01;1.826827e+00;1.700213e-01;1.023909e+00;2.725845e-02;8.370647e-02;9.138973e-03;3.478080e-02;2.789748e-02;1.179260e-01;4.456399e-02;2.682787e-01;4.945785e-02;4.222323e-01;2.091213e-01;5.811901e-01;1.924171e-01;6.894608e-01;9.739537e-02;7.947822e-01;2.504365e-01;8.777606e-01;2.317398e-01;9.502234e-01;2.711802e-01;1.063586e+00;2.769282e-01;1.021644e+00;2.216081e-01;1.037004e+00;1.477546e-01;1.156216e+00;3.911377e-01;1.339637e+00;2.502223e-01;1.263044e+00;3.063027e-01;1.334569e+00;3.344560e-01;1.391493e+00;4.006111e-01;1.458938e+00;3.234771e-01;1.453222e+00;3.847468e-01;1.478940e+00;2.956774e-01;1.480928e+00;4.103411e-01;1.445283e+00;4.744973e-01;1.311729e+00;4.934944e-01;1.181898e+00;4.659273e-01;1.022671e+00;4.203533e-01;8.312565e-01;3.278569e-01;6.477171e-01;1.505328e+00;1.357414e+00;8.873594e-02;1.807698e-01;7.787428e+01;1.744189e+02;8.794831e+01;2.882578e+02;2.150256e+02;4.679883e+02;4.427201e+02;8.923359e+02;1.648664e-01;6.684614e-01;1.275973e+02;4.554221e+02;5.251063e-01;3.563464e+00;4.516365e+05;4.896842e+05;2.102538e+00;5.623087e+00;4.409943e+01;6.718877e+01;2.412494e-01;-3.645987e-01;9.915133e-02;4.182803e-01;7.848448e-01;8.539479e-01;4.537354e+00;2.594688e+01;6.534290e+00;-1.023378e+00;3.929311e+00;1.386760e+01;6.017984e+00;4.958657e+00;6.367271e+00;-2.074424e+00;8.518595e+00;-1.235730e+00;1.030065e+01;1.709890e+00;8.639338e+00;-1.126752e+01;6.671572e+00;-4.456645e+00;5.269219e+00;-1.863593e+00;9.954276e+00;-1.722164e-02;9.472081e+00;1.141240e+01;1.142835e+01;1.886723e+01;7.866052e+00;2.771962e+00;3.241019e-03;1.837164e-04;1.181715e-06;-9.458993e-08;5.949868e-06;2.743435e-07;5.365476e-06;1.574787e-07;3.830266e-06;4.858703e-08;7.301091e-04;-6.892811e-06;6.340733e-02;-2.584083e-03;4.510619e-02;-1.311125e-04;6.110397e-03;-5.770462e-04;2.220285e-03;3.182162e-04;5.212600e-03;-2.664843e-04;1.163772e-02;2.196407e-04;1.646195e-02;-2.484129e-04;5.415390e-02;-2.677171e-03;5.364300e-02;-2.125907e-03;3.305046e-02;1.021939e-03;6.906529e-02;-1.446283e-03;7.625105e-02;-3.869875e-03;7.742818e-02;-7.755461e-03;8.684734e-02;8.438394e-03;6.520768e-02;4.362908e-03;4.954183e-02;8.726193e-05;8.302790e-02;-1.994110e-02;6.840879e-02;-7.569865e-03;7.815327e-02;1.040747e-02;1.080100e-01;-8.459479e-03;1.256238e-01;-1.392178e-02;9.152653e-02;1.254018e-02;1.292780e-01;8.474260e-03;8.988622e-02;4.335091e-03;1.222427e-01;-2.191241e-03;1.391265e-01;5.997016e-03;1.295504e-01;-4.933544e-03;1.291198e-01;5.117813e-03;1.145027e-01;5.042998e-03;9.322863e-02;5.952660e-03;3.955907e-01;-2.301693e-02;2.290193e-02;-1.778314e-03;2.113957e+01;7.608398e-01;2.158509e+01;-1.722656e-01;7.521854e+01;1.464258e+00;1.368873e+02;1.147002e+01;4.706304e-02;-2.947952e-03;3.754692e+01;3.357029e+00;1.523700e-01;1.018446e-02;1.295289e+05;1.601701e+04;6.741672e-01;-9.041570e-03;1.519856e+01;-2.222235e-01;5.830681e-02;5.122982e-03;2.655358e-02;2.248751e-03;1.870333e-01;-1.172664e-02;1.253812e+00;-1.021428e-01;1.748734e+00;6.347195e-02;1.334439e+00;-5.867093e-02;1.546749e+00;-8.429915e-02;2.322396e+00;-2.543864e-02;2.868675e+00;1.224371e-01;3.201513e+00;-9.385732e-02;2.962995e+00;3.774902e-02;2.359287e+00;-7.999889e-02;1.791655e+00;-8.977070e-02;3.403039e+00;1.292564e-01;2.760058e+00;-1.832714e-01;3.037360e+00;-3.662535e-01;1.557188e+00;-8.524392e-02
20.500000;5.408701e+01;1.083172e+02;1.581678e-02;7.476268e-01;1.376138e-01;1.045542e-01;1.646863e-01;1.416125e-01;1.032013e-01;1.311348e-01;6.294725e+00;3.704450e+00;2.336272e-01;1.695398e+00;1.870113e-01;1.008046e+00;1.012870e-02;6.213281e-02;1.654592e-02;4.243008e-02;1.876133e-02;1.221102e-01;3.087808e-02;2.643383e-01;5.243451e-02;4.234930e-01;7.165838e-02;5.084823e-01;9.105319e-02;6.368837e-01;1.030327e-01;7.831245e-01;2.044753e-01;8.381464e-01;1.430790e-01;8.669391e-01;1.759800e-01;9.787529e-01;2.514410e-01;1.063170e+00;4.103961e-01;1.255032e+00;1.864114e-01;1.215857e+00;1.550789e-01;1.199695e+00;2.829050e-01;1.282558e+00;3.347015e-01;1.339855e+00;3.874426e-01;1.382993e+00;4.463630e-01;1.453235e+00;4.425241e-01;1.490754e+00;4.363228e-01;1.474009e+00;2.816694e-01;1.439470e+00;3.893678e-01;1.362820e+00;5.124047e-01;1.310159e+00;4.526969e-01;1.125905e+00;3.827282e-01;9.525576e-01;3.380357e-01;7.849620e-01;3.325003e-01;6.539044e-01;1.286138e-01;4.306491e-01;8.692289e-02;1.609474e-01;4.888854e+01;1.635088e+02;7.384853e+01;2.667246e+02;2.843399e+02;5.618730e+02;5.849134e+02;1.294720e+03;1.311795e-01;5.339361e-01;2.151085e+02;5.578403e+02;4.304043e-01;4.015908e+00;1.028139e+06;9.714046e+05;1.065238e+00;5.052642e+00;2.503118e+01;4.921386e+01;6.737049e-02;-1.857976e-01;1.549362e-01;4.821204e-01;1.086302e-01;3.393806e-01;5.658667e+00;2.283414e+01;4.187852e+00;2.348303e-01;4.762355e+00;1.128594e+01;5.813829e+00;7.765657e+00;7.332533e+00;9.543840e-01;6.060733e+00;-7.288109e-01;9.380424e+00;-2.179062e+00;6.546936e+00;-1.126887e+01;7.726125e+00;-2.055806e+00;7.628678e+00;8.171972e-01;7.980723e+00;-2.014398e+00;7.354092e+00;5.370403e+00;1.242859e+01;1.406948e+01;4.287268e+00;-1.593346e+00;1.600124e-03;5.457462e-05;7.475934e-07;-3.908067e-09;9.054587e-06;-1.637413e-07;9.712703e-06;-2.706220e-07;4.573515e-06;2.528953e-07;4.066350e-04;2.475708e-06;6.121049e-02;-1.876118e-03;4.642104e-02;-1.926601e-04;2.536442e-03;-2.733857e-04;3.536357e-03;9.637188e-05;3.201785e-03;-6.938502e-05;1.133494e-02;-4.567918e-04;1.757657e-02;7.150296e-05;1.511177e-02;1.617330e-03;2.598192e-02;2.386856e-03;3.299710e-02;8.638210e-04;5.383793e-02;3.285967e-03;5.467590e-02;-2.611527e-03;7.004153e-02;-3.850186e-03;8.138814e-02;5.061352e-03;8.834992e-02;3.081170e-03;4.565551e-02;2.321206e-04;5.702489e-02;-4.817934e-03;7.151479e-02;5.004419e-04;9.240896e-02;1.706384e-03;1.112985e-01;-5.769460e-03;1.259151e-01;-7.409357e-03;1.168303e-01;1.780381e-03;1.220434e-01;-5.770636e-04;7.340645e-02;2.343188e-03;9.764642e-02;-2.671716e-04;1.281749e-01;-7.499683e-04;1.170008e-01;-2.397047e-04;9.013656e-02;-2.646076e-04;8.252580e-02;-6.706693e-04;8.190718e-02;-1.858696e-04;4.016612e-02;-2.226365e-03;2.095162e-02;5.103922e-05;1.138832e+01;2.727539e-01;2.346165e+01;1.335059e+00;8.545010e+01;9.761719e-01;1.644293e+02;5.383301e+00;4.611413e-02;-3.673434e-03;5.266516e+01;1.095672e+00;9.216424e-02;5.379070e-03;2.575716e+05;4.872106e+02;4.067032e-01;-4.163567e-04;9.408517e+00;9.452392e-03;1.738214e-02;1.887251e-03;3.708281e-02;1.071151e-03;3.578171e-02;-2.365110e-03;1.116846e+00;-1.771010e-02;1.088290e+00;-3.722235e-02;1.248338e+00;-8.948650e-02;1.414026e+00;1.697506e-03;2.349829e+00;1.175059e-01;2.070523e+00;-6.560875e-02;2.385630e+00;-2.634075e-01;1.861825e+00;-7.218636e-02;2.412867e+00;1.028516e-01;2.304129e+00;2.115882e-01;2.982480e+00;2.220321e-01;1.848335e+00;-1.577895e-01;2.638584e+00;-3.527464e-01;1.378695e+00;-7.894654e-03
21.000000;5.203212e+01;1.104990e+02;2.655099e-02;7.610795e-01;1.237197e-01;1.144915e-01;1.442462e-01;1.220928e-01;1.111006e-01;1.593035e-01;3.706255e+00;5.991663e+00;2.195534e-01;1.726186e+00;1.651005e-01;1.031137e+00;3.526724e-02;8.453145e-02;1.964448e-02;3.503023e-02;4.416832e-02;1.525129e-01;5.724619e-02;2.961395e-01;6.763023e-02;4.418371e-01;7.047573e-02;5.440363e-01;9.172517e-02;6.545730e-01;9.551588e-02;7.696139e-01;1.703861e-01;8.784228e-01;2.515945e-01;9.253669e-01;2.031713e-01;9.481472e-01;2.143912e-01;1.114936e+00;4.023440e-01;1.194060e+00;1.985702e-01;1.181884e+00;1.710414e-01;1.169263e+00;2.960325e-01;1.307189e+00;3.463456e-01;1.382578e+00;3.588682e-01;1.360521e+00;4.357173e-01;1.413181e+00;4.074584e-01;1.537308e+00;4.913827e-01;1.584394e+00;2.926247e-01;1.491147e+00;3.574366e-01;1.411390e+00;4.647951e-01;1.382657e+00;3.708422e-01;1.174726e+00;3.380816e-01;9.979680e-01;2.796408e-01;8.056864e-01;2.664982e-01;6.900172e-01;1.240207e-01;4.001526e-01;8.118217e-02;1.631153e-01;5.663028e+01;1.350850e+02;9.904066e+01;2.015508e+02;3.106750e+02;4.147295e+02;7.103972e+02;9.880869e+02;4.119259e-01;6.465563e-01;2.652659e+02;4.487524e+02;8.305039e-01;3.514002e+00;1.013256e+06;8.641156e+05;4.676676e+00;8.889879e+00;1.602060e+02;1.583152e+02;3.992597e-01;-4.092711e-01;2.052605e-01;3.890599e-01;1.235418e-01;2.980326e-01;4.413407e+00;2.177374e+01;5.574415e+00;4.026063e+00;3.807531e+00;1.056650e+01;5.050427e+00;1.019071e+01;6.537283e+00;5.937024e+00;8.552464e+00;3.583438e+00;9.267585e+00;-2.176972e+00;9.745056e+00;-8.864894e+00;8.946527e+00;3.225152e+00;8.371371e+00;5.626169e+00;7.204820e+00;1.420972e+00;5.373798e+00;1.735383e+00;7.833260e+00;3.502685e+00;5.371757e+00;2.319567e+00;1.598903e-03;-6.065133e-06;1.017293e-06;8.963502e-08;8.179580e-06;1.503796e-07;9.157488e-06;-1.358177e-07;5.056586e-06;5.473279e-07;1.471338e-04;-4.409495e-07;5.550913e-02;-3.878558e-03;3.918321e-02;-3.536981e-03;7.618144e-03;8.555939e-04;3.387619e-03;-4.344923e-04;9.812565e-03;7.601730e-04;1.642588e-02;9.821736e-04;2.249470e-02;1.147879e-04;1.969765e-02;-4.460152e-04;2.613081e-02;-2.228604e-03;2.765935e-02;-8.348328e-04;4.695090e-02;1.988248e-03;5.468824e-02;-1.588128e-03;6.235711e-02;5.730440e-03;7.138464e-02;-3.450345e-03;7.461271e-02;-7.195114e-03;4.412846e-02;-3.893982e-03;5.177031e-02;-4.942865e-04;8.495675e-02;5.124510e-03;9.630045e-02;-7.320945e-03;9.191799e-02;-2.970061e-03;1.113281e-01;3.548692e-03;1.057037e-01;-8.266658e-03;1.274453e-01;-1.117391e-02;7.066647e-02;-2.341829e-03;7.799443e-02;-9.395479e-03;9.572434e-02;-1.460982e-02;9.627227e-02;-8.547793e-03;7.503247e-02;-8.985405e-03;5.454941e-02;-9.520024e-03;5.157512e-02;-6.947265e-03;4.237536e-02;-3.398994e-03;1.645862e-02;-3.448276e-04;9.486119e+00;-1.134082e+00;1.818979e+01;-1.708301e+00;5.576838e+01;-4.062598e+00;1.261070e+02;-1.630781e+01;1.288784e-01;1.112810e-02;4.423801e+01;-5.854315e+00;1.100042e-01;-2.044831e-02;2.362712e+05;-1.727308e+04;9.700590e-01;1.320613e-01;4.178600e+01;4.104880e+00;1.069047e-01;-9.562016e-03;3.235442e-02;-4.548893e-03;3.814916e-02;-8.149509e-04;8.618560e-01;8.830010e-02;8.957471e-01;3.591223e-02;9.716561e-01;7.208459e-02;1.306872e+00;1.292852e-01;1.743758e+00;1.430825e-01;2.234813e+00;2.046507e-01;2.086103e+00;1.607781e-01;2.348498e+00;2.244497e-01;2.029705e+00;6.280330e-04;2.340354e+00;7.650678e-03;2.397592e+00;9.404996e-02;1.945910e+00;7.152023e-02;2.081187e+00;-6.023508e-02;1.628874e+00;-9.236409e-02
21.500000;2.758245e+00;8.224919e+01;2.225798e-02;7.850043e-01;7.345043e-02;7.857335e-02;6.855371e-02;7.186625e-02;1.313437e-01;1.795912e-01;2.761936e+00;8.991333e+00;2.491321e-01;1.621635e+00;1.784521e-01;1.009139e+00;2.842428e-02;1.044882e-01;6.703843e-03;2.101537e-02;4.526043e-02;1.505334e-01;6.188495e-02;2.928109e-01;6.117326e-02;4.291820e-01;9.469014e-02;5.389514e-01;8.159452e-02;6.307911e-01;6.806369e-02;7.670525e-01;2.123513e-01;8.759209e-01;2.799789e-01;9.311708e-01;4.017290e-01;1.106719e+00;2.720919e-01;1.096675e+00;2.123236e-01;1.045385e+00;1.687073e-01;1.080007e+00;1.303840e-01;1.124631e+00;5.372016e-01;1.387366e+00;4.709453e-01;1.413772e+00;2.281965e-01;1.323479e+00;4.152722e-01;1.464853e+00;6.705644e-01;1.609835e+00;4.335989e-01;1.413699e+00;5.600542e-01;1.568554e+00;4.854062e-01;1.435400e+00;3.545976e-01;1.246310e+00;2.465864e-01;1.079144e+00;3.212475e-01;9.308338e-01;1.714478e-01;7.194786e-01;1.207666e-01;5.750613e-01;1.329487e-01;3.038549e-01;1.304223e-01;1.539529e-01;1.421409e+01;8.412305e+01;4.240480e+01;1.131211e+02;7.818447e+01;1.757109e+02;3.198048e+02;4.524844e+02;4.028604e-01;7.344249e-01;8.893417e+01;2.371050e+02;3.841376e-01;2.754295e+00;1.572225e+05;3.016412e+05;4.603736e+00;1.138033e+01;1.723322e+02;2.437334e+02;3.615108e-01;-5.709878e-01;7.200982e-02;2.155774e-01;1.167469e-01;2.278706e-01;3.671443e+00;2.443627e+01;4.686628e+00;5.613460e+00;4.371344e+00;1.529796e+01;5.358935e+00;1.121620e+01;6.243920e+00;1.095409e+01;8.378981e+00;1.089377e+01;8.682518e+00;7.567028e+00;8.182338e+00;-5.447858e+00;9.688930e+00;2.399906e+00;7.246046e+00;5.591518e+00;9.050955e+00;6.705596e+00;6.955255e+00;4.542910e+00;8.564300e+00;1.376688e+00;1.160113e+01;-4.105856e+00;2.901391e-04;-3.137136e-05;9.563456e-07;8.587198e-08;3.231614e-06;4.331100e-07;2.919203e-06;7.169321e-08;6.764946e-06;-8.567527e-08;1.427408e-04;1.210375e-05;6.822747e-02;-5.770217e-04;4.813424e-02;7.774817e-04;8.009735e-03;3.957399e-04;1.744946e-03;-1.729655e-04;9.907766e-03;-2.773246e-05;1.566891e-02;3.778077e-04;2.030306e-02;-1.667048e-04;2.578866e-02;1.568862e-03;2.035595e-02;-7.984444e-04;1.803239e-02;-6.188655e-04;4.991578e-02;1.482826e-04;6.677476e-02;2.770803e-03;1.148540e-01;9.818212e-04;8.937832e-02;-1.710159e-03;6.457777e-02;1.044703e-03;4.397342e-02;3.203547e-03;4.115059e-02;1.202166e-03;1.282393e-01;5.002704e-03;1.153005e-01;5.075704e-03;7.074675e-02;1.468870e-03;1.135593e-01;1.229009e-03;1.651620e-01;3.867092e-03;1.134087e-01;1.823038e-03;1.653702e-01;-3.333032e-03;1.404023e-01;-2.894143e-03;9.441259e-02;1.093609e-03;7.926572e-02;-8.347536e-04;1.004551e-01;-1.284613e-03;4.668541e-02;2.639339e-04;2.726010e-02;7.610351e-04;4.016161e-02;-1.664895e-03;3.706544e-02;-2.278946e-04;4.834192e+00;-5.742188e-01;1.072056e+01;-2.167676e+00;2.143561e+01;-2.971582e+00;8.898302e+01;-9.158789e+00;1.354591e-01;8.840484e-04;2.496853e+01;-2.637912e+00;1.079747e-01;-1.259246e-02;5.080425e+04;-2.473887e+03;1.340209e+00;8.288227e-03;5.750900e+01;1.799770e-01;1.147231e-01;-2.452446e-03;2.009445e-02;-2.411888e-03;4.466886e-02;-1.227770e-03;1.023124e+00;6.303038e-02;9.406485e-01;-1.141147e-02;1.091215e+00;8.732367e-02;1.642133e+00;4.399577e-02;1.784100e+00;3.864785e-02;2.524651e+00;9.788873e-02;2.434774e+00;2.218323e-01;2.432377e+00;1.315258e-01;2.343864e+00;-7.222143e-02;2.262625e+00;-9.494231e-02;2.369106e+00;-2.732089e-03;2.240264e+00;4.851490e-02;2.392710e+00;-3.819030e-02;2.474691e+00;1.433503e-02
22.000000;2.861740e-01;8.259274e+01;1.265265e-02;8.020416e-01;6.447755e-02;3.883172e-02;6.349946e-02;3.490118e-02;1.210029e-01;1.468207e-01;2.797457e+00;1.135999e+01;3.450841e-01;1.639646e+00;2.442451e-01;1.066547e+00;1.591376e-02;9.454823e-02;1.407652e-02;2.657722e-02;1.252936e-02;1.259406e-01;3.390358e-02;2.706119e-01;4.097182e-02;4.155575e-01;9.348158e-02;5.574256e-01;6.008312e-02;6.064873e-01;1.231773e-01;7.703646e-01;2.819390e-01;9.174941e-01;1.765037e-01;9.189112e-01;4.462893e-01;1.191156e+00;3.088364e-01;1.113862e+00;2.058697e-01;1.147892e+00;1.891844e-01;1.124127e+00;1.499564e-01;1.193589e+00;6.603873e-01;1.457347e+00;6.150279e-01;1.519300e+00;4.023488e-01;1.533210e+00;4.427218e-01;1.562384e+00;8.659161e-01;1.752999e+00;6.673740e-01;1.506696e+00;7.334592e-01;1.701753e+00;6.399421e-01;1.553415e+00;4.397728e-01;1.291068e+00;3.259174e-01;1.087939e+00;4.106791e-01;9.978766e-01;3.352174e-01;7.954065e-01;2.395746e-01;6.174107e-01;6.503716e-02;2.097809e-01;1.607680e-01;1.952200e-01;4.929175e+00;8.455371e+01;2.505389e+01;1.118291e+02;1.401384e+02;2.186338e+02;5.147861e+02;6.195820e+02;1.770447e-01;5.880614e-01;1.411589e+02;2.887921e+02;4.705740e-01;2.870510e+00;5.526284e+05;4.987795e+05;4.460186e+00;9.101740e+00;1.562779e+02;1.735264e+02;1.746654e-01;-4.351085e-01;1.022596e-01;2.486196e-01;1.313044e-01;2.119879e-01;5.225948e+00;2.261212e+01;5.523849e+00;5.003897e+00;3.429781e+00;1.733174e+01;5.848501e+00;1.011547e+01;6.286639e+00;1.338610e+01;7.247251e+00;1.530426e+01;1.010217e+01;1.124621e+01;6.066945e+00;-6.014906e+00;8.557068e+00;-4.564022e+00;6.482515e+00;5.231390e+00;7.536740e+00;8.325993e+00;1.159862e+01;-1.204517e+00;5.612095e+00;9.560087e-01;1.118713e+01;-8.104633e+00;1.533597e-05;4.535475e-07;3.865385e-07;3.174268e-08;2.356129e-06;6.744266e-08;1.987747e-06;-3.245261e-08;5.733355e-06;-5.398345e-07;9.936325e-05;1.019028e-05;8.012840e-02;8.016340e-04;6.308114e-02;-4.705238e-04;3.084580e-03;-8.485370e-04;2.255426e-03;2.776518e-04;2.441826e-03;-6.344839e-04;9.567468e-03;-1.588835e-03;1.408745e-02;-1.003959e-03;2.279410e-02;-7.387989e-04;1.598040e-02;2.011879e-03;2.989122e-02;4.705624e-04;5.907795e-02;1.272160e-03;5.433765e-02;1.832440e-03;1.223120e-01;-8.407227e-03;9.004971e-02;-3.614359e-03;7.094502e-02;2.362239e-03;5.287207e-02;6.603224e-04;4.302121e-02;2.745745e-03;1.429209e-01;-4.518461e-03;1.345399e-01;-1.266668e-04;9.700759e-02;2.916080e-03;1.074052e-01;-1.773675e-03;2.028365e-01;-1.225150e-03;1.904641e-01;-1.251939e-03;2.353441e-01;3.665968e-03;1.749644e-01;3.348755e-03;1.243161e-01;-1.873260e-03;9.404189e-02;-1.046814e-03;1.215745e-01;5.270712e-04;9.148193e-02;-2.547334e-03;6.249809e-02;-3.695877e-03;2.443833e-02;-6.004014e-04;4.301085e-02;3.086014e-04;1.837500e+00;5.742187e-02;6.208786e+00;3.014649e-01;2.912443e+01;2.383008e+00;1.139793e+02;1.003447e+01;5.758050e-02;-1.189861e-02;2.936320e+01;2.867989e+00;8.778347e-02;1.273530e-02;1.380021e+05;5.780126e+03;1.171161e+00;-1.309947e-01;4.509212e+01;-4.032235e+00;4.343486e-02;9.387024e-03;2.068129e-02;2.043558e-03;4.094111e-02;-1.948830e-03;1.350770e+00;-2.373000e-02;1.374233e+00;-1.177584e-01;1.212487e+00;3.839247e-02;1.508010e+00;-1.755797e-01;1.765187e+00;-1.765636e-02;2.163349e+00;-7.823935e-02;2.470962e+00;6.554744e-02;2.159695e+00;-1.966671e-02;2.172491e+00;2.271737e-02;2.176049e+00;1.381205e-01;2.297338e+00;-3.560317e-02;2.796110e+00;-3.121286e-01;1.995848e+00;1.119085e-01;2.385652e+00;-3.605989e-02
22.500000;8.215470e+00;8.171128e+01;9.149669e-03;8.050409e-01;3.610176e-03;2.990947e-03;2.903021e-03;2.881002e-03;4.732883e-02;1.029707e-01;6.937551e+00;1.076819e+01;3.172202e-01;1.723674e+00;2.195866e-01;1.067107e+00;1.740168e-02;7.384986e-02;1.570479e-02;3.878055e-02;1.329466e-02;1.177127e-01;2.612382e-02;2.510372e-01;4.491445e-02;4.130933e-01;8.559957e-02;6.093585e-01;8.652064e-02;6.563854e-01;1.403904e-01;7.275133e-01;2.603306e-01;8.883584e-01;1.433979e-01;9.354367e-01;4.209789e-01;1.035919e+00;2.814856e-01;1.060017e+00;2.122047e-01;1.174700e+00;1.640023e-01;1.216099e+00;1.939928e-01;1.373175e+00;5.148509e-01;1.373535e+00;4.961517e-01;1.454789e+00;3.968469e-01;1.600383e+00;3.967955e-01;1.503527e+00;7.577432e-01;1.591277e+00;6.776030e-01;1.676223e+00;7.407464e-01;1.616858e+00;5.660666e-01;1.418001e+00;4.538116e-01;1.350952e+00;3.742132e-01;1.143801e+00;4.580982e-01;1.025629e+00;4.188481e-01;8.696605e-01;2.770201e-01;6.613449e-01;1.361553e-01;2.539955e-01;1.420654e-01;2.253646e-01;4.300391e+01;1.103936e+02;1.551647e+02;2.149014e+02;4.091699e+02;5.034463e+02;8.327395e+02;1.299744e+03;1.043458e-01;4.391665e-01;2.412023e+02;4.920139e+02;6.507191e-01;3.489683e+00;5.529521e+05;7.856863e+05;3.606696e+00;5.650103e+00;9.709031e+01;7.714014e+01;1.260455e-01;-2.684108e-01;1.777396e-01;4.018379e-01;1.564280e-01;2.682691e-01;5.007716e+00;2.052275e+01;8.119380e+00;-3.225774e-01;4.446462e+00;1.730404e+01;7.668373e+00;8.958936e+00;7.899779e+00;8.728887e+00;8.947399e+00;1.172970e+01;1.076176e+01;9.064258e+00;8.653013e+00;-8.384971e+00;8.219443e+00;-7.469323e+00;1.115982e+01;2.257394e+00;8.342430e+00;3.284131e+00;1.026349e+01;-6.501396e+00;5.755637e+00;5.523757e+00;1.104994e+01;-2.760317e+00;1.273743e-05;2.866410e-07;2.959763e-07;-1.673732e-08;1.655826e-07;5.483115e-11;1.319145e-07;1.355697e-08;2.063272e-06;-9.991848e-08;3.756169e-04;-5.072031e-07;7.420941e-02;3.367577e-03;5.701287e-02;1.590829e-04;1.918162e-03;-3.492710e-04;2.910638e-03;1.821617e-04;1.739520e-03;3.004226e-05;5.812294e-03;-6.056910e-04;1.237428e-02;2.453393e-04;1.728720e-02;-1.596307e-03;1.947612e-02;-9.421846e-05;3.125429e-02;-2.750513e-04;5.257500e-02;5.133008e-04;4.631445e-02;3.833556e-04;9.999192e-02;-7.305728e-04;7.538611e-02;2.591162e-03;5.773118e-02;3.845344e-03;4.552729e-02;-1.032124e-03;6.209990e-02;3.072841e-03;1.204628e-01;-3.465489e-03;1.102941e-01;-1.219694e-03;1.009302e-01;1.656371e-03;9.385134e-02;-2.987039e-03;1.635324e-01;-5.350569e-03;2.084754e-01;-1.640490e-03;2.402977e-01;9.698360e-04;1.388405e-01;3.204157e-03;1.273097e-01;8.225770e-04;1.016051e-01;1.827300e-03;1.375531e-01;1.699082e-03;1.110834e-01;2.101086e-03;7.998171e-02;1.716030e-04;2.415378e-02;1.531151e-03;3.741651e-02;2.092939e-03;1.072841e+01;3.158203e-01;3.255642e+01;2.454785e+00;9.251128e+01;9.130078e+00;1.486602e+02;1.375254e+01;2.424048e-02;-1.771568e-03;4.513642e+01;4.513601e+00;7.344985e-02;1.466714e-02;1.530511e+05;4.159630e+03;7.372466e-01;-4.019557e-02;2.238995e+01;-6.498592e-01;1.654861e-02;2.271787e-03;3.014620e-02;3.638480e-03;3.518241e-02;2.007671e-03;1.383628e+00;-8.298626e-02;1.549025e+00;-8.250409e-02;1.450422e+00;-7.813929e-02;1.562067e+00;7.547695e-03;1.696801e+00;-3.023798e-02;2.308002e+00;-5.195586e-02;2.521409e+00;-5.616686e-02;2.472592e+00;-4.871238e-02;1.956401e+00;-8.689374e-02;2.312517e+00;-6.019168e-02;2.600153e+00;-9.252101e-02;2.710046e+00;-1.643691e-01;1.717603e+00;7.265874e-02;1.844425e+00;1.302549e-01
23.000000;1.591428e+01;8.100259e+01;3.751393e-02;7.667388e-01;1.519368e-01;7.779127e-02;1.543914e-01;7.128192e-02;5.299962e-02;1.097580e-01;9.293910e+00;6.333945e+00;2.986745e-01;1.932621e+00;1.646141e-01;1.034903e+00;2.701963e-02;7.568899e-02;1.391505e-02;4.312673e-02;2.692073e-02;1.264605e-01;6.994921e-02;2.774875e-01;7.757049e-02;4.435195e-01;9.864273e-02;6.286420e-01;1.225283e-01;7.982503e-01;1.074120e-01;7.571175e-01;1.319121e-01;8.104025e-01;1.947512e-01;9.279098e-01;4.252381e-01;1.087233e+00;2.943635e-01;1.140184e+00;2.212732e-01;1.198781e+00;1.649335e-01;1.254686e+00;2.880943e-01;1.285787e+00;3.119103e-01;1.326861e+00;2.151121e-01;1.344465e+00;2.460189e-01;1.344256e+00;2.737794e-01;1.443397e+00;5.338622e-01;1.554961e+00;3.558904e-01;1.479277e+00;6.088384e-01;1.487612e+00;5.195395e-01;1.403972e+00;4.159639e-01;1.302440e+00;3.458783e-01;1.108243e+00;4.336233e-01;9.506238e-01;3.808896e-01;7.958965e-01;2.789747e-01;6.290240e-01;7.195747e-01;7.250443e-01;1.946951e-01;3.450753e-01;4.557064e+01;1.468564e+02;1.243631e+02;2.945742e+02;3.534416e+02;6.465703e+02;6.330608e+02;1.555846e+03;2.730566e-01;5.726529e-01;1.839848e+02;5.909849e+02;3.348095e-01;3.892551e+00;4.404944e+05;7.986125e+05;1.920218e+00;4.208846e+00;6.096092e+01;4.479953e+01;3.143855e-01;-3.042772e-01;1.258704e-01;4.944795e-01;4.002108e-01;6.343474e-01;5.487446e+00;2.114054e+01;4.980170e+00;-3.561778e+00;5.031824e+00;1.586291e+01;8.731791e+00;9.941821e+00;5.980810e+00;7.544730e+00;7.300423e+00;5.785686e+00;9.771278e+00;1.419494e+00;1.048035e+01;-1.829977e+01;8.429725e+00;-1.330371e+01;9.692719e+00;-7.222138e-02;9.114014e+00;4.566249e+00;1.080382e+01;4.933746e-01;5.865332e+00;6.631963e+00;1.080427e+01;-2.717719e+00;5.351679e-04;-1.264428e-05;7.392363e-07;-8.898475e-08;4.217591e-06;-2.359349e-07;4.172050e-06;5.237624e-08;2.530524e-06;5.254047e-08;5.349145e-04;-1.557133e-05;6.432847e-02;3.949663e-03;4.124312e-02;-6.119752e-04;4.703383e-03;1.430479e-03;2.722441e-03;-2.345679e-04;7.234430e-03;1.641583e-03;1.322111e-02;1.643123e-03;1.611909e-02;1.058847e-03;1.865847e-02;3.352460e-03;2.276471e-02;3.818488e-03;1.863471e-02;2.179261e-04;3.831916e-02;-1.567044e-03;5.757025e-02;-6.428608e-04;1.129429e-01;-1.915161e-03;8.168758e-02;1.738448e-03;5.702408e-02;-5.246019e-04;5.681559e-02;4.262553e-03;7.278597e-02;-7.202544e-04;8.875661e-02;-3.000719e-03;6.057741e-02;-2.721504e-03;5.752458e-02;-9.992344e-04;7.084668e-02;-8.500149e-04;1.093128e-01;-3.141450e-03;9.881344e-02;2.858305e-03;1.772795e-01;-1.118879e-02;1.088779e-01;-7.217521e-03;1.061277e-01;-8.225776e-04;8.445849e-02;1.144437e-03;1.240585e-01;-4.056975e-03;9.028120e-02;8.098777e-04;6.827598e-02;9.113044e-04;8.954426e-02;2.991382e-02;5.248788e-02;1.162524e-03;1.435937e+01;-2.296875e-01;3.421403e+01;-1.866211e-01;1.046474e+02;-1.220215e+00;1.419942e+02;-8.283106e+00;5.306590e-02;1.190326e-02;4.382346e+01;-2.580306e+00;6.816622e-02;-8.294253e-03;1.087020e+05;-7.145152e+03;3.704994e-01;8.438255e-02;1.185228e+01;3.472741e+00;7.187109e-02;-1.995921e-02;3.020226e-02;-1.636313e-03;5.508391e-02;1.304455e-02;1.119102e+00;1.111662e-01;1.205171e+00;4.917110e-02;1.433687e+00;-8.759656e-03;1.971054e+00;1.774485e-01;1.767309e+00;1.986179e-03;2.354933e+00;-5.809865e-02;2.316723e+00;-2.950144e-01;2.368250e+00;-2.933390e-01;2.377989e+00;6.591927e-02;2.003868e+00;2.235737e-02;2.593615e+00;4.426341e-02;2.011480e+00;3.243969e-01;1.799074e+00;4.221098e-02;2.156211e+00;2.408183e-01
23.500000;1.678823e+01;8.111415e+01;8.067673e-02;7.464885e-01;1.496655e-01;1.100379e-01;1.532364e-01;1.251486e-01;5.955044e-02;1.093832e-01;9.571382e+00;5.927678e+00;1.988176e-01;2.106539e+00;1.246891e-01;1.014281e+00;4.303632e-02;1.258331e-01;1.519099e-02;3.119174e-02;3.586444e-02;1.499158e-01;7.301552e-02;3.079227e-01;8.936104e-02;4.497722e-01;1.100868e-01;6.278572e-01;1.443725e-01;8.295196e-01;9.925929e-02;8.002566e-01;1.690953e-01;8.714970e-01;2.464971e-01;9.856945e-01;3.502399e-01;1.037147e+00;2.594548e-01;1.136676e+00;1.914091e-01;1.105842e+00;2.898717e-01;1.229640e+00;2.314858e-01;1.149626e+00;1.974806e-01;1.178804e+00;1.855117e-01;1.268830e+00;2.118087e-01;1.303603e+00;2.393682e-01;1.384021e+00;3.704762e-01;1.456820e+00;3.478814e-01;1.498724e+00;4.685054e-01;1.469718e+00;4.509813e-01;1.475222e+00;3.131666e-01;1.258994e+00;2.736965e-01;1.083943e+00;2.922139e-01;9.063972e-01;2.463187e-01;7.585676e-01;2.371598e-01;6.462879e-01;1.887958e+00;2.577042e+00;1.829733e-01;3.547265e-01;5.706475e+01;1.475742e+02;7.742963e+01;2.690215e+02;1.805753e+02;4.543506e+02;5.355302e+02;8.469727e+02;4.483829e-01;8.648759e-01;1.575709e+02;4.228245e+02;5.826138e-01;3.329349e+00;4.630996e+05;4.691446e+05;5.425143e+00;8.806427e+00;2.156172e+02;1.932257e+02;6.294327e-01;-8.442885e-01;1.139207e-01;3.903320e-01;9.001077e-01;1.569674e+00;5.635778e+00;2.462757e+01;6.009778e+00;2.637326e+00;3.658029e+00;1.521216e+01;8.014076e+00;7.823550e+00;4.811988e+00;9.596810e+00;6.595270e+00;4.769042e+00;8.517230e+00;-7.934916e+00;7.278773e+00;-2.391674e+01;8.244924e+00;-1.446157e+01;6.993713e+00;7.202364e+00;7.946748e+00;1.079959e+01;1.090993e+01;8.976325e+00;9.837343e+00;1.192686e+01;1.222736e+01;4.986503e+00;5.830986e-04;-2.121663e-05;8.827668e-07;-7.976537e-10;4.909815e-06;-3.703352e-07;5.381899e-06;2.142287e-07;3.296605e-06;3.264590e-09;5.285068e-04;-6.030085e-06;5.154660e-02;7.302329e-04;2.936625e-02;-2.980078e-04;9.402709e-03;8.353522e-04;1.946181e-03;-2.088687e-04;1.130334e-02;6.503449e-05;1.818398e-02;3.432586e-04;1.719300e-02;2.640760e-04;2.069939e-02;-5.521607e-04;2.456883e-02;-5.289190e-04;2.270489e-02;-1.036957e-03;5.871127e-02;-1.467550e-03;8.549180e-02;6.911968e-04;9.227455e-02;9.142447e-04;7.333241e-02;-4.957672e-04;4.924203e-02;-7.225350e-03;1.082440e-01;-1.071215e-03;7.126772e-02;-2.180109e-03;5.796643e-02;-2.517667e-03;5.555233e-02;-2.498286e-03;6.052670e-02;-2.298303e-03;6.256296e-02;2.870948e-03;7.384422e-02;3.119873e-04;8.959495e-02;3.484397e-03;1.204821e-01;4.651531e-04;9.663769e-02;-6.183483e-04;8.216247e-02;4.364230e-04;6.810050e-02;9.278283e-04;7.830494e-02;1.638864e-03;5.967321e-02;7.657968e-04;5.249891e-02;1.563213e-03;3.109309e-01;1.565109e-02;5.072429e-02;-1.691815e-03;1.910365e+01;-3.158203e-01;1.779316e+01;-2.210742e+00;5.699944e+01;-7.995996e+00;7.744236e+01;-1.330752e+01;1.246691e-01;4.439516e-03;2.623807e+01;-4.383787e+00;9.270263e-02;-1.362370e-02;8.372906e+04;-4.086071e+03;1.024682e+00;1.377355e-01;4.990755e+01;4.222247e+00;1.829866e-01;-8.037634e-03;2.173765e-02;-3.351698e-03;1.584131e-01;6.195670e-03;1.019154e+00;7.175753e-02;1.300729e+00;1.764044e-01;1.190927e+00;-8.481331e-03;1.980809e+00;-3.196905e-02;1.797256e+00;-1.444632e-02;2.131692e+00;9.708229e-02;2.357875e+00;-5.792523e-02;2.487283e+00;-2.181355e-02;2.658338e+00;1.092574e-02;2.074997e+00;4.239416e-03;2.375782e+00;2.802670e-02;2.469086e+00;1.984690e-01;1.939438e+00;1.595136e-01;2.026600e+00;9.115779e-02
24.000000;8.215335e+01;1.054091e+02;8.066339e-02;7.749810e-01;8.021759e-02;6.935886e-02;9.676606e-02;1.040683e-01;7.756662e-02;1.195207e-01;7.077475e+00;8.454312e+00;1.892212e-01;2.085446e+00;8.392546e-02;1.012584e+00;3.113545e-02;1.425860e-01;4.309067e-03;2.220333e-02;3.719372e-02;1.362579e-01;5.498378e-02;2.705903e-01;6.780618e-02;4.110776e-01;1.346243e-01;6.086009e-01;1.614103e-01;7.446435e-01;1.287612e-01;7.816055e-01;2.497218e-01;9.197621e-01;2.693753e-01;1.086230e+00;1.959437e-01;9.661978e-01;1.685511e-01;1.059268e+00;1.363685e-01;1.024354e+00;2.728274e-01;1.194197e+00;1.916134e-01;1.258341e+00;3.217954e-01;1.288507e+00;1.910757e-01;1.234323e+00;2.929407e-01;1.443475e+00;4.682285e-01;1.530345e+00;2.793616e-01;1.446816e+00;2.979050e-01;1.603785e+00;3.497496e-01;1.410142e+00;2.552522e-01;1.333532e+00;2.383210e-01;1.210799e+00;2.110655e-01;1.112878e+00;2.216205e-01;8.875515e-01;1.757321e-01;7.496533e-01;1.383479e-01;6.142615e-01;2.228645e+00;3.679568e+00;9.865766e-02;2.597782e-01;9.115440e+01;1.550391e+02;9.850864e+01;2.650020e+02;6.456515e+01;3.666387e+02;1.681061e+02;4.882295e+02;4.257996e-01;8.476434e-01;7.453244e+01;3.302379e+02;3.680891e-01;2.949703e+00;1.084002e+05;2.004449e+05;4.888725e+00;1.062489e+01;2.024409e+02;2.491527e+02;5.177187e-01;-1.014287e+00;7.273440e-02;3.297300e-01;1.181094e+00;2.062091e+00;3.347618e+00;2.803913e+01;5.541601e+00;3.541221e+00;3.882926e+00;1.542975e+01;7.477362e+00;3.436678e+00;6.725130e+00;4.696309e+00;5.572635e+00;7.103712e+00;7.658964e+00;-1.011584e+01;8.217359e+00;-2.221368e+01;8.401885e+00;-7.524732e+00;1.043351e+01;3.964203e+00;8.634404e+00;8.273437e+00;9.070514e+00;1.684173e+01;8.171040e+00;1.962113e+01;5.436929e+00;1.284756e+01;1.899655e-03;4.249042e-04;7.048787e-07;1.097388e-07;3.589889e-06;-4.363380e-07;4.591803e-06;-7.920807e-08;4.482468e-06;-7.389157e-08;3.718766e-04;1.043916e-05;4.625872e-02;2.476069e-03;2.426604e-02;1.096555e-03;9.893824e-03;-6.033604e-04;1.343511e-03;2.897456e-05;8.748806e-03;-1.831117e-03;1.349567e-02;-1.617830e-03;1.488448e-02;-5.525620e-04;3.195950e-02;-4.957195e-04;3.595730e-02;-1.396349e-03;2.936669e-02;3.147507e-04;8.882355e-02;4.020964e-04;9.561908e-02;3.546524e-03;4.341410e-02;7.757895e-03;5.557393e-02;1.839786e-03;4.603455e-02;1.181734e-03;1.032389e-01;-1.538142e-03;6.358982e-02;1.331944e-04;1.042419e-01;5.686898e-03;7.149207e-02;4.823708e-04;8.812965e-02;2.314516e-03;1.167707e-01;4.699124e-03;7.103985e-02;1.499135e-03;9.137286e-02;-7.086192e-04;1.026438e-01;3.240834e-03;8.025356e-02;1.349531e-03;7.223864e-02;1.987015e-03;6.046640e-02;-1.158031e-03;6.738954e-02;8.582766e-04;4.691429e-02;6.230471e-04;3.893011e-02;-1.079407e-04;5.795931e-01;3.685280e-02;3.288560e-02;9.431735e-04;2.128478e+01;2.813672e+00;2.055348e+01;2.555274e+00;2.096193e+01;1.435547e+00;5.657092e+01;3.560156e+00;1.173471e-01;-9.298880e-03;2.037875e+01;2.468246e+00;1.213788e-01;-9.790700e-04;3.629091e+04;2.297281e+02;1.276790e+00;-5.023153e-02;5.639805e+01;-2.360509e+00;1.824351e-01;1.121250e-02;1.794089e-02;2.574443e-03;2.971316e-01;2.330873e-02;9.626452e-01;9.235149e-03;1.498446e+00;-1.106081e-01;1.317319e+00;-1.147540e-01;1.737509e+00;-1.943775e-01;1.651607e+00;-1.860549e-01;1.791876e+00;1.118672e-02;2.574307e+00;-5.734084e-02;2.932018e+00;-4.726067e-02;2.399099e+00;-6.873368e-02;2.611207e+00;-2.668331e-01;2.290669e+00;-1.396714e-01;2.645693e+00;1.999214e-01;2.382083e+00;1.532885e-01;1.837355e+00;-1.570647e-02
24.500000;1.329697e+02;1.569840e+02;3.565104e-02;7.834878e-01;8.940738e-02;6.879997e-02;1.346098e-01;1.092457e-01;8.380336e-02;1.414204e-01;6.788152e+00;7.033759e+00;2.419747e-01;2.130882e+00;1.014084e-01;1.036779e+00;3.121032e-02;1.224042e-01;1.285994e-02;3.055052e-02;2.440078e-02;1.162928e-01;5.788660e-02;2.684284e-01;5.194913e-02;4.053646e-01;1.435165e-01;5.502638e-01;1.567814e-01;6.683108e-01;1.313479e-01;7.891450e-01;2.581048e-01;8.634952e-01;2.766741e-01;9.860072e-01;2.132124e-01;1.034740e+00;1.968331e-01;1.035281e+00;1.503178e-01;1.080949e+00;1.853105e-01;1.152378e+00;2.476394e-01;1.340959e+00;4.153718e-01;1.345834e+00;4.875473e-01;1.345184e+00;3.170979e-01;1.521246e+00;5.242585e-01;1.639628e+00;2.609500e-01;1.479221e+00;2.628511e-01;1.485014e+00;3.545685e-01;1.535874e+00;2.750395e-01;1.444721e+00;3.057325e-01;1.261456e+00;2.568311e-01;1.205873e+00;3.011757e-01;9.861616e-01;2.686890e-01;7.860292e-01;2.007672e-01;6.283926e-01;2.861374e+00;3.613831e+00;1.127290e-01;2.840279e-01;1.014882e+02;2.210742e+02;8.857812e+01;3.139541e+02;2.810466e+02;4.603799e+02;5.392638e+02;7.358613e+02;2.612129e-01;7.805934e-01;1.541143e+02;4.394622e+02;5.019372e-01;3.095478e+00;3.460868e+05;4.078836e+05;3.309772e+00;8.214206e+00;1.100522e+02;1.442973e+02;3.818203e-01;-7.528688e-01;1.061327e-01;4.158792e-01;1.485069e+00;2.123179e+00;4.875733e+00;2.590765e+01;5.351999e+00;1.396253e+00;4.234070e+00;1.319801e+01;7.176369e+00;1.640846e+00;6.786460e+00;-4.420151e-01;8.889069e+00;3.865614e+00;7.208930e+00;-8.308185e+00;9.151196e+00;-2.420794e+01;7.099888e+00;-5.301201e+00;9.843380e+00;-4.394676e+00;8.782469e+00;3.646223e+00;8.389833e+00;1.697313e+01;1.088710e+01;2.243861e+01;7.624888e+00;9.954506e+00;2.666231e-03;1.518434e-04;9.888452e-07;-2.103061e-08;3.814999e-06;-3.743189e-07;3.932240e-06;-5.529653e-07;4.363592e-06;-5.986667e-08;3.729300e-04;-4.004730e-06;5.178299e-02;3.711521e-03;2.298416e-02;1.841464e-03;7.917613e-03;-6.144399e-04;1.603535e-03;4.622071e-04;6.610736e-03;-4.372083e-04;1.687848e-02;-7.153815e-05;1.469137e-02;-8.386658e-04;3.708265e-02;-8.098132e-04;4.171071e-02;2.503667e-04;3.614934e-02;1.901946e-03;8.142117e-02;1.811471e-03;6.862689e-02;-1.572506e-03;5.291767e-02;1.650760e-03;5.617305e-02;-2.678748e-03;5.088535e-02;4.199731e-03;5.350144e-02;-4.206006e-04;7.365699e-02;5.301320e-04;1.181760e-01;-1.078762e-03;1.083216e-01;-1.492763e-03;8.991891e-02;1.153038e-02;1.292973e-01;1.070658e-02;6.121378e-02;-5.510842e-04;6.585158e-02;-3.533783e-03;8.170377e-02;1.415295e-02;6.524111e-02;7.318475e-03;6.895705e-02;5.775870e-03;7.044567e-02;7.513925e-03;6.766569e-02;-1.879642e-03;6.016539e-02;-2.162840e-03;3.958878e-02;-1.936552e-03;7.470645e-01;-6.617491e-03;3.297042e-02;3.980929e-03;1.907372e+01;1.823145e+00;1.718704e+01;2.871094e+00;6.021064e+01;1.250361e+01;1.118069e+02;2.239453e+01;6.522516e-02;-7.116137e-04;2.545232e+01;7.605827e+00;1.339509e-01;1.053102e-02;4.930180e+04;1.151439e+04;9.450660e-01;-1.385265e-01;3.100988e+01;-4.253765e+00;1.076630e-01;6.515484e-03;1.695393e-02;5.165118e-03;3.738802e-01;-7.415119e-04;7.580898e-01;-1.266556e-01;1.452508e+00;-6.291558e-02;1.240762e+00;8.034149e-02;1.627582e+00;-1.866936e-01;1.787987e+00;-3.483220e-02;2.371271e+00;-2.326049e-01;2.062535e+00;7.311211e-02;2.604182e+00;-2.369878e-01;2.303390e+00;3.591131e-02;2.534052e+00;1.666302e-01;2.379803e+00;-2.352829e-01;2.158357e+00;-9.888252e-02;2.556071e+00;2.103002e-01;2.026215e+00;-1.389226e-01
25.000000;1.181462e+02;1.778196e+02;3.387666e-02;7.731684e-01;1.296270e-01;1.202844e-01;1.728805e-01;1.510664e-01;9.324752e-02;1.584796e-01;8.633812e+00;3.956278e+00;2.968368e-01;2.189312e+00;1.201500e-01;1.024471e+00;3.768613e-02;9.445788e-02;2.898980e-02;6.156966e-02;2.393240e-02;1.120070e-01;6.340881e-02;2.577248e-01;6.169885e-02;3.912997e-01;1.138396e-01;4.846719e-01;1.366645e-01;5.831130e-01;1.185569e-01;7.637280e-01;2.781116e-01;8.612007e-01;2.382161e-01;9.431952e-01;2.113807e-01;1.002267e+00;2.085240e-01;9.403459e-01;2.246916e-01;1.170446e+00;1.971883e-01;1.175283e+00;2.728268e-01;1.308283e+00;3.655424e-01;1.287234e+00;5.508311e-01;1.505527e+00;4.020149e-01;1.566073e+00;5.883411e-01;1.663851e+00;2.078040e-01;1.359285e+00;2.915618e-01;1.396218e+00;4.140132e-01;1.650349e+00;3.346618e-01;1.551683e+00;3.255671e-01;1.257638e+00;2.872638e-01;1.154430e+00;3.073056e-01;9.206887e-01;2.656853e-01;7.405409e-01;2.106460e-01;5.891526e-01;2.716121e+00;2.211871e+00;7.158068e-01;6.537773e-01;3.852903e+02;4.226250e+02;7.305061e+02;8.791289e+02;9.538364e+02;1.358027e+03;1.013118e+03;1.788835e+03;3.001199e-01;6.933149e-01;5.549894e+02;9.872257e+02;6.762759e-01;3.578160e+00;4.421255e+05;9.052112e+05;3.893094e+00;4.355892e+00;6.961031e+01;5.950478e+01;3.978609e-01;-4.733694e-01;3.120247e-01;7.488624e-01;1.345714e+00;1.604770e+00;4.398725e+00;2.058599e+01;8.944077e+00;-4.608361e+00;5.316213e+00;1.497544e+01;7.597972e+00;-3.157921e+00;5.660505e+00;-1.086081e+00;7.445930e+00;-2.221179e+00;1.263671e+01;6.609213e-01;1.073993e+01;-2.568875e+01;6.595298e+00;-9.334274e+00;1.763665e+01;5.979985e+00;1.422406e+01;-7.098475e+00;1.616531e+01;1.192365e+00;1.122182e+01;3.108024e+01;9.399429e+00;3.928684e+00;2.903421e-03;-1.656573e-04;1.067345e-06;-1.117192e-07;5.278530e-06;1.372253e-07;7.740748e-06;-8.231879e-08;4.462589e-06;-1.260954e-07;4.387699e-04;-2.958689e-05;6.837508e-02;-4.713073e-03;2.710786e-02;-1.046469e-03;6.741466e-03;-7.739929e-04;3.239931e-03;5.240615e-05;6.824824e-03;4.360458e-04;1.764643e-02;3.776528e-04;1.550096e-02;5.875059e-04;2.816742e-02;-2.313043e-03;2.989287e-02;-3.667458e-03;3.190546e-02;-3.359452e-04;6.965394e-02;1.611704e-03;4.031228e-02;-2.989889e-04;6.475419e-02;-3.508819e-03;5.838727e-02;-2.446413e-03;6.855439e-02;-1.991931e-03;5.613279e-02;-1.335101e-03;8.515090e-02;1.716084e-03;7.998300e-02;-1.960151e-03;1.129021e-01;2.031858e-03;8.415152e-02;-5.471980e-03;1.178468e-01;-7.549976e-03;5.478054e-02;1.316705e-03;7.183415e-02;4.051708e-03;1.001974e-01;-3.171947e-03;8.409646e-02;-2.463633e-03;8.041207e-02;-2.686338e-03;7.377665e-02;-4.425973e-04;6.128101e-02;-4.589746e-04;5.832462e-02;2.490424e-04;4.063556e-02;5.168194e-04;5.560592e-01;-6.542564e-02;2.035158e-01;-1.435156e-03;1.251943e+02;-2.727539e-01;1.500419e+02;2.325586e+00;1.421592e+02;5.871387e+00;1.116732e+02;1.172842e+01;6.893000e-02;-3.755713e-04;8.136416e+01;3.534417e+00;1.384771e-01;1.497035e-02;7.062376e+04;5.563407e+03;5.393222e-01;-3.582329e-02;1.272069e+01;-9.548882e-01;8.304488e-02;8.201190e-03;4.442059e-02;2.049387e-03;2.947004e-01;-3.278296e-02;7.789482e-01;-9.213587e-02;1.360417e+00;-5.006626e-02;1.215648e+00;4.624917e-02;1.989014e+00;4.326261e-02;1.753120e+00;6.009147e-02;2.599826e+00;-2.393157e-02;1.950945e+00;2.865227e-01;2.209056e+00;3.182862e-01;2.455387e+00;2.806247e-02;2.420501e+00;8.211276e-02;2.153888e+00;-2.168464e-01;2.054675e+00;-4.464875e-01;2.371238e+00;-8.359683e-02;2.075077e+00;-1.167354e-03
25.500000;6.307994e+01;1.433977e+02;1.989992e-02;7.671563e-01;1.760699e-01;1.458756e-01;1.749151e-01;1.454117e-01;9.475648e-02;1.446953e-01;6.624879e+00;5.248961e+00;2.711371e-01;2.068914e+00;9.860288e-02;1.013432e+00;2.584518e-02;8.644797e-02;2.965172e-02;5.974553e-02;8.420844e-02;1.518801e-01;1.212080e-01;3.016296e-01;1.074322e-01;4.540643e-01;8.305101e-02;5.021130e-01;1.381560e-01;6.261303e-01;1.119271e-01;7.951763e-01;2.416235e-01;9.576056e-01;2.224467e-01;1.013152e+00;1.933621e-01;9.964396e-01;1.907884e-01;9.790201e-01;2.414434e-01;1.122048e+00;2.248116e-01;1.240159e+00;2.147935e-01;1.195589e+00;2.861551e-01;1.301528e+00;3.908653e-01;1.367827e+00;4.596657e-01;1.308491e+00;6.128775e-01;1.509351e+00;4.661131e-01;1.645182e+00;2.776949e-01;1.362911e+00;4.219540e-01;1.315757e+00;3.318278e-01;1.496838e+00;3.380699e-01;1.363536e+00;2.341841e-01;9.692467e-01;2.922205e-01;9.803480e-01;2.672374e-01;7.739899e-01;2.411051e-01;6.192154e-01;4.089067e-01;4.987776e-01;7.448164e-01;5.877840e-01;4.171087e+02;3.499863e+02;8.005439e+02;7.861055e+02;1.003336e+03;1.275914e+03;9.644757e+02;1.775484e+03;2.618222e-01;6.621936e-01;6.024930e+02;9.289155e+02;6.107681e-01;3.625806e+00;4.133413e+05;9.008472e+05;3.509362e+00;4.001541e+00;5.662142e+01;4.869051e+01;2.271985e-01;-3.728341e-01;3.709413e-01;6.843138e-01;4.866273e-01;9.152402e-01;3.615631e+00;2.071483e+01;1.012230e+01;-2.443535e+00;5.634523e+00;1.446614e+01;9.567093e+00;-7.970114e-01;6.221759e+00;4.020756e+00;8.320161e+00;3.511175e+00;8.415583e+00;1.195744e+01;1.552570e+01;-1.376289e+01;1.229123e+01;-1.126402e+00;1.484543e+01;8.063931e+00;1.042652e+01;-2.563252e+01;1.221722e+01;-4.642380e+00;1.221357e+01;2.759588e+01;1.185087e+01;-3.929010e+00;2.276918e-03;8.113006e-05;8.733585e-07;-7.796564e-08;6.438723e-06;9.484126e-07;8.158706e-06;1.098517e-06;4.501958e-06;-1.815469e-07;3.220943e-04;-2.096056e-06;6.060744e-02;-2.736834e-03;2.573289e-02;-1.247095e-03;7.587739e-03;-5.089481e-05;3.377720e-03;-1.574701e-05;2.014646e-02;2.451059e-04;2.640453e-02;-1.605298e-04;1.991508e-02;2.825810e-04;1.700553e-02;1.256034e-03;2.025045e-02;2.370594e-05;2.421876e-02;-6.335439e-04;6.097251e-02;-1.733691e-03;3.992867e-02;-3.463665e-03;5.555744e-02;-4.759029e-03;5.320695e-02;2.449654e-03;6.870958e-02;-3.446431e-03;8.432078e-02;7.218284e-05;6.842624e-02;-2.751720e-03;6.268182e-02;-1.279641e-03;7.018819e-02;-6.851441e-04;6.660513e-02;-1.248400e-02;1.101557e-01;-6.294876e-03;1.142010e-01;1.376931e-02;7.834701e-02;7.075556e-04;6.715709e-02;-1.460965e-02;8.553127e-02;-5.036165e-03;9.178291e-02;-2.384691e-03;6.036536e-02;-8.145199e-03;5.690708e-02;7.225486e-03;6.006942e-02;6.983008e-03;4.766352e-02;2.428867e-03;7.137967e-02;-9.962089e-03;2.022919e-01;-2.174199e-03;1.255518e+02;-1.220215e+00;1.526831e+02;-1.564746e+00;1.503061e+02;-4.636817e+00;1.650131e+02;8.756836e-01;8.197745e-02;7.545890e-04;9.396467e+01;-6.348960e-01;1.735891e-01;1.013154e-03;1.053167e+05;6.718731e+03;6.553143e-01;6.820694e-03;1.399295e+01;7.255948e-02;7.237105e-02;5.825890e-04;5.700300e-02;-8.157595e-04;1.599295e-01;-3.540919e-03;8.214389e-01;-7.124982e-03;1.424617e+00;1.064612e-01;1.321204e+00;-1.241948e-01;2.240930e+00;1.369679e-01;1.639835e+00;-2.770223e-03;2.100055e+00;2.388457e-01;2.026937e+00;-2.653706e-02;2.466709e+00;1.648961e-01;2.244023e+00;3.415239e-01;2.465149e+00;-1.106294e-01;2.351595e+00;-2.760543e-01;2.107808e+00;5.434939e-02;2.341143e+00;-1.815850e-01;2.101932e+00;-3.617885e-01
26.000000;3.834715e+01;1.207587e+02;2.296310e-02;7.649394e-01;1.935057e-01;1.555344e-01;2.122841e-01;1.944245e-01;1.163646e-01;1.899013e-01;2.771670e+00;7.306342e+00;1.515716e-01;1.871027e+00;6.894239e-02;9.929186e-01;3.382419e-02;1.195623e-01;1.165829e-02;2.851978e-02;7.961921e-02;1.690457e-01;1.132315e-01;3.438241e-01;9.843823e-02;5.045703e-01;7.667381e-02;5.541827e-01;1.490294e-01;6.900845e-01;1.297584e-01;7.884607e-01;1.559503e-01;8.392540e-01;1.913156e-01;8.439431e-01;1.661867e-01;9.266368e-01;1.741227e-01;1.023172e+00;1.391771e-01;1.011082e+00;2.695879e-01;1.228588e+00;1.634493e-01;1.140609e+00;2.518090e-01;1.242859e+00;1.710973e-01;1.232080e+00;1.810467e-01;1.140220e+00;3.272211e-01;1.300155e+00;4.588652e-01;1.744397e+00;2.475093e-01;1.399708e+00;3.629641e-01;1.266520e+00;2.428174e-01;1.349079e+00;3.158088e-01;1.384108e+00;2.384582e-01;1.011122e+00;2.550559e-01;1.107828e+00;2.766477e-01;8.690214e-01;2.177845e-01;7.053342e-01;3.169971e-01;5.714726e-01;7.299837e-02;1.765733e-01;3.404971e+01;1.322139e+02;5.938308e+01;1.691074e+02;2.209845e+02;3.093604e+02;5.809599e+02;7.027002e+02;3.863921e-01;9.253572e-01;1.662742e+02;3.638392e+02;6.483423e-01;2.828298e+00;3.901355e+05;5.434687e+05;3.951279e+00;8.475236e+00;1.269300e+02;1.374978e+02;4.316356e-01;-7.297190e-01;1.153986e-01;3.157834e-01;8.139278e-01;1.220985e+00;3.498969e+00;2.211511e+01;5.737348e+00;1.015526e+01;5.206513e+00;1.407067e+01;7.454041e+00;1.078813e+01;5.121710e+00;7.951508e+00;5.563212e+00;1.049823e+01;8.018451e+00;7.987390e+00;1.018089e+01;-9.427608e+00;8.228605e+00;1.173635e+01;6.645000e+00;-4.642579e+00;1.146429e+01;-3.419010e+01;8.516376e+00;3.252003e+00;8.641620e+00;1.392450e+01;1.295969e+01;-1.497702e+01;1.423489e-03;-4.682736e-05;8.670979e-07;4.938040e-08;8.825244e-06;-1.055971e-10;8.183028e-06;1.656203e-08;5.238269e-06;1.535557e-08;2.196543e-04;3.161977e-05;3.877443e-02;-3.499217e-03;2.052086e-02;2.938841e-05;8.033640e-03;3.854582e-04;2.288617e-03;-1.427312e-04;2.079809e-02;2.030693e-04;2.675011e-02;-7.775875e-04;1.954144e-02;-2.313551e-03;1.697908e-02;-5.852761e-04;3.079870e-02;1.354801e-03;2.796760e-02;-1.534632e-03;3.038844e-02;-3.058474e-03;3.558700e-02;-3.188354e-03;3.691095e-02;-2.769610e-03;5.757061e-02;4.335980e-04;5.031762e-02;-9.063001e-04;9.165080e-02;-2.774191e-03;4.821001e-02;-3.750207e-03;5.897683e-02;-1.946972e-03;3.919970e-02;-2.043279e-03;3.689218e-02;1.423498e-03;8.130091e-02;4.368924e-03;1.277774e-01;1.535244e-03;8.389767e-02;-5.963385e-03;7.013188e-02;4.674685e-03;6.241035e-02;4.029484e-03;8.785744e-02;4.601884e-03;6.250715e-02;1.197333e-03;7.137606e-02;4.037427e-03;7.319466e-02;4.248407e-03;4.798810e-02;2.675468e-04;6.197761e-02;-1.724250e-04;2.180935e-02;-1.140130e-03;1.702887e+01;-2.426074e+00;2.962622e+01;-5.010058e+00;8.828066e+01;-8.211329e+00;1.771807e+02;-1.633652e+01;1.086787e-01;2.220041e-03;5.818332e+01;-5.439384e+00;1.585505e-01;-1.472071e-02;1.137151e+05;-1.853492e+03;9.103290e-01;4.618539e-02;2.881551e+01;7.614305e-01;1.022165e-01;-3.145085e-03;4.142245e-02;-4.489140e-03;1.897350e-01;-3.816943e-03;8.092121e-01;-2.898671e-02;1.268341e+00;2.800631e-01;1.242813e+00;4.847938e-02;1.888738e+00;1.391656e-01;1.767153e+00;1.226676e-01;1.844468e+00;1.192880e-01;1.935128e+00;-1.115728e-01;2.310626e+00;-1.304379e-01;2.336659e+00;2.968070e-01;2.266155e+00;5.850011e-05;2.759564e+00;2.313632e-02;2.124120e+00;2.456298e-01;2.162832e+00;6.193430e-02;2.032574e+00;-3.016548e-01
26.500000;4.230259e+01;1.038102e+02;2.611232e-02;7.734765e-01;1.563097e-01;1.368211e-01;1.989763e-01;2.154090e-01;1.361971e-01;2.348002e-01;2.908357e+00;7.611681e+00;1.710154e-01;1.720192e+00;6.151508e-02;9.746478e-01;3.162782e-02;1.285681e-01;1.006181e-02;2.505417e-02;2.457018e-02;1.360675e-01;7.080843e-02;2.823150e-01;1.066767e-01;4.409404e-01;1.220284e-01;6.168880e-01;1.821838e-01;6.859434e-01;1.326572e-01;7.278063e-01;1.494590e-01;7.762830e-01;1.879387e-01;8.425098e-01;2.075785e-01;9.305299e-01;2.814722e-01;1.062484e+00;1.842119e-01;1.047432e+00;2.016288e-01;1.168669e+00;1.659110e-01;1.180871e+00;2.568342e-01;1.228982e+00;1.490924e-01;1.272413e+00;1.533322e-01;1.259063e+00;2.080758e-01;1.374304e+00;3.184201e-01;1.493763e+00;2.845302e-01;1.432520e+00;3.373978e-01;1.397849e+00;2.281840e-01;1.330950e+00;1.925027e-01;1.231297e+00;2.067486e-01;1.058041e+00;2.042463e-01;9.374456e-01;2.401221e-01;7.883626e-01;1.374139e-01;6.371124e-01;5.666736e-01;9.173386e-01;7.126924e-02;1.425315e-01;3.616068e+01;1.210166e+02;3.594576e+01;1.580537e+02;1.362862e+02;2.438994e+02;4.404051e+02;4.262139e+02;3.803622e-01;9.932420e-01;1.249240e+02;2.880462e+02;4.645045e-01;2.695849e+00;3.424533e+05;3.984694e+05;3.583329e+00;9.735551e+00;1.252599e+02;1.634371e+02;4.174046e-01;-8.320792e-01;8.157164e-02;2.593113e-01;9.263264e-01;1.202523e+00;3.914782e+00;2.256239e+01;3.689519e+00;1.554901e+01;5.250268e+00;1.695471e+01;4.584310e+00;1.609809e+01;5.401095e+00;8.317950e+00;6.344340e+00;9.421153e+00;6.435974e+00;-2.535041e+00;8.090329e+00;-1.752606e+01;9.843210e+00;1.122119e+01;6.575680e+00;-6.944922e+00;1.187935e+01;-3.253918e+01;1.098743e+01;1.209776e+01;8.384302e+00;1.503340e+01;7.174906e+00;-1.918412e+01;1.381025e-03;-1.241413e-05;7.501250e-07;1.053614e-07;8.091106e-06;-8.095350e-07;7.681429e-06;-8.641442e-07;6.010385e-06;-7.501934e-08;9.572286e-05;1.035888e-05;3.541670e-02;-4.138885e-03;1.657388e-02;-3.628531e-04;5.562356e-03;2.274240e-04;1.811569e-03;-2.059713e-04;6.146665e-03;2.950374e-05;1.044527e-02;-5.936636e-04;1.587244e-02;-4.864873e-04;2.607509e-02;9.720693e-04;3.548976e-02;4.390138e-04;2.944233e-02;5.458636e-04;3.990776e-02;1.190046e-05;5.283401e-02;3.165658e-03;4.225023e-02;6.569955e-04;6.433935e-02;-4.118852e-03;5.011363e-02;-1.161059e-03;7.093789e-02;-2.116421e-03;5.743508e-02;9.552054e-04;5.536627e-02;3.937946e-03;4.267117e-02;1.766007e-03;5.250053e-02;8.140677e-04;6.920347e-02;-3.009301e-03;9.109375e-02;-6.228648e-03;1.061228e-01;4.999682e-03;9.432872e-02;4.028668e-03;6.588743e-02;-1.671817e-03;6.030334e-02;-2.055769e-03;5.732178e-02;2.995612e-04;6.354299e-02;-4.655010e-03;7.519774e-02;-3.592808e-03;4.096374e-02;-2.366508e-03;1.071367e-01;1.177222e-02;1.887336e-02;-2.639493e-03;6.300661e+00;-6.029297e-01;1.015364e+01;-2.153320e-01;4.353352e+01;-7.134668e+00;7.857109e+01;-2.362910e+01;1.129744e-01;-3.350341e-03;2.554328e+01;-5.979441e+00;7.816817e-02;-1.029391e-02;7.193017e+04;-1.540783e+04;7.859733e-01;4.395463e-02;2.966488e+01;5.594180e-01;8.700294e-02;-1.945899e-03;1.584775e-02;-3.632562e-03;2.119917e-01;2.501857e-03;8.457183e-01;4.677527e-02;9.840099e-01;9.378053e-02;1.381455e+00;9.925374e-02;1.493797e+00;3.614563e-02;1.711332e+00;-3.632497e-02;1.890829e+00;-8.020373e-02;1.743990e+00;-8.054455e-02;2.334304e+00;2.098316e-02;2.991757e+00;-1.893766e-01;2.271101e+00;-1.418784e-01;2.942165e+00;2.041694e-01;2.423734e+00;1.994771e-01;1.915068e+00;1.607331e-02;1.993947e+00;1.798813e-01
27.000000;3.750511e+01;9.248685e+01;2.443175e-02;7.750202e-01;1.380218e-01;8.783574e-02;1.578733e-01;1.210016e-01;1.314748e-01;1.727714e-01;2.956423e+00;7.339195e+00;1.786422e-01;1.707061e+00;1.063097e-01;1.019734e+00;2.458621e-02;1.082390e-01;1.250429e-02;3.102293e-02;1.396801e-02;1.213034e-01;5.890353e-02;2.701364e-01;9.346434e-02;4.306411e-01;1.169356e-01;6.195216e-01;1.377175e-01;7.338422e-01;1.163687e-01;7.704654e-01;1.594772e-01;8.513026e-01;1.688931e-01;9.427071e-01;2.614501e-01;1.042682e+00;3.166676e-01;1.154958e+00;2.722816e-01;1.144938e+00;2.569765e-01;1.131667e+00;2.052644e-01;1.241142e+00;2.497810e-01;1.299864e+00;1.546938e-01;1.311514e+00;4.632906e-01;1.534894e+00;2.457524e-01;1.451294e+00;3.887516e-01;1.342938e+00;4.194700e-01;1.510537e+00;4.671429e-01;1.617648e+00;3.486150e-01;1.385252e+00;3.106044e-01;1.224285e+00;3.357591e-01;1.203391e+00;2.245440e-01;8.385043e-01;2.063874e-01;7.488421e-01;1.717071e-01;5.888159e-01;5.517674e-01;1.213376e+00;6.239382e-02;1.268009e-01;3.636527e+01;1.253232e+02;5.434242e+01;1.936553e+02;1.016240e+02;2.970146e+02;5.143302e+02;5.183760e+02;2.981499e-01;8.219860e-01;1.411622e+02;3.332773e+02;2.967422e-01;3.093151e+00;4.899934e+05;4.936711e+05;2.540845e+00;8.548885e+00;7.205177e+01;1.200877e+02;2.831343e-01;-5.875398e-01;9.837773e-02;3.027418e-01;5.708240e-01;8.979301e-01;4.625686e+00;2.240223e+01;3.082323e+00;1.590943e+01;5.131156e+00;1.596791e+01;6.478436e+00;1.256581e+01;5.257201e+00;8.449633e+00;7.543735e+00;2.213177e+00;8.186559e+00;-8.098116e+00;9.481701e+00;-2.232685e+01;1.338488e+01;3.243350e+00;7.713296e+00;-2.448133e+00;1.028545e+01;-2.523122e+01;1.035811e+01;1.381568e+01;5.640554e+00;1.981028e+01;9.281167e+00;-1.159479e+01;8.965060e-04;1.608140e-04;5.118784e-07;1.546689e-08;4.056394e-06;-9.710958e-08;4.722173e-06;1.065679e-07;4.346080e-06;-1.023055e-07;6.843784e-05;-2.929830e-06;4.645776e-02;3.637930e-03;2.845397e-02;7.487097e-04;4.151052e-03;4.699879e-04;1.812723e-03;4.195011e-05;2.462419e-03;-2.059886e-04;1.017821e-02;1.785345e-03;1.496344e-02;3.443955e-03;2.747137e-02;8.878997e-04;3.039621e-02;9.527685e-04;3.097546e-02;2.212011e-03;4.364295e-02;3.315926e-03;6.267618e-02;-2.799024e-03;4.146488e-02;6.784467e-03;5.834646e-02;7.414314e-03;6.506816e-02;1.481133e-03;8.549975e-02;-7.742677e-04;7.241138e-02;-6.351809e-05;5.615451e-02;3.245011e-03;4.230236e-02;8.457316e-04;1.180670e-01;1.031825e-02;8.142228e-02;5.031629e-03;9.354021e-02;-6.725481e-03;1.158610e-01;1.642252e-04;1.173612e-01;1.375736e-03;8.788371e-02;-4.451787e-03;5.853218e-02;-4.404895e-03;9.568441e-02;1.091142e-03;6.976735e-02;-5.900302e-03;6.663360e-02;-3.773389e-03;4.806210e-02;-1.784457e-03;1.407182e-01;1.989413e-02;1.982394e-02;1.100142e-03;6.394616e+00;1.091016e+00;1.302536e+01;1.076660e+00;2.592768e+01;8.039063e-01;1.248697e+02;9.331055e-01;9.798324e-02;2.485902e-03;2.644345e+01;2.751831e-01;5.155820e-02;-1.035569e-03;9.754534e+04;-3.441391e+03;5.813804e-01;1.028637e-02;1.838942e+01;3.870779e-01;5.084736e-02;-5.465084e-03;1.752896e-02;6.733191e-04;1.554532e-01;1.872932e-02;8.444397e-01;8.342168e-02;9.486017e-01;-4.460230e-02;1.541456e+00;3.122403e-02;1.513708e+00;-5.180221e-02;1.720383e+00;-9.050256e-02;2.192576e+00;-1.495322e-01;1.807119e+00;3.275079e-02;2.651803e+00;-3.226397e-01;2.883548e+00;-4.413899e-01;2.493455e+00;1.208830e-01;2.830815e+00;1.037894e-01;2.425473e+00;-1.262414e-01;1.789582e+00;-7.383920e-02;2.369490e+00;-7.548400e-02
27.500000;4.418950e+01;9.899014e+01;2.441644e-02;7.789002e-01;1.353406e-01;8.318239e-02;1.514043e-01;8.964795e-02;1.042108e-01;1.152730e-01;3.099650e+00;8.328720e+00;1.449333e-01;1.786883e+00;8.968496e-02;1.045345e+00;2.440656e-02;9.346975e-02;1.415908e-02;3.973293e-02;1.229590e-02;1.195625e-01;5.913413e-02;2.756407e-01;1.002889e-01;4.191467e-01;7.994478e-02;5.573779e-01;1.234709e-01;6.712227e-01;1.117000e-01;7.739766e-01;1.442970e-01;8.493829e-01;1.508946e-01;9.596091e-01;2.518642e-01;1.024311e+00;2.973248e-01;1.087206e+00;2.665717e-01;1.200927e+00;2.490775e-01;1.099477e+00;2.024314e-01;1.212085e+00;1.519851e-01;1.326812e+00;1.520107e-01;1.340030e+00;4.253461e-01;1.744991e+00;2.745661e-01;1.603031e+00;3.679721e-01;1.242372e+00;4.002137e-01;1.580974e+00;3.162968e-01;1.867097e+00;3.850214e-01;1.459608e+00;3.733838e-01;1.198084e+00;2.803912e-01;1.333707e+00;2.855605e-01;8.558601e-01;1.509952e-01;7.712953e-01;1.758090e-01;6.051844e-01;5.771104e-01;1.109666e+00;8.457661e-02;1.786013e-01;2.528316e+01;1.566182e+02;3.891232e+01;2.361475e+02;2.448107e+02;3.851572e+02;8.664031e+02;1.130493e+03;2.621789e-01;6.742249e-01;1.839699e+02;4.788945e+02;4.017487e-01;3.299584e+00;5.682286e+05;8.047889e+05;2.859062e+00;6.180569e+00;6.016417e+01;7.168549e+01;2.659191e-01;-4.394788e-01;1.109212e-01;4.021466e-01;4.361549e-01;9.045808e-01;4.361082e+00;1.997276e+01;3.624569e+00;1.342418e+01;4.451243e+00;1.731471e+01;4.812557e+00;6.861874e+00;5.485181e+00;7.431677e+00;6.386395e+00;-7.477000e-01;1.192510e+01;-8.813488e-01;8.060108e+00;-2.694321e+01;1.377796e+01;-1.021759e+01;9.410686e+00;6.667733e+00;7.569586e+00;-2.023180e+01;1.348436e+01;-3.838066e+00;1.094064e+01;2.763987e+01;9.068313e+00;-7.380135e+00;1.200644e-03;1.592627e-06;5.938486e-07;-2.798544e-08;3.944411e-06;-1.375627e-07;5.038905e-06;-1.662194e-08;4.600922e-06;1.857952e-08;8.380950e-05;-6.534807e-06;4.966731e-02;4.625081e-03;2.829856e-02;1.584570e-03;4.256130e-03;-1.264424e-04;2.166913e-03;2.545981e-04;2.873564e-03;-1.166421e-05;1.006530e-02;9.137401e-04;1.637892e-02;1.040348e-03;2.446256e-02;-4.911369e-04;2.841377e-02;2.239057e-03;2.991803e-02;1.396198e-03;4.224432e-02;8.729825e-04;5.143643e-02;3.972156e-04;5.330111e-02;1.065988e-03;5.911344e-02;1.825840e-03;7.531444e-02;2.176403e-03;7.742821e-02;2.650975e-03;6.966106e-02;2.457898e-03;5.238405e-02;-1.373274e-03;5.071290e-02;1.510833e-03;1.304616e-01;3.541015e-03;8.816553e-02;-7.982398e-04;8.142182e-02;1.001954e-03;9.583423e-02;6.198614e-04;1.110999e-01;-2.601888e-03;1.030226e-01;9.421812e-04;9.354066e-02;8.702367e-03;1.008445e-01;1.731346e-03;7.614484e-02;5.007702e-03;4.832168e-02;9.708077e-04;4.681002e-02;5.410322e-03;1.452978e-01;-6.053842e-03;2.800977e-02;2.468779e-03;6.258985e+00;7.464844e-01;1.396116e+01;5.885742e-01;9.061207e+01;1.335059e+00;2.141135e+02;2.111689e+01;7.430940e-02;2.247395e-03;4.514010e+01;4.023496e+00;7.102450e-02;8.352420e-03;1.343037e+05;1.196149e+04;5.207796e-01;-3.075754e-02;1.183044e+01;-4.458582e-01;4.984911e-02;1.167079e-03;2.691071e-02;2.611660e-03;1.015738e-01;7.308504e-04;8.183064e-01;-7.290476e-02;9.368439e-01;-3.383333e-02;1.519368e+00;8.176815e-03;1.625033e+00;-7.566656e-02;1.909744e+00;-4.631024e-02;2.292958e+00;1.233349e-03;2.097359e+00;1.478221e-01;2.421951e+00;-1.082481e-01;2.180311e+00;-1.912229e-01;2.318530e+00;2.436037e-01;2.252134e+00;3.044060e-02;2.177675e+00;-3.967274e-01;2.013395e+00;9.174158e-02;2.225669e+00;1.036474e-01
28.000000;4.715427e+01;1.044068e+02;2.446903e-02;7.811063e-01;1.455023e-01;1.073989e-01;1.781094e-01;1.269164e-01;1.173490e-01;1.590177e-01;3.353564e+00;8.116510e+00;1.526507e-01;1.835246e+00;7.494197e-02;1.010195e+00;2.883652e-02;1.019392e-01;1.353847e-02;3.808138e-02;2.943073e-02;1.371495e-01;4.507105e-02;2.767840e-01;9.929159e-02;4.269531e-01;5.713732e-02;5.728451e-01;1.609160e-01;6.742399e-01;1.654333e-01;7.622008e-01;1.533800e-01;8.407056e-01;1.548239e-01;9.173493e-01;1.847607e-01;9.720079e-01;2.399127e-01;1.045764e+00;1.948178e-01;1.154652e+00;1.142410e-01;1.102284e+00;1.891396e-01;1.197037e+00;1.695915e-01;1.286329e+00;2.097548e-01;1.356571e+00;3.542380e-01;1.499479e+00;2.801400e-01;1.516710e+00;2.953045e-01;1.349856e+00;3.477753e-01;1.502029e+00;2.825087e-01;1.569074e+00;2.974886e-01;1.431766e+00;3.362288e-01;1.239622e+00;1.929844e-01;1.143990e+00;2.588336e-01;9.112386e-01;1.343514e-01;7.592607e-01;1.488079e-01;6.191676e-01;5.924580e-01;1.171326e+00;8.481444e-02;2.019953e-01;2.724666e+01;1.613555e+02;4.648069e+01;2.236582e+02;2.373867e+02;3.689355e+02;8.712086e+02;1.131067e+03;3.463486e-01;7.691181e-01;1.785335e+02;4.695465e+02;3.859444e-01;3.305682e+00;4.997477e+05;7.536846e+05;2.923684e+00;6.110173e+00;6.437012e+01;7.249964e+01;3.270251e-01;-5.233878e-01;1.111908e-01;3.920800e-01;4.059530e-01;9.314825e-01;3.759562e+00;2.047224e+01;3.694761e+00;1.337636e+01;4.052985e+00;1.964552e+01;4.838917e+00;5.813144e+00;5.604854e+00;5.981524e+00;7.609360e+00;2.295488e-01;4.917069e+00;5.891055e+00;5.856540e+00;-3.027058e+01;5.670668e+00;-1.933136e+01;7.234090e+00;1.346194e+01;6.651540e+00;-1.574327e+01;6.643135e+00;-1.343118e+01;7.602164e+00;3.258969e+01;8.959971e+00;-6.730406e+00;1.352323e-03;-1.588670e-04;6.565151e-07;3.926383e-08;5.269574e-06;-4.944628e-07;6.187961e-06;-2.255291e-07;4.889971e-06;-8.099719e-08;9.302880e-05;1.166295e-05;3.967379e-02;-2.731450e-03;1.771715e-02;-1.414677e-03;6.099124e-03;-2.265713e-04;2.032321e-03;3.338372e-05;9.613757e-03;6.943789e-04;7.614458e-03;-1.218494e-03;1.514038e-02;-2.638669e-03;1.977035e-02;-5.943040e-05;2.614110e-02;-2.479564e-03;3.015202e-02;-4.725054e-03;3.571661e-02;-4.766260e-03;4.208319e-02;4.037285e-03;5.367359e-02;-4.680070e-03;4.878665e-02;-8.538872e-03;5.896987e-02;9.624020e-04;3.929246e-02;1.444079e-03;6.594019e-02;-1.625646e-03;5.321573e-02;-4.817440e-03;5.190348e-02;-2.623041e-03;9.737533e-02;-8.248067e-03;7.602438e-02;-5.596948e-03;6.277835e-02;2.931234e-03;8.336791e-02;4.858053e-03;6.577080e-02;-4.970589e-03;9.112102e-02;4.092017e-04;9.440725e-02;2.363822e-03;5.453195e-02;-7.309015e-04;6.142201e-02;1.787185e-03;4.358789e-02;8.185214e-05;3.800565e-02;1.367982e-03;1.301749e-01;-1.273175e-02;2.865127e-02;-6.268683e-04;7.891278e+00;-9.761719e-01;1.459021e+01;-1.047949e+00;8.824699e+01;-3.875977e-01;1.992868e+02;-7.177734e-02;9.874588e-02;-5.706364e-03;4.104837e+01;-6.376016e-01;6.751681e-02;1.695084e-03;1.110075e+05;1.057224e+03;5.612170e-01;-4.761429e-03;1.381711e+01;-1.408882e-01;8.158658e-02;2.607856e-03;2.424507e-02;-8.282317e-04;9.790623e-02;-1.465895e-02;7.677448e-01;-6.449125e-02;9.765279e-01;4.387890e-02;1.281076e+00;6.952270e-02;1.466605e+00;4.093527e-02;1.639149e+00;1.035854e-01;2.240149e+00;1.838835e-01;1.812274e+00;2.933680e-02;1.849151e+00;9.531252e-02;1.882041e+00;4.057087e-02;2.068999e+00;8.048289e-02;2.251559e+00;-1.774688e-02;1.976309e+00;-4.346246e-02;1.921418e+00;2.177750e-01;1.999189e+00;4.056854e-01
28.500000;4.401198e+01;9.493707e+01;2.649990e-02;7.805840e-01;1.417900e-01;1.020709e-01;1.647929e-01;1.122805e-01;1.090131e-01;1.661062e-01;7.533069e+00;7.297356e+00;2.145573e-01;1.739092e+00;8.370274e-02;9.816747e-01;2.261855e-02;1.098085e-01;9.597633e-03;3.075712e-02;3.293767e-02;1.463036e-01;3.817038e-02;2.703873e-01;7.807425e-02;4.211157e-01;9.714771e-02;5.129497e-01;1.653553e-01;6.884574e-01;1.918419e-01;8.174190e-01;1.404970e-01;8.438181e-01;1.569823e-01;8.398775e-01;1.445764e-01;9.333944e-01;1.996435e-01;1.027075e+00;1.977740e-01;1.085284e+00;1.303242e-01;1.135189e+00;1.846333e-01;1.204433e+00;2.633627e-01;1.304167e+00;2.969563e-01;1.362762e+00;2.810276e-01;1.384639e+00;2.195199e-01;1.420211e+00;2.389334e-01;1.439094e+00;3.129392e-01;1.454615e+00;1.445293e-01;1.410364e+00;2.216116e-01;1.348443e+00;2.576597e-01;1.230107e+00;1.078473e-01;1.034882e+00;1.956463e-01;8.971168e-01;1.331771e-01;7.220997e-01;1.230452e-01;5.893397e-01;6.283260e-01;8.933891e-01;7.962214e-02;1.819939e-01;4.687429e+01;1.207295e+02;6.324557e+01;1.593457e+02;9.446411e+01;2.559580e+02;6.822745e+02;7.395938e+02;3.447493e-01;8.586689e-01;1.313029e+02;3.552659e+02;4.430435e-01;2.978443e+00;3.824155e+05;5.941771e+05;2.518291e+00;7.064790e+00;6.246841e+01;9.087855e+01;2.662137e-01;-5.919716e-01;9.654622e-02;2.994372e-01;3.950712e-01;6.014357e-01;3.494720e+00;1.998686e+01;3.669332e+00;1.407332e+01;5.181325e+00;2.345903e+01;4.895518e+00;8.487215e+00;5.372161e+00;7.000208e+00;8.509933e+00;2.985690e+00;6.413361e+00;8.624835e+00;9.512831e+00;-2.428730e+01;9.691801e+00;-1.378113e+01;1.014894e+01;2.098423e+01;6.981470e+00;-8.921962e+00;5.607082e+00;-1.348675e+01;5.108291e+00;2.957614e+01;8.271938e+00;-7.421195e+00;1.123914e-03;-4.250249e-06;7.005675e-07;1.119271e-08;4.527708e-06;-1.805317e-07;5.467711e-06;8.403702e-08;3.882118e-06;-4.113165e-08;3.249393e-04;1.650949e-06;3.506193e-02;-4.767018e-03;1.877287e-02;-8.027015e-04;7.557752e-03;6.956629e-05;1.810035e-03;-4.036281e-04;1.070690e-02;5.725039e-06;9.630653e-03;-2.245011e-04;1.157962e-02;1.775286e-04;1.611830e-02;-9.320854e-04;2.784653e-02;8.295845e-05;4.742344e-02;8.369573e-05;3.392431e-02;2.657219e-03;4.083126e-02;6.870914e-04;4.002442e-02;1.976887e-03;3.695155e-02;1.462642e-03;4.669995e-02;-1.824846e-03;4.155536e-02;7.461173e-04;6.082720e-02;1.954941e-03;5.991201e-02;4.335666e-03;6.933408e-02;1.977530e-03;9.271966e-02;-4.871286e-03;7.505206e-02;-8.684340e-04;6.433595e-02;-3.102489e-04;7.458494e-02;-3.320765e-03;4.634816e-02;1.602158e-03;6.733438e-02;1.663438e-03;5.563749e-02;-1.154482e-02;3.907034e-02;-1.663192e-03;4.472419e-02;-5.642885e-03;3.885064e-02;-4.352962e-03;2.642956e-02;-4.727829e-03;9.232581e-02;-4.398136e-03;2.407862e-02;-2.499189e-03;7.559433e+00;-7.464844e-01;1.251595e+01;-1.708301e+00;2.773313e+01;-2.928516e+00;1.892937e+02;-2.093027e+01;1.124314e-01;1.342503e-04;3.179079e+01;-4.718207e+00;9.641174e-02;-1.009634e-02;7.936916e+04;-1.277692e+04;7.390383e-01;2.992633e-02;1.898899e+01;5.036095e-01;9.293673e-02;-8.305986e-04;2.160482e-02;-3.369017e-03;6.749798e-02;-5.488210e-03;6.181629e-01;7.675917e-02;9.962116e-01;-5.606699e-02;1.115570e+00;9.125484e-02;1.112067e+00;4.720761e-02;1.646202e+00;7.467554e-02;2.087319e+00;-7.665724e-02;1.880573e+00;6.332341e-03;1.820009e+00;2.707507e-01;1.669364e+00;1.413101e-01;2.349154e+00;3.958194e-02;2.287458e+00;1.882621e-01;1.747075e+00;4.273722e-02;1.702818e+00;-1.008103e-01;2.024722e+00;-1.150619e-01
29.000000;9.488997e+00;7.396149e+01;2.694220e-02;7.790838e-01;1.103391e-01;8.520163e-02;8.953439e-02;7.742202e-02;9.610535e-02;1.344380e-01;7.283360e+00;7.962599e+00;1.684874e-01;1.643441e+00;8.793803e-02;1.003984e+00;2.605737e-02;9.176019e-02;9.966811e-03;3.457546e-02;2.701159e-02;1.283928e-01;4.122480e-02;2.501575e-01;8.863238e-02;4.054652e-01;8.545399e-02;4.957998e-01;1.855049e-01;6.480989e-01;1.810836e-01;8.434400e-01;1.902981e-01;8.566856e-01;2.849399e-01;9.308695e-01;2.810127e-01;1.015077e+00;3.533288e-01;1.188166e+00;1.994469e-01;1.103246e+00;2.065595e-01;1.210650e+00;2.363218e-01;1.291363e+00;3.284217e-01;1.413189e+00;3.100098e-01;1.413235e+00;2.377494e-01;1.389190e+00;1.940323e-01;1.424450e+00;2.553604e-01;1.533457e+00;3.082418e-01;1.493393e+00;1.547901e-01;1.400649e+00;2.245170e-01;1.344414e+00;1.838069e-01;1.165931e+00;9.506319e-02;1.027895e+00;1.462273e-01;8.530360e-01;1.128343e-01;7.131943e-01;7.722555e-02;5.641426e-01;2.822844e-01;4.661295e-01;5.870791e-02;1.755616e-01;1.557486e+01;9.000879e+01;5.255337e+01;1.520244e+02;2.621591e+02;3.304629e+02;7.067327e+02;9.371250e+02;2.884946e-01;6.496119e-01;1.506405e+02;3.822722e+02;5.418363e-01;3.084811e+00;2.675954e+05;5.970865e+05;2.255551e+00;5.710918e+00;4.772750e+01;6.237519e+01;2.395199e-01;-4.333102e-01;1.086444e-01;3.112718e-01;3.996335e-01;4.470277e-01;3.141360e+00;2.039096e+01;6.963841e+00;8.235850e+00;4.869750e+00;2.399786e+01;3.898448e+00;9.837258e+00;4.855066e+00;7.867713e+00;6.695136e+00;5.249449e+00;7.023900e+00;9.917807e+00;6.730147e+00;-1.715476e+01;8.811220e+00;-8.822200e+00;1.045873e+01;2.073618e+01;8.345488e+00;-3.173241e+00;7.659494e+00;-9.503228e+00;9.506003e+00;2.440509e+01;8.106772e+00;-1.399452e+01;1.764127e-04;-1.077550e-05;6.278330e-07;-9.197654e-08;2.509934e-06;1.069607e-07;1.805274e-06;9.873801e-08;3.692795e-06;-1.821647e-07;3.204539e-04;-1.349634e-05;3.816829e-02;1.100032e-03;1.989713e-02;1.364116e-03;6.048842e-03;-6.932922e-04;1.699260e-03;2.428823e-04;5.438533e-03;-7.352541e-04;1.052052e-02;-2.378010e-04;1.529983e-02;5.452731e-04;1.669229e-02;4.669366e-04;3.281396e-02;1.105840e-03;5.104033e-02;3.487951e-03;3.651126e-02;4.033105e-03;5.747231e-02;2.633392e-03;5.437117e-02;6.265703e-04;8.253194e-02;2.892780e-03;5.815843e-02;-1.816249e-03;4.999668e-02;2.185993e-03;6.333723e-02;7.053940e-03;9.855702e-02;6.366548e-03;7.679514e-02;5.229590e-03;8.675233e-02;5.066796e-04;7.692953e-02;3.871198e-03;6.934585e-02;-8.678946e-04;8.877391e-02;-7.420220e-03;4.968981e-02;3.556300e-03;7.131989e-02;5.276496e-03;5.785200e-02;-3.125219e-03;3.518954e-02;-1.353275e-03;4.673589e-02;2.843353e-03;3.653779e-02;-1.572724e-03;2.283157e-02;-8.628305e-05;5.756339e-02;-5.927047e-03;2.134407e-02;1.004996e-03;4.260334e+00;-7.177734e-02;8.987154e+00;9.043945e-01;6.481243e+01;4.794726e+00;1.965760e+02;1.871953e+01;8.071180e-02;-1.960004e-04;3.663815e+01;4.116159e+00;1.064690e-01;1.168763e-02;7.266620e+04;6.242139e+03;6.756862e-01;-6.922826e-02;1.570827e+01;-1.373600e+00;6.381512e-02;6.760354e-03;2.370738e-02;2.856496e-03;9.761579e-02;-2.023608e-03;5.242571e-01;7.229095e-03;1.197059e+00;-2.035266e-01;1.400916e+00;-8.311912e-02;1.329177e+00;-1.519395e-02;1.854634e+00;-1.203296e-01;1.959374e+00;-1.845289e-01;2.132750e+00;6.982800e-02;1.989189e+00;2.295331e-01;1.879915e+00;1.002042e-03;2.615661e+00;-1.100562e-01;2.491144e+00;1.245218e-01;2.020422e+00;5.263330e-02;2.559956e+00;-5.923042e-02;1.804433e+00;-3.581040e-01
29.500000;8.805881e+00;7.232776e+01;2.337379e-02;7.678991e-01;1.087990e-01;7.514117e-02;8.236678e-02;7.754508e-02;1.172868e-01;1.650081e-01;2.241922e+00;7.358713e+00;1.863898e-01;1.616670e+00;1.098398e-01;1.016737e+00;1.998976e-02;7.535895e-02;9.927856e-03;3.995087e-02;1.961141e-02;1.212804e-01;5.813617e-02;2.760673e-01;8.607580e-02;4.151006e-01;6.454280e-02;5.520810e-01;1.872820e-01;6.638868e-01;1.516407e-01;7.824594e-01;2.032595e-01;9.393938e-01;2.752194e-01;9.821675e-01;2.562714e-01;1.062040e+00;3.853314e-01;1.149938e+00;2.302486e-01;1.133893e+00;2.072013e-01;1.209808e+00;2.980151e-01;1.291743e+00;4.113736e-01;1.306405e+00;2.598341e-01;1.394495e+00;1.555123e-01;1.339038e+00;2.153013e-01;1.381307e+00;3.092925e-01;1.567572e+00;4.104037e-01;1.606079e+00;1.670082e-01;1.378136e+00;2.242440e-01;1.320740e+00;4.870987e-01;1.265515e+00;1.167037e-01;1.034239e+00;3.533041e-01;9.069241e-01;2.227584e-01;7.441522e-01;2.434331e-01;6.106884e-01;2.814565e-01;4.078499e-01;6.065989e-02;1.498060e-01;1.821505e+01;1.019238e+02;3.665117e+01;1.728398e+02;2.518751e+02;3.667822e+02;6.464728e+02;1.012061e+03;2.298126e-01;5.974163e-01;1.379163e+02;4.251140e+02;3.709253e-01;3.364017e+00;3.957154e+05;6.902802e+05;1.846555e+00;5.226031e+00;3.117108e+01;5.008466e+01;1.603783e-01;-2.901913e-01;9.578759e-02;3.509547e-01;3.979602e-01;5.009779e-01;3.119431e+00;2.116077e+01;6.184735e+00;5.290586e+00;4.285341e+00;2.110624e+01;4.533046e+00;6.964255e+00;4.907942e+00;6.346042e+00;6.817216e+00;7.103662e+00;5.888762e+00;7.047380e+00;6.609411e+00;-1.377950e+01;8.964988e+00;-6.156622e+00;7.459779e+00;1.385632e+01;8.897454e+00;-3.160091e+00;8.783644e+00;-8.473839e+00;9.133153e+00;1.710583e+01;8.082336e+00;-1.408184e+01;1.666175e-04;9.876378e-06;5.885325e-07;-3.188780e-08;2.385229e-06;-1.490448e-07;1.721481e-06;-1.667262e-07;3.868492e-06;4.432712e-07;6.864393e-05;-3.792592e-06;3.773115e-02;-5.924774e-04;2.313844e-02;1.162077e-05;3.947372e-03;-4.097203e-04;1.690560e-03;2.060972e-04;3.929779e-03;-2.844069e-04;1.160696e-02;-8.716601e-05;1.528027e-02;-6.401534e-04;1.613292e-02;-9.220783e-04;3.839002e-02;-3.553758e-03;3.606912e-02;-1.401101e-03;3.547366e-02;-1.797042e-03;6.253222e-02;9.695390e-04;5.170677e-02;2.183542e-03;9.246398e-02;2.620189e-04;7.935032e-02;8.767372e-03;4.894139e-02;1.580387e-03;7.881434e-02;-3.440498e-03;1.117755e-01;-6.034729e-03;7.273675e-02;-6.850116e-04;6.768508e-02;3.272077e-03;8.348026e-02;-2.317111e-03;7.904430e-02;-2.410589e-03;1.157906e-01;4.735540e-03;5.528058e-02;-1.043976e-03;6.943069e-02;-3.367638e-03;1.116425e-01;4.014193e-03;3.663099e-02;-8.885257e-04;8.291012e-02;1.865056e-04;5.723849e-02;1.748582e-03;5.460980e-02;1.456174e-03;5.375775e-02;-3.030535e-03;1.662808e-02;2.071872e-04;6.800312e+00;5.742188e-01;8.128936e+00;8.182617e-01;6.412179e+01;2.641406e+00;1.705579e+02;8.225683e+00;7.039411e-02;-1.107830e-03;3.484045e+01;2.525578e+00;9.117489e-02;8.917425e-03;1.115160e+05;4.097079e+03;5.656163e-01;-2.010611e-02;1.064315e+01;-3.254578e-01;3.849235e-02;2.750812e-03;2.288060e-02;2.022212e-03;1.058531e-01;-8.475193e-04;7.658653e-01;-1.854608e-02;1.441296e+00;-9.502700e-02;1.419134e+00;-1.153766e-01;1.400174e+00;-7.819708e-02;1.714083e+00;4.677827e-02;1.781557e+00;2.470132e-01;1.916039e+00;-3.280691e-02;2.110215e+00;-4.970291e-02;2.207906e+00;-1.801623e-02;2.504653e+00;-4.235770e-02;2.405241e+00;-7.495368e-02;2.325823e+00;-2.061267e-01;2.920521e+00;-1.896774e-01;2.059307e+00;1.237641e-01
30.000000;3.156297e+01;8.932640e+01;2.057769e-02;7.624038e-01;1.441345e-01;1.114830e-01;1.462921e-01;1.330474e-01;1.186497e-01;1.847335e-01;1.920576e+00;6.736529e+00;1.682478e-01;1.618300e+00;1.020289e-01;1.035753e+00;1.462302e-02;6.438839e-02;9.397065e-03;4.329806e-02;2.277114e-02;1.278010e-01;5.386299e-02;2.749704e-01;5.487310e-02;4.086677e-01;1.303164e-01;6.020699e-01;1.306508e-01;6.821272e-01;1.026082e-01;7.456192e-01;2.026478e-01;9.590783e-01;1.504002e-01;9.481774e-01;1.424170e-01;1.016899e+00;2.367619e-01;9.977154e-01;2.953276e-01;1.181111e+00;1.718690e-01;1.210100e+00;3.275966e-01;1.287420e+00;3.731469e-01;1.251835e+00;3.183232e-01;1.419972e+00;1.428985e-01;1.397901e+00;2.487441e-01;1.418747e+00;2.391143e-01;1.548735e+00;3.565197e-01;1.637547e+00;1.786859e-01;1.437679e+00;2.448431e-01;1.389509e+00;5.291726e-01;1.404404e+00;1.546706e-01;1.062947e+00;4.064160e-01;1.038647e+00;2.461112e-01;7.915000e-01;2.976393e-01;6.884022e-01;1.883922e-01;3.319497e-01;5.494335e-02;1.398024e-01;4.433284e+01;1.330752e+02;7.351122e+01;2.118867e+02;1.946540e+02;3.934834e+02;6.336818e+02;1.295725e+03;2.411982e-01;5.455099e-01;1.415325e+02;5.068425e+02;4.290365e-01;3.617327e+00;4.935738e+05;8.962072e+05;1.747496e+00;4.728461e+00;2.878288e+01;4.145872e+01;1.165546e-01;-2.072994e-01;1.086076e-01;4.171880e-01;1.793593e-01;3.523108e-01;3.197173e+00;1.978342e+01;7.569479e+00;3.103226e+00;4.549353e+00;2.008442e+01;4.404561e+00;4.618441e+00;5.337286e+00;3.499671e+00;6.300196e+00;7.568636e+00;7.910813e+00;2.339342e+00;6.578547e+00;-1.198500e+01;7.081479e+00;-4.227942e+00;7.772158e+00;9.395455e+00;7.097825e+00;-5.790352e+00;7.830492e+00;-1.315783e+01;8.342246e+00;1.579130e+01;8.976880e+00;-4.013966e+00;6.681503e-04;1.415513e-05;6.178184e-07;1.257342e-08;5.332630e-06;-1.992783e-07;5.642373e-06;-2.377993e-09;4.379268e-06;8.105867e-08;6.649223e-05;7.491263e-07;3.185752e-02;-3.825020e-03;2.226586e-02;-1.241611e-03;3.218436e-03;-1.420918e-04;1.868547e-03;-7.911314e-05;4.093800e-03;2.194727e-04;1.312829e-02;-1.754107e-04;1.677136e-02;-6.253383e-04;2.906940e-02;-1.241718e-03;3.791681e-02;1.650244e-03;3.240024e-02;-1.576587e-03;6.213222e-02;-1.577575e-03;4.487079e-02;-2.881197e-03;4.305429e-02;-2.480885e-03;7.138310e-02;-3.122824e-04;9.800550e-02;-1.487445e-03;4.918828e-02;-2.850544e-03;8.263303e-02;-7.860915e-03;1.025536e-01;6.506420e-04;8.012573e-02;-4.170627e-03;3.871490e-02;-3.215345e-03;8.462814e-02;-8.098220e-03;6.651675e-02;-1.807153e-03;9.237214e-02;2.484839e-04;5.578860e-02;-3.386263e-03;7.179759e-02;-3.741400e-03;1.178184e-01;6.339354e-03;3.927191e-02;2.376171e-03;9.341737e-02;1.261318e-03;6.358676e-02;1.077383e-03;7.104366e-02;1.383954e-03;4.436937e-02;-1.385080e-03;1.144857e-02;-2.058484e-03;8.671404e+00;7.177734e-02;9.857347e+00;-5.167969e-01;4.804575e+01;-3.229980e+00;1.702666e+02;-1.379561e+01;6.209714e-02;-1.441808e-03;3.269387e+01;-1.859992e+00;9.274431e-02;-1.585824e-03;1.346766e+05;1.303609e+03;4.674960e-01;4.128842e-02;8.900072e+00;5.097526e-01;3.099604e-02;8.261157e-04;2.222610e-02;-1.052459e-03;5.596119e-02;-2.069431e-03;8.748248e-01;-3.699618e-02;1.411315e+00;1.000649e-01;1.301588e+00;-7.852623e-02;1.607846e+00;-8.425048e-03;1.741618e+00;-8.927083e-03;1.767733e+00;-2.680668e-02;1.888176e+00;-3.171981e-02;2.236832e+00;7.186438e-03;1.912310e+00;7.880810e-02;1.995180e+00;4.494156e-02;2.113855e+00;3.787361e-02;2.165116e+00;-2.873409e-02;2.573439e+00;-1.844983e-01;2.296842e+00;2.976665e-01
30.500000;2.992902e+01;9.209000e+01;1.955103e-02;7.628869e-01;1.540065e-01;1.724834e-01;1.454537e-01;1.355193e-01;8.178122e-02;1.769698e-01;2.284673e+00;7.288368e+00;2.092154e-01;1.634951e+00;1.067403e-01;1.033322e+00;3.682411e-02;7.188644e-02;1.125528e-02;3.797304e-02;6.212975e-02;1.450050e-01;6.598119e-02;2.685568e-01;8.442678e-02;4.263342e-01;1.593679e-01;6.616183e-01;1.801667e-01;8.070992e-01;1.222400e-01;7.573556e-01;2.248926e-01;8.838663e-01;2.180225e-01;9.976960e-01;1.685374e-01;9.826321e-01;2.215991e-01;1.185107e+00;2.609798e-01;1.144229e+00;2.461708e-01;1.204440e+00;3.366131e-01;1.271143e+00;3.245935e-01;1.418952e+00;3.638248e-01;1.418344e+00;1.696848e-01;1.397381e+00;2.836395e-01;1.454056e+00;2.985459e-01;1.498201e+00;3.244546e-01;1.535518e+00;2.002876e-01;1.412906e+00;2.485301e-01;1.355566e+00;3.363487e-01;1.279812e+00;1.456974e-01;1.051704e+00;2.914714e-01;9.406198e-01;1.584523e-01;7.363782e-01;2.154043e-01;6.318502e-01;1.084072e+00;8.384307e-01;5.724725e-02;1.451756e-01;7.150061e+01;1.461387e+02;8.676346e+01;2.507900e+02;1.573202e+02;4.404258e+02;6.480295e+02;1.256678e+03;3.180385e-01;5.238481e-01;1.505765e+02;5.054023e+02;5.228248e-01;3.557462e+00;4.821008e+05;7.222076e+05;2.968108e+00;5.321939e+00;1.133757e+02;7.263471e+01;3.837167e-01;-3.096885e-01;1.079081e-01;4.299493e-01;5.600486e-01;5.326229e-01;3.771462e+00;2.169304e+01;5.550776e+00;7.957945e-01;5.101107e+00;1.890202e+01;5.765367e+00;4.212445e+00;4.755239e+00;7.611398e-02;5.260504e+00;3.318877e+00;8.879498e+00;-8.737774e-01;8.618559e+00;-1.544215e+01;6.141509e+00;-7.500072e+00;8.027221e+00;8.557764e+00;9.153808e+00;-1.626581e+00;1.126600e+01;-5.746796e+00;8.139674e+00;1.993048e+01;6.994016e+00;2.684563e+00;7.265878e-04;-3.864873e-06;5.695290e-07;2.906458e-08;5.701309e-06;-8.147359e-08;5.827386e-06;1.369334e-07;3.467278e-06;-4.120281e-07;5.655910e-05;9.046650e-06;3.368744e-02;5.292665e-03;1.989751e-02;9.341786e-04;7.842483e-03;6.256503e-04;1.535680e-03;-1.601159e-04;1.733162e-02;6.578479e-04;1.883442e-02;1.847395e-04;2.120314e-02;-8.490119e-04;3.759189e-02;3.267458e-03;4.282600e-02;3.802833e-03;3.072964e-02;1.483070e-03;7.193697e-02;9.786836e-04;6.643791e-02;1.640030e-03;4.195426e-02;-1.888734e-03;7.276562e-02;3.856767e-03;7.729989e-02;-3.698628e-03;7.643049e-02;5.100284e-04;8.356336e-02;3.272607e-03;1.149393e-01;8.349833e-03;8.711152e-02;1.266939e-03;4.175259e-02;-5.804642e-04;9.895366e-02;1.850627e-03;5.725464e-02;5.142811e-03;7.441106e-02;-4.166500e-03;5.889953e-02;-5.419498e-04;7.468048e-02;1.464860e-03;7.374357e-02;-1.178505e-03;3.990960e-02;1.650205e-03;6.149506e-02;-6.994161e-04;4.147365e-02;-5.984487e-04;5.121174e-02;-8.890335e-04;2.100129e-01;2.023614e-02;1.323824e-02;1.377771e-03;1.647693e+01;-5.742188e-01;2.130487e+01;1.550391e+00;4.565766e+01;-5.885742e-01;1.563161e+02;-6.043653e+00;8.575932e-02;-4.954415e-04;3.210715e+01;-1.557817e+00;1.020107e-01;-6.137953e-03;9.523901e+04;-5.581957e+03;7.602068e-01;1.747602e-02;3.682495e+01;6.312473e-01;1.042186e-01;-4.711297e-03;2.407967e-02;-7.980384e-04;1.065500e-01;1.068464e-02;6.868383e-01;8.154217e-02;1.376190e+00;-5.216597e-02;1.651238e+00;5.581375e-04;1.868539e+00;4.781840e-02;1.837768e+00;-1.244898e-01;1.929786e+00;-1.875114e-01;2.311393e+00;-4.693566e-02;2.633634e+00;1.880853e-02;1.911588e+00;-1.308159e-02;2.363284e+00;-5.431978e-02;2.426421e+00;1.880245e-01;2.134204e+00;4.500097e-01;2.460216e+00;1.609215e-01;2.072470e+00;1.717620e-01
31.000000;1.018271e+02;1.170296e+02;2.790970e-02;7.797465e-01;1.339537e-01;1.249811e-01;1.218518e-01;7.079412e-02;8.174787e-02;1.351788e-01;6.906961e+00;7.662918e+00;3.133121e-01;1.728216e+00;1.340231e-01;9.899191e-01;4.494444e-02;1.072346e-01;8.990627e-03;2.484127e-02;6.077781e-02;1.506898e-01;7.071798e-02;2.898920e-01;9.443219e-02;4.444373e-01;1.740626e-01;6.238428e-01;2.202255e-01;8.014542e-01;1.067394e-01;7.183614e-01;2.376204e-01;8.807770e-01;3.036925e-01;1.045988e+00;1.340716e-01;9.453699e-01;2.372599e-01;1.144969e+00;1.714860e-01;1.069392e+00;3.463497e-01;1.201707e+00;3.201167e-01;1.153607e+00;4.224064e-01;1.303963e+00;3.366941e-01;1.310952e+00;1.536808e-01;1.344676e+00;2.858575e-01;1.407701e+00;3.974967e-01;1.416990e+00;3.523864e-01;1.438164e+00;1.856992e-01;1.356654e+00;1.999750e-01;1.281232e+00;2.436864e-01;1.216372e+00;1.321429e-01;1.030151e+00;1.823361e-01;8.649737e-01;1.530216e-01;7.067935e-01;1.419966e-01;5.887848e-01;2.465909e+00;2.399239e+00;8.354919e-02;1.513891e-01;1.013964e+02;1.510195e+02;1.051459e+02;2.466270e+02;6.833324e+01;3.594609e+02;4.465557e+02;6.501592e+02;3.193889e-01;5.826941e-01;1.122529e+02;3.609518e+02;4.442761e-01;2.989473e+00;2.414121e+05;3.251645e+05;4.595339e+00;9.556595e+00;1.739044e+02;2.022854e+02;5.018518e-01;-6.442890e-01;9.010951e-02;3.409565e-01;1.299150e+00;1.375921e+00;3.036415e+00;2.542309e+01;5.939072e+00;4.386296e+00;5.525147e+00;1.751464e+01;5.317080e+00;3.828899e+00;5.962401e+00;-1.501879e+00;7.082090e+00;3.742387e+00;9.353261e+00;-1.176658e+00;1.083850e+01;-1.888279e+01;6.150516e+00;-8.601951e+00;8.229159e+00;1.090855e+01;9.376694e+00;1.941476e+00;8.764201e+00;3.310396e+00;5.452281e+00;2.460996e+01;1.029567e+01;1.224164e+01;2.092408e-03;9.639889e-05;6.447974e-07;1.578572e-08;3.680696e-06;-1.816649e-07;4.429692e-06;-2.376341e-07;2.423916e-06;-5.588559e-08;2.972909e-04;3.877798e-06;4.254992e-02;-8.148857e-04;2.301245e-02;-3.409943e-04;1.003037e-02;3.657442e-04;1.116911e-03;-3.390023e-04;1.868878e-02;-1.347584e-04;2.090015e-02;8.190307e-04;2.090776e-02;9.939723e-04;3.889049e-02;-1.782996e-03;4.940484e-02;-4.108679e-03;2.047789e-02;6.935641e-04;7.198609e-02;5.418223e-05;9.301355e-02;1.017916e-05;3.563137e-02;2.412495e-03;6.768702e-02;-3.333375e-03;4.579481e-02;1.834169e-03;9.715176e-02;-5.293892e-04;8.809434e-02;2.016392e-03;1.241576e-01;-3.830499e-03;8.632097e-02;-2.259485e-03;5.279694e-02;5.413428e-04;1.026530e-01;5.230670e-03;7.492384e-02;1.613087e-03;9.307239e-02;3.138423e-03;5.528454e-02;2.401679e-03;5.925095e-02;2.542634e-03;6.275313e-02;-6.267637e-03;3.898221e-02;-2.579608e-03;3.712309e-02;-4.232192e-03;3.643154e-02;-1.438693e-03;3.322979e-02;-2.670368e-03;5.521314e-01;-6.829394e-05;1.997069e-02;-1.644533e-04;2.753383e+01;-1.148437e-01;2.729149e+01;-6.316406e-01;1.810048e+01;-1.909277e+00;1.171240e+02;-5.627344e+00;8.988401e-02;3.680293e-04;2.705236e+01;-2.675119e+00;1.251596e-01;-1.105569e-02;4.991889e+04;-8.953427e+03;1.165847e+00;4.612791e-02;5.315744e+01;1.647430e+00;1.386452e-01;-2.545157e-03;2.349905e-02;-2.079255e-03;2.759462e-01;2.273453e-04;5.217753e-01;9.750640e-02;1.724149e+00;2.098522e-02;1.898958e+00;7.794622e-02;1.571357e+00;-1.038440e-01;2.011050e+00;1.235182e-01;2.191698e+00;2.560956e-01;2.512552e+00;-5.329495e-02;3.458255e+00;2.137002e-02;2.126637e+00;6.853816e-02;2.817011e+00;-6.331068e-02;2.672048e+00;-1.175144e-01;2.028325e+00;-4.386143e-02;2.103117e+00;4.428634e-02;1.683486e+00;3.888179e-02
31.500000;1.015637e+02;1.170021e+02;2.143308e-02;7.862074e-01;9.262039e-02;8.420886e-02;1.197877e-01;6.204748e-02;6.693251e-02;1.014618e-01;6.976360e+00;9.064445e+00;3.083867e-01;1.778427e+00;1.415696e-01;1.022498e+00;2.890151e-02;1.138746e-01;6.811755e-03;2.046989e-02;1.949039e-02;1.330306e-01;4.124987e-02;2.844705e-01;7.077051e-02;4.250373e-01;2.451939e-01;6.016954e-01;2.757689e-01;7.226025e-01;9.462329e-02;7.638397e-01;2.375904e-01;9.084672e-01;2.617085e-01;1.022352e+00;1.471704e-01;1.021589e+00;2.033738e-01;1.071259e+00;1.721865e-01;1.125574e+00;3.295947e-01;1.259801e+00;3.888846e-01;1.313355e+00;5.890038e-01;1.446216e+00;3.898560e-01;1.445568e+00;2.039235e-01;1.382901e+00;2.590247e-01;1.398585e+00;4.044526e-01;1.598623e+00;2.995492e-01;1.505546e+00;2.306666e-01;1.390823e+00;2.085285e-01;1.295045e+00;2.422099e-01;1.239967e+00;1.517649e-01;1.018203e+00;1.848173e-01;8.931057e-01;1.636014e-01;7.247356e-01;1.571189e-01;5.925461e-01;2.433511e+00;2.381676e+00;9.717000e-02;1.562614e-01;8.784081e+01;1.304912e+02;1.116368e+02;2.242324e+02;9.997540e+01;3.205576e+02;1.911357e+02;4.935410e+02;1.350615e-01;5.278269e-01;7.965236e+01;2.986031e+02;3.680829e-01;2.860101e+00;1.183176e+05;1.984958e+05;4.078694e+00;9.977322e+00;1.481876e+02;2.127760e+02;3.746003e-01;-6.548810e-01;8.066934e-02;2.951600e-01;1.266005e+00;1.399534e+00;2.679106e+00;2.812648e+01;7.274335e+00;2.421513e+00;4.831277e+00;1.770113e+01;4.612127e+00;5.026959e+00;6.484505e+00;-7.576462e-01;9.621423e+00;9.767488e+00;1.170830e+01;1.559599e+00;1.248571e+01;-1.460430e+01;5.932272e+00;-5.723187e+00;8.147408e+00;4.982955e+00;8.577680e+00;1.635307e+00;8.245814e+00;5.171787e+00;6.675879e+00;2.126932e+01;7.457668e+00;1.684420e+01;2.067484e-03;1.091740e-04;5.421940e-07;-3.849198e-08;3.261205e-06;-4.198010e-07;4.442052e-06;-3.520513e-07;1.916224e-06;2.436225e-08;2.976843e-04;-6.475289e-06;4.726534e-02;1.646870e-03;3.019264e-02;1.982850e-03;6.864825e-03;-1.630671e-04;1.280197e-03;1.242127e-04;7.326819e-03;-3.840427e-04;1.347669e-02;2.096603e-04;1.651625e-02;1.014958e-03;5.694800e-02;-2.265870e-03;6.352200e-02;-3.352181e-03;1.941785e-02;-1.356869e-03;7.295343e-02;1.978111e-03;8.264781e-02;2.728477e-04;4.555921e-02;4.679215e-04;5.947039e-02;-2.459882e-03;5.335253e-02;-2.139705e-03;9.222806e-02;1.321862e-03;1.063717e-01;3.029508e-03;1.622513e-01;3.224709e-03;9.642328e-02;7.633797e-04;6.545818e-02;3.404137e-03;8.377433e-02;7.576119e-03;9.112737e-02;-4.033741e-03;1.003290e-01;-1.680257e-03;6.858519e-02;7.973504e-03;6.847006e-02;8.269554e-03;6.821031e-02;5.138825e-03;4.845038e-02;5.201477e-03;4.942423e-02;7.610694e-03;4.822526e-02;5.610150e-03;4.448797e-02;6.159230e-03;5.642284e-01;-1.375094e-02;2.413357e-02;3.407209e-04;2.319819e+01;0;2.718780e+01;-1.536035e+00;1.505461e+01;4.593750e-01;5.856915e+01;4.033887e+00;4.255738e-02;1.883832e-03;1.630099e+01;7.910267e-01;1.105326e-01;5.856249e-03;3.950528e+04;4.521290e+03;1.011365e+00;-1.984570e-03;4.203045e+01;-3.447897e-01;9.591347e-02;1.358067e-03;1.556218e-02;3.527339e-04;2.806755e-01;-6.469670e-03;7.443702e-01;-6.435982e-02;1.753771e+00;5.873825e-02;1.678423e+00;-4.983406e-02;1.468725e+00;5.241664e-02;1.741885e+00;9.625248e-03;2.220478e+00;7.138111e-02;3.126076e+00;1.539761e-01;3.742282e+00;7.092810e-02;1.789612e+00;-7.576011e-02;2.481595e+00;-1.705863e-01;2.648026e+00;-1.268409e-01;1.806559e+00;-8.930009e-02;1.854455e+00;-9.707440e-03;1.902356e+00;-9.670044e-02
32.000000;3.975586e+00;8.014159e+01;1.575497e-02;7.667836e-01;8.961309e-02;8.840743e-02;6.200743e-02;5.165285e-02;8.849257e-02;1.342877e-01;2.958103e+00;8.526917e+00;2.952353e-01;1.596776e+00;1.463742e-01;1.005713e+00;2.852203e-02;8.166425e-02;1.408862e-02;3.234442e-02;1.570583e-02;1.191489e-01;2.948448e-02;2.589545e-01;4.158520e-02;3.965741e-01;2.439144e-01;5.409793e-01;2.840959e-01;6.276121e-01;6.654143e-02;8.024308e-01;1.773732e-01;8.522068e-01;1.899839e-01;9.165658e-01;1.833222e-01;1.015186e+00;2.439495e-01;9.382713e-01;2.169042e-01;1.122400e+00;2.476546e-01;1.139292e+00;3.207834e-01;1.330611e+00;5.946827e-01;1.350518e+00;3.884102e-01;1.334036e+00;2.192061e-01;1.447230e+00;2.322954e-01;1.496952e+00;3.912494e-01;1.495922e+00;3.415109e-01;1.448955e+00;2.412092e-01;1.486120e+00;2.833208e-01;1.389886e+00;3.373032e-01;1.254176e+00;2.863662e-01;1.090255e+00;3.384371e-01;9.284724e-01;2.380594e-01;7.515365e-01;2.485309e-01;6.142323e-01;1.109517e+00;9.405894e-01;7.589956e-02;1.233830e-01;2.428749e+01;1.039336e+02;9.243896e+01;2.104512e+02;2.751852e+02;4.355449e+02;7.182614e+02;9.704297e+02;1.421707e-01;5.233080e-01;1.807982e+02;4.019843e+02;5.015151e-01;3.268295e+00;3.599834e+05;4.705682e+05;2.943799e+00;6.553195e+00;8.250367e+01;1.007853e+02;2.206483e-01;-3.537003e-01;1.199451e-01;3.492992e-01;5.850210e-01;6.008207e-01;4.460756e+00;2.545040e+01;6.162495e+00;1.551678e+00;3.713900e+00;1.863192e+01;5.543297e+00;4.148685e+00;5.905972e+00;-1.713312e+00;7.743906e+00;1.099450e+01;1.053578e+01;8.751548e+00;8.260861e+00;-9.740444e+00;4.256254e+00;-2.088674e+00;7.970864e+00;2.206593e+00;1.378713e+01;-8.322557e+00;1.276432e+01;2.442684e-01;8.430335e+00;2.301598e+01;7.788162e+00;9.979445e+00;1.246042e-04;9.641219e-06;4.022849e-07;-7.158286e-09;2.556063e-06;1.531028e-07;2.567275e-06;7.655937e-08;3.139682e-06;1.014402e-07;5.611133e-05;-4.690062e-06;4.375614e-02;7.047133e-04;2.909440e-02;1.005109e-03;3.350631e-03;-3.539891e-04;1.461371e-03;3.897707e-04;1.916846e-03;2.655845e-05;7.323345e-03;-3.607423e-04;1.191641e-02;4.613311e-04;5.335079e-02;2.749759e-03;6.012165e-02;2.522132e-03;2.273276e-02;6.122656e-04;5.475869e-02;-2.580677e-04;5.420174e-02;-2.165259e-03;5.406141e-02;-2.632531e-03;5.761449e-02;1.591859e-04;7.302040e-02;-1.690783e-03;7.095243e-02;1.517209e-03;9.216132e-02;1.585513e-03;1.498470e-01;-3.488669e-03;9.058366e-02;4.303266e-03;8.085899e-02;2.423600e-03;8.346331e-02;1.995944e-03;7.936826e-02;2.408443e-03;1.070016e-01;-1.674272e-03;7.448650e-02;3.981987e-04;7.977621e-02;7.457610e-04;7.360964e-02;4.322735e-03;6.424735e-02;1.659615e-03;7.194513e-02;3.454370e-03;5.196345e-02;3.813805e-03;4.832252e-02;3.243468e-03;2.723712e-01;-1.840446e-04;2.200209e-02;8.183635e-04;7.150854e+00;1.866211e-01;2.496424e+01;9.905273e-01;7.205783e+01;3.976465e+00;1.404211e+02;2.103076e+01;4.076921e-02;-7.768188e-06;3.273521e+01;4.294652e+00;7.341226e-02;1.079501e-02;5.846537e+04;9.310782e+03;6.256316e-01;-7.190832e-02;1.880696e+01;-1.934123e+00;3.448049e-02;2.452630e-03;2.056550e-02;2.883664e-03;1.341250e-01;2.802038e-04;7.693381e-01;-8.486751e-02;1.523649e+00;-2.437831e-02;1.267699e+00;2.434425e-02;1.699970e+00;2.996013e-02;1.345964e+00;-1.921690e-01;1.821272e+00;-1.164943e-01;3.126254e+00;7.527528e-02;2.954499e+00;-5.169456e-02;1.518671e+00;1.065912e-02;2.577481e+00;6.972226e-02;2.308627e+00;-2.131329e-01;2.024563e+00;-6.423366e-02;2.066467e+00;2.224491e-01;2.167331e+00;-6.920074e-02
32.500000;3.134491e+01;9.317859e+01;1.557992e-02;7.586637e-01;9.314980e-02;8.414212e-02;7.198028e-02;6.310403e-02;9.919780e-02;1.715447e-01;1.845999e+00;6.186383e+00;2.054633e-01;1.496582e+00;1.333422e-01;1.002733e+00;1.868815e-02;6.066688e-02;9.106865e-03;4.227261e-02;1.988841e-02;1.205113e-01;5.218203e-02;2.702978e-01;7.628934e-02;4.411270e-01;1.109238e-01;5.099821e-01;1.600828e-01;6.014048e-01;1.309637e-01;8.071410e-01;1.348524e-01;8.281432e-01;1.519185e-01;9.092964e-01;1.628650e-01;1.013558e+00;2.850128e-01;9.591814e-01;2.762025e-01;1.189717e+00;1.867486e-01;1.119362e+00;1.345925e-01;1.203552e+00;2.736810e-01;1.140573e+00;2.215151e-01;1.248313e+00;2.030649e-01;1.410040e+00;2.301475e-01;1.467924e+00;3.137755e-01;1.387807e+00;3.215419e-01;1.432638e+00;2.231515e-01;1.498116e+00;3.164631e-01;1.458596e+00;4.507189e-01;1.362016e+00;3.228909e-01;1.154078e+00;4.295644e-01;1.023926e+00;2.667536e-01;8.263497e-01;2.928749e-01;6.874075e-01;6.438103e-01;4.473649e-01;3.595176e-02;1.071973e-01;3.027439e+01;1.141260e+02;6.375897e+01;2.072930e+02;2.452847e+02;4.946895e+02;7.088361e+02;1.428369e+03;1.553511e-01;5.103940e-01;1.377446e+02;5.034030e+02;3.065787e-01;3.595544e+00;3.452766e+05;7.732232e+05;2.260531e+00;5.086660e+00;4.062022e+01;5.237930e+01;1.367957e-01;-1.893414e-01;8.403362e-02;4.140613e-01;3.479609e-01;3.521513e-01;2.685622e+00;2.163522e+01;5.363131e+00;4.151940e+00;4.132496e+00;1.649036e+01;4.006788e+00;2.554575e+00;6.709997e+00;-1.550727e+00;5.933888e+00;1.094752e+01;6.699633e+00;9.822256e+00;5.596721e+00;-1.074587e+01;4.356342e+00;-1.216719e+00;7.569649e+00;6.133959e+00;8.084619e+00;-2.034900e+01;1.153241e+01;-1.026668e+01;9.786310e+00;2.909063e+01;6.721526e+00;6.217630e+00;5.214614e-04;1.333730e-04;4.006456e-07;-2.225308e-08;2.825216e-06;8.851830e-08;2.584506e-06;-2.309457e-08;3.898443e-06;1.307354e-08;4.620093e-05;-6.931236e-06;3.960626e-02;-7.233374e-03;2.720516e-02;-3.641363e-03;2.609404e-03;-3.948735e-04;1.867801e-03;-1.216931e-04;2.132317e-03;-1.797097e-04;1.167833e-02;8.538469e-05;1.795383e-02;6.071888e-04;2.855338e-02;8.004958e-04;3.871528e-02;2.174067e-03;3.857149e-02;-1.547477e-03;4.428071e-02;-4.590146e-03;4.096102e-02;-1.250251e-03;5.044406e-02;6.236832e-04;5.345572e-02;6.439690e-04;9.099385e-02;1.792579e-04;5.495976e-02;-5.531172e-03;5.217336e-02;-5.447485e-03;7.172236e-02;-9.145341e-03;6.831399e-02;-5.037531e-03;8.469090e-02;-4.364274e-03;9.553930e-02;-7.977570e-03;6.299398e-02;-3.306338e-03;8.791929e-02;-1.559643e-03;7.621782e-02;-4.180561e-03;9.525081e-02;-6.236101e-03;1.063535e-01;-8.465913e-03;7.331160e-02;-7.984484e-03;1.051163e-01;-8.494060e-03;6.191185e-02;-6.774710e-03;6.513111e-02;-7.716693e-03;1.351781e-01;-4.805933e-03;1.773639e-02;-1.940573e-03;7.758543e+00;7.464844e-01;1.791390e+01;2.009766e-01;7.628480e+01;-7.177734e-02;2.308339e+02;-9.905273e-01;4.699600e-02;-2.546018e-03;4.058524e+01;-3.241081e-02;8.554188e-02;-2.863245e-04;9.978309e+04;-2.532412e+03;5.878864e-01;-1.545257e-02;1.015287e+01;-2.511794e-01;2.280192e-02;3.124157e-03;2.502890e-02;4.462297e-05;7.864645e-02;-3.624269e-03;7.944689e-01;3.590602e-02;1.623655e+00;1.146781e-02;1.329348e+00;2.772073e-02;1.452253e+00;-9.518226e-02;2.210561e+00;1.098264e-01;1.934499e+00;9.121364e-02;2.314877e+00;-1.363492e-01;1.783305e+00;-1.892135e-01;1.521699e+00;-7.054506e-02;2.355538e+00;8.760582e-02;1.774934e+00;-1.607837e-01;1.800676e+00;-2.575288e-01;2.378009e+00;1.432035e-01;1.948787e+00;-9.868887e-02
33.000000;4.716670e+01;1.095950e+02;2.221024e-02;7.673371e-01;1.235880e-01;1.099129e-01;1.574958e-01;1.234704e-01;1.078516e-01;1.857365e-01;3.045377e+00;6.414530e+00;1.439259e-01;1.396010e+00;1.047969e-01;9.940317e-01;2.321837e-02;6.824576e-02;1.348052e-02;3.007684e-02;5.064596e-02;1.478605e-01;5.167790e-02;2.881577e-01;7.909812e-02;4.366150e-01;6.119547e-02;5.500585e-01;1.050138e-01;6.975273e-01;1.394522e-01;7.771094e-01;1.307220e-01;8.309467e-01;1.207697e-01;9.614533e-01;1.263820e-01;1.030350e+00;2.339589e-01;1.061844e+00;2.699409e-01;1.152635e+00;1.640497e-01;1.159275e+00;1.246856e-01;1.198418e+00;1.512097e-01;1.264930e+00;2.685885e-01;1.352086e+00;2.221037e-01;1.280176e+00;2.392165e-01;1.300879e+00;2.646968e-01;1.440205e+00;2.226161e-01;1.461157e+00;2.416511e-01;1.450621e+00;2.966657e-01;1.378377e+00;3.804017e-01;1.259062e+00;2.284099e-01;1.062865e+00;3.373256e-01;9.213757e-01;1.967089e-01;7.543761e-01;2.243436e-01;6.264641e-01;1.031680e-01;2.435237e-01;4.352117e-02;7.991275e-02;4.287457e+01;1.119727e+02;6.289858e+01;1.625039e+02;1.582399e+02;3.260127e+02;6.909249e+02;9.730137e+02;2.073620e-01;5.089546e-01;1.532648e+02;3.717411e+02;5.927079e-01;3.230253e+00;4.007167e+05;5.097364e+05;4.923995e+00;7.831458e+00;1.846716e+02;1.449799e+02;2.140829e-01;-2.480800e-01;1.159878e-01;3.227054e-01;1.594501e-01;2.297388e-01;3.643036e+00;2.412456e+01;4.782222e+00;5.247057e+00;3.995858e+00;1.423515e+01;3.464088e+00;3.292358e+00;8.748328e+00;5.531888e+00;5.463218e+00;1.313119e+01;8.746305e+00;7.448732e+00;9.080661e+00;-7.706823e+00;6.504763e+00;-3.946514e+00;5.815373e+00;5.546514e+00;7.239176e+00;-1.664208e+01;6.631989e+00;-1.146270e+01;1.056220e+01;2.775922e+01;6.122249e+00;6.927948e+00;7.456768e-04;1.488421e-06;4.854542e-07;3.009060e-08;4.394461e-06;-2.396972e-07;4.019626e-06;-1.247798e-07;4.115848e-06;-6.999836e-08;6.378182e-05;3.947422e-06;3.372724e-02;-2.154178e-03;2.533451e-02;-5.197789e-04;6.470373e-03;1.662610e-04;1.744619e-03;-2.768959e-04;1.224043e-02;-6.986029e-06;1.516316e-02;1.465071e-04;1.871788e-02;-5.960112e-04;2.324801e-02;-1.110251e-03;3.198571e-02;-1.420355e-04;3.852184e-02;-3.282878e-04;4.342434e-02;7.383088e-04;4.180663e-02;2.708863e-03;4.399191e-02;2.950898e-03;4.519180e-02;-7.089794e-04;7.555953e-02;-1.122159e-03;5.427178e-02;-1.755267e-03;5.087381e-02;-5.601351e-04;5.518539e-02;1.843135e-03;9.296936e-02;5.889923e-03;7.376632e-02;3.031800e-03;8.041126e-02;-4.236110e-03;6.240570e-02;-3.429699e-03;5.838922e-02;1.374782e-03;7.894757e-02;-2.202271e-03;9.258313e-02;-3.748787e-03;9.587716e-02;-1.299724e-03;5.890618e-02;-1.065941e-03;9.085070e-02;-3.014575e-03;5.198079e-02;-3.767570e-03;5.891258e-02;-3.103695e-03;3.576621e-02;-8.723241e-04;1.173571e-02;-1.072043e-03;7.926442e+00;-7.177734e-02;1.234991e+01;-9.187500e-01;3.630251e+01;-3.919043e+00;1.954949e+02;-1.899228e+01;6.354526e-02;-9.257688e-04;3.035749e+01;-3.945717e+00;1.250543e-01;-9.885113e-03;8.644705e+04;-8.985577e+03;1.114069e+00;4.431498e-02;5.108292e+01;1.129119e+00;6.900499e-02;-1.069127e-03;2.196417e-02;-2.565062e-03;4.430639e-02;-9.146305e-04;7.348723e-01;8.268696e-02;1.425808e+00;1.529058e-02;1.330145e+00;-3.065259e-02;1.349726e+00;-5.851431e-02;2.588089e+00;1.445714e-01;2.044543e+00;-5.893675e-03;2.301374e+00;1.133347e-01;1.491074e+00;2.064266e-01;1.956759e+00;-1.113801e-01;1.919241e+00;-9.681141e-02;1.674392e+00;1.962877e-01;1.625232e+00;4.666647e-02;2.592341e+00;-7.626688e-02;1.462248e+00;1.534617e-01
33.500000;4.059346e+01;9.867640e+01;1.897168e-02;7.749979e-01;1.163013e-01;1.084705e-01;1.569831e-01;1.270395e-01;1.461825e-01;2.033822e-01;3.391667e+00;7.743404e+00;1.895508e-01;1.127826e+00;6.876357e-02;9.186969e-01;2.955100e-02;8.590445e-02;6.553116e-03;1.512220e-02;5.261187e-02;1.488317e-01;5.362668e-02;2.924876e-01;5.411624e-02;4.279995e-01;5.182737e-02;5.179265e-01;1.157033e-01;6.792311e-01;7.436366e-02;7.269685e-01;1.231597e-01;7.475991e-01;2.148253e-01;8.188629e-01;1.746969e-01;9.305220e-01;1.693846e-01;1.004636e+00;1.767996e-01;9.528095e-01;1.502679e-01;1.028752e+00;1.595800e-01;1.102186e+00;1.453708e-01;1.257063e+00;2.927185e-01;1.257276e+00;1.940618e-01;1.163592e+00;1.525987e-01;1.198232e+00;2.081972e-01;1.339583e+00;2.833562e-01;1.387231e+00;2.330905e-01;1.327531e+00;1.997415e-01;1.254552e+00;2.661632e-01;1.190515e+00;1.538389e-01;1.009954e+00;2.482985e-01;8.480306e-01;1.994403e-01;6.947592e-01;1.843865e-01;5.789884e-01;7.053713e-02;1.937334e-01;2.212604e-02;2.861244e-02;3.887020e+01;9.733008e+01;5.828462e+01;1.243184e+02;1.273254e+02;1.988232e+02;2.702309e+02;3.695098e+02;3.106530e-01;5.810320e-01;1.073359e+02;2.044647e+02;6.025970e-01;2.580844e+00;1.064355e+05;1.698639e+05;9.913723e+00;1.775635e+01;6.445358e+02;6.408096e+02;3.044166e-01;-3.977966e-01;9.691332e-02;1.969778e-01;1.145848e-01;1.548419e-01;3.049774e+00;2.672655e+01;8.036474e+00;1.237569e+01;5.612282e+00;1.785479e+01;6.793887e+00;7.559735e+00;6.362329e+00;1.158668e+01;4.572607e+00;1.248172e+01;9.449173e+00;9.348939e+00;8.652096e+00;-2.673523e+00;7.539140e+00;-6.173683e+00;5.369313e+00;2.276326e+00;7.502115e+00;-5.675924e+00;8.315310e+00;-3.192382e+00;1.298782e+01;1.774276e+01;8.968057e+00;3.649879e+00;5.477429e-04;-1.265587e-04;5.177582e-07;4.968813e-08;3.992062e-06;-5.067687e-09;3.931730e-06;1.419510e-07;5.190162e-06;-1.330671e-07;6.423307e-05;6.376199e-06;2.503990e-02;-4.902584e-03;1.958602e-02;6.922018e-05;8.921062e-03;2.860171e-04;1.114893e-03;-1.916100e-04;1.338710e-02;1.234325e-04;1.644819e-02;1.980935e-04;1.305001e-02;1.744135e-04;1.746628e-02;4.264313e-05;2.006199e-02;-4.844138e-04;2.383114e-02;1.671686e-03;3.526583e-02;1.545971e-03;4.417129e-02;2.453427e-04;4.192131e-02;1.874060e-03;4.509735e-02;9.998383e-04;4.916257e-02;-4.118126e-04;4.741607e-02;1.799068e-03;4.607373e-02;1.117381e-03;4.753885e-02;2.875556e-03;9.380174e-02;1.004795e-04;5.805365e-02;-1.311286e-03;5.516043e-02;-2.351067e-03;4.839856e-02;-1.436210e-03;8.720443e-02;2.039855e-04;6.410145e-02;-5.078478e-03;5.924192e-02;-3.373100e-03;6.366976e-02;2.024766e-03;3.595041e-02;9.815489e-04;5.925673e-02;-5.137890e-04;4.809385e-02;3.394855e-04;4.268424e-02;4.421206e-04;2.083386e-02;-5.367696e-04;3.896351e-03;-7.103303e-04;6.740959e+00;-7.177734e-01;9.681846e+00;-6.316406e-01;2.469768e+01;-2.354297e+00;5.889735e+01;-6.775781e+00;1.018330e-01;5.126339e-04;1.813730e+01;-2.617713e+00;1.162764e-01;-1.066858e-02;2.596519e+04;-3.704516e+03;1.799729e+00;2.362132e-01;1.691728e+02;1.465993e+01;1.015282e-01;-2.365066e-03;1.632337e-02;-2.118906e-03;4.270565e-02;-1.049532e-04;6.422160e-01;8.190238e-02;1.068738e+00;1.360354e-01;1.149523e+00;4.001258e-03;1.322816e+00;1.491651e-01;1.921290e+00;9.475755e-02;1.680418e+00;-6.977754e-02;2.296082e+00;8.487757e-02;1.676962e+00;1.238748e-01;2.331124e+00;-2.441853e-03;2.008869e+00;-1.004850e-01;1.693869e+00;2.317321e-01;1.583667e+00;2.666027e-01;2.257035e+00;-3.071243e-01;1.759307e+00;-6.290061e-02
34.000000;1.095734e+01;8.329491e+01;1.057526e-02;7.778593e-01;6.952643e-02;6.457356e-02;8.643967e-02;6.840685e-02;1.438268e-01;2.127414e-01;2.186781e+00;9.003070e+00;7.458099e-02;9.870844e-01;7.584248e-02;9.489880e-01;2.050301e-02;9.445022e-02;2.380496e-03;1.062862e-02;2.814474e-02;1.280900e-01;4.299785e-02;3.054418e-01;4.132488e-02;4.614553e-01;5.419780e-02;5.251542e-01;1.195746e-01;6.611695e-01;7.812554e-02;7.547194e-01;1.809166e-01;8.174115e-01;2.607376e-01;8.740572e-01;2.301925e-01;9.924668e-01;2.444859e-01;1.107355e+00;2.513858e-01;1.051347e+00;2.355967e-01;1.144681e+00;3.066971e-01;1.224454e+00;2.263709e-01;1.346128e+00;2.021098e-01;1.296715e+00;1.831944e-01;1.241165e+00;1.417264e-01;1.241665e+00;2.029298e-01;1.399533e+00;2.751091e-01;1.392894e+00;1.422081e-01;1.235215e+00;1.331831e-01;1.219149e+00;2.517997e-01;1.167873e+00;1.555734e-01;9.743533e-01;2.367965e-01;8.562816e-01;1.949860e-01;6.825874e-01;1.700512e-01;5.723242e-01;7.398997e-02;2.119414e-01;5.219603e-03;1.366723e-02;3.630089e+01;1.125469e+02;3.648069e+01;1.347979e+02;3.707492e+01;1.737012e+02;8.732279e+01;2.256680e+02;2.805249e-01;6.744138e-01;3.251202e+01;1.648961e+02;2.604950e-01;2.210159e+00;7.388935e+04;7.462120e+04;6.948387e+00;2.497269e+01;7.012287e+02;1.297649e+03;2.355163e-01;-4.575109e-01;3.528874e-02;1.699620e-01;3.497766e-01;4.391045e-01;5.417576e+00;3.101817e+01;6.849773e+00;1.371088e+01;4.249859e+00;1.912862e+01;6.033700e+00;1.512306e+01;3.373886e+00;1.401101e+01;4.042255e+00;1.261187e+01;5.927435e+00;1.128594e+01;5.370221e+00;7.178286e-03;8.677865e+00;-1.099598e+01;1.249633e+01;-8.581646e+00;7.380369e+00;-4.694293e+00;6.474061e+00;1.734023e+00;1.046344e+01;2.899634e+00;8.651424e+00;-5.231752e+00;2.500310e-04;-2.002264e-05;4.564137e-07;-1.604396e-08;2.045638e-06;7.527412e-08;2.177940e-06;3.707898e-07;4.780100e-06;6.778029e-08;5.871447e-05;-3.151317e-06;1.904015e-02;-1.296831e-03;1.770807e-02;7.681212e-05;6.612381e-03;3.462150e-04;6.208435e-04;-5.492568e-05;6.553593e-03;-6.869949e-05;1.290568e-02;1.334046e-04;1.003563e-02;7.222049e-05;1.690192e-02;1.731315e-03;2.799735e-02;2.801419e-03;2.429587e-02;2.138763e-03;3.890100e-02;1.418637e-03;3.541310e-02;-2.268343e-03;4.107089e-02;-3.010553e-03;7.388067e-02;5.682706e-03;6.790590e-02;5.582901e-03;4.684690e-02;3.845026e-03;7.567926e-02;-2.370599e-03;5.867659e-02;-2.917579e-03;5.803645e-02;-4.887239e-03;4.557111e-02;-5.049170e-03;4.729766e-02;4.652846e-04;4.300850e-02;4.799760e-04;8.233440e-02;-4.724262e-04;4.365907e-02;-5.766161e-04;4.405418e-02;1.231623e-03;5.958276e-02;-1.796339e-03;3.823473e-02;-3.485907e-04;6.011282e-02;-2.776111e-04;4.750740e-02;4.614016e-04;4.112233e-02;-3.786531e-06;1.893402e-02;2.129176e-03;1.154522e-03;-3.888792e-05;4.449060e+00;6.172851e-01;5.052534e+00;7.895508e-01;8.679112e+00;3.732422e-01;2.277638e+01;-2.167676e+00;9.630737e-02;6.305358e-03;6.402670e+00;-1.694882e-01;6.270520e-02;-4.776478e-03;1.440470e+04;-1.306154e+03;1.793063e+00;1.707801e-01;1.997675e+02;2.100768e+01;7.825426e-02;-3.053989e-03;6.327066e-03;4.117538e-05;5.672579e-02;8.667298e-03;6.777751e-01;1.364124e-01;8.786840e-01;1.623938e-02;1.050599e+00;-4.002066e-02;1.316731e+00;1.439039e-01;1.207948e+00;5.056396e-02;1.605495e+00;-6.237004e-02;1.795088e+00;-2.303286e-01;1.804632e+00;-1.331237e-01;2.010543e+00;3.227217e-02;2.170426e+00;-6.354497e-03;1.724517e+00;9.772949e-02;1.676460e+00;3.096350e-02;1.649570e+00;-3.963726e-01;1.911075e+00;-2.645520e-01
34.500000;4.881945e+01;1.125610e+02;1.552215e-02;7.803772e-01;1.117416e-01;8.213753e-02;1.375005e-01;9.913500e-02;1.002715e-01;1.862976e-01;1.798980e+00;8.660834e+00;2.539556e-01;1.207214e+00;2.475218e-01;1.091161e+00;1.104794e-02;9.104446e-02;8.229977e-03;1.546737e-02;2.175600e-02;1.143390e-01;2.757117e-02;2.838317e-01;4.026384e-02;4.381585e-01;1.492868e-01;5.915776e-01;2.690910e-01;7.618717e-01;1.423157e-01;7.994230e-01;1.791576e-01;9.156156e-01;1.618437e-01;1.049541e+00;1.654908e-01;1.066443e+00;2.749856e-01;1.108865e+00;2.524371e-01;1.197800e+00;1.828876e-01;1.288016e+00;3.535657e-01;1.468056e+00;2.325579e-01;1.369228e+00;2.164358e-01;1.443574e+00;4.745433e-01;1.602643e+00;5.566383e-01;1.578132e+00;5.786487e-01;1.686553e+00;6.442279e-01;1.702696e+00;7.838600e-01;1.650823e+00;3.297275e-01;1.333925e+00;3.092808e-01;1.220111e+00;5.915750e-01;1.221137e+00;4.275005e-01;9.938498e-01;5.049351e-01;8.511304e-01;2.696925e-01;6.328378e-01;2.923271e-01;4.088813e-01;2.111851e-02;3.224937e-02;2.443974e+01;1.584844e+02;2.793200e+01;1.824580e+02;6.100973e+01;2.309795e+02;9.889855e+01;2.955791e+02;1.617387e-01;6.894425e-01;7.503768e+01;2.405156e+02;2.751312e-01;2.269238e+00;3.127596e+05;2.088201e+05;7.134889e+00;1.948897e+01;7.895138e+02;9.926368e+02;1.082411e-01;-4.126241e-01;6.474826e-02;2.433497e-01;2.512723e-01;8.154734e-01;5.870657e+00;3.142951e+01;3.270288e+00;7.940741e+00;3.379720e+00;1.798335e+01;5.926167e+00;1.362461e+01;9.936155e+00;6.242764e+00;5.787983e+00;9.266081e+00;1.022635e+01;2.537254e+00;6.822019e+00;-3.817502e+00;7.781825e+00;-1.043500e+01;9.139654e+00;-2.271041e+01;6.862667e+00;-6.057107e+00;5.129433e+00;-1.319885e-01;9.795552e+00;3.557873e+00;6.953045e+00;-4.832803e+00;5.671846e-04;9.674303e-05;3.935639e-07;2.725380e-08;3.563502e-06;-2.586644e-07;3.740934e-06;6.637668e-09;3.259750e-06;1.232831e-07;6.009406e-05;9.952378e-07;4.360054e-02;2.727982e-03;5.564699e-02;-8.012328e-04;3.653430e-03;-1.009739e-04;1.419835e-03;5.920886e-05;4.520732e-03;9.253796e-05;6.287219e-03;-4.178449e-04;7.668422e-03;-7.866148e-04;3.244818e-02;-1.168479e-03;6.063148e-02;-1.444615e-03;3.825019e-02;-1.411588e-03;5.215398e-02;-1.910781e-03;3.496152e-02;-1.637754e-03;3.771946e-02;-2.887426e-03;8.545946e-02;-6.833989e-03;8.972359e-02;-6.203551e-04;5.270006e-02;-2.686612e-03;8.959855e-02;-3.369161e-03;6.507359e-02;-1.870152e-03;6.309146e-02;9.815682e-05;9.467082e-02;2.014639e-03;1.095628e-01;3.534781e-03;1.195671e-01;7.432065e-04;1.131694e-01;6.382756e-04;1.508700e-01;6.243892e-04;9.662393e-02;1.033023e-03;8.392510e-02;-8.625598e-04;1.160617e-01;-4.805145e-04;9.310740e-02;9.845857e-05;1.230878e-01;-9.312649e-04;7.005527e-02;-3.897946e-04;6.679839e-02;5.473526e-04;3.997541e-03;1.754911e-04;4.186189e+00;8.326172e-01;8.624042e+00;4.306641e-01;1.432249e+01;2.440430e-01;1.969256e+01;1.492969e+00;5.245871e-02;-6.588364e-05;1.439247e+01;9.158035e-01;7.253087e-02;-3.782074e-03;7.219576e+04;6.828948e+02;1.260643e+00;-1.630052e-01;1.472012e+02;-1.212389e+01;3.643372e-02;1.097006e-03;1.233175e-02;8.805441e-04;8.172412e-02;3.264246e-03;9.872174e-01;-3.395884e-02;6.637325e-01;-1.425072e-01;1.007505e+00;9.904581e-02;1.442098e+00;-8.011553e-02;1.500958e+00;-2.049464e-01;1.498608e+00;-3.726882e-02;1.626694e+00;-8.442090e-02;1.670158e+00;-1.475105e-02;1.375088e+00;7.123131e-02;1.974692e+00;-2.419847e-01;1.824171e+00;-7.751159e-02;1.610657e+00;-9.475174e-02;1.784491e+00;6.891886e-02;1.400483e+00;1.128744e-01
35.000000;4.441995e+01;1.610746e+02;1.841958e-02;7.781985e-01;9.965196e-02;9.024183e-02;1.235487e-01;1.078526e-01;7.104722e-02;1.554132e-01;1.524922e+00;8.105887e+00;2.776959e-01;1.514681e+00;2.879760e-01;1.129751e+00;1.310718e-02;7.875761e-02;9.299499e-03;2.575586e-02;1.126011e-02;1.144819e-01;1.584724e-02;2.609158e-01;2.055906e-02;4.061794e-01;1.584896e-01;6.051878e-01;2.764910e-01;7.236477e-01;1.766831e-01;8.322569e-01;3.278990e-01;1.006501e+00;1.716747e-01;9.241374e-01;1.085450e-01;9.871747e-01;2.642139e-01;1.102049e+00;4.932858e-01;1.383709e+00;3.375891e-01;1.343331e+00;3.778222e-01;1.286176e+00;2.965988e-01;1.426438e+00;5.048283e-01;1.648259e+00;6.130250e-01;1.803592e+00;7.649108e-01;1.834459e+00;5.952508e-01;1.659318e+00;6.662930e-01;1.664187e+00;8.007187e-01;1.666055e+00;4.960147e-01;1.559154e+00;3.707048e-01;1.422603e+00;6.028568e-01;1.200706e+00;4.362600e-01;1.008926e+00;5.102534e-01;8.468075e-01;2.988433e-01;6.572759e-01;2.941155e-01;4.072466e-01;1.250804e-01;1.344346e-01;6.386167e+00;1.738447e+02;3.108050e+01;2.031299e+02;1.580387e+02;3.334775e+02;6.365562e+02;8.540068e+02;1.571370e-01;5.597056e-01;1.301941e+02;3.822277e+02;4.785353e-01;2.687372e+00;3.012275e+05;4.190782e+05;5.721298e+00;9.404974e+00;3.964117e+02;2.566009e+02;1.080497e-01;-3.042360e-01;9.151168e-02;3.488766e-01;2.789039e-01;7.182129e-01;4.630907e+00;2.754544e+01;8.467857e+00;-6.651981e-01;3.162843e+00;2.005116e+01;3.259181e+00;1.003962e+01;5.677828e+00;-2.816333e+00;5.775007e+00;3.596412e+00;8.980560e+00;1.091436e+00;7.581880e+00;-1.305165e+01;6.588940e+00;-8.889821e+00;2.190558e+01;-7.724215e+00;9.601940e+00;-1.037761e+01;1.338303e+01;-1.375464e+01;1.249168e+01;2.556131e-01;4.373392e+00;-9.826571e-01;5.594448e-04;1.240832e-04;4.811935e-07;1.225066e-08;3.291690e-06;-2.848140e-07;3.643786e-06;-2.636179e-07;2.808009e-06;-9.428074e-08;5.443411e-05;-2.800794e-07;6.160918e-02;3.628235e-03;6.668886e-02;-5.858984e-04;3.288713e-03;-3.849553e-04;1.965122e-03;5.908288e-05;3.588177e-03;-1.558803e-05;5.916879e-03;-9.860442e-05;6.356787e-03;-1.989716e-04;3.552269e-02;-1.701592e-03;5.863762e-02;-4.288574e-03;4.656539e-02;-2.797646e-03;7.562899e-02;-1.989698e-03;3.579083e-02;5.301565e-04;2.903027e-02;2.246373e-03;7.697001e-02;-3.739832e-03;1.125151e-01;-1.271824e-03;7.594605e-02;-1.656687e-03;6.740762e-02;1.676952e-03;7.308701e-02;2.409738e-03;1.068545e-01;-1.895755e-03;1.384911e-01;1.009548e-03;1.741536e-01;-1.769523e-03;1.217694e-01;-1.760872e-04;1.131954e-01;-4.721452e-04;1.601711e-01;3.573019e-04;1.228006e-01;-3.979807e-04;9.498270e-02;1.367830e-03;1.144739e-01;-1.262001e-03;9.401108e-02;-5.379008e-04;1.239430e-01;-1.030119e-03;7.827306e-02;4.692782e-04;6.603386e-02;-1.959810e-03;1.909297e-02;1.232637e-03;2.261203e+00;2.440430e-01;1.134264e+01;1.435547e-01;4.601024e+01;1.263281e+00;9.630276e+01;5.627344e+00;4.089344e-02;-5.716756e-03;2.663894e+01;1.893432e+00;1.108644e-01;4.203255e-03;8.189521e+04;2.449281e+03;1.041407e+00;-2.180900e-01;9.218945e+01;-2.221675e+01;3.074841e-02;3.401222e-03;2.019113e-02;1.448663e-03;7.484778e-02;-5.153186e-03;1.014727e+00;-9.913157e-02;8.151529e-01;-2.097465e-01;1.063316e+00;5.807074e-02;1.164294e+00;1.692134e-03;1.712937e+00;-8.714651e-02;1.265038e+00;-3.880037e-02;1.589590e+00;9.390060e-02;1.454904e+00;-8.237671e-02;1.338795e+00;-5.512170e-02;2.154373e+00;1.896008e-01;1.675288e+00;-2.541365e-01;1.734689e+00;-2.662449e-01;1.912792e+00;-8.993807e-02;1.031065e+00;9.429064e-02
35.500000;5.922261e+01;1.290121e+02;1.953005e-02;7.757715e-01;6.163161e-02;5.824030e-02;1.556035e-01;1.051394e-01;7.180657e-02;1.196919e-01;2.538709e+00;8.868301e+00;2.785858e-01;1.446881e+00;1.933970e-01;9.857560e-01;2.092216e-02;7.780144e-02;1.063851e-02;2.219577e-02;7.145826e-02;1.537453e-01;3.942272e-02;2.722389e-01;2.632109e-02;4.032343e-01;8.580977e-02;5.520707e-01;1.139496e-01;6.458607e-01;1.367842e-01;8.081866e-01;3.179728e-01;9.705853e-01;1.272072e-01;8.951565e-01;7.620733e-02;9.484589e-01;2.474807e-01;1.099064e+00;5.135821e-01;1.279828e+00;3.652242e-01;1.248201e+00;1.389413e-01;1.104022e+00;3.585939e-01;1.300676e+00;5.737860e-01;1.440074e+00;5.706909e-01;1.433969e+00;6.850066e-01;1.491596e+00;1.795951e-01;1.330594e+00;1.260742e-01;1.299201e+00;2.914289e-01;1.344613e+00;4.564843e-01;1.448693e+00;3.562807e-01;1.250236e+00;1.993667e-01;9.403808e-01;1.498279e-01;7.997528e-01;9.427642e-02;6.281950e-01;1.592861e-01;5.410240e-01;7.128938e-02;2.266980e-01;1.214349e-01;1.414124e-01;2.804685e+01;1.546084e+02;4.085638e+01;1.837500e+02;1.739709e+02;3.148154e+02;6.444991e+02;8.858760e+02;2.531016e-01;5.828545e-01;1.555714e+02;3.584794e+02;4.815274e-01;2.759735e+00;2.361025e+05;2.862993e+05;4.616943e+00;7.310805e+00;2.171985e+02;1.826401e+02;1.938411e-01;-3.089058e-01;1.170640e-01;3.249876e-01;3.281552e-01;6.214625e-01;5.464876e+00;3.187673e+01;5.117652e+00;-6.246589e+00;3.178760e+00;2.037425e+01;4.453270e+00;9.727847e+00;8.098932e+00;3.355697e+00;6.598284e+00;2.592476e+00;5.675871e+00;1.028081e+01;9.882895e+00;-1.053616e+01;7.399828e+00;-8.816267e+00;1.011329e+01;1.277513e+01;6.798505e+00;-1.550042e+01;7.733295e+00;-2.249603e+01;6.866304e+00;-7.222291e+00;3.873893e+00;-1.212384e+00;5.537400e-04;-1.223835e-04;5.434782e-07;-2.644911e-08;1.945777e-06;-4.874644e-09;3.282932e-06;2.522024e-08;2.427580e-06;-5.361649e-08;6.519711e-05;6.475906e-07;4.637439e-02;-2.065003e-03;3.835652e-02;-2.148793e-04;4.950273e-03;-1.106137e-04;1.575100e-03;-1.612497e-05;1.732337e-02;6.200042e-05;1.002147e-02;-3.451413e-04;6.611289e-03;-9.673815e-04;2.413019e-02;5.320740e-04;3.535788e-02;4.869300e-04;3.639993e-02;1.241682e-03;6.580386e-02;1.802609e-03;2.376890e-02;-1.474895e-03;1.931893e-02;-1.824269e-03;6.828653e-02;5.755134e-03;9.342648e-02;-1.660339e-03;7.282273e-02;-4.418416e-04;4.730682e-02;8.387194e-04;7.460477e-02;-1.216495e-03;9.108327e-02;-1.633814e-03;1.056371e-01;-1.452487e-03;1.397630e-01;-1.055041e-03;5.147075e-02;-1.094470e-04;3.324670e-02;-4.203667e-04;6.974706e-02;-1.170879e-03;8.326835e-02;-2.271497e-03;5.315833e-02;-8.959659e-04;3.857556e-02;-5.016311e-04;2.991572e-02;2.913327e-04;2.287853e-02;5.768229e-04;3.862179e-02;2.673201e-04;1.877442e-02;-1.914963e-03;1.911469e-02;-3.356978e-06;4.026575e+00;-5.024414e-01;8.824247e+00;-6.172851e-01;4.797025e+01;-4.306641e-01;1.044362e+02;-1.047949e+00;7.235567e-02;8.609809e-04;2.614967e+01;-6.092989e-01;1.195330e-01;2.210603e-03;4.105696e+04;-4.519874e+02;1.067698e+00;-4.703613e-02;6.080257e+01;-1.486828e+00;5.179155e-02;6.294923e-04;1.985365e-02;-6.194466e-04;9.901169e-02;-2.121573e-03;6.012498e-01;1.049463e-01;9.022425e-01;-8.458775e-02;9.251478e-01;-4.512066e-02;1.328869e+00;2.317316e-02;1.449842e+00;1.167277e-01;1.282863e+00;3.843222e-02;1.592281e+00;1.651786e-01;1.581429e+00;1.136899e-01;1.591771e+00;1.064685e-01;2.021471e+00;4.680735e-01;1.723254e+00;1.845476e-03;1.655676e+00;-1.242536e-01;1.604102e+00;-1.374176e-01;1.291503e+00;-7.639465e-02
36.000000;2.833045e+01;7.182632e+01;2.118171e-02;7.687320e-01;7.726652e-02;3.429244e-02;1.638010e-01;9.238871e-02;7.096165e-02;1.018438e-01;2.577924e+00;8.686828e+00;1.764703e-01;1.112236e+00;5.781560e-02;9.072208e-01;2.682544e-02;6.756628e-02;4.400528e-03;1.487654e-02;7.816447e-02;1.422256e-01;4.407030e-02;2.637312e-01;3.738398e-02;4.026570e-01;6.493870e-02;5.357111e-01;1.806529e-01;7.385059e-01;1.196558e-01;7.886082e-01;1.176511e-01;8.090006e-01;1.007269e-01;9.300508e-01;8.915501e-02;9.571448e-01;1.918969e-01;1.030770e+00;1.392851e-01;9.610047e-01;1.393477e-01;1.060913e+00;1.554208e-01;1.163018e+00;2.166868e-01;1.176116e+00;1.163777e-01;1.120746e+00;8.868363e-02;1.129894e+00;1.192759e-01;1.200864e+00;1.968572e-01;1.317076e+00;1.300209e-01;1.320764e+00;2.277672e-01;1.336378e+00;1.443364e-01;1.196842e+00;1.210780e-01;1.046063e+00;2.237377e-01;9.719968e-01;1.772323e-01;8.112912e-01;7.841975e-02;6.544196e-01;6.343151e-02;5.219507e-01;7.073336e-02;1.859769e-01;3.121307e-02;3.928034e-02;2.719026e+01;1.442725e+02;3.785491e+01;1.734141e+02;1.066239e+02;2.647148e+02;2.221909e+02;4.463115e+02;2.785222e-01;5.618976e-01;7.954868e+01;2.603111e+02;3.764664e-01;2.668256e+00;7.659991e+04;9.906005e+04;3.205827e+00;8.752321e+00;1.831868e+02;2.556971e+02;2.213480e-01;-2.533229e-01;7.331125e-02;2.621212e-01;3.817398e-01;4.683806e-01;3.746187e+00;3.823191e+01;4.024660e+00;-3.893997e+00;4.318780e+00;1.767252e+01;6.191795e+00;6.013547e+00;7.670078e+00;5.140826e+00;7.154278e+00;1.755788e+00;7.862509e+00;8.859058e+00;6.713749e+00;-1.838024e+00;7.192089e+00;-3.900098e+00;8.837875e+00;7.979505e+00;7.632034e+00;-9.387720e+00;7.910882e+00;-1.535937e+01;6.378656e+00;-2.150112e+00;6.104497e+00;-3.974460e+00;5.863244e-04;-1.089065e-04;4.804004e-07;-3.287821e-08;1.801778e-06;-2.383252e-07;3.454267e-06;3.647052e-08;2.230528e-06;-7.549540e-08;6.198013e-05;-7.569668e-07;1.637078e-02;-4.992737e-03;1.233341e-02;3.708092e-04;4.907814e-03;-1.489315e-04;9.044799e-04;-3.376166e-05;1.739351e-02;-1.952329e-04;9.781666e-03;1.331907e-04;8.520815e-03;4.361262e-04;2.090335e-02;1.655679e-03;5.333503e-02;4.103198e-03;3.627582e-02;2.245473e-03;3.191065e-02;-1.309769e-03;1.983363e-02;-1.756282e-04;1.785020e-02;5.318152e-04;5.483424e-02;1.162530e-03;3.987390e-02;5.500703e-04;4.718471e-02;-1.774966e-03;4.467909e-02;-2.438626e-03;5.857195e-02;-5.984944e-04;2.737844e-02;-2.595966e-03;3.132981e-02;-1.707348e-03;3.693241e-02;2.116237e-03;5.286036e-02;1.910030e-03;3.604774e-02;9.468043e-04;5.371752e-02;1.168755e-03;3.324848e-02;4.888111e-04;2.962028e-02;-5.132321e-04;5.061666e-02;1.868377e-03;4.770863e-02;5.215003e-04;1.878124e-02;8.568990e-04;1.413339e-02;2.547997e-04;2.188658e-02;1.252109e-03;3.727901e-03;-1.294293e-03;4.906127e+00;0;7.399001e+00;1.004883e-01;2.355319e+01;1.148437e-01;4.875420e+01;-3.689355e+00;7.208115e-02;-2.309323e-04;1.414598e+01;-1.001239e+00;9.083213e-02;5.294217e-04;1.437707e+04;-2.181626e+03;8.470473e-01;5.938864e-02;5.525992e+01;3.379222e+00;5.125835e-02;7.961772e-04;1.280672e-02;-5.111449e-04;9.707520e-02;-1.761117e-03;5.854794e-01;1.159958e-01;9.039467e-01;1.138612e-01;7.916060e-01;-6.485178e-02;1.578570e+00;-1.598553e-01;1.665733e+00;-4.281273e-02;1.348379e+00;-3.213570e-02;1.739685e+00;-1.768420e-01;1.668500e+00;7.270321e-03;1.636824e+00;3.289604e-02;1.364699e+00;-1.570882e-01;1.852350e+00;2.574588e-01;1.366132e+00;3.187128e-01;1.411295e+00;1.228086e-01;1.599583e+00;-1.351522e-01
36.500000;1.580169e+01;7.238638e+01;1.638067e-02;7.517118e-01;1.220270e-01;7.378656e-02;1.173877e-01;1.129982e-01;1.238848e-01;1.504880e-01;1.920496e+00;6.799510e+00;1.899906e-01;8.109145e-01;2.084454e-01;9.214592e-01;1.525985e-02;4.026785e-02;4.651202e-03;1.667801e-02;2.243157e-02;1.092451e-01;3.997494e-02;2.335514e-01;6.758179e-02;3.806899e-01;7.510504e-02;5.176583e-01;1.983866e-01;6.798205e-01;1.432424e-01;7.219028e-01;1.231071e-01;7.716648e-01;6.428193e-02;8.555520e-01;1.479683e-01;8.936576e-01;1.930147e-01;9.453614e-01;2.261007e-01;9.448094e-01;2.809894e-01;1.051376e+00;2.983468e-01;1.152091e+00;3.528966e-01;1.192089e+00;4.046212e-01;1.196582e+00;5.122262e-01;1.241459e+00;4.973587e-01;1.315466e+00;4.370536e-01;1.390909e+00;5.630628e-01;1.405648e+00;3.585332e-01;1.271791e+00;3.962852e-01;1.232793e+00;6.865198e-01;1.246622e+00;4.191787e-01;1.033591e+00;2.676745e-01;8.669520e-01;2.314166e-01;7.222239e-01;1.661802e-01;5.844333e-01;9.140840e-02;1.478213e-01;7.327750e-03;1.192280e-02;2.427560e+01;1.576230e+02;3.926582e+01;2.049961e+02;9.057596e+01;3.231416e+02;2.177274e+02;5.179453e+02;1.617319e-01;3.542761e-01;6.292128e+01;2.911587e+02;3.785936e-01;2.894621e+00;1.208155e+05;1.039611e+05;2.930379e+00;9.265447e+00;2.704892e+02;3.561955e+02;5.871421e-02;-8.917564e-02;5.127670e-02;2.973521e-01;1.131907e-01;1.844988e-01;5.837618e+00;4.061262e+01;4.175650e+00;-5.943499e-01;4.300869e+00;1.306698e+01;5.236211e+00;2.221526e+00;6.773823e+00;-2.099809e+00;5.573400e+00;2.164809e-02;8.030900e+00;1.949596e+00;8.057778e+00;-3.941194e+00;7.826506e+00;-3.475918e+00;7.256177e+00;1.152851e+00;7.052065e+00;-7.159902e+00;8.084238e+00;-6.447323e+00;4.418973e+00;2.634100e-01;7.304543e+00;-6.281001e+00;3.625650e-04;4.226353e-05;4.502533e-07;-3.954235e-08;3.282085e-06;-1.338646e-07;2.910417e-06;1.479125e-07;2.821805e-06;1.076227e-07;5.469771e-05;-6.440291e-06;2.216349e-02;-3.544312e-03;4.049274e-02;6.360020e-03;1.478458e-03;-4.537495e-04;7.208040e-04;1.495339e-04;5.019902e-03;1.014797e-05;6.576155e-03;2.963729e-04;1.091824e-02;6.334670e-04;1.604992e-02;-6.475414e-04;4.623172e-02;-8.551744e-04;3.332404e-02;-1.483953e-03;2.964866e-02;-1.150265e-03;1.670447e-02;1.177980e-03;2.209139e-02;-1.338456e-03;4.637269e-02;-1.913747e-03;4.865535e-02;7.001218e-03;7.577961e-02;5.604738e-03;7.906643e-02;2.336879e-03;6.708740e-02;2.967734e-03;6.977262e-02;1.335161e-02;1.121520e-01;2.144044e-02;8.860381e-02;1.763014e-02;1.179143e-01;8.321754e-03;1.428041e-01;1.085325e-02;6.862585e-02;1.558108e-02;7.687014e-02;1.526697e-02;1.753850e-01;1.442068e-02;8.617840e-02;1.727999e-02;6.503459e-02;7.956904e-03;5.467228e-02;4.964919e-03;2.788668e-02;5.653379e-03;1.745699e-02;-4.609806e-04;1.638828e-03;-2.036402e-04;5.906277e+00;3.588867e-01;1.166067e+01;1.148438e+00;1.849127e+01;2.009766e+00;6.679073e+01;4.593750e+00;3.388449e-02;-3.524976e-03;1.494275e+01;2.035864e+00;6.517843e-02;8.348264e-03;3.312528e+04;2.505822e+03;6.806283e-01;-7.568835e-04;5.542437e+01;-2.553664e-01;7.203728e-03;2.021597e-03;1.095208e-02;1.757559e-03;1.650199e-02;-3.747624e-03;9.639018e-01;-1.320626e-01;9.181088e-01;6.355642e-02;9.164871e-01;-2.253835e-02;1.340769e+00;-6.999174e-02;1.903554e+00;-1.228133e-01;1.322734e+00;-1.277889e-01;2.067838e+00;-1.464736e-01;1.763792e+00;-1.241262e-01;1.929757e+00;2.624024e-02;2.058239e+00;-9.629953e-02;1.806429e+00;-1.397968e-01;1.648408e+00;4.393023e-02;1.372945e+00;5.622352e-02;1.445992e+00;1.206898e-01
37.000000;2.126849e+01;8.175357e+01;2.217266e-02;7.551866e-01;2.564080e-01;1.832058e-01;1.601001e-01;1.627173e-01;1.510976e-01;2.121408e-01;2.104719e+00;6.147843e+00;1.555318e-01;7.156367e-01;2.409691e-01;1.015842e+00;3.487867e-02;4.501096e-02;7.360206e-03;1.576090e-02;8.118851e-02;1.589208e-01;9.799962e-02;2.946385e-01;1.242063e-01;4.478629e-01;1.509825e-01;6.080959e-01;1.412764e-01;6.639531e-01;1.181554e-01;7.082728e-01;8.220638e-02;7.894499e-01;8.519991e-02;8.777404e-01;2.333542e-01;9.571624e-01;2.709244e-01;1.038417e+00;2.899990e-01;1.100524e+00;3.249038e-01;1.114075e+00;3.328735e-01;1.207199e+00;3.803204e-01;1.255224e+00;4.318604e-01;1.366354e+00;5.467554e-01;1.439508e+00;5.238013e-01;1.455362e+00;4.319079e-01;1.455038e+00;7.391671e-01;1.622084e+00;5.932511e-01;1.522538e+00;4.587649e-01;1.411802e+00;6.878408e-01;1.361500e+00;4.704503e-01;1.177559e+00;2.628038e-01;9.422454e-01;3.046671e-01;8.025726e-01;2.262989e-01;6.337837e-01;1.385402e-01;1.615930e-01;4.627823e-03;6.853436e-03;3.306248e+01;1.530293e+02;5.093158e+01;2.031299e+02;9.246738e+01;3.016084e+02;2.487714e+02;4.959814e+02;2.277138e-01;3.773046e-01;9.052502e+01;2.821477e+02;4.853922e-01;2.899629e+00;1.660634e+05;1.268759e+05;6.637548e+00;1.321435e+01;8.182159e+02;7.423602e+02;2.489929e-01;-1.556822e-01;7.650325e-02;2.855845e-01;1.278351e-01;1.311371e-01;7.100442e+00;3.883099e+01;4.389901e+00;4.206995e+00;7.044848e+00;1.600201e+01;5.140601e+00;3.977867e+00;7.133438e+00;-1.820065e+00;5.410830e+00;6.500013e-01;7.781189e+00;-2.327155e-01;1.022961e+01;-6.457710e+00;9.581853e+00;-8.948347e+00;7.202768e+00;-2.014548e+00;9.839459e+00;-4.374021e+00;5.762379e+00;-3.817904e+00;5.698899e+00;1.968343e+00;9.244617e+00;5.625715e-01;6.576810e-04;6.346634e-06;4.294916e-07;3.809780e-08;5.332991e-06;-8.044910e-07;4.719491e-06;8.024570e-08;5.130144e-06;1.942112e-07;6.249570e-05;1.927390e-06;2.360112e-02;5.276464e-04;4.747782e-02;1.642774e-03;3.781373e-03;7.688804e-04;9.916051e-04;-7.319224e-05;1.423788e-02;1.464124e-03;1.266870e-02;2.623226e-04;1.316619e-02;1.467016e-04;1.760881e-02;6.073139e-04;2.088889e-02;-1.502422e-03;1.938292e-02;-7.026672e-04;1.578300e-02;1.836745e-03;2.189440e-02;-3.277232e-04;3.875296e-02;-6.915713e-04;4.814176e-02;1.433369e-03;6.585454e-02;2.516132e-04;8.079975e-02;1.286168e-03;9.153625e-02;3.073845e-03;7.918434e-02;1.489683e-03;8.923434e-02;4.322907e-03;1.500615e-01;5.361280e-03;1.219887e-01;3.882849e-03;1.208432e-01;2.104101e-03;1.938377e-01;3.922599e-03;1.374332e-01;3.600086e-03;1.153843e-01;3.110703e-03;1.855244e-01;1.732767e-03;1.102541e-01;2.549651e-03;5.852379e-02;2.406440e-03;7.468128e-02;6.532081e-04;5.069761e-02;4.380349e-04;2.266670e-02;1.111173e-03;1.400834e-03;-4.313198e-07;6.928964e+00;-1.047949e+00;1.170719e+01;-1.076660e+00;1.613879e+01;-2.210742e+00;6.666654e+01;-2.540918e+00;5.078171e-02;2.004417e-03;1.684713e+01;-1.672715e+00;6.917477e-02;-5.272193e-03;4.089399e+04;-3.351360e+02;1.171208e+00;1.192625e-01;1.576035e+02;1.334373e+01;4.247820e-02;-5.869887e-03;1.227614e-02;-1.801179e-03;3.037372e-02;-1.653382e-03;1.034098e+00;-2.930335e-02;1.041340e+00;1.060375e-01;1.011208e+00;1.886295e-01;1.066068e+00;1.260173e-01;1.687434e+00;1.035484e-01;1.552397e+00;1.230383e-01;2.585711e+00;1.230191e-01;2.418550e+00;-1.798003e-02;2.047836e+00;2.627160e-02;2.244566e+00;5.468806e-02;2.163155e+00;1.394936e-01;1.771581e+00;-8.064101e-03;1.678419e+00;1.182703e-01;1.833647e+00;2.241594e-01
37.500000;1.882700e+01;7.984791e+01;1.969636e-02;7.635847e-01;2.525771e-01;1.507633e-01;1.573115e-01;9.853402e-02;1.334754e-01;1.871975e-01;1.863566e+00;6.094787e+00;1.685412e-01;9.039909e-01;9.773201e-02;1.089823e+00;3.565375e-02;7.477590e-02;6.247012e-03;1.236835e-02;8.143594e-02;1.677900e-01;7.350669e-02;3.218651e-01;8.143841e-02;4.961484e-01;1.046379e-01;6.645222e-01;8.985545e-02;7.442881e-01;9.530100e-02;7.994176e-01;6.952967e-02;8.565510e-01;9.772296e-02;9.240066e-01;2.064877e-01;1.079584e+00;2.272625e-01;1.184123e+00;2.113016e-01;1.193429e+00;2.094916e-01;1.226634e+00;2.370844e-01;1.355937e+00;1.732190e-01;1.352069e+00;1.391490e-01;1.510964e+00;2.115827e-01;1.598796e+00;2.539857e-01;1.622555e+00;2.416920e-01;1.576901e+00;4.891903e-01;1.711663e+00;4.479032e-01;1.649613e+00;2.370798e-01;1.499170e+00;2.076921e-01;1.291503e+00;2.800634e-01;1.159946e+00;1.543239e-01;9.559854e-01;2.203767e-01;7.755754e-01;1.700195e-01;6.163611e-01;1.931298e-01;3.454375e-01;7.910622e-03;1.271479e-02;3.945300e+01;1.238877e+02;5.710590e+01;1.627910e+02;7.674472e+01;2.296875e+02;1.480006e+02;3.574512e+02;2.411312e-01;5.621176e-01;8.595149e+01;2.147647e+02;3.994179e-01;2.752250e+00;1.268124e+05;7.951066e+04;6.222188e+00;1.529669e+01;8.086281e+02;8.710825e+02;2.558800e-01;-3.316489e-01;7.934519e-02;2.204105e-01;1.717394e-01;2.237741e-01;4.366214e+00;3.841445e+01;4.096871e+00;5.151312e+00;7.572811e+00;2.691256e+01;4.210103e+00;8.299340e+00;6.506083e+00;1.514318e+00;6.132573e+00;2.804490e+00;6.180651e+00;-7.063869e-02;1.083611e+01;-1.024818e+01;7.429890e+00;-1.229644e+01;6.671070e+00;-9.013220e-01;8.491248e+00;2.338839e+00;5.395344e+00;-2.891670e+00;6.605204e+00;7.891837e+00;5.322542e+00;5.084100e+00;6.211170e-04;4.428361e-06;3.687057e-07;1.274110e-08;4.367608e-06;-8.309273e-07;4.404698e-06;3.938776e-08;4.847418e-06;-1.323952e-07;5.450330e-05;2.460133e-06;1.726690e-02;3.021133e-03;2.767229e-02;-5.856292e-03;4.463122e-03;4.491221e-04;8.902763e-04;-1.443689e-04;1.427104e-02;-4.662330e-04;1.173578e-02;-2.281093e-04;1.124435e-02;1.331049e-04;1.770857e-02;1.125421e-03;2.096355e-02;1.912538e-03;2.302460e-02;1.899092e-03;2.097565e-02;9.696932e-04;3.324257e-02;-1.429201e-03;5.160057e-02;-4.391503e-04;5.829542e-02;-3.480776e-03;7.276395e-02;-6.829108e-03;5.757532e-02;-3.564860e-03;7.922193e-02;-1.364148e-03;6.200219e-02;-1.143671e-03;6.653436e-02;-1.185490e-02;1.054392e-01;-2.004959e-02;8.983257e-02;-1.668920e-02;7.525755e-02;-8.737599e-03;1.383143e-01;-1.086090e-02;1.252333e-01;-1.318763e-02;9.453215e-02;-1.172868e-02;6.891571e-02;-1.295582e-02;7.745072e-02;-1.635323e-02;3.973801e-02;-7.316521e-03;5.528451e-02;-4.122802e-03;4.452232e-02;-5.501334e-03;2.724847e-02;4.718135e-03;1.449854e-03;6.060346e-05;5.859353e+00;-2.871094e-02;7.781141e+00;-2.871094e-01;1.284675e+01;-8.182617e-01;2.122561e+01;-3.029004e+00;6.733011e-02;2.976519e-03;1.009715e+01;-1.422910e+00;6.072316e-02;-2.716587e-03;2.438537e+04;-2.670382e+03;1.196651e+00;2.113997e-02;1.651824e+02;1.346003e+00;4.880990e-02;-1.770006e-03;9.093188e-03;-1.024878e-03;3.732575e-02;2.822389e-03;6.489937e-01;1.463085e-01;1.038497e+00;-3.199881e-03;7.972018e-01;1.564591e-01;1.159115e+00;5.537208e-02;1.414676e+00;-2.001579e-02;1.638342e+00;-8.945641e-02;2.181458e+00;-5.583912e-02;2.294873e+00;-8.703817e-02;1.839383e+00;-1.708845e-01;1.780033e+00;-5.898298e-02;1.970975e+00;1.691165e-01;1.650099e+00;4.012725e-02;1.699632e+00;1.419126e-01;1.785275e+00;-8.453647e-02
38.000000;5.236477e+01;1.096555e+02;1.264942e-02;7.671284e-01;7.347418e-02;7.011677e-02;1.218425e-01;8.576624e-02;8.029085e-02;1.224707e-01;2.060223e+00;6.673415e+00;6.311116e-02;1.066548e+00;6.274499e-02;1.035290e+00;1.353854e-02;8.306714e-02;3.094189e-03;1.204586e-02;3.302105e-02;1.279289e-01;1.797512e-02;2.799601e-01;3.026179e-02;4.504516e-01;4.395789e-02;5.839399e-01;6.698783e-02;7.168068e-01;9.633104e-02;8.081356e-01;1.188337e-01;8.652103e-01;1.629021e-01;9.329510e-01;2.616504e-01;1.057265e+00;2.792995e-01;1.134904e+00;2.001373e-01;1.143249e+00;1.559838e-01;1.260765e+00;2.028609e-01;1.371129e+00;9.792510e-02;1.300756e+00;1.579378e-01;1.411108e+00;1.895723e-01;1.496804e+00;2.286129e-01;1.563948e+00;3.001678e-01;1.570402e+00;2.209192e-01;1.527363e+00;1.547375e-01;1.447292e+00;1.390284e-01;1.389498e+00;1.287817e-01;1.248938e+00;9.677095e-02;1.050310e+00;6.521597e-02;8.765709e-01;6.267145e-02;7.160652e-01;6.039494e-02;5.857782e-01;1.435332e-01;5.731663e-01;1.006547e-02;2.291041e-02;3.965333e+01;1.363770e+02;5.061275e+01;1.774336e+02;5.164199e+01;2.321279e+02;6.447763e+01;3.456797e+02;1.595944e-01;5.877917e-01;4.787086e+01;2.122365e+02;2.154584e-01;2.752255e+00;1.209485e+04;3.965192e+04;3.540215e+00;1.267185e+01;3.649898e+02;5.492684e+02;1.209226e-01;-3.416817e-01;5.147702e-02;2.236703e-01;1.802034e-01;4.195398e-01;1.656907e+00;4.116224e+01;3.959155e+00;1.344708e+00;3.239164e+00;3.137429e+01;3.987211e+00;8.866161e+00;6.075913e+00;9.948247e-01;7.698241e+00;7.974582e-01;5.796587e+00;-4.360359e+00;7.514506e+00;-1.817245e+01;8.198320e+00;-1.267098e+01;6.134642e+00;1.181596e+00;7.080306e+00;2.413847e-01;5.097530e+00;-1.567196e+00;4.481000e+00;1.053846e+01;4.947632e+00;8.839589e-01;6.730692e-04;2.069169e-05;2.486516e-07;-3.541022e-08;1.941539e-06;-1.089385e-08;3.970567e-06;-6.873676e-08;2.088681e-06;-1.689396e-07;4.385222e-05;-1.106833e-06;1.632082e-02;1.602244e-03;1.654600e-02;-5.723048e-04;2.841927e-03;-4.875661e-04;5.683923e-04;5.555556e-05;4.247093e-03;-1.152065e-03;5.646674e-03;-3.888599e-04;8.827625e-03;-4.567884e-04;1.249450e-02;-9.345649e-04;2.178147e-02;2.411803e-04;3.131889e-02;1.382253e-03;3.801385e-02;2.659831e-03;5.341151e-02;3.786196e-03;8.740477e-02;-1.809516e-03;9.565726e-02;-3.996246e-03;8.109542e-02;-2.999374e-04;5.590198e-02;1.401381e-03;7.313862e-02;3.414864e-03;3.836523e-02;1.632221e-03;4.669044e-02;-1.085025e-03;4.435715e-02;-1.494278e-03;4.510967e-02;-1.977690e-03;9.564983e-02;-8.688477e-04;5.643686e-02;-1.627516e-03;3.886813e-02;-3.328613e-03;4.958099e-02;-3.331244e-03;4.216512e-02;-1.733151e-03;2.935156e-02;-2.570521e-03;2.381159e-02;-1.659121e-03;2.537422e-02;-4.635743e-04;2.141252e-02;-2.203069e-04;3.247533e-02;4.368506e-03;3.198075e-03;9.155874e-05;4.002551e+00;9.905273e-01;4.670626e+00;1.263281e+00;1.241458e+01;1.794434e+00;1.168936e+01;2.052832e+00;6.202576e-02;-4.478105e-04;4.515125e+00;1.344069e+00;5.060913e-02;8.438343e-03;2.690219e+03;2.189580e+02;7.553405e-01;-1.291033e-01;7.879382e+01;-1.482837e+01;2.576885e-02;4.008166e-03;4.911078e-03;1.466556e-03;3.707113e-02;4.044001e-03;4.613962e-01;4.897038e-02;9.108599e-01;-1.157525e-01;9.651460e-01;-2.001516e-02;1.373703e+00;-5.231224e-03;2.018603e+00;-1.306628e-01;2.341922e+00;-2.066558e-01;1.775527e+00;-1.659446e-01;2.193027e+00;2.474839e-02;2.580158e+00;1.935677e-02;2.155973e+00;-4.921098e-02;1.606254e+00;-2.560824e-01;1.767508e+00;-3.808660e-02;1.548872e+00;2.599472e-02;1.036635e+00;-7.500656e-02
38.500000;5.002266e+01;1.150664e+02;1.565989e-02;7.597879e-01;1.015834e-01;8.854415e-02;1.708186e-01;1.489276e-01;9.608363e-02;1.416341e-01;2.164754e+00;6.805595e+00;6.252595e-02;1.067226e+00;4.921307e-02;9.808907e-01;6.909641e-03;7.701565e-02;2.407134e-03;1.291635e-02;1.372390e-02;1.246360e-01;1.752313e-02;2.747146e-01;3.548235e-02;4.250244e-01;3.771903e-02;5.599034e-01;6.638824e-02;6.779855e-01;1.009617e-01;7.740226e-01;1.249032e-01;8.512061e-01;1.790093e-01;9.209186e-01;3.214672e-01;1.037314e+00;3.438475e-01;1.099402e+00;2.067973e-01;1.097204e+00;1.468202e-01;1.227419e+00;1.706997e-01;1.306013e+00;1.268922e-01;1.256029e+00;1.418927e-01;1.286819e+00;1.031821e-01;1.333317e+00;1.322841e-01;1.354541e+00;2.666301e-01;1.431971e+00;1.858841e-01;1.403290e+00;8.840767e-02;1.370024e+00;1.126245e-01;1.307744e+00;9.757516e-02;1.200798e+00;7.977264e-02;1.025435e+00;6.735804e-02;8.547125e-01;6.502411e-02;7.133627e-01;6.465176e-02;5.893506e-01;1.319061e-01;6.487178e-01;9.855749e-03;2.526334e-02;1.155950e+01;1.645137e+02;1.162350e+01;2.098770e+02;3.082216e+01;2.585420e+02;3.154122e+01;3.768311e+02;1.627713e-01;5.945260e-01;1.326838e+01;2.405106e+02;1.386866e-01;2.834906e+00;9.269723e+03;4.042155e+04;1.917994e+00;1.138808e+01;1.866746e+02;4.468571e+02;5.623759e-02;-2.859404e-01;1.361290e-02;2.550688e-01;1.258233e-01;5.020800e-01;1.568725e+00;4.296687e+01;2.432768e+00;-4.315675e-01;3.304587e+00;2.913636e+01;4.859484e+00;1.094067e+01;6.280268e+00;-2.263224e-02;6.890207e+00;-4.104038e+00;5.067911e+00;-1.034295e+01;7.327335e+00;-1.786424e+01;9.820331e+00;-1.203740e+01;6.257711e+00;-5.670306e-01;5.963493e+00;-6.594616e+00;5.826962e+00;-5.878171e-01;4.436349e+00;9.562552e+00;3.951317e+00;-1.677338e+00;6.847500e-04;-4.004889e-05;2.144492e-07;-1.460059e-08;2.980297e-06;2.477620e-07;4.129581e-06;2.056874e-07;2.107243e-06;2.515726e-07;4.201932e-05;-2.989024e-06;1.738545e-02;7.345674e-05;1.559828e-02;7.472142e-04;1.852516e-03;1.094869e-04;6.355525e-04;-1.398337e-05;1.612587e-03;3.433779e-04;5.698426e-03;9.130094e-05;1.019077e-02;2.004523e-04;1.172070e-02;3.182145e-04;2.247490e-02;-1.643484e-04;3.354112e-02;-1.625399e-04;4.023368e-02;-6.332211e-04;6.424082e-02;6.924747e-04;1.113162e-01;8.610989e-04;1.218218e-01;9.307824e-04;8.451159e-02;7.835733e-04;5.238542e-02;-6.042115e-04;5.679877e-02;-1.756038e-03;4.711543e-02;8.167402e-04;5.288377e-02;1.547966e-04;3.820133e-02;6.306833e-04;4.493941e-02;1.056664e-03;8.795574e-02;3.915835e-03;6.223845e-02;5.530623e-03;3.537025e-02;8.251105e-04;4.345038e-02;-2.163370e-03;3.379791e-02;1.431615e-03;2.765386e-02;2.327749e-03;2.686874e-02;1.456670e-03;2.639185e-02;9.937861e-04;2.251331e-02;1.549755e-03;3.782620e-02;8.840022e-04;3.656337e-03;-1.190913e-05;3.750571e+00;3.014649e-01;3.796363e+00;1.148437e-01;1.099292e+01;-2.871094e-02;1.035955e+01;-3.875977e-01;6.105499e-02;4.107255e-03;2.977334e+00;-2.453678e-02;4.860664e-02;-1.820913e-04;2.479495e+03;-1.103645e+01;7.001163e-01;3.716544e-02;6.688068e+01;3.176069e+00;1.567689e-02;-7.286473e-04;3.288103e-03;-1.838700e-05;3.910669e-02;9.238935e-04;4.929629e-01;-2.413772e-03;8.867446e-01;1.425646e-02;1.216077e+00;-5.893223e-03;1.546130e+00;5.843689e-02;2.395682e+00;-1.824103e-02;2.554922e+00;2.779596e-02;2.008354e+00;-1.457762e-01;2.379966e+00;3.512443e-02;3.185828e+00;1.081229e-01;2.206307e+00;-3.619905e-03;1.985914e+00;-3.484192e-02;1.970684e+00;6.638456e-02;1.584169e+00;-1.062582e-01;1.490664e+00;6.193973e-02
39.000000;3.865524e+01;8.854762e+01;8.972744e-03;7.470376e-01;1.488853e-01;1.080025e-01;1.779146e-01;1.631463e-01;1.732529e-01;2.499582e-01;1.465286e+00;5.534314e+00;6.676507e-02;9.925328e-01;3.556731e-02;9.704304e-01;6.428860e-03;7.503760e-02;1.750683e-03;1.276644e-02;7.284025e-03;1.279950e-01;1.420245e-02;2.690205e-01;2.958505e-02;4.122555e-01;3.871920e-02;5.391593e-01;5.816006e-02;6.574901e-01;8.125892e-02;7.452346e-01;9.572526e-02;8.173573e-01;1.465968e-01;8.767805e-01;3.062819e-01;1.006125e+00;3.482347e-01;1.077017e+00;1.684489e-01;1.086630e+00;1.057283e-01;1.169058e+00;1.338396e-01;1.238127e+00;1.416683e-01;1.222918e+00;1.567413e-01;1.295891e+00;6.405130e-02;1.335067e+00;1.310499e-01;1.366369e+00;2.474239e-01;1.409452e+00;1.938242e-01;1.424538e+00;7.739860e-02;1.394269e+00;9.003459e-02;1.310353e+00;9.713244e-02;1.199912e+00;7.991548e-02;1.047515e+00;8.124438e-02;8.845637e-01;6.516343e-02;7.259851e-01;4.828630e-02;5.921062e-01;1.358734e-01;5.506390e-01;8.390334e-03;2.058215e-02;1.316562e+01;1.675283e+02;1.316953e+01;2.049961e+02;2.438064e+01;2.535176e+02;2.911578e+01;3.600352e+02;1.936816e-01;7.119721e-01;9.836566e+00;2.341839e+02;1.590567e-01;2.783422e+00;6.473405e+03;3.723805e+04;1.851834e+00;1.249101e+01;1.686781e+02;5.343553e+02;5.405893e-02;-2.719853e-01;1.049602e-02;2.487634e-01;1.042761e-01;4.397883e-01;1.473075e+00;4.310290e+01;1.970606e+00;7.009678e-01;3.668494e+00;2.888934e+01;3.537074e+00;1.434306e+01;6.055810e+00;7.949701e-01;5.877246e+00;-4.120858e+00;4.138853e+00;-1.240454e+01;5.840384e+00;-1.704466e+01;9.317915e+00;-1.021195e+01;4.484352e+00;-1.152587e+00;5.032751e+00;-7.600755e+00;5.031949e+00;9.809536e-01;4.535702e+00;1.077229e+01;5.022373e+00;-1.441756e+00;6.964768e-04;9.275496e-05;2.051308e-07;4.785954e-09;3.687493e-06;-1.560019e-07;3.584280e-06;1.000473e-07;4.499356e-06;2.427541e-07;3.115922e-05;-2.267762e-06;1.453376e-02;-2.218091e-03;1.359456e-02;-5.524320e-04;1.590060e-03;-9.302220e-05;5.776092e-04;-5.039039e-07;1.520630e-03;-2.643646e-04;5.273734e-03;-9.374568e-05;9.423201e-03;1.295534e-05;1.158979e-02;-1.027781e-03;1.982375e-02;-9.544121e-04;2.642489e-02;-1.887202e-03;2.806909e-02;-2.430155e-03;5.829388e-02;-4.899033e-03;1.039874e-01;2.222098e-03;1.205631e-01;3.323957e-03;7.428783e-02;-1.903006e-03;3.960558e-02;-2.607783e-03;4.357179e-02;-4.119891e-03;5.007686e-02;-2.170954e-03;5.622004e-02;2.412292e-04;2.831744e-02;-9.824877e-04;4.445923e-02;9.146938e-05;8.311840e-02;1.185323e-03;6.639621e-02;-1.881179e-03;3.024161e-02;4.481190e-04;3.534216e-02;1.582188e-03;3.292744e-02;7.406362e-04;3.048810e-02;2.024766e-04;2.924062e-02;1.427679e-04;2.609203e-02;5.384627e-04;1.854421e-02;1.270780e-04;3.093355e-02;-3.737931e-03;2.935034e-03;-9.301509e-05;3.754552e+00;2.009766e-01;4.717339e+00;-5.742187e-02;8.280742e+00;-4.450195e-01;9.966707e+00;-3.445312e-01;8.551859e-02;7.087949e-04;3.472830e+00;-1.092770e-01;4.498672e-02;-4.421392e-03;2.588100e+03;-4.116225e+01;7.489997e-01;4.900751e-02;7.154049e+01;3.348656e+00;1.428495e-02;8.877342e-04;3.616447e-03;-1.159847e-04;3.214461e-02;-1.180876e-03;5.053336e-01;-3.520301e-02;7.766805e-01;3.736015e-02;1.435398e+00;4.104718e-02;1.379470e+00;3.169366e-02;2.312486e+00;-3.652780e-02;2.009447e+00;6.435044e-02;1.757745e+00;2.441333e-03;1.917727e+00;-1.099277e-01;3.093557e+00;-5.836057e-02;1.600731e+00;-2.662601e-03;1.901037e+00;5.197950e-02;1.746816e+00;5.542675e-02;1.650071e+00;-4.991567e-02;1.746339e+00;-8.685763e-02
39.500000;6.776335e+01;1.394276e+02;1.277685e-02;7.562264e-01;1.602938e-01;1.560635e-01;1.722706e-01;1.531717e-01;1.581687e-01;2.899902e-01;1.070081e+00;5.159606e+00;7.915638e-02;8.840568e-01;3.936486e-02;9.638720e-01;8.190432e-03;6.551277e-02;1.511021e-03;1.236835e-02;5.344217e-03;1.212214e-01;1.739485e-02;2.641124e-01;2.762844e-02;4.092355e-01;3.186981e-02;5.285041e-01;6.000426e-02;6.507208e-01;7.304697e-02;7.437667e-01;7.906395e-02;8.212972e-01;1.532621e-01;8.772686e-01;3.061926e-01;9.974465e-01;3.522291e-01;1.073445e+00;1.818476e-01;1.123249e+00;1.265855e-01;1.089210e+00;1.733923e-01;1.072262e+00;1.276691e-01;1.245981e+00;1.436286e-01;1.332554e+00;6.462541e-02;1.343433e+00;1.492749e-01;1.351708e+00;2.812406e-01;1.407288e+00;1.780745e-01;1.428837e+00;8.487077e-02;1.414531e+00;9.755909e-02;1.318896e+00;1.078916e-01;1.200084e+00;7.878288e-02;1.043546e+00;6.917839e-02;9.023532e-01;5.709876e-02;7.232259e-01;3.942563e-02;5.764942e-01;9.620959e-02;4.063147e-01;7.423487e-03;1.434404e-02;1.234904e+01;1.751367e+02;1.008057e+01;2.062881e+02;2.626502e+01;2.533740e+02;3.202621e+01;3.550107e+02;2.012978e-01;6.661044e-01;1.140933e+01;2.373236e+02;1.812134e-01;2.632277e+00;7.790271e+03;34634;2.519390e+00;1.411470e+01;2.590432e+02;6.671173e+02;5.649796e-02;-2.091130e-01;1.206165e-02;2.527776e-01;9.013321e-02;3.511531e-01;1.200335e+00;4.239975e+01;2.257092e+00;2.020673e+00;4.165735e+00;2.888081e+01;4.072305e+00;1.279116e+01;6.423380e+00;-5.393345e-01;6.061531e+00;-3.041664e+00;4.460097e+00;-1.071999e+01;6.437160e+00;-2.170695e+01;9.428573e+00;-1.495905e+01;4.330018e+00;2.547327e-01;8.315168e+00;-1.994726e+00;7.066477e+00;-4.736177e+00;6.649208e+00;7.431838e+00;5.083844e+00;-1.504120e+00;1.059997e-03;1.265750e-04;2.350990e-07;3.740612e-08;4.089080e-06;-3.541911e-07;4.783595e-06;-2.163610e-07;4.669369e-06;-6.605980e-09;3.893405e-05;2.625857e-06;1.292658e-02;-1.845484e-03;1.450993e-02;-8.398844e-05;1.423787e-03;-1.459968e-04;4.289146e-04;-1.058201e-05;1.526173e-03;3.890006e-05;5.741918e-03;4.212181e-04;8.654947e-03;4.013790e-04;1.261129e-02;-8.510798e-04;1.912410e-02;-1.434842e-03;2.318793e-02;-1.002859e-03;2.278206e-02;1.041116e-05;5.582785e-02;-1.111320e-03;1.018037e-01;6.446607e-03;1.195605e-01;7.318706e-03;7.171032e-02;3.092248e-03;4.554508e-02;9.067564e-04;4.787253e-02;-8.815256e-04;4.298231e-02;-1.436959e-03;5.515005e-02;1.294101e-03;2.723463e-02;-3.980279e-04;4.526679e-02;-3.673271e-03;9.319539e-02;-4.380011e-03;5.759189e-02;-4.019402e-03;3.715780e-02;-1.455234e-03;4.092963e-02;8.567164e-04;3.890752e-02;-9.242400e-04;3.054151e-02;3.805961e-05;2.494144e-02;2.977841e-04;2.188200e-02;-8.808842e-04;1.566984e-02;-8.569231e-04;2.189431e-02;-2.746498e-03;2.351399e-03;-1.090735e-05;3.902444e+00;-1.435547e-02;3.547747e+00;-2.583984e-01;8.279248e+00;-5.885742e-01;1.047737e+01;-6.603516e-01;8.625848e-02;-2.686113e-03;3.714544e+00;-1.673468e-01;4.581134e-02;-5.915119e-03;2.605958e+03;-1.884019e+02;9.054194e-01;6.011169e-03;9.015864e+01;5.461731e-01;1.110405e-02;8.024627e-04;3.865909e-03;-1.624624e-04;2.142780e-02;-8.128789e-04;4.233873e-01;2.368641e-02;7.754010e-01;1.185519e-02;1.538631e+00;-6.114752e-02;1.191984e+00;-5.422664e-02;2.220361e+00;1.133296e-01;2.060470e+00;9.203073e-02;1.741961e+00;1.072335e-01;2.106478e+00;-1.671837e-01;2.871918e+00;-2.577251e-01;1.393405e+00;1.806342e-02;2.205519e+00;2.012064e-01;1.602133e+00;-1.207034e-01;1.692296e+00;-9.354295e-02;1.756895e+00;-8.686676e-02
40.000000;6.962946e+01;1.429939e+02;1.178631e-02;7.606066e-01;1.474523e-01;1.393975e-01;1.918896e-01;1.546234e-01;1.452259e-01;2.618771e-01;1.282046e+00;5.599769e+00;6.966054e-02;7.754732e-01;3.650048e-02;9.567372e-01;8.432741e-03;5.455171e-02;1.557120e-03;1.216931e-02;6.804137e-03;1.236936e-01;2.031303e-02;2.607043e-01;3.229133e-02;3.984373e-01;3.988017e-02;5.430199e-01;6.162018e-02;6.427036e-01;6.568547e-02;7.452911e-01;6.378549e-02;8.337682e-01;1.633753e-01;9.291726e-01;3.259992e-01;9.883663e-01;3.520690e-01;1.051360e+00;1.799348e-01;1.079722e+00;1.475497e-01;1.081801e+00;2.255084e-01;1.107434e+00;8.360206e-02;1.242400e+00;1.290738e-01;1.289258e+00;7.825214e-02;1.314836e+00;1.399415e-01;1.340236e+00;2.575444e-01;1.383899e+00;1.391377e-01;1.419195e+00;1.041824e-01;1.400009e+00;1.383898e-01;1.333177e+00;8.619875e-02;1.175185e+00;6.494731e-02;1.036272e+00;6.116858e-02;8.800672e-01;5.218895e-02;7.097822e-01;3.940327e-02;5.653738e-01;9.418756e-02;3.043525e-01;4.790904e-03;8.479625e-03;1.384317e+01;1.724092e+02;1.101168e+01;2.075801e+02;2.754006e+01;2.563887e+02;3.047251e+01;3.619014e+02;1.515229e-01;5.433595e-01;1.188843e+01;2.386647e+02;1.744450e-01;2.614524e+00;6.310292e+03;3.080103e+04;2.508606e+00;1.534730e+01;2.657185e+02;8.008209e+02;4.638267e-02;-1.458459e-01;1.277645e-02;2.553584e-01;8.330716e-02;2.429776e-01;1.264327e+00;4.247913e+01;2.190061e+00;3.788590e+00;4.543444e+00;2.830176e+01;3.762678e+00;9.270246e+00;6.060778e+00;-2.037632e+00;6.564176e+00;-3.276025e+00;5.045477e+00;-7.802457e+00;6.802190e+00;-2.244344e+01;8.051826e+00;-1.837890e+01;5.280025e+00;4.420532e-01;7.381277e+00;3.363592e+00;5.359615e+00;-1.008004e+01;6.064118e+00;4.773981e+00;4.669141e+00;1.321130e-01;1.285915e-03;-1.318045e-04;2.493159e-07;-1.678040e-08;3.837162e-06;2.782245e-08;5.319147e-06;2.078683e-07;3.940851e-06;-2.223005e-07;4.618722e-05;-6.622384e-07;1.248269e-02;-2.119789e-03;1.364777e-02;1.706158e-04;1.295459e-03;-2.539621e-04;3.535027e-04;-7.432599e-06;1.328754e-03;9.581529e-05;5.763693e-03;1.030156e-04;8.648088e-03;-2.054626e-04;1.384364e-02;-7.028846e-05;1.890496e-02;-1.322890e-03;2.084653e-02;-1.842249e-03;2.013765e-02;-2.289665e-03;5.793459e-02;3.213707e-03;1.114706e-01;3.440746e-03;1.234023e-01;3.449049e-03;7.369725e-02;3.529699e-03;5.425677e-02;3.375416e-03;5.794937e-02;-1.996930e-03;2.930546e-02;8.342274e-04;4.712091e-02;1.185473e-03;3.206295e-02;5.474740e-05;4.788346e-02;-2.972814e-03;8.742324e-02;-4.502769e-03;4.519354e-02;2.472297e-04;4.350435e-02;-5.557423e-04;5.780997e-02;-8.286675e-04;3.417322e-02;2.707007e-04;2.560245e-02;7.076756e-04;2.303042e-02;4.137431e-04;2.025414e-02;-3.906551e-05;1.642038e-02;1.413277e-04;1.878779e-02;-2.880899e-03;1.595251e-03;-2.059119e-05;4.422696e+00;-3.158203e-01;4.135671e+00;2.871094e-02;8.111487e+00;-2.583984e-01;1.037712e+01;-2.727539e-01;6.850404e-02;-2.522346e-03;3.398204e+00;-9.530038e-02;4.560995e-02;4.205539e-04;2.127831e+03;1.220838e+01;9.673488e-01;4.631279e-03;1.012644e+02;1.889967e+00;8.330956e-03;1.283802e-03;3.714076e-03;-1.107677e-04;1.428263e-02;-2.710166e-03;4.537198e-01;1.140493e-02;8.913003e-01;6.317367e-03;1.589521e+00;-1.331702e-01;1.377042e+00;-3.649552e-02;2.190309e+00;1.710435e-01;2.310551e+00;1.347544e-01;2.049938e+00;8.089408e-02;2.430659e+00;-9.411203e-02;2.678431e+00;-1.927467e-01;1.838743e+00;-1.597474e-02;2.175012e+00;1.598927e-01;1.709941e+00;-1.231196e-01;1.633059e+00;-2.813795e-02;1.601033e+00;1.451351e-01
40.500000;4.508281e+01;9.749111e+01;1.049109e-02;7.566417e-01;1.325060e-01;1.043216e-01;1.855729e-01;1.311791e-01;1.524889e-01;2.208462e-01;1.252217e+00;6.176650e+00;6.763582e-02;6.809170e-01;3.220363e-02;9.595811e-01;7.414016e-03;4.480430e-02;1.564196e-03;1.194004e-02;7.929044e-03;1.253463e-01;1.919378e-02;2.630058e-01;3.323062e-02;4.058067e-01;4.077191e-02;5.427651e-01;7.556121e-02;6.456888e-01;9.230165e-02;7.379921e-01;9.181220e-02;8.124334e-01;1.689035e-01;9.268333e-01;3.014867e-01;9.794266e-01;3.270579e-01;1.028147e+00;1.461027e-01;1.053061e+00;1.331448e-01;1.093036e+00;2.044266e-01;1.205916e+00;9.240867e-02;1.245663e+00;1.122107e-01;1.277230e+00;8.585737e-02;1.308209e+00;1.203623e-01;1.348134e+00;2.074592e-01;1.398306e+00;1.203967e-01;1.442345e+00;9.543402e-02;1.394876e+00;1.339030e-01;1.327279e+00;7.057974e-02;1.180477e+00;5.556601e-02;1.045729e+00;5.843106e-02;8.737294e-01;5.142912e-02;7.096987e-01;4.358686e-02;5.779726e-01;7.914257e-02;2.120620e-01;2.860677e-03;5.154726e-03;1.413777e+01;1.721221e+02;1.133628e+01;2.070059e+02;2.752509e+01;2.575371e+02;3.105032e+01;3.594609e+02;1.460362e-01;4.324751e-01;1.125606e+01;2.371942e+02;1.658514e-01;2.645489e+00;6.499052e+03;2.970408e+04;2.785338e+00;1.631047e+01;3.023511e+02;9.084462e+02;3.526394e-02;-9.880807e-02;1.217728e-02;2.540886e-01;5.976123e-02;1.540124e-01;1.311981e+00;4.215701e+01;2.521019e+00;4.724907e+00;4.356471e+00;2.771361e+01;3.287149e+00;8.526618e+00;6.383881e+00;-1.321863e+00;6.835504e+00;-3.412018e+00;4.743543e+00;-6.394348e+00;6.191179e+00;-2.023459e+01;8.358045e+00;-2.047569e+01;5.501589e+00;-3.419830e+00;4.013195e+00;5.492520e+00;4.747764e+00;-1.078063e+01;5.333091e+00;4.288968e+00;4.184199e+00;2.762328e+00;1.031981e-03;-9.142060e-05;1.858027e-07;-1.460204e-08;3.089555e-06;-2.514182e-07;5.421343e-06;1.064665e-07;4.171276e-06;-1.978780e-07;3.742913e-05;7.918459e-07;1.076627e-02;-2.085474e-03;1.262378e-02;-5.208824e-04;1.058981e-03;-2.531249e-04;3.748767e-04;-9.070302e-06;1.723676e-03;-1.719300e-06;5.397800e-03;-3.653724e-04;8.510818e-03;-5.392588e-04;1.403582e-02;2.374666e-04;2.442710e-02;3.769159e-04;3.082133e-02;-5.813375e-04;3.130348e-02;-1.745555e-03;6.035046e-02;1.607508e-04;1.016928e-01;-5.644846e-03;1.130241e-01;-6.117504e-03;7.095760e-02;-3.483515e-03;5.130573e-02;-3.351099e-04;6.924517e-02;3.119819e-04;3.174584e-02;-5.372015e-04;4.366338e-02;2.504973e-04;3.957833e-02;4.499517e-04;4.719514e-02;3.557475e-03;7.536849e-02;9.589604e-04;4.034230e-02;6.579977e-04;3.924612e-02;7.066617e-04;5.483595e-02;8.034538e-06;2.831454e-02;-5.651153e-04;2.232507e-02;-1.115099e-03;2.136451e-02;-1.398395e-03;1.978045e-02;2.976022e-04;1.728028e-02;9.128021e-04;1.562657e-02;-1.849486e-03;9.848615e-04;-9.077644e-05;4.147985e+00;-4.306640e-02;4.237563e+00;1.148437e-01;9.200175e+00;1.866211e-01;1.067115e+01;3.875977e-01;5.532800e-02;-4.357632e-03;3.494009e+00;5.644171e-02;4.755952e-02;2.627194e-03;2.312176e+03;5.761613e+01;1.076199e+00;1.969665e-02;1.167211e+02;2.035293e+00;5.546443e-03;1.285188e-03;3.824616e-03;5.847657e-05;9.810838e-03;-2.341155e-03;4.641773e-01;-2.390123e-02;1.053827e+00;-2.898738e-03;1.460924e+00;3.106263e-02;1.363062e+00;6.728011e-02;2.333102e+00;-4.065584e-02;2.408405e+00;-3.952160e-02;1.893081e+00;-3.552811e-02;2.360377e+00;7.158457e-02;2.763050e+00;-1.873947e-02;2.072545e+00;-4.711736e-02;1.473838e+00;-4.793693e-02;1.650976e+00;2.519698e-02;1.771871e+00;6.929732e-02;1.439433e+00;1.176390e-01
41.000000;2.987427e+01;1.081186e+02;9.943443e-03;7.635402e-01;1.180003e-01;1.024959e-01;1.678403e-01;1.135072e-01;1.217501e-01;2.021530e-01;1.239268e+00;6.882175e+00;5.185340e-02;5.916292e-01;3.244997e-02;9.579725e-01;5.600888e-03;3.578107e-02;1.299740e-03;1.168430e-02;7.645379e-03;1.213670e-01;1.707115e-02;2.609877e-01;2.750838e-02;4.086940e-01;3.944609e-02;5.354537e-01;7.729996e-02;6.502526e-01;1.059716e-01;7.420165e-01;1.089509e-01;8.163111e-01;1.433554e-01;8.969684e-01;2.393259e-01;9.705897e-01;2.890182e-01;1.032139e+00;1.544049e-01;1.073071e+00;1.180737e-01;1.084780e+00;1.691269e-01;1.181203e+00;1.191631e-01;1.271672e+00;1.154224e-01;1.298374e+00;9.711934e-02;1.329649e+00;1.218581e-01;1.339513e+00;1.968898e-01;1.424241e+00;1.498953e-01;1.413874e+00;9.018616e-02;1.388148e+00;1.043803e-01;1.307529e+00;7.975900e-02;1.189801e+00;5.520723e-02;1.027173e+00;6.023955e-02;8.526716e-01;5.476959e-02;7.065271e-01;4.187223e-02;5.842782e-01;3.815921e-02;1.366491e-01;1.703751e-03;3.165324e-03;1.446701e+01;1.777207e+02;8.481883e+00;2.077236e+02;2.976259e+01;2.589727e+02;3.338997e+01;3.545801e+02;1.042231e-01;3.213616e-01;1.170937e+01;2.387452e+02;1.630580e-01;2.633344e+00;6.108422e+03;2.988973e+04;2.891684e+00;1.671686e+01;3.350432e+02;9.346802e+02;2.042470e-02;-6.276714e-02;1.260426e-02;2.557404e-01;3.125320e-02;9.780065e-02;1.004657e+00;4.178906e+01;2.670721e+00;4.411395e+00;3.667779e+00;2.793193e+01;3.565430e+00;9.002697e+00;6.446436e+00;-1.996628e+00;6.125204e+00;-4.189266e+00;4.111221e+00;-6.373192e+00;5.917884e+00;-1.743344e+01;8.294379e+00;-2.356592e+01;4.202715e+00;-5.692620e+00;3.447608e+00;5.308861e+00;3.974270e+00;-9.297873e+00;4.442006e+00;2.117954e+00;3.707487e+00;3.435425e+00;6.433361e-04;4.042178e-05;1.352394e-07;1.750960e-08;2.986030e-06;-2.424389e-07;5.010962e-06;-4.430812e-08;3.550405e-06;1.567361e-07;3.572446e-05;7.515131e-07;8.168472e-03;-1.658917e-03;1.253718e-02;-5.172862e-05;8.063897e-04;-1.277689e-04;3.785478e-04;3.162006e-05;1.722911e-03;-3.416671e-06;5.240289e-03;3.666450e-05;7.794061e-03;7.489467e-05;1.290728e-02;7.986228e-04;2.588068e-02;2.210956e-03;3.507164e-02;2.444183e-03;3.559062e-02;2.232440e-03;5.271050e-02;-2.978029e-03;7.826428e-02;-5.862576e-03;9.792053e-02;-6.063704e-03;7.165454e-02;-1.435991e-03;4.579164e-02;-1.782802e-03;6.510203e-02;4.337264e-03;4.606696e-02;-5.999720e-04;4.647515e-02;-2.424465e-03;4.363123e-02;-7.665416e-04;4.680320e-02;1.410069e-03;7.209234e-02;3.634303e-03;4.525203e-02;9.529540e-04;3.443263e-02;1.452683e-04;4.561334e-02;1.737941e-03;2.932634e-02;-3.864650e-04;1.991345e-02;-3.375824e-04;2.167793e-02;3.841576e-04;2.135652e-02;5.956846e-04;1.724552e-02;3.011836e-04;8.330029e-03;-4.175370e-04;5.211155e-04;-7.897289e-05;3.907748e+00;1.435547e-01;3.183032e+00;-8.613281e-02;9.448211e+00;4.593750e-01;1.130168e+01;2.871094e-01;3.733980e-02;-1.014798e-03;3.485404e+00;1.121035e-01;5.056846e-02;1.117941e-03;2.364817e+03;-1.081151e+02;1.290252e+00;5.718560e-02;1.475240e+02;6.746471e+00;3.600450e-03;3.748033e-04;3.735568e-03;1.602935e-04;5.480221e-03;-5.107019e-04;4.050165e-01;-6.723510e-03;1.133998e+00;4.576639e-02;1.274030e+00;9.544684e-02;1.381974e+00;2.074527e-02;2.312842e+00;-1.578604e-01;2.095341e+00;-1.911257e-01;1.543205e+00;-1.179303e-01;2.106723e+00;1.748482e-01;2.737860e+00;1.197705e-01;1.774480e+00;-4.398882e-04;1.212357e+00;-5.772297e-02;1.351471e+00;3.376611e-02;1.907372e+00;-4.598969e-03;1.413144e+00;-9.211798e-02
41.500000;4.456057e+01;1.143972e+02;8.556281e-03;7.655318e-01;1.449747e-01;1.346193e-01;1.746563e-01;1.605086e-01;1.468735e-01;2.320608e-01;1.381974e+00;7.098814e+00;4.114225e-02;5.266210e-01;3.746533e-02;9.562514e-01;3.233078e-03;3.116617e-02;1.683328e-03;1.190350e-02;8.181848e-03;1.261075e-01;1.973077e-02;2.648138e-01;2.926119e-02;4.080279e-01;3.527583e-02;5.428333e-01;7.042972e-02;6.448543e-01;8.234436e-02;7.419403e-01;8.848961e-02;8.276102e-01;1.800296e-01;9.257306e-01;1.962255e-01;9.684167e-01;2.560436e-01;1.035776e+00;1.610873e-01;1.056474e+00;1.194704e-01;1.118349e+00;1.503961e-01;1.209769e+00;1.350201e-01;1.233802e+00;1.125622e-01;1.258919e+00;1.213090e-01;1.313662e+00;1.197319e-01;1.354634e+00;2.066543e-01;1.434480e+00;1.834215e-01;1.391746e+00;9.411378e-02;1.370925e+00;1.234612e-01;1.318627e+00;8.861721e-02;1.170385e+00;7.159490e-02;1.018150e+00;6.167215e-02;8.407493e-01;5.373039e-02;7.063564e-01;4.362389e-02;5.793988e-01;2.102844e-02;1.035034e-01;9.729597e-04;1.966131e-03;1.368220e+01;1.788691e+02;8.473375e+00;2.075801e+02;2.624500e+01;2.549531e+02;2.739263e+01;3.492686e+02;7.129099e-02;2.809813e-01;1.163667e+01;2.362685e+02;1.556118e-01;2.601199e+00;6.378780e+03;2.671352e+04;3.801958e+00;1.793999e+01;4.852299e+02;1.109734e+03;1.076439e-02;-4.688358e-02;1.228525e-02;2.536806e-01;1.896507e-02;7.822259e-02;1.374029e+00;4.260013e+01;2.845076e+00;4.834626e+00;3.331080e+00;2.851355e+01;4.035319e+00;9.305765e+00;5.764591e+00;-2.357674e+00;5.333129e+00;-4.387421e+00;3.696198e+00;-7.266290e+00;5.032927e+00;-1.407491e+01;7.514249e+00;-2.455830e+01;4.267919e+00;-6.571833e+00;4.752895e+00;2.017593e+00;3.301504e+00;-7.240950e+00;4.714718e+00;2.872028e+00;4.516033e+00;2.756122e+00;8.622971e-04;-4.255331e-05;1.488847e-07;-1.071416e-08;3.612647e-06;1.365752e-07;4.712495e-06;2.052793e-07;3.809039e-06;-6.696521e-08;4.458030e-05;-1.568765e-06;7.565565e-03;-1.546998e-03;1.491190e-02;-2.078435e-04;6.543256e-04;-1.117926e-04;4.376115e-04;4.157218e-06;2.007400e-03;-9.996906e-06;4.882905e-03;-1.191073e-04;6.878415e-03;-4.661703e-04;1.139360e-02;-2.494901e-05;2.478916e-02;2.463216e-04;2.707247e-02;1.554951e-03;2.743026e-02;2.561457e-03;5.972021e-02;7.041633e-04;6.866409e-02;-2.113655e-03;9.292614e-02;-2.289842e-03;7.138933e-02;1.097072e-03;4.930820e-02;-1.383014e-03;7.080889e-02;-8.421895e-05;5.011223e-02;-9.925454e-04;4.399792e-02;-3.018644e-03;4.630103e-02;-7.959278e-04;4.466970e-02;-9.173294e-05;7.436174e-02;2.522754e-03;6.203069e-02;1.726567e-03;3.315150e-02;3.402014e-04;4.419921e-02;-2.644988e-03;3.379836e-02;2.256876e-04;2.771219e-02;1.649609e-04;2.616154e-02;-2.648783e-04;2.229167e-02;-9.168761e-04;1.752511e-02;-1.331532e-03;5.258944e-03;-7.805243e-04;2.862332e-04;-2.982884e-05;3.614928e+00;-2.440430e-01;3.149840e+00;-2.296875e-01;7.752631e+00;1.004883e-01;9.016458e+00;4.306640e-02;3.342034e-02;5.623214e-05;3.066630e+00;-9.748186e-02;4.592101e-02;1.202841e-03;1.802590e+03;-5.829823e+01;1.480993e+00;6.661208e-03;1.851418e+02;1.079838e+00;2.435407e-03;3.321788e-04;3.337869e-03;-8.856291e-05;4.285425e-03;-5.743029e-04;4.566668e-01;1.621046e-02;1.133562e+00;2.795666e-02;1.283298e+00;3.588267e-02;1.495109e+00;-7.618275e-02;2.097767e+00;-6.695082e-02;1.881906e+00;-1.838018e-02;1.404515e+00;-6.691235e-03;2.011556e+00;1.271981e-01;2.291785e+00;1.994766e-01;1.611773e+00;-4.691033e-02;1.730713e+00;-9.769683e-02;1.282775e+00;1.138643e-02;1.843733e+00;-2.623881e-02;1.681087e+00;1.997136e-02
42.000000;4.277986e+01;9.372535e+01;8.528776e-03;7.578153e-01;1.579037e-01;1.392244e-01;1.592668e-01;1.334284e-01;1.484787e-01;2.247103e-01;1.431647e+00;6.401256e+00;3.829173e-02;4.748819e-01;3.890097e-02;9.612928e-01;3.686019e-03;2.805784e-02;1.694044e-03;1.179642e-02;8.970369e-03;1.283607e-01;1.826195e-02;2.692317e-01;3.023273e-02;4.118496e-01;2.567422e-02;5.465569e-01;6.548747e-02;6.431540e-01;7.686831e-02;7.281537e-01;8.184122e-02;8.032628e-01;1.934274e-01;9.360038e-01;2.153903e-01;9.940393e-01;3.065951e-01;1.066211e+00;1.507120e-01;1.069569e+00;1.080923e-01;1.149923e+00;1.737313e-01;1.218248e+00;1.110022e-01;1.221560e+00;1.086218e-01;1.247872e+00;1.195433e-01;1.291510e+00;9.213097e-02;1.368405e+00;1.731547e-01;1.437367e+00;1.520875e-01;1.403550e+00;9.151854e-02;1.373855e+00;1.453604e-01;1.322725e+00;7.666907e-02;1.183872e+00;6.561186e-02;1.024013e+00;5.495786e-02;8.557015e-01;4.841458e-02;7.153404e-01;4.010578e-02;5.832773e-01;2.122257e-02;8.451641e-02;6.014919e-04;1.341221e-03;1.469316e+01;1.748496e+02;1.137167e+01;2.088721e+02;2.266892e+01;2.572500e+02;2.050572e+01;3.465410e+02;7.097447e-02;2.697288e-01;1.056718e+01;2.337301e+02;1.298501e-01;2.596344e+00;3.730252e+03;2.325445e+04;3.103160e+00;1.961977e+01;3.960592e+02;1.348257e+03;1.098134e-02;-3.836502e-02;1.157632e-02;2.517514e-01;2.192842e-02;6.373911e-02;1.173840e+00;4.325980e+01;2.438140e+00;5.505250e+00;3.179472e+00;2.786374e+01;4.175554e+00;1.014285e+01;5.552655e+00;-1.369876e+00;5.793828e+00;-3.277410e+00;3.419034e+00;-9.745481e+00;5.653432e+00;-1.315323e+01;6.889313e+00;-2.468524e+01;5.278930e+00;-9.471608e+00;4.631288e+00;-1.238149e+00;5.162764e+00;-3.867703e+00;4.236579e+00;5.425486e+00;5.118135e+00;2.520469e+00;6.994297e-04;-4.320809e-05;1.813090e-07;-5.452068e-09;3.666943e-06;4.701061e-08;4.259759e-06;2.411995e-07;3.582404e-06;-1.620578e-07;4.112997e-05;1.574786e-06;7.414846e-03;-6.099741e-04;1.518871e-02;6.182517e-05;6.246086e-04;-3.693652e-05;4.161266e-04;-3.426556e-05;2.132121e-03;5.718811e-05;4.564061e-03;2.565497e-06;7.122444e-03;2.880915e-04;9.487025e-03;-3.543357e-05;2.324511e-02;-1.133549e-03;2.551914e-02;-7.017991e-04;2.565748e-02;-8.004491e-04;6.538030e-02;4.000573e-03;7.342588e-02;2.787608e-03;1.056925e-01;2.392288e-03;6.060528e-02;-1.523520e-03;4.974430e-02;-3.618393e-04;8.076403e-02;-2.671769e-03;4.117242e-02;1.340371e-05;4.606551e-02;2.136286e-04;4.749290e-02;-7.699701e-04;3.616940e-02;6.196955e-04;6.249409e-02;6.717460e-04;5.456104e-02;-5.305317e-04;3.048482e-02;9.724412e-04;4.772060e-02;-1.394898e-03;2.921985e-02;3.276995e-04;2.683215e-02;-1.340329e-04;2.365587e-02;-9.410296e-05;1.934551e-02;-2.270652e-04;1.528831e-02;-3.604845e-04;4.460989e-03;-3.494603e-04;2.131002e-04;-4.623304e-06;3.722775e+00;1.004883e-01;4.160214e+00;-5.742187e-02;6.690619e+00;-1.291992e-01;7.070764e+00;-2.009766e-01;3.247330e-02;-4.668745e-04;2.854251e+00;-6.466152e-02;4.001860e-02;-1.098273e-03;1.378837e+03;-2.368171e+01;1.319567e+00;1.254598e-02;1.721063e+02;8.887456e-01;2.004746e-03;1.233972e-04;3.190856e-03;-6.880939e-05;3.968370e-03;-1.922143e-04;4.405510e-01;1.349341e-02;1.056274e+00;-1.067028e-02;1.165463e+00;-1.550302e-02;1.599375e+00;-1.254600e-02;1.967896e+00;3.053736e-02;2.004827e+00;9.597994e-02;1.302282e+00;4.021201e-02;2.208521e+00;1.875946e-02;2.293251e+00;-4.523411e-02;1.818598e+00;-1.670399e-01;1.893944e+00;-7.931904e-02;1.637940e+00;7.752510e-02;1.598298e+00;6.762677e-02;1.877751e+00;7.407488e-02
42.500000;2.130083e+01;6.662996e+01;5.786961e-03;7.565210e-01;1.233033e-01;7.344409e-02;8.447673e-02;4.088335e-02;1.135142e-01;1.845960e-01;1.007891e+00;6.108894e+00;2.915981e-02;4.285558e-01;3.236520e-02;9.627531e-01;2.025687e-03;2.416967e-02;1.637213e-03;1.219829e-02;9.152336e-03;1.262769e-01;1.634615e-02;2.633076e-01;2.311480e-02;4.027574e-01;2.582320e-02;5.517840e-01;7.479364e-02;6.469946e-01;8.489536e-02;7.324389e-01;7.285695e-02;8.070713e-01;1.213877e-01;9.177794e-01;2.039140e-01;9.899089e-01;3.102524e-01;1.065008e+00;1.279628e-01;1.061284e+00;1.148380e-01;1.165426e+00;1.783239e-01;1.221921e+00;9.021556e-02;1.246485e+00;1.059178e-01;1.265270e+00;1.151777e-01;1.286909e+00;8.221982e-02;1.359733e+00;1.363220e-01;1.405581e+00;1.330200e-01;1.392473e+00;1.003373e-01;1.384381e+00;1.503780e-01;1.318683e+00;7.413522e-02;1.208420e+00;5.779741e-02;1.032206e+00;5.497586e-02;8.835992e-01;4.775708e-02;7.213624e-01;3.976114e-02;5.745202e-01;1.187480e-02;6.412477e-02;4.502666e-04;9.917585e-04;1.573807e+01;1.735576e+02;1.619753e+01;2.100205e+02;2.137760e+01;2.681602e+02;2.061197e+01;3.485508e+02;7.138913e-02;2.441882e-01;1.252870e+01;2.356288e+02;1.174608e-01;2.644329e+00;4.028404e+03;2.344777e+04;2.474047e+00;2.017755e+01;3.080918e+02;1.426188e+03;5.403599e-03;-2.818332e-02;1.367512e-02;2.541341e-01;8.159815e-03;4.508477e-02;1.089177e+00;4.323276e+01;2.153333e+00;5.738880e+00;3.159699e+00;2.673899e+01;3.623520e+00;1.133468e+01;5.590621e+00;4.178836e-01;5.902834e+00;-3.793429e+00;3.307750e+00;-1.050498e+01;5.898993e+00;-1.215470e+01;6.418231e+00;-2.347916e+01;5.367077e+00;-1.379835e+01;4.298627e+00;-2.390505e+00;3.907478e+00;-6.717125e-01;4.282672e+00;8.780466e+00;4.127873e+00;3.033672e+00;2.499248e-04;5.073357e-08;1.515171e-07;4.289434e-09;2.495704e-06;-1.342077e-07;2.481858e-06;1.487188e-07;2.524154e-06;1.722841e-07;2.924913e-05;5.463133e-08;5.544466e-03;-7.508347e-04;1.151461e-02;4.105016e-04;4.252542e-04;-5.107512e-05;4.194661e-04;8.314440e-06;1.678458e-03;-1.174409e-04;4.535835e-03;-2.686218e-05;5.649189e-03;5.340457e-04;8.355846e-03;-2.507411e-04;2.525534e-02;-4.051510e-04;2.650131e-02;-1.342632e-03;2.197950e-02;-1.459260e-03;4.437289e-02;7.726647e-06;6.862491e-02;3.663806e-03;1.044156e-01;4.766147e-03;5.132787e-02;-2.985055e-04;5.408321e-02;8.353929e-04;8.451360e-02;1.673281e-03;3.469257e-02;9.211686e-04;4.332992e-02;1.456500e-03;4.849825e-02;3.529784e-04;3.388509e-02;-4.368153e-04;4.419894e-02;-2.437809e-03;4.320751e-02;-2.232365e-03;3.640266e-02;-1.332229e-03;5.421098e-02;8.454163e-04;2.677696e-02;1.040940e-03;2.358208e-02;1.285836e-03;2.174500e-02;1.491704e-03;1.775512e-02;1.298985e-03;1.409912e-02;8.389259e-04;2.959307e-03;-2.033232e-04;1.493886e-04;-1.513033e-06;4.269998e+00;3.588867e-01;5.257533e+00;1.866211e-01;6.771080e+00;2.153320e-01;7.007395e+00;-2.153320e-01;3.175290e-02;1.865424e-04;3.334213e+00;1.434607e-01;3.931129e-02;-1.775178e-03;1.440733e+03;2.704852e+01;9.664940e-01;6.601483e-02;1.229529e+02;6.208234e+00;1.184723e-03;8.423819e-05;3.668747e-03;1.599846e-04;2.390484e-03;-7.605602e-05;3.916763e-01;-1.012347e-02;8.342342e-01;1.620040e-02;1.145507e+00;-7.857931e-02;1.446199e+00;5.927903e-02;2.005810e+00;3.544335e-02;2.092205e+00;5.464025e-03;1.345989e+00;4.705441e-02;2.087584e+00;-7.262689e-02;2.354966e+00;-1.361983e-01;1.960057e+00;-1.233826e-01;1.826083e+00;1.103224e-02;1.598315e+00;6.668633e-02;1.480633e+00;6.333953e-02;1.484671e+00;-3.837855e-02
43.000000;1.895195e-01;5.363992e+01;3.350869e-03;7.588676e-01;7.503492e-02;2.835745e-02;4.519113e-02;1.648260e-02;8.197193e-02;1.233494e-01;9.064544e-01;6.354892e+00;3.828117e-02;3.818955e-01;4.113909e-02;9.470338e-01;2.544594e-03;2.122855e-02;1.680342e-03;1.174477e-02;7.615621e-03;1.265563e-01;1.634121e-02;2.629842e-01;1.631093e-02;4.024599e-01;2.431811e-02;5.457903e-01;7.770132e-02;6.529087e-01;8.508181e-02;7.450047e-01;7.291235e-02;8.201231e-01;1.164040e-01;8.840817e-01;1.663378e-01;9.333805e-01;2.932316e-01;1.002757e+00;1.326405e-01;1.036156e+00;1.425274e-01;1.126532e+00;2.040109e-01;1.176936e+00;1.097947e-01;1.218455e+00;1.063993e-01;1.268749e+00;1.223758e-01;1.296259e+00;9.691903e-02;1.351879e+00;1.403582e-01;1.360292e+00;1.623652e-01;1.370227e+00;1.073729e-01;1.363142e+00;1.652794e-01;1.280719e+00;7.630996e-02;1.185010e+00;7.204293e-02;1.041340e+00;6.262521e-02;8.864974e-01;5.119081e-02;7.156244e-01;4.227113e-02;5.690148e-01;1.088555e-02;4.983633e-02;2.934061e-04;6.381975e-04;1.491588e+01;1.719785e+02;1.650005e+01;2.105947e+02;1.982666e+01;2.706006e+02;1.570202e+01;3.453926e+02;6.959992e-02;2.156096e-01;1.118974e+01;2.344172e+02;1.138812e-01;2.650078e+00;3.998525e+03;2.202326e+04;3.699576e+00;2.181487e+01;4.903849e+02;1.680223e+03;5.723407e-03;-2.184870e-02;1.226674e-02;2.533192e-01;9.668428e-03;3.672112e-02;1.249978e+00;4.359206e+01;2.347870e+00;7.246507e+00;3.155771e+00;2.642290e+01;3.241518e+00;1.293084e+01;5.660542e+00;-4.809906e-01;5.711347e+00;-5.268501e+00;3.112533e+00;-9.122091e+00;6.152649e+00;-1.212865e+01;5.869613e+00;-2.084014e+01;4.967443e+00;-1.583483e+01;5.079616e+00;-3.072032e+00;3.449116e+00;-1.180007e+00;4.667340e+00;1.069098e+01;3.663553e+00;4.496473e+00;3.248281e-06;3.028661e-07;1.016282e-07;2.744079e-09;9.214007e-07;-3.439095e-08;1.043585e-06;2.563397e-08;1.891400e-06;2.086168e-08;3.461800e-05;-6.112951e-08;4.234520e-03;-1.351322e-03;1.043879e-02;-2.341952e-04;3.070821e-04;-8.526919e-05;3.911367e-04;-1.347947e-05;1.600272e-03;-9.018507e-06;4.682034e-03;-3.248949e-05;4.525855e-03;-4.987258e-04;7.710967e-03;-2.654152e-04;2.664863e-02;-5.748170e-04;2.552699e-02;-1.597156e-03;1.950170e-02;-1.151202e-03;3.721093e-02;-3.841257e-03;5.767703e-02;-8.971510e-04;1.004146e-01;1.005374e-03;4.706121e-02;7.672809e-04;5.248730e-02;1.108304e-03;8.451768e-02;2.265845e-03;3.704922e-02;-2.446568e-04;4.143712e-02;1.241408e-04;4.946976e-02;1.145216e-04;2.887015e-02;-4.092283e-04;4.148921e-02;-3.096877e-03;5.086677e-02;-7.424881e-04;3.717594e-02;-8.742137e-05;5.654134e-02;1.751778e-03;2.759778e-02;-1.111308e-03;2.935508e-02;5.608983e-04;2.432952e-02;2.384436e-04;2.005494e-02;2.092278e-04;1.634244e-02;3.243300e-04;2.223917e-03;-4.521717e-04;7.396509e-05;-4.009856e-06;4.345014e+00;-2.440430e-01;5.295962e+00;-1.435547e-02;6.249148e+00;1.435547e-02;5.736784e+00;-1.435547e-02;2.909673e-02;-8.808280e-04;3.305997e+00;-1.360979e-01;3.866074e-02;-7.901919e-04;1.458029e+03;-3.226240e+01;1.319946e+00;3.907274e-02;1.690810e+02;6.416838e+00;8.765285e-04;1.975470e-04;3.635757e-03;-1.424900e-04;2.085708e-03;-2.715386e-04;4.794529e-01;1.028828e-03;7.749992e-01;1.088800e-02;1.116504e+00;-3.163375e-02;1.190344e+00;1.007498e-01;1.859420e+00;1.090002e-01;2.131696e+00;-8.032056e-03;1.238911e+00;-2.294535e-02;2.085345e+00;-6.111523e-02;2.148512e+00;-1.073000e-02;1.813526e+00;6.080723e-03;1.894212e+00;4.343701e-02;1.327343e+00;-1.458911e-02;1.728296e+00;4.435394e-02;1.316497e+00;-4.711263e-02
43.500000;2.202086e+01;6.682504e+01;6.865900e-03;7.597492e-01;8.067467e-02;2.741928e-02;6.840862e-02;2.617685e-02;1.314286e-01;1.523646e-01;1.413398e+00;6.482205e+00;4.550964e-02;3.185539e-01;4.518883e-02;9.431131e-01;3.727064e-03;1.613609e-02;1.207058e-03;1.139456e-02;8.212054e-03;1.215921e-01;1.920048e-02;2.559634e-01;2.188674e-02;3.974964e-01;4.041054e-02;5.157353e-01;7.522476e-02;6.439630e-01;9.568041e-02;7.413102e-01;9.392219e-02;8.140747e-01;1.830979e-01;8.534744e-01;1.477234e-01;9.161394e-01;2.802407e-01;9.986729e-01;1.247834e-01;1.031499e+00;1.517073e-01;1.103524e+00;1.994933e-01;1.172597e+00;1.119744e-01;1.216392e+00;1.261036e-01;1.287477e+00;1.205508e-01;1.332274e+00;1.153725e-01;1.374135e+00;1.512418e-01;1.374792e+00;1.493028e-01;1.375947e+00;1.003108e-01;1.357649e+00;1.611705e-01;1.305709e+00;7.398356e-02;1.169708e+00;6.588714e-02;1.025348e+00;5.539899e-02;8.608111e-01;4.386498e-02;7.034969e-01;4.189368e-02;5.711609e-01;1.379760e-02;3.155852e-02;2.058182e-04;3.614962e-04;1.397356e+01;1.701123e+02;1.429505e+01;2.121738e+02;2.541202e+01;2.716055e+02;1.696802e+01;3.478330e+02;6.086463e-02;1.588740e-01;1.088862e+01;2.359321e+02;1.197072e-01;2.681689e+00;6.310019e+03;2.378100e+04;4.346219e+00;2.303880e+01;6.086923e+02;1.783074e+03;5.785924e-03;-1.314563e-02;1.162248e-02;2.547918e-01;1.011832e-02;2.198019e-02;1.617674e+00;4.296731e+01;2.664154e+00;7.755197e+00;2.886991e+00;2.691760e+01;3.130162e+00;1.415924e+01;5.974283e+00;-2.481521e+00;5.058589e+00;-6.840433e+00;3.618099e+00;-8.631744e+00;5.853945e+00;-1.297576e+01;5.635511e+00;-1.940665e+01;5.162212e+00;-1.431019e+01;5.223486e+00;-3.019008e+00;3.900858e+00;-1.431703e+00;5.026574e+00;1.060792e+01;5.495691e+00;2.953283e+00;1.705402e-04;4.221233e-05;1.273809e-07;6.295385e-09;1.664629e-06;-2.610788e-07;1.655093e-06;-1.552295e-07;2.860868e-06;-1.467647e-07;3.912418e-05;2.172740e-06;3.880261e-03;-1.167198e-03;1.173876e-02;2.135101e-04;2.969790e-04;-9.270600e-05;3.291286e-04;-2.015621e-05;1.658534e-03;1.205901e-04;4.919969e-03;-1.470526e-05;5.889768e-03;-2.133523e-04;8.208083e-03;-6.355788e-05;2.445751e-02;5.664134e-04;2.969104e-02;6.233021e-04;2.833683e-02;-2.863651e-04;5.504274e-02;2.029810e-03;5.067387e-02;-2.422353e-03;9.271653e-02;-4.154158e-03;4.009987e-02;3.824961e-04;4.947546e-02;3.372073e-03;7.343785e-02;3.405499e-03;3.908956e-02;-1.351205e-03;4.890496e-02;8.962637e-04;4.832252e-02;-5.325188e-04;3.272707e-02;1.630041e-03;4.826672e-02;2.902701e-04;4.582176e-02;-3.897634e-05;3.373530e-02;1.832675e-03;5.710638e-02;3.465315e-03;3.088756e-02;-2.441344e-04;2.629017e-02;-2.098511e-03;1.982008e-02;-1.267668e-03;1.817091e-02;-5.651822e-04;1.567991e-02;1.891823e-04;1.736825e-03;-3.024503e-04;5.070751e-05;-4.574632e-06;4.373120e+00;0;5.707540e+00;-7.177734e-02;8.092958e+00;-1.291992e-01;6.074857e+00;2.583984e-01;2.070512e-02;-1.753467e-03;3.724231e+00;-4.727011e-02;3.982826e-02;2.082420e-03;1.829014e+03;2.282097e+01;1.563293e+00;-1.021204e-02;2.077737e+02;-1.096207e+00;5.809619e-04;1.433319e-04;4.035769e-03;-6.107398e-05;1.451668e-03;-2.642025e-04;4.443660e-01;-1.301551e-02;8.938395e-01;-3.906854e-04;1.010699e+00;4.710880e-02;1.190753e+00;4.625196e-02;2.064482e+00;7.715937e-03;1.702422e+00;-6.977525e-02;1.454294e+00;-9.684145e-02;1.885333e+00;1.063439e-01;2.042256e+00;8.484817e-02;1.574193e+00;8.853901e-02;1.686171e+00;-1.173148e-01;1.544204e+00;9.099150e-03;1.798265e+00;8.471281e-02;1.774094e+00;3.962070e-03
