frameTime;F0final_sma_stddev;F0final_sma_amean;voicingFinalUnclipped_sma_stddev;voicingFinalUnclipped_sma_amean;jitterLocal_sma_stddev;jitterLocal_sma_amean;jitterDDP_sma_stddev;jitterDDP_sma_amean;shimmerLocal_sma_stddev;shimmerLocal_sma_amean;logHNR_sma_stddev;logHNR_sma_amean;audspec_lengthL1norm_sma_stddev;audspec_lengthL1norm_sma_amean;audspecRasta_lengthL1norm_sma_stddev;audspecRasta_lengthL1norm_sma_amean;pcm_RMSenergy_sma_stddev;pcm_RMSenergy_sma_amean;pcm_zcr_sma_stddev;pcm_zcr_sma_amean;audSpec_Rfilt_sma[0]_stddev;audSpec_Rfilt_sma[0]_amean;audSpec_Rfilt_sma[1]_stddev;audSpec_Rfilt_sma[1]_amean;audSpec_Rfilt_sma[2]_stddev;audSpec_Rfilt_sma[2]_amean;audSpec_Rfilt_sma[3]_stddev;audSpec_Rfilt_sma[3]_amean;audSpec_Rfilt_sma[4]_stddev;audSpec_Rfilt_sma[4]_amean;audSpec_Rfilt_sma[5]_stddev;audSpec_Rfilt_sma[5]_amean;audSpec_Rfilt_sma[6]_stddev;audSpec_Rfilt_sma[6]_amean;audSpec_Rfilt_sma[7]_stddev;audSpec_Rfilt_sma[7]_amean;audSpec_Rfilt_sma[8]_stddev;audSpec_Rfilt_sma[8]_amean;audSpec_Rfilt_sma[9]_stddev;audSpec_Rfilt_sma[9]_amean;audSpec_Rfilt_sma[10]_stddev;audSpec_Rfilt_sma[10]_amean;audSpec_Rfilt_sma[11]_stddev;audSpec_Rfilt_sma[11]_amean;audSpec_Rfilt_sma[12]_stddev;audSpec_Rfilt_sma[12]_amean;audSpec_Rfilt_sma[13]_stddev;audSpec_Rfilt_sma[13]_amean;audSpec_Rfilt_sma[14]_stddev;audSpec_Rfilt_sma[14]_amean;audSpec_Rfilt_sma[15]_stddev;audSpec_Rfilt_sma[15]_amean;audSpec_Rfilt_sma[16]_stddev;audSpec_Rfilt_sma[16]_amean;audSpec_Rfilt_sma[17]_stddev;audSpec_Rfilt_sma[17]_amean;audSpec_Rfilt_sma[18]_stddev;audSpec_Rfilt_sma[18]_amean;audSpec_Rfilt_sma[19]_stddev;audSpec_Rfilt_sma[19]_amean;audSpec_Rfilt_sma[20]_stddev;audSpec_Rfilt_sma[20]_amean;audSpec_Rfilt_sma[21]_stddev;audSpec_Rfilt_sma[21]_amean;audSpec_Rfilt_sma[22]_stddev;audSpec_Rfilt_sma[22]_amean;audSpec_Rfilt_sma[23]_stddev;audSpec_Rfilt_sma[23]_amean;audSpec_Rfilt_sma[24]_stddev;audSpec_Rfilt_sma[24]_amean;audSpec_Rfilt_sma[25]_stddev;audSpec_Rfilt_sma[25]_amean;pcm_fftMag_fband250-650_sma_stddev;pcm_fftMag_fband250-650_sma_amean;pcm_fftMag_fband1000-4000_sma_stddev;pcm_fftMag_fband1000-4000_sma_amean;pcm_fftMag_spectralRollOff25.0_sma_stddev;pcm_fftMag_spectralRollOff25.0_sma_amean;pcm_fftMag_spectralRollOff50.0_sma_stddev;pcm_fftMag_spectralRollOff50.0_sma_amean;pcm_fftMag_spectralRollOff75.0_sma_stddev;pcm_fftMag_spectralRollOff75.0_sma_amean;pcm_fftMag_spectralRollOff90.0_sma_stddev;pcm_fftMag_spectralRollOff90.0_sma_amean;pcm_fftMag_spectralFlux_sma_stddev;pcm_fftMag_spectralFlux_sma_amean;pcm_fftMag_spectralCentroid_sma_stddev;pcm_fftMag_spectralCentroid_sma_amean;pcm_fftMag_spectralEntropy_sma_stddev;pcm_fftMag_spectralEntropy_sma_amean;pcm_fftMag_spectralVariance_sma_stddev;pcm_fftMag_spectralVariance_sma_amean;pcm_fftMag_spectralSkewness_sma_stddev;pcm_fftMag_spectralSkewness_sma_amean;pcm_fftMag_spectralKurtosis_sma_stddev;pcm_fftMag_spectralKurtosis_sma_amean;pcm_fftMag_spectralSlope_sma_stddev;pcm_fftMag_spectralSlope_sma_amean;pcm_fftMag_psySharpness_sma_stddev;pcm_fftMag_psySharpness_sma_amean;pcm_fftMag_spectralHarmonicity_sma_stddev;pcm_fftMag_spectralHarmonicity_sma_amean;pcm_fftMag_mfcc_sma[1]_stddev;pcm_fftMag_mfcc_sma[1]_amean;pcm_fftMag_mfcc_sma[2]_stddev;pcm_fftMag_mfcc_sma[2]_amean;pcm_fftMag_mfcc_sma[3]_stddev;pcm_fftMag_mfcc_sma[3]_amean;pcm_fftMag_mfcc_sma[4]_stddev;pcm_fftMag_mfcc_sma[4]_amean;pcm_fftMag_mfcc_sma[5]_stddev;pcm_fftMag_mfcc_sma[5]_amean;pcm_fftMag_mfcc_sma[6]_stddev;pcm_fftMag_mfcc_sma[6]_amean;pcm_fftMag_mfcc_sma[7]_stddev;pcm_fftMag_mfcc_sma[7]_amean;pcm_fftMag_mfcc_sma[8]_stddev;pcm_fftMag_mfcc_sma[8]_amean;pcm_fftMag_mfcc_sma[9]_stddev;pcm_fftMag_mfcc_sma[9]_amean;pcm_fftMag_mfcc_sma[10]_stddev;pcm_fftMag_mfcc_sma[10]_amean;pcm_fftMag_mfcc_sma[11]_stddev;pcm_fftMag_mfcc_sma[11]_amean;pcm_fftMag_mfcc_sma[12]_stddev;pcm_fftMag_mfcc_sma[12]_amean;pcm_fftMag_mfcc_sma[13]_stddev;pcm_fftMag_mfcc_sma[13]_amean;pcm_fftMag_mfcc_sma[14]_stddev;pcm_fftMag_mfcc_sma[14]_amean;F0final_sma_de_stddev;F0final_sma_de_amean;voicingFinalUnclipped_sma_de_stddev;voicingFinalUnclipped_sma_de_amean;jitterLocal_sma_de_stddev;jitterLocal_sma_de_amean;jitterDDP_sma_de_stddev;jitterDDP_sma_de_amean;shimmerLocal_sma_de_stddev;shimmerLocal_sma_de_amean;logHNR_sma_de_stddev;logHNR_sma_de_amean;audspec_lengthL1norm_sma_de_stddev;audspec_lengthL1norm_sma_de_amean;audspecRasta_lengthL1norm_sma_de_stddev;audspecRasta_lengthL1norm_sma_de_amean;pcm_RMSenergy_sma_de_stddev;pcm_RMSenergy_sma_de_amean;pcm_zcr_sma_de_stddev;pcm_zcr_sma_de_amean;audSpec_Rfilt_sma_de[0]_stddev;audSpec_Rfilt_sma_de[0]_amean;audSpec_Rfilt_sma_de[1]_stddev;audSpec_Rfilt_sma_de[1]_amean;audSpec_Rfilt_sma_de[2]_stddev;audSpec_Rfilt_sma_de[2]_amean;audSpec_Rfilt_sma_de[3]_stddev;audSpec_Rfilt_sma_de[3]_amean;audSpec_Rfilt_sma_de[4]_stddev;audSpec_Rfilt_sma_de[4]_amean;audSpec_Rfilt_sma_de[5]_stddev;audSpec_Rfilt_sma_de[5]_amean;audSpec_Rfilt_sma_de[6]_stddev;audSpec_Rfilt_sma_de[6]_amean;audSpec_Rfilt_sma_de[7]_stddev;audSpec_Rfilt_sma_de[7]_amean;audSpec_Rfilt_sma_de[8]_stddev;audSpec_Rfilt_sma_de[8]_amean;audSpec_Rfilt_sma_de[9]_stddev;audSpec_Rfilt_sma_de[9]_amean;audSpec_Rfilt_sma_de[10]_stddev;audSpec_Rfilt_sma_de[10]_amean;audSpec_Rfilt_sma_de[11]_stddev;audSpec_Rfilt_sma_de[11]_amean;audSpec_Rfilt_sma_de[12]_stddev;audSpec_Rfilt_sma_de[12]_amean;audSpec_Rfilt_sma_de[13]_stddev;audSpec_Rfilt_sma_de[13]_amean;audSpec_Rfilt_sma_de[14]_stddev;audSpec_Rfilt_sma_de[14]_amean;audSpec_Rfilt_sma_de[15]_stddev;audSpec_Rfilt_sma_de[15]_amean;audSpec_Rfilt_sma_de[16]_stddev;audSpec_Rfilt_sma_de[16]_amean;audSpec_Rfilt_sma_de[17]_stddev;audSpec_Rfilt_sma_de[17]_amean;audSpec_Rfilt_sma_de[18]_stddev;audSpec_Rfilt_sma_de[18]_amean;audSpec_Rfilt_sma_de[19]_stddev;audSpec_Rfilt_sma_de[19]_amean;audSpec_Rfilt_sma_de[20]_stddev;audSpec_Rfilt_sma_de[20]_amean;audSpec_Rfilt_sma_de[21]_stddev;audSpec_Rfilt_sma_de[21]_amean;audSpec_Rfilt_sma_de[22]_stddev;audSpec_Rfilt_sma_de[22]_amean;audSpec_Rfilt_sma_de[23]_stddev;audSpec_Rfilt_sma_de[23]_amean;audSpec_Rfilt_sma_de[24]_stddev;audSpec_Rfilt_sma_de[24]_amean;audSpec_Rfilt_sma_de[25]_stddev;audSpec_Rfilt_sma_de[25]_amean;pcm_fftMag_fband250-650_sma_de_stddev;pcm_fftMag_fband250-650_sma_de_amean;pcm_fftMag_fband1000-4000_sma_de_stddev;pcm_fftMag_fband1000-4000_sma_de_amean;pcm_fftMag_spectralRollOff25.0_sma_de_stddev;pcm_fftMag_spectralRollOff25.0_sma_de_amean;pcm_fftMag_spectralRollOff50.0_sma_de_stddev;pcm_fftMag_spectralRollOff50.0_sma_de_amean;pcm_fftMag_spectralRollOff75.0_sma_de_stddev;pcm_fftMag_spectralRollOff75.0_sma_de_amean;pcm_fftMag_spectralRollOff90.0_sma_de_stddev;pcm_fftMag_spectralRollOff90.0_sma_de_amean;pcm_fftMag_spectralFlux_sma_de_stddev;pcm_fftMag_spectralFlux_sma_de_amean;pcm_fftMag_spectralCentroid_sma_de_stddev;pcm_fftMag_spectralCentroid_sma_de_amean;pcm_fftMag_spectralEntropy_sma_de_stddev;pcm_fftMag_spectralEntropy_sma_de_amean;pcm_fftMag_spectralVariance_sma_de_stddev;pcm_fftMag_spectralVariance_sma_de_amean;pcm_fftMag_spectralSkewness_sma_de_stddev;pcm_fftMag_spectralSkewness_sma_de_amean;pcm_fftMag_spectralKurtosis_sma_de_stddev;pcm_fftMag_spectralKurtosis_sma_de_amean;pcm_fftMag_spectralSlope_sma_de_stddev;pcm_fftMag_spectralSlope_sma_de_amean;pcm_fftMag_psySharpness_sma_de_stddev;pcm_fftMag_psySharpness_sma_de_amean;pcm_fftMag_spectralHarmonicity_sma_de_stddev;pcm_fftMag_spectralHarmonicity_sma_de_amean;pcm_fftMag_mfcc_sma_de[1]_stddev;pcm_fftMag_mfcc_sma_de[1]_amean;pcm_fftMag_mfcc_sma_de[2]_stddev;pcm_fftMag_mfcc_sma_de[2]_amean;pcm_fftMag_mfcc_sma_de[3]_stddev;pcm_fftMag_mfcc_sma_de[3]_amean;pcm_fftMag_mfcc_sma_de[4]_stddev;pcm_fftMag_mfcc_sma_de[4]_amean;pcm_fftMag_mfcc_sma_de[5]_stddev;pcm_fftMag_mfcc_sma_de[5]_amean;pcm_fftMag_mfcc_sma_de[6]_stddev;pcm_fftMag_mfcc_sma_de[6]_amean;pcm_fftMag_mfcc_sma_de[7]_stddev;pcm_fftMag_mfcc_sma_de[7]_amean;pcm_fftMag_mfcc_sma_de[8]_stddev;pcm_fftMag_mfcc_sma_de[8]_amean;pcm_fftMag_mfcc_sma_de[9]_stddev;pcm_fftMag_mfcc_sma_de[9]_amean;pcm_fftMag_mfcc_sma_de[10]_stddev;pcm_fftMag_mfcc_sma_de[10]_amean;pcm_fftMag_mfcc_sma_de[11]_stddev;pcm_fftMag_mfcc_sma_de[11]_amean;pcm_fftMag_mfcc_sma_de[12]_stddev;pcm_fftMag_mfcc_sma_de[12]_amean;pcm_fftMag_mfcc_sma_de[13]_stddev;pcm_fftMag_mfcc_sma_de[13]_amean;pcm_fftMag_mfcc_sma_de[14]_stddev;pcm_fftMag_mfcc_sma_de[14]_amean
0.000000;4.392889e+01;1.249549e+02;1.819570e-02;8.192162e-01;8.912406e-02;4.676784e-02;1.494435e-01;6.985439e-02;1.161223e-01;1.762187e-01;3.811244e+00;1.178253e+01;3.711555e-01;8.008766e-01;4.927399e-01;1.091600e+00;6.763314e-02;9.372754e-02;2.355614e-03;1.002142e-02;3.247081e-02;1.249334e-01;1.316521e-01;2.852416e-01;4.927384e-01;5.629541e-01;3.525670e-01;6.516540e-01;5.083904e-01;8.309569e-01;4.167944e-01;8.758242e-01;3.327583e-01;8.898802e-01;4.794618e-01;9.857290e-01;6.880953e-01;1.169536e+00;7.930788e-01;1.313160e+00;8.588933e-01;1.346614e+00;6.674669e-01;1.342407e+00;6.234446e-01;1.295038e+00;5.310342e-01;1.294864e+00;7.317817e-01;1.432594e+00;8.688824e-01;1.543995e+00;1.079580e+00;1.672690e+00;6.730057e-01;1.521480e+00;6.699033e-01;1.566917e+00;6.317458e-01;1.489091e+00;5.722734e-01;1.419869e+00;4.790826e-01;1.302119e+00;4.209251e-01;1.145097e+00;3.322041e-01;9.434752e-01;2.463689e-01;7.663630e-01;1.873808e-01;6.091064e-01;2.252962e+00;1.434333e+00;8.226241e-03;5.422535e-03;4.103229e+01;1.434111e+02;5.347407e+01;1.920762e+02;9.468898e+01;2.576807e+02;1.005112e+02;3.479766e+02;2.310043e-01;3.207744e-01;4.768590e+01;2.123705e+02;4.182234e-01;2.402417e+00;1.701362e+04;1.943307e+04;1.743371e+01;2.780710e+01;2.743299e+03;3.481832e+03;9.723412e-01;-6.422278e-01;5.301214e-02;2.293433e-01;2.688186e+00;1.576737e+00;4.923352e+00;4.889720e+01;5.368676e+00;2.250575e+01;6.175001e+00;1.212233e+01;7.455389e+00;7.775705e+00;4.383622e+00;-1.259493e-01;8.280400e+00;-2.751261e+00;1.038663e+01;-5.091992e+00;1.366527e+01;-8.013237e+00;7.728773e+00;-7.253106e-01;9.953767e+00;6.265493e+00;9.752847e+00;5.235432e+00;6.743641e+00;-1.606095e+00;7.125374e+00;-7.112492e+00;4.491955e+00;-5.813130e+00;1.691811e-01;4.156540e-02;2.451867e-04;6.168305e-05;9.699992e-04;7.000829e-05;1.017675e-03;-1.402283e-04;4.540519e-04;1.107154e-05;2.724886e-02;4.895893e-03;6.706443e-02;8.125147e-04;1.056245e-01;3.609151e-03;1.193097e-02;8.644789e-05;3.847334e-04;5.039054e-06;9.358495e-03;9.355316e-04;2.594935e-02;1.260865e-03;1.026800e-01;1.546073e-03;7.257529e-02;-2.450138e-04;9.590567e-02;-3.073005e-03;8.697442e-02;-1.506072e-03;8.380659e-02;-2.599667e-03;1.341001e-01;6.279073e-04;1.731710e-01;4.138802e-03;1.642950e-01;1.860897e-03;1.804918e-01;3.662488e-03;1.420721e-01;9.582059e-03;1.395106e-01;8.015464e-03;1.086253e-01;6.659444e-03;1.452361e-01;6.740550e-03;1.932200e-01;1.299670e-02;2.429969e-01;1.695783e-02;1.341979e-01;1.318052e-02;1.487235e-01;4.635666e-03;1.420125e-01;1.514060e-03;1.249593e-01;1.766455e-03;1.103748e-01;1.467482e-03;9.057935e-02;1.979588e-03;7.506117e-02;6.938536e-04;5.375301e-02;3.497624e-04;3.879293e-02;6.897046e-04;4.787089e-01;6.965775e-04;1.730111e-03;2.343798e-05;1.234846e+01;1.866211e-01;1.739563e+01;2.009766e-01;1.670940e+01;-8.326172e-01;1.766945e+01;-1.406836e+00;7.546561e-02;1.918482e-03;1.118729e+01;-2.101114e-01;7.803985e-02;-1.161458e-03;5.784269e+03;-1.035719e+02;3.648171e+00;1.429576e-01;5.781156e+02;1.812521e+01;1.985363e-01;-7.780144e-04;1.241186e-02;-2.297708e-04;6.431453e-01;1.529564e-03;1.160141e+00;-2.402642e-02;1.082076e+00;-1.574934e-01;1.183524e+00;5.184161e-02;1.603785e+00;1.744278e-01;1.440553e+00;2.166141e-01;1.542547e+00;2.270556e-01;1.907492e+00;-4.158613e-02;2.386613e+00;-3.759872e-01;1.627439e+00;-7.568105e-02;2.228191e+00;-1.095210e-01;2.049973e+00;-2.253765e-01;1.456553e+00;-2.692510e-02;1.224901e+00;-6.733491e-02;8.010687e-01;-6.920528e-02
0.500000;2.157473e+01;1.090435e+02;2.667625e-02;8.070803e-01;4.455937e-02;2.546857e-02;6.354455e-02;2.644246e-02;1.242458e-01;1.759380e-01;4.416656e+00;1.147370e+01;2.587078e-01;7.256401e-01;5.200903e-01;1.141895e+00;1.634430e-02;5.692432e-02;4.222896e-03;1.119048e-02;3.712554e-02;1.316797e-01;6.849519e-02;2.528230e-01;1.163937e-01;3.886777e-01;1.680173e-01;5.549882e-01;2.139132e-01;5.961602e-01;3.968853e-01;7.973362e-01;6.406165e-01;9.727122e-01;4.289222e-01;1.056474e+00;2.709078e-01;1.071906e+00;1.988313e-01;1.052233e+00;3.718235e-01;1.144920e+00;5.434239e-01;1.311191e+00;8.923044e-01;1.508743e+00;6.689286e-01;1.450135e+00;8.775077e-01;1.551901e+00;1.170376e+00;1.758153e+00;1.154187e+00;1.832043e+00;1.095835e+00;1.923191e+00;1.406316e+00;1.973087e+00;1.410212e+00;1.858600e+00;8.604992e-01;1.593793e+00;8.247423e-01;1.488879e+00;3.736976e-01;1.135632e+00;2.981044e-01;9.295230e-01;2.002393e-01;7.516799e-01;1.531396e-01;6.027991e-01;2.395931e-01;3.437663e-01;9.403285e-03;6.220472e-03;3.478025e+01;1.293428e+02;5.983734e+01;1.843242e+02;1.035721e+02;2.716055e+02;1.244654e+02;3.751084e+02;1.536627e-01;2.996673e-01;6.288799e+01;2.196757e+02;4.040881e-01;2.632110e+00;4.128576e+04;3.977608e+04;1.323400e+01;2.059268e+01;1.880927e+03;2.011082e+03;8.911932e-02;-1.661559e-01;6.462318e-02;2.331472e-01;2.023026e-01;3.684994e-01;6.853891e+00;4.570882e+01;1.066214e+01;1.600041e+01;8.443297e+00;1.406685e+01;1.141308e+01;4.755428e+00;7.556260e+00;4.714628e+00;1.099107e+01;4.953515e+00;7.049620e+00;-3.063030e+00;1.021811e+01;-6.283563e+00;4.894831e+00;6.381888e-01;1.048129e+01;2.154890e+00;1.190146e+01;4.560055e-01;6.032714e+00;1.030016e+00;4.690765e+00;-4.173559e+00;3.717766e+00;-3.270570e+00;1.009623e-02;-9.840260e-04;1.606767e-05;-1.401733e-06;3.157742e-05;2.672112e-06;5.581914e-05;2.905710e-06;1.471120e-04;3.845607e-06;3.645180e-03;-1.143416e-04;4.619128e-02;-1.034398e-03;1.144995e-01;1.100226e-03;4.254853e-03;-4.831148e-04;8.407522e-04;-9.574202e-06;1.196916e-02;-2.653216e-05;1.733823e-02;5.893446e-04;2.453440e-02;-7.867929e-04;3.534516e-02;-2.180141e-06;4.110051e-02;-1.532529e-03;8.475569e-02;-1.546665e-03;1.257636e-01;-4.643184e-04;8.692589e-02;-1.289779e-03;5.705877e-02;1.299178e-03;4.060262e-02;-7.555790e-04;8.883993e-02;1.085378e-03;1.157281e-01;-2.346528e-03;1.927046e-01;8.539585e-04;1.315590e-01;1.237288e-03;1.714131e-01;-1.699710e-03;2.661893e-01;4.117952e-04;2.705993e-01;4.519311e-03;2.495740e-01;8.210502e-03;3.334289e-01;7.574182e-03;3.481037e-01;5.875478e-03;2.028430e-01;2.418285e-03;2.017983e-01;2.522435e-03;1.037379e-01;1.907164e-03;8.510005e-02;2.333902e-04;5.745598e-02;2.125069e-04;4.672277e-02;1.062861e-04;5.474240e-02;-9.079229e-03;1.770337e-03;1.629364e-05;1.401755e+01;-3.588867e-01;2.076438e+01;-8.613281e-01;2.389472e+01;-1.047949e+00;2.897222e+01;-1.550391e+00;4.008886e-02;1.341312e-03;1.822535e+01;-5.639737e-01;1.036925e-01;-4.134323e-03;1.186124e+04;2.284874e+02;2.623428e+00;3.923967e-02;4.220778e+02;-6.611450e+00;2.428192e-02;2.818509e-03;1.844890e-02;-6.750384e-04;5.779916e-02;-9.991607e-03;1.347904e+00;-1.480841e-01;1.460615e+00;-1.548801e-01;1.299563e+00;1.831152e-01;2.012670e+00;-2.126499e-01;1.609405e+00;1.459702e-01;1.915267e+00;3.174816e-01;2.014926e+00;1.851476e-02;2.240223e+00;1.527465e-01;1.565244e+00;1.414719e-01;1.871565e+00;-1.973013e-01;1.774899e+00;-1.390932e-01;1.589643e+00;1.445369e-01;1.108417e+00;3.587683e-02;7.359431e-01;3.112254e-02
1.000000;4.999644e+01;1.101506e+02;2.846548e-02;7.996116e-01;1.107918e-01;5.188786e-02;7.792154e-02;4.214727e-02;9.765504e-02;1.557575e-01;4.511066e+00;1.112950e+01;2.334779e-01;7.760445e-01;4.719035e-01;1.158649e+00;9.059090e-03;5.680988e-02;4.158143e-03;1.100277e-02;2.601991e-02;1.312886e-01;3.180818e-02;2.908088e-01;8.502075e-02;4.415335e-01;1.617496e-01;5.822490e-01;2.329547e-01;6.831970e-01;5.399416e-01;9.528252e-01;6.899920e-01;1.063639e+00;4.601644e-01;9.827423e-01;1.935961e-01;1.041481e+00;2.712162e-01;1.057895e+00;3.794887e-01;1.147063e+00;5.287107e-01;1.308025e+00;8.653350e-01;1.420026e+00;5.941956e-01;1.438879e+00;8.088770e-01;1.605237e+00;1.008768e+00;1.702383e+00;8.503696e-01;1.722961e+00;1.027586e+00;1.878501e+00;1.379376e+00;1.943485e+00;1.389604e+00;1.908637e+00;8.381695e-01;1.650703e+00;8.326048e-01;1.502963e+00;3.861180e-01;1.194138e+00;2.944801e-01;9.903435e-01;2.237624e-01;8.193938e-01;1.795516e-01;6.644832e-01;2.033891e-01;2.431661e-01;9.635542e-03;7.732437e-03;3.542748e+01;1.240312e+02;4.335637e+01;1.619297e+02;7.338594e+01;2.100205e+02;1.395056e+02;3.451055e+02;1.469792e-01;3.551076e-01;5.906207e+01;2.009408e+02;3.849098e-01;2.489152e+00;4.528102e+04;5.892312e+04;1.171274e+01;2.500633e+01;1.737461e+03;1.873316e+03;5.241869e-02;-1.582225e-01;5.918824e-02;2.104145e-01;1.655977e-01;3.193482e-01;5.423460e+00;3.927290e+01;7.843768e+00;1.297495e+01;5.957621e+00;2.049445e+01;1.206959e+01;2.913450e+00;1.327418e+01;6.353137e+00;9.064936e+00;1.189211e+01;8.529857e+00;-1.299249e+00;1.024442e+01;-3.599941e+00;6.491493e+00;1.309679e+00;9.376741e+00;-1.845700e+00;7.602073e+00;-5.347110e+00;9.685511e+00;-9.336466e-01;9.145532e+00;-5.203434e+00;9.238934e+00;-4.717615e+00;1.432080e-02;1.103213e-03;1.266403e-05;-6.709000e-07;6.486738e-05;-3.121008e-06;6.337235e-05;1.789655e-06;8.301044e-05;4.229420e-06;2.383208e-03;-2.137916e-04;4.403120e-02;1.102152e-03;1.064452e-01;-5.189782e-03;3.105807e-03;4.025303e-05;8.940268e-04;1.738473e-05;8.541734e-03;-9.484661e-04;1.218555e-02;-9.523093e-04;1.916165e-02;-7.161907e-04;3.512702e-02;-7.216147e-05;4.342375e-02;3.946106e-03;1.217116e-01;6.527489e-03;1.436053e-01;6.509689e-03;8.681520e-02;-2.287061e-03;4.472008e-02;-4.897501e-03;7.279202e-02;-3.800261e-03;8.118346e-02;-6.429892e-03;1.053045e-01;-1.182442e-02;1.836973e-01;-1.123659e-02;1.159004e-01;-7.793644e-03;1.671318e-01;-5.997857e-03;2.322440e-01;-1.575099e-02;2.020866e-01;-2.027208e-02;2.386741e-01;-1.720205e-02;3.236653e-01;-9.669479e-03;3.496737e-01;-5.748051e-03;2.039075e-01;-6.434840e-03;2.063525e-01;-5.805712e-03;1.106047e-01;-5.144401e-03;8.282917e-02;-3.314358e-03;6.694815e-02;-3.043670e-03;5.370289e-02;-2.575674e-03;4.806688e-02;8.156187e-04;2.074565e-03;-1.753987e-05;9.624922e+00;5.311524e-01;1.261057e+01;3.588867e-01;2.069828e+01;1.435547e-01;3.094707e+01;1.880566e+00;4.045960e-02;-4.581707e-04;1.577285e+01;5.306360e-01;1.020663e-01;1.237588e-03;1.220822e+04;6.066621e+01;2.499650e+00;-2.099258e-01;3.724842e+02;-2.737577e+01;1.856888e-02;-2.284132e-04;1.543016e-02;5.752436e-04;4.320844e-02;1.033145e-03;1.163457e+00;2.651452e-02;1.354983e+00;9.682091e-02;1.375649e+00;3.465916e-02;2.042847e+00;-2.371748e-01;2.461666e+00;-2.452489e-01;2.140325e+00;-1.358207e-01;2.629707e+00;3.775848e-02;2.113767e+00;2.336482e-01;2.082275e+00;2.019769e-02;2.373053e+00;8.608828e-02;2.130825e+00;1.580994e-01;2.555454e+00;-1.677026e-01;1.872720e+00;-2.243932e-01;2.022285e+00;-1.042091e-01
1.500000;5.600362e+01;1.028841e+02;2.428873e-02;7.886712e-01;1.616604e-01;8.110655e-02;1.859521e-01;1.094313e-01;1.075773e-01;1.812821e-01;2.626495e+00;9.171319e+00;1.396198e-01;7.495531e-01;1.785116e-01;9.385051e-01;1.718624e-02;6.660724e-02;1.614375e-03;1.122323e-02;1.802355e-02;1.195595e-01;3.135237e-02;2.823706e-01;1.043377e-01;4.684915e-01;1.064934e-01;5.672945e-01;1.644003e-01;7.115669e-01;4.311919e-01;8.738630e-01;3.580486e-01;8.617116e-01;2.405328e-01;8.286098e-01;2.762529e-01;9.354395e-01;3.146090e-01;9.837275e-01;3.475297e-01;1.015192e+00;4.880676e-01;1.127782e+00;8.649253e-01;1.224884e+00;3.934431e-01;1.160228e+00;7.911838e-01;1.326807e+00;3.777041e-01;1.231048e+00;2.629653e-01;1.225565e+00;3.050391e-01;1.242615e+00;2.323464e-01;1.243520e+00;2.913578e-01;1.270858e+00;3.164716e-01;1.279625e+00;3.193799e-01;1.135809e+00;2.738646e-01;1.046281e+00;2.163416e-01;8.941320e-01;1.930277e-01;7.406115e-01;1.544255e-01;6.035376e-01;6.221601e-01;5.627365e-01;5.987125e-03;4.437896e-03;4.587555e+01;1.616426e+02;3.954899e+01;1.867646e+02;4.041288e+01;2.215049e+02;9.857629e+01;3.320420e+02;2.707178e-01;4.861132e-01;3.245922e+01;2.147354e+02;1.984396e-01;2.360274e+00;3.558000e+04;4.187669e+04;1.488906e+01;2.971291e+01;2.343050e+03;2.599970e+03;1.628714e-01;-2.278870e-01;3.801503e-02;2.297292e-01;3.378663e-01;4.521581e-01;6.825346e+00;4.241934e+01;7.159252e+00;2.007111e+01;6.256916e+00;1.759744e+01;8.483016e+00;2.175238e+00;1.392837e+01;-1.996966e+00;1.375361e+01;1.723608e+00;9.357526e+00;-4.331697e+00;8.717064e+00;-4.612599e+00;8.494895e+00;-2.653745e+00;1.060060e+01;-2.576813e+00;6.678999e+00;-4.023573e+00;8.943979e+00;-6.411624e+00;1.006052e+01;-1.134038e+01;9.557269e+00;-1.037109e+01;1.401891e-02;2.059774e-03;1.004307e-05;1.531389e-07;7.785379e-05;-4.773701e-06;6.665176e-05;3.985414e-06;6.364642e-05;-1.157472e-06;1.479876e-03;7.847908e-05;3.683670e-02;-1.033287e-03;4.889546e-02;4.554481e-04;4.979425e-03;1.040847e-04;5.143601e-04;2.872260e-05;4.326339e-03;-1.408567e-04;7.402034e-03;-5.534557e-04;2.592940e-02;1.002327e-03;2.866909e-02;-2.528420e-04;2.784218e-02;-1.718397e-03;9.210302e-02;-2.431033e-03;7.382265e-02;-3.932343e-03;5.305389e-02;-4.216837e-04;7.251561e-02;-4.345855e-03;8.689070e-02;-2.125262e-04;9.223392e-02;6.714844e-05;1.045074e-01;4.890437e-03;1.831270e-01;7.295773e-04;1.004904e-01;1.645486e-03;1.997169e-01;1.626160e-03;1.024899e-01;3.117838e-03;7.406756e-02;1.636617e-03;8.327593e-02;-1.367941e-03;6.606495e-02;-1.278811e-03;8.292364e-02;-1.162097e-04;8.846649e-02;3.681313e-03;9.058734e-02;2.378037e-03;6.576862e-02;1.519940e-03;4.737739e-02;2.619924e-03;4.913837e-02;1.945683e-03;3.478421e-02;1.753097e-03;1.880621e-01;3.646776e-03;1.644029e-03;-7.963816e-06;3.901810e+00;9.331055e-01;4.572256e+00;9.474609e-01;7.002997e+00;9.761719e-01;2.011817e+01;-2.009766e-01;8.111516e-02;7.384928e-04;3.727179e+00;6.038772e-01;6.079937e-02;-2.446564e-03;6.585500e+03;-1.067566e+02;3.277339e+00;3.867860e-01;5.442884e+02;4.930352e+01;5.576598e-02;-5.194378e-04;4.080964e-03;7.111402e-04;1.083797e-01;1.653158e-03;8.541978e-01;-1.982976e-02;1.507037e+00;1.382935e-01;1.346667e+00;-4.503782e-02;1.802365e+00;1.973414e-01;2.305886e+00;-6.081245e-02;1.835064e+00;-2.529446e-01;2.470382e+00;-1.336085e-01;1.819700e+00;-1.925188e-01;2.187313e+00;-1.479213e-01;2.379437e+00;3.516857e-02;2.008151e+00;-9.470001e-02;2.441980e+00;-1.692584e-01;1.972638e+00;-3.140962e-02;2.129985e+00;-7.501858e-02
2.000000;6.460882e+01;1.206910e+02;3.018539e-02;7.761524e-01;1.476256e-01;1.084912e-01;2.058611e-01;1.530944e-01;1.417997e-01;2.368285e-01;1.176807e+01;5.890130e+00;2.851259e-01;8.118087e-01;4.390209e-01;1.094700e+00;2.800644e-02;6.999830e-02;9.266938e-03;1.572688e-02;1.978429e-02;1.190327e-01;7.535484e-02;2.574724e-01;1.219543e-01;4.314704e-01;1.381654e-01;5.487791e-01;2.143669e-01;6.345003e-01;3.708129e-01;7.560657e-01;3.574432e-01;8.309418e-01;3.181211e-01;9.514683e-01;3.716265e-01;9.887107e-01;4.246916e-01;1.157017e+00;5.200220e-01;1.200940e+00;5.141783e-01;1.269416e+00;9.101761e-01;1.489620e+00;1.161096e+00;1.636017e+00;1.593735e+00;1.937572e+00;1.157693e+00;1.654336e+00;1.034272e+00;1.640393e+00;8.556032e-01;1.587902e+00;7.829179e-01;1.546268e+00;6.125692e-01;1.458838e+00;7.820472e-01;1.508720e+00;5.910613e-01;1.338466e+00;4.018851e-01;1.131462e+00;3.752930e-01;9.361392e-01;4.533352e-01;8.064586e-01;3.061410e-01;6.441848e-01;6.863105e-01;7.413425e-01;3.677817e-02;1.905071e-02;3.125769e+01;1.841807e+02;1.067487e+02;2.351426e+02;2.253614e+02;3.079248e+02;4.147208e+02;4.554990e+02;3.248944e-01;5.584028e-01;1.494639e+02;2.898837e+02;4.068109e-01;2.397125e+00;6.131713e+05;2.209738e+05;1.742227e+01;2.845926e+01;2.489164e+03;2.967665e+03;2.108112e-01;-2.750870e-01;9.932344e-02;2.870011e-01;4.192063e-01;5.596407e-01;9.224658e+00;4.152883e+01;1.104728e+01;1.544314e+01;7.103842e+00;1.811068e+01;9.316794e+00;7.891442e+00;8.599804e+00;-5.697995e+00;7.678465e+00;-4.975766e+00;1.114507e+01;-3.307592e+00;8.413310e+00;-7.651310e+00;1.381970e+01;-9.904294e+00;1.114387e+01;-3.081150e+00;7.695545e+00;-6.712047e+00;9.292062e+00;-1.096554e+01;6.152511e+00;-1.832068e+01;6.440860e+00;-1.203654e+01;1.686733e-02;3.428356e-04;1.162577e-05;2.913457e-07;6.260178e-05;-1.645768e-06;7.351702e-05;4.935760e-06;6.290436e-05;-7.280199e-06;5.854548e-03;-3.052465e-05;9.170776e-02;1.128888e-02;1.576303e-01;2.145613e-02;7.167903e-03;2.945231e-04;1.824232e-03;2.321743e-04;5.142115e-03;-1.191939e-04;1.736519e-02;3.994254e-04;3.382460e-02;2.493597e-03;4.783069e-02;7.353161e-03;7.214116e-02;1.051651e-02;1.319083e-01;1.666983e-02;1.108958e-01;1.037121e-02;9.995869e-02;1.147941e-02;1.394292e-01;1.703959e-02;1.536900e-01;1.866600e-02;1.598515e-01;2.114491e-02;1.802911e-01;2.687003e-02;2.651806e-01;2.944363e-02;2.874446e-01;1.206866e-02;3.979354e-01;1.343521e-02;3.587852e-01;2.658816e-02;3.435007e-01;4.307421e-02;2.814328e-01;3.495271e-02;2.994260e-01;4.906643e-02;2.156116e-01;3.305812e-02;2.736891e-01;3.370598e-02;2.183712e-01;3.427616e-02;1.514401e-01;2.671823e-02;1.494415e-01;2.886136e-02;1.667274e-01;2.837574e-02;1.154231e-01;2.135027e-02;2.309086e-01;2.204178e-02;1.029252e-02;1.378177e-03;6.771400e+00;7.464844e-01;4.106878e+01;8.326172e-01;6.578297e+01;1.392480e+00;1.101144e+02;3.000293e+00;9.660120e-02;4.230412e-03;3.954236e+01;3.286635e+00;9.997164e-02;3.365821e-03;1.902392e+05;1.821972e+04;4.193047e+00;-5.227249e-02;6.386888e+02;-9.590388e+00;6.915523e-02;-2.244829e-03;2.715183e-02;2.582903e-03;1.389912e-01;8.400615e-03;1.367664e+00;-2.569572e-01;2.073835e+00;-1.863122e-01;1.827908e+00;-1.058597e-01;1.933331e+00;8.324195e-02;2.232059e+00;1.654845e-02;1.900869e+00;-1.001660e-01;2.306313e+00;-2.303827e-01;1.839848e+00;-2.471396e-01;2.776555e+00;-1.508970e-01;1.955678e+00;-1.055493e-01;1.519206e+00;-1.431223e-01;2.064126e+00;6.384227e-02;1.628144e+00;9.224171e-02;1.705967e+00;3.559982e-02
2.500000;7.786250e+01;2.074110e+02;4.723878e-02;8.138688e-01;9.602848e-02;6.425402e-02;1.339093e-01;6.744350e-02;1.364923e-01;1.892909e-01;1.202117e+01;7.099047e+00;3.416808e-01;8.951236e-01;6.233726e-01;1.205032e+00;2.805945e-02;5.299171e-02;8.908104e-03;1.920005e-02;1.929452e-02;1.189333e-01;7.595734e-02;2.432584e-01;1.178775e-01;4.067855e-01;2.061929e-01;5.721540e-01;3.268241e-01;7.019439e-01;5.903178e-01;9.313740e-01;4.317315e-01;9.181358e-01;3.727891e-01;9.311409e-01;4.529859e-01;1.082346e+00;5.303301e-01;1.295356e+00;6.865557e-01;1.366765e+00;8.441688e-01;1.554079e+00;9.640759e-01;1.694096e+00;1.155304e+00;1.680009e+00;1.519348e+00;1.835949e+00;1.283767e+00;1.920098e+00;1.401520e+00;2.055591e+00;1.143709e+00;1.833606e+00;1.304956e+00;1.900506e+00;9.443946e-01;1.660068e+00;1.046827e+00;1.576709e+00;8.796164e-01;1.395376e+00;6.507515e-01;1.166603e+00;6.487233e-01;9.853083e-01;6.391426e-01;8.404171e-01;4.643855e-01;6.642276e-01;5.138969e-01;5.418079e-01;4.092946e-02;3.358183e-02;4.910557e+01;2.105947e+02;1.049604e+02;2.578242e+02;2.199029e+02;3.433828e+02;3.975780e+02;5.712041e+02;2.739687e-01;3.937944e-01;1.432922e+02;3.497745e+02;3.874485e-01;2.525863e+00;606963;2.853642e+05;1.210914e+01;1.563127e+01;1.549678e+03;1.147925e+03;1.787985e-01;-1.724712e-01;9.893257e-02;3.403055e-01;3.622179e-01;4.171388e-01;8.145938e+00;3.683131e+01;1.122013e+01;3.034103e-01;7.197646e+00;2.014719e+01;7.676136e+00;1.006056e+01;7.967239e+00;-5.852498e+00;7.139975e+00;-6.329755e+00;1.736231e+01;-1.522902e+01;6.756347e+00;-1.621784e+01;1.506658e+01;-5.011990e+00;9.294914e+00;5.280421e-01;6.826252e+00;-7.617651e+00;1.014239e+01;-7.800321e+00;8.513855e+00;-1.409083e+01;6.684285e+00;-1.345903e+01;1.382682e-02;8.369586e-04;8.779961e-06;9.369410e-07;3.334447e-05;-1.977757e-06;4.388696e-05;2.864158e-07;4.141703e-05;-6.298841e-06;5.784121e-03;-1.878588e-05;8.961935e-02;-1.121251e-03;1.696557e-01;-2.151037e-03;5.637418e-03;-3.741481e-04;1.911139e-03;2.960443e-05;4.766929e-03;-7.737256e-05;1.752206e-02;1.135179e-04;2.979531e-02;-4.742184e-04;5.053489e-02;-2.520415e-04;8.148861e-02;2.150934e-03;1.497249e-01;3.456383e-03;1.214535e-01;4.240606e-03;1.077946e-01;5.042304e-04;1.379777e-01;2.448182e-03;1.582581e-01;-1.178529e-03;1.599622e-01;-3.184245e-03;1.911768e-01;-3.613694e-03;2.307865e-01;-1.067435e-03;2.777693e-01;-3.229214e-03;3.566291e-01;-2.359173e-03;3.684168e-01;-4.567529e-03;3.786242e-01;-7.647613e-03;3.033719e-01;-8.772014e-03;3.382386e-01;-8.290591e-03;2.320311e-01;-6.765998e-03;2.946541e-01;-6.121663e-03;2.465546e-01;-4.331443e-03;1.757490e-01;-2.437250e-03;1.807402e-01;-1.731858e-03;2.004904e-01;-1.396054e-03;1.433477e-01;-1.342897e-03;1.608936e-01;-2.999427e-03;1.072471e-02;-1.094203e-05;7.133094e+00;4.306641e-01;4.105307e+01;4.593750e-01;6.648500e+01;6.459961e-01;1.101451e+02;2.540918e+00;6.361174e-02;-2.655853e-03;4.039484e+01;8.006242e-01;9.363582e-02;4.543744e-03;2.127583e+05;1.753118e+02;2.882179e+00;-3.899452e-01;3.445060e+02;-4.664389e+01;4.391632e-02;1.588771e-03;2.786455e-02;8.357377e-04;9.702271e-02;-3.318470e-03;1.356621e+00;6.342186e-02;1.711027e+00;-1.903769e-01;1.741428e+00;-1.868394e-01;1.486814e+00;3.596563e-02;2.136473e+00;-1.505098e-01;1.630239e+00;-1.547249e-01;2.193944e+00;-4.178751e-02;1.664152e+00;-1.331553e-02;2.498864e+00;1.006907e-01;1.734842e+00;7.745787e-02;1.362296e+00;5.062857e-02;1.917307e+00;5.006013e-02;1.528814e+00;8.747361e-02;1.542369e+00;-9.172001e-02
3.000000;3.303912e+01;2.579503e+02;2.702215e-02;8.316314e-01;3.322719e-02;2.502890e-02;6.551724e-02;2.813734e-02;6.436038e-02;1.492442e-01;1.822533e+00;9.534428e+00;3.637236e-01;6.553234e-01;5.318805e-01;9.555014e-01;1.529938e-02;3.049359e-02;4.216783e-03;1.612371e-02;1.466181e-02;1.210565e-01;2.711710e-02;2.400649e-01;9.648319e-02;3.971959e-01;1.871950e-01;5.570897e-01;2.658218e-01;7.101236e-01;4.953556e-01;8.998243e-01;3.058223e-01;8.590214e-01;2.880441e-01;8.083875e-01;4.013340e-01;9.423526e-01;4.783179e-01;1.032799e+00;6.033130e-01;1.098275e+00;8.627477e-01;1.262599e+00;9.976125e-01;1.368540e+00;4.462905e-01;1.085922e+00;5.256751e-01;1.041360e+00;8.601373e-01;1.275132e+00;1.212796e+00;1.418753e+00;9.375556e-01;1.332456e+00;1.208135e+00;1.440310e+00;8.151194e-01;1.366058e+00;7.544658e-01;1.256161e+00;6.882913e-01;1.157085e+00;5.320460e-01;1.011670e+00;5.456436e-01;8.750589e-01;4.652850e-01;7.087865e-01;3.579943e-01;5.769542e-01;3.505719e-01;3.133067e-01;2.875726e-02;1.699002e-02;4.160883e+01;2.272471e+02;1.125234e+01;2.606953e+02;3.167163e+01;3.151025e+02;8.662618e+01;5.179453e+02;1.264631e-01;2.186388e-01;5.269370e+01;3.172106e+02;1.419925e-01;2.593139e+00;1.310402e+05;9.454251e+04;8.304870e+00;1.554069e+01;6.754511e+02;8.679421e+02;6.064913e-02;-5.393653e-02;4.082037e-02;3.311759e-01;2.126542e-01;1.908063e-01;5.779769e+00;4.106964e+01;1.333856e+01;3.755504e+00;9.512839e+00;1.037196e+01;4.758817e+00;9.506673e+00;4.420528e+00;-5.215870e+00;4.289525e+00;-1.501359e+01;3.990365e+00;-2.711037e+01;5.548027e+00;-1.623106e+01;4.183437e+00;4.929110e+00;4.629126e+00;4.308197e+00;2.940817e+00;-6.041403e+00;2.873502e+00;-1.833853e+00;3.402105e+00;-5.825340e+00;2.885049e+00;-1.819192e+01;5.364436e-03;-1.216913e-03;2.948149e-06;-7.393697e-07;1.090881e-05;-5.573789e-08;2.172718e-05;2.973756e-08;2.067522e-05;2.324256e-07;5.081380e-04;4.531009e-06;1.991590e-02;-1.581643e-02;7.045388e-02;-2.142538e-02;1.605465e-03;-8.045988e-04;5.929359e-04;-2.052154e-04;5.144485e-03;2.943917e-04;6.934620e-03;-6.927274e-04;1.443063e-02;-4.019669e-03;2.511012e-02;-7.929385e-03;3.798712e-02;-1.256876e-02;6.871974e-02;-2.302746e-02;5.135089e-02;-1.567928e-02;5.933538e-02;-1.172682e-02;5.379193e-02;-1.834441e-02;6.044712e-02;-1.897921e-02;6.470820e-02;-2.109738e-02;9.086306e-02;-2.802102e-02;1.116865e-01;-2.995500e-02;5.757568e-02;-1.489554e-02;7.528624e-02;-1.734134e-02;1.052600e-01;-2.759862e-02;1.567137e-01;-4.339573e-02;1.210973e-01;-3.120089e-02;1.539154e-01;-4.441886e-02;8.880641e-02;-2.972657e-02;1.174654e-01;-3.015941e-02;1.149228e-01;-3.098757e-02;8.775446e-02;-2.416380e-02;9.727950e-02;-2.580677e-02;1.063105e-01;-2.598776e-02;8.138729e-02;-1.963031e-02;8.125132e-02;-2.477297e-02;2.598557e-03;-1.385514e-03;1.135604e+01;-9.761719e-01;3.556305e+00;-3.301758e-01;1.316092e+01;-7.177734e-01;1.727613e+01;-2.885449e+00;2.440914e-02;-6.272580e-03;8.651600e+00;-3.093642e+00;3.902369e-02;-1.714041e-04;9.177926e+04;-1.798385e+04;8.692407e-01;2.176394e-01;7.149264e+01;1.749562e+01;1.317674e-02;4.221746e-03;7.686984e-03;-2.365724e-03;3.307819e-02;-1.245744e-02;5.166872e-01;1.955852e-01;7.661549e-01;2.346089e-01;8.223414e-01;-5.841682e-02;8.082185e-01;2.649112e-02;8.484758e-01;1.617560e-01;8.854375e-01;-4.999195e-02;1.010789e+00;-1.824441e-02;8.690280e-01;1.289391e-01;1.072363e+00;2.224165e-01;1.009317e+00;1.119064e-01;8.912305e-01;1.031973e-01;7.162850e-01;6.862519e-02;9.242710e-01;7.436125e-02;7.377472e-01;-3.955096e-02
3.500000;1.012538e+02;1.533601e+02;3.874874e-02;7.795557e-01;9.303985e-02;6.557706e-02;1.557039e-01;1.087509e-01;1.176855e-01;1.909925e-01;1.058038e+01;2.743468e+00;9.609872e-02;3.024809e-01;6.759008e-02;8.242574e-01;4.859116e-03;1.580549e-02;2.615238e-03;1.222600e-02;1.659015e-02;1.302321e-01;1.631133e-02;2.450258e-01;8.342985e-03;3.515554e-01;1.164192e-02;4.650076e-01;1.571985e-02;5.856698e-01;1.733075e-02;6.699344e-01;1.598107e-02;7.403134e-01;7.331420e-02;7.714626e-01;3.820749e-02;7.594182e-01;3.133440e-02;7.853478e-01;6.918984e-02;8.361723e-01;6.000779e-02;8.319886e-01;5.984465e-02;8.523029e-01;1.407739e-01;9.826535e-01;2.429178e-01;1.048715e+00;2.140707e-01;1.053339e+00;2.035727e-01;1.063110e+00;2.535013e-01;1.204752e+00;2.580957e-01;1.221520e+00;1.637405e-01;1.288864e+00;1.213910e-01;1.250530e+00;8.520685e-02;1.150916e+00;6.767467e-02;1.009910e+00;5.605219e-02;8.571082e-01;4.702498e-02;7.038113e-01;2.802090e-02;5.710303e-01;5.055398e-02;5.569370e-02;7.500113e-04;5.128549e-04;7.399683e+01;1.421191e+02;6.673363e+01;2.081543e+02;5.290355e+01;2.751943e+02;7.832076e+01;4.336787e+02;3.478547e-02;1.263964e-01;5.299508e+01;2.360590e+02;2.833011e-01;2.593081e+00;1.072804e+04;4.892051e+04;5.737329e+00;2.596949e+01;4.587428e+02;1.563190e+03;8.032439e-03;-1.167190e-02;5.915783e-02;2.528383e-01;3.230525e-02;3.326439e-02;3.500803e+00;4.089931e+01;8.941023e+00;2.334405e+01;5.260231e+00;6.882354e+00;4.898074e+00;7.043668e+00;3.201518e+00;-2.944854e+00;4.627636e+00;-1.443258e+01;6.979532e+00;-1.900080e+01;6.257975e+00;-6.478960e+00;3.258024e+00;8.177501e+00;4.026751e+00;1.063891e+01;6.989086e+00;7.481464e-01;2.918099e+00;-1.187747e+00;3.906129e+00;-7.113895e+00;4.416658e+00;-1.675173e+01;6.131338e-03;-1.762376e-03;4.298337e-06;-8.244767e-07;2.254060e-05;1.624458e-07;3.612899e-05;3.061381e-06;3.270445e-05;1.025198e-06;2.060929e-03;-8.583530e-05;2.597399e-03;-3.411807e-03;6.772257e-03;2.389904e-03;6.175408e-04;-1.105606e-04;5.711035e-04;-2.557319e-05;5.613497e-03;3.803017e-04;5.039634e-03;1.683859e-04;2.723699e-03;9.049308e-05;3.270541e-03;-1.622588e-04;5.067456e-03;-1.763258e-04;5.214320e-03;-3.726342e-04;5.051384e-03;-1.406120e-04;2.045093e-02;3.323347e-03;1.499644e-02;6.861488e-04;1.119390e-02;-1.220715e-05;1.963908e-02;1.931611e-03;1.706268e-02;1.518286e-03;1.597914e-02;1.057983e-03;2.024580e-02;3.426556e-03;3.039591e-02;6.446353e-03;3.437052e-02;5.398246e-03;2.224235e-02;6.652842e-03;3.183004e-02;8.173665e-03;3.357386e-02;5.922452e-03;2.798656e-02;4.735655e-03;2.300199e-02;4.101493e-03;2.192554e-02;3.449212e-03;2.119325e-02;1.888121e-03;1.803539e-02;1.165214e-03;1.399895e-02;1.244552e-03;9.746756e-03;1.240613e-03;1.863634e-03;-1.785500e-03;6.344356e-05;-3.485853e-05;1.248786e+01;-1.966699e+00;1.153898e+01;-1.866211e+00;1.292352e+01;-1.335059e+00;1.842524e+01;-2.483496e+00;7.250411e-03;-6.428995e-04;8.807480e+00;-1.707251e+00;6.827685e-02;-4.880863e-03;3.168794e+03;1.250907e+02;1.256112e+00;2.194047e-01;1.464781e+02;1.631854e+01;6.245797e-04;2.417856e-04;9.749707e-03;-1.883818e-03;2.280595e-03;-1.181778e-03;3.399670e-01;-9.734049e-02;4.995795e-01;3.140164e-01;4.921484e-01;1.022258e-01;8.131830e-01;-9.089492e-02;7.781498e-01;1.092397e-02;9.818242e-01;1.034662e-01;8.895957e-01;1.997638e-01;9.583793e-01;2.147495e-01;1.167039e+00;6.154063e-02;1.127848e+00;1.359708e-01;9.371772e-01;1.316779e-01;1.067530e+00;-2.220569e-02;8.647014e-01;-5.404329e-02;8.939129e-01;1.247147e-01
4.000000;1.935398e+01;5.559538e+01;2.247687e-02;7.463237e-01;1.361139e-01;8.640552e-02;1.600264e-01;1.275578e-01;1.787741e-01;2.617441e-01;1.948139e+01;-5.387685e+00;2.909328e-02;2.053785e-01;1.294798e-01;9.686449e-01;3.043992e-03;1.239889e-02;3.067019e-03;1.007181e-02;2.346947e-02;1.376352e-01;2.551880e-02;2.637160e-01;2.248647e-02;3.649090e-01;3.572969e-02;4.800366e-01;2.663842e-02;5.810965e-01;6.680632e-02;6.394367e-01;4.950379e-02;7.242054e-01;1.043247e-01;8.593225e-01;1.014297e-01;8.464520e-01;1.024560e-01;8.531088e-01;2.134912e-01;1.011948e+00;2.227348e-01;1.021187e+00;2.111533e-01;1.034622e+00;2.555923e-01;1.255612e+00;3.282377e-01;1.432054e+00;3.720689e-01;1.455188e+00;2.373658e-01;1.427182e+00;1.862318e-01;1.490329e+00;2.291425e-01;1.533445e+00;2.423737e-01;1.538448e+00;2.024034e-01;1.448382e+00;2.005152e-01;1.301207e+00;1.893679e-01;1.133164e+00;1.672319e-01;9.552753e-01;1.166806e-01;7.727654e-01;9.372126e-02;6.240402e-01;8.578267e-03;1.131127e-02;3.209191e-05;4.466775e-05;3.250143e+01;6.876270e+01;6.647853e+01;1.230264e+02;7.643947e+01;2.028428e+02;1.144608e+02;3.202705e+02;2.602903e-02;1.028256e-01;5.172350e+01;1.672418e+02;4.950845e-01;2.340725e+00;1.174564e+05;1.075331e+05;9.115358e+00;3.069741e+01;1.203198e+03;1.715793e+03;2.741551e-03;-6.020567e-03;5.898600e-02;1.734750e-01;5.246647e-03;6.498513e-03;5.953183e+00;3.328251e+01;2.465468e+00;3.067329e+01;6.443308e+00;1.649164e+01;6.027902e+00;6.755260e+00;4.623605e+00;-3.216959e+00;4.285804e+00;-8.315235e+00;8.129182e+00;-7.177049e+00;4.380819e+00;4.436524e-01;5.844249e+00;7.029869e+00;3.782232e+00;1.392654e+01;3.795372e+00;7.246534e+00;4.147114e+00;-3.933802e+00;4.037230e+00;-7.751922e+00;7.322412e+00;-8.835539e+00;3.346215e-03;-6.997181e-04;5.478215e-06;-2.670259e-07;2.947671e-05;1.113479e-06;3.477766e-05;2.353125e-06;4.390070e-05;-2.968563e-06;5.035760e-03;-6.759667e-05;3.253047e-03;-1.199625e-03;2.048990e-02;5.960835e-04;1.022458e-03;-1.665130e-05;8.417523e-04;-2.091207e-05;7.122674e-03;-3.507998e-04;5.935626e-03;-1.350702e-04;6.122597e-03;-1.882701e-04;1.087632e-02;-4.292818e-04;1.099017e-02;-4.408060e-04;1.414626e-02;-2.007561e-03;1.091416e-02;-7.994800e-04;2.883928e-02;2.316762e-03;2.059571e-02;1.925990e-03;1.797756e-02;1.044905e-03;3.655033e-02;2.146146e-03;3.806117e-02;2.570117e-03;3.536880e-02;2.447248e-03;4.341465e-02;3.999474e-03;5.438900e-02;2.707577e-03;7.490712e-02;2.671657e-03;4.170132e-02;3.841870e-03;4.823506e-02;-8.793935e-04;5.210878e-02;-1.755061e-03;5.272471e-02;-2.490606e-04;4.215897e-02;6.968264e-04;4.201123e-02;5.327603e-04;3.903890e-02;-1.197553e-03;3.811603e-02;-1.662327e-03;2.787711e-02;-6.551638e-04;2.023758e-02;-6.533429e-04;4.077353e-04;-3.283123e-04;4.322443e-06;-1.384460e-06;8.063685e+00;-1.062305e+00;1.439715e+01;-1.837500e+00;1.679044e+01;-1.909277e+00;2.542173e+01;-2.842383e+00;9.732114e-03;-5.929521e-04;1.217511e+01;-1.480562e+00;1.218678e-01;-1.189313e-02;2.687361e+04;6.471841e+02;2.663091e+00;2.036224e-02;3.791080e+02;-6.258378e+00;9.638803e-04;4.303394e-05;1.301876e-02;-1.702268e-03;4.838563e-04;-2.008575e-04;5.083428e-01;-1.598539e-01;5.427035e-01;1.071572e-03;5.744235e-01;1.728759e-01;1.021335e+00;1.242151e-01;8.796139e-01;4.515416e-02;1.050348e+00;1.690474e-01;1.183433e+00;2.760036e-01;1.131706e+00;7.785544e-02;1.697329e+00;-1.605158e-01;1.527546e+00;-2.101242e-02;1.016830e+00;2.760414e-02;1.239033e+00;-4.350518e-02;1.270002e+00;8.390133e-02;1.102216e+00;1.875443e-01
4.500000;1.323557e+02;1.344498e+02;6.030291e-02;7.755725e-01;1.318946e-01;8.081589e-02;9.384773e-02;6.383000e-02;1.899804e-01;2.662258e-01;2.015985e+01;-1.102434e+00;4.896041e-01;4.619648e-01;1.291994e+00;1.542545e+00;2.434394e-02;2.481508e-02;6.118945e-03;1.370244e-02;2.404352e-02;1.328686e-01;7.983202e-02;2.897761e-01;2.831608e-01;4.959923e-01;1.135039e+00;9.739611e-01;1.359813e+00;1.152414e+00;4.736973e-01;8.245800e-01;2.788631e+00;1.909739e+00;2.805866e+00;2.121132e+00;1.008116e+00;1.375482e+00;1.195005e+00;1.502946e+00;8.550587e-01;1.530328e+00;1.391351e+00;1.786523e+00;2.460974e+00;2.161515e+00;2.378069e+00;2.342881e+00;2.928334e+00;2.692403e+00;1.818736e+00;2.240455e+00;1.234486e+00;2.013011e+00;1.796007e+00;2.224176e+00;1.771380e+00;2.253929e+00;1.147320e+00;1.974672e+00;1.052011e+00;1.849021e+00;1.351160e+00;1.833364e+00;7.614690e-01;1.423011e+00;6.917345e-01;1.171922e+00;8.762319e-01;1.045431e+00;5.533441e-01;7.846237e-01;5.455911e-01;2.870391e-01;2.070469e-02;1.030983e-02;1.205675e+02;1.286250e+02;1.249116e+02;1.560439e+02;1.766376e+02;2.453350e+02;2.204200e+02;3.594609e+02;1.177344e-01;1.448448e-01;1.518552e+02;2.248678e+02;4.661769e-01;2.242688e+00;2.322455e+05;1.982179e+05;1.323857e+01;2.455260e+01;1.343217e+03;1.134882e+03;9.669546e-02;-5.533912e-02;1.567069e-01;2.268371e-01;3.772369e-01;1.977104e-01;4.626102e+00;2.761763e+01;1.290405e+01;2.089014e+01;7.586795e+00;1.799058e+01;1.016274e+01;7.714419e+00;1.430659e+01;-6.380046e+00;1.250230e+01;-9.186338e+00;6.045602e+00;2.083105e+00;6.024292e+00;2.108538e+00;1.176989e+01;-3.007355e+00;1.563648e+01;3.724404e+00;7.738685e+00;3.018495e+00;3.670826e+00;-4.728790e+00;5.043520e+00;-3.293019e+00;1.661325e+01;7.503777e+00;8.724977e-03;1.079108e-03;8.307828e-06;4.006672e-07;2.488393e-05;-3.753980e-07;1.995576e-05;-3.505621e-07;4.432924e-05;-3.628674e-06;4.936420e-03;1.544326e-05;6.985335e-02;4.070126e-03;2.922117e-01;-1.490870e-04;3.732349e-03;6.655807e-05;1.208805e-03;6.261023e-05;6.739924e-03;-3.783856e-04;2.491651e-02;1.993211e-04;6.633250e-02;1.592970e-03;2.534579e-01;3.598590e-04;3.017336e-01;-1.278130e-03;9.337299e-02;1.243122e-03;5.882436e-01;9.579742e-04;6.024846e-01;-1.511816e-03;2.853031e-01;9.303564e-03;3.252805e-01;6.668362e-03;2.169525e-01;3.807828e-03;3.124537e-01;2.635438e-03;5.773196e-01;1.486535e-03;5.473468e-01;-2.202604e-04;6.708602e-01;-6.191807e-03;4.038903e-01;-2.696363e-03;2.714929e-01;-5.711811e-04;3.791087e-01;-5.667917e-03;3.860888e-01;-1.576547e-03;2.585257e-01;-2.250384e-03;2.532419e-01;-7.005468e-04;3.285834e-01;-3.399790e-03;1.827871e-01;6.629747e-04;1.645476e-01;-2.022579e-03;2.233514e-01;-2.483453e-03;1.412974e-01;-1.845048e-03;9.742834e-02;1.164604e-03;4.139661e-03;3.242605e-05;1.378771e+01;2.239453e+00;1.541338e+01;2.282520e+00;2.841807e+01;1.679590e+00;3.176087e+01;2.540918e+00;3.997035e-02;8.730277e-04;2.114836e+01;2.266412e+00;1.357176e-01;8.469094e-03;7.730787e+04;6.491064e+02;2.658036e+00;-2.304216e-01;3.590271e+02;-2.123302e+01;1.672132e-02;-1.449984e-04;2.061708e-02;2.393374e-03;6.636244e-02;5.017175e-04;6.620261e-01;-2.759849e-02;9.639009e-01;-3.209250e-01;1.337566e+00;-1.013231e-01;1.283185e+00;-7.744494e-02;2.210518e+00;3.282062e-02;1.713072e+00;-6.682933e-02;1.514940e+00;8.159665e-02;1.879901e+00;-1.320438e-01;2.415866e+00;-2.710692e-01;2.125378e+00;-3.531533e-01;1.581289e+00;-1.567942e-01;1.265973e+00;5.393724e-02;1.565364e+00;9.768324e-02;2.018006e+00;1.992809e-01
5.000000;1.336684e+02;2.241050e+02;5.944294e-02;8.084844e-01;1.156649e-01;7.311320e-02;9.944159e-02;4.244196e-02;1.608898e-01;1.828844e-01;1.056295e+01;4.754237e+00;4.840260e-01;6.912046e-01;1.386899e+00;1.613183e+00;2.358401e-02;3.088463e-02;5.594950e-03;1.876669e-02;2.384144e-02;1.313804e-01;1.267770e-01;3.082854e-01;3.045763e-01;5.442311e-01;1.139109e+00;1.014708e+00;1.376567e+00;1.154118e+00;8.737546e-01;1.161482e+00;2.765069e+00;2.097879e+00;2.833363e+00;2.075849e+00;1.040726e+00;1.583315e+00;1.292603e+00;1.720376e+00;1.614919e+00;1.962216e+00;1.500637e+00;1.923565e+00;2.504965e+00;2.316674e+00;2.518675e+00;2.468678e+00;3.138598e+00;2.770003e+00;2.001219e+00;2.248068e+00;1.680149e+00;2.231836e+00;2.072425e+00;2.411569e+00;1.881885e+00;2.119565e+00;1.607245e+00;2.104635e+00;1.224670e+00;1.792538e+00;1.479786e+00;1.756606e+00;8.480068e-01;1.333806e+00;7.328505e-01;1.037378e+00;9.248021e-01;9.660115e-01;5.773264e-01;7.079726e-01;5.243513e-01;3.594098e-01;2.548270e-02;1.881789e-02;1.180522e+02;2.123174e+02;1.663934e+02;2.799316e+02;1.929433e+02;3.683613e+02;2.295414e+02;5.145000e+02;1.326728e-01;1.712023e-01;1.558716e+02;3.378329e+02;4.560655e-01;2.611792e+00;2.171343e+05;1.881791e+05;8.852132e+00;1.529690e+01;4.050129e+02;4.927554e+02;9.422793e-02;-7.054317e-02;1.587692e-01;3.436987e-01;3.626273e-01;2.469391e-01;5.822091e+00;3.071159e+01;1.344731e+01;6.416714e+00;7.209682e+00;1.150452e+01;1.012202e+01;1.626277e+00;1.407351e+01;-6.836021e+00;1.362483e+01;-9.541271e+00;6.736796e+00;3.388633e+00;6.575106e+00;1.609058e+00;9.403329e+00;-8.878273e+00;1.576022e+01;-8.377832e+00;9.061329e+00;-8.006568e+00;7.513296e+00;-4.823256e+00;8.992127e+00;-3.371451e+00;1.434373e+01;1.220601e+01;1.277950e-02;1.713193e-03;8.097897e-06;8.921624e-07;2.149533e-05;-2.691147e-06;1.675105e-05;-2.946757e-06;3.698091e-05;-3.844318e-07;2.465948e-03;7.135529e-05;8.761906e-02;7.175913e-03;3.209012e-01;2.491093e-03;4.148589e-03;1.877480e-04;1.248890e-03;1.618796e-04;6.536457e-03;1.596576e-04;3.711266e-02;-3.327783e-04;8.135252e-02;1.090314e-03;2.592405e-01;2.563657e-03;3.056726e-01;2.477227e-03;1.895367e-01;8.959305e-03;5.979511e-01;6.015177e-03;6.034774e-01;-4.063147e-04;3.045801e-01;3.680157e-03;3.610502e-01;4.935420e-03;4.063584e-01;8.865568e-03;3.461795e-01;5.828885e-03;5.975244e-01;6.911887e-03;5.978969e-01;5.933598e-03;7.171143e-01;6.148877e-03;4.405103e-01;4.624015e-03;4.003275e-01;1.815332e-03;4.660769e-01;2.439445e-03;4.084348e-01;-1.358589e-03;3.857406e-01;2.049798e-03;2.923369e-01;-1.449877e-03;3.523712e-01;-2.383199e-03;1.978356e-01;-1.020180e-03;1.654409e-01;-8.277420e-04;2.304196e-01;-1.482538e-03;1.430552e-01;-4.686992e-04;1.024032e-01;1.693566e-03;6.106232e-03;2.140413e-04;1.847120e+01;2.583984e+00;2.423705e+01;4.679883e+00;3.118609e+01;5.541211e+00;4.505417e+01;5.182324e+00;4.600706e-02;5.448424e-04;2.500459e+01;4.241688e+00;1.051540e-01;1.569210e-02;7.524342e+04;1.240441e+02;1.431578e+00;-2.825249e-01;8.350302e+01;-1.148903e+01;1.828986e-02;-3.806213e-04;2.442033e-02;4.329029e-03;6.791992e-02;1.443459e-03;7.430596e-01;1.700997e-01;1.542939e+00;-4.231299e-01;1.491629e+00;-1.735573e-01;1.385363e+00;-2.028546e-01;2.283564e+00;-1.687172e-01;2.170888e+00;-1.814335e-01;2.178877e+00;-6.098874e-02;2.081546e+00;1.245795e-02;2.479420e+00;3.127474e-02;2.231537e+00;4.515168e-02;1.855925e+00;-1.214259e-01;1.507307e+00;-1.310138e-01;1.481483e+00;-1.753082e-01;2.165231e+00;-3.741395e-02
5.500000;1.126812e+02;2.514347e+02;4.616239e-02;8.173229e-01;8.957160e-02;4.017698e-02;9.494071e-02;2.690096e-02;1.056446e-01;1.505290e-01;9.425526e+00;5.034221e+00;2.960112e-01;5.777448e-01;6.088332e-01;9.984697e-01;1.058603e-02;2.125908e-02;5.047925e-03;2.040564e-02;2.577291e-02;1.302132e-01;1.112443e-01;2.696966e-01;1.658116e-01;4.071753e-01;2.334163e-01;5.205663e-01;2.287794e-01;5.646009e-01;8.190906e-01;1.008165e+00;5.740952e-01;9.206721e-01;2.245006e-01;8.031766e-01;5.120933e-01;1.149932e+00;7.202060e-01;1.124066e+00;1.533719e+00;1.493459e+00;7.634968e-01;1.194342e+00;7.869602e-01;1.243486e+00;1.032023e+00;1.351990e+00;1.282111e+00;1.440537e+00;9.467829e-01;1.397321e+00;1.314336e+00;1.537678e+00;1.233824e+00;1.500049e+00;5.420395e-01;1.223036e+00;1.266544e+00;1.455306e+00;6.665650e-01;1.229721e+00;6.031816e-01;1.088667e+00;3.726411e-01;9.474352e-01;1.605354e-01;7.834137e-01;2.406777e-01;6.484013e-01;1.040946e-01;5.271043e-01;1.277368e-01;1.018793e-01;1.939292e-02;1.058339e-02;9.841362e+01;2.107383e+02;1.685163e+02;3.445312e+02;1.632577e+02;4.908135e+02;1.455070e+02;6.035039e+02;8.251646e-02;1.282485e-01;1.168909e+02;3.842842e+02;3.451034e-01;2.934280e+00;6.112521e+04;1.230257e+05;6.598870e+00;1.067418e+01;3.181173e+02;3.690389e+02;3.116086e-02;-2.565684e-02;1.174837e-01;3.934524e-01;8.687269e-02;7.358591e-02;4.860684e+00;3.840905e+01;1.110351e+01;-1.749684e+00;6.657306e+00;3.316357e+00;5.065418e+00;7.208400e-01;7.799410e+00;-9.025303e+00;7.566905e+00;-4.517387e+00;9.477186e+00;6.149169e+00;4.821321e+00;1.407929e+00;6.909091e+00;-4.031193e+00;1.356961e+01;-2.479754e+00;7.327398e+00;-9.379683e+00;8.475709e+00;-9.815289e+00;8.980510e+00;-9.420206e+00;7.092891e+00;3.144049e+00;1.124282e-02;-6.010504e-04;4.065232e-06;-3.020317e-07;1.803702e-05;-1.317962e-06;1.587068e-05;-3.172184e-06;2.311073e-05;2.011884e-07;2.221745e-03;-9.936948e-07;5.400144e-02;-2.926158e-03;1.345543e-01;-1.362275e-03;2.121711e-03;-7.711857e-05;9.053026e-04;-3.275383e-05;7.509046e-03;1.632017e-04;2.838984e-02;-9.098597e-05;4.757566e-02;-2.070721e-03;5.589289e-02;-8.438620e-04;5.060731e-02;7.897996e-04;1.665292e-01;-2.489771e-03;1.086869e-01;-2.396330e-03;4.323490e-02;-1.487818e-03;1.078932e-01;-1.023134e-02;1.582376e-01;-7.213912e-03;3.465792e-01;-5.885234e-03;1.555423e-01;-1.909324e-03;1.609540e-01;3.296561e-04;2.453326e-01;-3.321646e-03;2.592298e-01;5.038865e-04;1.897217e-01;-2.108476e-03;2.973960e-01;-5.418525e-03;2.747524e-01;-8.854486e-05;1.422398e-01;2.240215e-03;2.912971e-01;-5.050461e-05;1.526734e-01;2.088297e-04;1.339695e-01;1.944460e-03;8.555084e-02;-1.426498e-03;4.121102e-02;1.845073e-03;6.260438e-02;1.929327e-03;3.003245e-02;1.659873e-03;3.169310e-02;-1.171771e-03;4.526218e-03;-2.802024e-05;1.608476e+01;-2.268164e+00;3.361265e+01;-2.009766e+00;2.770694e+01;-4.450195e-01;3.898743e+01;4.306640e-02;2.490241e-02;-1.039622e-03;2.126116e+01;-1.542117e+00;9.084971e-02;-3.297504e-03;2.014027e+04;-2.532713e+02;1.129308e+00;4.536139e-03;7.134052e+01;1.843340e+00;7.517563e-03;1.460392e-04;2.162253e-02;-1.686017e-03;1.475864e-02;-4.945287e-04;6.622229e-01;6.632215e-02;1.382487e+00;4.997307e-02;9.814020e-01;-9.325245e-02;1.138752e+00;1.202928e-01;1.191285e+00;4.395340e-02;1.710274e+00;1.251945e-01;2.011403e+00;8.102345e-02;1.443462e+00;2.421241e-01;1.682028e+00;1.824313e-01;1.586831e+00;2.116214e-01;1.402070e+00;7.698379e-02;1.393416e+00;-8.314984e-02;1.229520e+00;-8.537894e-02;1.339528e+00;-4.801914e-02
6.000000;1.192398e+02;2.302936e+02;4.106645e-02;8.045951e-01;1.486973e-01;8.106666e-02;1.811143e-01;9.204741e-02;8.829821e-02;1.648043e-01;1.407739e+01;2.571131e+00;1.653536e-01;3.979888e-01;9.285062e-02;8.467365e-01;4.804634e-03;1.678673e-02;5.382107e-03;1.706601e-02;1.707307e-02;1.308308e-01;4.098538e-02;2.510686e-01;8.495497e-02;4.080385e-01;1.236907e-01;5.557148e-01;1.437176e-01;6.597986e-01;1.740361e-01;6.567239e-01;1.462727e-01;7.026040e-01;6.479851e-02;7.718186e-01;1.382120e-01;8.809327e-01;1.166573e-01;8.847291e-01;2.140337e-01;9.603957e-01;2.050020e-01;9.547598e-01;2.570888e-01;9.791643e-01;2.062691e-01;9.882951e-01;2.153480e-01;1.042968e+00;1.876696e-01;1.106306e+00;2.288784e-01;1.125637e+00;2.214614e-01;1.154570e+00;2.509492e-01;1.266162e+00;2.606144e-01;1.192240e+00;2.218084e-01;1.190587e+00;2.047677e-01;1.072373e+00;1.486960e-01;9.577912e-01;7.616586e-02;8.605265e-01;7.609087e-02;6.902812e-01;4.902371e-02;5.708310e-01;3.834058e-02;4.532282e-02;3.858366e-03;2.175336e-03;9.391714e+01;1.482920e+02;1.450266e+02;2.846689e+02;1.528530e+02;4.422920e+02;1.484689e+02;5.107676e+02;2.946990e-02;9.570865e-02;1.139913e+02;3.137221e+02;4.017667e-01;2.720312e+00;3.162643e+04;8.103619e+04;9.638904e+00;1.653223e+01;7.256812e+02;8.730823e+02;8.077363e-03;-1.223080e-02;1.141074e-01;3.266683e-01;3.245984e-02;3.283107e-02;2.056602e+00;4.093858e+01;1.388386e+01;7.055022e+00;4.332269e+00;-2.109022e-01;3.656533e+00;4.487150e+00;9.596714e+00;-6.131958e+00;4.443857e+00;-1.994720e+00;1.113292e+01;2.913472e+00;9.410462e+00;-3.614379e+00;6.166321e+00;-5.524709e+00;4.200972e+00;2.114941e+00;5.445224e+00;-3.188923e+00;5.255202e+00;-9.254684e+00;7.743535e+00;-5.546962e+00;7.142422e+00;6.895196e+00;1.187834e-02;6.953338e-04;3.095659e-06;-2.829003e-07;2.534430e-05;-9.949890e-07;1.732159e-05;-3.799174e-06;1.381822e-05;6.842555e-07;3.047600e-03;-1.758582e-05;7.184645e-03;-5.780446e-03;1.261136e-02;-1.561308e-03;8.819661e-04;-1.147525e-04;8.297158e-04;-1.361804e-04;6.170950e-03;-2.515082e-05;9.618532e-03;-3.534559e-05;6.715377e-03;4.622057e-04;9.846736e-03;-2.630881e-04;1.140592e-02;2.315898e-04;1.650278e-02;-6.247595e-03;1.498063e-02;-4.668995e-03;2.098074e-02;-1.812455e-03;1.707297e-02;-5.353616e-03;1.906680e-02;-5.021244e-03;3.192004e-02;-9.056234e-03;3.133285e-02;-6.371643e-03;3.945468e-02;-8.005016e-03;2.982187e-02;-6.293366e-03;2.769803e-02;-6.003461e-03;2.438993e-02;-3.078776e-03;3.074076e-02;-1.749303e-03;2.841253e-02;-6.716997e-04;2.759517e-02;3.968757e-03;3.419830e-02;-8.743423e-04;3.045429e-02;3.526086e-03;2.327256e-02;3.905592e-03;2.370604e-02;5.181319e-03;1.594175e-02;3.246183e-03;1.146875e-02;2.732825e-03;9.088027e-03;1.682743e-03;3.283885e-03;-1.003650e-03;4.981779e-04;-2.127783e-04;1.865868e+01;-1.277637e+00;3.184099e+01;-2.182031e+00;2.097815e+01;-3.014648e+00;1.620070e+01;-3.445312e+00;9.466543e-03;-3.837667e-04;1.606587e+01;-2.632844e+00;8.913876e-02;-1.086453e-02;3.753175e+03;-8.309177e+02;7.444159e-01;2.697290e-01;6.289705e+01;1.826170e+01;9.812140e-04;2.818988e-04;1.717700e-02;-2.452932e-03;2.528277e-03;-1.071819e-03;3.324199e-01;-5.530346e-02;4.602273e-01;4.211371e-01;6.793650e-01;-3.591102e-04;7.758370e-01;2.550408e-02;1.004383e+00;7.087514e-02;1.017681e+00;3.730002e-02;1.120990e+00;-8.360984e-02;1.094476e+00;-2.345093e-01;1.031062e+00;-1.386694e-01;1.198129e+00;-6.413584e-02;1.023755e+00;1.224482e-01;9.873731e-01;1.277325e-01;9.280821e-01;1.674864e-01;8.388280e-01;2.182353e-01
6.500000;1.253815e+02;1.893493e+02;2.952181e-02;7.824607e-01;1.587472e-01;1.038265e-01;1.828567e-01;1.151609e-01;1.088390e-01;1.692405e-01;1.648171e+01;9.470282e-01;1.589434e-01;3.380129e-01;4.432689e-01;1.095723e+00;9.404414e-03;2.007156e-02;4.966639e-03;1.372260e-02;3.813272e-02;1.408741e-01;1.745823e-01;3.233714e-01;9.956184e-02;4.819697e-01;1.376226e-01;6.161618e-01;2.708706e-01;7.748358e-01;3.504301e-01;7.551697e-01;3.247807e-01;8.054407e-01;4.923226e-01;9.650325e-01;5.382895e-01;1.001380e+00;5.136545e-01;1.111792e+00;2.964774e-01;1.098373e+00;7.247432e-01;1.272013e+00;6.401694e-01;1.281875e+00;5.526994e-01;1.250278e+00;6.555732e-01;1.367240e+00;8.430033e-01;1.572270e+00;9.741141e-01;1.651372e+00;1.278793e+00;1.805956e+00;8.493417e-01;1.780592e+00;6.601022e-01;1.686088e+00;5.334767e-01;1.610020e+00;5.825838e-01;1.487346e+00;3.286369e-01;1.210454e+00;2.164122e-01;1.000220e+00;1.104602e-01;7.958912e-01;6.539440e-02;6.427807e-01;8.374778e-02;7.113067e-02;2.061576e-03;8.431203e-04;6.186841e+01;1.175713e+02;6.552435e+01;2.197822e+02;3.603194e+01;3.043359e+02;8.052625e+01;3.690791e+02;1.083443e-01;1.493505e-01;4.631879e+01;2.335560e+02;4.271086e-01;2.365120e+00;2.110909e+05;1.041150e+05;6.726365e+00;2.561916e+01;6.237449e+02;1.436210e+03;2.924125e-02;-2.048936e-02;4.320487e-02;2.475643e-01;3.587984e-02;3.631279e-02;3.919357e+00;3.706482e+01;6.907451e+00;2.033688e+01;7.455976e+00;6.797314e+00;5.828566e+00;3.244164e+00;3.639660e+00;1.693937e+00;4.954278e+00;-2.266241e+00;7.481655e+00;-6.752848e+00;9.514522e+00;-1.343770e+01;7.164582e+00;-1.051486e+01;6.936093e+00;2.289765e+00;5.334582e+00;-3.108365e+00;5.425888e+00;-5.792141e+00;7.617755e+00;1.604469e+00;6.223758e+00;1.378659e+01;1.084763e-02;1.353705e-03;4.211894e-06;3.990126e-07;2.692854e-05;-2.266553e-06;1.804911e-05;-3.589895e-06;1.617493e-05;-6.195122e-07;3.487848e-03;3.057916e-05;2.608219e-02;5.427793e-03;7.147994e-02;1.334651e-02;2.156681e-03;3.447512e-04;1.216150e-03;-4.295793e-05;9.298068e-03;1.574182e-03;3.150751e-02;4.896063e-03;2.992104e-02;3.200440e-03;3.712264e-02;5.130896e-03;6.846926e-02;8.123643e-03;4.672422e-02;1.227508e-02;4.166570e-02;1.358985e-02;1.143254e-01;1.941874e-02;1.232445e-01;1.550169e-02;7.264633e-02;1.414705e-02;3.409730e-02;1.054671e-02;1.050990e-01;2.496231e-02;1.010617e-01;1.720479e-02;8.295584e-02;1.658543e-02;1.096524e-01;1.555037e-02;1.157757e-01;2.275795e-02;1.535376e-01;3.255761e-02;2.190305e-01;3.768628e-02;1.330499e-01;2.578881e-02;1.209765e-01;2.099286e-02;1.335271e-01;7.094516e-03;1.140508e-01;1.095629e-02;8.024837e-02;5.656351e-03;5.938485e-02;5.224208e-04;3.105960e-02;6.183946e-04;2.058378e-02;-3.295957e-04;2.168991e-02;2.444118e-03;3.874813e-04;5.820854e-05;2.286811e+01;4.019531e-01;2.237172e+01;4.880859e-01;1.383107e+01;-2.583984e-01;2.549274e+01;-1.708301e+00;2.718677e-02;2.608493e-03;1.621962e+01;4.955458e-02;8.581568e-02;5.727669e-03;7.127887e+04;-3.874384e+02;1.339782e+00;-3.438025e-02;1.078604e+02;-1.895668e+00;6.363957e-03;-1.034206e-03;1.569498e-02;1.236734e-04;9.162731e-03;1.194961e-03;6.995950e-01;7.816320e-03;9.603974e-01;-2.156912e-02;1.060374e+00;2.859310e-01;1.382530e+00;-2.014196e-01;1.174619e+00;3.975695e-02;1.402450e+00;1.250402e-01;1.679767e+00;-1.379321e-01;1.432372e+00;-1.862475e-01;1.795536e+00;6.585513e-02;2.360899e+00;-3.630414e-02;1.154798e+00;-1.428158e-01;1.666588e+00;5.440084e-02;2.035648e+00;9.091003e-02;1.487326e+00;4.159963e-02
7.000000;1.036607e+02;1.408840e+02;3.006675e-02;7.950659e-01;8.094528e-02;4.087652e-02;6.871115e-02;4.062978e-02;1.032726e-01;1.709084e-01;1.242663e+01;7.476419e+00;2.441150e-01;5.710754e-01;4.455051e-01;1.237301e+00;4.735905e-02;5.325739e-02;5.661822e-03;1.189342e-02;6.093682e-02;1.754210e-01;1.948718e-01;4.140088e-01;2.288615e-01;5.129356e-01;1.576371e-01;5.768747e-01;3.275511e-01;8.575099e-01;3.748199e-01;9.382926e-01;3.823436e-01;9.370246e-01;5.518475e-01;1.188016e+00;5.580264e-01;1.210558e+00;5.104299e-01;1.314984e+00;3.591585e-01;1.239141e+00;7.890040e-01;1.596043e+00;6.525713e-01;1.633567e+00;5.098725e-01;1.545598e+00;5.630016e-01;1.654282e+00;8.087313e-01;1.790121e+00;9.828095e-01;1.896989e+00;1.309718e+00;2.009306e+00;9.188863e-01;1.890893e+00;7.311951e-01;1.813696e+00;5.991330e-01;1.670581e+00;6.090737e-01;1.510754e+00;3.545136e-01;1.258425e+00;2.939547e-01;1.040481e+00;2.096473e-01;8.327260e-01;1.112549e-01;6.615857e-01;3.078912e-01;2.055852e-01;2.799016e-03;3.010780e-03;5.140461e+01;1.113984e+02;6.317630e+01;1.758545e+02;6.545464e+01;2.515078e+02;1.047335e+02;3.380713e+02;2.149325e-01;3.247310e-01;5.877671e+01;2.066385e+02;5.796894e-01;2.416122e+00;2.134397e+05;9.717436e+04;2.072070e+01;2.932807e+01;4.857545e+03;3.127443e+03;3.981069e-01;-2.391973e-01;5.654049e-02;2.169735e-01;4.171864e-01;2.252083e-01;5.193565e+00;3.766925e+01;8.655408e+00;1.720058e+01;6.808395e+00;1.497024e+01;8.879804e+00;4.708170e+00;7.698509e+00;6.233471e+00;7.978887e+00;1.652796e+00;7.294156e+00;-6.204855e+00;8.734364e+00;-1.069164e+01;1.120521e+01;-2.762016e+00;7.248633e+00;5.307637e+00;6.845609e+00;-3.230937e+00;8.497063e+00;-1.761426e+00;9.797257e+00;6.127757e+00;8.185675e+00;1.005744e+01;3.854895e-03;-2.960825e-04;4.104396e-06;-1.115858e-07;1.017640e-05;-1.152839e-06;7.017656e-06;-2.166409e-07;1.624278e-05;-3.933850e-07;2.256867e-03;3.467241e-05;3.295851e-02;5.515806e-03;8.174710e-02;2.674383e-03;5.136930e-03;1.261591e-03;1.039786e-03;-7.482993e-05;1.124437e-02;7.450437e-04;3.941758e-02;1.662163e-03;6.541246e-02;-2.882012e-04;4.411216e-02;-1.355212e-03;7.674135e-02;-8.325357e-04;6.461415e-02;-2.665024e-04;5.979589e-02;-1.035995e-03;1.237909e-01;2.309931e-03;1.300069e-01;3.051417e-03;8.245248e-02;3.469956e-03;5.358809e-02;1.758984e-03;1.210728e-01;6.425066e-04;1.128654e-01;1.563926e-03;9.431475e-02;3.597864e-03;1.226719e-01;3.074767e-03;1.300571e-01;1.701699e-03;1.772285e-01;4.588321e-03;2.529131e-01;1.111381e-02;1.621456e-01;4.406080e-03;1.419325e-01;5.190936e-03;1.626318e-01;1.430868e-02;1.322465e-01;3.619122e-03;9.842387e-02;1.209426e-03;9.165004e-02;1.755849e-03;6.668086e-02;1.887854e-03;3.887320e-02;1.654037e-03;8.967820e-02;8.579550e-04;4.716301e-04;4.991342e-05;1.660636e+01;-8.756836e-01;1.430810e+01;-1.909277e+00;1.514961e+01;-2.153320e+00;2.379241e+01;-2.124609e+00;4.979563e-02;5.457252e-03;1.368402e+01;-1.383766e+00;7.928173e-02;-5.574571e-03;7.141548e+04;-2.854642e+02;3.967910e+00;3.421191e-01;9.095085e+02;8.094223e+01;4.713816e-02;-9.517042e-03;1.234258e-02;-1.558819e-03;1.075953e-01;3.105535e-03;1.035222e+00;2.170136e-03;1.427094e+00;-5.704874e-02;1.336485e+00;2.034130e-01;1.641330e+00;1.303398e-01;1.289522e+00;2.560929e-01;1.588784e+00;2.726572e-01;1.837029e+00;1.398801e-01;1.593979e+00;1.906871e-01;1.977319e+00;1.092833e-01;2.584000e+00;6.066321e-02;1.703348e+00;9.020722e-03;1.910910e+00;1.745003e-01;2.256656e+00;4.581963e-02;1.564236e+00;-2.293806e-01
7.500000;1.021236e+01;9.360181e+01;2.268641e-02;7.972915e-01;6.611514e-02;4.617431e-02;4.586890e-02;3.737517e-02;1.001819e-01;2.176382e-01;4.172794e+00;1.023137e+01;2.943020e-01;9.468740e-01;3.217141e-01;1.234610e+00;4.166331e-02;8.355506e-02;5.526790e-03;1.231544e-02;6.270856e-02;1.610985e-01;1.396687e-01;3.659657e-01;2.216832e-01;4.987856e-01;1.339563e-01;6.259667e-01;2.222145e-01;8.652031e-01;4.361164e-01;1.046926e+00;3.640592e-01;1.043586e+00;3.603683e-01;1.122457e+00;2.960912e-01;1.257445e+00;2.823011e-01;1.290700e+00;3.109656e-01;1.263724e+00;5.026900e-01;1.422368e+00;4.268484e-01;1.523455e+00;3.787049e-01;1.679232e+00;3.932065e-01;1.673870e+00;5.036699e-01;1.668166e+00;5.519261e-01;1.815717e+00;7.320932e-01;1.871919e+00;1.005412e+00;1.919361e+00;5.681193e-01;1.731483e+00;7.856633e-01;1.717126e+00;6.697785e-01;1.453188e+00;7.650623e-01;1.310210e+00;5.574704e-01;1.090416e+00;6.542286e-01;9.453450e-01;4.420132e-01;7.361435e-01;4.553874e-01;4.942827e-01;1.376702e-02;1.284825e-02;3.092796e+01;1.045078e+02;5.380735e+01;1.583408e+02;8.148091e+01;2.431816e+02;1.345954e+02;3.610400e+02;2.213185e-01;5.340686e-01;6.690542e+01;2.066886e+02;6.203469e-01;2.721399e+00;1.140230e+05;7.687691e+04;2.406463e+01;2.508626e+01;5.187417e+03;3.144938e+03;3.838691e-01;-4.165881e-01;6.630676e-02;2.154378e-01;4.645750e-01;4.583202e-01;6.136308e+00;4.040302e+01;6.814861e+00;1.068689e+01;5.126903e+00;1.804929e+01;1.069345e+01;4.772491e+00;1.076497e+01;4.917099e+00;8.317627e+00;7.095669e+00;7.485856e+00;-2.280515e+00;3.608893e+00;-3.857514e+00;8.881022e+00;3.763258e-01;5.858577e+00;3.852418e+00;8.613643e+00;-1.506850e-01;5.868414e+00;5.182786e+00;9.939627e+00;4.465246e+00;9.099898e+00;-8.173032e-01;9.950938e-04;7.777727e-05;2.784363e-06;-2.036294e-07;8.766103e-06;1.400890e-07;6.734543e-06;-4.152521e-07;1.543182e-05;1.124255e-06;4.960940e-04;-1.581110e-05;4.962249e-02;5.284734e-03;8.336306e-02;-1.047957e-02;7.345607e-03;3.106479e-04;5.661955e-04;6.638953e-05;8.865450e-03;-1.506868e-03;2.846181e-02;-4.788440e-03;6.358445e-02;-2.221668e-03;3.137267e-02;-2.981960e-03;4.251801e-02;-5.840336e-03;9.043386e-02;-9.510406e-03;6.372176e-02;-1.089288e-02;6.565499e-02;-1.693624e-02;6.195949e-02;-1.222188e-02;5.783445e-02;-1.022827e-02;6.966488e-02;-6.131165e-03;7.199438e-02;-2.306130e-02;8.689345e-02;-1.450408e-02;7.846295e-02;-6.903365e-03;8.049215e-02;-5.226385e-03;1.293036e-01;-1.506194e-02;1.346767e-01;-2.653486e-02;1.934463e-01;-3.345556e-02;2.710930e-01;-2.426840e-02;1.445823e-01;-1.783556e-02;2.033250e-01;-4.822637e-03;1.974013e-01;-9.512673e-03;2.132823e-01;-6.328555e-03;1.614522e-01;-8.203472e-05;2.073825e-01;-1.078767e-03;1.421151e-01;-5.326948e-04;1.214510e-01;6.938302e-03;2.716630e-03;3.482506e-04;7.616736e+00;3.158203e-01;1.082112e+01;4.737305e-01;1.708783e+01;7.034180e-01;2.055227e+01;9.331055e-01;6.565639e-02;3.344067e-03;9.946777e+00;5.239893e-01;8.944440e-02;2.850280e-03;3.064779e+04;1.977803e+02;4.390372e+00;-2.098300e-02;9.756862e+02;-1.647073e+00;7.123452e-02;-1.975921e-03;9.850975e-03;5.389348e-04;1.465584e-01;3.237951e-03;1.581025e+00;-4.551454e-03;1.597245e+00;-3.556117e-02;1.336449e+00;-2.524056e-02;1.929310e+00;1.030639e-01;1.375589e+00;-1.067099e-01;1.966960e+00;-1.392805e-01;1.778012e+00;3.243131e-02;1.414917e+00;1.087717e-02;1.914358e+00;-1.707158e-01;1.797246e+00;5.793717e-02;2.009383e+00;2.695495e-01;1.645271e+00;1.201044e-01;1.682620e+00;-3.809100e-02;1.566373e+00;-1.908634e-01
8.000000;1.153911e+01;1.000310e+02;2.102320e-02;7.877610e-01;8.092599e-02;7.255294e-02;7.005288e-02;5.396006e-02;1.027210e-01;1.931206e-01;2.948680e+00;8.564275e+00;2.404840e-01;1.134347e+00;3.212048e-01;1.096656e+00;2.773628e-02;8.817529e-02;5.732771e-03;1.391030e-02;5.211036e-02;1.333664e-01;7.577929e-02;2.838193e-01;9.342375e-02;4.558419e-01;1.345453e-01;6.134985e-01;1.463341e-01;7.158080e-01;4.382848e-01;9.065345e-01;2.840489e-01;1.000103e+00;1.539393e-01;9.943526e-01;2.457317e-01;1.114045e+00;2.434843e-01;1.141755e+00;2.091551e-01;1.249175e+00;1.844645e-01;1.159755e+00;2.539465e-01;1.294023e+00;4.355747e-01;1.517027e+00;4.915264e-01;1.451124e+00;4.867674e-01;1.530131e+00;5.147374e-01;1.560161e+00;6.839179e-01;1.593142e+00;1.017743e+00;1.657021e+00;5.064743e-01;1.505829e+00;8.016112e-01;1.547849e+00;6.823560e-01;1.381778e+00;7.897021e-01;1.190867e+00;5.640724e-01;9.897158e-01;6.614137e-01;8.546017e-01;4.555877e-01;6.717305e-01;5.762414e-01;8.833024e-01;1.279798e-02;2.084318e-02;4.343306e+01;1.391045e+02;6.243738e+01;2.048525e+02;8.535639e+01;2.772041e+02;1.213631e+02;3.838652e+02;2.151324e-01;6.419873e-01;6.883392e+01;2.417239e+02;5.414319e-01;2.917819e+00;1.132685e+05;7.469920e+04;1.300641e+01;1.684507e+01;2.085770e+03;1.334813e+03;2.789147e-01;-4.124254e-01;6.981326e-02;2.542136e-01;4.785204e-01;6.582628e-01;6.390757e+00;4.269617e+01;6.351438e+00;6.733046e+00;5.408650e+00;1.741737e+01;8.861689e+00;2.104258e+00;1.001549e+01;-2.922658e-01;8.438393e+00;3.760295e+00;7.975976e+00;-6.731210e-01;4.028653e+00;-5.350818e+00;7.353775e+00;-7.443998e+00;5.503101e+00;1.574241e+00;7.218104e+00;-2.714037e-01;4.692709e+00;5.372708e+00;6.513605e+00;-2.235012e+00;5.741191e+00;-7.211054e+00;8.513451e-04;4.578935e-05;2.307304e-06;5.771366e-08;1.203545e-05;-4.141923e-08;9.065815e-06;-3.067725e-08;1.226214e-05;-1.802235e-07;3.368133e-04;-2.619161e-05;4.826253e-02;-1.892005e-04;7.594986e-02;-5.219219e-03;8.360519e-03;-5.513030e-04;8.264935e-04;1.410934e-05;1.399716e-02;-6.478916e-04;2.204934e-02;-1.240408e-03;3.160643e-02;-7.922896e-04;2.370349e-02;-1.296815e-03;2.848270e-02;-1.575909e-03;8.107422e-02;-1.223618e-03;5.087414e-02;1.064656e-03;5.216388e-02;-6.227713e-04;5.201556e-02;-2.070285e-03;4.755892e-02;-3.989070e-03;6.081141e-02;-1.493437e-03;5.461217e-02;-2.449623e-03;7.594185e-02;-2.138261e-03;6.737741e-02;-5.658907e-03;6.564533e-02;-6.110642e-03;1.202351e-01;-7.639751e-03;1.097785e-01;-1.184336e-02;1.535616e-01;-1.788687e-02;2.573016e-01;-1.095836e-02;1.280800e-01;-1.005601e-02;1.817130e-01;-2.048971e-02;1.891216e-01;-8.139227e-03;2.075992e-01;-5.919282e-03;1.494852e-01;-5.311039e-03;2.001177e-01;-3.940473e-03;1.390086e-01;-3.270327e-03;1.316167e-01;1.499821e-03;2.827605e-03;4.531223e-05;9.431565e+00;1.004883e-01;1.303801e+01;2.153320e-01;1.918819e+01;3.445312e-01;2.575579e+01;8.900391e-01;7.266969e-02;-1.965547e-03;1.353136e+01;3.909855e-01;1.159735e-01;6.425506e-03;3.044367e+04;4.599954e+01;2.582818e+00;-4.125563e-01;4.280904e+02;-7.510777e+01;9.060904e-02;5.577321e-03;1.364383e-02;4.309361e-04;1.650599e-01;4.357195e-03;1.442212e+00;1.348524e-01;1.397962e+00;-6.723277e-02;1.328402e+00;-1.926781e-01;1.993297e+00;4.153061e-04;1.507142e+00;-7.326984e-02;1.812249e+00;-1.362653e-01;1.648908e+00;5.038746e-02;1.232955e+00;5.418383e-02;1.894546e+00;-4.663819e-02;1.616941e+00;-6.225052e-02;1.702529e+00;-2.516822e-03;1.472721e+00;-1.105762e-01;1.309713e+00;-1.267752e-01;1.455274e+00;-1.143204e-02
8.500000;2.261587e+01;1.130700e+02;2.270426e-02;8.052915e-01;7.335114e-02;5.969015e-02;8.887942e-02;5.293658e-02;5.768059e-02;1.263079e-01;3.891069e+00;1.065912e+01;2.631266e-01;1.094881e+00;2.027476e-01;9.272084e-01;5.156185e-02;1.148107e-01;4.346190e-03;1.073192e-02;4.582167e-02;1.414036e-01;8.581577e-02;3.026113e-01;1.889042e-01;4.829430e-01;1.769888e-01;5.605064e-01;2.623779e-01;7.233016e-01;2.206751e-01;7.324110e-01;1.488877e-01;8.298745e-01;1.754217e-01;9.037354e-01;8.791586e-02;9.204524e-01;1.764790e-01;9.883887e-01;2.550443e-01;1.117199e+00;2.640116e-01;1.130833e+00;2.791892e-01;1.148531e+00;2.527273e-01;1.132428e+00;3.301018e-01;1.187951e+00;3.091825e-01;1.233859e+00;3.928987e-01;1.255672e+00;3.759863e-01;1.244739e+00;3.890184e-01;1.282577e+00;3.818504e-01;1.306019e+00;2.862127e-01;1.199600e+00;2.914924e-01;1.146184e+00;2.823821e-01;1.016207e+00;2.553282e-01;8.580582e-01;1.904853e-01;6.963932e-01;1.425635e-01;5.655422e-01;1.711253e+00;1.580476e+00;1.016851e-02;1.595095e-02;4.384885e+01;1.478613e+02;5.657202e+01;2.011201e+02;7.727604e+01;2.329893e+02;9.084766e+01;3.153896e+02;2.635993e-01;5.721640e-01;5.759741e+01;2.160678e+02;5.092179e-01;2.585023e+00;1.833103e+04;2.477513e+04;1.246199e+01;2.410597e+01;2.171682e+03;2.713870e+03;7.876354e-01;-7.621967e-01;6.132392e-02;2.314450e-01;1.752449e+00;1.539560e+00;3.447864e+00;4.767227e+01;9.338166e+00;1.202460e+01;5.821624e+00;1.437389e+01;6.157036e+00;6.351140e+00;8.532322e+00;3.559845e+00;5.929801e+00;1.083648e+00;8.359594e+00;-9.670562e-01;5.878209e+00;-6.943229e+00;4.629459e+00;-7.572244e+00;5.408300e+00;1.253594e+00;4.223163e+00;-1.000672e+00;6.672448e+00;-7.599004e-02;3.399738e+00;-4.552651e+00;2.975505e+00;-5.914872e+00;2.742331e-03;-1.356088e-05;1.713810e-06;7.894098e-08;1.129254e-05;7.026176e-09;1.295171e-05;1.762224e-08;8.385947e-06;-8.670171e-07;4.961792e-04;1.733683e-05;5.154710e-02;-8.838762e-03;4.457798e-02;-4.672234e-03;1.056862e-02;-1.327314e-04;6.901303e-04;-1.127488e-04;1.354320e-02;-1.185426e-04;2.206320e-02;-8.624667e-04;4.345690e-02;-2.304853e-03;3.592419e-02;-3.833425e-03;5.668015e-02;-5.161323e-03;4.788153e-02;-4.558581e-03;3.926857e-02;-4.725216e-03;5.015702e-02;-4.628947e-03;2.560313e-02;-3.492195e-03;3.880078e-02;-5.568848e-03;6.214919e-02;-9.138496e-03;4.925980e-02;-7.147615e-03;5.362539e-02;-7.458569e-03;3.691537e-02;-1.090102e-02;6.462887e-02;-1.054460e-02;5.695461e-02;-8.343676e-03;7.812542e-02;-6.281849e-03;7.908813e-02;-2.802840e-03;8.751512e-02;-4.751949e-03;9.148671e-02;-4.746997e-03;7.365386e-02;-5.400756e-03;7.322610e-02;-3.345893e-03;6.670474e-02;-9.019496e-04;6.128864e-02;-2.663130e-03;4.454437e-02;-1.123943e-03;3.262998e-02;-6.703910e-04;3.962944e-01;-8.945244e-03;1.701827e-03;-4.033728e-04;9.015692e+00;-3.445312e-01;1.082562e+01;-7.751953e-01;1.487642e+01;-2.182031e+00;2.313921e+01;-2.598340e+00;7.892933e-02;-4.124042e-03;1.136660e+01;-1.351086e+00;1.051154e-01;-1.576502e-02;3.757607e+03;-7.017479e+02;2.800615e+00;5.999168e-01;4.765090e+02;1.068414e+02;1.881697e-01;1.035661e-03;1.205308e-02;-1.381717e-03;4.064142e-01;-5.331417e-04;7.898101e-01;3.666954e-02;9.669788e-01;2.414477e-01;1.195825e+00;-1.492795e-02;1.316689e+00;1.230255e-01;1.429901e+00;1.951114e-01;1.520205e+00;2.100677e-01;1.810451e+00;1.568784e-01;1.394480e+00;4.247825e-02;1.283572e+00;9.500031e-03;1.691501e+00;-9.178485e-02;1.451686e+00;-5.480503e-02;1.474242e+00;2.452624e-02;1.040516e+00;-7.258224e-03;7.719656e-01;1.551057e-02
9.000000;3.407942e+01;9.724450e+01;2.083647e-02;8.015667e-01;1.656008e-01;6.980102e-02;1.178094e-01;6.221247e-02;5.925817e-02;1.289200e-01;3.477114e+00;1.104762e+01;3.171867e-01;8.519991e-01;2.102010e-01;9.707386e-01;5.539427e-02;1.025136e-01;1.641766e-03;8.240111e-03;1.606954e-02;1.314042e-01;7.898051e-02;2.750532e-01;2.011502e-01;4.236103e-01;1.706555e-01;5.547564e-01;2.877890e-01;6.709885e-01;2.329549e-01;7.180940e-01;2.290943e-01;7.959276e-01;2.221031e-01;8.638080e-01;1.072378e-01;8.761827e-01;2.444474e-01;9.821868e-01;2.998971e-01;1.020907e+00;2.965872e-01;1.139987e+00;2.528898e-01;1.134612e+00;2.102270e-01;1.112933e+00;3.815572e-01;1.288676e+00;3.688703e-01;1.377980e+00;4.148657e-01;1.422958e+00;3.700130e-01;1.447032e+00;3.669600e-01;1.460368e+00;4.309066e-01;1.482368e+00;4.338434e-01;1.390040e+00;3.858990e-01;1.273430e+00;2.487408e-01;1.103267e+00;2.058016e-01;9.228011e-01;1.503670e-01;7.499406e-01;1.295411e-01;6.198928e-01;1.836187e+00;1.135746e+00;7.778514e-03;6.680578e-03;3.502587e+01;1.201553e+02;3.932036e+01;1.544648e+02;3.806122e+01;1.797305e+02;5.734359e+01;2.575371e+02;2.044019e-01;4.299540e-01;3.300311e+01;1.701878e+02;2.321921e-01;2.202777e+00;9.563410e+03;1.816924e+04;1.313986e+01;3.853072e+01;2.001285e+03;4.227199e+03;8.127626e-01;-6.531323e-01;3.705959e-02;1.824407e-01;1.819985e+00;1.319958e+00;5.707419e+00;4.453963e+01;4.246646e+00;2.032167e+01;6.607024e+00;1.759191e+01;3.929153e+00;9.111390e+00;5.932197e+00;8.832939e+00;6.947188e+00;5.287848e+00;8.048602e+00;1.499653e+00;6.592657e+00;-7.774150e+00;5.518176e+00;-6.784944e+00;6.513309e+00;4.925362e+00;5.972937e+00;-2.676917e+00;7.553066e+00;8.478013e-01;8.878344e+00;1.379447e+00;5.118132e+00;-2.835594e+00;2.932660e-03;-5.303982e-05;9.437469e-07;-1.871404e-07;1.620791e-05;-2.151378e-06;1.618677e-05;-9.672799e-08;7.055900e-06;3.333560e-07;4.702384e-04;7.034993e-07;5.174199e-02;-2.242152e-03;5.238375e-02;2.374099e-03;8.808424e-03;-1.556368e-04;3.325608e-04;6.298816e-06;5.036523e-03;9.569864e-05;1.642689e-02;9.186495e-05;3.994972e-02;-5.625624e-04;3.747267e-02;7.071471e-04;5.729309e-02;6.050394e-04;4.940361e-02;3.616678e-03;4.861939e-02;3.510363e-03;5.794865e-02;2.175857e-03;2.977031e-02;1.404501e-04;5.779856e-02;1.343537e-03;8.404583e-02;-1.677152e-03;5.410510e-02;4.620265e-03;5.920943e-02;4.191374e-03;4.973050e-02;1.781131e-03;9.374529e-02;3.000073e-03;8.106425e-02;6.393344e-03;9.310209e-02;6.841874e-03;9.382525e-02;5.813187e-03;9.709908e-02;6.529446e-03;1.165327e-01;4.351231e-03;1.181637e-01;2.097155e-03;1.049885e-01;6.363504e-04;6.652462e-02;8.972933e-04;5.532323e-02;1.384360e-03;3.917981e-02;1.796347e-03;3.182511e-02;1.346223e-03;3.836450e-01;-2.164732e-03;1.611893e-03;-8.283794e-05;6.694191e+00;-1.004883e-01;5.744681e+00;-2.727539e-01;1.123057e+01;-3.445312e-01;1.803163e+01;-2.727539e-01;6.287608e-02;2.590214e-03;6.712847e+00;-2.749064e-01;7.869516e-02;-3.164762e-03;2.769264e+03;1.301838e+02;3.686891e+00;3.468548e-01;6.809820e+02;2.836950e+01;1.738629e-01;1.556801e-03;7.399350e-03;-3.071010e-04;3.857922e-01;-6.470481e-03;7.798986e-01;-9.703797e-02;9.020151e-01;6.542514e-02;9.155973e-01;1.275680e-01;1.151093e+00;-2.712706e-02;1.491056e+00;-1.271628e-01;1.832272e+00;9.807316e-02;1.910747e+00;-5.647817e-02;1.512859e+00;3.344100e-02;1.325503e+00;1.563598e-01;1.843379e+00;8.916270e-02;1.627438e+00;-8.930016e-02;1.364340e+00;-3.847960e-02;1.256973e+00;1.649056e-01;1.022143e+00;7.539761e-02
9.500000;2.249869e+01;8.786020e+01;1.834379e-02;7.740114e-01;2.115157e-01;1.292469e-01;2.503220e-01;1.707787e-01;1.157232e-01;1.826638e-01;2.584023e+00;8.259851e+00;8.022991e-02;6.249338e-01;1.622836e-01;1.005645e+00;1.364313e-02;5.920350e-02;2.395542e-03;9.174855e-03;2.131059e-02;1.197165e-01;4.578403e-02;2.473403e-01;1.674415e-01;4.111593e-01;1.887813e-01;5.669755e-01;1.121690e-01;5.702834e-01;1.422374e-01;6.926923e-01;2.153952e-01;7.948047e-01;1.820557e-01;8.949594e-01;1.314985e-01;9.046838e-01;2.350696e-01;1.016572e+00;2.684843e-01;1.061035e+00;1.968001e-01;1.132527e+00;1.857196e-01;1.214246e+00;2.461798e-01;1.285042e+00;3.179635e-01;1.374789e+00;3.362151e-01;1.466446e+00;2.906543e-01;1.461832e+00;4.035594e-01;1.540844e+00;3.391020e-01;1.505625e+00;4.710170e-01;1.560428e+00;5.594411e-01;1.520556e+00;5.025482e-01;1.386129e+00;2.549330e-01;1.116247e+00;2.040468e-01;9.358680e-01;1.425595e-01;7.536063e-01;1.267803e-01;6.123590e-01;3.111123e-01;2.696813e-01;1.378137e-03;2.033400e-03;4.160883e+01;1.172842e+02;4.604034e+01;1.477178e+02;5.360014e+01;1.890615e+02;4.945954e+01;2.532305e+02;1.305920e-01;4.188133e-01;3.635608e+01;1.677228e+02;2.498706e-01;2.256905e+00;4.306295e+04;3.528198e+04;1.150577e+01;3.983441e+01;1.878266e+03;3.526611e+03;8.206934e-02;-1.776426e-01;4.040492e-02;1.786570e-01;1.831261e-01;2.932112e-01;3.549776e+00;3.905616e+01;3.787701e+00;1.976069e+01;4.847406e+00;2.053368e+01;4.341983e+00;8.501024e+00;6.790470e+00;8.563989e+00;8.437452e+00;5.234612e+00;7.557343e+00;5.802135e+00;7.703547e+00;-7.226486e+00;8.818144e+00;-9.835272e+00;8.136044e+00;5.000607e+00;6.795540e+00;-6.248944e+00;6.836987e+00;1.053588e+00;8.090287e+00;5.034251e+00;6.249161e+00;5.913193e-01;1.684990e-03;1.630868e-05;2.107565e-06;-9.622508e-08;1.850043e-05;-2.234425e-07;2.299161e-05;1.991014e-08;1.455503e-05;9.743894e-08;2.628757e-04;2.617547e-06;2.510324e-02;1.245111e-03;5.208068e-02;4.082193e-03;3.265701e-03;-2.064018e-04;4.774498e-04;7.873520e-05;4.741075e-03;-2.583208e-04;9.320559e-03;1.182678e-03;2.656599e-02;2.571777e-03;3.661866e-02;7.862997e-04;2.408858e-02;2.558211e-03;3.375349e-02;1.075317e-03;4.432576e-02;9.649749e-05;4.786839e-02;2.092941e-03;4.093768e-02;1.004481e-04;6.103417e-02;6.645022e-03;7.010162e-02;1.374240e-02;4.898440e-02;3.738713e-03;5.657034e-02;6.727673e-03;6.478892e-02;7.485393e-03;9.988721e-02;5.780172e-03;9.937838e-02;9.072755e-03;8.730224e-02;7.384384e-03;1.190445e-01;9.866903e-03;1.080410e-01;6.112735e-03;1.453442e-01;6.448970e-03;1.590323e-01;3.063954e-03;1.422675e-01;1.933550e-03;8.781558e-02;2.845604e-03;6.671273e-02;3.417731e-03;4.749093e-02;1.026293e-03;4.054554e-02;6.389376e-04;6.381009e-02;1.262343e-03;4.715693e-04;3.689281e-05;9.299807e+00;6.459961e-01;7.331640e+00;8.326172e-01;1.249400e+01;9.331055e-01;1.333360e+01;7.177734e-01;3.951168e-02;-1.411630e-04;6.668355e+00;7.336739e-01;7.913921e-02;5.622899e-03;1.645683e+04;4.596974e+02;3.293642e+00;-4.045158e-01;6.142566e+02;-9.048943e+01;1.993146e-02;1.045037e-03;7.305178e-03;7.618606e-04;4.446668e-02;-1.888528e-03;1.058649e+00;-1.028191e-01;9.908479e-01;-1.273335e-01;9.256552e-01;8.208991e-02;1.348933e+00;6.160153e-02;1.626602e+00;2.236214e-02;1.986800e+00;-1.148229e-01;1.574087e+00;-1.955776e-01;1.818340e+00;-2.956932e-01;1.879174e+00;-5.811526e-02;1.759466e+00;-1.649354e-02;1.806232e+00;-6.317129e-02;1.223205e+00;-1.648592e-01;1.751788e+00;-7.782817e-02;1.193960e+00;-7.118396e-03
10.000000;4.369292e+01;1.102152e+02;2.139186e-02;7.687527e-01;1.649021e-01;1.754514e-01;2.523654e-01;2.242108e-01;1.481472e-01;2.348831e-01;3.267421e+00;7.029273e+00;3.269283e-01;8.372939e-01;2.622848e-01;1.115380e+00;5.236647e-02;7.940222e-02;1.928372e-03;1.093096e-02;2.273030e-02;1.230808e-01;1.168502e-01;3.063261e-01;2.571524e-01;5.295316e-01;2.088440e-01;6.222463e-01;2.723925e-01;7.600518e-01;3.273514e-01;9.601157e-01;3.989117e-01;1.033736e+00;1.522158e-01;9.747695e-01;3.576951e-01;1.126732e+00;3.254709e-01;1.222581e+00;3.327797e-01;1.254910e+00;3.705661e-01;1.336463e+00;4.144904e-01;1.384683e+00;4.284489e-01;1.504284e+00;2.795821e-01;1.493496e+00;4.381846e-01;1.558385e+00;3.822249e-01;1.551892e+00;5.846981e-01;1.676876e+00;6.595632e-01;1.702054e+00;6.434568e-01;1.607633e+00;6.887609e-01;1.500645e+00;6.330243e-01;1.365294e+00;3.372538e-01;1.107008e+00;2.884649e-01;9.332858e-01;2.361132e-01;7.539343e-01;2.232123e-01;6.098779e-01;1.212667e+00;8.444349e-01;9.616471e-03;8.980550e-03;4.809639e+01;1.373818e+02;4.895089e+01;1.758545e+02;4.728052e+01;2.174854e+02;6.799266e+01;2.961533e+02;3.327589e-01;6.728474e-01;3.404463e+01;1.995433e+02;3.309998e-01;2.414015e+00;4.982272e+04;4.865788e+04;1.179958e+01;2.635478e+01;1.359123e+03;1.992416e+03;6.620698e-01;-4.419836e-01;3.817946e-02;2.113712e-01;1.540655e+00;9.283903e-01;6.780311e+00;4.015846e+01;6.153644e+00;1.338710e+01;5.543595e+00;1.921444e+01;6.100914e+00;4.943013e+00;7.820087e+00;5.177643e+00;9.455911e+00;4.472141e+00;1.267259e+01;3.798386e+00;1.097608e+01;-1.049405e+01;9.821554e+00;-8.418705e+00;7.814878e+00;2.508362e+00;7.906574e+00;-5.480882e+00;6.793692e+00;-7.769841e+00;1.013755e+01;-5.624161e+00;8.529579e+00;-2.601570e+00;3.730565e-03;2.553980e-04;2.451692e-06;-2.475270e-08;1.621790e-05;2.168513e-06;2.784925e-05;4.182559e-07;2.062463e-05;-4.184455e-07;3.151159e-04;-1.574445e-05;5.047860e-02;4.420460e-03;7.101861e-02;-1.523375e-03;9.424966e-03;2.234805e-04;5.046182e-04;3.325774e-05;4.594481e-03;-1.920071e-04;2.544884e-02;2.854299e-05;5.576844e-02;9.279186e-04;4.243826e-02;1.425354e-03;5.951986e-02;2.509371e-03;6.134214e-02;-3.038865e-04;7.010562e-02;-3.110945e-03;4.021401e-02;-2.979153e-03;7.941051e-02;1.957921e-03;8.743224e-02;8.493184e-04;6.831127e-02;1.936917e-03;7.726047e-02;-1.996761e-03;9.759158e-02;-2.596013e-03;9.993766e-02;5.288119e-04;9.562152e-02;-2.158213e-03;1.133451e-01;-4.190865e-03;9.177985e-02;-3.214711e-03;1.544756e-01;-3.207937e-03;1.772851e-01;-5.974046e-03;1.866748e-01;-5.889771e-03;1.846040e-01;-4.056653e-03;1.706039e-01;-3.153044e-03;1.049357e-01;-1.885631e-03;8.504710e-02;-1.576005e-03;7.539950e-02;-1.728765e-03;7.427031e-02;-1.557504e-03;2.659312e-01;8.328996e-03;1.866400e-03;1.009255e-04;1.056274e+01;8.613281e-01;8.844309e+00;1.105371e+00;1.214904e+01;1.091016e+00;1.636483e+01;1.550391e+00;8.020162e-02;-1.021874e-03;5.934803e+00;1.014511e+00;8.936417e-02;7.612979e-03;1.790939e+04;-9.857906e+01;2.517732e+00;-4.613477e-01;3.649350e+02;-4.315417e+01;1.543769e-01;-1.996589e-03;6.470832e-03;1.123491e-03;3.422593e-01;6.767862e-03;1.288718e+00;1.366307e-01;1.110715e+00;-1.375060e-01;1.281130e+00;-7.428683e-02;1.399219e+00;-3.528385e-02;1.577538e+00;-1.044549e-01;2.097963e+00;-8.840313e-02;2.437945e+00;-1.338746e-01;2.100059e+00;-1.988998e-01;2.030019e+00;-9.568933e-02;1.682725e+00;-1.457517e-01;1.954515e+00;9.410597e-02;1.616681e+00;-2.744545e-02;1.902287e+00;-2.445814e-01;1.504831e+00;-1.418053e-01
10.500000;4.890204e+01;9.906153e+01;2.205154e-02;7.594734e-01;1.375851e-01;1.648292e-01;1.559527e-01;1.769473e-01;1.411487e-01;2.610967e-01;2.913895e+00;5.747870e+00;2.491469e-01;1.012710e+00;2.661108e-01;1.058968e+00;4.888761e-02;8.754490e-02;2.334088e-03;1.266818e-02;1.594077e-02;1.285484e-01;1.167260e-01;2.969866e-01;2.393593e-01;4.587143e-01;1.369692e-01;5.943243e-01;2.522919e-01;7.858342e-01;3.150538e-01;9.719803e-01;4.062143e-01;1.066335e+00;1.605572e-01;9.446945e-01;3.792138e-01;1.143926e+00;3.266177e-01;1.180731e+00;3.284753e-01;1.213893e+00;3.961298e-01;1.331305e+00;4.204678e-01;1.379922e+00;4.825734e-01;1.445798e+00;3.679634e-01;1.360234e+00;5.085002e-01;1.417354e+00;4.340979e-01;1.531962e+00;5.478870e-01;1.517615e+00;6.859916e-01;1.521985e+00;6.289216e-01;1.455325e+00;5.721753e-01;1.336064e+00;5.303537e-01;1.219742e+00;3.008545e-01;1.054720e+00;2.343359e-01;8.617123e-01;2.099146e-01;7.278184e-01;2.040882e-01;5.856317e-01;1.145401e+00;9.515023e-01;7.843992e-03;1.287408e-02;3.843702e+01;1.583408e+02;3.897609e+01;2.041348e+02;6.786646e+01;2.726104e+02;1.121841e+02;4.091309e+02;2.966382e-01;7.699063e-01;3.787555e+01;2.432137e+02;4.508604e-01;2.776614e+00;2.997939e+04;4.356980e+04;7.616693e+00;1.393896e+01;7.479564e+02;8.891101e+02;6.433573e-01;-4.910288e-01;4.225175e-02;2.582715e-01;1.490650e+00;1.049200e+00;7.836282e+00;4.636759e+01;4.443911e+00;7.397213e+00;8.457071e+00;1.453077e+01;5.611974e+00;2.128264e+00;8.332161e+00;-7.252697e-01;8.818179e+00;1.368186e+00;1.153250e+01;-3.106474e+00;1.008060e+01;-9.347385e+00;8.885726e+00;-4.290726e-01;6.247952e+00;1.054406e+00;6.173629e+00;-4.301548e+00;7.929208e+00;-5.831682e+00;5.962306e+00;-1.195363e+01;8.342066e+00;-1.258425e+01;3.998944e-03;-4.071424e-05;1.800021e-06;-2.789719e-08;1.455427e-05;1.555852e-06;2.136117e-05;3.352144e-07;1.990876e-05;4.376095e-07;2.553904e-04;-2.082909e-05;4.806424e-02;2.041143e-03;6.028782e-02;5.491514e-04;9.297553e-03;1.769066e-05;3.558983e-04;-4.535155e-06;3.708126e-03;1.891424e-04;2.511776e-02;-5.105661e-04;4.995017e-02;-9.068697e-04;2.818103e-02;9.278221e-04;5.730008e-02;4.030562e-04;5.521418e-02;1.912176e-03;6.815553e-02;2.643927e-03;2.812537e-02;1.283207e-03;9.299801e-02;3.931587e-03;7.777224e-02;-3.831511e-03;5.749242e-02;-8.791466e-03;7.342520e-02;7.649858e-03;9.726783e-02;6.414753e-04;1.045842e-01;2.799637e-03;8.190806e-02;5.959158e-03;9.596019e-02;3.936876e-04;9.588321e-02;-3.091097e-03;1.206057e-01;-8.706179e-03;1.549206e-01;1.354602e-03;1.673933e-01;-3.679711e-03;1.430476e-01;4.053129e-03;1.340875e-01;5.360670e-03;8.649164e-02;2.093198e-03;6.152153e-02;-1.466513e-03;6.283104e-02;2.176389e-03;6.531937e-02;1.489119e-03;2.605982e-01;7.768191e-05;1.912536e-03;3.697448e-05;8.347567e+00;1.866211e-01;8.934316e+00;-1.148437e-01;1.550324e+01;4.306641e-01;1.874041e+01;1.909277e+00;8.313210e-02;1.647525e-03;6.388640e+00;5.128853e-01;7.965428e-02;6.394310e-03;7.799019e+03;-2.024885e+01;1.880499e+00;-1.737654e-01;2.040238e+02;-1.382757e+01;1.545030e-01;-3.100859e-05;6.649968e-03;5.399879e-04;3.424336e-01;-1.003285e-04;1.091549e+00;1.259339e-01;1.048075e+00;-9.223609e-02;1.448015e+00;-1.965592e-01;1.240247e+00;-6.485336e-02;1.271462e+00;-1.893158e-01;1.679252e+00;-1.915718e-01;2.388183e+00;5.073661e-02;1.695959e+00;3.389616e-01;1.839802e+00;1.161550e-01;1.701208e+00;3.637885e-02;1.616755e+00;-6.488703e-02;1.633344e+00;1.166543e-01;1.596884e+00;3.491507e-03;1.474739e+00;-2.817841e-02
11.000000;5.437413e+01;1.176476e+02;3.601362e-02;7.733438e-01;1.363690e-01;1.249872e-01;1.185849e-01;1.164450e-01;1.234819e-01;2.062109e-01;2.949629e+00;6.654158e+00;1.529849e-01;8.832367e-01;1.362846e-01;9.477234e-01;1.647997e-02;6.642725e-02;2.416572e-03;1.242252e-02;9.708560e-03;1.228777e-01;5.527481e-02;2.672758e-01;9.284361e-02;4.002328e-01;7.000076e-02;5.566798e-01;1.411626e-01;6.965487e-01;1.594969e-01;7.728245e-01;2.215407e-01;8.383253e-01;1.305143e-01;8.824710e-01;2.747942e-01;1.050470e+00;2.518916e-01;1.029140e+00;1.473660e-01;1.034622e+00;2.215986e-01;1.097282e+00;1.706357e-01;1.177534e+00;3.531486e-01;1.227357e+00;3.311245e-01;1.208124e+00;3.280149e-01;1.191046e+00;3.503391e-01;1.316157e+00;3.078114e-01;1.309931e+00;4.459576e-01;1.347280e+00;4.000805e-01;1.350317e+00;3.227239e-01;1.305570e+00;3.071689e-01;1.204884e+00;2.189773e-01;1.067270e+00;1.289620e-01;8.754583e-01;1.027978e-01;7.258511e-01;9.158640e-02;5.852771e-01;2.181434e-01;4.754835e-01;3.925260e-03;7.610688e-03;2.093931e+01;1.696816e+02;2.816746e+01;2.081543e+02;5.900412e+01;2.843818e+02;8.485479e+01;4.303770e+02;1.877429e-01;5.702274e-01;3.198963e+01;2.511053e+02;3.031903e-01;2.880437e+00;1.060003e+04;3.152068e+04;5.920949e+00;1.406163e+01;6.387703e+02;1.030578e+03;1.049500e-01;-2.245170e-01;3.358312e-02;2.688300e-01;2.366775e-01;4.673551e-01;3.722450e+00;4.995650e+01;6.155021e+00;9.925073e+00;5.533646e+00;8.281815e+00;6.263943e+00;4.067078e+00;5.630395e+00;-1.729713e+00;5.335756e+00;-5.576691e+00;5.292386e+00;-8.576364e+00;6.606054e+00;-4.828294e+00;6.712398e+00;4.001299e-01;4.665440e+00;-3.246000e+00;4.994689e+00;-3.453990e+00;5.033681e+00;3.764322e+00;5.724259e+00;-1.040606e+01;7.145767e+00;-1.597107e+01;2.480786e-03;2.308547e-06;1.886059e-06;5.940865e-08;1.101536e-05;1.286826e-06;1.083259e-05;8.072924e-08;1.388648e-05;2.854145e-07;1.981156e-04;-6.326692e-07;2.768536e-02;-1.504885e-03;3.993823e-02;4.073766e-03;3.581341e-03;-2.607234e-04;2.974082e-04;-3.779287e-06;3.216173e-03;-3.861186e-05;1.222074e-02;-1.784056e-04;2.048865e-02;1.011429e-06;1.254759e-02;5.999377e-06;2.831896e-02;-1.826832e-03;3.183178e-02;-1.199873e-03;3.606936e-02;4.812694e-04;2.992817e-02;2.467725e-03;7.776104e-02;-1.500501e-03;5.414091e-02;-1.977271e-04;2.821411e-02;8.650089e-04;3.820575e-02;3.836121e-04;4.961692e-02;3.427776e-03;8.848348e-02;5.226712e-04;7.483307e-02;4.491507e-03;9.214387e-02;1.636250e-02;9.462582e-02;6.412485e-03;8.861109e-02;9.507380e-03;1.099351e-01;9.782090e-03;1.143714e-01;1.497162e-02;9.083250e-02;1.095291e-02;8.641963e-02;1.168105e-02;7.057639e-02;8.265738e-03;3.358274e-02;4.788926e-03;2.944044e-02;3.235494e-03;2.889970e-02;2.253109e-03;4.251260e-02;-3.727213e-03;6.467274e-04;-5.769905e-05;6.760740e+00;2.871094e-02;7.706681e+00;-2.009766e-01;1.388482e+01;5.167969e-01;1.315872e+01;1.291992e-01;5.259888e-02;-9.336054e-04;6.400034e+00;1.001107e-01;5.356040e-02;1.118694e-03;2.619971e+03;4.320810e+01;1.127622e+00;7.226140e-02;1.236258e+02;5.306313e+00;2.390229e-02;2.250430e-03;6.661774e-03;1.158250e-04;5.109403e-02;-3.603218e-03;9.412419e-01;-9.097949e-02;8.940396e-01;8.406158e-02;1.456864e+00;7.434696e-03;1.211240e+00;-8.949807e-02;1.000466e+00;6.374978e-02;1.130478e+00;-1.183611e-01;1.431119e+00;2.388293e-02;1.182203e+00;-4.469821e-03;1.564684e+00;-3.048801e-02;1.364188e+00;1.157530e-02;1.253584e+00;-6.126529e-02;1.417298e+00;3.254556e-02;1.842792e+00;1.112335e-01;1.434844e+00;7.006042e-03
11.500000;5.056379e+01;1.536370e+02;2.462169e-02;7.945652e-01;1.528497e-01;1.262489e-01;1.254886e-01;8.449308e-02;1.075685e-01;1.841564e-01;2.435797e+00;7.780210e+00;1.400768e-01;7.594295e-01;1.857759e-01;9.894162e-01;1.698330e-02;6.053045e-02;1.031625e-03;1.031242e-02;1.143103e-02;1.288998e-01;6.297802e-02;2.784166e-01;1.001726e-01;4.286876e-01;7.203763e-02;5.465768e-01;1.752998e-01;6.727830e-01;2.545906e-01;7.650171e-01;1.579612e-01;8.134419e-01;1.311468e-01;9.226157e-01;2.656780e-01;9.851492e-01;2.897299e-01;9.625638e-01;1.462813e-01;9.985787e-01;1.672794e-01;1.049906e+00;1.307104e-01;1.135011e+00;2.684149e-01;1.148891e+00;2.962382e-01;1.276747e+00;4.558993e-01;1.431106e+00;6.498114e-01;1.473176e+00;5.829239e-01;1.511826e+00;7.122813e-01;1.641390e+00;4.997722e-01;1.522738e+00;3.711194e-01;1.421367e+00;3.542036e-01;1.294289e+00;1.964932e-01;1.064111e+00;1.231932e-01;9.031221e-01;1.122294e-01;7.386362e-01;1.150515e-01;6.097743e-01;1.611661e-01;3.559628e-01;2.251085e-03;3.759111e-03;1.924436e+01;1.617861e+02;1.505614e+01;1.923633e+02;2.264117e+01;2.533740e+02;3.037666e+01;3.634805e+02;1.411469e-01;4.718738e-01;1.478195e+01;2.265272e+02;2.038264e-01;2.726687e+00;8.245536e+03;2.483371e+04;5.410483e+00;1.995604e+01;5.425924e+02;1.645270e+03;9.588849e-02;-1.889710e-01;1.590407e-02;2.437240e-01;2.272708e-01;3.991365e-01;3.629146e+00;4.830064e+01;4.690229e+00;1.549399e+01;7.190755e+00;1.054120e+01;8.078531e+00;2.961862e+00;6.114732e+00;-1.640491e+00;6.174577e+00;-3.841499e+00;6.926253e+00;-6.324483e+00;7.062242e+00;-4.975240e+00;6.388177e+00;-4.769365e+00;4.747674e+00;-4.350152e+00;6.797365e+00;-5.535069e+00;5.624312e+00;2.583970e+00;7.521969e+00;-4.578032e+00;8.729137e+00;-1.054598e+01;2.719074e-03;3.355176e-04;2.005453e-06;1.678839e-07;1.483668e-05;-3.468818e-07;1.447852e-05;-1.766118e-07;1.025057e-05;5.865956e-08;2.130281e-04;1.468049e-05;3.227682e-02;-2.747754e-04;5.372055e-02;1.060628e-03;4.163160e-03;1.937849e-04;2.096768e-04;-3.552532e-05;3.668851e-03;2.344049e-04;1.515608e-02;8.719579e-04;2.663469e-02;1.508531e-03;1.205297e-02;1.420063e-03;3.457700e-02;2.507283e-03;5.342297e-02;6.007929e-03;3.110445e-02;4.146575e-03;2.757762e-02;5.298856e-04;6.452031e-02;-2.427069e-03;5.815208e-02;1.045207e-04;3.210142e-02;8.384258e-04;3.742307e-02;-6.934225e-03;3.441159e-02;-3.785403e-03;7.364941e-02;-3.215445e-03;6.861247e-02;-6.431855e-03;1.055789e-01;-1.810628e-03;1.486707e-01;1.352683e-02;1.477272e-01;1.173103e-02;1.977515e-01;4.492685e-03;1.447142e-01;5.874794e-03;1.172269e-01;-8.379425e-04;1.148687e-01;-2.560543e-03;6.322876e-02;-2.397884e-04;4.206835e-02;2.351359e-03;4.246619e-02;-2.325299e-04;4.423996e-02;-9.452717e-05;3.548260e-02;1.947853e-03;4.490779e-04;-6.977705e-05;5.250335e+00;-8.613281e-02;5.456967e+00;-1.435547e-01;8.315510e+00;-2.727539e-01;1.025840e+01;-6.172851e-01;4.917693e-02;8.967766e-04;4.113047e+00;-3.330100e-01;5.275380e-02;-2.938268e-03;2.218755e+03;-2.711424e+02;1.810523e+00;1.331399e-01;1.802313e+02;1.816568e+01;2.491154e-02;-1.182993e-03;4.424619e-03;-3.030055e-04;4.918585e-02;2.504863e-03;1.012357e+00;-4.067834e-03;8.250273e-01;1.960617e-01;1.707987e+00;1.491231e-01;1.569206e+00;-2.051227e-01;1.095552e+00;-1.498046e-01;9.879797e-01;1.810925e-01;1.625662e+00;-3.848488e-02;1.032756e+00;-5.646297e-02;1.372025e+00;1.242778e-01;1.374277e+00;-2.282633e-02;1.243775e+00;-3.702354e-02;1.322352e+00;-7.661064e-02;1.988234e+00;3.293079e-02;1.679565e+00;-7.162078e-02
12.000000;4.091730e+01;1.702561e+02;1.716329e-02;7.981465e-01;1.326119e-01;9.270594e-02;1.112051e-01;6.939334e-02;1.072414e-01;2.062437e-01;1.815234e+00;7.662821e+00;1.066100e-01;6.867991e-01;1.706333e-01;9.700924e-01;1.108819e-02;5.656581e-02;5.814853e-04;9.915596e-03;1.161756e-02;1.267103e-01;4.615645e-02;2.685019e-01;6.810481e-02;4.137993e-01;5.613506e-02;5.330265e-01;1.235632e-01;6.564857e-01;2.378596e-01;7.902235e-01;1.112599e-01;8.464943e-01;1.155368e-01;8.746006e-01;1.463244e-01;9.078625e-01;1.440045e-01;9.084822e-01;1.345693e-01;9.657515e-01;9.141351e-02;1.026087e+00;1.246405e-01;1.082031e+00;2.432084e-01;1.194307e+00;2.754278e-01;1.334506e+00;4.328095e-01;1.409656e+00;6.691759e-01;1.487540e+00;5.981500e-01;1.506831e+00;6.860935e-01;1.532904e+00;5.229365e-01;1.510677e+00;3.238572e-01;1.360685e+00;3.263956e-01;1.241262e+00;1.764710e-01;1.053432e+00;1.094029e-01;8.793243e-01;1.071626e-01;7.232212e-01;1.006197e-01;5.880042e-01;1.159183e-01;3.069501e-01;1.212937e-03;1.385750e-03;1.539185e+01;1.653750e+02;1.236488e+01;1.925068e+02;2.349390e+01;2.578242e+02;3.261536e+01;3.647725e+02;1.073816e-01;4.413472e-01;1.219454e+01;2.270702e+02;1.830453e-01;2.685856e+00;5.376561e+03;2.115057e+04;5.496664e+00;2.144323e+01;6.053541e+02;1.974618e+03;5.780919e-02;-1.586017e-01;1.358995e-02;2.451271e-01;1.349214e-01;3.335851e-01;3.439715e+00;4.845862e+01;5.299166e+00;2.147181e+01;6.622537e+00;1.423903e+01;7.052826e+00;-2.592508e+00;6.360534e+00;-1.020837e+01;5.460007e+00;-2.114537e+00;4.518307e+00;-1.121830e+00;5.197259e+00;-4.602540e+00;7.043342e+00;-4.080513e+00;4.530436e+00;-2.762308e+00;6.815605e+00;-7.266837e+00;3.224553e+00;-1.461576e+00;6.883577e+00;-3.422315e+00;6.868397e+00;-1.127611e+01;2.218652e-03;-5.704379e-06;1.631366e-06;-3.471685e-09;1.277149e-05;-2.656495e-07;1.216339e-05;-2.233484e-07;1.062594e-05;8.926708e-07;1.736147e-04;6.826710e-06;2.185201e-02;-3.428132e-03;4.516053e-02;-3.337562e-03;2.738906e-03;-2.197991e-04;2.116019e-04;4.913075e-06;3.274135e-03;6.745531e-05;1.111775e-02;2.209933e-05;1.869932e-02;-1.747085e-04;9.642722e-03;-1.071768e-03;2.347855e-02;-4.459730e-04;4.633904e-02;-6.484466e-04;2.212307e-02;-6.767402e-04;1.780202e-02;-2.196157e-03;4.884451e-02;-2.252979e-03;3.506939e-02;-2.705181e-03;4.321712e-02;-2.405385e-03;3.504650e-02;-9.478901e-04;3.416205e-02;-2.358400e-03;6.441066e-02;-1.800530e-03;5.636050e-02;-1.584216e-03;7.394052e-02;-1.562860e-02;1.464367e-01;-5.599694e-03;1.411062e-01;-7.163883e-03;1.804840e-01;-5.972633e-03;1.388061e-01;-9.793139e-03;9.258428e-02;-5.994614e-03;9.578540e-02;-7.209091e-03;5.302354e-02;-5.426683e-03;3.922446e-02;-2.418108e-03;4.009253e-02;-1.570219e-03;3.880412e-02;-8.211366e-04;2.275652e-02;-3.931404e-03;2.438479e-04;-5.473860e-05;4.080490e+00;-2.871094e-02;4.574960e+00;-8.613281e-02;9.643798e+00;-6.890625e-01;1.222978e+01;-4.593750e-01;3.670251e-02;-1.198799e-03;3.599496e+00;-2.713265e-01;5.200262e-02;-2.946991e-03;1.729721e+03;-6.309156e+01;1.960247e+00;7.217024e-02;2.061498e+02;1.557688e+01;1.523998e-02;1.169013e-03;3.959859e-03;-2.955697e-04;3.076059e-02;-2.074163e-03;9.402273e-01;2.682236e-02;7.571443e-01;1.408724e-01;1.516472e+00;4.115289e-02;1.343056e+00;-4.601051e-03;1.037882e+00;-1.310459e-01;1.038668e+00;-1.304927e-02;1.541067e+00;8.212990e-02;1.082229e+00;1.937047e-01;1.293296e+00;2.322341e-02;1.394144e+00;-2.647583e-02;1.266553e+00;1.085374e-02;1.201869e+00;-2.373051e-02;1.552167e+00;-6.135097e-02;1.290345e+00;-1.975414e-02
12.500000;4.143895e+01;1.743978e+02;2.737170e-02;7.932032e-01;2.091137e-02;3.989068e-02;1.804858e-02;3.208515e-02;1.155018e-01;2.065742e-01;1.158230e+01;5.463149e+00;1.354139e-01;5.477988e-01;9.579053e-02;9.070987e-01;1.278778e-02;4.644807e-02;1.069111e-03;9.166037e-03;9.788593e-03;1.233236e-01;3.426520e-02;2.577532e-01;5.139698e-02;3.935609e-01;6.312165e-02;5.015517e-01;1.134130e-01;6.229871e-01;1.643064e-01;7.269384e-01;1.017545e-01;7.798613e-01;6.660820e-02;7.947935e-01;1.340850e-01;8.757558e-01;9.505091e-02;9.449970e-01;1.468729e-01;9.934827e-01;8.314425e-02;1.046759e+00;8.000010e-02;1.056622e+00;2.243807e-01;1.190403e+00;2.287460e-01;1.263470e+00;1.690366e-01;1.202472e+00;3.009849e-01;1.237618e+00;2.934880e-01;1.297038e+00;2.876956e-01;1.322385e+00;3.007819e-01;1.337029e+00;1.941431e-01;1.278537e+00;1.972472e-01;1.153318e+00;1.255472e-01;1.032122e+00;9.123955e-02;8.673401e-01;6.954789e-02;7.063267e-01;5.762293e-02;5.781192e-01;1.272941e-01;1.872448e-01;3.021150e-04;4.036438e-04;3.021477e+01;1.564746e+02;2.190091e+01;1.815967e+02;3.239727e+01;2.349990e+02;5.139098e+01;3.390762e+02;8.359818e-02;3.613117e-01;2.686275e+01;2.122504e+02;1.352099e-01;2.523660e+00;3.668938e+03;1.887120e+04;8.034932e+00;2.617405e+01;8.366672e+02;2.652770e+03;5.552995e-02;-1.099738e-01;3.019666e-02;2.287410e-01;1.222339e-01;2.319891e-01;3.607332e+00;4.779489e+01;3.279835e+00;2.764456e+01;3.455645e+00;1.452271e+01;5.033101e+00;-1.546107e+00;6.282599e+00;-1.134565e+01;4.940128e+00;-4.633047e+00;3.280527e+00;2.784289e-02;5.664718e+00;-5.151068e-01;5.080273e+00;-2.633716e+00;3.750417e+00;-1.344769e+00;6.004689e+00;-3.228113e+00;3.876583e+00;-3.434005e+00;5.438605e+00;-8.887199e+00;3.947130e+00;-1.357692e+01;1.033441e-03;-4.082223e-05;1.487183e-06;-1.455588e-07;1.858376e-06;-3.032879e-08;1.609922e-06;4.447623e-08;1.067029e-05;1.149380e-06;1.134099e-03;-1.557644e-05;8.029723e-03;-5.016824e-03;2.529366e-02;-3.375061e-03;8.381609e-04;-4.726095e-04;2.648170e-04;-1.385739e-05;3.282525e-03;-3.172356e-04;3.634306e-03;-1.682061e-03;6.380187e-03;-2.694420e-03;7.750216e-03;-1.928283e-03;1.332139e-02;-4.638646e-03;1.758002e-02;-9.041974e-03;1.170938e-02;-5.332207e-03;1.578647e-02;-2.651857e-04;3.880994e-02;-6.728199e-04;3.319819e-02;-1.040182e-04;4.986145e-02;-1.631406e-06;2.953675e-02;-6.991611e-04;3.227631e-02;1.475070e-03;5.999811e-02;-1.880427e-03;5.246518e-02;-1.880899e-03;4.524441e-02;-5.239461e-03;6.278544e-02;-1.308544e-02;6.952988e-02;-1.178578e-02;7.797962e-02;-8.646256e-03;7.289736e-02;-4.160372e-03;5.095293e-02;-2.765788e-03;4.802472e-02;-2.723049e-03;3.350735e-02;-3.505188e-03;2.982072e-02;-3.444297e-03;2.390819e-02;-1.694035e-03;2.012138e-02;-1.037997e-03;6.643383e-03;-3.618837e-03;4.412472e-05;-1.024366e-05;5.581601e+00;-9.761719e-01;4.426143e+00;-8.039063e-01;8.227374e+00;-6.316406e-01;1.178475e+01;-1.119727e+00;1.692607e-02;-3.607266e-03;4.123580e+00;-7.661798e-01;4.076920e-02;-1.274799e-03;1.364224e+03;1.980664e+02;1.827155e+00;1.173799e-01;2.384016e+02;6.490842e-01;3.201256e-03;2.044785e-03;4.600731e-03;-8.661852e-04;9.275682e-03;-4.321208e-03;6.923438e-01;-6.920987e-02;6.687168e-01;9.781429e-03;8.379228e-01;-7.926298e-02;6.469663e-01;1.721644e-01;9.356135e-01;1.946263e-01;1.063796e+00;-3.161571e-02;1.172969e+00;5.255561e-02;1.013227e+00;1.256239e-01;1.195678e+00;-2.020255e-01;1.182861e+00;2.370094e-03;1.249418e+00;9.117095e-02;1.111904e+00;1.382349e-02;1.095508e+00;6.913654e-03;8.012597e-01;1.004934e-01
13.000000;4.959618e+01;1.610232e+02;3.631110e-02;7.942582e-01;1.032382e-01;6.737123e-02;1.252111e-01;6.923901e-02;1.397779e-01;2.068208e-01;1.228337e+01;6.827042e+00;1.395692e-01;5.331277e-01;3.252456e-01;1.079218e+00;1.179297e-02;4.464092e-02;1.702989e-03;9.250441e-03;1.787633e-02;1.316715e-01;7.182766e-02;2.809627e-01;1.175097e-01;4.349189e-01;1.172122e-01;5.566479e-01;1.948721e-01;6.801391e-01;2.938142e-01;8.015133e-01;2.197239e-01;8.620613e-01;2.726252e-01;9.531670e-01;1.841814e-01;9.120029e-01;2.472800e-01;1.079875e+00;3.107495e-01;1.185846e+00;3.982578e-01;1.258204e+00;4.014164e-01;1.313651e+00;3.801571e-01;1.349084e+00;5.124200e-01;1.490081e+00;7.118951e-01;1.603669e+00;1.002380e+00;1.716504e+00;7.754359e-01;1.686266e+00;7.902486e-01;1.704524e+00;9.011576e-01;1.699705e+00;6.679526e-01;1.568173e+00;4.857126e-01;1.368736e+00;2.081559e-01;1.114376e+00;1.325214e-01;9.254372e-01;1.254631e-01;7.639255e-01;1.050446e-01;6.185204e-01;7.152805e-02;1.373770e-01;1.304423e-03;7.016193e-04;3.322167e+01;1.524551e+02;2.356178e+01;1.749932e+02;1.775615e+01;2.154756e+02;3.827153e+01;3.107959e+02;9.159537e-02;3.058762e-01;2.333770e+01;2.029079e+02;2.149743e-01;2.390870e+00;1.408292e+04;2.237746e+04;7.692164e+00;2.892268e+01;1.034209e+03;2.845115e+03;4.756304e-02;-1.008827e-01;2.593186e-02;2.177412e-01;1.048171e-01;2.092269e-01;4.405687e+00;4.456430e+01;5.710264e+00;2.653245e+01;8.045001e+00;2.010753e+01;4.588231e+00;-1.370382e-01;8.670653e+00;-1.162961e+01;4.297883e+00;-5.498291e+00;3.580178e+00;-6.629940e-01;6.185794e+00;1.281850e+00;4.429862e+00;-2.201604e+00;5.660807e+00;3.331890e+00;4.667521e+00;-3.234294e+00;6.071045e+00;-9.818310e+00;4.141775e+00;-1.270451e+01;5.929156e+00;-1.351511e+01;2.080715e-03;-1.099344e-04;1.845031e-06;-6.983414e-08;8.373800e-06;1.875559e-07;1.175888e-05;-4.345181e-08;1.103461e-05;4.356440e-07;1.144699e-03;-9.146388e-06;2.522316e-02;2.972385e-03;7.305015e-02;5.582726e-03;2.556029e-03;4.245854e-05;4.195306e-04;6.563367e-05;4.288373e-03;3.933288e-04;1.629923e-02;5.926894e-05;2.809791e-02;1.343835e-04;1.941441e-02;1.006641e-03;3.712042e-02;2.359245e-04;6.059941e-02;1.550612e-04;4.458243e-02;1.092817e-03;4.813890e-02;6.964278e-03;5.018316e-02;3.872470e-03;5.799726e-02;5.773069e-03;6.534377e-02;8.530241e-03;7.198497e-02;1.009509e-02;8.087808e-02;1.246210e-02;1.055417e-01;1.755673e-02;1.120775e-01;1.314695e-02;1.619699e-01;7.407368e-03;2.211161e-01;5.101356e-03;1.705869e-01;9.826498e-03;1.883868e-01;1.261781e-02;2.237109e-01;1.032112e-02;1.670378e-01;8.914634e-03;1.165077e-01;5.139474e-03;5.910175e-02;3.607052e-03;3.899939e-02;6.563307e-04;4.455142e-02;6.161032e-04;3.697276e-02;-5.352205e-04;1.364144e-02;5.521368e-04;4.014865e-04;8.482992e-05;7.784781e+00;-7.177734e-02;6.821492e+00;0;4.969896e+00;1.722656e-01;1.173097e+01;5.598633e-01;2.535679e-02;1.495623e-03;5.170590e+00;1.639498e-01;5.947185e-02;3.404016e-03;4.834841e+03;5.693469e+02;2.115100e+00;-1.056056e-01;2.892231e+02;-2.347462e+01;1.052754e-02;-3.033533e-04;5.615718e-03;7.615505e-05;2.285395e-02;1.058099e-03;8.553104e-01;-1.082333e-01;8.234665e-01;-2.127352e-01;1.373542e+00;1.122451e-01;1.191952e+00;4.995234e-02;1.537494e+00;1.469392e-01;1.085709e+00;-7.173459e-02;1.131033e+00;-9.576458e-03;1.297393e+00;7.195447e-02;1.317036e+00;-3.640724e-02;1.600338e+00;-3.835700e-02;1.522021e+00;4.253760e-02;1.589110e+00;-4.077518e-02;1.178808e+00;-4.544290e-02;1.239353e+00;7.917362e-02
13.500000;5.291813e+01;1.355650e+02;3.143364e-02;8.040231e-01;1.146830e-01;7.872462e-02;1.403074e-01;8.478773e-02;1.659236e-01;2.084568e-01;3.981254e+00;9.901215e+00;1.932596e-01;6.634845e-01;3.750800e-01;1.201254e+00;3.231436e-02;5.579338e-02;2.337209e-03;1.006929e-02;2.094582e-02;1.405411e-01;1.708930e-01;3.247333e-01;2.735144e-01;5.067438e-01;1.217391e-01;6.156268e-01;2.360035e-01;7.592590e-01;3.463864e-01;8.474855e-01;2.036499e-01;9.077384e-01;2.956393e-01;1.109343e+00;3.465745e-01;1.120146e+00;3.661317e-01;1.227003e+00;5.176023e-01;1.451750e+00;6.209276e-01;1.501706e+00;6.842568e-01;1.515446e+00;7.389043e-01;1.547114e+00;6.358044e-01;1.604982e+00;6.731505e-01;1.781868e+00;9.461020e-01;1.857619e+00;8.528065e-01;1.893802e+00;8.720957e-01;1.844616e+00;9.302507e-01;1.804823e+00;7.379003e-01;1.654182e+00;5.823126e-01;1.488986e+00;3.763454e-01;1.245422e+00;2.658731e-01;1.012775e+00;1.780682e-01;8.134308e-01;1.660769e-01;6.554556e-01;3.156114e-01;2.531221e-01;8.118723e-03;3.881551e-03;4.119069e+01;1.416885e+02;3.363471e+01;1.648008e+02;2.377293e+01;2.187773e+02;4.197594e+01;3.086426e+02;2.372834e-01;3.588884e-01;2.343923e+01;2.026308e+02;3.879259e-01;2.452199e+00;3.383994e+04;4.024366e+04;1.065035e+01;2.703652e+01;2.297496e+03;2.539107e+03;2.984904e-01;-2.043674e-01;2.508766e-02;2.148961e-01;5.319695e-01;3.946791e-01;4.679293e+00;4.065068e+01;8.091146e+00;1.812857e+01;7.293591e+00;2.164395e+01;6.924078e+00;2.668255e+00;1.253003e+01;-4.993159e+00;6.503796e+00;-1.783551e+00;5.439548e+00;-2.145590e+00;8.850112e+00;-3.324083e+00;6.714065e+00;3.989064e-02;7.420631e+00;4.834991e+00;6.326668e+00;-9.626595e+00;5.660207e+00;-1.179324e+01;1.028336e+01;-7.526843e+00;1.239295e+01;-5.027078e+00;2.237947e-03;2.073598e-04;1.833447e-06;1.547771e-07;9.625752e-06;2.845750e-07;1.354538e-05;-3.832361e-07;1.205814e-05;-8.425614e-07;2.819427e-04;2.701547e-05;4.814127e-02;6.248642e-03;9.674239e-02;3.130150e-03;7.739111e-03;1.011234e-03;5.580224e-04;2.519550e-07;5.900555e-03;3.481408e-04;3.938525e-02;3.903704e-03;6.806483e-02;6.126860e-03;2.911435e-02;3.809957e-03;4.916105e-02;7.577143e-03;7.328228e-02;7.656673e-03;4.956271e-02;3.176121e-03;6.555586e-02;5.676799e-04;8.083834e-02;7.244980e-03;9.884068e-02;1.686521e-03;1.387078e-01;6.512444e-03;1.618011e-01;3.355531e-03;1.446604e-01;-1.198393e-03;1.674923e-01;1.574417e-03;1.365213e-01;1.083495e-03;1.752467e-01;5.731957e-03;2.263796e-01;1.878505e-04;2.203620e-01;4.694099e-03;2.215093e-01;3.900524e-03;2.368753e-01;1.739463e-03;1.916191e-01;9.989243e-04;1.648093e-01;1.930245e-03;1.107509e-01;2.947319e-03;8.094823e-02;2.965673e-03;5.810462e-02;1.861061e-03;5.758110e-02;1.001505e-03;9.943640e-02;7.171197e-03;2.589729e-03;4.047963e-05;8.123521e+00;1.091016e+00;8.347073e+00;7.608398e-01;9.608689e+00;4.019531e-01;1.224830e+01;-4.593750e-01;7.177833e-02;2.398074e-03;5.965121e+00;5.129153e-01;9.595738e-02;-7.581250e-03;1.019671e+04;-3.584826e+02;2.574504e+00;2.462690e-01;4.989307e+02;6.989794e+01;8.506059e-02;-6.950000e-03;5.868599e-03;6.028136e-04;1.435488e-01;1.360740e-02;9.835909e-01;7.190663e-02;1.142672e+00;-1.609962e-02;1.564427e+00;3.105914e-02;1.506988e+00;-7.461204e-03;1.734733e+00;3.618975e-02;1.455411e+00;6.944391e-03;1.671274e+00;-1.507687e-01;1.634109e+00;-3.174697e-01;1.957727e+00;4.778307e-02;1.899483e+00;3.897588e-02;1.894611e+00;-7.954592e-02;1.812588e+00;-1.653960e-01;1.736017e+00;-1.805864e-02;1.403073e+00;6.314676e-02
14.000000;5.200829e+01;1.485157e+02;2.557464e-02;8.111093e-01;6.030818e-02;4.593717e-02;7.432974e-02;4.443242e-02;1.435705e-01;2.114245e-01;3.764236e+00;1.053557e+01;1.904922e-01;7.431393e-01;2.882630e-01;1.036245e+00;3.611235e-02;7.242128e-02;2.055264e-03;9.577979e-03;1.817112e-02;1.329959e-01;1.683446e-01;3.184716e-01;2.681783e-01;4.930516e-01;1.206494e-01;5.959246e-01;2.263678e-01;7.443896e-01;2.859331e-01;7.674390e-01;1.259864e-01;8.197641e-01;2.379389e-01;9.916677e-01;3.861543e-01;1.151670e+00;3.535518e-01;1.108283e+00;5.213518e-01;1.301998e+00;5.765719e-01;1.299752e+00;6.347519e-01;1.310008e+00;6.953223e-01;1.386478e+00;4.746822e-01;1.356236e+00;3.360976e-01;1.369691e+00;2.405739e-01;1.347846e+00;5.726567e-01;1.465376e+00;5.337930e-01;1.495709e+00;4.260157e-01;1.421443e+00;4.214562e-01;1.360203e+00;4.295850e-01;1.256109e+00;3.816709e-01;1.126759e+00;2.738732e-01;9.428667e-01;1.682385e-01;7.609625e-01;1.563256e-01;6.172694e-01;3.613052e-01;4.310589e-01;7.915761e-03;4.390845e-03;4.004404e+01;1.459951e+02;3.388499e+01;1.691074e+02;2.672740e+01;2.233711e+02;4.872492e+01;3.034746e+02;2.492286e-01;4.346336e-01;2.185064e+01;2.023811e+02;4.042095e-01;2.362276e+00;3.495129e+04;3.333424e+04;1.491448e+01;3.362275e+01;3.277589e+03;4.111877e+03;3.093541e-01;-3.195215e-01;2.396031e-02;2.157200e-01;5.625344e-01;6.337592e-01;5.802165e+00;4.328934e+01;6.404549e+00;1.722259e+01;3.393780e+00;1.587724e+01;3.636847e+00;7.070271e+00;5.669404e+00;2.597331e+00;6.990758e+00;-3.389682e-01;6.547585e+00;-6.138726e+00;8.773300e+00;-1.055192e+01;8.943193e+00;-4.716247e+00;7.847969e+00;7.733306e-01;6.775420e+00;-8.360573e+00;4.696537e+00;-1.005755e+01;7.925582e+00;-3.615020e+00;5.702519e+00;2.833673e+00;1.305862e-03;2.752581e-04;1.410702e-06;1.857454e-07;4.993777e-06;9.791193e-08;6.805526e-06;-2.026863e-07;1.131418e-05;-1.024787e-06;2.540878e-04;2.330125e-05;4.426336e-02;-2.461796e-03;6.807674e-02;-6.770799e-03;8.142509e-03;1.937285e-04;4.217162e-04;-8.541194e-05;4.856015e-03;-4.606684e-04;3.768585e-02;-6.413145e-05;6.491122e-02;-1.514336e-04;2.555870e-02;-1.065212e-03;3.897094e-02;-5.505766e-04;5.245122e-02;-2.831595e-03;3.037474e-02;-2.454483e-03;4.620768e-02;-7.593996e-03;8.279298e-02;-5.843534e-03;8.745218e-02;-4.463536e-03;1.279428e-01;-8.684642e-03;1.469660e-01;-1.172389e-02;1.263522e-01;-1.468665e-02;1.338729e-01;-1.913499e-02;8.580092e-02;-1.715363e-02;7.571381e-02;-9.051085e-03;7.101089e-02;-5.540584e-03;1.489204e-01;-1.286401e-02;1.386303e-01;-1.380448e-02;1.057353e-01;-1.195016e-02;1.110546e-01;-1.012978e-02;1.286218e-01;-6.083898e-03;1.038011e-01;-5.442135e-03;8.021768e-02;-1.932890e-03;4.970645e-02;-1.826689e-03;5.230422e-02;-5.521053e-04;1.086021e-01;9.583083e-04;2.558923e-03;-7.944344e-05;6.182442e+00;7.177734e-02;7.015052e+00;-2.871094e-02;1.057779e+01;-2.296875e-01;1.264595e+01;-9.618164e-01;7.994623e-02;-2.275612e-03;4.991986e+00;-2.529168e-01;8.971144e-02;-8.329509e-03;9.066503e+03;-6.655302e+02;3.640133e+00;2.817070e-01;7.442957e+02;6.635409e+01;9.128012e-02;-1.018862e-03;4.823112e-03;-1.608351e-04;1.551730e-01;1.458183e-03;9.725459e-01;1.081603e-01;1.008604e+00;1.917157e-01;1.078901e+00;-1.099419e-01;1.178287e+00;7.584899e-02;1.351226e+00;6.357267e-02;1.676091e+00;1.184234e-01;1.786941e+00;-1.718527e-01;1.452303e+00;-3.066332e-01;1.890530e+00;-6.194973e-02;1.705809e+00;2.310706e-02;1.596967e+00;-8.612969e-02;1.577883e+00;-3.547050e-02;1.628512e+00;9.367222e-02;1.340773e+00;8.852997e-02
14.500000;2.636276e+01;1.793134e+02;2.645027e-02;8.194007e-01;1.536606e-01;5.972534e-02;1.687162e-01;6.419389e-02;8.321621e-02;1.777709e-01;3.369384e+00;1.174311e+01;2.994480e-01;9.056956e-01;3.582039e-01;1.092211e+00;2.525638e-02;8.908603e-02;2.399313e-03;1.031242e-02;1.876279e-02;1.290273e-01;6.832210e-02;3.005853e-01;9.214153e-02;4.611401e-01;2.165208e-01;6.541747e-01;2.251870e-01;7.826406e-01;2.697253e-01;8.866915e-01;6.664678e-01;1.092149e+00;8.144917e-01;1.211528e+00;3.252126e-01;1.073815e+00;2.604692e-01;1.131402e+00;4.654844e-01;1.272961e+00;4.771386e-01;1.308217e+00;5.614762e-01;1.436709e+00;5.963466e-01;1.516220e+00;4.619658e-01;1.436179e+00;6.810426e-01;1.484511e+00;8.985609e-01;1.596226e+00;8.023683e-01;1.605405e+00;4.065467e-01;1.521920e+00;4.763497e-01;1.485123e+00;3.422171e-01;1.378207e+00;3.766297e-01;1.252259e+00;4.259640e-01;1.115967e+00;2.129621e-01;9.103273e-01;2.013432e-01;7.579222e-01;9.857797e-02;5.961877e-01;6.451830e-01;8.044394e-01;9.306289e-03;7.340683e-03;7.862814e+00;1.722656e+02;2.233187e+01;1.981055e+02;4.283033e+01;2.480625e+02;6.378402e+01;3.288838e+02;2.101472e-01;4.787075e-01;2.677742e+01;2.257348e+02;2.933012e-01;2.283938e+00;1.011451e+04;1.776028e+04;1.715235e+01;3.245412e+01;3.011743e+03;4.108115e+03;2.308331e-01;-4.123280e-01;2.826138e-02;2.437519e-01;5.491616e-01;9.312623e-01;4.730678e+00;4.777750e+01;7.495649e+00;1.776703e+01;4.109622e+00;1.348948e+01;3.986270e+00;5.508451e+00;6.106970e+00;-9.297631e-01;6.222539e+00;-4.579970e+00;4.808522e+00;-1.130502e+01;7.464900e+00;-1.271328e+01;1.035050e+01;-4.442095e+00;6.668262e+00;-4.552384e+00;9.746521e+00;-1.042228e+01;4.723137e+00;-1.141310e+01;4.043256e+00;-6.490589e+00;6.084026e+00;7.627618e-01;1.921765e-03;-1.683046e-05;1.523902e-06;9.408883e-08;1.180485e-05;-3.321448e-07;1.310678e-05;1.653644e-08;7.749359e-06;-9.976451e-08;2.167137e-04;1.301004e-07;5.483932e-02;1.639359e-03;8.204792e-02;-2.820553e-03;6.749541e-03;-1.562647e-04;3.131570e-04;1.259763e-05;4.297415e-03;-1.731422e-04;1.770263e-02;-2.644632e-03;2.624167e-02;-4.074200e-03;5.180492e-02;-1.567510e-03;5.299882e-02;-3.963040e-03;5.417830e-02;-2.526439e-03;1.376850e-01;2.761096e-05;1.660435e-01;4.809448e-04;7.866315e-02;-6.182660e-03;6.002577e-02;3.246505e-04;8.551949e-02;-4.058417e-03;8.011840e-02;-7.079629e-04;1.018948e-01;1.299663e-03;1.308819e-01;-1.333407e-03;1.054995e-01;-1.806919e-03;1.538402e-01;-5.269296e-03;1.977685e-01;-4.196185e-03;1.730082e-01;-8.018696e-03;9.776840e-02;-7.514080e-03;1.419584e-01;-4.802356e-03;1.062030e-01;-3.266050e-03;1.152223e-01;-3.498140e-03;1.178897e-01;-3.991361e-03;6.333165e-02;-2.525396e-03;6.570090e-02;-2.266354e-03;3.576824e-02;-1.080988e-03;1.475676e-01;2.966925e-03;1.445679e-03;7.621718e-05;3.743448e+00;0;5.961859e+00;2.583984e-01;9.361648e+00;3.588867e-01;1.397872e+01;1.435547e+00;6.312103e-02;-4.389659e-04;4.880887e+00;3.712659e-01;6.228690e-02;5.165675e-03;2.154574e+03;8.592377e+01;3.421299e+00;-4.590638e-01;6.270240e+02;-7.983365e+01;6.497867e-02;1.870353e-03;5.343109e-03;4.011368e-04;1.366701e-01;-1.548942e-03;1.049392e+00;1.032598e-01;9.717973e-01;-1.102824e-01;8.393605e-01;-1.559213e-01;1.049381e+00;3.330870e-02;1.328461e+00;-7.775906e-02;1.412145e+00;-1.899624e-01;1.458370e+00;-2.115895e-02;1.740307e+00;2.114257e-01;1.910933e+00;7.799330e-02;1.298741e+00;-8.565859e-02;1.750806e+00;-9.465407e-02;1.397463e+00;-4.307091e-02;1.409910e+00;-1.266240e-02;1.684803e+00;2.247139e-02
15.000000;2.618763e+01;1.784966e+02;2.966100e-02;8.253105e-01;1.550771e-01;5.218713e-02;1.704587e-01;5.656424e-02;6.801763e-02;1.540225e-01;3.159512e+00;1.161023e+01;2.776650e-01;1.018983e+00;3.628312e-01;1.104548e+00;2.448209e-02;8.794264e-02;2.500919e-03;1.185185e-02;1.932914e-02;1.279140e-01;5.669178e-02;2.748537e-01;6.916640e-02;4.213477e-01;2.186826e-01;6.162714e-01;2.079634e-01;7.354097e-01;2.484992e-01;9.214309e-01;6.681249e-01;1.082372e+00;8.445581e-01;1.140671e+00;2.865488e-01;1.063892e+00;2.506911e-01;1.214328e+00;4.873832e-01;1.215044e+00;5.083756e-01;1.263025e+00;5.882581e-01;1.387889e+00;6.260512e-01;1.474429e+00;5.760623e-01;1.473325e+00;6.779928e-01;1.487036e+00;9.559275e-01;1.739587e+00;8.322648e-01;1.693304e+00;4.372613e-01;1.559225e+00;4.935384e-01;1.564211e+00;4.096824e-01;1.462878e+00;4.119513e-01;1.324194e+00;4.206609e-01;1.148630e+00;2.179107e-01;9.373251e-01;2.011797e-01;7.759622e-01;9.159617e-02;6.136883e-01;6.217597e-01;1.030524e+00;8.380491e-03;1.002143e-02;1.624834e+01;1.770029e+02;3.098920e+01;2.182031e+02;5.535685e+01;2.944307e+02;7.555396e+01;3.847266e+02;1.930303e-01;4.653465e-01;3.157492e+01;2.532751e+02;2.662479e-01;2.519485e+00;8.742512e+03;2.334361e+04;1.296351e+01;2.089314e+01;1.818649e+03;1.971729e+03;2.219423e-01;-4.000528e-01;3.412253e-02;2.735427e-01;5.298879e-01;9.800814e-01;4.950426e+00;4.852255e+01;6.761276e+00;1.405053e+01;4.713189e+00;1.000678e+01;7.387312e+00;1.173112e+00;7.508990e+00;-4.336223e+00;5.447020e+00;-8.256701e+00;5.123580e+00;-1.325982e+01;7.862727e+00;-8.583854e+00;8.739435e+00;-8.125656e-01;6.162542e+00;-5.110361e+00;1.112388e+01;-1.030253e+01;6.576393e+00;-9.425492e+00;6.332504e+00;-1.058477e+01;1.049605e+01;-4.538205e+00;1.924391e-03;1.565302e-06;1.557314e-06;5.458230e-08;1.178251e-05;-3.201446e-07;1.309416e-05;-1.875451e-08;6.574862e-06;-1.788238e-07;1.947340e-04;1.824378e-06;5.596488e-02;2.997710e-03;8.366096e-02;1.728289e-03;6.186831e-03;3.502185e-05;3.700056e-04;4.913075e-06;4.544614e-03;1.310819e-05;1.518244e-02;8.381998e-05;2.135755e-02;1.826988e-04;5.163080e-02;2.944261e-04;5.257567e-02;6.843071e-04;5.541348e-02;3.050598e-03;1.376330e-01;9.805107e-04;1.657890e-01;-1.104479e-03;7.565207e-02;3.292426e-03;6.917305e-02;5.393046e-04;8.442679e-02;-5.864766e-04;8.173542e-02;8.338593e-04;9.594511e-02;5.389478e-05;1.323663e-01;5.149224e-05;1.305544e-01;3.988243e-04;1.543134e-01;5.048879e-03;2.135933e-01;-9.709743e-05;1.791986e-01;3.956448e-03;9.706144e-02;5.340496e-03;1.442194e-01;5.376796e-03;1.214088e-01;5.289687e-03;1.245280e-01;4.506077e-03;1.169316e-01;2.911740e-03;6.475109e-02;1.931366e-03;6.572273e-02;9.999942e-04;3.280117e-02;9.028285e-04;1.608568e-01;3.833081e-03;1.569939e-03;2.691387e-05;6.144409e+00;0;8.619452e+00;3.158203e-01;1.302454e+01;1.047949e+00;1.463636e+01;1.119727e+00;5.350260e-02;-3.387878e-04;6.387781e+00;4.885539e-01;5.534479e-02;5.606970e-03;2.168201e+03;1.402841e+02;2.012988e+00;-2.362401e-01;2.389116e+02;-5.597135e+01;5.814219e-02;-3.297700e-04;7.038021e-03;5.273669e-04;1.298302e-01;1.893071e-03;9.583152e-01;-8.654527e-03;9.785462e-01;-4.847769e-02;9.600967e-01;-5.885857e-02;1.161015e+00;-2.143106e-01;1.495090e+00;-1.260995e-01;1.165605e+00;-3.910892e-02;1.605725e+00;2.160079e-02;1.796465e+00;8.047247e-02;1.970315e+00;6.357824e-02;1.115991e+00;9.445651e-02;1.793283e+00;7.805882e-02;1.393253e+00;6.373134e-02;1.549353e+00;-9.478221e-02;1.827208e+00;-1.894761e-01
15.500000;3.959132e+01;1.546732e+02;1.958701e-02;8.319545e-01;2.959210e-02;2.412336e-02;8.853602e-02;3.958885e-02;7.137514e-02;1.273423e-01;2.907556e+00;1.348741e+01;1.403380e-01;1.047952e+00;1.694308e-01;1.014119e+00;6.092822e-02;1.242737e-01;2.218721e-03;1.058075e-02;8.210243e-02;1.623152e-01;6.725646e-02;2.909707e-01;1.420461e-01;4.648487e-01;4.844795e-02;5.413636e-01;9.873643e-02;6.499369e-01;1.903867e-01;7.676673e-01;1.137657e-01;7.704336e-01;2.087936e-01;8.402449e-01;2.261766e-01;9.848420e-01;1.996093e-01;1.066625e+00;1.481257e-01;9.721282e-01;3.642541e-01;1.100704e+00;3.866300e-01;1.200732e+00;2.630031e-01;1.254792e+00;4.163080e-01;1.433702e+00;3.335279e-01;1.365069e+00;5.042199e-01;1.466056e+00;3.836187e-01;1.542734e+00;3.128470e-01;1.580436e+00;3.289994e-01;1.529204e+00;3.733016e-01;1.474704e+00;3.318884e-01;1.356864e+00;2.551356e-01;1.159775e+00;2.003487e-01;9.666813e-01;1.447926e-01;7.879665e-01;1.057409e-01;6.362866e-01;1.131514e+00;1.554803e+00;3.830122e-03;6.589209e-03;2.974701e+01;1.623604e+02;3.412377e+01;2.101641e+02;6.210395e+01;2.816543e+02;1.000447e+02;3.511348e+02;2.850100e-01;5.691282e-01;4.607671e+01;2.339205e+02;2.078406e-01;2.497309e+00;9.124520e+03;1.824335e+04;1.904776e+01;2.920063e+01;3.889797e+03;3.884928e+03;8.972697e-01;-9.242399e-01;5.014772e-02;2.528449e-01;1.376495e+00;1.632316e+00;3.499978e+00;4.721643e+01;6.589817e+00;1.903208e+01;9.102170e+00;1.458271e+01;1.012303e+01;2.258863e+00;9.417850e+00;-1.227039e+00;7.215346e+00;-5.726299e+00;8.075940e+00;-8.775578e+00;6.008784e+00;-5.051610e+00;4.247247e+00;-4.616807e+00;7.566886e+00;-5.826013e+00;9.291833e+00;-4.619680e+00;6.747122e+00;-5.733115e+00;6.236065e+00;-1.330046e+01;8.163520e+00;-7.980657e+00;8.397319e-04;-1.696318e-04;1.250349e-06;-4.285994e-08;2.188908e-06;1.417519e-08;6.009868e-06;-1.470496e-10;5.925756e-06;-2.423897e-07;1.727734e-04;-5.332170e-08;3.497075e-02;-1.975190e-03;4.050295e-02;-2.561221e-04;9.274569e-03;3.395800e-04;2.587112e-04;-1.700680e-05;1.414710e-02;1.747636e-04;1.365829e-02;-4.087956e-04;3.051577e-02;-7.153015e-04;1.681224e-02;-9.777318e-04;2.180240e-02;-6.636473e-04;3.390548e-02;-1.838689e-03;2.614709e-02;-2.078957e-03;3.351342e-02;-2.690952e-03;5.023498e-02;-1.878401e-03;5.355469e-02;-2.056818e-03;4.191522e-02;-2.509659e-03;8.081789e-02;-2.004859e-03;8.894730e-02;-1.891789e-03;5.433712e-02;-1.245310e-03;9.316273e-02;3.085004e-03;7.425431e-02;5.938724e-04;1.055895e-01;2.791655e-03;8.503345e-02;3.078139e-03;7.907299e-02;1.345685e-03;8.626992e-02;1.098493e-03;9.546960e-02;6.635245e-04;8.757946e-02;-2.477560e-04;6.842529e-02;6.499123e-04;5.708459e-02;5.092080e-04;4.352221e-02;3.991018e-04;3.136927e-02;1.601062e-04;2.964749e-01;3.870248e-04;1.084173e-03;-9.793774e-05;6.592193e+00;-5.024414e-01;8.337302e+00;-4.306641e-01;1.224745e+01;-3.588867e-01;1.406979e+01;-1.464258e+00;8.159590e-02;1.897048e-03;5.810767e+00;-6.787863e-01;4.963261e-02;9.073261e-04;1.749980e+03;-9.320744e+01;3.981865e+00;3.147097e-01;7.492895e+02;6.845674e+01;1.494137e-01;-4.764562e-03;6.383075e-03;-7.402725e-04;3.119755e-01;-2.209922e-03;8.023984e-01;-8.689921e-02;8.698869e-01;1.549781e-01;1.039102e+00;2.450971e-01;1.108978e+00;7.796813e-02;1.445264e+00;5.350039e-02;1.463635e+00;1.270785e-01;1.575432e+00;1.060083e-01;1.314713e+00;-3.276734e-03;1.247773e+00;-6.806161e-02;1.197965e+00;3.908500e-03;1.607737e+00;2.523454e-01;1.656964e+00;1.875271e-01;1.597530e+00;-5.448939e-02;1.444986e+00;-5.734714e-02
16.000000;3.093087e+01;1.068718e+02;3.114788e-02;8.093764e-01;8.444278e-02;5.134176e-02;1.179789e-01;7.028350e-02;9.273323e-02;1.166474e-01;4.424606e+00;1.213295e+01;1.974580e-01;9.802263e-01;2.473042e-01;1.031176e+00;5.321503e-02;1.378656e-01;1.352638e-03;8.876291e-03;8.080322e-02;1.648050e-01;6.905053e-02;2.842597e-01;1.544636e-01;4.409740e-01;1.226385e-01;5.309986e-01;1.309189e-01;6.252457e-01;8.666271e-02;6.887370e-01;2.310841e-01;8.419536e-01;4.557263e-01;1.077144e+00;7.666532e-01;1.187041e+00;3.179090e-01;1.048181e+00;3.906497e-01;1.166520e+00;4.053808e-01;1.216346e+00;4.009473e-01;1.259674e+00;5.762865e-01;1.421589e+00;3.626832e-01;1.409664e+00;5.070993e-01;1.536953e+00;4.827289e-01;1.490289e+00;3.524692e-01;1.490728e+00;3.245122e-01;1.473151e+00;3.426296e-01;1.412073e+00;3.839981e-01;1.375526e+00;3.990331e-01;1.270484e+00;3.554197e-01;1.126391e+00;2.425596e-01;9.238963e-01;1.719919e-01;7.439483e-01;1.347860e-01;6.040050e-01;1.258436e+00;1.312613e+00;4.721588e-03;5.540519e-03;2.979408e+01;1.227393e+02;3.083052e+01;1.685332e+02;4.399336e+01;2.184902e+02;6.946786e+01;2.622744e+02;2.785541e-01;6.970240e-01;3.488648e+01;1.825517e+02;2.022830e-01;2.391979e+00;9.150315e+03;1.430980e+04;1.961469e+01;3.510178e+01;4.011362e+03;5.246414e+03;8.237323e-01;-1.053090e+00;3.818304e-02;1.958455e-01;1.451487e+00;1.519343e+00;3.292751e+00;4.671386e+01;7.158058e+00;2.118273e+01;7.834141e+00;1.972970e+01;8.445700e+00;9.894774e+00;6.056297e+00;3.892923e+00;9.464685e+00;3.525212e+00;1.205929e+01;2.831401e+00;6.030482e+00;-2.153518e+00;9.767302e+00;-3.766980e+00;8.181327e+00;-6.973956e+00;8.713072e+00;-3.820416e+00;7.089048e+00;-3.474614e+00;7.357050e+00;-1.056761e+01;5.358057e+00;-3.549702e+00;1.016615e-03;-2.214705e-04;1.183566e-06;-1.732468e-07;5.076089e-06;3.011365e-07;9.025048e-06;-2.443742e-09;6.948782e-06;1.544884e-07;2.039780e-04;-2.153514e-05;4.189625e-02;1.132742e-03;5.527548e-02;2.719432e-04;9.316635e-03;2.557646e-04;3.491615e-04;3.363568e-05;1.405983e-02;2.944951e-05;1.361891e-02;-7.554342e-05;3.057084e-02;-4.800912e-04;3.624334e-02;3.424262e-03;3.726033e-02;2.948032e-03;1.937387e-02;-7.700544e-04;5.292800e-02;3.860602e-03;8.640788e-02;5.417298e-03;1.643546e-01;4.699170e-03;6.775080e-02;1.844264e-03;6.560595e-02;3.013124e-03;9.836196e-02;-8.366339e-04;1.034149e-01;3.976225e-04;1.390287e-01;9.658578e-04;9.124896e-02;1.262651e-03;1.052532e-01;-1.294582e-03;9.591832e-02;1.179504e-03;7.883864e-02;-2.363108e-03;6.909852e-02;-4.090878e-03;8.454445e-02;-3.218378e-03;9.550857e-02;-3.458333e-03;1.034374e-01;-3.241499e-03;9.419715e-02;-1.623432e-03;6.552961e-02;-7.848045e-04;4.514960e-02;1.500957e-04;3.642588e-02;1.159116e-04;2.904861e-01;9.680411e-05;1.137332e-03;2.220077e-05;5.593772e+00;-6.029297e-01;5.372763e+00;-6.459961e-01;7.611526e+00;-9.043945e-01;1.300894e+01;-2.871094e-01;9.530365e-02;4.186705e-03;4.866285e+00;-5.778088e-01;5.932116e-02;2.286404e-03;1.831801e+03;2.662072e+01;4.755563e+00;-4.398289e-02;9.019071e+02;-3.537786e+00;1.509234e-01;-2.191333e-03;5.263230e-03;-6.493862e-04;3.147702e-01;5.269845e-04;8.897551e-01;4.164845e-02;1.012669e+00;-4.011030e-02;1.120170e+00;-4.299470e-02;1.121584e+00;1.234048e-01;1.305010e+00;5.911747e-02;1.805749e+00;2.167386e-01;1.922171e+00;2.777396e-01;1.507761e+00;1.008191e-02;2.386035e+00;-8.702659e-02;1.916461e+00;-1.058068e-01;1.906700e+00;-3.583384e-03;2.268083e+00;1.001988e-01;1.583992e+00;1.888914e-01;1.072088e+00;2.146647e-01
16.500000;1.423507e+01;9.208880e+01;2.397333e-02;7.871057e-01;8.768142e-02;5.456482e-02;9.379449e-02;5.991399e-02;9.111160e-02;1.383092e-01;3.388134e+00;8.588834e+00;1.863497e-01;9.555791e-01;2.985255e-01;1.067408e+00;2.079525e-02;9.577639e-02;3.191983e-03;1.092719e-02;9.207731e-03;1.232159e-01;1.884060e-02;2.470880e-01;4.598276e-02;3.592409e-01;1.749632e-01;5.613970e-01;1.737871e-01;6.761750e-01;7.269532e-02;7.392554e-01;2.552407e-01;9.217645e-01;4.615492e-01;1.131480e+00;7.604801e-01;1.320580e+00;3.791420e-01;1.199583e+00;3.478093e-01;1.251973e+00;3.608137e-01;1.235150e+00;2.930383e-01;1.208424e+00;7.717797e-01;1.560235e+00;6.041772e-01;1.484560e+00;7.683529e-01;1.708235e+00;7.661167e-01;1.690607e+00;6.249547e-01;1.559093e+00;6.639400e-01;1.552791e+00;6.722632e-01;1.561578e+00;3.930618e-01;1.322718e+00;4.185867e-01;1.193026e+00;3.323845e-01;1.022564e+00;1.967854e-01;8.469368e-01;1.920750e-01;7.031628e-01;1.574813e-01;5.717868e-01;2.921029e-01;4.946365e-01;1.388746e-02;1.205284e-02;1.536706e+01;1.046514e+02;2.007508e+01;1.490098e+02;4.260359e+01;2.179160e+02;1.100966e+02;3.152461e+02;1.958898e-01;6.045209e-01;3.434686e+01;1.880758e+02;3.212577e-01;2.609237e+00;2.755746e+04;3.321187e+04;1.568780e+01;2.106070e+01;2.998226e+03;2.513173e+03;1.929313e-01;-4.609761e-01;3.386007e-02;1.980933e-01;2.917197e-01;5.609630e-01;4.396913e+00;4.774351e+01;1.233922e+01;1.208963e+01;6.678263e+00;1.753524e+01;6.545699e+00;7.925645e+00;5.649095e+00;1.069229e+00;1.061548e+01;1.340091e+01;1.056102e+01;9.369022e+00;6.748338e+00;-4.826541e+00;1.348574e+01;-8.519856e+00;7.882700e+00;-3.811733e+00;8.036108e+00;3.118211e+00;7.059362e+00;1.116287e+00;8.413428e+00;-4.051052e+00;6.117912e+00;2.263783e+00;6.360026e-04;-3.526923e-05;9.569461e-07;-8.997061e-08;5.244140e-06;2.263460e-07;6.958650e-06;-7.778475e-08;6.428514e-06;3.086000e-07;1.662312e-04;-1.784723e-05;4.815368e-02;3.999760e-04;7.209393e-02;-6.968293e-05;3.101745e-03;-7.604387e-04;5.913006e-04;1.788863e-05;2.100898e-03;-2.032336e-04;6.911557e-03;-1.601461e-04;1.826834e-02;-2.133515e-04;4.000037e-02;6.943779e-04;4.147342e-02;5.901230e-04;1.987571e-02;1.983409e-03;6.738514e-02;4.765704e-04;9.977758e-02;2.845975e-03;1.752523e-01;3.375138e-03;7.754879e-02;8.210383e-04;5.968640e-02;1.340907e-03;9.224620e-02;1.206036e-03;8.209565e-02;-1.023576e-04;1.952203e-01;3.690148e-04;1.399675e-01;-2.477035e-03;1.697289e-01;-5.893222e-05;1.718791e-01;-2.250707e-03;1.399439e-01;-2.015447e-03;1.605747e-01;-1.957841e-03;1.638541e-01;-3.087748e-03;1.022426e-01;-1.670127e-03;1.196501e-01;-4.887778e-04;9.179135e-02;-2.279744e-04;6.001966e-02;-1.618743e-04;5.733289e-02;-1.375525e-04;5.054590e-02;-3.012321e-04;6.267292e-02;-8.276091e-03;2.707720e-03;9.090512e-05;4.922293e+00;-3.301758e-01;5.179341e+00;-3.301758e-01;1.077001e+01;1.722656e-01;2.062079e+01;1.521680e+00;6.080578e-02;-1.867078e-03;6.761963e+00;4.117866e-01;6.983697e-02;5.014290e-03;3.992249e+03;4.073210e+02;3.189224e+00;-3.940018e-01;5.267350e+02;-7.922155e+01;3.233933e-02;8.121243e-03;6.984236e-03;3.745524e-04;7.530960e-02;-7.675426e-03;1.093441e+00;4.460137e-02;1.266820e+00;-2.583814e-01;1.155877e+00;-1.813692e-01;1.180541e+00;-1.106302e-01;1.573673e+00;-1.002505e-01;1.640904e+00;2.258081e-01;2.149194e+00;1.934250e-01;1.415650e+00;-7.392243e-02;3.003911e+00;-1.400720e-01;2.458137e+00;6.267925e-02;1.825462e+00;1.106738e-01;2.151061e+00;5.802471e-02;1.515830e+00;1.782664e-01;1.177118e+00;1.344250e-01
17.000000;3.922573e+01;1.197960e+02;1.787257e-02;7.898703e-01;5.677153e-02;4.005328e-02;7.381923e-02;4.114486e-02;8.022139e-02;1.713157e-01;2.472844e+00;6.826053e+00;1.926235e-01;1.048334e+00;3.191528e-01;1.090834e+00;1.337541e-02;7.447562e-02;3.616574e-03;1.439909e-02;6.756183e-03;1.199953e-01;1.742156e-02;2.537841e-01;5.927479e-02;3.952152e-01;1.801689e-01;6.386383e-01;1.965602e-01;7.551272e-01;1.248248e-01;7.405073e-01;3.258447e-01;9.041213e-01;3.122630e-01;9.902257e-01;3.380625e-01;1.087247e+00;3.743638e-01;1.195452e+00;1.709680e-01;1.058736e+00;3.304690e-01;1.212884e+00;5.051006e-01;1.381711e+00;6.459002e-01;1.428345e+00;6.773131e-01;1.591077e+00;7.702774e-01;1.580847e+00;8.456247e-01;1.689730e+00;7.397963e-01;1.688041e+00;8.512003e-01;1.755040e+00;7.867686e-01;1.653680e+00;5.590247e-01;1.429642e+00;6.489453e-01;1.342672e+00;5.677627e-01;1.159134e+00;2.805079e-01;9.116455e-01;3.601177e-01;7.861701e-01;1.971152e-01;6.120063e-01;4.247833e-01;5.760156e-01;1.968046e-02;2.240704e-02;3.103272e+01;1.238877e+02;7.645093e+01;1.969570e+02;6.966471e+01;2.713184e+02;1.350113e+02;4.194668e+02;1.320242e-01;4.495595e-01;5.111677e+01;2.400511e+02;2.875144e-01;2.872058e+00;3.877929e+04;5.829124e+04;8.343311e+00;1.168721e+01;7.589836e+02;6.957768e+02;1.027354e-01;-2.745133e-01;5.405684e-02;2.511224e-01;2.654924e-01;5.080875e-01;6.423241e+00;4.587850e+01;9.477915e+00;3.948381e+00;5.445013e+00;1.715815e+01;6.412976e+00;2.756743e+00;7.627235e+00;-4.186062e+00;7.964726e+00;1.538676e+01;8.748796e+00;9.771425e+00;5.614258e+00;-8.413818e+00;1.152180e+01;-1.475318e+01;1.074585e+01;-8.365649e+00;8.807291e+00;7.386708e+00;1.022637e+01;7.683941e+00;5.713969e+00;1.682046e+00;5.609781e+00;6.941580e+00;8.854321e-04;1.791848e-04;8.300123e-07;6.296484e-08;3.807500e-06;-7.333325e-08;5.012712e-06;-4.711797e-08;5.329721e-06;-1.786710e-07;1.309906e-04;-1.023483e-06;5.021507e-02;-1.162819e-03;7.412904e-02;-2.111547e-03;2.567638e-03;-2.961526e-04;7.131072e-04;4.232804e-05;1.850877e-03;1.273594e-05;6.366232e-03;-1.474044e-04;2.095725e-02;2.028178e-04;2.948751e-02;-2.083714e-03;3.341462e-02;-1.794823e-03;3.386326e-02;1.888840e-03;6.546414e-02;-3.601172e-03;7.314287e-02;-4.110510e-03;8.731070e-02;-4.865251e-03;9.746972e-02;-5.715922e-03;4.079907e-02;-2.864000e-03;8.377924e-02;1.082998e-04;9.796049e-02;-9.466407e-04;1.605773e-01;-1.038570e-03;1.672073e-01;-7.940568e-04;1.728876e-01;-4.819049e-03;1.850889e-01;-3.362172e-03;1.592744e-01;-1.718747e-03;2.013943e-01;-2.971991e-03;1.791974e-01;-4.952405e-03;1.118255e-01;-3.033337e-03;1.457259e-01;-2.452182e-03;1.094787e-01;-2.297450e-03;6.773902e-02;-1.389362e-03;8.898100e-02;-1.394299e-03;5.452360e-02;-7.598490e-04;4.985061e-02;3.600087e-03;5.035267e-03;-1.999443e-05;5.706980e+00;4.880859e-01;7.727603e+00;1.823145e+00;1.202843e+01;1.220215e+00;3.018952e+01;2.871094e-01;2.990430e-02;-3.390908e-03;8.750533e+00;8.947098e-01;7.352780e-02;-4.644368e-04;8.345371e+03;9.487813e+00;2.128031e+00;-6.036351e-02;2.034061e+02;-6.675498e+00;2.004192e-02;2.555312e-03;8.494928e-03;1.012146e-03;4.928387e-02;-4.477265e-04;1.245594e+00;4.654776e-03;1.325224e+00;-8.197346e-02;1.231061e+00;6.902841e-02;1.386873e+00;1.259588e-02;1.800729e+00;-1.791956e-01;1.556677e+00;-1.340035e-01;2.008505e+00;-7.861840e-02;1.554043e+00;6.434122e-02;3.057604e+00;-2.565397e-02;2.543406e+00;-1.186697e-01;2.300199e+00;1.013121e-01;1.977677e+00;1.504781e-01;1.507922e+00;2.458645e-02;1.559786e+00;7.233158e-02
17.500000;3.548209e+01;1.533118e+02;2.686607e-02;8.011428e-01;8.226836e-02;6.138732e-02;1.021220e-01;6.092729e-02;8.801015e-02;1.856291e-01;3.260563e+00;6.343885e+00;4.304766e-01;1.224507e+00;6.338651e-01;1.203208e+00;1.886999e-02;7.199236e-02;7.699181e-03;1.956664e-02;9.716491e-03;1.231055e-01;5.555306e-02;2.751203e-01;7.918345e-02;4.342680e-01;2.226036e-01;6.293828e-01;2.502943e-01;7.509628e-01;1.509550e-01;7.567668e-01;3.996807e-01;9.656271e-01;4.065666e-01;1.017514e+00;4.886649e-01;1.096463e+00;3.661231e-01;1.114127e+00;5.126894e-01;1.172380e+00;6.009846e-01;1.333042e+00;8.571994e-01;1.602514e+00;8.379402e-01;1.480726e+00;7.461435e-01;1.532833e+00;1.278142e+00;1.731022e+00;1.320511e+00;1.860293e+00;1.292169e+00;1.859457e+00;1.502067e+00;1.949347e+00;1.481352e+00;1.861964e+00;1.273212e+00;1.794256e+00;1.195204e+00;1.639908e+00;1.128735e+00;1.447431e+00;8.109559e-01;1.135570e+00;8.171856e-01;9.830353e-01;4.940596e-01;7.362854e-01;6.467772e-01;7.823992e-01;6.950893e-02;5.101412e-02;3.489885e+01;1.478613e+02;7.803607e+01;2.438994e+02;7.635315e+01;3.153896e+02;2.832393e+02;5.737881e+02;1.614767e-01;4.266338e-01;1.067307e+02;3.092863e+02;3.183714e-01;3.011960e+00;6.255603e+05;2.281290e+05;6.026094e+00;1.036387e+01;4.940283e+02;4.478862e+02;1.502377e-01;-2.631035e-01;8.310735e-02;3.119445e-01;5.085126e-01;6.820428e-01;8.882378e+00;4.122042e+01;7.045990e+00;1.259130e+00;6.559303e+00;1.748618e+01;7.104910e+00;1.277103e+00;9.302803e+00;-4.976363e+00;6.998974e+00;1.217140e+01;9.282055e+00;7.315516e+00;7.365972e+00;-8.683674e+00;1.433994e+01;-1.185504e+01;1.407635e+01;-1.391887e+01;1.212399e+01;2.553839e-01;1.151960e+01;9.111506e+00;8.091638e+00;4.431890e+00;6.023345e+00;6.255357e+00;1.411651e-03;2.918433e-05;1.330199e-06;-7.413621e-08;5.335560e-06;3.631396e-07;6.992197e-06;3.011230e-07;6.212688e-06;-5.476957e-08;2.107559e-04;1.584388e-06;8.978628e-02;-2.750760e-05;1.385602e-01;-5.322525e-04;4.913529e-03;-2.368247e-04;1.667796e-03;1.005291e-04;2.901351e-03;-8.912408e-08;1.281260e-02;-8.035879e-04;2.373187e-02;-8.896967e-04;5.773761e-02;-2.005639e-03;6.595813e-02;-2.425415e-03;4.219053e-02;-1.369735e-03;7.741976e-02;1.140162e-03;8.236323e-02;-3.581023e-03;1.157728e-01;-3.331607e-03;1.147296e-01;2.062195e-03;1.131065e-01;5.546415e-03;1.559071e-01;5.135277e-03;1.932836e-01;1.343072e-04;1.951438e-01;-3.924726e-03;1.848086e-01;-3.870970e-03;2.979954e-01;-5.944455e-03;2.686878e-01;-2.355780e-03;2.696842e-01;-5.401763e-04;3.245006e-01;-1.609090e-03;3.092486e-01;6.893351e-06;2.808315e-01;1.122429e-03;2.760286e-01;1.282623e-03;2.394866e-01;5.706887e-04;1.988358e-01;5.109385e-04;2.092108e-01;6.954327e-04;1.265571e-01;6.060734e-04;1.629094e-01;-1.167273e-03;1.747845e-02;2.759479e-04;9.133102e+00;8.613281e-02;1.745004e+01;2.009766e-01;1.654682e+01;2.296875e+00;7.871747e+01;3.072070e+00;4.653611e-02;-8.295570e-04;3.253777e+01;1.099505e+00;9.085283e-02;3.440620e-03;2.280319e+05;1.304490e+03;1.857336e+00;3.261961e-02;1.585589e+02;-2.931468e-01;3.920639e-02;1.168049e-03;2.418646e-02;1.003711e-03;1.232373e-01;-1.148219e-03;1.652844e+00;-1.006338e-01;1.220611e+00;-3.171616e-02;1.503075e+00;-9.656139e-02;1.487328e+00;-2.370264e-02;2.675102e+00;1.803139e-01;2.180916e+00;-3.879174e-02;2.471769e+00;-2.119747e-01;2.332239e+00;3.858144e-02;3.766612e+00;2.800393e-01;3.230462e+00;4.116415e-02;2.735050e+00;-2.224358e-01;2.846703e+00;-3.607339e-02;2.058930e+00;1.555202e-02;1.950777e+00;-6.931735e-02
18.000000;4.243240e+01;1.237550e+02;3.824244e-02;7.818365e-01;9.248442e-02;9.399263e-02;8.843217e-02;8.491235e-02;9.438379e-02;1.714635e-01;3.531549e+00;6.679263e+00;5.111103e-01;1.057146e+00;6.377763e-01;1.075756e+00;2.407266e-02;5.972508e-02;8.409477e-03;1.840262e-02;1.255152e-02;1.260027e-01;6.190306e-02;2.672117e-01;9.609606e-02;4.264594e-01;2.136626e-01;5.089910e-01;2.476047e-01;6.306876e-01;1.838504e-01;7.804052e-01;3.420430e-01;8.431879e-01;4.114859e-01;8.820668e-01;5.190166e-01;9.352189e-01;3.189579e-01;9.505756e-01;5.809093e-01;1.238873e+00;6.355529e-01;1.299131e+00;8.383809e-01;1.320259e+00;8.757664e-01;1.294087e+00;6.633281e-01;1.246081e+00;1.307408e+00;1.563536e+00;1.316649e+00;1.570572e+00;1.265753e+00;1.613555e+00;1.454070e+00;1.671964e+00;1.451307e+00;1.741080e+00;1.250265e+00;1.639659e+00;1.121103e+00;1.462003e+00;1.053577e+00;1.286427e+00;7.988064e-01;1.074590e+00;7.765605e-01;9.056171e-01;4.892030e-01;6.914141e-01;6.470409e-01;5.597931e-01;7.173770e-02;4.215918e-02;3.756939e+01;1.368076e+02;6.746322e+01;2.091592e+02;8.040331e+01;2.869658e+02;2.984707e+02;5.251230e+02;1.849859e-01;4.438134e-01;1.183622e+02;2.833244e+02;3.454794e-01;2.964360e+00;624762;2.326164e+05;9.886474e+00;1.675872e+01;1.046084e+03;8.896010e+02;1.753997e-01;-1.973326e-01;9.455059e-02;2.845019e-01;5.674153e-01;4.881680e-01;6.863723e+00;3.872377e+01;8.861670e+00;5.232185e+00;6.924950e+00;1.512350e+01;5.839835e+00;2.951488e+00;9.532961e+00;1.923367e+00;8.146188e+00;8.602276e+00;9.482328e+00;-4.391800e-01;9.523065e+00;-4.485367e+00;1.408501e+01;-1.540339e+00;1.429739e+01;-7.558295e+00;8.134761e+00;-7.040328e+00;1.203428e+01;-2.034965e+00;8.285139e+00;3.921914e+00;4.745957e+00;3.878194e+00;1.192754e-03;-1.810655e-04;1.628888e-06;-2.533385e-08;5.645946e-06;1.094417e-07;5.750008e-06;6.659349e-08;7.138658e-06;8.812309e-07;2.153349e-04;-9.489757e-07;8.660344e-02;-1.698850e-03;1.325953e-01;4.156624e-03;5.031066e-03;-2.953576e-04;1.670759e-03;-6.802717e-06;4.254785e-03;-1.998444e-05;1.374586e-02;1.837825e-04;2.861364e-02;4.409289e-04;5.929603e-02;7.567765e-04;7.209075e-02;4.799018e-03;4.771664e-02;3.020840e-03;6.955179e-02;-5.258616e-04;7.903336e-02;1.545903e-03;1.078252e-01;5.027679e-03;8.771004e-02;8.399570e-03;1.324011e-01;1.261481e-02;1.604847e-01;1.149437e-02;1.854862e-01;7.243178e-03;1.849372e-01;2.611024e-03;1.453385e-01;2.282980e-03;2.901781e-01;5.217335e-03;2.546197e-01;8.576578e-03;2.570123e-01;4.615923e-03;3.003736e-01;4.529698e-03;3.030078e-01;6.033389e-03;2.724608e-01;4.904305e-03;2.543144e-01;6.314376e-03;2.247738e-01;4.744960e-03;1.951305e-01;1.792541e-03;1.977557e-01;9.156291e-04;1.238630e-01;5.524678e-04;1.647705e-01;-8.652816e-03;1.698499e-02;4.863639e-05;1.022787e+01;-4.019531e-01;1.839258e+01;-1.320703e+00;2.047721e+01;-1.866211e-01;7.758976e+01;4.163086e-01;5.128657e-02;7.643992e-04;3.274161e+01;-3.614213e-01;9.294782e-02;5.791244e-03;2.280805e+05;3.179716e+02;2.103295e+00;1.083655e-02;2.175075e+02;-2.629443e+00;3.944457e-02;1.559442e-03;2.467497e-02;-4.850946e-04;1.240433e-01;-5.955808e-03;1.601050e+00;-8.572346e-02;1.324891e+00;-9.645402e-03;1.741677e+00;-6.850272e-02;1.402818e+00;3.866199e-03;2.547161e+00;3.065273e-01;2.417655e+00;-5.749201e-02;2.565140e+00;-2.289055e-01;2.787648e+00;-6.386555e-02;3.259454e+00;3.196457e-01;2.979549e+00;2.563045e-01;2.315087e+00;-1.807102e-01;2.622406e+00;-2.093669e-01;2.373664e+00;1.484145e-02;1.692949e+00;-5.665775e-02
18.500000;1.003911e+01;8.724071e+01;2.994245e-02;7.675558e-01;9.582113e-02;8.349395e-02;7.389557e-02;7.403105e-02;1.639901e-01;2.131800e-01;2.639872e+00;6.649177e+00;1.588972e-01;7.070359e-01;3.148112e-01;9.412727e-01;8.876801e-03;4.507846e-02;4.703569e-03;1.367599e-02;1.269166e-02;1.263486e-01;3.015500e-02;2.556273e-01;9.059168e-02;4.131715e-01;1.906614e-01;5.360229e-01;2.148080e-01;6.794267e-01;1.693613e-01;7.924753e-01;9.461200e-02;6.822714e-01;1.662782e-01;7.785921e-01;2.749600e-01;8.761498e-01;3.132578e-01;9.315702e-01;3.850685e-01;1.078760e+00;3.244300e-01;1.143690e+00;2.442053e-01;1.092735e+00;1.036458e+00;1.274732e+00;1.566739e+00;1.491312e+00;4.283295e-01;1.166444e+00;4.513879e-01;1.206174e+00;1.029704e+00;1.429042e+00;8.386348e-01;1.388929e+00;5.265164e-01;1.343486e+00;6.375757e-01;1.355392e+00;4.178300e-01;1.202932e+00;4.100283e-01;1.067147e+00;2.542261e-01;8.797894e-01;2.078751e-01;7.207410e-01;9.527405e-02;5.601292e-01;2.094129e-01;2.684723e-01;1.320346e-02;8.572961e-03;3.326599e+01;1.221650e+02;4.410564e+01;1.863340e+02;5.888613e+01;2.647148e+02;2.640693e+02;4.201846e+02;1.316625e-01;4.174430e-01;6.231107e+01;2.296724e+02;3.060610e-01;2.918317e+00;9.303430e+04;7.395980e+04;9.217517e+00;1.895799e+01;1.027628e+03;1.205917e+03;4.152659e-02;-1.000227e-01;5.193576e-02;2.388658e-01;1.484039e-01;1.613033e-01;5.790280e+00;4.201919e+01;5.774477e+00;1.161900e+01;6.303697e+00;1.242862e+01;5.088218e+00;8.139705e+00;4.593917e+00;6.601644e+00;8.237030e+00;-9.387096e-01;9.133911e+00;-9.337871e+00;8.800014e+00;-4.051934e+00;8.994813e+00;4.373013e+00;6.654481e+00;-1.170383e+00;1.290349e+01;-3.637841e+00;1.059499e+01;-1.934957e+00;9.547019e+00;4.875113e+00;4.068587e+00;5.093298e+00;6.127838e-04;7.879626e-06;1.422568e-06;1.526493e-07;5.015635e-06;2.269755e-07;3.943684e-06;2.223609e-08;9.314987e-06;-1.016238e-07;1.548849e-04;2.963774e-06;3.919956e-02;-1.651374e-03;9.951175e-02;2.870243e-03;3.646258e-03;5.314640e-04;1.144641e-03;-1.031746e-04;4.207778e-03;2.188952e-04;1.067875e-02;2.258097e-03;3.150336e-02;3.719909e-03;3.509381e-02;1.136028e-03;4.121667e-02;1.317975e-03;4.173008e-02;-3.027940e-04;3.687461e-02;-3.377104e-04;4.397499e-02;2.025605e-03;5.579907e-02;1.823180e-03;9.575436e-02;-4.030053e-03;9.049686e-02;-8.084876e-03;6.828836e-02;-4.915080e-03;6.433327e-02;3.856291e-03;3.055301e-01;3.410166e-03;4.852021e-01;4.587923e-03;1.317661e-01;1.387301e-02;1.533582e-01;1.480627e-02;3.328198e-01;5.272655e-03;2.710873e-01;7.381010e-03;1.805566e-01;9.033133e-03;2.040646e-01;3.512006e-03;1.379021e-01;9.615364e-03;1.417751e-01;1.097084e-03;9.014651e-02;1.922006e-03;7.264503e-02;2.590566e-04;3.065924e-02;1.171164e-03;6.329127e-02;6.118293e-03;4.612741e-03;-3.651193e-04;9.548826e+00;6.172851e-01;1.203186e+01;5.024414e-01;1.760828e+01;-2.497852e+00;9.369385e+01;-4.177442e+00;3.852931e-02;3.791792e-03;1.875318e+01;-1.201313e+00;8.511869e-02;-1.122702e-02;3.152287e+04;-1.651711e+03;2.486795e+00;2.637914e-01;3.187461e+02;4.487862e+01;2.308919e-02;-3.405052e-03;1.416554e-02;-1.043305e-03;7.130475e-02;1.101783e-02;1.676120e+00;-6.444191e-03;1.579530e+00;1.988408e-01;1.914484e+00;2.967360e-01;1.392954e+00;1.082294e-01;1.213553e+00;-7.230724e-02;1.813853e+00;-2.102626e-01;2.456156e+00;-4.473800e-03;2.440940e+00;-6.616166e-02;2.122042e+00;-1.533420e-01;2.098897e+00;-8.284442e-02;3.287385e+00;-8.696125e-02;1.581761e+00;3.745946e-02;2.845766e+00;-3.573775e-02;1.402503e+00;-8.695386e-02
19.000000;1.471775e+01;9.995984e+01;3.107287e-02;7.945203e-01;8.520796e-02;5.984273e-02;7.505503e-02;5.789270e-02;1.684853e-01;2.258734e-01;4.404704e+00;1.005964e+01;1.266073e-01;6.755245e-01;2.970188e-01;1.023395e+00;3.019114e-02;6.700259e-02;5.076904e-03;1.062610e-02;3.532214e-02;1.431436e-01;9.076194e-02;3.009517e-01;1.926582e-01;4.623171e-01;1.554606e-01;5.746236e-01;1.962918e-01;6.683100e-01;1.016200e-01;7.501585e-01;1.220406e-01;7.701484e-01;2.294106e-01;8.950715e-01;2.038871e-01;1.061267e+00;2.936542e-01;1.070257e+00;3.544082e-01;1.038781e+00;2.715373e-01;1.091696e+00;2.163238e-01;1.209736e+00;1.002376e+00;1.466306e+00;1.535192e+00;1.616477e+00;4.359936e-01;1.379302e+00;4.563429e-01;1.458002e+00;1.026884e+00;1.610608e+00;8.173773e-01;1.572433e+00;4.979750e-01;1.438679e+00;6.201108e-01;1.414893e+00;4.109994e-01;1.279000e+00;3.861544e-01;1.098972e+00;2.435327e-01;8.988452e-01;1.979212e-01;7.413958e-01;9.619181e-02;5.968987e-01;2.964349e-01;3.315251e-01;1.253432e-02;5.847875e-03;3.208825e+01;1.157051e+02;4.755453e+01;1.734141e+02;7.157666e+01;2.276777e+02;2.800702e+02;3.508477e+02;1.474659e-01;4.576236e-01;6.994353e+01;1.972236e+02;5.248038e-01;2.540644e+00;9.010020e+04;4.335145e+04;2.126341e+01;3.239632e+01;4.100762e+03;4.233531e+03;2.363460e-01;-2.576045e-01;6.108683e-02;2.064038e-01;4.267339e-01;4.111794e-01;5.158880e+00;4.308447e+01;6.075717e+00;1.558781e+01;9.385238e+00;1.896022e+01;5.423754e+00;1.377773e+01;4.997053e+00;8.730248e+00;1.119076e+01;2.410213e+00;1.157536e+01;-5.625396e+00;7.210377e+00;-5.101702e+00;9.312001e+00;-7.799441e-01;8.330622e+00;-5.613979e+00;1.252503e+01;-7.552700e-02;5.284644e+00;8.742463e+00;9.655732e+00;3.776635e+00;7.328239e+00;9.738903e-01;3.800471e-04;6.342667e-05;1.084714e-06;7.496330e-08;4.261959e-06;1.715989e-08;3.566546e-06;-1.369131e-07;9.758895e-06;-9.055685e-07;2.001520e-04;2.578884e-05;4.026332e-02;-2.387525e-03;1.016048e-01;-3.466550e-03;6.960234e-03;2.262764e-04;1.044606e-03;-7.470396e-05;9.054902e-03;1.212630e-04;2.155739e-02;1.139160e-04;4.670620e-02;-6.569183e-04;3.072918e-02;-2.568704e-03;2.007553e-02;-7.128581e-03;2.430627e-02;-5.015440e-03;3.540211e-02;8.113636e-07;7.309472e-02;-1.382375e-03;7.182685e-02;-3.338037e-03;1.073416e-01;-4.410678e-03;1.003668e-01;-1.259879e-02;6.225973e-02;-1.159923e-02;6.100067e-02;-7.866909e-03;3.118226e-01;-3.137233e-03;4.879077e-01;-2.040159e-03;1.433019e-01;-3.299849e-03;1.519411e-01;-7.325087e-03;3.411309e-01;-4.186282e-03;2.755390e-01;-3.119872e-03;1.718370e-01;-2.048801e-03;2.022965e-01;-2.028933e-03;1.373496e-01;-4.173683e-03;1.364390e-01;-2.114473e-03;8.584404e-02;-9.464618e-04;6.910617e-02;1.832489e-04;2.975650e-02;4.369530e-04;7.174420e-02;-1.205491e-03;4.595698e-03;-7.601939e-05;8.812095e+00;-2.440430e-01;9.527750e+00;-7.177734e-01;1.461889e+01;-2.038476e+00;9.230455e+01;-2.440430e+00;4.607820e-02;-2.114869e-03;1.814479e+01;-1.165027e+00;9.781660e-02;-1.526030e-02;3.042864e+04;-4.764368e+02;4.851705e+00;5.824658e-01;1.048361e+03;9.976298e+01;5.818569e-02;-1.133097e-03;1.336113e-02;-1.213856e-03;1.173918e-01;2.807041e-03;1.539094e+00;-1.183999e-02;1.808317e+00;1.483190e-01;1.631802e+00;1.210502e-01;1.697376e+00;1.393433e-01;1.730063e+00;3.278363e-02;1.484418e+00;2.581689e-01;2.089344e+00;2.732434e-01;1.851763e+00;1.016952e-01;1.932331e+00;-2.844546e-01;2.251535e+00;-1.621690e-01;3.304761e+00;1.142728e-01;1.413898e+00;1.284636e-01;2.640544e+00;-9.137623e-02;1.435398e+00;-1.383670e-01
19.500000;3.518421e+01;1.271203e+02;2.193731e-02;8.226541e-01;1.101523e-01;6.462137e-02;1.183894e-01;6.357739e-02;1.061703e-01;1.441589e-01;4.935557e+00;1.403323e+01;3.139745e-01;8.233825e-01;3.445764e-01;1.070737e+00;5.264176e-02;1.073138e-01;1.875182e-03;8.255228e-03;3.518306e-02;1.433282e-01;1.205891e-01;3.283750e-01;3.091350e-01;5.531631e-01;2.627994e-01;6.255943e-01;6.655359e-01;8.918505e-01;4.314918e-01;9.023068e-01;6.070432e-01;1.083136e+00;3.554659e-01;9.678919e-01;2.189794e-01;1.006480e+00;3.425539e-01;1.157203e+00;6.409336e-01;1.280676e+00;5.363118e-01;1.216335e+00;3.700380e-01;1.221002e+00;5.018244e-01;1.362615e+00;4.884418e-01;1.359639e+00;5.031977e-01;1.484206e+00;4.919881e-01;1.502017e+00;4.836680e-01;1.493716e+00;5.306263e-01;1.544748e+00;4.919595e-01;1.549868e+00;4.173357e-01;1.420347e+00;3.657136e-01;1.309651e+00;2.945302e-01;1.103430e+00;2.480068e-01;9.389521e-01;1.759344e-01;7.615350e-01;1.456841e-01;6.310865e-01;1.725394e+00;1.243478e+00;4.981087e-03;4.494531e-03;4.332665e+01;1.287686e+02;3.953257e+01;1.662363e+02;5.144208e+01;1.913584e+02;8.889223e+01;2.667246e+02;2.240831e-01;4.467051e-01;4.200676e+01;1.767903e+02;2.987677e-01;2.156551e+00;8.005800e+03;1.332919e+04;1.953003e+01;4.368189e+01;3.615108e+03;6.297608e+03;7.240711e-01;-6.821513e-01;4.706703e-02;1.898913e-01;1.726770e+00;1.407910e+00;4.329473e+00;4.444624e+01;4.613708e+00;1.999090e+01;5.871805e+00;2.167930e+01;6.882967e+00;1.307682e+01;7.943978e+00;6.786135e+00;1.307998e+01;4.267566e+00;1.060032e+01;-2.208169e+00;6.384417e+00;-4.619078e+00;6.486423e+00;-5.278530e+00;9.980680e+00;-3.676824e+00;6.897860e+00;2.294455e+00;9.990295e+00;2.930693e+00;7.490298e+00;-5.794399e+00;3.492676e+00;-5.379407e+00;1.142062e-03;4.241442e-06;9.312901e-07;-1.057407e-09;6.963059e-06;-4.673413e-07;7.732297e-06;-3.764046e-07;6.733776e-06;5.324730e-09;3.067075e-04;1.051705e-05;5.961475e-02;1.739013e-03;8.257361e-02;9.590172e-04;1.103895e-02;1.055144e-06;3.305576e-04;1.511716e-05;9.175165e-03;1.567703e-04;2.777221e-02;-1.671694e-03;6.894731e-02;-3.371673e-03;5.595048e-02;4.703742e-04;1.366129e-01;1.453344e-03;9.465173e-02;5.428512e-04;1.435228e-01;7.510729e-04;1.090846e-01;1.483530e-03;7.852918e-02;7.769358e-04;1.019650e-01;4.459354e-03;1.420650e-01;3.576226e-03;1.067538e-01;1.193821e-04;8.793714e-02;-2.528418e-03;1.282881e-01;-8.219357e-04;1.187979e-01;2.675091e-04;1.288381e-01;-3.371571e-03;1.055612e-01;-6.568671e-03;1.392092e-01;6.816068e-03;1.505551e-01;9.079585e-03;1.386051e-01;1.296419e-02;1.088041e-01;7.426937e-03;9.085657e-02;-3.518126e-03;7.286419e-02;-5.924390e-05;6.351265e-02;-1.255590e-03;4.220314e-02;-6.188534e-04;3.822222e-02;-1.623895e-03;3.334607e-01;-4.376804e-04;1.463601e-03;1.946227e-05;8.547220e+00;-7.034180e-01;7.066202e+00;-6.747071e-01;1.219806e+01;4.019531e-01;1.557774e+01;1.550391e+00;7.073627e-02;-1.028917e-03;7.570056e+00;-4.465207e-02;8.748509e-02;5.500200e-03;2.555826e+03;1.074023e+02;5.482685e+00;-2.493382e-01;1.206171e+03;-3.912477e+01;1.645166e-01;1.748253e-04;8.346943e-03;-5.429149e-05;3.665492e-01;-6.605412e-03;7.899934e-01;4.795225e-02;1.455361e+00;1.216087e-02;1.033422e+00;-3.395680e-02;1.793922e+00;-2.579598e-01;2.036676e+00;2.835580e-02;1.883223e+00;5.078641e-02;1.775877e+00;-8.697914e-02;1.490803e+00;1.483151e-01;1.692238e+00;6.449197e-02;1.955094e+00;2.075150e-01;1.656871e+00;2.945772e-01;1.449145e+00;-8.895331e-02;1.599296e+00;-3.598293e-03;1.074990e+00;8.402855e-02
20.000000;3.775592e+01;1.225137e+02;2.787056e-02;8.158132e-01;1.053970e-01;5.773810e-02;1.191801e-01;6.097307e-02;1.310233e-01;1.543640e-01;5.668568e+00;1.244530e+01;3.645466e-01;9.630141e-01;4.110639e-01;1.165401e+00;6.601293e-02;1.097927e-01;2.817560e-03;1.051398e-02;6.951061e-02;1.421978e-01;1.436248e-01;3.102265e-01;3.219486e-01;5.320099e-01;2.787111e-01;6.697207e-01;6.605380e-01;9.075320e-01;4.733016e-01;9.889673e-01;6.088854e-01;1.106735e+00;4.206170e-01;1.099992e+00;5.511582e-01;1.170461e+00;4.353427e-01;1.249998e+00;7.477951e-01;1.490500e+00;6.669140e-01;1.496638e+00;5.470870e-01;1.387113e+00;6.453760e-01;1.474618e+00;5.933810e-01;1.516795e+00;4.862939e-01;1.595592e+00;7.822087e-01;1.738652e+00;5.584898e-01;1.591193e+00;5.879884e-01;1.618497e+00;5.682574e-01;1.654213e+00;4.484551e-01;1.538508e+00;4.438714e-01;1.388202e+00;3.617825e-01;1.177809e+00;2.997753e-01;9.939204e-01;2.396676e-01;8.119715e-01;1.639809e-01;6.483502e-01;1.702703e+00;1.514535e+00;1.847365e-02;1.247285e-02;4.264420e+01;1.386738e+02;4.479826e+01;1.860469e+02;8.255531e+01;2.472012e+02;8.956467e+01;3.415166e+02;2.419650e-01;4.645739e-01;4.519912e+01;2.117212e+02;3.998367e-01;2.481782e+00;1.783831e+04;2.346931e+04;1.825066e+01;2.783323e+01;3.074785e+03;3.235318e+03;8.573305e-01;-7.832635e-01;4.969022e-02;2.277497e-01;1.798391e+00;1.543809e+00;3.974182e+00;4.636150e+01;5.894034e+00;1.729576e+01;4.895359e+00;1.589695e+01;8.424816e+00;5.462819e+00;8.313552e+00;2.262990e+00;1.148101e+01;3.206224e-01;9.810846e+00;-6.498562e+00;7.189457e+00;-6.111107e+00;6.703365e+00;-4.438257e+00;8.280626e+00;4.723411e+00;1.013553e+01;3.033521e+00;6.875549e+00;-4.437102e+00;8.530576e+00;-4.075510e+00;5.596996e+00;-3.343473e+00;1.181740e-03;-1.207914e-05;1.002213e-06;-2.241630e-08;6.884292e-06;1.079341e-09;8.065320e-06;1.374788e-08;6.198591e-06;3.573917e-08;2.773196e-04;-6.363797e-06;6.936222e-02;8.066074e-03;9.312286e-02;3.417128e-03;1.115237e-02;1.126844e-03;4.448213e-04;-8.818343e-06;1.200929e-02;1.267165e-03;2.802434e-02;1.449090e-03;6.903757e-02;1.203632e-03;6.302430e-02;1.244864e-03;1.383969e-01;6.078058e-04;1.056732e-01;4.746833e-03;1.445380e-01;2.692729e-03;1.128363e-01;3.747624e-03;1.227420e-01;5.738107e-03;1.024029e-01;3.013599e-03;1.488804e-01;7.109588e-03;1.343144e-01;6.939945e-03;1.214627e-01;6.688986e-03;1.400166e-01;5.928881e-03;1.261285e-01;4.164356e-03;1.159723e-01;5.315789e-03;1.615759e-01;1.144296e-02;1.397158e-01;5.000564e-03;1.552385e-01;3.063757e-03;1.505659e-01;1.191925e-03;1.179137e-01;5.093703e-04;1.050748e-01;1.239059e-03;8.144512e-02;2.031832e-03;6.944698e-02;1.350131e-03;5.668772e-02;7.486356e-04;3.975130e-02;4.081085e-04;3.516943e-01;7.358489e-03;3.161746e-03;2.938269e-04;1.001443e+01;-1.004883e-01;1.179073e+01;0;1.449458e+01;7.177734e-02;1.495950e+01;3.732422e-01;7.290941e-02;4.881755e-03;9.805345e+00;1.060775e-01;6.367045e-02;3.503889e-03;3.976702e+03;7.080897e+01;3.212026e+00;-4.521758e-01;6.478918e+02;-8.109130e+01;1.716445e-01;-1.299152e-02;1.069100e-02;1.023573e-04;3.725563e-01;1.985237e-02;8.574570e-01;6.783576e-02;9.751530e-01;-1.295630e-01;1.036515e+00;-8.529044e-02;1.397859e+00;-5.036625e-02;1.726876e+00;-4.105499e-02;1.749025e+00;-2.581869e-02;2.227246e+00;-1.950606e-02;1.769908e+00;-5.166671e-02;1.799126e+00;2.281701e-01;1.831893e+00;1.686243e-01;1.579580e+00;-1.316505e-01;1.646752e+00;-1.390793e-01;1.498543e+00;3.764553e-02;1.146836e+00;-2.217608e-02
20.500000;1.300630e+01;1.009937e+02;2.573736e-02;7.949914e-01;4.384534e-02;4.130555e-02;6.541000e-02;4.608104e-02;1.344769e-01;1.919266e-01;4.356340e+00;1.002360e+01;3.080006e-01;9.619568e-01;3.323618e-01;1.098038e+00;5.339207e-02;8.742058e-02;4.870893e-03;1.312547e-02;7.540179e-02;1.399570e-01;1.270241e-01;2.650907e-01;2.080449e-01;4.088126e-01;1.667294e-01;5.498440e-01;1.088269e-01;5.755050e-01;3.092649e-01;7.845546e-01;2.003602e-01;8.408839e-01;3.606784e-01;1.032635e+00;5.673403e-01;1.160403e+00;3.776724e-01;1.125313e+00;6.117761e-01;1.225312e+00;5.636348e-01;1.324390e+00;4.749265e-01;1.388440e+00;5.156298e-01;1.386647e+00;4.775944e-01;1.446405e+00;3.797587e-01;1.514284e+00;7.560428e-01;1.709568e+00;6.087353e-01;1.684623e+00;5.747921e-01;1.650603e+00;5.779170e-01;1.629504e+00;5.842987e-01;1.577326e+00;6.186841e-01;1.461428e+00;3.700737e-01;1.186766e+00;3.151283e-01;9.954164e-01;2.720502e-01;8.296853e-01;1.873804e-01;6.555803e-01;6.937119e-01;6.734383e-01;1.781511e-02;1.692680e-02;3.188692e+01;1.103936e+02;4.705354e+01;1.639395e+02;8.307079e+01;2.410283e+02;8.048029e+01;3.316113e+02;2.285816e-01;5.528800e-01;4.534283e+01;2.047614e+02;3.391541e-01;2.675869e+00;5.785399e+04;5.919870e+04;6.936353e+00;1.867239e+01;9.319376e+02;1.229578e+03;5.950891e-01;-5.019906e-01;4.923264e-02;2.158237e-01;8.440964e-01;7.351187e-01;7.052236e+00;4.270715e+01;4.545871e+00;1.156936e+01;5.342201e+00;1.301777e+01;7.265071e+00;3.755936e+00;7.959303e+00;6.300779e+00;7.833776e+00;6.988166e+00;8.665372e+00;-1.445372e+00;6.990079e+00;-4.257238e+00;6.223032e+00;-8.875046e-01;6.362580e+00;4.869893e+00;1.045156e+01;-2.986469e+00;6.089073e+00;-7.814137e-01;3.998803e+00;2.930619e+00;5.767404e+00;-2.485489e+00;4.071994e-04;-8.043568e-05;8.957095e-07;-1.229610e-07;2.200111e-06;1.358714e-07;3.986841e-06;1.287788e-07;8.188904e-06;3.271078e-07;1.477508e-04;-1.979569e-05;5.596479e-02;-5.766285e-03;6.985557e-02;-6.865899e-03;7.438740e-03;-7.937352e-04;8.211099e-04;2.758881e-05;1.292760e-02;-1.074704e-03;2.131096e-02;-1.025963e-03;4.206489e-02;-1.371289e-03;3.760964e-02;-3.536756e-03;2.979027e-02;-3.472655e-03;5.696220e-02;-4.692147e-03;4.521680e-02;-4.889998e-03;8.049542e-02;-4.847532e-03;1.162297e-01;-6.348189e-03;7.271957e-02;-7.097859e-03;1.108640e-01;-6.567066e-03;1.128184e-01;-6.652873e-03;1.071878e-01;-3.642036e-03;1.007275e-01;-3.440115e-04;1.005651e-01;-6.624672e-03;8.034290e-02;-8.807476e-03;1.501431e-01;-8.359602e-03;1.344558e-01;-1.440667e-02;1.211066e-01;-1.828733e-02;1.183355e-01;-2.449763e-02;1.316134e-01;-1.582911e-02;1.426247e-01;-1.059137e-02;9.338537e-02;-5.217555e-03;7.487325e-02;-4.374113e-03;6.479561e-02;-3.429315e-03;4.071714e-02;-2.525444e-03;1.313899e-01;-6.865114e-03;3.400523e-03;-3.304220e-05;9.199818e+00;-1.435547e-02;1.375055e+01;-1.435547e-02;1.488894e+01;-5.167969e-01;1.503710e+01;-5.885742e-01;5.449432e-02;-4.510646e-03;1.100782e+01;4.520861e-02;7.613392e-02;2.529357e-03;1.144353e+04;9.281539e+02;1.922151e+00;3.996164e-02;2.804716e+02;-3.555817e+00;8.465125e-02;3.888751e-03;1.179096e-02;-9.147084e-05;1.402564e-01;-5.534673e-03;1.091873e+00;-1.238165e-01;1.053495e+00;-1.204754e-01;1.057490e+00;-1.347344e-01;1.218355e+00;2.090990e-01;1.521296e+00;-2.747413e-02;1.591330e+00;-3.206398e-04;2.185882e+00;1.846487e-01;1.755977e+00;2.516096e-03;1.569652e+00;3.044190e-02;1.709217e+00;-2.012262e-01;1.502883e+00;-1.896291e-01;1.618844e+00;1.578561e-01;1.457943e+00;-8.822553e-03;1.364698e+00;-1.562138e-01
21.000000;2.442047e+01;9.593299e+01;2.759772e-02;7.766303e-01;5.744594e-02;5.598278e-02;1.070541e-01;8.190320e-02;1.432163e-01;2.015839e-01;7.443883e+00;6.444757e+00;3.460377e-01;8.493821e-01;5.054492e-01;1.064702e+00;4.079435e-02;6.879278e-02;4.441611e-03;1.357773e-02;7.157703e-02;1.377615e-01;1.824380e-01;2.971431e-01;2.904025e-01;4.778721e-01;3.114289e-01;6.122528e-01;4.343334e-01;7.463118e-01;4.067325e-01;7.982602e-01;5.320107e-01;9.402719e-01;6.603744e-01;1.043721e+00;7.672868e-01;1.124930e+00;8.032636e-01;1.189872e+00;7.566726e-01;1.202316e+00;7.018058e-01;1.269495e+00;4.315535e-01;1.285864e+00;3.427075e-01;1.302079e+00;8.771319e-01;1.469744e+00;8.372870e-01;1.476646e+00;8.213837e-01;1.477554e+00;1.010889e+00;1.643077e+00;8.164588e-01;1.553210e+00;7.844700e-01;1.502030e+00;7.575049e-01;1.438826e+00;7.988963e-01;1.356853e+00;4.133177e-01;1.090194e+00;3.202551e-01;8.972079e-01;2.969969e-01;7.496248e-01;2.166518e-01;5.991268e-01;5.615491e-01;5.936284e-01;1.162990e-02;1.309274e-02;3.504940e+01;1.124033e+02;4.715504e+01;1.737012e+02;5.140360e+01;2.283955e+02;8.551077e+01;3.171123e+02;2.784999e-01;4.899353e-01;4.126850e+01;2.050580e+02;3.121194e-01;2.716294e+00;6.172708e+04;7.015117e+04;6.661080e+00;1.848838e+01;8.768923e+02;1.089786e+03;2.910855e-01;-3.070711e-01;4.219812e-02;2.145625e-01;4.993393e-01;5.218162e-01;8.750096e+00;4.115271e+01;4.714705e+00;9.895756e+00;5.527411e+00;1.313433e+01;6.362833e+00;7.800058e+00;5.120583e+00;7.608464e+00;9.407994e+00;3.968933e+00;6.912455e+00;-1.088350e+00;6.941945e+00;-3.779745e+00;7.400523e+00;-3.936161e+00;7.656866e+00;-3.636647e+00;5.017742e+00;-6.214061e+00;6.697981e+00;5.970402e+00;4.278139e+00;1.037734e+00;6.526517e+00;-6.839055e+00;6.422100e-04;-7.462083e-05;7.616964e-07;-3.799311e-08;2.791270e-06;-8.794949e-08;5.826111e-06;2.770146e-07;8.780448e-06;-4.580454e-07;3.701937e-04;-1.579575e-05;5.924632e-02;-6.355832e-03;1.124588e-01;-4.258631e-03;5.778651e-03;-1.321041e-03;8.540241e-04;4.018645e-05;1.364447e-02;-1.319939e-03;3.402661e-02;-1.433496e-03;5.320353e-02;-1.433623e-03;5.868147e-02;-9.580845e-04;7.559395e-02;1.911208e-03;7.596958e-02;-4.073571e-03;9.232885e-02;-1.526718e-03;1.296313e-01;-3.291656e-03;1.659854e-01;-6.185187e-03;1.647225e-01;-2.790644e-03;1.578081e-01;-5.249989e-03;1.491816e-01;-4.049799e-03;9.382083e-02;-5.567268e-03;7.840278e-02;-6.665854e-03;1.900748e-01;-5.507708e-03;1.966441e-01;-7.771705e-03;1.816200e-01;-1.444962e-02;2.315601e-01;-7.566703e-03;1.861814e-01;-5.731305e-03;1.847183e-01;-6.119953e-03;1.869975e-01;-5.167753e-03;2.114566e-01;-4.124046e-03;1.113858e-01;-3.823353e-03;7.641774e-02;-3.163111e-03;7.323439e-02;-2.469308e-03;5.116675e-02;-2.195206e-03;9.723605e-02;-5.907680e-03;2.923309e-03;-2.615582e-04;9.657763e+00;2.009766e-01;1.389635e+01;4.163086e-01;1.279473e+01;8.756836e-01;2.992839e+01;1.780078e+00;6.492813e-02;-2.544448e-03;1.192589e+01;6.158956e-01;8.204450e-02;9.365034e-03;1.491998e+04;1.185686e+02;1.947896e+00;-1.395196e-01;2.734212e+02;-1.741289e+01;4.705143e-02;1.388296e-02;1.199180e-02;6.734172e-04;1.013772e-01;-2.224082e-02;1.238578e+00;4.894765e-02;1.202438e+00;9.579752e-03;1.330375e+00;-1.151082e-01;1.769587e+00;-1.063151e-02;1.463653e+00;-2.628827e-02;1.855940e+00;-1.956438e-01;2.007776e+00;-1.212478e-01;1.556433e+00;2.684295e-03;1.774341e+00;-9.073824e-02;1.583253e+00;-1.083704e-01;1.661048e+00;9.944940e-02;1.367994e+00;9.808286e-02;1.350802e+00;-3.476727e-02;1.326784e+00;9.462713e-02
21.500000;2.497697e+01;8.622383e+01;2.139085e-02;7.559952e-01;9.681703e-02;1.000883e-01;1.470780e-01;1.197433e-01;1.618241e-01;2.332803e-01;6.112450e+00;4.065357e+00;2.847615e-01;7.278045e-01;4.898482e-01;1.022419e+00;2.852334e-02;5.166468e-02;1.779836e-03;1.250945e-02;6.598610e-02;1.367257e-01;1.732448e-01;3.072651e-01;2.850785e-01;4.811555e-01;3.004640e-01;6.265542e-01;4.284268e-01;8.285695e-01;3.795012e-01;8.379520e-01;5.158660e-01;9.531698e-01;6.570578e-01;1.021098e+00;7.445374e-01;1.161061e+00;7.945499e-01;1.225959e+00;7.476324e-01;1.168173e+00;6.857381e-01;1.235508e+00;4.261217e-01;1.159767e+00;3.488359e-01;1.191914e+00;8.696934e-01;1.478653e+00;8.172892e-01;1.473863e+00;7.854028e-01;1.451997e+00;9.344698e-01;1.455408e+00;7.103393e-01;1.422869e+00;7.365996e-01;1.442504e+00;6.029251e-01;1.284763e+00;6.486981e-01;1.171444e+00;3.076407e-01;9.967707e-01;2.355520e-01;8.294441e-01;2.500205e-01;6.876442e-01;1.559358e-01;5.526584e-01;5.600134e-01;5.244843e-01;1.087760e-02;9.870925e-03;3.012973e+01;1.281943e+02;3.525137e+01;2.052832e+02;5.481759e+01;2.830898e+02;8.116923e+01;3.680742e+02;2.147011e-01;4.353174e-01;3.325598e+01;2.301780e+02;2.367279e-01;2.976413e+00;3.500588e+04;4.612266e+04;5.812713e+00;1.489169e+01;5.016508e+02;8.766566e+02;1.627664e-01;-1.656608e-01;3.468714e-02;2.448547e-01;3.876085e-01;3.320446e-01;7.128744e+00;4.510736e+01;4.104609e+00;1.003952e+01;5.699692e+00;1.199894e+01;7.169072e+00;5.177288e+00;5.592142e+00;2.403580e+00;6.746302e+00;9.548178e-01;5.090279e+00;-2.780771e+00;7.501830e+00;-7.804849e+00;6.437648e+00;-1.153995e+01;8.924873e+00;-2.328292e+00;8.913184e+00;1.450223e+00;6.436913e+00;6.042736e+00;5.180031e+00;2.317237e+00;6.488510e+00;-6.047073e+00;8.487990e-04;1.041700e-04;1.021256e-06;6.050679e-08;4.087105e-06;6.059384e-08;7.541190e-06;-5.937672e-09;8.976273e-06;-4.084989e-07;3.611993e-04;2.914665e-06;5.391674e-02;5.477129e-03;1.087359e-01;6.950278e-03;4.847765e-03;4.299656e-04;5.144340e-04;-1.284958e-05;1.269791e-02;6.729647e-04;3.354006e-02;1.770428e-03;5.249254e-02;2.376325e-03;5.819983e-02;2.962699e-03;8.174365e-02;1.902160e-03;7.382311e-02;4.406549e-03;8.944323e-02;4.642780e-03;1.276483e-01;4.001905e-03;1.653848e-01;5.142088e-03;1.647366e-01;5.189708e-03;1.518408e-01;7.981691e-03;1.406818e-01;8.242848e-03;8.916016e-02;6.367366e-03;7.344186e-02;3.165674e-03;1.854058e-01;7.466378e-03;1.910984e-01;7.199626e-03;1.781200e-01;1.211319e-02;2.294315e-01;1.863838e-02;1.822875e-01;1.757327e-02;1.791028e-01;1.105507e-02;1.637585e-01;1.148659e-02;1.853629e-01;1.082716e-02;8.723444e-02;9.745972e-03;5.931390e-02;5.429895e-03;7.078716e-02;5.384257e-03;4.585395e-02;4.962265e-03;9.205142e-02;3.144150e-03;2.792744e-03;1.460304e-04;8.886707e+00;5.885742e-01;1.258132e+01;4.306641e-01;1.441800e+01;5.311524e-01;2.854847e+01;3.014649e-01;5.883440e-02;4.355758e-03;1.081901e+01;3.689735e-01;6.108934e-02;-2.126695e-04;1.040035e+04;-5.329858e+02;1.611463e+00;2.317266e-02;1.436778e+02;2.852169e+00;2.801118e-02;-1.577297e-03;1.081192e-02;4.869515e-04;7.622855e-02;4.150796e-03;1.059200e+00;9.340856e-02;1.125422e+00;-7.599676e-03;1.263986e+00;4.459942e-02;1.677824e+00;-1.318665e-01;1.266234e+00;-2.169528e-02;1.629284e+00;9.616994e-02;1.689245e+00;-1.435000e-01;1.494576e+00;-1.617966e-01;1.917560e+00;-2.540773e-02;1.562839e+00;8.569976e-02;1.961709e+00;5.842759e-03;1.172300e+00;-6.510086e-02;1.278714e+00;-6.318095e-02;1.175472e+00;7.440019e-02
22.000000;5.586894e+01;1.338491e+02;3.366497e-02;7.808576e-01;1.077175e-01;8.166380e-02;1.375865e-01;8.011746e-02;1.210913e-01;2.156007e-01;1.937396e+00;6.277432e+00;1.651469e-01;8.436789e-01;2.394568e-01;9.965000e-01;1.052600e-02;5.474251e-02;2.051224e-03;1.403628e-02;1.000140e-02;1.223975e-01;4.709712e-02;2.754577e-01;7.009873e-02;3.978208e-01;8.496083e-02;5.725318e-01;1.464566e-01;7.357646e-01;2.761809e-01;9.104204e-01;2.523861e-01;9.424073e-01;1.323005e-01;8.943417e-01;1.511675e-01;9.778257e-01;1.919390e-01;1.105967e+00;3.187688e-01;1.142975e+00;3.530509e-01;1.178368e+00;3.798652e-01;1.194734e+00;2.151143e-01;1.148196e+00;3.029544e-01;1.291089e+00;3.751153e-01;1.355742e+00;7.370252e-01;1.478517e+00;1.039089e+00;1.565648e+00;5.071650e-01;1.429766e+00;5.088412e-01;1.420191e+00;3.770018e-01;1.325503e+00;3.906184e-01;1.202140e+00;2.061681e-01;1.049287e+00;1.542776e-01;8.804508e-01;1.573595e-01;7.256574e-01;8.776144e-02;5.858030e-01;2.054677e-01;4.612266e-01;5.957284e-03;1.038013e-02;3.306716e+01;1.548955e+02;4.478791e+01;2.341377e+02;6.478500e+01;3.508477e+02;8.104625e+01;4.748789e+02;9.597473e-02;4.588730e-01;4.055060e+01;2.723131e+02;1.214097e-01;3.149328e+00;7.773769e+03;3.757348e+04;4.154946e+00;9.765539e+00;2.917079e+02;5.639135e+02;5.868817e-02;-1.466486e-01;4.407352e-02;2.917040e-01;2.061743e-01;3.500820e-01;4.357590e+00;5.061312e+01;5.285366e+00;9.348477e+00;7.233483e+00;6.527853e+00;4.214871e+00;-8.883499e-01;7.971598e+00;-4.739176e+00;4.804973e+00;2.158919e+00;6.985411e+00;-6.333670e+00;4.735124e+00;-1.374104e+01;1.358138e+01;-1.835539e+00;5.700761e+00;9.068368e+00;8.780289e+00;2.691441e+00;3.991081e+00;1.494321e+00;7.899914e+00;-1.061783e+00;6.138195e+00;-7.722322e+00;7.769206e-04;1.653366e-04;9.477734e-07;-6.063296e-09;4.386956e-06;-3.037952e-07;6.164011e-06;-6.164378e-07;7.047974e-06;1.793504e-07;7.470473e-05;1.390930e-08;3.385892e-02;1.001308e-03;5.468870e-02;1.371799e-03;2.566650e-03;4.920004e-05;3.499835e-04;4.081634e-05;3.261088e-03;-1.261385e-04;1.070065e-02;-2.272045e-04;1.747461e-02;3.697350e-04;2.028617e-02;2.266248e-04;3.801658e-02;-1.346288e-03;6.118717e-02;2.220087e-04;5.356415e-02;-2.747700e-04;2.824657e-02;-3.909436e-04;3.779065e-02;-6.103779e-04;4.383288e-02;-1.522322e-03;6.544773e-02;-8.467782e-04;7.399641e-02;-1.893932e-03;7.079571e-02;-4.218442e-04;5.351864e-02;2.075244e-03;5.713071e-02;7.441066e-05;6.433291e-02;2.095698e-03;1.466438e-01;2.939544e-03;2.245094e-01;2.188456e-03;1.323715e-01;5.262278e-03;1.249077e-01;6.456827e-03;9.432985e-02;6.245509e-03;9.746315e-02;4.653301e-03;6.198501e-02;3.035039e-03;4.729075e-02;3.254286e-03;4.835516e-02;2.344406e-03;2.983128e-02;1.883996e-03;4.589107e-02;1.889789e-03;1.531520e-03;-1.241808e-06;6.965273e+00;8.469726e-01;1.246666e+01;1.349414e+00;1.532946e+01;1.866211e+00;1.218356e+01;1.291992e+00;3.174069e-02;-1.544557e-04;7.929799e+00;1.040912e+00;4.215532e-02;1.140868e-03;2.177542e+03;7.798369e+01;1.318541e+00;1.197695e-02;9.833204e+01;2.355575e+00;1.447566e-02;-1.266459e-04;8.580802e-03;1.140338e-03;4.041468e-02;1.783225e-03;8.922163e-01;-1.247348e-02;8.960283e-01;8.475838e-02;9.130811e-01;-4.845595e-02;1.179237e+00;-1.768706e-01;1.129946e+00;-1.227931e-01;1.099587e+00;-4.624542e-02;1.107781e+00;-1.013820e-01;9.347491e-01;-4.446506e-02;1.537668e+00;7.629355e-02;1.159863e+00;1.749058e-01;1.777479e+00;2.996918e-02;9.107175e-01;-1.135909e-01;1.209357e+00;-5.655479e-02;1.093143e+00;-1.057416e-01
22.500000;4.960507e+01;1.469999e+02;2.297548e-02;7.999090e-01;1.794654e-01;7.755762e-02;1.034135e-01;5.890789e-02;8.600016e-02;2.245907e-01;2.291874e+00;7.800826e+00;1.922615e-01;8.499727e-01;3.941404e-01;1.122351e+00;1.362633e-02;5.315230e-02;4.662699e-03;1.538423e-02;2.647249e-02;1.330896e-01;5.950147e-02;2.769632e-01;9.205431e-02;4.347331e-01;1.323830e-01;5.743937e-01;1.189918e-01;6.460522e-01;3.429456e-01;8.206025e-01;3.023346e-01;9.180862e-01;2.112786e-01;9.710061e-01;1.845862e-01;9.546279e-01;2.723116e-01;1.048344e+00;4.334792e-01;1.241200e+00;4.447470e-01;1.288232e+00;4.668547e-01;1.347592e+00;5.578209e-01;1.391235e+00;6.974646e-01;1.436240e+00;7.097493e-01;1.563808e+00;1.063123e+00;1.727170e+00;1.399377e+00;1.910179e+00;1.083840e+00;1.801966e+00;7.272855e-01;1.661076e+00;6.581085e-01;1.619354e+00;7.866572e-01;1.556736e+00;6.702721e-01;1.259557e+00;4.543797e-01;1.042828e+00;4.007019e-01;8.577624e-01;3.631839e-01;6.982926e-01;2.201624e-01;4.527097e-01;6.520960e-03;9.150131e-03;3.722775e+01;1.589150e+02;5.642339e+01;2.362910e+02;6.768402e+01;3.590303e+02;9.054318e+01;4.905264e+02;1.183320e-01;4.175213e-01;5.124054e+01;2.841906e+02;1.793400e-01;3.111144e+00;2.234777e+05;1.082186e+05;6.110968e+00;1.173157e+01;2.945806e+02;5.565235e+02;6.516557e-02;-1.435102e-01;5.230872e-02;3.007837e-01;2.098504e-01;3.630344e-01;9.760166e+00;4.682983e+01;7.296587e+00;1.213493e+01;8.980789e+00;6.382833e+00;4.463489e+00;-1.584761e+00;9.144402e+00;-4.594825e+00;4.983145e+00;4.026640e-01;5.335674e+00;-9.711627e+00;6.482940e+00;-1.178500e+01;8.085725e+00;4.552412e+00;7.892739e+00;9.693556e+00;7.473093e+00;-3.435821e+00;5.516620e+00;-3.910566e-01;7.022388e+00;-4.617968e+00;8.919131e+00;-6.626091e+00;8.752244e-04;-9.249005e-05;7.505860e-07;4.763512e-08;6.885584e-06;1.799932e-07;5.553323e-06;-3.769765e-07;5.053271e-06;-6.677148e-08;9.980402e-05;1.218471e-05;4.841097e-02;-1.971582e-03;1.211267e-01;-2.049775e-03;3.059403e-03;-1.120158e-04;1.306662e-03;-3.880070e-05;6.077244e-03;4.415555e-04;1.494746e-02;-5.280558e-04;2.846654e-02;2.692668e-04;2.837592e-02;1.802226e-03;2.419393e-02;-1.149232e-03;6.257355e-02;-1.395017e-03;6.140883e-02;3.281180e-04;4.272576e-02;2.073462e-03;4.381971e-02;2.424892e-03;5.900908e-02;5.005489e-04;1.080064e-01;7.867944e-04;9.865463e-02;2.067857e-03;1.215315e-01;-1.827060e-03;1.841185e-01;-9.062766e-04;2.236244e-01;-2.172740e-04;2.087120e-01;3.417368e-04;3.029943e-01;-5.082796e-03;3.827431e-01;-1.197498e-02;3.226617e-01;-9.314266e-03;2.072444e-01;-3.000651e-03;1.952052e-01;-6.222495e-03;2.377015e-01;-7.337091e-03;2.176864e-01;-6.207217e-03;1.407294e-01;-3.629485e-03;1.242921e-01;-2.792027e-03;1.070949e-01;-2.746664e-03;4.870430e-02;-6.802219e-04;1.700618e-03;-9.524676e-05;8.439697e+00;-6.029297e-01;1.516440e+01;-2.583984e-01;1.578164e+01;-8.613281e-02;1.560484e+01;-6.029297e-01;3.828830e-02;-2.194123e-03;1.474560e+01;-4.243763e-01;5.813381e-02;-5.683990e-04;8.205495e+04;-2.579854e+02;1.345813e+00;-4.025248e-02;1.012844e+02;-2.290592e-01;1.514738e-02;6.602709e-04;1.292799e-02;-4.370385e-04;4.248909e-02;-3.165115e-03;1.611392e+00;6.607356e-03;1.141974e+00;1.629520e-02;1.392456e+00;-4.885838e-02;1.359508e+00;4.096258e-02;1.449419e+00;1.168846e-01;1.223502e+00;3.856027e-02;1.288661e+00;5.402531e-02;1.538557e+00;5.031473e-02;1.573602e+00;-7.878232e-02;1.629745e+00;-2.624131e-02;1.513981e+00;-1.036758e-01;1.392217e+00;-1.428287e-01;1.565919e+00;1.704687e-01;1.276260e+00;2.017449e-01
23.000000;2.784463e+01;1.060934e+02;2.711115e-02;7.978409e-01;1.812271e-01;9.847716e-02;1.058815e-01;7.265632e-02;1.166105e-01;2.072989e-01;4.571344e+00;1.058392e+01;3.208374e-01;9.816985e-01;3.718654e-01;1.172215e+00;7.935397e-02;1.084215e-01;6.179328e-03;1.114890e-02;6.676649e-02;1.693339e-01;1.569407e-01;3.319983e-01;1.978334e-01;4.783722e-01;1.382605e-01;5.635216e-01;1.775068e-01;6.602297e-01;3.687592e-01;8.183466e-01;2.382946e-01;8.626475e-01;2.381745e-01;1.015054e+00;3.055888e-01;1.069883e+00;3.444475e-01;1.058183e+00;4.400350e-01;1.250926e+00;3.663400e-01;1.319546e+00;5.821987e-01;1.422173e+00;6.381145e-01;1.565355e+00;6.795681e-01;1.640072e+00;6.192580e-01;1.670678e+00;8.281971e-01;1.829573e+00;1.043311e+00;1.881444e+00;1.020644e+00;1.848114e+00;6.497976e-01;1.762128e+00;6.304339e-01;1.688274e+00;7.621523e-01;1.570495e+00;6.699724e-01;1.311711e+00;4.732609e-01;1.085629e+00;4.156399e-01;8.843855e-01;3.712789e-01;7.195081e-01;9.053531e-01;7.125299e-01;1.404964e-02;1.399860e-02;3.445193e+01;1.145566e+02;5.721965e+01;1.744189e+02;9.981501e+01;2.457656e+02;1.299527e+02;3.280225e+02;3.019878e-01;6.133350e-01;7.293962e+01;2.071175e+02;5.309319e-01;2.622008e+00;2.269628e+05;9.785406e+04;1.421545e+01;2.492768e+01;2.531286e+03;2.361167e+03;1.080800e+00;-8.758160e-01;7.264017e-02;2.172605e-01;1.535834e+00;1.283872e+00;7.264572e+00;4.237695e+01;5.531320e+00;1.407749e+01;8.018646e+00;1.372065e+01;7.284240e+00;4.905432e+00;9.325222e+00;5.627583e+00;7.068610e+00;5.979591e+00;8.350705e+00;-1.726590e+00;6.281764e+00;-3.406921e+00;8.224189e+00;3.064281e+00;1.021408e+01;5.819886e+00;7.184364e+00;-6.158359e+00;6.265664e+00;-1.267610e+00;6.843451e+00;-1.180179e+00;8.319635e+00;-2.599500e+00;8.146725e-04;-1.940074e-04;8.618343e-07;-5.584937e-08;6.880255e-06;1.394620e-06;6.089469e-06;6.206752e-07;5.060420e-06;-1.311171e-07;1.452572e-04;3.392695e-06;6.236819e-02;2.896199e-03;1.218183e-01;-2.557047e-04;1.015329e-02;9.365560e-04;1.313351e-03;-8.793147e-05;1.216381e-02;1.282140e-04;3.075555e-02;1.975805e-04;4.705675e-02;-1.820230e-04;3.097874e-02;3.327779e-04;3.886992e-02;1.079852e-03;6.960686e-02;-8.906349e-04;5.189350e-02;-7.602502e-04;4.811186e-02;-4.250946e-04;6.818295e-02;-1.003238e-03;7.871353e-02;9.493882e-04;1.145903e-01;-7.141310e-04;8.786315e-02;-9.436029e-05;1.566933e-01;-4.719852e-04;2.110665e-01;1.876755e-03;2.370993e-01;3.302373e-03;2.110071e-01;1.591379e-03;2.807037e-01;9.036080e-04;3.366483e-01;8.590407e-04;3.197263e-01;-1.775759e-03;1.967406e-01;-2.651942e-03;1.952727e-01;-3.177026e-03;2.350103e-01;-2.642378e-03;2.183451e-01;-1.086543e-03;1.442365e-01;-9.357659e-04;1.275922e-01;-5.145452e-04;1.090932e-01;-5.436058e-04;2.146274e-01;2.050887e-04;3.548702e-03;4.050234e-05;6.980877e+00;-9.331055e-01;1.116567e+01;-1.765723e+00;1.213868e+01;-2.670117e+00;1.460692e+01;-3.316113e+00;6.646281e-02;4.486592e-03;1.379299e+01;-1.691168e+00;7.426576e-02;-1.152655e-02;8.206524e+04;-2.293377e+02;2.765533e+00;2.839642e-01;5.068747e+02;4.423626e+01;1.572544e-01;-8.897893e-03;1.158425e-02;-1.843381e-03;2.438604e-01;1.236926e-02;1.596728e+00;-6.302126e-02;1.328318e+00;-3.460028e-02;1.366741e+00;2.353199e-01;1.404330e+00;1.805984e-01;1.705287e+00;3.995181e-02;1.277582e+00;1.435209e-01;1.775053e+00;2.165291e-01;1.523315e+00;6.727272e-02;1.613421e+00;4.357381e-02;2.142512e+00;1.014711e-02;1.512096e+00;-9.402010e-03;1.479574e+00;3.573330e-02;1.904167e+00;1.214702e-02;1.616820e+00;4.319970e-02
23.500000;1.676838e+01;9.886330e+01;2.630501e-02;7.980237e-01;1.085099e-01;8.511889e-02;1.281084e-01;8.623177e-02;1.165899e-01;1.725127e-01;4.523299e+00;1.139457e+01;2.435068e-01;1.099247e+00;2.523073e-01;1.046266e+00;5.791000e-02;1.567297e-01;1.379256e-03;7.513227e-03;6.780699e-02;1.599427e-01;1.532269e-01;3.442410e-01;2.289047e-01;5.066386e-01;9.501909e-02;5.782527e-01;1.561620e-01;7.120096e-01;3.270858e-01;8.899232e-01;1.906550e-01;8.974404e-01;2.307785e-01;9.284235e-01;3.092192e-01;1.012812e+00;2.868059e-01;1.077584e+00;3.599985e-01;1.141149e+00;3.313289e-01;1.182706e+00;5.502901e-01;1.334776e+00;5.006435e-01;1.346328e+00;4.206691e-01;1.368878e+00;4.238417e-01;1.429321e+00;5.178600e-01;1.539662e+00;5.025306e-01;1.574388e+00;4.438937e-01;1.528629e+00;4.312339e-01;1.523820e+00;3.795757e-01;1.420140e+00;3.842365e-01;1.285753e+00;2.675384e-01;1.116652e+00;2.286447e-01;9.319994e-01;1.726753e-01;7.570211e-01;1.352025e-01;6.144354e-01;1.143223e+00;1.053211e+00;1.394598e-02;1.347285e-02;1.766306e+01;9.776074e+01;2.491243e+01;1.403965e+02;3.753646e+01;1.683896e+02;4.231723e+01;2.222227e+02;2.424910e-01;7.971811e-01;2.192481e+01;1.532389e+02;2.665690e-01;2.200814e+00;7.796565e+03;1.546610e+04;1.303290e+01;3.495301e+01;2.565563e+03;4.376829e+03;9.473425e-01;-1.358687e+00;2.385521e-02;1.630720e-01;1.430816e+00;1.950213e+00;2.870591e+00;4.505383e+01;6.860101e+00;1.719295e+01;4.789701e+00;1.948742e+01;4.970338e+00;8.010916e+00;6.999885e+00;9.155711e+00;4.814517e+00;8.448369e+00;6.912944e+00;1.788717e+00;6.424732e+00;1.650146e+00;7.304855e+00;8.316852e+00;9.387040e+00;6.782693e+00;8.843437e+00;-6.895628e+00;5.177980e+00;-1.875596e+00;4.753564e+00;-2.854183e+00;6.081761e+00;-6.822076e+00;4.804041e-04;3.910636e-05;7.008363e-07;1.640160e-08;5.044645e-06;2.659030e-08;6.278622e-06;-9.800293e-08;5.188706e-06;-3.189432e-07;1.427554e-04;1.137341e-05;5.244249e-02;4.666029e-03;5.592914e-02;2.526329e-03;1.220202e-02;1.744278e-03;3.498873e-04;-1.385738e-06;1.112562e-02;-4.624679e-05;3.031038e-02;1.561861e-03;5.156111e-02;3.409774e-03;2.444862e-02;-3.494915e-04;3.714859e-02;1.436978e-03;7.512924e-02;3.726729e-04;5.152521e-02;-7.183379e-04;4.349961e-02;-8.847530e-05;6.465882e-02;4.469365e-04;6.805794e-02;6.337045e-05;8.159407e-02;-1.651121e-03;7.540558e-02;-2.250351e-03;1.309678e-01;5.277100e-04;1.202912e-01;5.220666e-03;9.425312e-02;4.857607e-03;9.285252e-02;5.872219e-03;1.046979e-01;5.592738e-03;1.268994e-01;3.723475e-03;1.165412e-01;4.331357e-03;1.071010e-01;4.719941e-03;9.346748e-02;5.104803e-03;1.043670e-01;4.895343e-03;5.541331e-02;6.125533e-03;4.690786e-02;5.741864e-03;3.962748e-02;3.943026e-03;3.071637e-02;2.840681e-03;2.832130e-01;2.335512e-02;3.252735e-03;-6.014431e-06;5.073394e+00;4.306641e-01;6.091778e+00;2.153320e-01;8.334323e+00;-3.014649e-01;1.167304e+01;-1.148438e+00;8.543383e-02;8.924755e-04;4.946393e+00;-2.140511e-01;7.111969e-02;-5.644188e-03;2.280922e+03;-3.053895e+02;3.464849e+00;4.918468e-01;6.660109e+02;1.046998e+02;1.919621e-01;-2.331728e-02;5.347331e-03;-1.943156e-04;3.191602e-01;2.947091e-02;8.752131e-01;-1.152249e-03;1.144677e+00;1.811082e-01;1.094592e+00;1.726880e-01;1.303417e+00;1.228043e-01;1.940180e+00;-5.107764e-02;1.236378e+00;-2.528929e-02;1.874487e+00;6.253530e-02;1.379522e+00;-8.439597e-05;1.660670e+00;5.544362e-02;2.014104e+00;-1.433098e-02;2.267761e+00;5.366861e-03;1.420355e+00;-3.886909e-02;1.630157e+00;-1.557722e-01;1.447385e+00;-2.423047e-01
24.000000;1.558688e+01;9.005926e+01;2.803336e-02;7.815486e-01;1.112791e-01;9.566777e-02;1.421002e-01;1.257969e-01;1.660330e-01;2.274548e-01;4.661317e+00;9.047230e+00;1.959906e-01;8.716621e-01;1.868997e-01;9.323958e-01;5.808941e-02;1.095846e-01;2.836240e-03;9.269337e-03;2.371225e-02;1.126473e-01;7.110921e-02;2.460527e-01;1.896965e-01;4.115671e-01;7.252147e-02;5.409682e-01;8.890977e-02;6.868898e-01;1.217684e-01;7.057021e-01;1.211247e-01;7.877631e-01;2.190196e-01;8.978477e-01;2.208586e-01;9.363580e-01;2.324982e-01;1.022467e+00;2.894265e-01;1.064876e+00;2.977931e-01;1.118686e+00;3.567191e-01;1.222844e+00;3.177841e-01;1.213235e+00;2.737709e-01;1.182439e+00;4.413712e-01;1.282621e+00;4.396082e-01;1.297472e+00;4.482109e-01;1.368682e+00;4.058329e-01;1.389856e+00;4.419569e-01;1.359704e+00;3.400651e-01;1.232401e+00;3.684449e-01;1.145649e+00;2.207875e-01;9.755076e-01;1.816179e-01;8.192349e-01;1.366083e-01;6.733299e-01;1.099375e-01;5.474893e-01;9.751066e-01;7.186252e-01;2.452537e-03;4.721313e-03;2.320574e+01;1.095322e+02;3.300478e+01;1.548955e+02;7.595807e+01;2.120303e+02;9.197308e+01;2.777783e+02;2.334480e-01;6.261976e-01;4.200915e+01;1.769566e+02;3.894264e-01;2.444332e+00;1.330635e+04;2.043906e+04;1.759474e+01;3.193853e+01;3.326792e+03;4.160178e+03;7.452117e-01;-7.611893e-01;4.498205e-02;1.888633e-01;1.116348e+00;1.059802e+00;3.106383e+00;4.581770e+01;9.073529e+00;1.811594e+01;7.799971e+00;1.820753e+01;4.425821e+00;5.937970e+00;5.595364e+00;6.452312e+00;4.018130e+00;4.394838e+00;7.818051e+00;-3.910709e+00;7.068624e+00;-5.490945e-01;6.143368e+00;7.796125e+00;6.514729e+00;5.514185e+00;8.741450e+00;-3.050961e+00;8.293323e+00;2.666462e+00;6.205029e+00;-5.407758e-01;4.780610e+00;-5.157099e+00;4.398221e-04;6.258781e-05;7.871183e-07;6.176853e-08;4.698862e-06;-2.545340e-07;5.917572e-06;-2.979736e-07;6.829687e-06;-5.886029e-09;1.162967e-04;-4.610315e-06;4.025478e-02;-1.776284e-03;4.786124e-02;2.015634e-03;9.157277e-03;-6.737675e-04;4.195548e-04;3.678508e-05;3.886208e-03;-1.581736e-04;1.334118e-02;-1.637451e-04;3.897043e-02;1.160743e-03;1.874488e-02;-3.196014e-04;2.119547e-02;-9.445459e-04;4.104098e-02;1.251989e-03;3.803384e-02;6.856003e-04;5.089618e-02;1.545083e-03;5.757036e-02;2.151804e-03;7.038788e-02;1.456323e-03;6.494001e-02;2.155553e-03;7.272489e-02;2.888815e-03;8.706684e-02;4.845206e-03;7.353056e-02;-8.261324e-04;6.014475e-02;-7.670610e-04;9.292949e-02;1.645280e-03;1.000569e-01;2.639968e-03;1.224032e-01;2.844877e-03;1.060930e-01;4.450692e-03;1.223873e-01;7.811127e-03;9.444937e-02;6.707825e-03;1.048896e-01;6.143660e-03;4.849802e-02;2.388561e-03;3.833462e-02;1.565416e-03;3.168067e-02;7.811276e-04;2.429921e-02;4.661088e-04;2.109817e-01;2.944700e-03;7.833472e-04;-2.836401e-06;6.711178e+00;5.455078e-01;8.096484e+00;7.464844e-01;1.611727e+01;1.119727e+00;1.432095e+01;1.464258e+00;7.794200e-02;-1.029120e-03;7.409489e+00;8.602740e-01;7.406177e-02;8.329905e-03;2.487515e+03;2.402670e+02;3.558994e+00;-1.645928e-01;6.215405e+02;-3.014168e+01;1.328678e-01;6.022824e-03;8.018636e-03;9.247478e-04;2.277701e-01;-8.845652e-03;9.433429e-01;-2.979420e-02;1.357688e+00;-3.117655e-02;1.333806e+00;-4.111208e-02;1.231757e+00;-1.145987e-01;1.825744e+00;1.502971e-01;1.185916e+00;-1.196764e-01;1.501964e+00;-2.448343e-01;1.582118e+00;-3.476346e-02;1.742035e+00;-8.680250e-02;1.554941e+00;-1.591777e-01;2.235787e+00;-1.122981e-01;1.661778e+00;3.134330e-02;1.386518e+00;1.053570e-01;1.175796e+00;2.229277e-03
24.500000;1.796253e+01;9.288360e+01;3.613564e-02;7.815959e-01;1.778287e-01;1.420094e-01;1.948718e-01;1.587736e-01;1.673850e-01;2.072033e-01;6.383625e+00;1.018576e+01;1.985633e-01;8.143635e-01;2.424045e-01;1.001320e+00;6.041710e-02;9.628458e-02;3.611393e-03;9.745528e-03;6.256447e-02;1.297183e-01;1.427015e-01;2.707885e-01;2.796156e-01;4.295470e-01;8.733386e-02;5.301669e-01;1.223106e-01;6.849000e-01;1.117230e-01;7.153991e-01;2.071098e-01;8.447114e-01;2.001682e-01;9.690117e-01;3.300801e-01;1.077836e+00;3.423265e-01;1.128790e+00;2.960424e-01;1.119834e+00;2.956341e-01;1.206729e+00;3.998075e-01;1.246372e+00;2.822625e-01;1.240659e+00;2.849995e-01;1.301582e+00;3.544127e-01;1.338009e+00;4.723441e-01;1.483024e+00;4.239582e-01;1.481351e+00;4.862216e-01;1.504230e+00;5.734742e-01;1.460343e+00;5.540078e-01;1.387439e+00;4.916094e-01;1.242481e+00;4.138059e-01;1.057455e+00;3.333946e-01;8.797850e-01;2.574376e-01;7.239033e-01;2.016860e-01;5.802532e-01;7.263640e-01;5.917388e-01;4.840521e-03;6.566967e-03;2.746776e+01;1.124033e+02;4.322760e+01;1.658057e+02;8.504195e+01;2.341377e+02;1.306534e+02;3.146719e+02;1.558721e-01;5.401699e-01;5.657210e+01;1.911511e+02;5.288828e-01;2.547480e+00;2.046511e+04;2.599648e+04;2.339134e+01;3.405748e+01;4.486046e+03;4.994191e+03;7.503465e-01;-6.571189e-01;5.938888e-02;2.031856e-01;8.405218e-01;7.093194e-01;2.658837e+00;4.559722e+01;9.793758e+00;1.602049e+01;7.015037e+00;1.637206e+01;1.092337e+01;5.400609e+00;7.041737e+00;9.903987e+00;7.328595e+00;6.366477e+00;6.691322e+00;-7.132539e+00;5.680494e+00;-3.225566e+00;4.990899e+00;5.831456e+00;4.193233e+00;3.041484e+00;6.259615e+00;-2.630678e+00;8.102979e+00;6.964519e+00;5.415789e+00;4.164432e+00;3.989152e+00;-3.296841e+00;6.369024e-04;4.546294e-06;8.289372e-07;-1.544397e-07;6.637174e-06;1.415827e-07;6.751671e-06;2.313140e-07;6.124105e-06;2.342820e-07;1.424582e-04;-2.403531e-05;4.233218e-02;-4.596655e-03;5.604846e-02;-2.546361e-03;8.532447e-03;-1.847915e-03;5.193852e-04;8.578988e-05;8.514070e-03;-8.916635e-04;2.446444e-02;-2.294880e-03;5.554206e-02;-4.009922e-03;2.542800e-02;-7.667157e-04;3.542652e-02;-1.453672e-03;2.945166e-02;1.620600e-03;3.913881e-02;3.461241e-03;4.823687e-02;1.202674e-03;8.401988e-02;1.394661e-03;9.142256e-02;1.793457e-03;6.053296e-02;-1.157501e-03;6.350998e-02;-7.494290e-04;8.233391e-02;-2.498841e-03;6.798904e-02;-7.513793e-03;6.912454e-02;-5.460057e-03;7.862158e-02;-6.263824e-03;1.058348e-01;-7.162602e-04;1.105257e-01;-7.734042e-04;1.159291e-01;-4.963716e-03;1.352071e-01;-4.381901e-03;1.202635e-01;-5.677426e-03;1.092595e-01;-5.622025e-03;7.475309e-02;-6.861983e-03;5.800672e-02;-5.533667e-03;4.702400e-02;-4.718385e-03;3.740346e-02;-3.368959e-03;1.455419e-01;-2.465545e-02;1.215807e-03;4.951480e-05;8.626896e+00;2.727539e-01;1.117046e+01;7.608398e-01;2.006480e+01;1.406836e+00;1.955872e+01;4.263574e+00;5.456155e-02;-7.739372e-04;1.072486e+01;1.441230e+00;9.692045e-02;1.348550e-02;3.164572e+03;6.498978e+02;4.543020e+00;-5.782991e-01;8.293467e+02;-1.105569e+02;1.128553e-01;2.377067e-02;1.152991e-02;1.439640e-03;1.869869e-01;-2.960718e-02;8.585503e-01;4.764657e-02;1.465363e+00;-2.286361e-01;1.131436e+00;-2.042088e-01;1.748187e+00;-3.266151e-01;1.375902e+00;-7.843696e-02;1.102165e+00;1.238595e-01;1.379778e+00;-7.243517e-02;1.696686e+00;-2.678903e-02;1.693781e+00;9.592995e-03;1.416041e+00;4.855241e-03;1.625356e+00;1.057043e-03;1.575145e+00;1.660658e-01;1.166159e+00;1.530425e-01;1.144834e+00;5.038381e-02
25.000000;2.225835e+01;1.086752e+02;3.351431e-02;7.802145e-01;1.951711e-01;1.691927e-01;1.943601e-01;1.562062e-01;9.081068e-02;1.650631e-01;5.840841e+00;9.038800e+00;1.716454e-01;8.010483e-01;2.168954e-01;1.011448e+00;5.451429e-02;8.328948e-02;3.746731e-03;1.075838e-02;5.893051e-02;1.423630e-01;1.352752e-01;3.029708e-01;2.597625e-01;5.077262e-01;8.410334e-02;5.672627e-01;1.397400e-01;6.915814e-01;1.036852e-01;7.988514e-01;1.913442e-01;9.005812e-01;1.466676e-01;9.576892e-01;3.042984e-01;1.067492e+00;2.951769e-01;1.093298e+00;2.232010e-01;1.094194e+00;2.507169e-01;1.166526e+00;3.192450e-01;1.195946e+00;2.016781e-01;1.188824e+00;2.473875e-01;1.301886e+00;2.985302e-01;1.340436e+00;4.464426e-01;1.463009e+00;3.596216e-01;1.408043e+00;4.544450e-01;1.478074e+00;5.255306e-01;1.475914e+00;5.355254e-01;1.429223e+00;4.832735e-01;1.289969e+00;3.971903e-01;1.125953e+00;3.104398e-01;9.350809e-01;2.408189e-01;7.618977e-01;1.858956e-01;6.128569e-01;5.782825e-01;5.436637e-01;4.489229e-03;7.306066e-03;3.054849e+01;1.225957e+02;5.334269e+01;1.873389e+02;9.018205e+01;2.632793e+02;1.357498e+02;3.504170e+02;1.533110e-01;5.229053e-01;6.197199e+01;2.140384e+02;5.563454e-01;2.748027e+00;2.077731e+04;2.850353e+04;2.215164e+01;2.616792e+01;4.234251e+03;3.669498e+03;6.612891e-01;-4.992442e-01;6.534161e-02;2.281890e-01;6.734111e-01;5.464999e-01;3.948736e+00;4.822148e+01;7.306429e+00;1.580380e+01;6.630972e+00;1.144006e+01;1.272717e+01;-2.673824e-01;8.982894e+00;8.321601e+00;8.058786e+00;9.812665e+00;4.796643e+00;-6.665590e+00;6.672915e+00;-6.624795e+00;4.097087e+00;3.691787e+00;3.912393e+00;2.706404e+00;6.169624e+00;-5.239755e+00;6.852232e+00;6.238070e+00;4.536776e+00;6.710616e+00;2.828606e+00;-4.058251e+00;8.258200e-04;3.011999e-05;7.028330e-07;-1.568156e-08;7.519691e-06;-7.196450e-07;6.996512e-06;-3.512646e-07;3.815068e-06;-2.161589e-08;1.334131e-04;5.216829e-06;3.157659e-02;-1.924696e-03;4.624277e-02;-1.602998e-03;6.955794e-03;-1.807533e-04;4.532224e-04;-6.424790e-06;8.906799e-03;2.264811e-04;2.512879e-02;3.706214e-04;5.436037e-02;-1.964885e-04;2.411917e-02;5.430558e-05;3.972036e-02;-1.077514e-03;2.752923e-02;-1.577290e-05;3.718241e-02;-1.523637e-04;3.138205e-02;-1.323037e-03;7.101797e-02;-2.016386e-03;6.817470e-02;-1.782950e-03;4.660643e-02;-2.248154e-03;5.049051e-02;-2.428196e-03;5.784642e-02;-3.289289e-03;4.502131e-02;-5.076186e-04;5.757465e-02;-7.343647e-04;6.006993e-02;-1.882887e-03;8.684331e-02;-2.494398e-03;7.990653e-02;-1.810363e-03;9.606978e-02;-3.300743e-03;1.093776e-01;-6.358545e-03;1.094937e-01;-4.281526e-03;1.023991e-01;-4.169725e-03;7.485279e-02;-1.616531e-03;5.690270e-02;-6.417087e-04;4.538662e-02;-9.053974e-05;3.623731e-02;8.974163e-05;1.156088e-01;-3.421385e-03;1.090428e-03;-5.129594e-05;8.640943e+00;-3.158203e-01;1.249552e+01;-4.163086e-01;1.594791e+01;-8.613281e-02;2.054626e+01;-5.024414e-01;4.253561e-02;-3.680634e-03;1.017946e+01;-2.727076e-01;8.455884e-02;-1.156190e-03;3.000114e+03;-1.815246e+02;3.879037e+00;1.310754e-02;7.276706e+02;4.135833e+00;9.168988e-02;2.437701e-03;1.088963e-02;-2.679055e-04;1.678392e-01;-3.948799e-03;7.233038e-01;7.989408e-02;1.005232e+00;9.085395e-02;8.236793e-01;-9.774466e-02;1.691338e+00;1.402330e-02;1.296361e+00;-8.173279e-02;1.291270e+00;1.003924e-01;1.256943e+00;1.180328e-01;1.500878e+00;-8.631611e-03;1.395980e+00;-1.755207e-03;1.250204e+00;-7.083177e-03;1.643125e+00;6.602430e-04;1.432062e+00;-3.999274e-02;9.222472e-01;-1.469196e-02;8.528398e-01;8.573396e-03
25.500000;3.028320e+01;1.015551e+02;1.661491e-02;7.777061e-01;1.393960e-01;8.615525e-02;1.376124e-01;1.008949e-01;1.158925e-01;1.903140e-01;2.641170e+00;7.933497e+00;1.749328e-01;8.336504e-01;2.689294e-01;1.036201e+00;1.417235e-02;5.993533e-02;2.578574e-03;1.290753e-02;2.131366e-02;1.288532e-01;5.629313e-02;2.854072e-01;9.155986e-02;4.576208e-01;4.428581e-02;5.868063e-01;1.080821e-01;7.047302e-01;1.899159e-01;8.976069e-01;1.907829e-01;9.307795e-01;8.323447e-02;9.352010e-01;1.575152e-01;1.019091e+00;3.583626e-01;1.162490e+00;2.998465e-01;1.229027e+00;3.325869e-01;1.263671e+00;3.907348e-01;1.330119e+00;4.813551e-01;1.392405e+00;6.204771e-01;1.485045e+00;6.873702e-01;1.534940e+00;6.140962e-01;1.428644e+00;7.284593e-01;1.484186e+00;5.445936e-01;1.426474e+00;6.024468e-01;1.434199e+00;3.781117e-01;1.316922e+00;3.785247e-01;1.204081e+00;1.961245e-01;1.076221e+00;1.242684e-01;8.998065e-01;9.688662e-02;7.315145e-01;7.095581e-02;5.953944e-01;1.974389e-01;4.777697e-01;7.519585e-03;9.727301e-03;2.198965e+01;1.372383e+02;3.817880e+01;1.991104e+02;6.123512e+01;3.069199e+02;9.249914e+01;4.312383e+02;1.748315e-01;5.326528e-01;3.732072e+01;2.448092e+02;2.487034e-01;3.081481e+00;1.406983e+04;3.376885e+04;5.353517e+00;1.191100e+01;6.600688e+02;9.129224e+02;8.315466e-02;-1.825446e-01;3.869410e-02;2.620674e-01;1.495253e-01;3.407362e-01;2.901335e+00;5.221151e+01;7.126177e+00;1.223603e+01;4.811147e+00;5.043370e+00;7.046791e+00;-2.170490e+00;5.803043e+00;2.165756e+00;6.645681e+00;6.992505e+00;2.865548e+00;-7.020351e+00;3.399871e+00;-8.817771e+00;2.946493e+00;3.919217e+00;5.694920e+00;4.508312e+00;5.505179e+00;-4.486094e+00;6.098889e+00;1.528532e+00;7.315678e+00;2.958801e+00;3.921858e+00;-5.150874e+00;7.458384e-04;-6.226313e-05;5.311554e-07;8.291234e-08;4.710601e-06;-5.107128e-07;4.887682e-06;-1.761485e-07;5.057167e-06;1.095191e-07;7.345945e-05;1.055739e-05;2.941888e-02;2.097375e-03;5.983446e-02;-4.773628e-04;2.394120e-03;2.874805e-04;3.177774e-04;-1.927438e-05;4.171827e-03;4.802799e-04;1.210037e-02;9.404990e-04;1.894656e-02;1.212893e-04;1.007821e-02;-8.190086e-05;2.608959e-02;2.183840e-03;4.337893e-02;2.537583e-04;4.115914e-02;-2.571970e-03;2.005137e-02;-3.828279e-03;3.473120e-02;-4.360172e-03;6.823949e-02;-1.595124e-03;7.240219e-02;1.250855e-04;7.467808e-02;-1.708599e-03;7.835265e-02;6.181280e-04;9.865174e-02;1.175158e-03;1.271004e-01;-1.955155e-03;1.295767e-01;-3.318754e-03;1.295843e-01;-8.260415e-03;1.634043e-01;-5.775911e-03;1.227102e-01;-1.622758e-03;1.429039e-01;-1.838342e-03;9.525182e-02;3.044633e-03;9.462471e-02;3.873459e-03;5.678091e-02;3.786826e-03;3.851820e-02;3.119641e-03;2.613576e-02;2.919130e-03;2.250422e-02;1.864203e-03;3.594092e-02;4.068311e-03;1.440762e-03;2.668555e-05;7.472625e+00;-8.613281e-02;1.019275e+01;-1.148437e-01;1.322702e+01;-8.613281e-02;1.733958e+01;-8.900391e-01;5.259483e-02;2.991245e-03;7.462914e+00;-3.652022e-01;4.558709e-02;-3.809415e-03;3.250201e+03;-3.300525e+02;1.220801e+00;5.794008e-02;1.398326e+02;5.914920e+00;1.852992e-02;-1.348046e-03;7.904597e-03;-3.019955e-04;3.138739e-02;2.535924e-03;7.524015e-01;5.204797e-02;1.054983e+00;1.024593e-01;9.722503e-01;-1.364557e-01;9.071090e-01;1.992373e-01;1.185401e+00;2.441218e-02;1.049158e+00;-2.563108e-01;8.876803e-01;-1.311188e-02;7.926500e-01;2.344648e-02;9.251717e-01;7.207365e-02;9.217094e-01;1.388473e-01;1.274259e+00;1.525733e-01;1.110694e+00;-1.014045e-01;1.159380e+00;-1.681468e-01;8.715624e-01;-7.426127e-02
26.000000;2.219664e+01;7.259957e+01;6.505384e-03;7.839448e-01;3.214063e-02;9.831555e-03;1.017606e-01;3.252956e-02;1.227862e-01;2.285420e-01;1.504667e+00;9.736215e+00;1.931635e-01;8.228389e-01;2.867019e-01;9.916294e-01;1.231905e-02;5.934811e-02;2.073631e-03;1.368733e-02;8.644341e-03;1.264547e-01;3.317085e-02;2.727159e-01;3.698776e-02;3.977481e-01;5.609433e-02;5.453430e-01;7.628415e-02;6.543924e-01;2.201098e-01;8.393379e-01;2.016110e-01;8.948011e-01;8.895344e-02;8.612552e-01;1.786102e-01;9.241947e-01;3.765456e-01;1.117260e+00;3.160413e-01;1.138808e+00;3.631752e-01;1.160674e+00;4.274122e-01;1.212448e+00;5.208730e-01;1.285322e+00;6.783404e-01;1.357479e+00;7.347823e-01;1.429360e+00;6.312243e-01;1.355531e+00;7.503964e-01;1.457515e+00;5.510720e-01;1.456359e+00;6.073412e-01;1.445874e+00;3.649092e-01;1.350979e+00;3.435825e-01;1.232149e+00;1.525337e-01;1.059717e+00;1.069928e-01;8.881236e-01;8.220872e-02;7.286230e-01;6.472162e-02;5.898982e-01;2.108788e-01;4.476154e-01;7.865142e-03;9.296347e-03;1.787184e+01;1.365205e+02;2.607958e+01;1.886309e+02;5.211648e+01;3.158203e+02;7.633695e+01;4.842100e+02;1.533909e-01;5.653996e-01;2.828490e+01;2.483908e+02;1.960008e-01;3.123922e+00;9.909904e+03;3.398034e+04;4.964766e+00;1.025868e+01;5.469276e+02;7.370986e+02;7.787773e-02;-1.757876e-01;2.960380e-02;2.659298e-01;1.449176e-01;3.277627e-01;3.291975e+00;5.471944e+01;7.848542e+00;1.517736e+01;7.219279e+00;-1.192536e+00;3.839867e+00;3.474938e-01;4.120822e+00;4.039219e+00;4.011551e+00;8.627353e-01;3.006886e+00;-8.536154e+00;2.418796e+00;-5.772541e+00;3.979344e+00;8.652727e+00;6.255219e+00;1.085497e+01;4.849767e+00;-1.606540e-01;2.944902e+00;-4.132931e+00;5.378637e+00;-4.997108e+00;3.646304e+00;-7.782032e+00;3.756818e-04;-8.512435e-05;2.316232e-07;-1.792055e-08;1.492432e-06;-4.487772e-09;3.188505e-06;6.527222e-08;5.216517e-06;2.180555e-07;5.078028e-05;9.965191e-07;2.884056e-02;-1.388642e-03;5.964885e-02;-6.700100e-04;2.012814e-03;-1.885153e-04;3.083774e-04;3.363568e-05;3.163792e-03;-1.162441e-04;8.014468e-03;-4.665911e-04;7.365455e-03;-8.312322e-04;7.582894e-03;-5.956447e-04;1.431876e-02;-2.260208e-04;4.184220e-02;-7.207697e-04;4.011531e-02;-4.073736e-04;1.749618e-02;-1.783044e-03;3.300080e-02;-1.433404e-03;6.783464e-02;-8.598355e-04;6.508717e-02;-2.173901e-04;6.844678e-02;-1.601849e-03;7.327718e-02;-1.335832e-03;9.604953e-02;-1.023869e-03;1.272854e-01;3.620588e-04;1.294344e-01;-6.528798e-04;1.320653e-01;1.391987e-05;1.673198e-01;5.680001e-04;1.277219e-01;-8.595466e-05;1.438981e-01;7.165183e-04;9.771675e-02;-1.923147e-03;9.089027e-02;-9.451980e-04;4.977406e-02;-8.368955e-04;3.457177e-02;-1.348156e-03;2.595730e-02;-9.999727e-04;2.243681e-02;-6.694632e-04;3.242486e-02;-2.418762e-03;1.434179e-03;-1.316917e-05;6.032646e+00;-2.871094e-02;8.940806e+00;1.435547e-02;1.426997e+01;3.732422e-01;1.324346e+01;1.693945e+00;4.713111e-02;3.126456e-04;6.245693e+00;2.298885e-01;4.173804e-02;1.889991e-03;2.920901e+03;1.034210e+02;1.065058e+00;-1.338549e-01;1.038881e+02;-1.887416e+01;1.616156e-02;9.069773e-04;6.624632e-03;2.340898e-04;2.857602e-02;-1.525904e-03;8.386461e-01;2.161775e-02;9.971499e-01;3.040383e-02;1.031996e+00;-5.743310e-02;8.210093e-01;-3.423695e-02;8.884184e-01;-1.430104e-02;6.303649e-01;-6.900401e-02;7.403819e-01;-5.059933e-02;6.475071e-01;5.307864e-02;8.529052e-01;1.113937e-01;8.688908e-01;1.568794e-01;9.301171e-01;1.866404e-01;7.612210e-01;-7.667688e-02;1.198776e+00;-2.033217e-01;8.325511e-01;-1.917098e-02
26.500000;1.805642e-01;6.299576e+01;9.575553e-03;7.757649e-01;5.106393e-03;3.289465e-03;5.150221e-03;4.575355e-03;1.090287e-01;2.002620e-01;2.175488e+00;7.968988e+00;1.128421e-01;6.550201e-01;2.220940e-01;9.573475e-01;9.188273e-03;4.405158e-02;2.112461e-03;1.284833e-02;8.911260e-03;1.237414e-01;1.447374e-02;2.547130e-01;2.337960e-02;3.796944e-01;3.465176e-02;5.106174e-01;5.520339e-02;6.271521e-01;7.527778e-02;6.915812e-01;7.048796e-02;7.651578e-01;7.356405e-02;8.211079e-01;6.067533e-02;8.326589e-01;8.020458e-02;8.768866e-01;7.556455e-02;9.812794e-01;1.950134e-01;1.059328e+00;3.609119e-01;1.181257e+00;6.499653e-01;1.393972e+00;4.244918e-01;1.223625e+00;7.305878e-01;1.421910e+00;8.603249e-01;1.552745e+00;6.703957e-01;1.526453e+00;4.814147e-01;1.473923e+00;4.946347e-01;1.443228e+00;3.938163e-01;1.354940e+00;2.642826e-01;1.201410e+00;1.601614e-01;1.035737e+00;1.159081e-01;8.627435e-01;1.133286e-01;7.170623e-01;7.274159e-02;5.781097e-01;1.291466e-01;2.270838e-01;2.881879e-03;3.498149e-03;1.511829e+01;1.287686e+02;3.353746e+01;1.810225e+02;5.930651e+01;2.978760e+02;6.506623e+01;4.677012e+02;1.233192e-01;4.555911e-01;3.010551e+01;2.361452e+02;1.919951e-01;3.064702e+00;8.151607e+03;3.307728e+04;4.507968e+00;1.147858e+01;3.615507e+02;7.590611e+02;4.133543e-02;-9.667522e-02;3.188579e-02;2.528395e-01;8.428998e-02;1.722851e-01;5.571356e+00;5.158958e+01;5.742578e+00;1.554360e+01;1.193535e+01;4.598430e+00;4.605808e+00;2.217794e+00;6.309924e+00;3.967743e-01;3.129543e+00;-2.425517e+00;3.103042e+00;-1.005023e+01;4.572104e+00;-1.451827e+00;4.196248e+00;1.349331e+01;5.189924e+00;1.168340e+01;4.907257e+00;3.084532e-01;5.620873e+00;-1.364021e+00;4.975503e+00;-4.862333e+00;3.332980e+00;-1.028332e+01;7.319152e-06;-2.850763e-07;2.637059e-07;-2.683926e-08;6.944578e-08;1.370573e-08;1.414312e-07;2.272921e-08;4.440294e-06;-2.256816e-07;5.288330e-05;-7.168088e-06;1.244952e-02;-4.224330e-03;4.375372e-02;-7.318329e-04;1.265334e-03;-3.135572e-04;3.612297e-04;-6.815319e-05;3.782355e-03;-7.893741e-06;5.835433e-03;-2.934300e-04;8.323657e-03;-3.208503e-04;1.139932e-02;-6.182940e-04;1.453684e-02;2.823009e-04;1.173322e-02;-8.265703e-04;1.171187e-02;-8.878735e-04;1.974366e-02;1.040091e-03;1.683203e-02;-4.637318e-04;2.175188e-02;-2.633544e-03;1.864232e-02;-1.561923e-03;3.307560e-02;-8.511787e-04;6.393521e-02;-2.959803e-04;1.035123e-01;5.366529e-04;8.468886e-02;4.388272e-04;1.435673e-01;3.350948e-04;1.811853e-01;1.854806e-03;1.219138e-01;7.785730e-04;8.719202e-02;-2.288054e-03;9.245192e-02;-2.379468e-03;8.691429e-02;-2.628091e-03;6.123919e-02;-2.129727e-03;4.467832e-02;-1.614667e-03;3.397104e-02;-1.613000e-03;3.251484e-02;-1.740984e-03;2.465812e-02;-1.138747e-03;1.364205e-02;-4.462007e-03;3.148530e-04;-1.228906e-04;4.844306e+00;-3.588867e-01;1.190116e+01;-7.464844e-01;1.706927e+01;-1.091016e+00;1.162416e+01;-1.220215e+00;3.180268e-02;-2.883048e-03;7.481946e+00;-6.923190e-01;5.401290e-02;-3.605229e-03;2.285410e+03;-1.001232e+02;1.129776e+00;9.540594e-03;9.364648e+01;7.092450e-01;6.129130e-03;1.399751e-03;7.892853e-03;-7.358305e-04;1.238688e-02;-2.740219e-03;8.470318e-01;-3.330279e-02;8.266595e-01;1.458360e-02;1.151935e+00;1.574049e-01;8.552657e-01;5.806234e-02;9.142868e-01;-1.200809e-01;7.646160e-01;-2.448557e-02;9.472838e-01;3.095390e-02;1.251544e+00;9.122756e-02;1.156686e+00;1.486007e-01;1.011722e+00;-4.115286e-02;1.085108e+00;-6.896682e-02;7.683622e-01;1.508736e-01;1.022654e+00;8.057516e-02;8.543711e-01;-2.131780e-02
27.000000;1.253132e+01;7.052991e+01;7.786178e-02;7.574318e-01;7.716867e-02;4.353852e-02;6.374371e-02;3.787183e-02;1.882721e-01;2.500310e-01;6.261656e+00;4.383331e+00;1.072686e-01;6.392136e-01;2.602689e-01;1.106898e+00;5.824282e-03;3.791488e-02;2.420299e-03;1.273369e-02;1.059912e-02;1.272068e-01;2.403789e-02;2.639035e-01;4.223294e-02;3.986544e-01;8.132122e-02;5.442039e-01;1.152665e-01;6.783394e-01;6.480362e-02;6.866602e-01;9.286733e-02;7.979124e-01;2.221782e-01;9.778007e-01;4.186691e-01;1.103522e+00;2.405443e-01;1.010923e+00;3.696574e-01;1.174830e+00;3.538002e-01;1.282541e+00;4.120204e-01;1.426259e+00;5.951927e-01;1.537390e+00;5.911239e-01;1.604172e+00;7.814130e-01;1.728734e+00;8.179476e-01;1.757207e+00;6.311989e-01;1.751052e+00;6.374961e-01;1.719079e+00;6.240712e-01;1.683927e+00;5.644974e-01;1.568873e+00;5.048801e-01;1.403772e+00;2.576310e-01;1.149581e+00;2.058610e-01;9.606854e-01;1.835556e-01;7.986370e-01;1.343842e-01;6.434734e-01;6.602002e-02;1.384206e-01;3.117228e-03;3.539914e-03;1.566260e+01;1.200117e+02;3.682702e+01;1.747061e+02;5.189378e+01;2.753379e+02;6.030305e+01;4.265010e+02;1.429870e-01;4.072022e-01;2.896204e+01;2.282245e+02;1.888236e-01;3.014372e+00;3.531451e+04;5.126082e+04;4.848484e+00;1.455163e+01;3.743809e+02;8.193154e+02;2.631108e-02;-7.103916e-02;2.948277e-02;2.418558e-01;4.652698e-02;1.154520e-01;4.060177e+00;4.562360e+01;6.067815e+00;9.197268e+00;5.889173e+00;1.197580e+01;5.552436e+00;6.091063e+00;5.739413e+00;-2.014264e+00;4.326259e+00;-1.568763e+00;4.953909e+00;-6.883812e+00;5.810277e+00;-5.737274e-01;8.072061e+00;9.978073e+00;5.832099e+00;7.826539e+00;5.217690e+00;-2.743578e+00;4.822281e+00;4.193749e+00;8.785723e+00;4.206828e+00;7.775973e+00;-6.124220e+00;1.762911e-04;3.659197e-05;6.451889e-07;-3.864058e-08;2.313697e-06;-2.140081e-08;2.310269e-06;1.899192e-08;6.898799e-06;3.999207e-08;2.529593e-04;-2.915254e-05;2.710414e-02;3.322586e-03;6.608908e-02;3.753357e-03;1.960445e-03;1.678942e-04;5.195069e-04;-3.779288e-06;4.255399e-03;2.187338e-04;8.781277e-03;5.317371e-04;1.708093e-02;1.452965e-03;2.442763e-02;2.000795e-03;2.925538e-02;5.997745e-04;1.577186e-02;-1.485373e-04;2.029691e-02;-2.967355e-04;5.153404e-02;3.171833e-03;8.582663e-02;5.121962e-03;5.421961e-02;6.924255e-03;7.238230e-02;4.558755e-03;7.728011e-02;2.724525e-03;9.420875e-02;2.162338e-03;1.144139e-01;3.597602e-03;1.406317e-01;5.408640e-03;1.820054e-01;3.709064e-03;1.959875e-01;2.515912e-03;1.481607e-01;7.342154e-03;1.652688e-01;9.090272e-03;1.623967e-01;6.687934e-03;1.678777e-01;8.086801e-03;1.550896e-01;6.043172e-03;7.487174e-02;4.714224e-03;6.105916e-02;3.958981e-03;5.463236e-02;4.539156e-03;4.242219e-02;2.870950e-03;2.163783e-02;1.844830e-03;1.122927e-03;1.835283e-04;5.557977e+00;1.435547e-02;1.355354e+01;2.871094e-02;2.010432e+01;-1.435547e-01;2.030476e+01;-1.234570e+00;4.958769e-02;1.786084e-03;9.618678e+00;-2.171618e-02;7.084547e-02;5.214750e-05;1.133716e+04;4.360266e+02;1.439735e+00;9.469961e-02;1.128152e+02;1.001938e+00;9.544261e-03;-9.532713e-04;9.969290e-03;-7.161321e-05;1.731844e-02;1.480323e-03;1.096000e+00;-1.462609e-01;1.332235e+00;-1.437744e-01;1.206846e+00;9.507398e-02;1.184774e+00;8.423679e-02;1.521787e+00;1.121675e-01;1.107646e+00;8.057432e-02;1.200493e+00;-5.908127e-03;1.682963e+00;-3.833771e-02;1.807055e+00;-2.719480e-01;1.631925e+00;-1.608224e-01;1.470429e+00;-5.380588e-02;1.348737e+00;1.141937e-01;1.464913e+00;1.840789e-01;1.210624e+00;5.539620e-02
27.500000;2.340370e+01;9.023320e+01;7.940491e-02;7.567399e-01;1.042043e-01;9.771173e-02;1.563137e-01;9.991825e-02;1.910875e-01;2.881319e-01;6.275681e+00;4.281672e+00;3.298439e-01;8.878460e-01;3.009720e-01;1.199441e+00;2.175490e-02;5.419573e-02;2.337939e-03;1.489040e-02;2.116205e-02;1.370178e-01;5.557432e-02;2.898654e-01;1.452156e-01;4.895169e-01;1.738905e-01;6.486986e-01;3.163461e-01;7.901145e-01;2.728397e-01;8.292477e-01;2.708135e-01;9.535139e-01;2.953516e-01;1.124473e+00;5.172104e-01;1.327392e+00;5.191501e-01;1.343570e+00;5.827687e-01;1.438543e+00;6.419600e-01;1.490288e+00;4.938863e-01;1.483566e+00;4.417086e-01;1.478271e+00;7.484290e-01;1.794852e+00;7.103091e-01;1.671483e+00;4.074609e-01;1.612464e+00;3.954541e-01;1.683858e+00;5.699847e-01;1.802748e+00;5.806423e-01;1.793963e+00;5.891378e-01;1.688819e+00;5.525315e-01;1.567761e+00;2.784652e-01;1.234954e+00;2.211625e-01;1.012986e+00;2.049599e-01;8.298076e-01;1.557023e-01;6.676960e-01;5.597966e-01;5.544319e-01;4.906231e-02;2.903093e-02;3.431047e+01;1.398223e+02;5.097384e+01;2.087285e+02;5.982821e+01;3.010342e+02;9.486033e+01;4.244912e+02;2.294874e-01;5.319200e-01;4.104329e+01;2.541619e+02;2.996736e-01;3.071218e+00;3.966309e+04;6.486691e+04;7.737628e+00;1.488548e+01;5.080136e+02;7.441089e+02;1.319084e-01;-1.643986e-01;4.251103e-02;2.679850e-01;2.702103e-01;3.111861e-01;5.312026e+00;4.416653e+01;7.075924e+00;5.990329e+00;4.815137e+00;8.930381e+00;6.184563e+00;4.349229e+00;7.197342e+00;5.895284e+00;5.283076e+00;-1.580626e+00;7.071300e+00;-8.028625e+00;6.199880e+00;-4.082585e+00;9.339993e+00;-2.277618e+00;1.005530e+01;1.545987e+00;5.230940e+00;-3.074540e+00;3.965880e+00;5.514263e+00;8.455544e+00;4.722022e+00;5.240694e+00;1.274725e-01;5.462897e-04;1.285870e-05;9.507657e-07;8.661573e-09;3.889291e-06;-2.499289e-07;6.845123e-06;-9.549541e-08;8.001200e-06;-4.663677e-08;2.741612e-04;-1.097133e-05;6.249972e-02;7.490556e-03;8.711628e-02;1.676883e-03;4.086667e-03;5.625536e-04;5.488090e-04;7.344420e-05;5.812513e-03;3.135523e-04;1.699640e-02;7.210373e-04;3.033212e-02;1.539554e-03;4.441011e-02;2.176909e-03;8.010551e-02;3.910507e-04;6.324758e-02;1.733540e-03;6.655039e-02;7.873019e-04;7.654483e-02;3.350255e-03;1.317155e-01;3.199020e-03;1.351848e-01;2.775925e-03;1.601445e-01;3.027801e-03;1.559563e-01;6.971769e-03;1.226217e-01;5.639227e-03;1.123120e-01;1.105450e-03;1.672339e-01;3.934022e-03;1.739523e-01;3.576095e-03;1.051842e-01;4.097778e-03;1.233251e-01;3.434767e-04;1.724347e-01;1.855727e-03;1.830905e-01;3.938926e-04;1.979318e-01;-6.720001e-04;1.868345e-01;-9.510890e-04;8.517656e-02;-1.421165e-03;7.049968e-02;-1.093204e-03;6.714275e-02;-1.170320e-04;5.340954e-02;-7.993121e-05;9.799688e-02;1.367691e-02;9.655065e-03;3.719563e-04;8.727558e+00;4.019531e-01;1.501980e+01;7.464844e-01;1.854746e+01;7.321289e-01;2.969599e+01;-5.742187e-02;6.726585e-02;4.314730e-03;1.202175e+01;4.871137e-01;7.700186e-02;3.347447e-03;1.419617e+04;1.310030e+02;1.919707e+00;-4.681902e-02;1.410821e+02;-5.030381e+00;2.425459e-02;-3.501127e-03;1.243683e-02;5.037332e-04;5.136606e-02;6.784538e-03;1.272017e+00;1.173694e-02;1.480291e+00;-1.416687e-01;1.364921e+00;-3.038323e-02;1.478744e+00;2.249286e-02;1.697619e+00;1.526475e-01;1.509071e+00;1.806147e-02;2.040400e+00;-6.874288e-02;1.820786e+00;-1.276875e-01;1.982257e+00;-2.727588e-01;2.235117e+00;-8.228514e-02;1.733936e+00;-9.470788e-02;1.606477e+00;-4.053860e-02;1.786036e+00;1.295672e-01;1.353339e+00;1.770688e-01
28.000000;1.925703e+01;9.934103e+01;2.573164e-02;7.775400e-01;9.305028e-02;8.879752e-02;1.517017e-01;9.339372e-02;1.346157e-01;1.883257e-01;2.853173e+00;7.359906e+00;2.695113e-01;1.060133e+00;3.009967e-01;1.119496e+00;3.130601e-02;8.304780e-02;3.353196e-03;1.362308e-02;2.744423e-02;1.483886e-01;7.524824e-02;3.115496e-01;1.802947e-01;5.094936e-01;1.815537e-01;6.190081e-01;3.317646e-01;7.299079e-01;2.758018e-01;8.336611e-01;2.947512e-01;8.981157e-01;3.049757e-01;1.009538e+00;4.583524e-01;1.081425e+00;5.526981e-01;1.223219e+00;5.735070e-01;1.279725e+00;6.411101e-01;1.317851e+00;4.590651e-01;1.319556e+00;4.818150e-01;1.418657e+00;7.171904e-01;1.514734e+00;6.213855e-01;1.544921e+00;4.211012e-01;1.569835e+00;5.389062e-01;1.703611e+00;4.462597e-01;1.702771e+00;5.437273e-01;1.690388e+00;5.414814e-01;1.585591e+00;4.794255e-01;1.439357e+00;3.113756e-01;1.204144e+00;2.469824e-01;1.003487e+00;1.827442e-01;7.957293e-01;1.819596e-01;6.522298e-01;5.439295e-01;8.735128e-01;4.761104e-02;3.679905e-02;3.832534e+01;1.399658e+02;5.440912e+01;2.091592e+02;7.818131e+01;2.813672e+02;1.239565e+02;3.729551e+02;2.483900e-01;6.830317e-01;5.731140e+01;2.395733e+02;5.120035e-01;2.920895e+00;3.257225e+04;4.863272e+04;1.080475e+01;1.764425e+01;1.266853e+03;1.241966e+03;2.877528e-01;-3.734751e-01;6.017259e-02;2.534894e-01;5.902085e-01;6.368988e-01;5.941277e+00;4.404999e+01;7.531043e+00;7.977516e+00;7.474635e+00;1.174158e+01;4.669382e+00;3.410191e+00;5.854395e+00;1.256842e+01;8.129259e+00;6.089103e-01;7.223768e+00;-1.118989e+01;5.837191e+00;-6.398297e+00;6.878100e+00;-4.573846e+00;8.659959e+00;-1.677479e+00;6.959904e+00;-4.092043e+00;5.029922e+00;6.143929e+00;7.837639e+00;2.405250e+00;4.909277e+00;-1.899776e-01;5.543534e-04;1.172485e-05;1.059483e-06;7.381707e-08;3.555962e-06;-3.068162e-07;6.620941e-06;-9.954028e-08;5.897989e-06;-4.462477e-07;1.279329e-04;1.132352e-05;6.893898e-02;1.259492e-03;8.163813e-02;-2.842603e-03;7.649597e-03;7.020226e-04;5.720838e-04;-5.656337e-05;6.666595e-03;-2.306208e-04;2.061966e-02;-7.961907e-04;4.059540e-02;-2.254481e-03;4.029860e-02;-1.514396e-03;7.693127e-02;-1.466996e-03;6.405098e-02;-5.846669e-04;6.726259e-02;3.098138e-03;7.169688e-02;-8.320907e-04;1.032165e-01;-3.207652e-03;1.313149e-01;-6.806298e-03;1.580450e-01;-4.592415e-03;1.454661e-01;-3.493763e-03;1.116270e-01;-1.038217e-03;1.239085e-01;1.346393e-04;1.426666e-01;-1.443740e-03;1.624030e-01;-8.225322e-04;1.200363e-01;-8.352537e-04;1.689154e-01;-5.553205e-03;1.241094e-01;-7.141382e-03;1.342184e-01;-6.650969e-03;1.700446e-01;-7.942489e-03;1.414108e-01;-6.434972e-03;9.014039e-02;-4.933662e-03;7.168137e-02;-3.762486e-03;5.675834e-02;-3.255614e-03;6.091542e-02;-1.546345e-03;1.693121e-01;1.160887e-02;1.093087e-02;-1.058622e-04;9.932283e+00;-1.435547e-01;1.388799e+01;-1.866211e-01;1.431306e+01;-1.004883e+00;2.591939e+01;-1.277637e+00;7.845061e-02;7.056274e-03;1.097367e+01;-6.188551e-01;8.238555e-02;-6.210992e-03;1.035804e+04;-4.871700e+02;2.204954e+00;1.412274e-01;3.125146e+02;2.432926e+01;8.078524e-02;-7.409906e-03;1.135573e-02;-6.357179e-04;1.887892e-01;1.098075e-02;1.288392e+00;1.120495e-02;1.416389e+00;5.264822e-02;1.619736e+00;9.398746e-02;1.469156e+00;4.686373e-03;1.507293e+00;-1.030038e-01;1.437816e+00;8.938433e-02;2.241327e+00;8.226446e-02;1.760368e+00;7.613277e-02;1.771130e+00;9.600330e-02;2.418018e+00;-2.062772e-02;2.212680e+00;-5.171827e-02;1.676630e+00;-2.542863e-02;1.856129e+00;-7.050151e-02;1.452095e+00;2.492256e-02
28.500000;1.136285e+01;1.039671e+02;1.938475e-02;7.936029e-01;4.780069e-02;4.914753e-02;4.124347e-02;4.196947e-02;8.695088e-02;1.398715e-01;3.036695e+00;9.764872e+00;1.661687e-01;1.059097e+00;1.512142e-01;9.666365e-01;5.562246e-02;1.376676e-01;2.900138e-03;9.851348e-03;3.044882e-02;1.487359e-01;7.491484e-02;3.165189e-01;1.650014e-01;4.829907e-01;8.891312e-02;5.498787e-01;2.300395e-01;7.005088e-01;1.621489e-01;7.647482e-01;1.907306e-01;8.363452e-01;1.990728e-01;8.772676e-01;1.535420e-01;9.347473e-01;1.293638e-01;9.578376e-01;2.443930e-01;1.031252e+00;2.230006e-01;1.048477e+00;2.014648e-01;1.083146e+00;2.382455e-01;1.172215e+00;3.067276e-01;1.256075e+00;3.245284e-01;1.316253e+00;3.160024e-01;1.352530e+00;5.264862e-01;1.439587e+00;3.500366e-01;1.429046e+00;3.974510e-01;1.404819e+00;3.720343e-01;1.355479e+00;3.119843e-01;1.210233e+00;2.648990e-01;1.113291e+00;2.225085e-01;9.508744e-01;1.427820e-01;7.689198e-01;1.641872e-01;6.307741e-01;1.277294e+00;1.378608e+00;1.512014e-02;1.413730e-02;2.684549e+01;1.187197e+02;3.971539e+01;1.678154e+02;6.378482e+01;2.187773e+02;9.170560e+01;2.803623e+02;3.436670e-01;9.279705e-01;4.363042e+01;1.861575e+02;4.903231e-01;2.494377e+00;2.067067e+04;2.311985e+04;1.583795e+01;3.132413e+01;3.171064e+03;4.101082e+03;7.991885e-01;-1.048561e+00;4.621459e-02;1.984269e-01;1.681378e+00;1.825204e+00;4.947297e+00;4.569283e+01;8.274397e+00;1.714616e+01;6.717863e+00;1.609877e+01;3.496407e+00;7.963265e+00;5.582110e+00;1.222524e+01;9.170699e+00;7.962979e+00;8.004735e+00;-4.988370e+00;4.961952e+00;-6.993656e+00;5.655545e+00;-3.206580e+00;6.422309e+00;-1.064766e+00;7.231966e+00;-2.220958e+00;7.521608e+00;1.728479e+00;8.479355e+00;2.852451e-01;4.519691e+00;-8.492810e-01;2.156463e-04;3.005392e-05;9.217990e-07;4.813596e-08;1.787876e-06;-7.390587e-08;1.695732e-06;-3.649876e-08;3.979311e-06;-3.048936e-08;1.152384e-04;5.435221e-06;5.218346e-02;-3.595542e-03;4.750352e-02;-1.748229e-03;1.277925e-02;5.540892e-04;5.228411e-04;-8.213657e-05;8.874834e-03;-2.201180e-04;2.126587e-02;-6.990471e-04;4.466504e-02;-1.555549e-03;2.289777e-02;-2.190461e-03;5.099470e-02;-7.754685e-04;5.002132e-02;-2.682378e-03;5.036365e-02;-1.368717e-03;5.766662e-02;-5.811282e-03;4.094939e-02;-3.590799e-03;5.015472e-02;-2.223139e-03;8.106469e-02;-4.002078e-03;5.403837e-02;-6.739509e-03;5.784870e-02;-6.903999e-03;8.094223e-02;-2.533176e-03;8.219090e-02;-4.235116e-03;9.876449e-02;-3.389818e-03;1.043297e-01;-3.376174e-03;1.511348e-01;1.128476e-03;9.151852e-02;4.869844e-04;6.976703e-02;3.577396e-04;1.154341e-01;1.185858e-03;8.638894e-02;1.207966e-03;7.830380e-02;5.048034e-04;6.142397e-02;5.888317e-04;4.088555e-02;8.090183e-04;5.146163e-02;5.732025e-04;3.373399e-01;-6.801383e-03;5.304868e-03;-3.456821e-04;7.515798e+00;-5.167969e-01;9.711716e+00;-1.076660e+00;1.085718e+01;-1.234570e+00;1.116593e+01;-2.009766e+00;9.501595e-02;-1.326198e-03;6.537485e+00;-1.084294e+00;8.092929e-02;-1.122715e-02;5.574673e+03;-3.357563e+02;3.531353e+00;3.784885e-01;8.383715e+02;6.569044e+01;2.030819e-01;-5.063439e-03;6.915031e-03;-1.143351e-03;4.754195e-01;7.727843e-03;1.107173e+00;-4.361908e-02;1.128851e+00;2.612508e-01;1.331348e+00;1.195920e-01;1.162993e+00;3.187717e-02;1.441213e+00;1.015896e-02;1.250287e+00;1.542182e-01;1.732548e+00;9.292082e-02;1.402315e+00;8.402701e-03;1.510584e+00;2.235023e-02;1.951560e+00;4.160094e-02;2.129514e+00;1.815545e-01;1.675154e+00;-1.114428e-02;1.580691e+00;-1.653182e-01;1.243839e+00;-6.931011e-02
29.000000;5.189094e+00;1.144565e+02;1.769715e-02;7.913830e-01;2.906934e-02;4.326058e-02;2.843701e-02;3.465108e-02;8.529677e-02;1.601564e-01;2.768937e+00;1.038438e+01;1.936560e-01;9.672698e-01;2.055805e-01;9.941683e-01;5.142772e-02;1.392434e-01;1.824438e-03;7.933988e-03;2.862111e-02;1.306651e-01;6.708962e-02;2.750445e-01;1.433415e-01;4.317162e-01;9.165115e-02;5.452342e-01;2.255946e-01;6.949484e-01;1.565756e-01;7.511849e-01;2.179858e-01;9.265162e-01;2.929821e-01;9.600685e-01;1.977105e-01;9.953320e-01;2.456375e-01;1.051691e+00;2.666086e-01;1.070054e+00;3.429382e-01;1.149057e+00;4.159204e-01;1.232459e+00;2.758491e-01;1.263526e+00;3.957568e-01;1.373518e+00;3.975362e-01;1.414572e+00;3.119082e-01;1.396742e+00;4.682839e-01;1.454792e+00;4.882607e-01;1.506977e+00;4.886668e-01;1.490252e+00;2.456542e-01;1.292775e+00;2.632324e-01;1.186636e+00;2.505857e-01;1.070821e+00;2.024769e-01;8.871818e-01;1.532114e-01;7.258202e-01;1.052310e-01;5.707929e-01;1.333862e+00;1.179335e+00;4.868497e-03;6.814810e-03;2.008535e+01;1.102500e+02;2.612695e+01;1.472871e+02;3.251411e+01;1.795869e+02;4.127066e+01;2.358604e+02;3.546797e-01;8.724393e-01;2.216646e+01;1.619492e+02;2.725801e-01;2.236167e+00;1.463748e+04;1.597239e+04;1.470554e+01;3.884969e+01;3.118462e+03;5.653234e+03;7.728906e-01;-1.053964e+00;2.348780e-02;1.728248e-01;1.563588e+00;1.911464e+00;3.491731e+00;4.566589e+01;8.057049e+00;2.134921e+01;2.689041e+00;1.868991e+01;4.649927e+00;7.111144e+00;3.558290e+00;9.944337e+00;7.216414e+00;1.145542e+01;4.042651e+00;1.271720e+00;5.624774e+00;-3.812545e+00;5.701118e+00;-2.862453e+00;9.051110e+00;-1.930047e+00;5.475171e+00;3.410078e+00;6.979867e+00;-1.419988e+00;4.205970e+00;-2.395309e+00;4.584296e+00;5.234290e-01;1.003081e-04;6.500755e-06;7.305800e-07;-3.549364e-08;7.997560e-07;8.342543e-08;1.001877e-06;1.956122e-08;3.542689e-06;1.541625e-07;1.111322e-04;1.224345e-06;4.160705e-02;-2.053647e-03;4.600304e-02;1.244807e-05;1.117072e-02;-6.007471e-04;3.999628e-04;1.146384e-05;8.048960e-03;-1.478259e-04;1.677336e-02;2.969321e-05;3.487021e-02;5.002642e-04;2.385549e-02;-4.541253e-04;4.961951e-02;2.309811e-04;4.821469e-02;5.218508e-04;5.614482e-02;-1.386560e-03;6.688709e-02;1.575636e-03;6.048999e-02;3.411221e-03;5.477482e-02;3.819140e-03;6.788705e-02;2.425340e-03;6.323566e-02;4.585089e-03;7.479391e-02;4.532760e-03;6.723300e-02;-1.640240e-03;9.158366e-02;-2.849326e-03;7.290424e-02;2.015632e-03;7.122854e-02;4.949795e-04;9.199980e-02;2.298097e-04;9.212781e-02;-6.709351e-04;9.041379e-02;-1.142047e-04;7.348646e-02;-1.483310e-03;7.143176e-02;-2.855490e-03;6.731771e-02;-3.428986e-03;5.475042e-02;-3.070877e-03;4.442209e-02;-3.263096e-03;3.189197e-02;-2.683776e-03;3.094502e-01;-1.334442e-02;1.238886e-03;6.791374e-06;4.931265e+00;0;7.466652e+00;-1.866211e-01;8.742126e+00;1.004883e-01;1.099088e+01;5.598633e-01;8.235281e-02;-6.279449e-03;5.872246e+00;1.326053e-01;7.529416e-02;1.698453e-03;3.216308e+03;8.087846e+01;3.528635e+00;-2.298724e-01;8.634609e+02;-2.744014e+01;1.890027e-01;7.013470e-03;6.318713e-03;1.221843e-04;4.411379e-01;-9.992307e-03;9.019483e-01;7.951127e-02;8.882449e-01;-1.432173e-01;9.682676e-01;3.463158e-03;8.977207e-01;-5.330754e-02;1.226249e+00;4.526248e-02;1.404661e+00;7.417578e-02;1.452351e+00;3.731339e-02;1.240688e+00;5.651505e-02;1.596169e+00;6.745045e-03;1.751267e+00;-9.204892e-02;1.545678e+00;3.880067e-03;1.348688e+00;-5.025602e-02;1.113244e+00;8.041128e-02;9.333839e-01;3.591488e-02
29.500000;3.363422e+01;1.190630e+02;2.502239e-02;7.915586e-01;1.229435e-01;9.068464e-02;1.243061e-01;8.679541e-02;8.457354e-02;1.908053e-01;4.154180e+00;1.038297e+01;2.367673e-01;9.359385e-01;2.660802e-01;1.022401e+00;4.924188e-02;1.109655e-01;2.030439e-03;8.804485e-03;1.226710e-02;1.193635e-01;1.047668e-01;2.760661e-01;2.772525e-01;4.642743e-01;1.656292e-01;5.721943e-01;3.321439e-01;7.504915e-01;2.209531e-01;7.933540e-01;1.851370e-01;8.702410e-01;2.911445e-01;9.687621e-01;1.943064e-01;1.002380e+00;2.476946e-01;1.086905e+00;3.834582e-01;1.177307e+00;3.120678e-01;1.211906e+00;3.937597e-01;1.292705e+00;3.686866e-01;1.354372e+00;4.294118e-01;1.406461e+00;4.225524e-01;1.408067e+00;4.788665e-01;1.470540e+00;5.031589e-01;1.460106e+00;5.411226e-01;1.474513e+00;5.673454e-01;1.480263e+00;4.388117e-01;1.355081e+00;4.429425e-01;1.243817e+00;4.014669e-01;1.090066e+00;3.351996e-01;9.139950e-01;2.609284e-01;7.426118e-01;1.970874e-01;5.965872e-01;1.680045e+00;1.140198e+00;6.855426e-03;8.189462e-03;3.673317e+01;1.266152e+02;4.001959e+01;1.610684e+02;3.463091e+01;1.869082e+02;7.326016e+01;2.787832e+02;2.042981e-01;6.298794e-01;3.339858e+01;1.818190e+02;3.143598e-01;2.309573e+00;1.546253e+04;2.114388e+04;1.611730e+01;3.067362e+01;3.139802e+03;4.038760e+03;7.454699e-01;-7.122110e-01;3.713519e-02;1.940171e-01;1.692492e+00;1.476964e+00;4.348122e+00;4.683574e+01;9.356102e+00;1.656120e+01;4.532635e+00;1.575996e+01;4.691463e+00;6.221560e+00;4.741881e+00;6.932534e+00;9.919087e+00;7.891327e+00;5.751597e+00;-1.320886e+00;9.098221e+00;-4.718933e+00;6.956896e+00;-3.950574e+00;8.848102e+00;-2.439822e+00;5.047267e+00;4.450865e+00;6.969372e+00;-1.836432e+00;5.868240e+00;-1.296287e+00;6.712188e+00;1.593048e-01;9.994977e-04;-1.580586e-06;7.620474e-07;5.857617e-09;4.356074e-06;3.337993e-08;4.739240e-06;-2.685468e-08;3.640729e-06;2.606654e-08;1.142550e-04;6.585571e-07;5.112467e-02;-4.491632e-04;6.222437e-02;-5.728648e-04;1.015403e-02;-6.370588e-04;3.390491e-04;3.099017e-05;2.785318e-03;-3.149382e-05;2.269968e-02;3.347446e-05;6.098630e-02;5.076459e-05;3.545824e-02;3.916145e-05;6.499331e-02;-1.823287e-04;4.624123e-02;6.925990e-04;4.262854e-02;1.901246e-03;7.075746e-02;2.516339e-03;5.348397e-02;4.133751e-04;5.418479e-02;-3.715864e-05;9.513699e-02;1.340588e-04;6.041290e-02;4.864123e-08;7.555889e-02;-1.424156e-04;8.706333e-02;-4.097225e-04;1.023588e-01;-3.733513e-03;8.017465e-02;-2.301250e-03;1.124734e-01;-3.625269e-03;1.027437e-01;-3.188282e-03;1.081740e-01;-2.335249e-03;1.208633e-01;-1.102630e-03;1.193780e-01;-6.301563e-04;1.132982e-01;-4.986494e-04;9.934832e-02;-3.739587e-04;8.249892e-02;-4.261500e-04;6.605452e-02;-9.059612e-04;4.825388e-02;-7.513656e-04;3.718326e-01;-1.128310e-03;1.757510e-03;4.780294e-06;5.433787e+00;3.588867e-01;6.572798e+00;6.029297e-01;7.412539e+00;3.445312e-01;1.484010e+01;1.737012e+00;7.180379e-02;-1.355568e-03;5.503402e+00;5.834645e-01;6.905107e-02;5.846389e-03;3.560496e+03;5.605749e+01;3.012343e+00;-2.771685e-01;5.842911e+02;-4.873356e+01;1.820740e-01;5.413953e-03;5.921892e-03;6.441405e-04;4.033946e-01;-9.339230e-03;9.479610e-01;8.171450e-02;1.032192e+00;-4.615035e-02;9.446169e-01;-1.540893e-01;8.781669e-01;-5.936689e-02;1.131070e+00;-1.854747e-02;1.592043e+00;-1.291080e-01;1.292184e+00;-3.985855e-02;1.348668e+00;2.369363e-02;1.586333e+00;1.595262e-02;1.597392e+00;-2.618517e-02;1.582838e+00;-5.191787e-02;1.335684e+00;-5.925067e-02;1.190547e+00;-8.338138e-03;1.124608e+00;-1.235444e-02
30.000000;4.078065e+01;1.043773e+02;2.546627e-02;7.870969e-01;1.334614e-01;9.213553e-02;1.307074e-01;9.429564e-02;1.052443e-01;1.937401e-01;4.024730e+00;9.894615e+00;2.904537e-01;8.284383e-01;2.421646e-01;9.506657e-01;5.707107e-02;8.828112e-02;1.268533e-03;9.671202e-03;9.169131e-03;1.220407e-01;1.063508e-01;2.715527e-01;2.875270e-01;4.403511e-01;1.668996e-01;5.579270e-01;3.348337e-01;7.435585e-01;2.268954e-01;7.826322e-01;1.200865e-01;8.116055e-01;1.666870e-01;8.796088e-01;2.036974e-01;9.394060e-01;1.805846e-01;9.894023e-01;3.695830e-01;1.056022e+00;1.553501e-01;1.077547e+00;1.879174e-01;1.090688e+00;3.731545e-01;1.207658e+00;3.651341e-01;1.255674e+00;2.756853e-01;1.235031e+00;5.362064e-01;1.366217e+00;5.445355e-01;1.354177e+00;5.308136e-01;1.355832e+00;5.562457e-01;1.350744e+00;4.867826e-01;1.359569e+00;3.993551e-01;1.186281e+00;3.627090e-01;1.050861e+00;3.241122e-01;9.029809e-01;2.455630e-01;7.356170e-01;1.867001e-01;5.943261e-01;1.705693e+00;1.082558e+00;6.856748e-03;6.050680e-03;3.266335e+01;1.325010e+02;3.932036e+01;1.688203e+02;4.098228e+01;2.138965e+02;7.034165e+01;3.590303e+02;2.167786e-01;4.979249e-01;2.344360e+01;2.005985e+02;2.729762e-01;2.477744e+00;1.027352e+04;2.185455e+04;1.149598e+01;2.105112e+01;2.087850e+03;2.329117e+03;7.997750e-01;-5.341076e-01;2.711280e-02;2.154628e-01;1.801359e+00;1.146461e+00;4.645361e+00;4.983759e+01;6.824136e+00;1.806225e+01;5.177737e+00;9.916148e+00;5.650603e+00;5.382586e+00;3.728795e+00;3.249630e+00;1.001778e+01;3.078320e+00;6.433734e+00;-2.733159e+00;9.236733e+00;-4.755246e+00;7.539034e+00;-3.288865e+00;9.345680e+00;1.826466e+00;5.145306e+00;5.825983e+00;5.556319e+00;-1.685483e+00;6.908495e+00;3.389494e-01;6.721458e+00;1.003582e+00;1.027749e-03;-7.015889e-05;6.454870e-07;3.789922e-10;4.673807e-06;1.798225e-09;5.034672e-06;2.127840e-08;4.508335e-06;6.224226e-08;1.147623e-04;3.752362e-06;4.746997e-02;-2.058475e-03;5.284864e-02;2.978797e-03;9.910237e-03;-1.906665e-04;2.454676e-04;1.020408e-05;2.935495e-03;2.913231e-04;2.288763e-02;4.522670e-04;6.076789e-02;2.956111e-04;3.465553e-02;-5.129538e-04;6.486849e-02;-1.192526e-03;4.587131e-02;-6.034109e-04;3.834369e-02;2.696366e-03;5.534479e-02;2.033079e-03;2.902915e-02;-4.637270e-04;4.246840e-02;-9.241809e-04;9.054909e-02;-2.464251e-03;3.723573e-02;-1.933817e-03;4.239544e-02;-3.362889e-03;7.025130e-02;5.120082e-03;7.745962e-02;5.385841e-03;5.867101e-02;2.026530e-03;1.111771e-01;8.309097e-03;1.019515e-01;1.083852e-02;1.051112e-01;9.247115e-03;1.171231e-01;1.136964e-02;1.120258e-01;9.884677e-03;9.468739e-02;5.618208e-03;8.280906e-02;6.416729e-03;7.670061e-02;5.265470e-03;5.861157e-02;2.234036e-03;4.188510e-02;1.421893e-03;3.701196e-01;-1.001739e-03;1.568859e-03;-7.455621e-05;5.132336e+00;-1.291992e-01;7.671786e+00;0;1.173827e+01;-4.737305e-01;1.541467e+01;-4.737305e-01;6.389198e-02;-3.128911e-03;5.892412e+00;-2.061346e-01;6.853013e-02;-4.035724e-03;2.500752e+03;-8.681799e+01;2.705431e+00;6.776528e-02;4.797901e+02;7.965816e+00;1.807712e-01;9.818057e-04;6.501277e-03;-2.101588e-04;4.013146e-01;-1.590316e-03;8.891047e-01;-5.225376e-02;9.375529e-01;1.262220e-01;1.039110e+00;1.847877e-02;9.445713e-01;-9.947435e-02;1.121052e+00;-4.558765e-02;1.464120e+00;-3.541623e-02;1.868395e+00;1.572116e-01;1.806896e+00;2.677696e-02;1.157919e+00;1.736565e-02;1.516432e+00;3.033874e-02;1.379692e+00;6.608465e-02;1.491815e+00;5.370651e-03;1.080591e+00;-1.729662e-02;1.304624e+00;-3.632455e-02
30.500000;2.164421e+01;7.419280e+01;1.244586e-02;7.709674e-01;7.187200e-02;3.948232e-02;5.791625e-02;3.634768e-02;1.116114e-01;1.831144e-01;2.341941e+00;7.817546e+00;8.590602e-02;5.878948e-01;2.092693e-01;9.544501e-01;1.153629e-02;4.675212e-02;1.429249e-03;9.785840e-03;8.641402e-03;1.231645e-01;2.625882e-02;2.420344e-01;1.026867e-01;3.587376e-01;6.164251e-02;5.070070e-01;1.241720e-01;6.083369e-01;7.013015e-02;6.914528e-01;1.319619e-01;8.083419e-01;1.494581e-01;8.794006e-01;2.010593e-01;9.276693e-01;1.766621e-01;9.728574e-01;2.441918e-01;9.702451e-01;1.856486e-01;1.077250e+00;2.738282e-01;1.166292e+00;2.917411e-01;1.201752e+00;3.470252e-01;1.231157e+00;3.175344e-01;1.313079e+00;4.519205e-01;1.376464e+00;6.487516e-01;1.520644e+00;6.545851e-01;1.526871e+00;6.861847e-01;1.517328e+00;4.466449e-01;1.374177e+00;3.642126e-01;1.230487e+00;2.428388e-01;1.040547e+00;2.237809e-01;8.719578e-01;1.377934e-01;7.074997e-01;9.496828e-02;5.709512e-01;1.402290e-01;1.801026e-01;1.050930e-03;1.792551e-03;1.022670e+01;1.112549e+02;2.568145e+01;1.455645e+02;4.799345e+01;2.186338e+02;6.648473e+01;3.728115e+02;7.454973e-02;3.322029e-01;2.029743e+01;1.906830e+02;2.255472e-01;2.563632e+00;7.194489e+03;2.549003e+04;5.334179e+00;1.664103e+01;5.403192e+02;1.332059e+03;6.067791e-02;-1.111578e-01;2.267422e-02;2.043022e-01;1.059801e-01;2.170027e-01;5.231523e+00;4.829957e+01;4.270412e+00;1.943606e+01;6.277266e+00;1.043667e+01;5.393003e+00;7.424421e-01;5.384715e+00;2.662112e+00;7.495848e+00;4.689674e+00;6.404625e+00;6.783451e-01;6.296764e+00;2.099703e+00;5.519678e+00;-2.052086e-01;9.363043e+00;1.989133e+00;4.965524e+00;7.962636e+00;6.949777e+00;5.183909e+00;4.214154e+00;5.210132e+00;4.147891e+00;2.161536e+00;2.631425e-04;-4.096263e-05;3.697242e-07;-5.313220e-08;1.795579e-06;4.939097e-08;1.873450e-06;1.018527e-07;4.761292e-06;-1.306118e-07;8.227700e-05;-8.737717e-06;1.501772e-02;-1.586539e-03;3.854981e-02;8.125803e-03;1.589567e-03;-3.697309e-04;3.988710e-04;-5.542956e-06;3.554945e-03;5.353605e-05;6.527196e-03;6.373770e-04;1.762590e-02;3.259101e-03;1.790859e-02;1.903374e-03;1.771517e-02;-1.274098e-03;1.507686e-02;2.798953e-04;4.966287e-02;1.578198e-03;6.265392e-02;3.567021e-03;3.672698e-02;5.081981e-03;4.459083e-02;4.952088e-03;6.176367e-02;7.624546e-03;4.358616e-02;9.667450e-03;5.389618e-02;1.217235e-02;4.302248e-02;1.080372e-02;6.893315e-02;1.378379e-02;5.811187e-02;1.219875e-02;7.980569e-02;1.285625e-02;1.145233e-01;1.764182e-02;1.224472e-01;2.178083e-02;1.327352e-01;2.328438e-02;8.357268e-02;1.417077e-02;6.593988e-02;1.526446e-02;4.556138e-02;8.059404e-03;5.106464e-02;5.528785e-03;3.035823e-02;3.671851e-03;2.067363e-02;2.723239e-03;1.438843e-02;-5.424222e-03;3.061425e-04;-5.028562e-06;3.765705e+00;-2.440430e-01;8.256279e+00;-4.593750e-01;1.437827e+01;-1.579102e-01;1.561038e+01;-1.076660e+00;2.764319e-02;-1.068045e-03;6.349448e+00;-2.288418e-01;7.187818e-02;2.449682e-04;2.267253e+03;2.010198e+02;1.338893e+00;-1.703246e-02;1.640868e+02;-1.165757e+01;8.527457e-03;2.745302e-03;6.898874e-03;-2.945604e-04;1.532524e-02;-4.697404e-03;8.152559e-01;-1.412261e-01;7.587247e-01;-1.121010e-01;1.083714e+00;1.279286e-01;9.937623e-01;-1.040279e-01;1.174230e+00;8.881570e-02;1.077510e+00;6.129213e-02;2.317583e+00;8.705249e-02;2.065581e+00;1.982550e-01;1.232763e+00;-3.346209e-02;1.790673e+00;-1.895858e-01;1.582094e+00;-7.901050e-02;1.400662e+00;5.405628e-02;8.568912e-01;5.107092e-02;1.206708e+00;9.122719e-02
31.000000;6.077617e+00;6.216171e+01;1.208066e-02;7.569547e-01;9.721491e-02;7.685141e-02;6.196525e-02;4.479274e-02;9.851085e-02;1.730223e-01;2.138896e+00;5.506925e+00;7.320391e-02;5.352105e-01;2.033278e-01;9.780122e-01;3.938260e-03;3.773280e-02;1.503243e-03;9.528848e-03;6.411392e-03;1.266009e-01;1.342422e-02;2.647061e-01;8.222834e-02;4.070676e-01;5.234992e-02;5.357357e-01;1.171817e-01;6.388813e-01;7.143318e-02;7.374527e-01;1.763749e-01;8.581663e-01;2.092563e-01;9.203009e-01;1.452199e-01;9.897388e-01;1.411549e-01;1.009861e+00;2.350406e-01;1.074460e+00;2.475720e-01;1.186788e+00;3.069476e-01;1.288393e+00;3.026925e-01;1.342888e+00;3.398732e-01;1.316802e+00;3.602916e-01;1.368496e+00;3.725576e-01;1.390917e+00;5.734503e-01;1.448092e+00;6.020883e-01;1.430951e+00;6.394683e-01;1.416656e+00;4.016524e-01;1.296665e+00;4.095041e-01;1.220118e+00;2.219628e-01;1.026851e+00;1.583321e-01;8.491128e-01;1.134471e-01;7.049397e-01;8.752591e-02;5.776761e-01;3.612531e-02;8.203407e-02;9.687388e-04;1.611987e-03;9.915670e+00;1.037900e+02;1.625151e+01;1.332188e+02;4.198355e+01;1.956650e+02;5.681139e+01;3.341953e+02;6.599863e-02;3.136215e-01;1.711788e+01;1.774637e+02;2.138565e-01;2.556845e+00;7.218177e+03;2.683726e+04;4.646009e+00;1.749342e+01;5.406454e+02;1.335700e+03;1.608054e-02;-6.881997e-02;1.863032e-02;1.887559e-01;4.876849e-02;1.112689e-01;3.758065e+00;4.720963e+01;4.805849e+00;1.478795e+01;6.137587e+00;1.124607e+01;6.127154e+00;3.090945e+00;6.463134e+00;2.442121e+00;5.041456e+00;6.319675e+00;5.789964e+00;4.711417e+00;4.700206e+00;7.665341e+00;4.706750e+00;-6.121160e-01;6.377870e+00;-4.857511e+00;6.330702e+00;3.950485e+00;4.758714e+00;8.311914e+00;3.631154e+00;5.845725e+00;3.172316e+00;1.416247e+00;1.832170e-04;2.190083e-06;2.966430e-07;-1.309805e-08;8.069658e-07;3.998125e-08;1.905309e-06;3.287333e-08;3.838143e-06;-1.683604e-07;7.597466e-05;-3.030865e-06;1.378548e-02;-1.687809e-03;3.670386e-02;-3.652450e-03;1.331593e-03;-1.424510e-04;4.331223e-04;-2.066012e-05;2.673131e-03;-1.286379e-04;4.877056e-03;-5.563729e-05;1.679821e-02;-2.145145e-04;1.593613e-02;8.690602e-04;1.751695e-02;2.328336e-03;1.799358e-02;3.891049e-04;4.974087e-02;-4.441994e-03;6.577168e-02;-4.088648e-03;3.592398e-02;-1.398965e-03;3.725930e-02;-1.398878e-03;5.636147e-02;-1.753484e-04;4.731614e-02;-6.601314e-04;5.514960e-02;-9.958089e-04;4.234989e-02;-5.510927e-03;5.387874e-02;-7.820037e-03;5.246311e-02;-7.415933e-03;5.999883e-02;-1.063237e-02;8.489005e-02;-1.443499e-02;1.103599e-01;-1.161236e-02;1.274153e-01;-1.260576e-02;7.888050e-02;-7.066818e-03;8.057933e-02;-2.625639e-03;4.539257e-02;-3.083603e-03;3.993380e-02;-1.995463e-03;2.652502e-02;-1.421165e-04;2.174482e-02;-4.563370e-05;9.378882e-03;-2.105314e-04;2.339962e-04;-1.748428e-05;3.521160e+00;8.613281e-02;6.176189e+00;-1.435547e-01;1.091718e+01;2.296875e-01;1.411224e+01;0;2.671773e-02;-3.657152e-04;4.976104e+00;4.727280e-03;6.193876e-02;9.632477e-04;2.026184e+03;-5.447943e+01;1.286965e+00;3.137234e-02;1.638840e+02;5.470024e+00;5.431813e-03;5.558619e-04;5.341267e-03;1.749870e-05;1.069825e-02;-1.436408e-03;6.033778e-01;7.621361e-02;6.857034e-01;5.068142e-02;9.081467e-01;-1.801924e-01;9.027878e-01;1.686452e-01;1.226224e+00;-1.578699e-02;9.417237e-01;-1.644780e-01;1.842140e+00;-4.597456e-02;1.675607e+00;4.754485e-02;1.167405e+00;2.221982e-02;1.551380e+00;2.590499e-02;1.729396e+00;-3.358252e-02;1.027115e+00;1.557164e-01;8.120334e-01;6.995382e-02;1.105183e+00;-2.449106e-02
31.500000;6.117022e+00;6.108246e+01;7.913492e-03;7.514662e-01;8.968230e-02;9.538667e-02;6.470247e-02;6.979965e-02;9.045931e-02;1.609399e-01;1.584423e+00;4.905270e+00;9.160464e-02;4.718905e-01;2.454896e-01;1.001581e+00;4.408287e-03;3.268687e-02;2.584204e-03;9.120685e-03;5.770400e-03;1.256127e-01;1.087715e-02;2.634976e-01;6.322994e-02;4.002966e-01;3.076514e-02;5.270956e-01;5.872307e-02;6.249881e-01;5.927733e-02;7.439107e-01;1.515481e-01;8.494590e-01;2.813537e-01;9.608600e-01;2.203879e-01;1.004942e+00;2.028659e-01;1.033615e+00;1.700079e-01;1.075191e+00;3.674959e-01;1.200198e+00;5.245716e-01;1.277161e+00;3.428179e-01;1.261545e+00;5.271652e-01;1.364133e+00;5.863527e-01;1.453174e+00;4.213938e-01;1.433971e+00;7.160382e-01;1.513667e+00;5.528654e-01;1.479000e+00;4.749738e-01;1.426731e+00;3.728240e-01;1.380693e+00;4.606576e-01;1.292459e+00;2.021587e-01;1.079969e+00;1.587214e-01;9.122506e-01;1.266202e-01;7.500958e-01;8.902232e-02;6.065947e-01;2.231560e-02;4.408662e-02;1.227902e-03;1.276080e-03;7.857571e+00;1.002012e+02;9.740585e+00;1.271895e+02;2.776067e+01;1.725527e+02;9.036149e+01;3.118008e+02;5.449836e-02;3.115269e-01;2.222567e+01;1.685866e+02;2.656690e-01;2.476349e+00;2.545951e+04;3.283397e+04;8.231342e+00;2.351133e+01;1.051198e+03;1.952635e+03;1.519460e-02;-5.185276e-02;2.077462e-02;1.778843e-01;2.172277e-02;6.701858e-02;4.128505e+00;4.646999e+01;6.354432e+00;1.665161e+01;5.265463e+00;6.544749e+00;4.171357e+00;6.183746e+00;5.091774e+00;4.660459e+00;4.378178e+00;6.048986e+00;3.527984e+00;8.299136e+00;4.510266e+00;8.887221e+00;3.740745e+00;1.396730e+00;6.942575e+00;-3.708853e+00;5.439025e+00;5.865516e-01;4.143538e+00;7.783860e+00;3.418858e+00;6.938074e+00;3.476976e+00;1.424028e+00;1.917376e-04;-5.034413e-06;2.760451e-07;-1.139739e-08;1.030641e-06;-5.985628e-08;2.025151e-06;2.244698e-08;3.154274e-06;1.059689e-07;5.875086e-05;1.800824e-06;1.588701e-02;-2.403784e-03;5.649190e-02;-5.042617e-03;7.284585e-04;-1.617604e-04;6.356855e-04;4.308390e-05;1.810475e-03;-2.154368e-05;3.611440e-03;-4.332011e-04;1.543349e-02;-2.068094e-03;8.615019e-03;-1.125444e-03;8.983551e-03;8.174970e-04;2.046956e-02;-7.038141e-04;3.416136e-02;-2.711599e-03;8.502369e-02;-3.570319e-03;5.959143e-02;-1.243731e-03;4.953343e-02;1.307608e-04;3.478885e-02;-2.458185e-03;1.012175e-01;-6.982447e-03;1.573651e-01;-9.750481e-03;6.929094e-02;-8.226330e-03;1.322873e-01;-5.097110e-03;1.389132e-01;-3.897852e-03;7.232261e-02;-4.492351e-03;1.692373e-01;-1.067610e-02;1.229026e-01;-1.697203e-02;9.862767e-02;-1.710075e-02;7.815910e-02;-1.055796e-02;1.189533e-01;-1.310374e-02;4.447297e-02;-5.296900e-03;3.776462e-02;-2.663092e-03;2.982845e-02;-1.490412e-03;1.923641e-02;-1.412786e-03;3.582133e-03;-9.040136e-04;3.546321e-04;-2.016595e-05;2.941260e+00;-1.579102e-01;3.723467e+00;-2.583984e-01;9.155267e+00;-5.311524e-01;3.252838e+01;-2.009766e-01;2.166215e-02;-1.920078e-03;7.341944e+00;-1.931777e-01;6.595065e-02;-2.172359e-03;6.196533e+03;3.784475e+02;1.994409e+00;1.484922e-01;2.564531e+02;5.977116e+00;3.089080e-03;5.507113e-04;6.901481e-03;-2.240400e-04;7.300688e-03;-8.788236e-04;5.723721e-01;5.671394e-03;1.180818e+00;6.113335e-02;7.951332e-01;-1.210113e-01;8.308805e-01;8.549564e-02;1.012255e+00;-4.824630e-02;1.078021e+00;1.124157e-01;1.070274e+00;8.238666e-02;1.372554e+00;-1.798740e-01;1.034463e+00;5.886297e-03;1.958190e+00;1.811896e-01;1.686778e+00;7.921736e-02;1.468884e+00;5.959087e-03;9.438038e-01;9.381592e-02;1.205440e+00;-4.611586e-02
32.000000;1.060977e+01;6.871847e+01;2.009625e-02;7.653057e-01;6.230450e-02;4.708095e-02;6.129294e-02;6.849230e-02;1.148392e-01;2.003838e-01;1.610779e+00;5.663107e+00;7.003131e-02;3.815942e-01;2.182879e-01;9.713014e-01;6.721393e-03;2.327675e-02;4.141615e-03;1.223734e-02;1.095916e-02;1.155807e-01;1.753154e-02;2.511458e-01;4.786039e-02;4.002542e-01;2.466079e-02;5.215266e-01;2.468015e-02;6.134444e-01;5.205863e-02;7.158839e-01;6.311850e-02;7.994035e-01;2.525741e-01;8.871992e-01;2.205515e-01;9.868926e-01;2.189089e-01;1.029259e+00;1.541576e-01;1.051874e+00;3.278211e-01;1.095823e+00;5.054133e-01;1.117531e+00;2.374331e-01;1.160014e+00;4.807004e-01;1.320883e+00;5.463635e-01;1.379854e+00;3.655134e-01;1.385220e+00;6.371478e-01;1.465253e+00;4.320638e-01;1.462570e+00;3.195565e-01;1.446646e+00;3.015923e-01;1.398111e+00;4.115762e-01;1.291042e+00;1.773231e-01;1.083696e+00;1.622838e-01;9.134808e-01;1.284073e-01;7.481478e-01;1.018967e-01;6.131005e-01;7.245000e-03;2.118265e-02;1.086340e-03;8.442333e-04;1.678731e+01;1.012061e+02;1.702137e+01;1.333623e+02;4.262777e+01;1.963828e+02;9.593492e+01;3.273047e+02;8.433886e-02;2.265684e-01;2.864684e+01;1.825885e+02;3.383277e-01;2.630993e+00;4.875175e+04;6.480354e+04;6.448861e+00;2.760502e+01;1.070566e+03;1.854201e+03;1.527650e-02;-2.771888e-02;2.804201e-02;1.914918e-01;2.737073e-02;3.942017e-02;3.511018e+00;4.367729e+01;4.145271e+00;2.046739e+01;3.476279e+00;2.197384e+00;3.523654e+00;3.686853e+00;2.512808e+00;6.596997e+00;4.293416e+00;8.965508e+00;3.427669e+00;8.959663e+00;6.929488e+00;2.345786e+00;7.217438e+00;-5.012204e+00;5.080027e+00;1.646924e-01;4.838834e+00;1.823013e+00;5.265072e+00;7.113573e+00;4.236457e+00;5.523108e+00;2.625839e+00;8.463106e-01;1.222077e-04;2.124645e-05;5.155923e-07;3.551449e-08;1.089028e-06;-1.589939e-07;1.248294e-06;-1.154608e-07;3.799207e-06;2.144169e-07;6.754693e-05;1.779011e-06;1.544910e-02;-1.403564e-03;5.411857e-02;2.298912e-04;7.053937e-04;-1.958127e-04;8.894157e-04;4.635928e-05;3.069481e-03;-1.962055e-04;6.400663e-03;2.828931e-05;1.250559e-02;2.856913e-04;7.604977e-03;2.945727e-04;7.398996e-03;2.361899e-04;1.914620e-02;8.368133e-04;2.625145e-02;9.971374e-04;8.112427e-02;5.260290e-04;5.852725e-02;-2.623888e-03;4.752183e-02;-1.979883e-03;2.749833e-02;9.308580e-04;9.836472e-02;-3.580288e-04;1.565157e-01;1.293132e-05;6.649278e-02;-2.282758e-03;1.309234e-01;4.210750e-04;1.386996e-01;2.094647e-03;7.151672e-02;2.907613e-03;1.669233e-01;2.173913e-03;1.100647e-01;1.495129e-03;7.679287e-02;9.850457e-04;6.599268e-02;-1.059397e-03;1.097155e-01;-2.492265e-04;3.954940e-02;1.405152e-04;3.384973e-02;3.813007e-04;2.901962e-02;3.529202e-04;2.192346e-02;-3.741078e-04;1.500757e-03;-1.931037e-04;3.486263e-04;-4.364096e-06;5.783864e+00;1.866211e-01;5.650641e+00;4.450195e-01;1.324831e+01;7.034180e-01;3.412380e+01;1.191504e+00;1.640201e-02;-2.399651e-03;8.969949e+00;4.091083e-01;8.245137e-02;5.385990e-03;1.339839e+04;2.579948e+02;2.132219e+00;7.081901e-02;2.470234e+02;-1.691373e+00;2.037977e-03;4.461374e-04;8.619094e-03;4.374546e-04;5.045622e-03;-5.648376e-04;6.042668e-01;-7.754169e-02;1.193280e+00;5.424055e-02;8.697330e-01;4.163905e-03;8.412034e-01;-8.833160e-02;8.141969e-01;-3.866555e-02;1.198182e+00;6.227854e-02;1.234366e+00;-3.714019e-02;1.370317e+00;-2.053922e-01;1.025985e+00;-5.041800e-02;1.802209e+00;7.482651e-02;1.626158e+00;-1.013241e-02;1.733184e+00;-1.106926e-01;1.146856e+00;-4.599693e-02;1.044474e+00;1.533986e-02
32.500000;8.351114e-01;7.919126e+01;1.976334e-02;7.754925e-01;5.002887e-02;3.357641e-02;5.692684e-02;4.846977e-02;1.265789e-01;2.474599e-01;1.746996e+00;5.891578e+00;5.910271e-02;2.950494e-01;5.784248e-02;9.002479e-01;3.626400e-03;1.529259e-02;3.420176e-03;1.257874e-02;1.225251e-02;1.167536e-01;2.290807e-02;2.542126e-01;2.191642e-02;3.920823e-01;1.512547e-02;5.213109e-01;2.549447e-02;6.280475e-01;3.460679e-02;7.071258e-01;5.032493e-02;7.790288e-01;7.910857e-02;7.825252e-01;1.539710e-01;8.453621e-01;1.457363e-01;9.792124e-01;1.135732e-01;1.031633e+00;6.849823e-02;1.017648e+00;1.237539e-01;1.033093e+00;1.531448e-01;1.143434e+00;1.319249e-01;1.181310e+00;1.673744e-01;1.217858e+00;1.563401e-01;1.292068e+00;1.378208e-01;1.307733e+00;1.334139e-01;1.344489e+00;1.477947e-01;1.329021e+00;1.481824e-01;1.252408e+00;1.190334e-01;1.129691e+00;8.613470e-02;1.006016e+00;8.302578e-02;8.500108e-01;5.593663e-02;6.954734e-01;6.961439e-02;5.688981e-01;5.538052e-03;1.164642e-02;3.780004e-04;3.882719e-04;1.964969e+01;1.016367e+02;1.734815e+01;1.415449e+02;3.827153e+01;2.088721e+02;4.643634e+01;3.362051e+02;4.146428e-02;1.418754e-01;2.013065e+01;1.861427e+02;2.381340e-01;2.728581e+00;4.214694e+04;6.645491e+04;6.407767e+00;3.028680e+01;7.147424e+02;1.736507e+03;6.294049e-03;-1.126104e-02;2.067273e-02;1.960852e-01;7.508035e-03;1.390111e-02;1.848792e+00;4.181902e+01;4.218773e+00;2.377424e+01;3.461650e+00;2.551623e+00;3.070021e+00;1.974399e+00;2.579260e+00;5.245086e+00;3.295270e+00;9.151057e+00;6.482112e+00;4.109330e+00;3.377393e+00;-3.104088e+00;7.205982e+00;-5.138196e+00;3.776711e+00;3.482422e+00;3.925580e+00;3.956118e+00;5.404188e+00;3.252560e+00;4.125817e+00;6.468654e-01;2.912543e+00;5.228451e-01;8.538200e-05;1.270062e-05;6.633492e-07;4.054302e-08;1.245351e-06;-2.534915e-08;1.125944e-06;-6.040003e-08;4.997779e-06;7.862278e-08;7.360556e-05;3.467782e-07;4.195107e-03;-2.154464e-03;1.250493e-02;-1.471596e-03;7.866545e-04;-1.525699e-04;8.053767e-04;-3.842278e-05;3.816900e-03;-1.579595e-04;8.962169e-03;-7.745229e-05;7.589002e-03;-7.483057e-04;6.378148e-03;-3.321099e-04;7.732206e-03;3.772280e-04;1.289054e-02;-1.583038e-04;1.846484e-02;-1.690644e-03;3.351202e-02;-2.260435e-03;2.464229e-02;-2.940124e-03;1.913898e-02;-3.383158e-03;2.993217e-02;-3.770185e-03;2.148270e-02;-1.222615e-03;2.645821e-02;-1.149874e-03;3.481242e-02;-3.035397e-04;3.580456e-02;-2.658462e-03;4.625510e-02;-2.337757e-03;4.203432e-02;-3.146603e-03;3.429642e-02;-2.891318e-03;3.028633e-02;-8.470464e-04;3.976494e-02;-2.112936e-03;4.553141e-02;-1.761807e-03;2.805140e-02;-3.834277e-04;2.298613e-02;-9.493281e-04;2.024501e-02;-1.638787e-03;1.641956e-02;-1.105066e-03;1.722049e-02;-6.114896e-04;6.593583e-04;-2.109289e-04;3.557227e-05;-1.114788e-05;7.094144e+00;2.440430e-01;6.677546e+00;3.875977e-01;1.477492e+01;7.608398e-01;1.711661e+01;2.583984e-01;1.097097e-02;-1.151746e-03;6.882262e+00;1.903339e-01;8.198217e-02;-5.483287e-04;1.242301e+04;-2.328798e+02;1.731451e+00;7.528301e-02;1.991166e+02;8.316778e+00;1.361281e-03;2.719876e-04;7.086760e-03;2.404332e-04;2.525847e-03;-2.007332e-04;4.697543e-01;-2.525808e-02;6.388564e-01;1.067082e-01;8.997571e-01;3.744739e-02;8.813227e-01;-8.842885e-03;8.310616e-01;-4.419477e-02;1.001180e+00;-9.225619e-02;1.391891e+00;-1.513523e-01;1.218099e+00;-4.522429e-02;1.300496e+00;1.606382e-03;1.214792e+00;5.822720e-02;1.194097e+00;1.115791e-01;1.453163e+00;-1.912410e-02;1.134133e+00;-1.453789e-01;9.009779e-01;-4.724487e-02
33.000000;4.598082e+01;1.042450e+02;2.083302e-02;7.809417e-01;1.306686e-01;6.145196e-02;8.635654e-02;4.688129e-02;1.523786e-01;2.462989e-01;1.954920e+00;6.224660e+00;3.505081e-01;4.718630e-01;3.815221e-01;1.228758e+00;3.795391e-02;3.476114e-02;4.687186e-03;1.225246e-02;4.366226e-02;1.460729e-01;1.362650e-01;3.424454e-01;3.113123e-01;5.719206e-01;4.225561e-01;7.393015e-01;2.983003e-01;8.158684e-01;5.819917e-01;1.033616e+00;4.946560e-01;1.031135e+00;5.947353e-01;1.137219e+00;4.856116e-01;1.149588e+00;4.614500e-01;1.287201e+00;7.197739e-01;1.464175e+00;6.963252e-01;1.461021e+00;6.431872e-01;1.564039e+00;6.100846e-01;1.622615e+00;8.072016e-01;1.751856e+00;9.534832e-01;1.856187e+00;7.097039e-01;1.898036e+00;4.751555e-01;1.775427e+00;4.311331e-01;1.755114e+00;4.768253e-01;1.689246e+00;5.062322e-01;1.626417e+00;6.056162e-01;1.518287e+00;2.528521e-01;1.223649e+00;1.850761e-01;1.010440e+00;1.413834e-01;8.155702e-01;1.391059e-01;6.612723e-01;4.691340e-01;2.627174e-01;5.065294e-03;3.084946e-03;3.133441e+01;1.197246e+02;3.498731e+01;1.636523e+02;1.005801e+02;2.365781e+02;1.281955e+02;3.525703e+02;3.195309e-01;2.963862e-01;5.639693e+01;2.049602e+02;2.456543e-01;2.626846e+00;8.957776e+04;6.805179e+04;9.427419e+00;2.815790e+01;7.891855e+02;1.769536e+03;2.436337e-01;-1.295137e-01;4.965670e-02;2.144425e-01;4.701941e-01;2.573096e-01;5.795719e+00;4.027608e+01;7.591266e+00;2.163453e+01;6.043837e+00;9.458530e+00;3.585519e+00;2.248747e+00;5.490574e+00;3.394098e+00;5.876122e+00;5.168370e+00;6.055053e+00;1.268964e+00;9.489377e+00;-1.062144e+01;9.563066e+00;-6.104309e+00;1.001274e+01;7.974808e+00;1.034963e+01;3.707087e+00;5.107720e+00;-5.544493e-01;6.511553e+00;-4.094769e+00;6.352623e+00;-2.096322e+00;5.196132e-04;1.162851e-04;7.302643e-07;3.064072e-08;4.221972e-06;-1.921558e-07;2.805051e-06;-9.174138e-08;6.038970e-06;-1.633805e-08;6.791680e-05;1.463346e-06;2.829638e-02;7.950255e-03;4.507632e-02;3.874830e-03;4.814682e-03;8.130926e-04;9.655611e-04;-1.965230e-05;1.094868e-02;2.240919e-04;2.599646e-02;1.215624e-03;6.220959e-02;2.493425e-03;8.727185e-02;1.352227e-03;4.385202e-02;2.956994e-03;9.257556e-02;5.585091e-03;6.638435e-02;4.270481e-03;7.335381e-02;4.463014e-03;6.388661e-02;8.687590e-03;9.699257e-02;5.375900e-03;1.528082e-01;5.152632e-03;1.233405e-01;8.987359e-03;9.081600e-02;8.719006e-03;8.462515e-02;7.598079e-03;1.376489e-01;5.173956e-03;1.526524e-01;1.831217e-03;1.046318e-01;1.255443e-03;8.136635e-02;4.830716e-03;6.834216e-02;6.513556e-03;9.517293e-02;4.077894e-03;9.615403e-02;4.724069e-03;1.190832e-01;1.940361e-03;5.450153e-02;1.158832e-03;3.545091e-02;7.316631e-04;3.172525e-02;5.503011e-05;2.927584e-02;1.371342e-03;8.324850e-02;7.693190e-03;7.132409e-04;9.891603e-05;6.233167e+00;5.311524e-01;6.270087e+00;3.875977e-01;3.170926e+01;3.588867e-01;4.470009e+01;-8.613281e-02;4.942472e-02;6.649050e-03;1.479717e+01;4.322847e-01;8.090089e-02;-3.478513e-03;2.444859e+04;-2.302287e+02;1.931050e+00;-1.232305e-01;2.118635e+02;-5.190468e+00;4.892983e-02;-4.272156e-03;1.169560e-02;4.936212e-04;7.872220e-02;8.972414e-03;9.765112e-01;5.425596e-02;1.530079e+00;-1.418180e-01;1.143097e+00;7.734355e-02;1.166540e+00;-1.143478e-02;1.104977e+00;-2.530962e-02;1.428362e+00;-1.462906e-01;1.581022e+00;-1.668144e-01;1.684546e+00;-3.145578e-02;1.556306e+00;-6.303500e-02;2.680086e+00;-2.346011e-02;1.755739e+00;-7.829630e-02;1.520021e+00;-6.555960e-02;1.765100e+00;-1.485297e-01;1.445343e+00;-1.559705e-01
33.500000;4.884641e+01;1.593191e+02;2.813381e-02;7.916592e-01;1.284905e-01;6.604228e-02;8.534341e-02;5.049228e-02;1.305724e-01;2.514198e-01;2.792231e+00;7.581384e+00;2.878658e-01;7.870542e-01;3.626849e-01;1.274965e+00;3.353771e-02;6.643277e-02;4.444925e-03;1.247795e-02;4.346927e-02;1.462497e-01;1.336211e-01;3.503636e-01;2.993778e-01;5.990349e-01;4.130571e-01;7.624128e-01;2.862064e-01;8.448386e-01;5.579397e-01;1.096643e+00;4.539600e-01;1.132024e+00;5.567684e-01;1.286816e+00;4.289722e-01;1.247383e+00;4.566684e-01;1.299901e+00;7.144947e-01;1.479037e+00;6.922899e-01;1.494981e+00;6.002990e-01;1.658985e+00;5.755644e-01;1.683985e+00;7.857121e-01;1.802569e+00;9.575503e-01;1.858084e+00;7.424321e-01;1.896967e+00;5.645265e-01;1.873081e+00;4.977873e-01;1.802106e+00;5.885471e-01;1.863421e+00;5.098341e-01;1.650742e+00;6.381684e-01;1.543245e+00;2.767461e-01;1.238206e+00;2.322252e-01;1.034910e+00;1.975725e-01;8.391041e-01;1.532519e-01;6.639979e-01;4.202112e-01;5.179610e-01;4.462091e-03;4.920368e-03;3.173663e+01;1.571924e+02;3.072204e+01;1.923633e+02;9.236034e+01;2.628486e+02;1.282369e+02;3.748213e+02;3.110662e-01;5.912740e-01;4.807238e+01;2.359792e+02;2.988186e-01;2.551947e+00;9.288065e+04;5.760853e+04;7.889966e+00;2.156760e+01;8.008002e+02;1.599324e+03;2.194257e-01;-2.701399e-01;4.132646e-02;2.493842e-01;4.160102e-01;5.513550e-01;7.472768e+00;4.370087e+01;5.521414e+00;1.639083e+01;5.075284e+00;1.160476e+01;6.092325e+00;5.480543e-01;6.415236e+00;-1.111771e+00;7.046483e+00;-1.622779e+00;6.849322e+00;-8.258391e-01;1.076550e+01;-9.721746e+00;7.413290e+00;-9.692000e+00;1.312051e+01;2.216596e+00;1.095088e+01;-8.004750e-01;6.456581e+00;-5.156407e+00;6.262511e+00;-9.333833e+00;8.068144e+00;-9.133295e+00;5.195616e-04;1.163155e-04;7.116684e-07;-5.040788e-09;4.177977e-06;-2.104366e-07;2.804256e-06;-1.450174e-07;5.199299e-06;-1.383570e-07;8.597113e-05;-7.600851e-07;3.277156e-02;6.152980e-03;5.336249e-02;-3.681717e-05;5.393625e-03;4.903672e-04;8.655611e-04;2.821870e-05;1.077484e-02;1.099899e-04;2.574249e-02;-2.338114e-04;6.324121e-02;-4.750170e-04;8.777548e-02;5.770117e-04;4.541375e-02;1.362345e-04;9.352400e-02;2.590441e-04;6.820486e-02;3.374971e-03;8.379194e-02;5.879283e-03;7.981197e-02;-8.692841e-05;1.021880e-01;-1.526708e-03;1.536765e-01;-8.651785e-05;1.313379e-01;-4.704946e-04;1.002295e-01;2.007303e-03;8.707518e-02;-7.612752e-04;1.406441e-01;-1.939534e-03;1.523938e-01;-1.134971e-03;1.113768e-01;1.336026e-03;1.264478e-01;1.221421e-03;9.674767e-02;-4.209069e-04;1.292020e-01;1.607927e-03;9.697641e-02;-1.659870e-03;1.285974e-01;-1.061034e-03;6.312496e-02;-2.499268e-03;5.547541e-02;-1.830310e-03;5.222493e-02;-2.074513e-03;3.563775e-02;-1.205348e-03;9.912560e-02;3.903082e-03;8.370584e-04;2.357300e-05;4.807603e+00;8.900391e-01;6.529703e+00;7.464844e-01;3.070292e+01;7.177734e-01;4.448503e+01;1.392480e+00;6.176392e-02;6.142994e-03;1.454127e+01;8.696566e-01;7.266179e-02;3.631638e-03;2.422527e+04;-2.278177e+02;2.060266e+00;-2.667575e-01;2.087975e+02;-1.478984e+01;5.282105e-02;-1.719608e-03;1.133296e-02;9.586387e-04;8.586853e-02;3.526427e-03;1.075197e+00;1.089857e-01;1.531148e+00;-1.574439e-01;1.100280e+00;2.653690e-02;1.233893e+00;-1.642790e-01;1.088994e+00;-1.366834e-01;1.494595e+00;-6.138469e-02;1.532818e+00;-3.543986e-03;1.822305e+00;1.229657e-01;1.514658e+00;1.548248e-02;2.724361e+00;-1.940683e-01;1.756788e+00;-2.249459e-01;1.606628e+00;-8.096644e-02;1.844804e+00;4.427688e-02;1.508790e+00;-3.604641e-03
34.000000;5.331746e+01;1.612942e+02;2.776273e-02;7.869170e-01;9.499584e-02;6.181176e-02;1.133501e-01;6.002223e-02;1.250316e-01;2.707457e-01;2.802957e+00;7.431555e+00;1.102186e-01;8.273599e-01;2.557197e-01;1.027581e+00;1.671092e-02;6.376774e-02;4.646508e-03;1.295288e-02;1.300023e-02;1.256875e-01;3.479974e-02;2.652555e-01;6.929632e-02;4.191731e-01;6.818184e-02;5.385390e-01;1.085658e-01;6.295336e-01;1.615080e-01;7.402818e-01;1.178078e-01;8.977618e-01;2.478192e-01;1.006317e+00;2.260180e-01;9.635913e-01;1.362464e-01;9.742404e-01;1.914610e-01;1.132321e+00;2.262385e-01;1.206429e+00;2.614658e-01;1.251793e+00;3.569146e-01;1.285499e+00;3.879166e-01;1.309211e+00;2.368972e-01;1.295249e+00;3.645273e-01;1.385596e+00;5.606547e-01;1.534226e+00;4.853559e-01;1.535287e+00;9.213392e-01;1.699942e+00;6.405992e-01;1.447896e+00;4.615867e-01;1.262859e+00;9.022804e-01;1.266218e+00;6.146106e-01;1.025318e+00;6.149327e-01;8.845653e-01;2.682255e-01;6.343191e-01;3.425308e-01;4.284391e-01;2.432531e-03;3.866282e-03;1.484941e+01;1.765723e+02;2.285136e+01;2.037041e+02;3.713907e+01;2.637100e+02;8.281239e+01;3.931963e+02;1.894355e-01;5.948263e-01;3.002721e+01;2.517113e+02;3.063078e-01;2.623043e+00;1.539218e+05;6.707649e+04;7.250111e+00;1.855491e+01;8.567186e+02;1.434043e+03;1.093111e-01;-2.105379e-01;2.664529e-02;2.682066e-01;2.197605e-01;4.253706e-01;7.274288e+00;4.595612e+01;3.658741e+00;1.637206e+01;4.134277e+00;7.138805e+00;7.000572e+00;-3.157111e+00;6.201441e+00;-2.385606e+00;7.638618e+00;-1.178161e+00;4.540859e+00;-4.880125e+00;6.066482e+00;-1.206820e+00;5.226007e+00;-3.015719e+00;7.732691e+00;-8.178143e+00;7.478554e+00;-9.205104e+00;9.116381e+00;-1.263647e+01;6.692853e+00;-7.228016e+00;8.823104e+00;-7.031127e+00;1.177926e-03;8.007729e-05;6.832902e-07;-1.442232e-08;1.833316e-06;8.619509e-08;3.487485e-06;2.104600e-07;4.683515e-06;1.673775e-07;9.373108e-05;-5.429156e-06;3.675229e-02;1.197456e-03;6.483956e-02;-6.390467e-04;4.209175e-03;1.201329e-04;1.053544e-03;3.149408e-05;4.122284e-03;6.824345e-05;8.329204e-03;-1.102799e-03;2.312943e-02;5.574233e-04;2.793354e-02;2.568373e-03;1.866121e-02;-2.146034e-03;5.544986e-02;1.721415e-03;2.808170e-02;-2.565708e-03;5.345866e-02;-4.191899e-03;7.163311e-02;-3.564251e-03;5.067962e-02;-2.370808e-04;4.670474e-02;-1.052715e-03;6.705995e-02;-8.176001e-04;8.810902e-02;2.142973e-03;8.563201e-02;-3.685659e-04;8.776513e-02;1.035338e-03;7.146989e-02;4.551411e-03;9.215392e-02;-1.499631e-03;1.540607e-01;-5.332050e-03;1.159796e-01;-6.243791e-03;2.201791e-01;-4.719191e-03;1.510956e-01;4.913282e-04;1.178820e-01;6.930585e-03;2.274317e-01;-1.579354e-03;1.607109e-01;-1.450133e-03;1.674555e-01;-2.143351e-04;7.064529e-02;4.028011e-04;1.615463e-01;2.415489e-02;7.853253e-04;1.943543e-05;5.475798e+00;7.321289e-01;8.910064e+00;8.326172e-01;1.187484e+01;3.014649e-01;3.049400e+01;1.134082e+00;5.514709e-02;-1.075854e-05;8.626453e+00;5.835823e-01;7.286873e-02;9.930581e-04;4.676682e+04;1.491718e+01;1.921445e+00;3.046067e-02;2.093877e+02;2.413594e+00;3.041362e-02;-1.014602e-03;8.109460e-03;6.613323e-04;5.670960e-02;8.155278e-04;1.349626e+00;-3.928262e-02;9.735537e-01;3.377805e-02;9.529135e-01;-6.417836e-02;1.353864e+00;1.636160e-02;1.105106e+00;1.660336e-02;2.048672e+00;-1.661031e-01;1.265605e+00;9.373265e-04;2.009504e+00;7.605904e-02;1.417561e+00;5.341604e-03;1.953277e+00;5.243273e-04;1.594576e+00;-2.357107e-01;1.753719e+00;-1.225632e-01;1.567905e+00;4.093284e-02;1.757174e+00;1.040032e-01
34.500000;9.464354e+01;1.684116e+02;2.595880e-02;7.859306e-01;1.152385e-01;8.313715e-02;1.156785e-01;6.381690e-02;1.430275e-01;2.730559e-01;6.489403e+00;6.565887e+00;1.678495e-01;8.807929e-01;2.695690e-01;1.043659e+00;2.762095e-02;6.960179e-02;4.043866e-03;1.443437e-02;1.704627e-02;1.272349e-01;2.956994e-02;2.564023e-01;1.503810e-01;4.464359e-01;2.352258e-01;6.115327e-01;1.109593e-01;6.227762e-01;3.988738e-01;8.708423e-01;1.072935e-01;8.840051e-01;1.436585e-01;9.169686e-01;2.353603e-01;1.061751e+00;1.578516e-01;1.013620e+00;2.113481e-01;1.089489e+00;2.371892e-01;1.202504e+00;4.017784e-01;1.314672e+00;3.505491e-01;1.284306e+00;4.101090e-01;1.369777e+00;3.657975e-01;1.449842e+00;3.467238e-01;1.418013e+00;4.483916e-01;1.440690e+00;5.881253e-01;1.599831e+00;8.543261e-01;1.520499e+00;6.597929e-01;1.463690e+00;5.429525e-01;1.338669e+00;9.401336e-01;1.301350e+00;6.208140e-01;1.004140e+00;6.293016e-01;8.744234e-01;2.835618e-01;6.516684e-01;1.601896e+00;1.425568e+00;2.433573e-03;3.615931e-03;3.960028e+01;2.084414e+02;4.224510e+01;2.440430e+02;4.972445e+01;3.030439e+02;9.111765e+01;4.256396e+02;1.895282e-01;5.529017e-01;3.080230e+01;2.838485e+02;3.407669e-01;2.658490e+00;1.538418e+05;6.802527e+04;7.131636e+00;1.857388e+01;1.027745e+03;1.518405e+03;2.205770e-01;-2.692729e-01;3.217487e-02;3.045000e-01;5.060299e-01;5.797082e-01;7.523139e+00;4.568370e+01;3.391415e+00;1.671358e+01;2.884837e+00;5.123567e+00;5.539407e+00;-4.825110e+00;7.718630e+00;-5.150538e+00;1.203641e+01;-5.769244e+00;4.270839e+00;-4.769489e+00;5.108015e+00;-3.227721e-01;6.047626e+00;-3.413861e+00;7.521868e+00;-1.329460e+01;7.157240e+00;-1.694330e+01;7.587334e+00;-1.489069e+01;5.305807e+00;-5.611905e+00;5.527440e+00;-2.816381e+00;1.521780e-03;-4.119825e-05;6.485517e-07;-1.243782e-08;2.493887e-06;-1.235383e-07;3.854824e-06;-1.349268e-07;4.713428e-06;-1.549649e-07;2.428363e-04;1.402752e-07;3.912756e-02;-1.152557e-03;6.947071e-02;-1.181640e-03;4.722488e-03;-1.401286e-04;1.053613e-03;2.129000e-05;6.197565e-03;1.091633e-04;1.169395e-02;5.729117e-04;2.712975e-02;-4.826048e-04;4.296507e-02;-1.381913e-03;2.181061e-02;-5.979466e-04;8.063599e-02;-1.158797e-04;3.012128e-02;-1.656518e-03;4.154145e-02;-5.222107e-03;6.302591e-02;2.029977e-04;5.492321e-02;-1.262631e-04;4.643693e-02;-5.782252e-04;6.486359e-02;-4.375051e-04;8.843897e-02;-2.747536e-03;8.653688e-02;-1.525113e-03;9.526145e-02;2.017040e-03;1.007537e-01;-2.808673e-03;9.845445e-02;-5.599224e-03;1.324213e-01;-3.345496e-03;1.455112e-01;-6.381482e-04;2.090281e-01;-3.953839e-03;1.588545e-01;-1.252292e-03;1.438139e-01;-2.340255e-03;2.395806e-01;2.651380e-04;1.612166e-01;1.582003e-04;1.708788e-01;8.821085e-04;7.612333e-02;-1.206107e-04;2.548861e-01;4.902304e-04;8.013029e-04;-1.170892e-05;6.858414e+00;-1.004883e-01;8.344912e+00;3.158203e-01;1.268727e+01;7.608398e-01;3.184506e+01;8.900391e-01;6.154598e-02;-2.419936e-03;9.006264e+00;3.711454e-01;7.178414e-02;1.870738e-03;4.677640e+04;5.967418e+01;1.852179e+00;-2.151967e-02;2.171542e+02;-1.732318e+00;3.956199e-02;7.531561e-04;8.541594e-03;4.005669e-04;8.225305e-02;-1.287115e-03;1.417295e+00;-1.567326e-02;1.068622e+00;4.860145e-02;1.112672e+00;-7.144484e-02;1.446778e+00;5.861992e-02;1.236435e+00;-2.418570e-02;2.091259e+00;-6.780303e-02;1.140719e+00;5.493589e-02;1.881036e+00;4.128365e-02;1.497093e+00;6.246515e-03;1.886385e+00;-3.297471e-02;1.656293e+00;5.825453e-02;1.487770e+00;-1.106578e-01;1.440659e+00;-1.125484e-01;1.716968e+00;4.290631e-02
35.000000;9.728378e+01;1.419212e+02;2.320331e-02;7.866265e-01;1.031764e-01;7.586576e-02;4.831133e-02;3.909992e-02;1.373921e-01;2.197321e-01;6.406934e+00;6.837667e+00;2.582856e-01;7.579591e-01;1.970630e-01;9.101729e-01;3.340919e-02;6.095896e-02;1.336452e-03;1.333837e-02;1.678938e-02;1.243167e-01;3.808739e-02;2.580298e-01;1.567672e-01;4.176351e-01;2.467506e-01;5.804238e-01;8.151551e-02;6.368935e-01;3.887025e-01;8.740104e-01;1.435126e-01;8.209891e-01;1.387714e-01;8.169140e-01;2.338105e-01;9.647921e-01;1.691683e-01;9.532783e-01;1.118433e-01;9.571056e-01;2.026066e-01;9.944641e-01;4.341631e-01;1.158414e+00;2.329588e-01;1.125339e+00;3.230429e-01;1.189960e+00;4.061384e-01;1.282324e+00;2.762285e-01;1.245937e+00;2.625232e-01;1.274373e+00;5.427433e-01;1.359955e+00;2.890366e-01;1.223705e+00;2.905576e-01;1.226508e+00;4.355181e-01;1.160505e+00;3.564049e-01;9.790431e-01;1.917723e-01;8.129306e-01;2.125393e-01;6.677436e-01;1.383319e-01;5.589055e-01;1.620426e+00;1.362844e+00;1.919708e-03;1.891589e-03;3.758941e+01;2.144707e+02;3.575031e+01;2.596904e+02;4.814457e+01;3.275918e+02;8.182604e+01;4.664092e+02;2.126113e-01;4.722436e-01;2.701580e+01;2.900113e+02;3.631763e-01;2.731867e+00;1.023678e+04;2.658603e+04;6.290788e+00;1.937651e+01;8.954704e+02;1.734230e+03;2.414241e-01;-2.312498e-01;2.919689e-02;3.146377e-01;5.443368e-01;5.152844e-01;3.418256e+00;4.814623e+01;4.777597e+00;2.026623e+01;3.044590e+00;3.696580e+00;3.609011e+00;-4.970107e+00;3.002563e+00;-8.986723e+00;7.699536e+00;-1.016462e+01;3.785013e+00;-2.757792e+00;3.837799e+00;2.346707e+00;6.109614e+00;-3.380392e+00;6.252335e+00;-1.199813e+01;7.407506e+00;-1.479291e+01;3.031854e+00;-1.318141e+01;3.642107e+00;-9.505172e+00;3.975499e+00;-5.205619e+00;9.533338e-04;-1.216749e-04;5.318720e-07;3.573639e-09;2.237378e-06;-4.524897e-07;2.088332e-06;-2.682291e-07;4.560234e-06;-4.146249e-07;2.394824e-04;5.754991e-06;2.102293e-02;-7.550735e-03;3.935095e-02;-3.443820e-03;3.393417e-03;-7.794573e-04;4.017178e-04;-2.292769e-05;7.455326e-03;-7.734412e-05;1.754090e-02;-2.623565e-04;1.942817e-02;-3.152440e-03;3.512640e-02;-4.096605e-03;1.783545e-02;-6.751949e-04;6.010045e-02;-8.086387e-03;2.272938e-02;-1.608883e-03;4.481289e-02;-2.565275e-05;4.060156e-02;-4.438597e-03;4.167963e-02;-3.907131e-03;2.923229e-02;-4.838692e-03;4.429950e-02;-9.059841e-03;4.616251e-02;-1.315366e-02;4.362145e-02;-6.183358e-03;5.904137e-02;-7.358645e-03;7.897509e-02;-7.978982e-03;6.303077e-02;-1.113563e-03;6.271642e-02;5.033169e-04;1.147695e-01;-1.861749e-03;6.319109e-02;4.442171e-04;6.874205e-02;-3.987304e-03;9.848007e-02;-7.541653e-03;8.456533e-02;4.504996e-04;4.757049e-02;3.993314e-05;5.506493e-02;-4.444995e-04;3.632455e-02;-1.124744e-03;2.007791e-01;-3.088606e-02;4.408645e-04;-1.187145e-04;9.100632e+00;-7.608398e-01;1.109761e+01;-8.469726e-01;1.629773e+01;-1.435547e-01;2.129904e+01;-1.866211e-01;4.813173e-02;-5.351415e-03;9.674569e+00;-5.323447e-01;7.064223e-02;3.312134e-03;2.416392e+03;2.724124e+01;1.665307e+00;2.842405e-02;2.081749e+02;4.334924e+00;3.187960e-02;4.953700e-03;1.037116e-02;-5.966523e-04;6.845155e-02;-9.079302e-03;7.795634e-01;4.785923e-02;8.201326e-01;1.770026e-01;1.226425e+00;1.014358e-02;1.220527e+00;-8.015649e-02;1.078930e+00;-6.193032e-02;1.216086e+00;2.100847e-01;1.099964e+00;1.102617e-01;1.103624e+00;4.729973e-02;1.346321e+00;1.161730e-01;1.450302e+00;-3.417497e-02;1.239769e+00;1.526367e-01;9.312708e-01;7.764510e-02;1.235743e+00;-4.183838e-02;1.119652e+00;-3.548990e-02
35.500000;3.095118e+01;9.614140e+01;1.881223e-02;7.900501e-01;1.484905e-01;6.855227e-02;7.020468e-02;3.744486e-02;1.237666e-01;1.613206e-01;2.454509e+00;8.426743e+00;1.036167e-01;4.597584e-01;7.176138e-02;8.459047e-01;6.825909e-03;2.971889e-02;1.313118e-03;1.318972e-02;1.628321e-02;1.233602e-01;4.672831e-02;2.606895e-01;4.130946e-02;3.708418e-01;7.107504e-02;5.141852e-01;4.311868e-02;6.171864e-01;4.421587e-02;6.381969e-01;8.137868e-02;7.560062e-01;9.763791e-02;7.733415e-01;8.157685e-02;7.711579e-01;6.386793e-02;8.506058e-01;5.897291e-02;9.252223e-01;7.903993e-02;9.277642e-01;1.094793e-01;9.394171e-01;1.122515e-01;1.062054e+00;1.761705e-01;1.104164e+00;1.441566e-01;1.137482e+00;1.769850e-01;1.222957e+00;1.389889e-01;1.254204e+00;1.873874e-01;1.226756e+00;1.698978e-01;1.246804e+00;1.549593e-01;1.225855e+00;1.561018e-01;1.090444e+00;1.231398e-01;9.378466e-01;8.468650e-02;8.128464e-01;7.324581e-02;6.592723e-01;5.424716e-02;5.448626e-01;1.002892e-01;1.613102e-01;3.209369e-04;2.775581e-04;2.483787e+01;1.854727e+02;4.322308e+01;2.423203e+02;4.172357e+01;3.237158e+02;8.525795e+01;4.487520e+02;9.251926e-02;2.382628e-01;3.054418e+01;2.708405e+02;2.214256e-01;2.859935e+00;6.827110e+03;2.697296e+04;7.516860e+00;2.183368e+01;8.324958e+02;1.839793e+03;2.173024e-02;-4.387314e-02;3.278094e-02;2.935522e-01;4.690070e-02;1.006214e-01;1.933427e+00;4.778447e+01;7.145844e+00;2.905568e+01;5.012662e+00;5.613307e+00;3.484239e+00;-6.248600e+00;3.753451e+00;-9.643323e+00;4.139229e+00;-6.217578e+00;3.353092e+00;-1.026137e+00;3.366884e+00;3.508253e+00;3.644667e+00;3.341403e-02;3.911888e+00;-6.845093e+00;3.297951e+00;-1.143794e+01;2.933213e+00;-1.419231e+01;2.839031e+00;-1.088609e+01;3.880195e+00;-3.878911e+00;4.786632e-04;2.138146e-05;6.319592e-07;-1.727839e-08;3.750208e-06;-4.265270e-07;2.463096e-06;4.271980e-07;4.511448e-06;1.457902e-07;8.085885e-05;4.129086e-06;1.031343e-02;-3.540820e-03;1.332029e-02;1.466617e-03;1.721296e-03;-2.387993e-04;4.843451e-04;-7.810533e-06;7.720573e-03;-2.017814e-04;2.227431e-02;-4.468593e-04;9.025113e-03;1.021604e-03;1.198247e-02;1.143309e-03;1.098617e-02;5.294661e-04;8.255413e-03;-1.133205e-03;9.041802e-03;-1.659660e-03;3.766569e-02;-7.395758e-05;2.413833e-02;-7.929160e-04;2.009259e-02;1.421413e-03;2.224733e-02;1.788880e-03;2.241977e-02;8.310683e-04;2.382644e-02;1.824292e-03;2.720123e-02;3.467649e-03;3.404633e-02;1.768374e-03;2.764826e-02;3.812296e-03;3.925898e-02;4.357658e-03;3.289111e-02;3.038970e-03;3.317312e-02;1.197210e-03;3.594905e-02;2.348277e-03;3.644621e-02;3.416503e-03;2.827320e-02;3.015358e-03;2.288090e-02;2.076813e-03;1.489437e-02;2.271537e-03;1.045409e-02;1.321075e-03;1.097160e-02;1.788637e-03;1.322782e-02;-3.194864e-03;8.995298e-05;-3.628065e-06;1.018631e+01;-1.435547e-02;1.842134e+01;3.588867e-01;1.797532e+01;-4.306641e-01;2.468003e+01;-1.794434e+00;1.426496e-02;-3.104442e-03;1.249200e+01;-3.258969e-01;8.385742e-02;-3.958758e-03;2.693576e+03;-3.520683e+01;1.231717e+00;2.785917e-01;1.648233e+02;2.322035e+01;5.243531e-03;7.674444e-04;1.354130e-02;-3.079099e-04;1.210096e-02;-1.742056e-03;4.916507e-01;-5.642287e-02;9.702666e-01;1.210937e-01;1.266419e+00;7.946129e-02;9.512233e-01;6.473397e-02;1.203980e+00;-3.022437e-02;1.354968e+00;-2.191174e-02;1.223049e+00;-7.631165e-02;1.070327e+00;-1.329476e-01;1.029092e+00;-6.954674e-02;1.191553e+00;1.032809e-01;1.101720e+00;-4.696870e-02;9.032270e-01;3.992945e-02;1.152915e+00;3.053754e-02;1.097167e+00;-3.104398e-03
36.000000;8.907518e+01;1.936104e+02;3.082605e-02;8.210786e-01;1.524457e-01;6.496898e-02;1.421522e-01;5.826343e-02;9.222438e-02;1.546236e-01;2.821305e+00;1.005531e+01;2.710889e-01;6.210948e-01;5.556355e-01;1.143134e+00;2.292289e-02;4.412783e-02;1.269038e-03;1.390653e-02;1.830449e-02;1.286304e-01;5.008471e-02;2.701179e-01;1.749366e-01;4.798571e-01;1.467963e-01;6.141536e-01;1.707403e-01;7.290649e-01;5.874441e-01;9.567860e-01;2.843190e-01;9.389927e-01;6.470500e-01;1.145568e+00;7.704563e-01;1.207487e+00;4.381647e-01;1.073230e+00;8.839124e-01;1.306656e+00;1.475472e+00;1.630401e+00;9.397249e-01;1.508253e+00;6.426297e-01;1.437667e+00;7.865509e-01;1.491137e+00;1.666273e+00;1.915904e+00;1.435616e+00;1.897221e+00;1.017534e+00;1.673063e+00;6.353217e-01;1.571059e+00;6.643064e-01;1.581725e+00;5.046900e-01;1.462126e+00;3.697264e-01;1.301206e+00;2.459509e-01;1.106563e+00;1.511293e-01;9.231768e-01;1.120673e-01;7.539609e-01;1.304705e-01;6.174790e-01;8.384627e-01;7.294233e-01;2.630442e-03;1.365324e-03;4.003374e+01;2.186338e+02;4.275207e+01;2.723232e+02;8.552728e+01;3.643418e+02;9.928122e+01;4.735869e+02;1.189534e-01;2.460317e-01;4.535339e+01;3.012341e+02;2.498623e-01;2.668408e+00;6.273642e+03;2.526284e+04;9.146516e+00;1.984928e+01;9.241815e+02;1.685535e+03;1.170551e-01;-1.170953e-01;4.875121e-02;3.271008e-01;3.382191e-01;3.271621e-01;2.958305e+00;4.802660e+01;1.126540e+01;2.466737e+01;5.412272e+00;6.751524e+00;4.142373e+00;-8.956339e+00;7.474248e+00;-1.740035e+01;3.910234e+00;-8.988416e+00;4.694037e+00;-3.644955e+00;6.960855e+00;-1.108254e+00;4.772796e+00;2.135495e+00;4.013810e+00;-5.899257e+00;1.282794e+01;-2.458035e+01;4.300282e+00;-1.751553e+01;1.003818e+01;-1.811941e+00;2.994101e+00;-2.418858e+00;9.652850e-04;1.983155e-04;7.643923e-07;-1.918908e-08;4.016110e-06;-5.371556e-07;4.033931e-06;-4.164309e-08;3.365483e-06;5.801358e-08;1.041574e-04;-6.407874e-06;3.858004e-02;1.473588e-03;1.188437e-01;-3.601966e-04;3.176389e-03;5.954480e-05;3.408708e-04;6.462586e-05;8.174305e-03;7.920901e-05;2.287711e-02;4.892187e-04;3.112031e-02;-5.737640e-04;2.455624e-02;-1.193487e-03;3.438158e-02;-3.570873e-04;1.237811e-01;5.168701e-04;6.341593e-02;-5.658041e-04;1.139952e-01;-4.851709e-04;1.320337e-01;8.297136e-04;1.021250e-01;-1.369592e-03;2.148629e-01;-2.608634e-05;3.578654e-01;4.367640e-04;2.010572e-01;3.069441e-03;1.449650e-01;1.575906e-04;1.752509e-01;2.322892e-04;3.464139e-01;-1.611862e-03;2.972776e-01;-3.119303e-03;2.428192e-01;-1.969397e-03;1.447672e-01;-2.938723e-04;1.459478e-01;-1.632705e-03;1.258490e-01;-9.507105e-04;9.185293e-02;-1.444684e-04;6.153402e-02;-9.812915e-05;3.218201e-02;-3.185944e-04;2.823002e-02;9.114430e-05;3.646410e-02;-5.572998e-04;1.074909e-01;1.994229e-03;7.602354e-04;1.047871e-06;7.329785e+00;5.167969e-01;1.527947e+01;9.331055e-01;1.679884e+01;2.713184e+00;2.093407e+01;1.550391e+00;2.691019e-02;1.264694e-04;9.643348e+00;1.084351e+00;7.242848e-02;2.389115e-03;2.199788e+03;1.309993e+02;1.689090e+00;-1.307106e-01;1.848452e+02;-1.277147e+01;1.594775e-02;-1.547412e-04;1.047184e-02;1.152928e-03;5.280595e-02;9.159462e-04;5.664827e-01;1.653782e-02;1.518714e+00;-7.900153e-02;1.066600e+00;-3.966522e-02;1.247492e+00;-2.572131e-02;1.431823e+00;-1.311855e-01;1.247962e+00;-1.067930e-01;1.284299e+00;5.404004e-03;1.191712e+00;7.671359e-02;1.297099e+00;1.032315e-01;1.342130e+00;-2.899019e-02;1.697538e+00;-1.866492e-01;1.057142e+00;-2.929115e-02;1.024079e+00;1.780589e-01;1.010297e+00;3.581627e-02
36.500000;9.781310e+01;1.913762e+02;3.834087e-02;8.186318e-01;9.801684e-02;4.648983e-02;1.351395e-01;5.218552e-02;1.272715e-01;1.508976e-01;8.918494e+00;1.014034e+01;3.274495e-01;8.489571e-01;6.439226e-01;1.366138e+00;8.038245e-02;8.892220e-02;3.508853e-03;1.348828e-02;1.390218e-01;1.931567e-01;2.471155e-01;3.739472e-01;3.702889e-01;5.856863e-01;2.498073e-01;6.267879e-01;3.054124e-01;8.006466e-01;6.135690e-01;1.001146e+00;3.524493e-01;9.466520e-01;6.331922e-01;1.239651e+00;7.297649e-01;1.337106e+00;7.186894e-01;1.436936e+00;9.145192e-01;1.555469e+00;1.445526e+00;1.807576e+00;9.444643e-01;1.766089e+00;9.057177e-01;1.794622e+00;1.150248e+00;1.947224e+00;1.751768e+00;2.260110e+00;1.488844e+00;2.210880e+00;1.149215e+00;2.079465e+00;8.969281e-01;1.961920e+00;9.776726e-01;1.986397e+00;9.233472e-01;1.855204e+00;7.890996e-01;1.652943e+00;4.848359e-01;1.358145e+00;3.900950e-01;1.113590e+00;3.080862e-01;9.005888e-01;2.589237e-01;7.276590e-01;1.080291e+00;1.252965e+00;4.952137e-03;3.941161e-03;6.594943e+01;1.999717e+02;7.704274e+01;2.618438e+02;1.375037e+02;3.725244e+02;1.469201e+02;4.677012e+02;2.715547e-01;3.889301e-01;8.065923e+01;2.938049e+02;3.206466e-01;2.607117e+00;3.525263e+04;3.770280e+04;1.741887e+01;2.216902e+01;2.935403e+03;2.342684e+03;1.142986e+00;-7.134272e-01;8.796681e-02;3.158459e-01;1.257314e+00;9.855275e-01;6.321843e+00;4.534306e+01;6.418645e+00;1.817622e+01;1.113527e+01;9.674690e+00;1.027624e+01;-4.177044e+00;1.401406e+01;-1.257157e+01;7.553314e+00;-5.578247e+00;7.303691e+00;-3.694241e-01;9.539672e+00;-1.844297e-01;9.690706e+00;3.256989e+00;6.380664e+00;-4.153088e+00;1.158311e+01;-2.705370e+01;6.571966e+00;-1.535365e+01;6.881667e+00;3.817589e+00;4.355425e+00;-2.478353e+00;1.251559e-03;7.098730e-05;7.846020e-07;5.454128e-08;2.467121e-06;-5.685141e-07;3.617716e-06;-3.951245e-07;4.639343e-06;-1.369468e-07;2.451190e-04;7.815566e-06;5.610381e-02;9.012002e-03;1.415518e-01;1.745897e-03;1.024767e-02;1.762245e-03;5.432634e-04;-5.883094e-05;2.588553e-02;6.707963e-04;5.293600e-02;1.392477e-03;7.807734e-02;2.493255e-03;3.977564e-02;2.079331e-03;6.239102e-02;1.663129e-03;1.354331e-01;1.471546e-03;7.816046e-02;2.816220e-03;1.183185e-01;4.565200e-03;1.366677e-01;3.220998e-03;1.371859e-01;2.931193e-03;2.288826e-01;-1.914408e-04;3.625764e-01;-7.316778e-04;2.197381e-01;1.140924e-03;2.084652e-01;2.273486e-03;2.765725e-01;-2.032228e-03;3.928047e-01;3.474556e-04;3.229128e-01;9.088806e-03;2.744100e-01;5.780743e-03;1.922763e-01;2.259265e-03;2.155881e-01;4.853696e-03;2.080380e-01;2.382846e-03;1.793106e-01;-5.637440e-04;9.468293e-02;7.213810e-04;8.096109e-02;-1.199792e-03;7.482284e-02;-7.617469e-04;6.279638e-02;-1.278799e-03;2.292745e-01;2.883884e-02;1.340750e-03;6.982598e-05;9.297912e+00;-5.167969e-01;1.961409e+01;-1.033594e+00;2.147192e+01;-1.191504e+00;2.072397e+01;-8.039063e-01;6.783546e-02;1.065150e-02;1.321910e+01;-8.370241e-01;7.409386e-02;-4.249117e-03;9.628156e+03;-1.877983e+02;3.239434e+00;7.613409e-02;5.477461e+02;3.731423e+01;1.513584e-01;-1.842035e-02;1.374740e-02;-9.423973e-04;2.508387e-01;3.155407e-02;1.094956e+00;2.335127e-02;1.585602e+00;-7.521506e-02;1.736032e+00;1.514001e-01;1.895391e+00;1.558937e-02;1.520635e+00;1.489302e-01;1.393650e+00;1.982311e-01;1.574637e+00;8.903350e-02;1.790031e+00;-2.394117e-02;2.103219e+00;2.337293e-02;2.028991e+00;-5.899279e-02;2.045565e+00;-6.413314e-02;1.538636e+00;8.084623e-02;1.635668e+00;7.439560e-02;1.574724e+00;-1.375650e-01
37.000000;4.443022e+01;1.058999e+02;2.471576e-02;7.963309e-01;6.481168e-02;5.343040e-02;4.607954e-02;3.852768e-02;1.248870e-01;1.384585e-01;8.700293e+00;1.071967e+01;3.219387e-01;9.198806e-01;4.567009e-01;1.161448e+00;7.719568e-02;1.274281e-01;4.107577e-03;9.848828e-03;1.369393e-01;1.969312e-01;2.444660e-01;3.765079e-01;3.542792e-01;5.103805e-01;2.131655e-01;5.733892e-01;2.778693e-01;7.689713e-01;2.602217e-01;7.402490e-01;2.502378e-01;8.645592e-01;2.739822e-01;9.765710e-01;3.134242e-01;1.060191e+00;6.710194e-01;1.322567e+00;4.803275e-01;1.224372e+00;3.604006e-01;1.238852e+00;4.940635e-01;1.354773e+00;7.791099e-01;1.547238e+00;9.843541e-01;1.674507e+00;8.776176e-01;1.610459e+00;7.311113e-01;1.728114e+00;7.517210e-01;1.812713e+00;7.722346e-01;1.795602e+00;8.665705e-01;1.798748e+00;8.831348e-01;1.676602e+00;7.837621e-01;1.507593e+00;4.929231e-01;1.258118e+00;4.086407e-01;1.049849e+00;3.247139e-01;8.493769e-01;2.571795e-01;6.804079e-01;1.014204e+00;1.019869e+00;4.541602e-03;4.564304e-03;4.454245e+01;1.241748e+02;8.005462e+01;1.860469e+02;1.365816e+02;2.608389e+02;1.416234e+02;3.050537e+02;3.897373e-01;6.974434e-01;7.950356e+01;2.031479e+02;3.197751e-01;2.498980e+00;3.799760e+04;3.057905e+04;1.642396e+01;3.391547e+01;2.920026e+03;4.278255e+03;1.051064e+00;-1.089759e+00;8.426560e-02;2.163334e-01;1.279779e+00;1.204037e+00;5.476171e+00;4.399444e+01;3.522537e+00;2.188088e+01;9.928465e+00;1.816816e+01;8.668442e+00;3.832083e+00;8.592631e+00;-6.958165e-01;7.926666e+00;4.527066e+00;4.735899e+00;6.178384e+00;7.849174e+00;2.924380e+00;9.960905e+00;2.782463e+00;5.787745e+00;-3.321349e+00;7.262398e+00;-1.419968e+01;8.120312e+00;-4.744002e+00;5.947593e+00;2.112043e+00;6.121410e+00;-5.358616e+00;9.051922e-04;-1.092799e-04;5.617892e-07;-7.661424e-09;1.959585e-06;-8.393164e-08;1.599551e-06;4.958424e-08;4.369107e-06;-1.700952e-08;2.355562e-04;5.437412e-06;4.572338e-02;2.704456e-03;8.180510e-02;8.113470e-04;1.063510e-02;6.885043e-04;5.198018e-04;-9.725372e-05;2.541216e-02;-1.943552e-04;5.091674e-02;-6.676409e-04;7.311030e-02;5.903217e-04;3.350672e-02;7.910697e-04;5.594150e-02;5.160906e-04;5.991853e-02;-4.142369e-04;5.358324e-02;1.952834e-03;5.493207e-02;2.760835e-03;7.478273e-02;-3.849819e-03;1.013945e-01;-8.291743e-06;8.373535e-02;1.671788e-03;6.480800e-02;1.984958e-03;9.609217e-02;-1.305882e-04;1.527640e-01;-3.796672e-04;2.170732e-01;2.395475e-03;1.894311e-01;5.801809e-03;1.370273e-01;5.305916e-03;1.403780e-01;2.405603e-03;1.482279e-01;1.566009e-03;1.793610e-01;2.724282e-03;1.783266e-01;-4.970737e-04;1.635896e-01;-1.382032e-03;8.530968e-02;-1.002999e-03;8.455982e-02;-2.642830e-04;7.608662e-02;-5.692498e-04;5.759439e-02;-1.171492e-05;2.259356e-01;6.078295e-04;1.152568e-03;2.126757e-05;9.205024e+00;-1.349414e+00;1.998652e+01;-1.492969e+00;1.700077e+01;-3.603223e+00;1.882420e+01;-3.531445e+00;7.355154e-02;3.237169e-03;1.269572e+01;-1.967167e+00;6.882886e-02;-5.915933e-03;9.601906e+03;-2.505143e+02;3.974068e+00;1.100002e-01;6.810986e+02;1.271451e+01;1.621407e-01;-4.497545e-03;1.321736e-02;-2.131880e-03;2.792969e-01;1.839609e-03;1.229323e+00;-3.504886e-02;1.075709e+00;-4.197158e-02;1.763095e+00;2.433303e-01;1.755835e+00;1.299000e-01;1.371899e+00;1.454077e-01;1.484740e+00;1.979038e-01;1.621857e+00;1.048187e-02;1.865691e+00;-1.354318e-03;2.037242e+00;-1.215170e-02;1.878477e+00;1.085432e-01;1.660126e+00;1.328004e-01;1.805007e+00;-1.657164e-02;1.609834e+00;2.910326e-03;1.566297e+00;7.643428e-02
37.500000;2.794899e+00;1.038579e+02;1.394361e-02;7.895167e-01;4.699028e-02;7.278486e-02;3.130690e-02;4.545609e-02;9.216937e-02;1.617568e-01;1.816401e+00;1.043523e+01;1.787153e-01;8.747700e-01;1.321266e-01;9.322096e-01;3.011580e-02;1.144643e-01;9.736096e-04;7.181910e-03;1.265788e-02;1.300968e-01;2.895192e-02;2.604939e-01;5.976262e-02;3.829855e-01;6.019075e-02;5.406381e-01;1.195443e-01;6.668785e-01;1.006185e-01;7.188180e-01;1.538768e-01;8.370169e-01;2.170549e-01;8.987508e-01;2.969554e-01;9.756125e-01;2.576598e-01;1.044151e+00;1.542640e-01;1.065847e+00;1.269862e-01;1.084444e+00;1.606634e-01;1.134489e+00;2.425978e-01;1.247034e+00;1.526528e-01;1.243556e+00;2.069699e-01;1.230894e+00;3.256517e-01;1.299915e+00;3.200129e-01;1.349770e+00;2.873014e-01;1.357724e+00;3.338170e-01;1.323205e+00;2.487086e-01;1.247584e+00;2.274832e-01;1.132675e+00;1.909780e-01;9.884542e-01;1.667127e-01;8.363647e-01;1.239544e-01;6.838202e-01;9.395555e-02;5.562317e-01;5.142566e-01;5.882078e-01;2.247298e-03;3.375053e-03;1.632426e+01;9.517676e+01;2.191079e+01;1.360898e+02;2.610131e+01;1.692510e+02;2.673203e+01;2.271035e+02;2.705121e-01;7.529675e-01;1.636855e+01;1.508496e+02;1.601027e-01;2.299337e+00;9.158385e+03;1.396762e+04;1.120023e+01;3.579601e+01;1.919444e+03;4.579535e+03;3.643274e-01;-6.701148e-01;1.802497e-02;1.609024e-01;6.072548e-01;6.782170e-01;2.830733e+00;4.657535e+01;2.901279e+00;2.164587e+01;3.479094e+00;1.917430e+01;4.981632e+00;6.299614e+00;4.475967e+00;2.950848e+00;5.168530e+00;8.596060e+00;3.700052e+00;7.267436e+00;5.690090e+00;3.287125e+00;4.869434e+00;1.900810e+00;4.856537e+00;-2.294689e+00;6.045444e+00;-7.049966e+00;5.998076e+00;1.302981e-01;5.041511e+00;1.730675e+00;6.444485e+00;-3.665550e+00;1.655157e-04;-2.282349e-05;3.410311e-07;-8.094942e-09;1.567347e-06;8.723338e-08;1.256507e-06;6.233883e-08;2.628391e-06;5.374652e-08;5.482509e-05;-5.607564e-06;2.019391e-02;-7.139559e-03;3.401081e-02;-3.448155e-03;3.851354e-03;-1.305316e-03;2.364109e-04;-3.539935e-05;3.741419e-03;-6.403760e-04;5.956876e-03;-1.372426e-03;1.410909e-02;-2.850974e-03;1.419771e-02;-2.372527e-03;2.089838e-02;-2.513898e-03;2.445286e-02;-4.896910e-04;2.974841e-02;-2.172676e-03;4.133615e-02;-4.115182e-03;7.248343e-02;-3.948690e-03;6.406603e-02;-4.908672e-03;4.226230e-02;-2.397060e-03;3.023008e-02;-2.184297e-03;5.007228e-02;-3.120807e-03;5.707952e-02;-5.610960e-03;4.297446e-02;-2.769109e-03;3.939898e-02;-5.175195e-03;4.768261e-02;-1.332809e-02;7.965396e-02;-9.792332e-03;8.300049e-02;-5.214119e-03;9.221260e-02;-7.904189e-03;8.572606e-02;-4.848506e-03;8.160175e-02;-9.649243e-04;6.709418e-02;-1.807360e-03;5.805153e-02;9.375659e-05;4.394637e-02;2.568141e-04;3.318942e-02;4.994930e-04;9.397677e-02;-2.862602e-02;5.172346e-04;-7.384933e-05;3.499791e+00;-6.029297e-01;5.656929e+00;-6.603516e-01;5.898613e+00;-8.326172e-01;9.664920e+00;-5.024414e-01;4.921842e-02;-9.280408e-03;3.339525e+00;-5.910700e-01;4.313455e-02;-4.894121e-04;3.332399e+03;7.391111e+00;4.011295e+00;1.143247e-01;6.406973e+02;1.425104e+01;5.669314e-02;1.642755e-02;3.664302e-03;-6.580859e-04;1.330323e-01;-3.094348e-02;1.049422e+00;6.778358e-03;8.360864e-01;5.860834e-02;8.977364e-01;-1.118557e-01;1.059577e+00;8.792138e-02;1.256176e+00;5.145040e-02;1.262528e+00;-5.165201e-02;1.233780e+00;8.435322e-02;1.522708e+00;1.732975e-01;1.280761e+00;6.644254e-02;1.400229e+00;6.633962e-02;1.507850e+00;1.425615e-01;1.803724e+00;3.563850e-02;1.063337e+00;-3.093771e-02;1.199262e+00;1.452315e-01
38.000000;1.561019e+01;9.861745e+01;1.193512e-02;7.854826e-01;7.805014e-02;7.640192e-02;9.417193e-02;6.418737e-02;1.143711e-01;1.813175e-01;1.617185e+00;9.587997e+00;1.334833e-01;6.931202e-01;2.109603e-01;9.556187e-01;1.820160e-02;7.407866e-02;1.330704e-03;7.052154e-03;5.354882e-03;1.198409e-01;1.406596e-02;2.459577e-01;4.638289e-02;3.681890e-01;4.963821e-02;5.260661e-01;5.807629e-02;5.970990e-01;1.751397e-01;7.536722e-01;2.682824e-01;8.697742e-01;1.271059e-01;8.497926e-01;4.759549e-01;1.067645e+00;2.631475e-01;1.071144e+00;1.893347e-01;1.087911e+00;2.451824e-01;1.089269e+00;2.341422e-01;1.151307e+00;2.540480e-01;1.193948e+00;3.113676e-01;1.337859e+00;3.483141e-01;1.308930e+00;2.885379e-01;1.224952e+00;3.486302e-01;1.312708e+00;3.448384e-01;1.384883e+00;4.213725e-01;1.392637e+00;4.467497e-01;1.394619e+00;3.345081e-01;1.201937e+00;3.822135e-01;1.073646e+00;2.505732e-01;8.765149e-01;3.072546e-01;7.495191e-01;2.206276e-01;5.962660e-01;1.317623e-01;2.179920e-01;1.829909e-03;2.446716e-03;3.409235e+00;8.699414e+01;1.160132e+01;1.238877e+02;2.128244e+01;1.523115e+02;6.237612e+01;2.583984e+02;1.639418e-01;4.617310e-01;1.643826e+01;1.501699e+02;1.851636e-01;2.285478e+00;1.430266e+04;2.169711e+04;1.381427e+01;2.946870e+01;2.368260e+03;3.304498e+03;1.318496e-01;-2.763185e-01;1.700756e-02;1.591676e-01;1.654142e-01;2.489078e-01;3.579775e+00;4.566264e+01;3.745556e+00;2.243256e+01;5.847040e+00;1.248147e+01;5.973570e+00;4.697537e+00;3.383413e+00;6.576253e+00;4.684980e+00;7.827447e+00;5.613550e+00;1.133429e+01;5.971822e+00;8.374859e+00;4.801751e+00;-2.987828e+00;5.454088e+00;1.422623e+00;5.260441e+00;-2.641444e-01;6.412047e+00;-3.458027e+00;4.062224e+00;-1.009001e+00;3.607687e+00;-4.719843e-01;3.799916e-04;-4.341930e-05;3.834631e-07;-1.923657e-09;2.093704e-06;-7.751238e-09;3.262684e-06;-1.524979e-08;3.668191e-06;-2.888394e-08;6.023524e-05;-5.635536e-07;2.302657e-02;-3.011885e-03;5.230226e-02;2.316573e-03;2.149591e-03;-5.569629e-04;3.224652e-04;-8.440416e-06;1.635744e-03;2.057066e-05;5.536639e-03;2.868384e-04;1.650166e-02;4.388296e-04;1.794700e-02;1.022123e-03;1.532724e-02;1.034791e-03;3.033336e-02;-1.361690e-03;4.667794e-02;-3.913421e-03;2.133177e-02;-3.704824e-03;9.713466e-02;2.181888e-03;6.523473e-02;4.317558e-03;5.058957e-02;1.210985e-03;5.921313e-02;3.886332e-03;5.953063e-02;3.177778e-03;6.814902e-02;7.909514e-03;8.088320e-02;3.544678e-04;8.433229e-02;2.631537e-03;7.305430e-02;5.505269e-03;1.045181e-01;9.759878e-03;9.186883e-02;4.693074e-03;9.841039e-02;-1.220908e-03;1.121832e-01;2.706188e-03;1.002103e-01;6.479227e-03;1.002026e-01;4.271775e-03;6.684688e-02;3.477704e-03;8.190136e-02;3.151639e-03;5.958072e-02;1.913747e-03;3.129629e-02;-2.329187e-03;5.154403e-04;-6.042840e-06;1.346662e+00;0;4.468472e+00;-4.306640e-02;8.093672e+00;7.177734e-02;1.490407e+01;6.747071e-01;4.713119e-02;-1.896343e-03;3.665863e+00;1.104133e-01;5.044777e-02;-7.167613e-04;4.536718e+03;1.122012e+02;3.612125e+00;1.332715e-01;5.611573e+02;7.389616e+00;1.688688e-02;3.957306e-03;4.012262e-03;1.253050e-04;4.710436e-02;-2.001938e-03;1.113809e+00;-5.156507e-02;7.963051e-01;2.487863e-02;8.722759e-01;-9.188226e-02;9.606283e-01;7.527068e-02;1.268160e+00;5.437785e-02;1.361871e+00;-6.316669e-02;1.245468e+00;3.173431e-02;1.496104e+00;-1.548690e-01;1.291383e+00;-1.351910e-01;1.397976e+00;-8.308337e-03;1.336930e+00;2.030429e-01;1.617544e+00;2.535512e-01;1.097504e+00;-5.764652e-02;1.255563e+00;-4.729949e-02
38.500000;5.193177e+01;9.516875e+01;1.305919e-02;7.862806e-01;1.697725e-01;1.123331e-01;2.265839e-01;1.508037e-01;1.247352e-01;1.634942e-01;1.925726e+00;9.408596e+00;1.945607e-01;6.011495e-01;3.168893e-01;1.036602e+00;1.666848e-02;5.599518e-02;2.300984e-03;7.481733e-03;6.352304e-03;1.206853e-01;1.904997e-02;2.553258e-01;2.249138e-01;4.421513e-01;2.330351e-01;5.872831e-01;1.605162e-01;6.672185e-01;5.827305e-01;9.081866e-01;4.539672e-01;9.350216e-01;3.301119e-01;9.170125e-01;5.245746e-01;1.100445e+00;4.347288e-01;1.075530e+00;4.346009e-01;1.106044e+00;6.575928e-01;1.230266e+00;4.069438e-01;1.222523e+00;2.602604e-01;1.187094e+00;4.637505e-01;1.422562e+00;6.728610e-01;1.553485e+00;6.952783e-01;1.530154e+00;3.597606e-01;1.441192e+00;3.758215e-01;1.513072e+00;4.753350e-01;1.542151e+00;5.002568e-01;1.480693e+00;4.391052e-01;1.295357e+00;3.847493e-01;1.113348e+00;2.794876e-01;9.331961e-01;3.043895e-01;7.632777e-01;2.189941e-01;6.083724e-01;7.469003e-01;3.312683e-01;1.914456e-03;1.642968e-03;4.188649e+01;9.933984e+01;4.599556e+01;1.333623e+02;5.528831e+01;1.632217e+02;1.026756e+02;2.862480e+02;1.196520e-01;3.381112e-01;4.462472e+01;1.615525e+02;2.523156e-01;2.281666e+00;1.189181e+04;2.268862e+04;1.485427e+01;2.980407e+01;2.169105e+03;3.084654e+03;1.105317e-01;-1.616026e-01;4.922326e-02;1.717938e-01;3.919385e-01;2.410189e-01;3.976607e+00;4.388659e+01;3.819279e+00;2.425385e+01;7.764116e+00;1.442612e+01;6.267034e+00;1.100468e+00;7.916285e+00;2.954892e+00;6.056146e+00;5.038884e+00;4.842188e+00;1.365743e+01;8.248053e+00;8.788764e+00;6.231791e+00;-5.491029e+00;6.312657e+00;5.491651e+00;6.993282e+00;2.019646e+00;8.864370e+00;-6.407030e+00;3.838919e+00;7.082273e-01;3.677043e+00;5.408474e-01;9.367286e-04;1.830153e-04;3.990615e-07;3.359183e-08;5.459413e-06;-1.699827e-07;7.009784e-06;-3.301630e-07;3.633483e-06;8.156965e-08;6.592974e-05;-4.106619e-06;3.872586e-02;5.303941e-03;7.738276e-02;7.253273e-03;2.964712e-03;3.835974e-04;3.724661e-04;7.571176e-05;1.683063e-03;1.995296e-04;6.189989e-03;3.977003e-04;4.223434e-02;7.610268e-03;4.176989e-02;8.070668e-03;3.300897e-02;4.583172e-03;1.219208e-01;1.618387e-02;9.358823e-02;1.094046e-02;6.058221e-02;1.132600e-02;1.022474e-01;8.824841e-03;1.108849e-01;7.028910e-03;1.243719e-01;5.190250e-03;1.902814e-01;8.131458e-03;8.410192e-02;1.183243e-02;6.696475e-02;6.189299e-03;1.205009e-01;1.053919e-02;1.585754e-01;1.807751e-02;1.506421e-01;1.902096e-02;1.069040e-01;5.224796e-03;1.043251e-01;6.180080e-03;1.175517e-01;5.583510e-03;1.248268e-01;2.938294e-03;1.166897e-01;7.272614e-03;9.836958e-02;2.841414e-03;7.320314e-02;2.247306e-03;8.076607e-02;1.279644e-03;5.945622e-02;8.709310e-04;1.153926e-01;3.134636e-02;6.181674e-04;1.389950e-05;6.501300e+00;1.579102e+00;9.120808e+00;1.507324e+00;1.309008e+01;1.693945e+00;2.164081e+01;3.100781e+00;4.382810e-02;1.535250e-03;8.659228e+00;1.575065e+00;7.060571e-02;3.672493e-03;3.567912e+03;8.640163e+01;3.363349e+00;-4.229631e-01;4.839495e+02;-6.710788e+01;2.016580e-02;-3.156250e-03;9.507995e-03;1.757113e-03;6.475718e-02;1.694076e-02;9.985132e-01;5.031528e-02;8.756914e-01;-6.272488e-02;1.040279e+00;-1.225037e-02;1.264019e+00;-1.884194e-01;1.561232e+00;-2.701032e-01;1.425535e+00;-1.491125e-01;1.556378e+00;1.154769e-02;1.740785e+00;-1.333192e-01;1.758135e+00;-9.247480e-02;1.424471e+00;8.374225e-02;1.436603e+00;-1.456699e-01;2.007208e+00;-1.543188e-01;1.109136e+00;7.301497e-02;1.109333e+00;-2.779002e-02
39.000000;8.916541e+01;1.333316e+02;1.928947e-02;7.959899e-01;1.715411e-01;1.090600e-01;2.321878e-01;1.507314e-01;1.139888e-01;1.685832e-01;6.669824e+00;8.025620e+00;2.312470e-01;6.726051e-01;2.885432e-01;1.043175e+00;2.118278e-02;6.317277e-02;2.706307e-03;9.250441e-03;9.936363e-03;1.228168e-01;6.190784e-02;2.888661e-01;2.507012e-01;5.106851e-01;2.802256e-01;6.328979e-01;1.753885e-01;7.490037e-01;6.354999e-01;9.616789e-01;4.468766e-01;9.053411e-01;3.961247e-01;9.566199e-01;3.564845e-01;1.022372e+00;4.408844e-01;1.111279e+00;4.236341e-01;1.119071e+00;6.590447e-01;1.212598e+00;4.365696e-01;1.254243e+00;2.690540e-01;1.314715e+00;4.331355e-01;1.318407e+00;6.960105e-01;1.533486e+00;8.022652e-01;1.715874e+00;4.431125e-01;1.550377e+00;3.230523e-01;1.485260e+00;3.838062e-01;1.443743e+00;3.648414e-01;1.341142e+00;3.776466e-01;1.276790e+00;1.930698e-01;1.069148e+00;1.938324e-01;9.086086e-01;1.077426e-01;7.262982e-01;7.833519e-02;5.912401e-01;1.034378e+00;7.700521e-01;1.623051e-03;1.251140e-03;6.648225e+01;1.500146e+02;6.935504e+01;1.818838e+02;7.129568e+01;2.136094e+02;1.360804e+02;3.389326e+02;1.005724e-01;3.587964e-01;6.488682e+01;2.012873e+02;2.638616e-01;2.371502e+00;5.003083e+03;1.744579e+04;1.363111e+01;2.808185e+01;1.712829e+03;2.989134e+03;1.393723e-01;-2.110867e-01;7.226982e-02;2.170758e-01;5.285834e-01;5.065015e-01;4.794098e+00;4.636051e+01;3.322955e+00;2.441574e+01;6.399308e+00;1.755475e+01;5.466829e+00;-2.285875e+00;9.833143e+00;-6.241682e+00;6.925053e+00;1.649207e+00;6.436147e+00;8.363879e+00;1.057696e+01;-4.093933e-01;6.698413e+00;-3.978508e+00;6.442813e+00;4.496622e+00;8.956526e+00;-3.731310e+00;9.921603e+00;-6.256542e+00;5.169165e+00;-1.627119e-01;1.138062e+01;-5.050937e+00;1.338272e-03;9.412730e-05;4.244628e-07;2.141917e-08;5.379673e-06;-4.865808e-07;6.971675e-06;-6.584884e-07;3.087604e-06;-6.408916e-08;2.149876e-04;2.113877e-06;4.124226e-02;7.057196e-04;7.123909e-02;-3.295445e-03;3.952688e-03;1.661721e-04;3.166118e-04;1.637693e-05;2.777799e-03;9.597900e-05;1.275468e-02;3.802515e-04;4.636386e-02;-1.079609e-04;4.581438e-02;-8.731810e-04;3.939916e-02;-2.686959e-04;1.294395e-01;1.985154e-03;8.996186e-02;2.153308e-03;6.606696e-02;-1.877740e-04;6.652759e-02;2.755564e-03;1.149961e-01;-1.723408e-03;1.234515e-01;-1.766547e-03;1.930122e-01;-5.816116e-03;8.038007e-02;-4.904302e-03;7.101037e-02;-7.833172e-03;1.067126e-01;-2.825155e-03;1.643365e-01;-8.044833e-03;1.990608e-01;-1.104573e-02;1.246683e-01;-1.399575e-02;9.525741e-02;-7.630926e-03;1.029136e-01;-2.641455e-03;9.747438e-02;-4.048006e-03;9.890398e-02;-6.894890e-03;6.159525e-02;-4.055455e-03;5.739784e-02;-3.418395e-03;3.662115e-02;-2.945526e-03;2.832408e-02;-2.024567e-03;1.391940e-01;1.188275e-03;5.524920e-04;-1.044036e-05;1.048736e+01;7.177734e-01;1.101927e+01;4.737305e-01;1.212339e+01;2.009766e-01;2.195309e+01;2.009766e-01;3.697158e-02;-4.776606e-05;9.977366e+00;4.052317e-01;6.417820e-02;9.002216e-04;1.567634e+03;-1.156110e+02;3.180535e+00;-1.404239e-01;4.391363e+02;-3.401062e+00;2.457134e-02;-7.217012e-04;1.100693e-02;4.535071e-04;7.856616e-02;1.948751e-03;8.704607e-01;1.167205e-01;8.255511e-01;8.012857e-02;1.344071e+00;-5.869434e-02;1.331950e+00;-1.180657e-01;2.027979e+00;-7.192795e-02;1.441557e+00;3.170351e-03;1.603191e+00;-2.968185e-02;1.982301e+00;-7.742602e-02;1.737680e+00;-3.207605e-02;1.483924e+00;2.649698e-02;1.405151e+00;-1.530092e-03;2.030531e+00;-9.297390e-02;1.149818e+00;-8.764657e-02;1.847712e+00;-2.031593e-01
39.500000;7.434550e+01;1.325580e+02;1.408975e-02;8.026532e-01;7.860254e-02;4.997483e-02;1.089457e-01;5.096290e-02;1.011609e-01;1.742383e-01;6.853163e+00;8.908434e+00;1.338121e-01;7.256034e-01;1.786067e-01;1.029826e+00;1.578453e-02;6.389573e-02;1.421390e-03;9.988662e-03;1.143430e-02;1.204157e-01;6.175555e-02;2.901018e-01;1.495249e-01;4.519275e-01;1.812456e-01;5.562951e-01;1.169291e-01;7.077000e-01;3.282880e-01;8.174840e-01;2.540535e-01;8.680592e-01;3.411896e-01;9.721183e-01;2.113767e-01;1.060571e+00;2.489857e-01;1.153555e+00;4.779764e-01;1.240245e+00;6.285127e-01;1.306096e+00;4.286167e-01;1.306693e+00;4.331162e-01;1.403601e+00;3.033981e-01;1.306522e+00;3.800873e-01;1.335829e+00;5.781609e-01;1.480091e+00;4.829061e-01;1.579743e+00;3.366877e-01;1.493710e+00;3.298884e-01;1.425198e+00;2.736557e-01;1.342754e+00;1.996256e-01;1.235821e+00;1.515804e-01;1.083798e+00;8.703359e-02;8.880674e-01;7.276823e-02;7.440623e-01;5.989799e-02;6.050202e-01;8.153995e-01;6.039677e-01;2.293052e-03;2.415691e-03;3.974262e+01;1.771465e+02;4.334876e+01;2.004023e+02;3.524085e+01;2.377266e+02;1.006189e+02;3.481201e+02;8.860113e-02;3.692062e-01;3.699340e+01;2.238992e+02;1.286421e-01;2.463984e+00;5.527993e+03;1.913018e+04;9.260911e+00;2.409541e+01;1.204303e+03;2.410972e+03;1.032221e-01;-2.062858e-01;4.147575e-02;2.416779e-01;3.856163e-01;4.821760e-01;3.189169e+00;4.854531e+01;5.481521e+00;2.237107e+01;7.028465e+00;1.135130e+01;4.540925e+00;-2.329741e+00;1.144852e+01;-2.824191e+00;7.421049e+00;1.261783e+00;6.952929e+00;6.285684e-01;8.538171e+00;-6.202952e+00;4.704223e+00;-4.102938e+00;5.983281e+00;1.133241e+00;7.101263e+00;-5.373191e+00;8.450530e+00;-5.634261e+00;6.453269e+00;-7.391223e+00;9.151345e+00;-1.259384e+01;9.979780e-04;-1.128989e-04;3.641463e-07;-2.113934e-08;1.681097e-06;-2.966776e-07;3.078919e-06;-3.452437e-07;3.058279e-06;-8.632716e-08;2.145844e-04;4.782203e-06;2.631366e-02;-5.935803e-03;4.726384e-02;-7.647668e-03;3.142544e-03;-6.774116e-04;1.887044e-04;-4.623330e-05;3.229349e-03;-3.125835e-04;1.246219e-02;-3.913017e-04;2.221041e-02;-7.435401e-03;2.198954e-02;-8.172743e-03;2.394635e-02;-3.847202e-03;4.723037e-02;-1.646773e-02;4.157513e-02;-1.216489e-02;5.192433e-02;-1.434678e-02;4.918000e-02;-9.669581e-03;7.121036e-02;-9.097547e-03;8.878222e-02;-8.972161e-03;1.315683e-01;-9.697570e-03;8.671986e-02;-1.231943e-02;1.014598e-01;-8.502129e-03;8.051274e-02;-1.195894e-02;1.029592e-01;-1.802892e-02;1.526463e-01;-1.838745e-02;1.328920e-01;-4.215776e-03;1.090275e-01;-6.014006e-03;9.488889e-02;-4.796871e-03;7.433759e-02;-1.324697e-03;5.899002e-02;-5.876692e-03;5.527406e-02;-3.226121e-03;3.214264e-02;-1.740227e-03;2.804743e-02;-1.399436e-03;2.319328e-02;-4.732134e-04;6.788357e-02;-3.173289e-02;5.539347e-04;-1.575163e-05;8.374248e+00;-7.464844e-01;7.288508e+00;-9.761719e-01;5.988141e+00;-8.613281e-01;1.555229e+01;-2.110254e+00;2.885941e-02;-2.514727e-03;6.093762e+00;-8.754053e-01;4.352975e-02;-1.215224e-03;1.581119e+03;-3.087233e+01;2.318570e+00;2.927198e-01;3.189142e+02;3.011917e+01;1.874071e-02;4.609038e-03;6.696824e-03;-9.800757e-04;4.481070e-02;-1.670575e-02;8.155227e-01;-5.589892e-02;1.010707e+00;9.124514e-02;1.331169e+00;1.226193e-02;1.101555e+00;6.918006e-02;1.804185e+00;1.910017e-01;1.678850e+00;6.967497e-02;1.451797e+00;-1.725458e-01;2.048385e+00;2.003089e-02;1.277942e+00;1.273380e-02;1.525724e+00;-6.655890e-02;1.461930e+00;1.326631e-01;1.528667e+00;2.017938e-01;1.496072e+00;-7.329390e-02;1.997834e+00;-1.605059e-01
40.000000;1.043216e+01;9.354998e+01;2.333305e-02;7.829930e-01;6.278742e-02;4.418999e-02;6.296933e-02;3.821440e-02;1.052688e-01;1.554998e-01;2.887269e+00;9.207043e+00;2.301413e-01;7.469457e-01;5.265365e-01;1.173395e+00;1.128616e-02;4.713241e-02;5.983470e-03;1.367725e-02;1.153285e-02;1.184812e-01;1.934444e-02;2.551983e-01;3.374806e-02;3.907976e-01;7.854223e-02;5.388076e-01;4.316266e-02;6.259007e-01;1.897712e-01;7.375717e-01;4.583281e-01;9.533331e-01;5.543918e-01;1.068612e+00;7.521889e-01;1.204890e+00;5.505311e-01;1.262551e+00;6.777681e-01;1.420736e+00;8.353748e-01;1.547840e+00;7.404251e-01;1.494885e+00;7.885010e-01;1.542538e+00;1.291396e+00;1.769263e+00;1.274586e+00;1.782543e+00;9.536449e-01;1.683149e+00;6.697002e-01;1.579010e+00;1.344783e+00;1.943997e+00;9.439897e-01;1.843001e+00;5.776587e-01;1.554670e+00;4.163053e-01;1.354731e+00;4.654723e-01;1.221417e+00;3.590182e-01;1.040550e+00;4.960600e-01;9.190454e-01;2.494143e-01;6.547450e-01;8.401310e-02;1.699951e-01;1.328282e-02;1.069808e-02;1.440920e+01;1.686768e+02;5.555603e+01;2.048525e+02;1.435932e+02;3.003164e+02;2.426093e+02;4.570781e+02;1.140778e-01;3.111084e-01;8.943197e+01;2.643436e+02;4.410531e-01;2.728403e+00;7.695541e+04;6.923337e+04;1.378019e+01;2.298519e+01;1.760706e+03;2.029285e+03;5.382593e-02;-1.115382e-01;8.221967e-02;2.754078e-01;1.003802e-01;2.263065e-01;6.604458e+00;4.230846e+01;1.086624e+01;1.655606e+01;6.328228e+00;8.816421e+00;4.332063e+00;-1.329932e+00;7.591262e+00;2.463146e+00;7.371409e+00;4.249444e+00;7.560897e+00;-1.085310e+00;8.608586e+00;-4.796095e+00;6.339149e+00;-8.507952e+00;6.863820e+00;-1.424893e+00;6.981513e+00;6.550905e-01;1.278791e+01;-1.203070e+01;8.069530e+00;-5.260233e+00;5.184809e+00;-1.212259e+01;1.794071e-04;-2.783129e-05;4.236897e-07;-4.208619e-08;1.357460e-06;1.586347e-07;1.470299e-06;1.116237e-07;3.250312e-06;1.024231e-07;5.228627e-05;-5.025923e-06;4.504038e-02;-5.093454e-05;1.183344e-01;-5.582260e-04;1.768920e-03;-3.455687e-04;6.709028e-04;4.157218e-05;3.723541e-03;-1.674229e-04;4.470220e-03;-5.484376e-04;1.096250e-02;-3.443534e-04;2.384060e-02;-4.106848e-04;1.129236e-02;-1.533302e-03;3.900094e-02;-9.010915e-04;9.102271e-02;1.815938e-05;1.158781e-01;1.080989e-03;1.651657e-01;-3.682061e-03;1.267478e-01;-2.008841e-03;1.398701e-01;8.584761e-04;1.811302e-01;1.670994e-03;1.632777e-01;1.219351e-03;1.814758e-01;-2.748856e-03;2.845261e-01;-9.862878e-04;2.585553e-01;9.531395e-04;1.864551e-01;1.385775e-03;1.760589e-01;-5.692970e-05;3.277991e-01;7.015602e-04;2.113817e-01;1.395363e-03;1.373898e-01;-1.232164e-03;9.962940e-02;-1.993461e-03;1.115029e-01;-2.556631e-03;9.455696e-02;-1.512043e-03;1.235221e-01;-1.796089e-03;6.057522e-02;-1.319019e-03;2.472030e-02;-1.611712e-03;2.744907e-03;3.952985e-05;4.529054e+00;1.148437e-01;1.580677e+01;4.019531e-01;2.271013e+01;7.895508e-01;3.403069e+01;1.837500e+00;3.659289e-02;-1.367051e-03;1.351112e+01;7.265547e-01;6.028055e-02;5.465681e-03;1.383591e+04;4.121783e+02;2.717510e+00;-9.240458e-02;3.702310e+02;-1.872711e+01;1.029443e-02;1.439493e-03;1.246892e-02;7.198715e-04;1.941353e-02;-2.695178e-03;9.042914e-01;-1.163508e-01;1.584252e+00;-2.248079e-01;1.112148e+00;-2.572352e-02;1.121321e+00;-2.072872e-02;1.379571e+00;1.102427e-01;1.600799e+00;4.374873e-02;1.817590e+00;-9.900405e-02;1.979380e+00;7.463733e-02;1.353638e+00;7.423921e-03;1.703899e+00;-4.717826e-02;1.650592e+00;-1.931462e-02;1.643082e+00;-3.621338e-01;1.539832e+00;1.530555e-01;1.313053e+00;1.628808e-01
40.500000;1.611535e+01;8.694583e+01;1.696032e-02;7.649992e-01;9.408739e-02;8.175161e-02;1.224138e-01;1.001754e-01;1.026321e-01;1.621755e-01;2.310129e+00;6.867012e+00;2.477819e-01;7.129573e-01;5.506479e-01;1.122772e+00;1.304999e-02;3.639031e-02;4.531302e-03;1.657596e-02;1.341952e-02;1.218002e-01;4.229183e-02;2.566176e-01;1.179161e-01;4.128433e-01;1.211306e-01;5.523394e-01;8.492044e-02;6.199830e-01;1.948325e-01;7.560025e-01;4.462745e-01;9.597311e-01;5.420858e-01;1.005874e+00;7.782938e-01;1.137973e+00;6.039354e-01;1.113315e+00;6.633605e-01;1.144951e+00;7.230033e-01;1.260576e+00;7.240511e-01;1.334286e+00;7.487642e-01;1.383373e+00;1.342341e+00;1.640749e+00;1.290071e+00;1.730269e+00;9.499985e-01;1.674593e+00;9.864101e-01;1.729630e+00;1.384539e+00;1.874926e+00;9.720870e-01;1.725667e+00;7.054797e-01;1.573599e+00;6.703919e-01;1.424358e+00;6.150673e-01;1.228544e+00;4.382754e-01;9.950418e-01;5.592534e-01;8.814636e-01;3.073747e-01;6.535600e-01;2.409060e-01;1.852325e-01;1.360578e-02;9.928344e-03;2.054187e+01;1.696816e+02;5.452414e+01;2.183467e+02;1.316022e+02;3.277354e+02;2.147607e+02;5.361768e+02;1.395883e-01;2.852186e-01;7.834914e+01;2.884412e+02;3.794968e-01;2.958362e+00;7.192368e+04;9.582264e+04;1.256709e+01;1.773075e+01;1.534306e+03;1.119926e+03;6.897562e-02;-7.271338e-02;7.170232e-02;2.989055e-01;1.445751e-01;1.502921e-01;5.928914e+00;3.630596e+01;9.805345e+00;1.510136e+01;8.287262e+00;1.394270e+01;8.402136e+00;-7.770686e+00;5.973711e+00;-1.228949e+00;7.107991e+00;5.271488e+00;8.982040e+00;3.417465e+00;7.726961e+00;-1.217393e+00;6.077996e+00;-1.145803e+01;8.970288e+00;-7.424511e+00;8.911701e+00;-2.577614e+00;1.235968e+01;-1.428763e+01;6.841034e+00;-1.812186e+00;5.091039e+00;-1.028884e+01;3.468693e-04;1.616256e-05;3.876711e-07;-2.979169e-08;2.180620e-06;-1.117702e-07;3.673890e-06;4.297145e-08;3.847726e-06;2.523849e-07;5.576971e-05;-3.718246e-06;4.884716e-02;2.651006e-03;1.213710e-01;4.993875e-03;4.083676e-03;1.704459e-04;7.240174e-04;6.890904e-05;4.909899e-03;4.819802e-04;1.145494e-02;2.177692e-03;3.488256e-02;5.323650e-03;3.690739e-02;2.319178e-03;2.358835e-02;4.140682e-03;3.976653e-02;2.410308e-03;8.936955e-02;5.271608e-03;1.230559e-01;1.771436e-02;1.647131e-01;1.931396e-03;1.184570e-01;7.359128e-03;1.300540e-01;1.917990e-02;1.433368e-01;1.029157e-02;1.463895e-01;6.494015e-03;1.689249e-01;4.032526e-03;2.829092e-01;3.987686e-03;2.554132e-01;2.124002e-03;1.835815e-01;2.972021e-03;2.441789e-01;1.640628e-02;3.268273e-01;3.685774e-03;2.031354e-01;-1.645657e-03;1.659301e-01;2.216381e-03;1.582027e-01;2.208639e-03;1.433231e-01;1.328481e-03;1.080077e-01;1.301680e-03;1.368537e-01;3.790950e-03;7.687248e-02;2.336529e-03;8.699702e-02;4.226855e-03;2.696700e-03;1.402122e-05;7.277019e+00;8.613281e-02;1.678897e+01;3.301758e-01;2.389431e+01;1.076660e+00;4.210775e+01;2.713184e+00;4.471885e-02;3.382783e-03;1.462165e+01;6.664573e-01;9.530952e-02;3.535605e-03;1.906306e+04;2.883322e+02;3.073283e+00;-2.608596e-01;3.585168e+02;-2.968630e+01;2.380799e-02;-1.063687e-03;1.362036e-02;6.648724e-04;4.846265e-02;1.995426e-03;1.190930e+00;-2.650788e-02;1.463741e+00;-1.070901e-01;1.175420e+00;-4.202473e-02;1.176863e+00;-1.548111e-01;1.329624e+00;-1.534681e-03;1.340321e+00;2.013117e-01;2.193256e+00;5.586394e-02;1.902036e+00;4.165906e-02;1.847856e+00;1.424744e-01;2.207774e+00;-1.025612e-01;1.589735e+00;-2.962480e-01;1.869546e+00;-1.432771e-01;1.493671e+00;-8.201003e-02;1.406658e+00;1.783564e-01
41.000000;2.376299e+01;8.685487e+01;1.247192e-02;7.583893e-01;1.296303e-01;1.382213e-01;1.460166e-01;1.408733e-01;1.358694e-01;2.052252e-01;1.952875e+00;5.797613e+00;1.475694e-01;6.132039e-01;2.621150e-01;9.999402e-01;1.722827e-02;3.338290e-02;1.975148e-03;1.559083e-02;4.005222e-02;1.337344e-01;8.006458e-02;2.687241e-01;1.524956e-01;4.406471e-01;2.261315e-01;5.849072e-01;1.476932e-01;6.910587e-01;1.366191e-01;7.394505e-01;1.378084e-01;8.551764e-01;4.502786e-01;1.064058e+00;3.498856e-01;8.889185e-01;3.579815e-01;1.031224e+00;6.342035e-01;1.231495e+00;3.315213e-01;1.109820e+00;4.989086e-01;1.170868e+00;5.416881e-01;1.294734e+00;4.836597e-01;1.323014e+00;3.190495e-01;1.319925e+00;3.700343e-01;1.371153e+00;8.558860e-01;1.701881e+00;4.755436e-01;1.412008e+00;4.378142e-01;1.319530e+00;5.731072e-01;1.411790e+00;6.540492e-01;1.337541e+00;4.901641e-01;1.100251e+00;3.098018e-01;8.663663e-01;2.907669e-01;7.082232e-01;2.413220e-01;6.219469e-01;3.406208e-01;2.250346e-01;3.081127e-03;2.507387e-03;2.123979e+01;1.718350e+02;2.685662e+01;2.210742e+02;6.007039e+01;3.143848e+02;1.332277e+02;5.325879e+02;1.567073e-01;3.001541e-01;3.172640e+01;2.793363e+02;3.136941e-01;3.011501e+00;3.865234e+04;7.013773e+04;6.473240e+00;1.476673e+01;6.875919e+02;7.039145e+02;8.881192e-02;-6.905384e-02;3.117399e-02;2.945049e-01;2.094513e-01;1.448208e-01;6.149858e+00;3.901596e+01;5.097041e+00;1.557100e+01;7.074659e+00;1.397151e+01;6.949800e+00;-1.212925e+01;5.711915e+00;-4.466409e+00;8.276464e+00;7.704138e+00;8.129229e+00;4.057137e+00;7.551569e+00;-1.754026e+00;1.033589e+01;-4.500739e+00;9.857593e+00;-7.387822e+00;1.276694e+01;-1.565984e+01;9.211084e+00;-1.292840e+01;6.381571e+00;-7.024505e+00;8.658630e+00;-1.452056e+00;5.836512e-04;1.403635e-05;3.192964e-07;-7.125191e-09;3.524172e-06;-1.984494e-07;4.437956e-06;-1.039344e-07;4.471223e-06;7.835507e-08;6.367436e-05;5.359285e-07;3.474591e-02;4.523182e-03;5.890989e-02;9.116865e-03;5.022411e-03;4.720304e-04;5.053867e-04;-1.473922e-05;1.008449e-02;1.555890e-03;2.149238e-02;2.671366e-03;4.396517e-02;3.284046e-03;5.403626e-02;8.976322e-03;3.208223e-02;5.634505e-03;2.605507e-02;6.753002e-03;2.967433e-02;3.618937e-03;8.336025e-02;6.262480e-03;8.042870e-02;1.521572e-02;6.025089e-02;8.789763e-03;1.106698e-01;9.155304e-03;6.150094e-02;6.308893e-03;1.027028e-01;1.947398e-02;1.200389e-01;2.060633e-02;1.241193e-01;7.438911e-03;7.982317e-02;5.236780e-03;7.874858e-02;1.511158e-02;1.995788e-01;9.405495e-03;1.096988e-01;1.163759e-02;7.145201e-02;1.284014e-02;1.260082e-01;1.148689e-02;1.434668e-01;1.253752e-02;1.170928e-01;1.111364e-02;6.720543e-02;8.682924e-03;7.535936e-02;7.066099e-03;6.279698e-02;6.174405e-03;1.100284e-01;8.790109e-03;6.327222e-04;6.635372e-05;7.943648e+00;0;7.476691e+00;3.014649e-01;1.754646e+01;1.579102e-01;3.691857e+01;-1.134082e+00;4.593063e-02;4.423238e-03;9.501704e+00;-4.665804e-02;9.668268e-02;8.277685e-04;1.448660e+04;-9.140085e+01;2.409436e+00;8.220765e-02;2.619952e+02;5.886253e+00;2.909703e-02;-2.560466e-03;9.070940e-03;2.933675e-06;6.592689e-02;5.311124e-03;1.062887e+00;3.038125e-02;9.576520e-01;4.346140e-02;1.044196e+00;1.129611e-02;1.298622e+00;-1.709669e-02;1.193077e+00;-3.963075e-02;1.337056e+00;-4.198227e-02;2.041994e+00;3.302938e-02;2.085637e+00;8.406783e-03;2.165619e+00;-1.399414e-02;2.666545e+00;-1.055317e-01;1.911693e+00;-1.193033e-01;2.171735e+00;3.536904e-01;1.513537e+00;-9.104179e-02;1.385667e+00;1.764613e-02
41.500000;5.260520e+01;1.258430e+02;2.372024e-02;7.690493e-01;1.514684e-01;1.680879e-01;1.423231e-01;1.335850e-01;1.294038e-01;2.549913e-01;2.255887e+00;6.325648e+00;3.814577e-01;9.501311e-01;3.483180e-01;1.162172e+00;3.934542e-02;6.841753e-02;2.858973e-03;1.457798e-02;4.985393e-02;1.462560e-01;1.335261e-01;3.301836e-01;1.522211e-01;4.969327e-01;2.481698e-01;6.623414e-01;2.344180e-01;8.288857e-01;2.654054e-01;8.764753e-01;1.633623e-01;9.106388e-01;4.180415e-01;1.124471e+00;5.184090e-01;1.164040e+00;3.533348e-01;1.258964e+00;4.869599e-01;1.464493e+00;5.844201e-01;1.518134e+00;7.511848e-01;1.611654e+00;7.693554e-01;1.648472e+00;7.122614e-01;1.673450e+00;4.307512e-01;1.549112e+00;5.294475e-01;1.614287e+00;8.258466e-01;1.711347e+00;7.005300e-01;1.627793e+00;5.426230e-01;1.515289e+00;6.568679e-01;1.521755e+00;5.526546e-01;1.380731e+00;3.576213e-01;1.156875e+00;2.979527e-01;9.828715e-01;2.279340e-01;7.956340e-01;1.820418e-01;6.453806e-01;6.513426e-01;7.024542e-01;1.701958e-02;1.441115e-02;1.534357e+01;1.757109e+02;2.108642e+01;2.199258e+02;6.231183e+01;3.110830e+02;1.444645e+02;4.912441e+02;3.647067e-01;6.276404e-01;3.336652e+01;2.759672e+02;3.539181e-01;2.884716e+00;2.610917e+04;5.130925e+04;6.119518e+00;1.487707e+01;7.427842e+02;8.893564e+02;2.747087e-01;-2.979259e-01;3.179468e-02;2.924770e-01;5.447612e-01;6.153671e-01;3.326997e+00;4.393952e+01;6.276364e+00;9.407830e+00;4.555253e+00;1.130606e+01;6.920856e+00;-6.172025e+00;5.434441e+00;-3.871029e+00;1.039901e+01;3.353036e+00;6.994431e+00;-1.808325e+00;5.690363e+00;-5.219513e+00;8.819878e+00;-2.533964e+00;7.348039e+00;-7.186234e+00;1.135492e+01;-1.730455e+01;1.019385e+01;-9.396616e+00;5.480809e+00;-9.103789e+00;8.203562e+00;-7.472554e-01;7.859925e-04;-4.054379e-05;4.456545e-07;-1.238585e-08;3.903411e-06;1.490988e-07;3.688031e-06;-7.080716e-09;4.092493e-06;-1.510340e-07;6.530374e-05;-2.973511e-06;4.365875e-02;3.616307e-03;6.524233e-02;-2.672588e-03;6.474586e-03;3.228782e-04;8.159855e-04;1.227009e-04;1.102846e-02;-3.469540e-04;2.575959e-02;-2.121094e-03;3.613008e-02;-4.778035e-03;5.113894e-02;-2.186972e-03;3.085108e-02;-3.668914e-03;4.146935e-02;-1.322128e-03;3.140862e-02;-2.312267e-03;6.033314e-02;-1.223295e-02;9.307671e-02;-4.371548e-04;7.152110e-02;-3.883297e-03;1.033572e-01;-1.158075e-02;1.234848e-01;-2.763156e-03;1.429891e-01;-2.122363e-03;1.426346e-01;-1.968292e-03;1.638728e-01;2.463982e-03;9.965083e-02;3.403311e-03;1.141402e-01;4.204831e-03;1.684856e-01;-1.703759e-02;1.274527e-01;-2.273993e-03;8.124027e-02;4.104104e-03;1.417362e-01;-2.471188e-03;1.202685e-01;-2.338351e-03;8.635006e-02;7.627481e-05;7.049599e-02;-1.438608e-03;6.639829e-02;-3.752415e-03;5.115120e-02;-2.703294e-03;1.718480e-01;5.322179e-03;3.298410e-03;1.237159e-04;5.519001e+00;2.009766e-01;5.653412e+00;4.306640e-02;1.669464e+01;-4.880859e-01;2.780482e+01;-2.354297e+00;7.580591e-02;4.219374e-03;8.239867e+00;-1.371647e-01;7.434663e-02;-9.934423e-04;6.907504e+03;-1.664408e+02;1.595504e+00;1.953337e-02;2.022280e+02;-6.720216e-01;6.374033e-02;-1.977870e-03;7.812019e-03;-1.065786e-04;1.190013e-01;3.132025e-03;9.566765e-01;4.575005e-02;1.181765e+00;-1.383632e-01;1.057883e+00;-1.105828e-02;1.470922e+00;2.021780e-01;1.140108e+00;-2.419460e-02;1.227966e+00;-2.815781e-01;1.559047e+00;-5.966650e-02;1.816548e+00;-1.118316e-01;1.781098e+00;-1.076136e-01;2.094066e+00;1.128176e-01;1.750302e+00;1.135492e-01;2.085029e+00;-8.943680e-02;1.315549e+00;1.027809e-01;1.294071e+00;-2.088798e-02
42.000000;7.373489e+01;1.418712e+02;2.422616e-02;7.798570e-01;1.446583e-01;1.373817e-01;1.313126e-01;1.347404e-01;1.537606e-01;2.327248e-01;6.431745e+00;6.413226e+00;2.475346e-01;1.147194e+00;3.409078e-01;1.128033e+00;2.780151e-02;8.977735e-02;4.949010e-03;1.492693e-02;4.157707e-02;1.374357e-01;1.259485e-01;3.168500e-01;1.495999e-01;4.949707e-01;1.917400e-01;6.546875e-01;2.702842e-01;7.342519e-01;3.985864e-01;9.101949e-01;1.509075e-01;8.693362e-01;2.021226e-01;9.196268e-01;4.603429e-01;1.138880e+00;3.215008e-01;1.121016e+00;2.737598e-01;1.224241e+00;5.777079e-01;1.460862e+00;7.119464e-01;1.509462e+00;7.098455e-01;1.521043e+00;6.975845e-01;1.548678e+00;4.747790e-01;1.523392e+00;4.984272e-01;1.581268e+00;8.190506e-01;1.687263e+00;6.803120e-01;1.670148e+00;6.495892e-01;1.620807e+00;6.836044e-01;1.536949e+00;6.344359e-01;1.407089e+00;4.714011e-01;1.202701e+00;3.516373e-01;1.019495e+00;3.098567e-01;8.458226e-01;2.615076e-01;6.723815e-01;1.318397e+00;1.424093e+00;1.517648e-02;2.009170e-02;3.054174e+01;1.929375e+02;3.204165e+01;2.283955e+02;2.791170e+01;2.850996e+02;5.517507e+01;3.695098e+02;2.771447e-01;7.848781e-01;4.144426e+01;2.710663e+02;2.934720e-01;2.627238e+00;2.171064e+05;9.581126e+04;8.448179e+00;2.027890e+01;1.165508e+03;1.453788e+03;2.467671e-01;-4.222104e-01;3.480161e-02;2.875834e-01;5.203437e-01;8.363202e-01;5.535783e+00;4.226199e+01;5.584794e+00;8.217385e+00;4.448218e+00;1.180547e+01;5.778353e+00;6.050327e-01;8.446044e+00;-9.250348e-02;6.986893e+00;-4.731930e+00;6.222235e+00;-9.691620e+00;6.967419e+00;-9.493689e+00;4.830467e+00;-6.054845e+00;5.786708e+00;-9.031957e+00;7.509513e+00;-1.697087e+01;1.160180e+01;-1.231123e+01;5.070405e+00;-8.478201e+00;9.370652e+00;-1.219346e+00;1.197914e-03;4.847795e-05;6.387705e-07;1.374353e-08;3.743719e-06;1.172456e-07;3.455500e-06;-1.930408e-08;2.601318e-06;-2.402809e-07;2.059736e-04;1.003705e-06;5.888808e-02;-4.218407e-03;7.892441e-02;-9.602913e-03;7.353220e-03;-3.106016e-04;1.362646e-03;1.045602e-05;8.459287e-03;-1.542769e-03;2.028955e-02;-2.801308e-03;3.155211e-02;-4.469344e-03;3.280856e-02;-9.789254e-03;2.663059e-02;-6.002476e-03;8.349944e-02;-9.662759e-03;3.144262e-02;-6.040823e-03;4.644363e-02;-6.903520e-03;8.054998e-02;-1.422439e-02;6.387115e-02;-9.972271e-03;6.656168e-02;-1.238828e-02;1.208592e-01;-9.793966e-03;1.248717e-01;-2.100050e-02;1.349469e-01;-1.879019e-02;1.393853e-01;-7.878019e-03;1.222582e-01;-7.722811e-03;1.279711e-01;-1.526108e-02;1.928139e-01;-8.293226e-03;1.629958e-01;-1.179302e-02;2.038254e-01;-1.359186e-02;1.967444e-01;-1.029115e-02;1.962766e-01;-1.165792e-02;1.403264e-01;-9.267912e-03;1.238039e-01;-8.390212e-03;1.163116e-01;-6.717928e-03;9.767967e-02;-5.428789e-03;2.957243e-01;-6.410217e-03;4.229788e-03;-9.385910e-05;6.458302e+00;2.871094e-02;8.003235e+00;-2.440430e-01;8.799609e+00;-2.296875e-01;1.995141e+01;-5.598633e-01;9.091311e-02;-2.902131e-03;1.479801e+01;-3.235225e-01;8.521006e-02;-4.259001e-03;8.448887e+04;-1.675442e+02;1.912029e+00;1.306037e-01;2.625625e+02;1.530620e+01;7.211853e-02;1.895483e-03;1.163570e-02;-3.300378e-04;1.445923e-01;-4.347850e-03;1.673618e+00;-3.483986e-02;1.212484e+00;2.881526e-02;1.291209e+00;6.388597e-02;1.984329e+00;1.111101e-01;2.140275e+00;2.748952e-02;1.839819e+00;2.749820e-03;1.600730e+00;-6.354395e-02;1.565833e+00;-4.173547e-02;1.795128e+00;-2.475282e-02;1.830401e+00;-9.390666e-02;1.731796e+00;-8.410430e-02;1.984944e+00;-7.527512e-02;1.274544e+00;2.206340e-03;2.083388e+00;9.381502e-02
42.500000;6.871935e+01;1.332931e+02;2.663551e-02;7.780015e-01;1.220504e-01;1.079847e-01;1.780196e-01;1.424609e-01;1.566088e-01;2.210538e-01;6.453043e+00;6.026869e+00;2.278207e-01;8.777245e-01;2.488228e-01;9.816806e-01;2.684350e-02;6.057151e-02;4.496225e-03;1.646511e-02;2.538620e-02;1.268265e-01;3.979841e-02;2.501775e-01;1.224497e-01;3.966102e-01;1.701284e-01;5.758402e-01;1.859580e-01;6.315142e-01;3.571569e-01;7.328216e-01;1.525351e-01;8.029971e-01;1.187593e-01;8.341647e-01;4.242457e-01;1.053469e+00;4.645703e-01;1.097793e+00;2.840092e-01;1.084120e+00;2.630416e-01;1.110103e+00;3.510052e-01;1.181986e+00;3.534920e-01;1.168301e+00;3.218322e-01;1.242817e+00;4.527081e-01;1.387989e+00;3.344860e-01;1.299157e+00;4.020863e-01;1.355470e+00;5.856496e-01;1.536901e+00;8.816816e-01;1.661693e+00;4.513909e-01;1.263327e+00;5.755710e-01;1.274779e+00;4.858453e-01;1.086852e+00;3.320376e-01;9.189370e-01;3.769797e-01;8.255364e-01;2.783700e-01;6.235133e-01;1.416421e+00;1.021857e+00;1.436335e-02;1.371459e-02;3.378236e+01;1.953779e+02;3.847051e+01;2.480625e+02;3.364329e+01;3.051973e+02;8.954591e+01;3.944883e+02;2.283780e-01;5.067855e-01;4.310735e+01;2.829951e+02;3.106928e-01;2.716026e+00;2.155055e+05;1.035745e+05;9.227962e+00;2.114063e+01;1.224999e+03;1.428569e+03;2.086571e-01;-2.108466e-01;3.737834e-02;3.002373e-01;4.397498e-01;4.169602e-01;4.910001e+00;4.021928e+01;3.818663e+00;1.216439e+01;4.077769e+00;7.842593e+00;5.807672e+00;1.463936e+00;9.058401e+00;3.185413e+00;8.343881e+00;7.885903e-01;1.114473e+01;-1.034461e+01;6.253261e+00;-1.118971e+01;9.856817e+00;-8.164257e+00;5.943028e+00;-1.019607e+01;1.443278e+01;-1.274042e+01;7.300426e+00;-1.653246e+01;7.783756e+00;-4.506358e+00;6.483865e+00;3.610258e+00;1.142569e-03;1.352479e-04;6.659683e-07;5.539033e-08;3.369842e-06;-1.948252e-07;5.242354e-06;-2.471827e-07;3.390730e-06;-5.986825e-07;2.073978e-04;3.606223e-06;5.834250e-02;-4.371227e-03;8.253542e-02;-1.109954e-03;5.468304e-03;-5.079282e-04;1.301399e-03;-1.166541e-04;7.973887e-03;-1.454407e-04;1.444804e-02;-2.131073e-04;2.693069e-02;-6.099070e-04;3.429641e-02;7.516567e-04;3.621593e-02;9.857498e-04;8.277253e-02;-7.386705e-04;4.103489e-02;-8.733287e-04;3.968438e-02;-1.806948e-03;1.233239e-01;2.913601e-03;1.260750e-01;3.303550e-03;6.319594e-02;-1.923899e-03;7.062501e-02;-3.421780e-03;9.753046e-02;-1.829339e-03;1.143107e-01;6.791448e-04;9.413090e-02;-4.519659e-03;1.353845e-01;-3.303502e-03;1.054972e-01;-6.673835e-03;1.385027e-01;-1.181059e-03;1.878086e-01;3.824436e-04;2.632965e-01;3.741029e-04;1.621026e-01;-1.281533e-03;1.924544e-01;-2.248215e-03;1.455864e-01;-2.346521e-03;1.212528e-01;-2.153751e-03;1.319336e-01;-1.911561e-03;9.897825e-02;-1.067006e-03;2.616775e-01;-7.410464e-03;4.918323e-03;2.111576e-06;9.029339e+00;1.291992e-01;1.248905e+01;1.076660e+00;1.270681e+01;7.034180e-01;3.013927e+01;7.608398e-01;6.769313e-02;-6.860801e-03;1.637175e+01;7.222448e-01;9.112378e-02;1.732862e-03;8.462552e+04;1.698576e+02;2.203581e+00;-8.580405e-02;2.841228e+02;-8.279326e+00;4.129212e-02;3.215935e-03;1.360275e-02;7.638794e-04;9.851094e-02;-4.357577e-03;1.623007e+00;-3.541671e-03;9.990861e-01;2.016247e-02;1.324475e+00;-1.003106e-01;1.890893e+00;-8.632706e-02;2.381667e+00;1.354519e-01;1.949969e+00;1.433088e-01;2.027802e+00;-1.463401e-01;1.845196e+00;-1.297325e-02;2.003822e+00;-2.201530e-01;1.890526e+00;-7.311462e-02;2.168846e+00;3.225207e-01;1.930963e+00;7.369275e-02;1.519000e+00;1.211846e-01;1.996184e+00;8.837943e-02
43.000000;3.784402e+01;1.376051e+02;2.422244e-02;7.848365e-01;1.294859e-01;1.076928e-01;2.018388e-01;1.498492e-01;1.081836e-01;2.288770e-01;2.600554e+00;7.219944e+00;1.531720e-01;6.883758e-01;2.498041e-01;9.898139e-01;1.373699e-02;4.064175e-02;3.714480e-03;1.590703e-02;1.570142e-02;1.258821e-01;4.679915e-02;2.664572e-01;1.319139e-01;3.980517e-01;1.460509e-01;5.195475e-01;2.243018e-01;6.873863e-01;2.073148e-01;7.423809e-01;2.850361e-01;8.696253e-01;4.368857e-01;9.503402e-01;3.920274e-01;1.040935e+00;4.807117e-01;1.068845e+00;3.587745e-01;1.035221e+00;3.575099e-01;1.090281e+00;4.978734e-01;1.245766e+00;3.538387e-01;1.193035e+00;2.965277e-01;1.241054e+00;4.594169e-01;1.400465e+00;6.577128e-01;1.465298e+00;4.317323e-01;1.398592e+00;5.561807e-01;1.479056e+00;7.764220e-01;1.553002e+00;3.894006e-01;1.381701e+00;3.989339e-01;1.242360e+00;3.927939e-01;1.093349e+00;3.225370e-01;9.090388e-01;3.379624e-01;7.485686e-01;2.167606e-01;5.889229e-01;3.044210e-01;3.017402e-01;1.360482e-02;8.850733e-03;2.328022e+01;1.792998e+02;4.621391e+01;2.357168e+02;6.760969e+01;3.205576e+02;1.128580e+02;4.552119e+02;1.604172e-01;3.408373e-01;4.210746e+01;2.814957e+02;2.503105e-01;2.809321e+00;1.723068e+05;8.714253e+04;9.467283e+00;1.828768e+01;9.439019e+02;1.047881e+03;7.489153e-02;-9.023605e-02;4.026131e-02;2.982552e-01;1.470910e-01;1.984921e-01;4.598783e+00;4.097811e+01;4.595781e+00;1.391532e+01;3.839239e+00;6.764388e+00;5.746490e+00;-2.614472e+00;6.742594e+00;3.356075e+00;4.381561e+00;5.189262e+00;1.333074e+01;-3.943038e+00;6.290305e+00;-8.290222e+00;1.091061e+01;-9.669966e+00;5.236096e+00;-9.377404e+00;1.515044e+01;-7.080756e+00;4.956449e+00;-1.211852e+01;1.077827e+01;-1.799388e+00;5.498165e+00;-1.848924e-01;7.775579e-04;6.914653e-07;6.148671e-07;1.767669e-08;3.357344e-06;-2.172387e-07;5.403086e-06;-7.881494e-08;3.395236e-06;-2.590471e-07;6.825866e-05;1.133457e-06;4.556076e-02;1.585821e-03;7.777293e-02;4.961596e-03;4.391537e-03;1.432700e-05;1.255787e-03;3.111616e-05;6.768778e-03;2.578783e-04;1.794928e-02;7.463558e-04;3.134988e-02;3.630050e-03;3.018962e-02;2.351912e-03;4.708055e-02;4.764036e-03;5.297610e-02;6.759483e-03;6.559883e-02;9.721386e-03;8.453616e-02;1.352332e-02;1.070245e-01;1.543928e-03;1.245012e-01;2.085239e-03;9.327865e-02;5.660368e-03;9.606133e-02;9.337673e-03;1.188703e-01;1.325887e-02;1.064394e-01;5.203444e-03;8.604322e-02;1.159982e-03;1.321563e-01;1.234790e-02;1.730501e-01;1.577442e-02;1.447801e-01;5.001200e-03;1.622735e-01;1.678387e-03;1.956753e-01;6.337950e-03;1.063517e-01;2.641670e-03;1.239494e-01;2.284752e-03;1.211532e-01;5.413644e-04;1.038580e-01;1.464238e-03;1.056350e-01;6.229927e-04;6.561845e-02;3.027107e-04;1.061467e-01;3.866129e-04;4.172026e-03;1.621506e-05;8.624507e+00;2.727539e-01;1.585101e+01;2.440430e-01;2.877402e+01;-2.871094e-02;3.603657e+01;2.741894e+00;4.764508e-02;9.527570e-04;1.669367e+01;5.978830e-01;1.026830e-01;2.013860e-03;6.484359e+04;1.431241e+02;2.419655e+00;-2.362424e-01;2.639753e+02;-2.206315e+01;2.734592e-02;-5.950988e-05;1.571600e-02;5.906831e-04;5.264262e-02;4.734366e-04;1.314731e+00;5.541013e-02;1.301065e+00;-7.551984e-02;1.178896e+00;-3.691791e-02;1.248489e+00;-1.601945e-01;2.016144e+00;-1.138633e-01;1.413718e+00;-3.257963e-02;2.622144e+00;2.504505e-02;2.076846e+00;6.750339e-02;2.092172e+00;1.996881e-01;1.239364e+00;9.594431e-02;2.444778e+00;-2.494363e-01;1.351953e+00;-1.225775e-01;2.025360e+00;2.096254e-01;1.522799e+00;-1.408585e-01
43.500000;4.064388e+01;1.127377e+02;2.077546e-02;7.801546e-01;1.354074e-01;1.127359e-01;1.769556e-01;1.675948e-01;1.187471e-01;1.709513e-01;2.514356e+00;7.413464e+00;1.236093e-01;6.774505e-01;2.073794e-01;1.014622e+00;1.196592e-02;3.716458e-02;3.506602e-03;1.573444e-02;2.234191e-02;1.291481e-01;5.220053e-02;2.746682e-01;1.172062e-01;4.289988e-01;9.866637e-02;5.299910e-01;1.798918e-01;6.905169e-01;1.709652e-01;8.150663e-01;2.700957e-01;9.431451e-01;4.532618e-01;1.103942e+00;2.413580e-01;9.591336e-01;3.498449e-01;1.043499e+00;3.691610e-01;1.169126e+00;3.144817e-01;1.207297e+00;4.956750e-01;1.247934e+00;3.704673e-01;1.320554e+00;3.412477e-01;1.299815e+00;3.769096e-01;1.357217e+00;6.421638e-01;1.594403e+00;3.712211e-01;1.540958e+00;3.582850e-01;1.358893e+00;4.450227e-01;1.359196e+00;4.675988e-01;1.473589e+00;4.009217e-01;1.259549e+00;3.371836e-01;1.101851e+00;3.001617e-01;8.893855e-01;2.294513e-01;6.905152e-01;1.880202e-01;5.917907e-01;2.181753e-01;2.168917e-01;3.942817e-03;4.570433e-03;2.521173e+01;1.817402e+02;3.941877e+01;2.325586e+02;6.971069e+01;3.397939e+02;1.159168e+02;5.495273e+02;1.523138e-01;3.145942e-01;4.059092e+01;2.973898e+02;2.876798e-01;2.987133e+00;1.718436e+05;8.592362e+04;8.050605e+00;1.371720e+01;6.400809e+02;7.245007e+02;6.415723e-02;-7.357117e-02;3.944125e-02;3.141564e-01;1.259492e-01;1.542432e-01;5.092648e+00;4.386526e+01;4.584107e+00;1.165175e+01;4.411557e+00;5.867584e+00;4.425385e+00;-7.322577e+00;9.221749e+00;-9.074720e-01;4.319667e+00;4.495286e+00;8.790069e+00;-8.976564e-01;5.549213e+00;-6.464975e+00;1.036384e+01;-2.044858e+00;4.593267e+00;-6.517974e+00;1.655543e+01;-2.145777e+01;4.476176e+00;-1.202575e+01;1.073392e+01;5.630118e-01;5.159025e+00;-1.742638e+00;7.937721e-04;-7.075635e-05;5.553129e-07;-3.589373e-08;4.000510e-06;1.251485e-08;4.524682e-06;2.368646e-07;2.659933e-06;-7.881445e-08;5.566419e-05;-9.866059e-07;3.511375e-02;-4.844776e-04;6.507006e-02;-6.086443e-04;3.926431e-03;-4.816235e-06;1.153349e-03;7.054680e-06;7.272307e-03;2.665620e-04;1.895483e-02;4.212240e-04;2.971462e-02;4.491936e-04;2.561157e-02;-3.614479e-04;3.805570e-02;-1.698005e-03;4.576277e-02;1.148795e-04;6.092471e-02;-5.185140e-04;8.998398e-02;-1.733860e-04;5.326997e-02;-1.581682e-03;7.666650e-02;-2.428140e-03;9.406653e-02;-6.972375e-04;8.888327e-02;-8.141808e-04;1.087000e-01;-8.268830e-04;1.121153e-01;1.845538e-04;9.136154e-02;7.752648e-04;1.044145e-01;-2.269709e-03;1.724375e-01;-6.097671e-04;1.312213e-01;1.691089e-03;1.096401e-01;-2.641074e-03;1.157312e-01;-5.043394e-03;1.279339e-01;-1.665364e-03;1.124491e-01;-5.840482e-04;1.066179e-01;-8.541219e-04;9.409993e-02;9.447655e-04;7.512838e-02;1.566579e-03;5.683911e-02;5.280756e-04;7.848357e-02;-1.878319e-03;1.023855e-03;-1.083915e-04;7.971241e+00;-5.311524e-01;1.460015e+01;-1.277637e+00;2.999846e+01;-5.742188e-01;3.266170e+01;8.756836e-01;4.547133e-02;-1.078956e-04;1.638783e+01;-6.390591e-01;9.631549e-02;1.743628e-03;6.460579e+04;-8.703667e+01;1.861116e+00;-1.190299e-02;1.762362e+02;-1.014486e-01;2.350196e-02;7.197101e-07;1.547870e-02;-7.000169e-04;4.795973e-02;-1.150696e-03;1.185921e+00;4.580645e-02;1.217920e+00;2.909465e-02;9.103037e-01;-9.794514e-03;1.115221e+00;2.610951e-02;1.890212e+00;-6.248017e-02;1.202075e+00;7.045276e-02;2.281769e+00;2.055356e-01;1.732094e+00;4.409815e-02;1.947433e+00;2.546877e-01;1.191310e+00;-8.475789e-03;2.174546e+00;-3.295342e-01;1.113378e+00;3.521739e-02;1.872000e+00;-1.217765e-01;1.433786e+00;-9.461951e-02
