frameTime;F0final_sma_stddev;F0final_sma_amean;voicingFinalUnclipped_sma_stddev;voicingFinalUnclipped_sma_amean;jitterLocal_sma_stddev;jitterLocal_sma_amean;jitterDDP_sma_stddev;jitterDDP_sma_amean;shimmerLocal_sma_stddev;shimmerLocal_sma_amean;logHNR_sma_stddev;logHNR_sma_amean;audspec_lengthL1norm_sma_stddev;audspec_lengthL1norm_sma_amean;audspecRasta_lengthL1norm_sma_stddev;audspecRasta_lengthL1norm_sma_amean;pcm_RMSenergy_sma_stddev;pcm_RMSenergy_sma_amean;pcm_zcr_sma_stddev;pcm_zcr_sma_amean;audSpec_Rfilt_sma[0]_stddev;audSpec_Rfilt_sma[0]_amean;audSpec_Rfilt_sma[1]_stddev;audSpec_Rfilt_sma[1]_amean;audSpec_Rfilt_sma[2]_stddev;audSpec_Rfilt_sma[2]_amean;audSpec_Rfilt_sma[3]_stddev;audSpec_Rfilt_sma[3]_amean;audSpec_Rfilt_sma[4]_stddev;audSpec_Rfilt_sma[4]_amean;audSpec_Rfilt_sma[5]_stddev;audSpec_Rfilt_sma[5]_amean;audSpec_Rfilt_sma[6]_stddev;audSpec_Rfilt_sma[6]_amean;audSpec_Rfilt_sma[7]_stddev;audSpec_Rfilt_sma[7]_amean;audSpec_Rfilt_sma[8]_stddev;audSpec_Rfilt_sma[8]_amean;audSpec_Rfilt_sma[9]_stddev;audSpec_Rfilt_sma[9]_amean;audSpec_Rfilt_sma[10]_stddev;audSpec_Rfilt_sma[10]_amean;audSpec_Rfilt_sma[11]_stddev;audSpec_Rfilt_sma[11]_amean;audSpec_Rfilt_sma[12]_stddev;audSpec_Rfilt_sma[12]_amean;audSpec_Rfilt_sma[13]_stddev;audSpec_Rfilt_sma[13]_amean;audSpec_Rfilt_sma[14]_stddev;audSpec_Rfilt_sma[14]_amean;audSpec_Rfilt_sma[15]_stddev;audSpec_Rfilt_sma[15]_amean;audSpec_Rfilt_sma[16]_stddev;audSpec_Rfilt_sma[16]_amean;audSpec_Rfilt_sma[17]_stddev;audSpec_Rfilt_sma[17]_amean;audSpec_Rfilt_sma[18]_stddev;audSpec_Rfilt_sma[18]_amean;audSpec_Rfilt_sma[19]_stddev;audSpec_Rfilt_sma[19]_amean;audSpec_Rfilt_sma[20]_stddev;audSpec_Rfilt_sma[20]_amean;audSpec_Rfilt_sma[21]_stddev;audSpec_Rfilt_sma[21]_amean;audSpec_Rfilt_sma[22]_stddev;audSpec_Rfilt_sma[22]_amean;audSpec_Rfilt_sma[23]_stddev;audSpec_Rfilt_sma[23]_amean;audSpec_Rfilt_sma[24]_stddev;audSpec_Rfilt_sma[24]_amean;audSpec_Rfilt_sma[25]_stddev;audSpec_Rfilt_sma[25]_amean;pcm_fftMag_fband250-650_sma_stddev;pcm_fftMag_fband250-650_sma_amean;pcm_fftMag_fband1000-4000_sma_stddev;pcm_fftMag_fband1000-4000_sma_amean;pcm_fftMag_spectralRollOff25.0_sma_stddev;pcm_fftMag_spectralRollOff25.0_sma_amean;pcm_fftMag_spectralRollOff50.0_sma_stddev;pcm_fftMag_spectralRollOff50.0_sma_amean;pcm_fftMag_spectralRollOff75.0_sma_stddev;pcm_fftMag_spectralRollOff75.0_sma_amean;pcm_fftMag_spectralRollOff90.0_sma_stddev;pcm_fftMag_spectralRollOff90.0_sma_amean;pcm_fftMag_spectralFlux_sma_stddev;pcm_fftMag_spectralFlux_sma_amean;pcm_fftMag_spectralCentroid_sma_stddev;pcm_fftMag_spectralCentroid_sma_amean;pcm_fftMag_spectralEntropy_sma_stddev;pcm_fftMag_spectralEntropy_sma_amean;pcm_fftMag_spectralVariance_sma_stddev;pcm_fftMag_spectralVariance_sma_amean;pcm_fftMag_spectralSkewness_sma_stddev;pcm_fftMag_spectralSkewness_sma_amean;pcm_fftMag_spectralKurtosis_sma_stddev;pcm_fftMag_spectralKurtosis_sma_amean;pcm_fftMag_spectralSlope_sma_stddev;pcm_fftMag_spectralSlope_sma_amean;pcm_fftMag_psySharpness_sma_stddev;pcm_fftMag_psySharpness_sma_amean;pcm_fftMag_spectralHarmonicity_sma_stddev;pcm_fftMag_spectralHarmonicity_sma_amean;pcm_fftMag_mfcc_sma[1]_stddev;pcm_fftMag_mfcc_sma[1]_amean;pcm_fftMag_mfcc_sma[2]_stddev;pcm_fftMag_mfcc_sma[2]_amean;pcm_fftMag_mfcc_sma[3]_stddev;pcm_fftMag_mfcc_sma[3]_amean;pcm_fftMag_mfcc_sma[4]_stddev;pcm_fftMag_mfcc_sma[4]_amean;pcm_fftMag_mfcc_sma[5]_stddev;pcm_fftMag_mfcc_sma[5]_amean;pcm_fftMag_mfcc_sma[6]_stddev;pcm_fftMag_mfcc_sma[6]_amean;pcm_fftMag_mfcc_sma[7]_stddev;pcm_fftMag_mfcc_sma[7]_amean;pcm_fftMag_mfcc_sma[8]_stddev;pcm_fftMag_mfcc_sma[8]_amean;pcm_fftMag_mfcc_sma[9]_stddev;pcm_fftMag_mfcc_sma[9]_amean;pcm_fftMag_mfcc_sma[10]_stddev;pcm_fftMag_mfcc_sma[10]_amean;pcm_fftMag_mfcc_sma[11]_stddev;pcm_fftMag_mfcc_sma[11]_amean;pcm_fftMag_mfcc_sma[12]_stddev;pcm_fftMag_mfcc_sma[12]_amean;pcm_fftMag_mfcc_sma[13]_stddev;pcm_fftMag_mfcc_sma[13]_amean;pcm_fftMag_mfcc_sma[14]_stddev;pcm_fftMag_mfcc_sma[14]_amean;F0final_sma_de_stddev;F0final_sma_de_amean;voicingFinalUnclipped_sma_de_stddev;voicingFinalUnclipped_sma_de_amean;jitterLocal_sma_de_stddev;jitterLocal_sma_de_amean;jitterDDP_sma_de_stddev;jitterDDP_sma_de_amean;shimmerLocal_sma_de_stddev;shimmerLocal_sma_de_amean;logHNR_sma_de_stddev;logHNR_sma_de_amean;audspec_lengthL1norm_sma_de_stddev;audspec_lengthL1norm_sma_de_amean;audspecRasta_lengthL1norm_sma_de_stddev;audspecRasta_lengthL1norm_sma_de_amean;pcm_RMSenergy_sma_de_stddev;pcm_RMSenergy_sma_de_amean;pcm_zcr_sma_de_stddev;pcm_zcr_sma_de_amean;audSpec_Rfilt_sma_de[0]_stddev;audSpec_Rfilt_sma_de[0]_amean;audSpec_Rfilt_sma_de[1]_stddev;audSpec_Rfilt_sma_de[1]_amean;audSpec_Rfilt_sma_de[2]_stddev;audSpec_Rfilt_sma_de[2]_amean;audSpec_Rfilt_sma_de[3]_stddev;audSpec_Rfilt_sma_de[3]_amean;audSpec_Rfilt_sma_de[4]_stddev;audSpec_Rfilt_sma_de[4]_amean;audSpec_Rfilt_sma_de[5]_stddev;audSpec_Rfilt_sma_de[5]_amean;audSpec_Rfilt_sma_de[6]_stddev;audSpec_Rfilt_sma_de[6]_amean;audSpec_Rfilt_sma_de[7]_stddev;audSpec_Rfilt_sma_de[7]_amean;audSpec_Rfilt_sma_de[8]_stddev;audSpec_Rfilt_sma_de[8]_amean;audSpec_Rfilt_sma_de[9]_stddev;audSpec_Rfilt_sma_de[9]_amean;audSpec_Rfilt_sma_de[10]_stddev;audSpec_Rfilt_sma_de[10]_amean;audSpec_Rfilt_sma_de[11]_stddev;audSpec_Rfilt_sma_de[11]_amean;audSpec_Rfilt_sma_de[12]_stddev;audSpec_Rfilt_sma_de[12]_amean;audSpec_Rfilt_sma_de[13]_stddev;audSpec_Rfilt_sma_de[13]_amean;audSpec_Rfilt_sma_de[14]_stddev;audSpec_Rfilt_sma_de[14]_amean;audSpec_Rfilt_sma_de[15]_stddev;audSpec_Rfilt_sma_de[15]_amean;audSpec_Rfilt_sma_de[16]_stddev;audSpec_Rfilt_sma_de[16]_amean;audSpec_Rfilt_sma_de[17]_stddev;audSpec_Rfilt_sma_de[17]_amean;audSpec_Rfilt_sma_de[18]_stddev;audSpec_Rfilt_sma_de[18]_amean;audSpec_Rfilt_sma_de[19]_stddev;audSpec_Rfilt_sma_de[19]_amean;audSpec_Rfilt_sma_de[20]_stddev;audSpec_Rfilt_sma_de[20]_amean;audSpec_Rfilt_sma_de[21]_stddev;audSpec_Rfilt_sma_de[21]_amean;audSpec_Rfilt_sma_de[22]_stddev;audSpec_Rfilt_sma_de[22]_amean;audSpec_Rfilt_sma_de[23]_stddev;audSpec_Rfilt_sma_de[23]_amean;audSpec_Rfilt_sma_de[24]_stddev;audSpec_Rfilt_sma_de[24]_amean;audSpec_Rfilt_sma_de[25]_stddev;audSpec_Rfilt_sma_de[25]_amean;pcm_fftMag_fband250-650_sma_de_stddev;pcm_fftMag_fband250-650_sma_de_amean;pcm_fftMag_fband1000-4000_sma_de_stddev;pcm_fftMag_fband1000-4000_sma_de_amean;pcm_fftMag_spectralRollOff25.0_sma_de_stddev;pcm_fftMag_spectralRollOff25.0_sma_de_amean;pcm_fftMag_spectralRollOff50.0_sma_de_stddev;pcm_fftMag_spectralRollOff50.0_sma_de_amean;pcm_fftMag_spectralRollOff75.0_sma_de_stddev;pcm_fftMag_spectralRollOff75.0_sma_de_amean;pcm_fftMag_spectralRollOff90.0_sma_de_stddev;pcm_fftMag_spectralRollOff90.0_sma_de_amean;pcm_fftMag_spectralFlux_sma_de_stddev;pcm_fftMag_spectralFlux_sma_de_amean;pcm_fftMag_spectralCentroid_sma_de_stddev;pcm_fftMag_spectralCentroid_sma_de_amean;pcm_fftMag_spectralEntropy_sma_de_stddev;pcm_fftMag_spectralEntropy_sma_de_amean;pcm_fftMag_spectralVariance_sma_de_stddev;pcm_fftMag_spectralVariance_sma_de_amean;pcm_fftMag_spectralSkewness_sma_de_stddev;pcm_fftMag_spectralSkewness_sma_de_amean;pcm_fftMag_spectralKurtosis_sma_de_stddev;pcm_fftMag_spectralKurtosis_sma_de_amean;pcm_fftMag_spectralSlope_sma_de_stddev;pcm_fftMag_spectralSlope_sma_de_amean;pcm_fftMag_psySharpness_sma_de_stddev;pcm_fftMag_psySharpness_sma_de_amean;pcm_fftMag_spectralHarmonicity_sma_de_stddev;pcm_fftMag_spectralHarmonicity_sma_de_amean;pcm_fftMag_mfcc_sma_de[1]_stddev;pcm_fftMag_mfcc_sma_de[1]_amean;pcm_fftMag_mfcc_sma_de[2]_stddev;pcm_fftMag_mfcc_sma_de[2]_amean;pcm_fftMag_mfcc_sma_de[3]_stddev;pcm_fftMag_mfcc_sma_de[3]_amean;pcm_fftMag_mfcc_sma_de[4]_stddev;pcm_fftMag_mfcc_sma_de[4]_amean;pcm_fftMag_mfcc_sma_de[5]_stddev;pcm_fftMag_mfcc_sma_de[5]_amean;pcm_fftMag_mfcc_sma_de[6]_stddev;pcm_fftMag_mfcc_sma_de[6]_amean;pcm_fftMag_mfcc_sma_de[7]_stddev;pcm_fftMag_mfcc_sma_de[7]_amean;pcm_fftMag_mfcc_sma_de[8]_stddev;pcm_fftMag_mfcc_sma_de[8]_amean;pcm_fftMag_mfcc_sma_de[9]_stddev;pcm_fftMag_mfcc_sma_de[9]_amean;pcm_fftMag_mfcc_sma_de[10]_stddev;pcm_fftMag_mfcc_sma_de[10]_amean;pcm_fftMag_mfcc_sma_de[11]_stddev;pcm_fftMag_mfcc_sma_de[11]_amean;pcm_fftMag_mfcc_sma_de[12]_stddev;pcm_fftMag_mfcc_sma_de[12]_amean;pcm_fftMag_mfcc_sma_de[13]_stddev;pcm_fftMag_mfcc_sma_de[13]_amean;pcm_fftMag_mfcc_sma_de[14]_stddev;pcm_fftMag_mfcc_sma_de[14]_amean
0.000000;4.750595e+01;1.063692e+02;1.632203e-02;7.974529e-01;5.155604e-02;3.597209e-02;9.558079e-02;4.847449e-02;1.056434e-01;1.950997e-01;1.951621e+00;8.049880e+00;1.923791e-01;8.222746e-01;6.070606e-01;1.214495e+00;7.133989e-03;5.714726e-02;2.307274e-03;1.431847e-02;4.042667e-02;1.544840e-01;4.676257e-02;2.961109e-01;1.475083e-02;4.159210e-01;2.145368e-02;5.490233e-01;1.164195e-01;7.082285e-01;2.718832e-01;8.725581e-01;3.537160e-01;9.589218e-01;4.937511e-01;1.092544e+00;4.796564e-01;1.108728e+00;5.446624e-01;1.252801e+00;7.963985e-01;1.462490e+00;8.078141e-01;1.413365e+00;1.024122e+00;1.549715e+00;1.023145e+00;1.636140e+00;1.214442e+00;1.779662e+00;1.265212e+00;1.853244e+00;1.386395e+00;1.843750e+00;1.451912e+00;1.903752e+00;1.205683e+00;1.873588e+00;1.127896e+00;1.808362e+00;8.382782e-01;1.627746e+00;7.506226e-01;1.468253e+00;6.325979e-01;1.269189e+00;5.775921e-01;1.094572e+00;4.598809e-01;8.843542e-01;3.386029e-01;6.993691e-01;1.710588e-01;7.054917e-01;6.971847e-03;8.635356e-03;2.259379e+01;2.114561e+02;3.018611e+01;2.543789e+02;6.125531e+01;3.275918e+02;9.085674e+01;4.339658e+02;9.696306e-02;4.399534e-01;3.898197e+01;2.914335e+02;3.222860e-01;2.588829e+00;3.243467e+04;3.356613e+04;1.572066e+01;1.814256e+01;3.305259e+03;2.159981e+03;4.128105e-02;-1.578948e-01;3.813511e-02;3.131766e-01;7.104866e-02;2.869681e-01;6.754589e+00;4.942488e+01;9.556704e+00;1.099701e+01;3.673760e+00;3.827329e+00;3.167797e+00;-7.112339e+00;5.351264e+00;-9.586463e+00;4.776579e+00;1.177281e+00;6.358130e+00;-2.928566e+00;5.569507e+00;-2.005644e+01;6.835989e+00;-1.845606e+01;7.625266e+00;-5.767394e+00;8.004174e+00;-3.504068e+00;4.999901e+00;-2.001806e+01;6.482102e+00;-2.146743e+01;3.290491e+00;-1.194393e+01;3.570527e-01;-7.935754e-02;2.519664e-04;-8.341261e-06;7.899404e-04;-6.212067e-05;1.152000e-03;6.157070e-05;1.412173e-03;-2.332731e-04;9.664497e-02;1.780294e-02;3.738933e-02;3.915910e-03;1.472683e-01;7.700113e-03;2.282326e-03;1.523665e-04;3.940898e-04;1.599900e-05;8.812737e-03;3.906869e-05;1.739220e-02;-2.289635e-05;6.198489e-03;2.627415e-04;4.598116e-03;3.974109e-04;1.960280e-02;-1.294655e-04;4.687591e-02;-6.292558e-04;6.398792e-02;-4.887725e-04;9.105649e-02;3.614736e-04;9.329527e-02;7.879397e-04;7.995804e-02;2.959001e-04;1.349955e-01;2.656088e-04;2.092715e-01;8.590219e-03;2.276815e-01;1.190035e-02;2.262982e-01;9.818812e-03;2.662958e-01;1.005723e-02;2.924258e-01;9.423539e-03;3.837183e-01;1.359630e-02;3.935480e-01;1.558138e-02;3.344346e-01;1.721931e-02;3.074077e-01;1.665656e-02;2.292521e-01;1.572681e-02;2.144825e-01;1.399368e-02;1.767207e-01;1.658988e-02;1.562831e-01;1.804364e-02;1.274838e-01;1.102079e-02;9.433383e-02;1.084473e-02;3.003870e-02;2.974335e-03;1.221827e-03;3.908862e-05;8.859778e+00;-1.435547e-01;7.866417e+00;-2.153320e-01;1.817130e+01;2.153320e-01;2.394370e+01;-2.727539e-01;2.150528e-02;2.845116e-03;1.088520e+01;4.776911e-02;7.377951e-02;1.115794e-03;1.162233e+04;2.749204e+02;3.211212e+00;-1.446386e-01;7.413885e+02;-3.992198e+01;1.362304e-02;-1.060520e-03;1.078778e-02;1.355920e-05;1.573158e-02;1.689035e-03;1.771216e+00;-1.278275e-01;1.484688e+00;-4.936881e-02;1.249704e+00;-5.231716e-02;9.554121e-01;8.007288e-02;8.850603e-01;1.900627e-02;1.066100e+00;5.194686e-02;1.051189e+00;4.378164e-03;1.294801e+00;9.746732e-02;1.324561e+00;6.895607e-02;1.062507e+00;-5.742231e-02;9.448022e-01;7.692257e-02;1.108783e+00;-6.259045e-02;1.302536e+00;-2.555039e-02;8.935776e-01;-2.081812e-02
0.500000;1.108944e+01;8.095947e+01;3.123854e-02;7.716882e-01;8.714011e-02;7.630243e-02;6.014223e-02;6.225782e-02;1.514242e-01;2.228144e-01;2.804594e+00;6.250031e+00;1.070144e-01;8.107668e-01;3.127453e-01;1.031206e+00;2.461482e-02;7.788949e-02;1.471379e-03;1.166667e-02;6.833298e-02;1.694824e-01;2.457477e-02;2.831050e-01;4.567262e-02;4.352879e-01;8.931096e-02;5.971299e-01;1.624348e-01;7.372527e-01;9.945890e-02;6.556824e-01;6.390171e-02;7.879650e-01;1.973561e-01;8.922336e-01;1.145608e-01;8.509084e-01;1.933704e-01;9.085256e-01;2.751585e-01;1.022305e+00;4.590975e-01;1.262375e+00;5.370350e-01;1.276150e+00;4.636086e-01;1.268551e+00;5.331209e-01;1.288131e+00;4.903145e-01;1.284146e+00;5.947630e-01;1.524886e+00;6.268003e-01;1.541698e+00;7.014429e-01;1.563310e+00;7.601513e-01;1.627027e+00;6.328089e-01;1.582552e+00;5.439354e-01;1.390915e+00;5.078058e-01;1.228147e+00;5.023934e-01;1.084538e+00;3.450402e-01;8.523366e-01;2.970316e-01;6.967168e-01;5.378839e-01;1.008391e+00;3.823627e-03;4.387098e-03;5.076460e+01;1.589150e+02;3.756500e+01;2.131787e+02;3.675084e+01;2.826592e+02;5.372552e+01;3.669258e+02;3.842319e-01;7.644934e-01;4.007951e+01;2.362944e+02;2.138602e-01;2.711341e+00;1.949125e+04;2.469104e+04;7.846307e+00;1.829966e+01;1.117890e+03;1.791604e+03;1.911163e-01;-3.178648e-01;4.328250e-02;2.551696e-01;2.279781e-01;4.189799e-01;6.551463e+00;4.772044e+01;8.184130e+00;2.089634e+01;8.426840e+00;8.618470e+00;7.835143e+00;4.566412e-01;6.907081e+00;-1.085111e+00;4.907722e+00;-1.014995e+00;5.119405e+00;-6.112937e+00;7.585679e+00;-1.462232e+01;7.185046e+00;-1.017169e+01;6.856577e+00;-5.727215e+00;4.971221e+00;-4.304666e+00;8.871114e+00;-1.397507e+01;1.458398e+01;-7.858027e+00;1.092309e+01;-2.376355e+00;4.811088e-03;-5.448323e-04;1.290387e-05;-2.286052e-06;5.912898e-05;2.165533e-06;5.801539e-05;1.911984e-06;1.792857e-04;7.835392e-06;1.768831e-03;-1.120654e-04;2.302834e-02;-2.892746e-04;7.557341e-02;8.762292e-04;2.396613e-03;4.486388e-04;2.847460e-04;-3.036029e-05;1.284184e-02;-1.772327e-04;1.218563e-02;5.180088e-05;1.143860e-02;6.725883e-05;1.609245e-02;9.733862e-05;2.680133e-02;-3.554749e-05;2.020787e-02;3.313047e-04;1.585584e-02;3.797970e-04;2.898606e-02;-1.228295e-03;2.620039e-02;8.916732e-04;3.602878e-02;-4.371496e-04;5.963884e-02;-2.443537e-03;1.081485e-01;-9.086737e-04;1.181734e-01;2.091763e-03;9.820025e-02;2.362668e-03;1.179409e-01;-2.411570e-04;1.419097e-01;1.067499e-03;1.663296e-01;1.976477e-03;1.530113e-01;2.684022e-03;1.913577e-01;4.040200e-03;2.044320e-01;3.093242e-03;1.582493e-01;3.276267e-03;1.503223e-01;3.084997e-03;1.246024e-01;1.444009e-03;1.147836e-01;-1.563020e-05;8.199921e-02;5.013673e-04;6.200033e-02;8.275387e-04;7.845750e-02;7.174182e-03;9.742563e-04;-7.532668e-05;1.006997e+01;-8.039063e-01;1.023249e+01;-6.459961e-01;1.449555e+01;-9.618164e-01;1.662048e+01;-1.607813e+00;6.629684e-02;9.328660e-03;8.781731e+00;-9.786546e-01;5.559083e-02;7.859358e-04;6.386100e+03;-1.475497e+02;2.296210e+00;2.437813e-01;3.215070e+02;3.979329e+01;2.103933e-02;-3.561146e-03;9.351146e-03;-1.036779e-03;3.109476e-02;2.843680e-03;1.367054e+00;-8.515324e-02;1.168172e+00;2.681995e-01;1.039991e+00;1.849905e-01;1.006801e+00;1.011741e-01;1.066252e+00;1.488452e-01;1.175592e+00;-9.538015e-02;8.504885e-01;-1.261313e-01;1.090063e+00;2.084335e-01;1.177416e+00;1.336435e-01;1.669782e+00;-1.179028e-01;1.048363e+00;-9.773034e-02;1.349035e+00;2.134572e-01;1.194363e+00;3.077762e-01;1.133283e+00;9.877631e-02
1.000000;2.900841e+01;6.361639e+01;1.759765e-01;6.945077e-01;9.576125e-02;9.292175e-02;8.485773e-02;7.579394e-02;2.138733e-01;2.823534e-01;3.604949e+01;-1.299221e+01;1.609047e-01;9.237276e-01;3.802317e-01;1.136661e+00;1.278052e-02;9.401244e-02;3.840109e-03;1.220207e-02;6.970885e-02;1.663812e-01;2.523656e-02;2.749071e-01;7.183390e-02;4.326319e-01;9.553523e-02;6.152745e-01;1.502832e-01;7.673712e-01;1.808638e-01;7.281276e-01;2.036034e-01;9.051741e-01;2.608381e-01;9.902855e-01;5.728809e-01;1.150224e+00;4.877872e-01;1.102475e+00;5.522214e-01;1.221399e+00;4.648409e-01;1.349537e+00;5.812419e-01;1.377455e+00;6.201736e-01;1.467144e+00;6.653184e-01;1.632471e+00;7.393283e-01;1.566396e+00;7.271247e-01;1.717345e+00;5.703102e-01;1.666324e+00;6.024674e-01;1.655045e+00;6.497829e-01;1.720020e+00;5.581802e-01;1.625865e+00;6.691940e-01;1.474577e+00;6.440429e-01;1.278488e+00;5.784707e-01;1.082475e+00;3.600856e-01;8.560845e-01;3.238706e-01;7.296969e-01;5.461658e-01;1.280834e+00;6.267143e-03;5.714312e-03;3.033865e+01;1.211602e+02;4.225753e+01;1.999717e+02;3.447824e+01;2.793574e+02;3.773714e+01;3.496992e+02;2.588793e-01;1.040965e+00;2.720008e+01;2.135171e+02;1.678378e-01;2.937560e+00;4.131878e+04;3.559960e+04;7.688438e+00;1.860099e+01;1.162943e+03;1.647618e+03;1.176857e-01;-4.243989e-01;2.884254e-02;2.293522e-01;2.334393e-01;5.160761e-01;6.047824e+00;4.270623e+01;7.397837e+00;2.474235e+01;6.213909e+00;1.515085e+01;5.012133e+00;4.142219e+00;5.956822e+00;4.844660e-01;5.120240e+00;-2.514353e+00;7.318595e+00;-4.753193e+00;4.583822e+00;-7.703354e+00;6.986773e+00;-8.492456e+00;6.123883e+00;-5.727099e+00;5.043196e+00;-3.959101e+00;5.111487e+00;-3.600327e+00;5.435606e+00;6.034086e+00;6.342685e+00;7.105330e+00;5.198453e-03;-5.480644e-04;1.116781e-05;-3.688254e-07;6.359690e-05;1.515267e-06;6.732931e-05;5.317307e-06;1.508960e-04;2.491568e-07;1.587641e-02;-2.220895e-03;3.329044e-02;1.252029e-03;8.886065e-02;-8.884204e-03;2.193250e-03;3.344352e-04;9.485294e-04;-5.542965e-06;1.239773e-02;-1.005526e-04;7.599216e-03;2.175335e-04;1.324880e-02;4.641147e-04;1.950519e-02;1.915210e-04;2.799818e-02;2.978397e-04;2.860460e-02;-4.685151e-04;3.610169e-02;-3.701195e-04;4.476024e-02;-1.277296e-03;1.038185e-01;-2.837674e-04;1.060255e-01;-2.267219e-05;1.283832e-01;9.834845e-05;1.197468e-01;-9.235130e-03;1.464970e-01;-1.428002e-02;1.441688e-01;-1.254751e-02;1.354818e-01;-1.141971e-02;1.993737e-01;-1.174706e-02;1.717945e-01;-1.774518e-02;1.210790e-01;-1.944773e-02;1.645031e-01;-1.940611e-02;1.684362e-01;-1.808161e-02;1.415306e-01;-1.746096e-02;1.889951e-01;-1.595394e-02;1.660008e-01;-1.878520e-02;1.395407e-01;-2.032665e-02;8.687053e-02;-1.199598e-02;6.369199e-02;-1.130298e-02;1.063870e-01;1.135572e-02;1.598073e-03;-6.454942e-06;1.102945e+01;-1.435547e-01;1.170597e+01;1.148437e-01;9.567853e+00;4.019531e-01;1.309313e+01;6.316406e-01;1.071103e-01;3.049044e-03;7.751371e+00;-1.011217e-01;5.929058e-02;5.907407e-03;1.097705e+04;-2.056972e+02;2.473052e+00;-8.288233e-02;3.216508e+02;4.306925e+00;2.311734e-02;-2.434121e-03;8.117130e-03;-8.073672e-05;4.682444e-02;3.824925e-03;1.168483e+00;9.391201e-02;1.251274e+00;1.865382e-02;1.105809e+00;8.242390e-02;1.129044e+00;-2.509581e-02;1.319817e+00;7.418817e-02;1.274116e+00;1.466313e-02;1.467010e+00;-2.445228e-03;1.685568e+00;-2.253533e-02;1.307669e+00;-1.448494e-01;1.790358e+00;1.970814e-01;1.482757e+00;4.126240e-02;1.713469e+00;9.669854e-02;1.493645e+00;1.987861e-01;1.442272e+00;2.565394e-01
1.500000;3.478585e+01;5.871042e+01;2.392195e-01;6.467378e-01;7.560435e-02;4.546882e-02;8.432078e-02;4.801850e-02;2.096423e-01;2.073896e-01;3.895138e+01;-2.202021e+01;1.817917e-01;9.843807e-01;3.958053e-01;1.149658e+00;1.040922e-02;8.664133e-02;3.652982e-03;1.285588e-02;2.299955e-02;1.286339e-01;3.175892e-02;2.668576e-01;6.440963e-02;4.095782e-01;6.271832e-02;5.539665e-01;6.098174e-02;6.835669e-01;1.324464e-01;8.023744e-01;2.004552e-01;9.211947e-01;2.146787e-01;9.783853e-01;5.585119e-01;1.167652e+00;4.820526e-01;1.251860e+00;4.970462e-01;1.324728e+00;4.036161e-01;1.346923e+00;5.722957e-01;1.462651e+00;6.155515e-01;1.515176e+00;6.625229e-01;1.555502e+00;7.666052e-01;1.586665e+00;9.372832e-01;1.715956e+00;7.456293e-01;1.689151e+00;8.158795e-01;1.807980e+00;6.257938e-01;1.711778e+00;6.290929e-01;1.572668e+00;6.975649e-01;1.486973e+00;7.104080e-01;1.292972e+00;5.703406e-01;1.088826e+00;3.447056e-01;8.702580e-01;2.721213e-01;6.988224e-01;4.529148e-01;1.162202e+00;9.579926e-03;8.765122e-03;3.522213e+01;1.378125e+02;4.467665e+01;2.170547e+02;3.788212e+01;2.954355e+02;3.322880e+01;3.604658e+02;2.299871e-01;9.383420e-01;2.658114e+01;2.296405e+02;1.314496e-01;2.972978e+00;4.035263e+04;4.166744e+04;4.675714e+00;1.762561e+01;7.511430e+02;1.223162e+03;8.687291e-02;-3.576297e-01;3.019376e-02;2.465500e-01;1.936200e-01;4.955199e-01;5.933361e+00;4.002367e+01;5.731639e+00;2.282217e+01;6.577210e+00;1.202250e+01;4.104576e+00;3.124493e+00;6.653347e+00;1.199887e+00;5.299394e+00;-3.072107e+00;1.073945e+01;-6.637620e+00;6.454750e+00;-5.799891e+00;9.420430e+00;-1.175025e+01;6.426956e+00;-5.271335e+00;5.151308e+00;-1.371200e+00;5.060301e+00;-3.123971e+00;4.190201e+00;4.907404e+00;5.899103e+00;6.939363e+00;2.894373e-03;7.380516e-05;6.690931e-06;-3.213341e-07;3.651881e-05;1.233650e-06;4.347573e-05;3.172893e-06;6.213781e-05;3.166901e-06;2.086373e-02;-7.300303e-05;3.897712e-02;4.077539e-03;9.543213e-02;3.117956e-03;2.494606e-03;-1.129861e-05;9.455388e-04;-2.393544e-06;5.313427e-03;4.459860e-04;9.707040e-03;-3.348007e-04;1.200032e-02;5.617312e-04;1.278605e-02;-2.184463e-04;1.410149e-02;1.428397e-03;2.680705e-02;-7.871772e-04;3.908677e-02;-5.564714e-04;4.632048e-02;1.329728e-03;1.044828e-01;-1.420615e-03;1.159662e-01;7.200532e-03;1.249687e-01;6.857248e-03;1.166198e-01;5.950485e-03;1.537336e-01;6.786721e-03;1.564300e-01;5.616649e-03;1.352935e-01;3.959285e-03;2.034566e-01;-1.199109e-03;2.207454e-01;8.622300e-03;1.591274e-01;1.065430e-02;1.857732e-01;1.458537e-02;1.562488e-01;7.653702e-03;1.795816e-01;2.868071e-03;1.999894e-01;-1.219013e-03;1.912770e-01;5.284661e-04;1.466818e-01;2.362188e-03;8.879576e-02;2.392476e-04;6.144396e-02;-8.479199e-04;8.893802e-02;-2.189193e-03;2.031682e-03;3.355129e-04;1.106698e+01;-3.732422e-01;1.103758e+01;-3.875977e-01;9.473511e+00;1.435547e-02;1.160678e+01;3.158203e-01;1.000333e-01;-4.204048e-03;6.640411e+00;1.219655e-02;4.335525e-02;1.342360e-03;1.055058e+04;3.322110e+02;1.762739e+00;-2.342122e-01;2.269614e+02;-4.354262e+01;2.306753e-02;5.278409e-04;7.180923e-03;-5.329830e-05;4.815567e-02;4.775704e-04;1.296862e+00;-8.876920e-02;1.112543e+00;-1.999267e-01;1.292910e+00;-3.181998e-02;1.026100e+00;1.531714e-02;1.513264e+00;1.779011e-01;1.395265e+00;7.768551e-02;2.110839e+00;-2.256740e-01;1.788865e+00;5.673439e-03;1.601746e+00;1.353071e-01;1.657574e+00;-2.940654e-02;1.681372e+00;1.932676e-01;1.662872e+00;4.904186e-02;1.389846e+00;-5.121071e-02;1.389085e+00;-9.496407e-03
2.000000;2.674596e+01;7.252672e+01;1.999738e-01;6.762789e-01;5.148628e-02;3.254593e-02;5.135275e-02;2.753677e-02;1.397226e-01;1.656195e-01;2.338863e+01;-7.671005e+00;1.434723e-01;9.964423e-01;2.623682e-01;1.045030e+00;1.087052e-02;8.576278e-02;1.632585e-03;1.169690e-02;2.604287e-02;1.336244e-01;2.755781e-02;2.646515e-01;4.198969e-02;4.105522e-01;2.488721e-02;5.303457e-01;5.896280e-02;6.778402e-01;1.007286e-01;7.365628e-01;1.924928e-01;7.957079e-01;1.666269e-01;9.012575e-01;4.361954e-01;1.023885e+00;3.464721e-01;1.132101e+00;2.755195e-01;1.181451e+00;2.603264e-01;1.205205e+00;3.799831e-01;1.365103e+00;3.447200e-01;1.391019e+00;3.136082e-01;1.361256e+00;5.239022e-01;1.445956e+00;7.560507e-01;1.568709e+00;6.517680e-01;1.601804e+00;7.659592e-01;1.657451e+00;4.741227e-01;1.534573e+00;6.101071e-01;1.482314e+00;4.218470e-01;1.263160e+00;4.944520e-01;1.134979e+00;4.002367e-01;9.768314e-01;2.626922e-01;7.833981e-01;2.117093e-01;6.110519e-01;2.956113e-01;1.053881e+00;1.114129e-02;1.323498e-02;4.387140e+01;1.151309e+02;5.411764e+01;1.834629e+02;3.472599e+01;2.839512e+02;1.897693e+01;3.596045e+02;1.930775e-01;8.527989e-01;3.048302e+01;2.129393e+02;1.176906e-01;2.905279e+00;1.888560e+04;3.681316e+04;4.431140e+00;1.572357e+01;4.987920e+02;9.169169e+02;9.020784e-02;-3.498164e-01;3.502716e-02;2.279148e-01;1.446866e-01;5.009347e-01;5.020779e+00;3.965694e+01;5.704138e+00;1.732835e+01;7.109420e+00;1.375262e+01;3.548698e+00;7.042959e+00;8.681630e+00;9.847099e+00;4.562520e+00;-3.242579e+00;1.323917e+01;-1.775938e+01;6.196531e+00;-4.951585e+00;9.084525e+00;-1.006497e+01;6.604716e+00;-7.380738e+00;8.658722e+00;6.606982e+00;6.571276e+00;1.456532e-01;5.783583e+00;4.746608e+00;4.915270e+00;6.059108e+00;1.576704e-03;2.173180e-04;4.415755e-06;-5.518154e-07;1.707342e-05;5.985520e-07;1.087429e-05;4.604409e-07;4.422772e-05;1.371919e-06;1.396299e-02;1.970002e-03;3.521240e-02;-1.476491e-03;6.487605e-02;-7.384243e-04;2.239971e-03;-2.620953e-04;5.088536e-04;-2.469135e-05;5.341293e-03;-3.161627e-05;8.591220e-03;-4.965425e-04;9.585307e-03;-1.551797e-03;7.360034e-03;-1.339494e-03;1.204590e-02;-8.656911e-04;2.151355e-02;1.680511e-03;4.927571e-02;1.848238e-03;4.942715e-02;4.338755e-04;9.223486e-02;3.761224e-03;6.250097e-02;-2.788711e-03;5.532390e-02;-3.609185e-03;6.090234e-02;-3.408436e-03;8.069395e-02;-1.183457e-03;9.107339e-02;6.001843e-04;7.381469e-02;1.297122e-03;1.403865e-01;1.558459e-03;1.920930e-01;2.680578e-03;1.479557e-01;2.130957e-04;1.429685e-01;-4.063409e-03;1.051718e-01;-4.510754e-03;1.731237e-01;-2.469299e-03;1.164865e-01;-2.437301e-03;1.334184e-01;-1.417453e-03;9.858438e-02;-5.413999e-04;6.319222e-02;-1.595594e-03;5.244350e-02;-9.621582e-04;5.534333e-02;-1.247741e-02;1.937452e-03;1.197945e-06;8.308283e+00;-8.900391e-01;1.034203e+01;-9.618164e-01;9.156888e+00;-1.076660e+00;6.592568e+00;1.435547e-02;8.410843e-02;-3.311535e-04;5.383449e+00;-6.399332e-01;3.570139e-02;-1.946833e-03;4.631136e+03;6.803555e+01;1.199179e+00;-4.483229e-02;1.259643e+02;-7.098642e+00;2.066095e-02;1.910959e-03;6.168871e-03;-7.435759e-04;3.749050e-02;-4.962970e-03;1.162542e+00;-5.878197e-04;7.893620e-01;-1.082993e-01;1.265860e+00;3.863258e-02;8.302436e-01;5.352447e-02;1.420223e+00;-6.238425e-02;1.372558e+00;4.994274e-02;2.293926e+00;1.050639e-01;1.678907e+00;3.782797e-02;1.600525e+00;5.734414e-02;1.619711e+00;-6.805894e-03;1.723090e+00;1.411297e-01;1.279064e+00;1.616054e-01;1.442908e+00;5.232701e-02;1.178571e+00;-1.271407e-01
2.500000;3.322935e+01;6.704499e+01;2.301107e-01;6.529300e-01;3.219542e-02;1.883468e-02;2.575985e-02;1.384732e-02;1.327854e-01;1.567343e-01;3.497291e+01;-1.617128e+01;1.732246e-01;1.023521e+00;3.069333e-01;1.047702e+00;1.088314e-02;8.823696e-02;2.574760e-03;1.243386e-02;1.460518e-02;1.304436e-01;4.904438e-02;2.859183e-01;6.230615e-02;4.393286e-01;4.642088e-02;5.510519e-01;5.801350e-02;6.536762e-01;1.636208e-01;7.573901e-01;2.278877e-01;7.847716e-01;1.954858e-01;8.683994e-01;4.736845e-01;1.001237e+00;2.984107e-01;1.019182e+00;3.352982e-01;1.103214e+00;3.420607e-01;1.220460e+00;3.895985e-01;1.308259e+00;4.583925e-01;1.378615e+00;3.117366e-01;1.388598e+00;5.852365e-01;1.536776e+00;4.422635e-01;1.491985e+00;4.919499e-01;1.531505e+00;7.145633e-01;1.606327e+00;5.998321e-01;1.616424e+00;6.073812e-01;1.496076e+00;7.598842e-01;1.358400e+00;6.972380e-01;1.230291e+00;6.176945e-01;1.025317e+00;4.203432e-01;7.872422e-01;3.748595e-01;6.693725e-01;3.158070e-01;1.013648e+00;1.500658e-02;1.669090e-02;3.058894e+01;1.024980e+02;3.904345e+01;1.689639e+02;2.423482e+01;2.627051e+02;2.647757e+01;3.458232e+02;2.145112e-01;8.362638e-01;2.250250e+01;2.026486e+02;1.580846e-01;2.869129e+00;5.262832e+04;5.464787e+04;6.842793e+00;1.712588e+01;6.462928e+02;9.214515e+02;9.534781e-02;-3.705215e-01;2.179668e-02;2.143024e-01;2.558202e-01;5.668482e-01;6.000051e+00;3.663730e+01;4.590710e+00;1.541147e+01;6.293598e+00;1.971855e+01;5.786167e+00;1.179227e+01;7.525120e+00;1.194866e+01;7.495173e+00;-5.881176e+00;1.310997e+01;-2.127878e+01;5.597795e+00;-4.564391e+00;6.653037e+00;-8.920247e+00;6.403311e+00;-7.439226e+00;8.695104e+00;7.751044e+00;8.505634e+00;4.235449e-01;7.745905e+00;4.235885e+00;4.238113e+00;4.751443e+00;1.286209e-03;-2.040338e-04;3.841123e-06;7.390980e-08;8.667471e-06;-1.874040e-06;7.225220e-06;-7.633682e-07;3.171600e-05;-6.081320e-07;1.524078e-02;-4.925231e-06;5.033505e-02;-2.723875e-03;8.564967e-02;-2.999971e-03;2.413258e-03;-1.222383e-04;7.124189e-04;2.834468e-05;2.167359e-03;-3.709192e-04;1.235304e-02;-3.054656e-04;1.280691e-02;-6.728221e-04;1.161770e-02;4.740210e-05;1.066911e-02;-2.651423e-03;3.369060e-02;3.344140e-04;5.699673e-02;-1.704366e-03;5.763467e-02;-1.995161e-03;9.282040e-02;6.133966e-05;5.946165e-02;-7.760181e-03;7.642803e-02;-6.515936e-03;9.585043e-02;-6.586326e-03;1.128198e-01;-6.967295e-03;1.293792e-01;-3.230116e-03;7.819555e-02;-1.652712e-03;1.640178e-01;6.097364e-03;1.299989e-01;-8.461167e-03;1.438610e-01;-8.194293e-03;1.815397e-01;-1.563869e-02;1.684315e-01;-5.904624e-03;1.872073e-01;-4.302516e-03;2.145402e-01;3.176473e-03;1.770642e-01;-2.127860e-03;1.557067e-01;-2.812208e-03;1.160611e-01;9.789680e-05;8.420845e-02;3.993712e-05;6.666854e-02;-2.787230e-03;4.516133e-03;-2.515071e-04;6.308963e+00;2.296875e-01;9.121531e+00;2.727539e-01;8.395139e+00;-2.871094e-02;7.915528e+00;-6.029297e-01;9.907491e-02;-2.688003e-03;5.730889e+00;-2.236062e-02;5.019279e-02;-1.729600e-03;1.251667e+04;-8.020246e+01;1.752866e+00;1.059178e-01;1.976502e+02;6.232895e+00;2.340480e-02;1.359722e-03;5.339435e-03;3.368543e-06;4.843080e-02;-1.686011e-04;1.368925e+00;-4.352764e-02;1.012802e+00;6.717847e-02;1.445302e+00;7.519837e-02;1.013525e+00;1.273400e-01;1.442306e+00;-3.997980e-02;1.315154e+00;-1.425605e-01;2.190118e+00;1.280844e-01;1.928136e+00;-3.772742e-02;1.549643e+00;-1.506926e-01;1.576912e+00;7.161608e-02;2.057048e+00;-1.468366e-01;1.392807e+00;-5.086380e-02;1.737454e+00;3.301384e-02;1.388073e+00;8.341555e-03
3.000000;4.085730e+01;6.085873e+01;2.616603e-01;6.217663e-01;2.088025e-01;7.554957e-02;7.265516e-02;2.167770e-02;1.452147e-01;1.468418e-01;4.182881e+01;-2.617974e+01;1.711070e-01;1.002218e+00;3.006603e-01;1.015704e+00;1.484093e-02;9.243311e-02;2.692742e-03;1.203200e-02;2.068031e-02;1.311709e-01;5.255455e-02;3.002322e-01;6.114029e-02;4.433116e-01;5.105086e-02;5.680093e-01;5.704204e-02;6.442420e-01;1.739881e-01;8.040043e-01;2.291288e-01;8.850208e-01;2.429083e-01;9.143090e-01;3.268543e-01;9.680886e-01;2.910905e-01;1.010057e+00;3.295579e-01;1.054787e+00;3.670602e-01;1.159810e+00;4.256810e-01;1.207252e+00;4.956090e-01;1.266104e+00;2.937330e-01;1.327012e+00;4.661030e-01;1.480352e+00;3.576286e-01;1.363463e+00;4.966009e-01;1.438865e+00;6.784582e-01;1.501694e+00;6.245925e-01;1.484982e+00;5.542724e-01;1.394437e+00;7.661835e-01;1.397663e+00;6.853052e-01;1.214216e+00;5.870971e-01;9.996481e-01;4.001815e-01;7.943920e-01;3.506332e-01;6.551737e-01;3.267128e-01;1.100996e+00;1.442926e-02;1.212794e-02;2.960709e+01;1.280508e+02;3.359793e+01;1.912148e+02;2.558779e+01;2.550967e+02;2.304533e+01;3.262998e+02;2.792493e-01;9.291235e-01;2.527075e+01;2.092276e+02;1.501581e-01;2.861710e+00;5.420002e+04;5.150302e+04;6.588842e+00;2.204467e+01;1.142833e+03;1.478623e+03;1.354672e-01;-4.152339e-01;2.586125e-02;2.224988e-01;2.588300e-01;5.845601e-01;6.099650e+00;3.587203e+01;5.054942e+00;2.044282e+01;6.944025e+00;1.964125e+01;7.264941e+00;1.129171e+01;6.233645e+00;7.844970e+00;6.885773e+00;-7.535375e+00;1.244691e+01;-1.291345e+01;6.763783e+00;-6.661196e+00;7.795859e+00;-1.276974e+01;6.954763e+00;-4.050766e+00;6.206255e+00;2.875183e-01;7.267535e+00;-6.186558e+00;6.569130e+00;2.024175e+00;5.442944e+00;3.439317e+00;3.393223e-03;3.825066e-05;5.007258e-06;3.070390e-08;6.037205e-05;-7.375486e-06;2.724994e-05;-1.893947e-06;3.619920e-05;2.054824e-07;1.821563e-02;-4.982578e-05;4.792350e-02;2.879242e-04;7.938744e-02;-3.380770e-04;3.176024e-03;4.696345e-04;6.001852e-04;-1.070798e-05;5.545783e-03;2.679968e-04;1.317540e-02;8.371153e-04;1.362347e-02;1.169910e-03;1.548124e-02;7.288504e-04;2.068712e-02;6.892847e-04;3.793973e-02;-2.041350e-03;6.154852e-02;-2.190051e-03;7.253828e-02;-1.590360e-03;6.316280e-02;-6.238908e-03;6.446289e-02;4.764741e-05;7.940023e-02;-3.589043e-04;9.782394e-02;1.338872e-03;1.139017e-01;6.915163e-04;1.337171e-01;-1.307868e-03;7.679817e-02;-1.835579e-03;1.387680e-01;-2.241559e-03;1.054292e-01;-1.199027e-03;1.396091e-01;6.825447e-04;1.789157e-01;1.652187e-03;1.649503e-01;9.322051e-04;1.670366e-01;-9.206305e-05;2.151611e-01;5.002529e-04;1.714249e-01;4.049535e-04;1.453934e-01;2.898366e-04;1.113053e-01;5.333655e-04;7.743180e-02;-4.608851e-04;8.387513e-02;5.750777e-03;4.396314e-03;-1.754072e-05;8.940311e+00;1.722656e-01;9.261347e+00;2.440430e-01;7.506840e+00;1.004883e-01;7.167621e+00;-7.464844e-01;9.420698e-02;1.692783e-03;7.002344e+00;1.204447e-02;5.175039e-02;-3.112442e-04;1.273363e+04;-1.465730e+02;2.194064e+00;6.105372e-02;2.876405e+02;1.672585e+01;2.917431e-02;-3.916084e-03;7.172742e-03;3.578088e-05;5.077074e-02;7.220389e-03;1.344843e+00;4.213747e-03;1.169229e+00;1.278542e-01;1.462053e+00;1.204099e-01;1.416591e+00;8.949675e-02;1.753223e+00;4.058802e-02;1.283726e+00;-1.221312e-01;2.260698e+00;-1.836397e-02;2.364500e+00;-1.857481e-02;1.907851e+00;8.716060e-02;1.702860e+00;-5.639511e-02;1.967327e+00;-1.495667e-01;1.615371e+00;-1.838448e-01;1.921947e+00;-8.534941e-02;1.656047e+00;1.004705e-02
3.500000;3.501529e+01;8.140171e+01;1.970511e-01;6.664396e-01;2.173990e-01;1.173076e-01;1.364017e-01;8.068784e-02;1.649897e-01;2.385864e-01;3.084466e+01;-1.127855e+01;2.219349e-01;9.631095e-01;3.743893e-01;1.042436e+00;1.468147e-02;1.007236e-01;3.064851e-03;1.104812e-02;2.050143e-02;1.343162e-01;3.617359e-02;2.794778e-01;3.302729e-02;4.170213e-01;4.476981e-02;5.622424e-01;1.181896e-01;7.109428e-01;2.160543e-01;8.137015e-01;3.105260e-01;9.381758e-01;3.209806e-01;1.043199e+00;3.841644e-01;1.097438e+00;4.208564e-01;1.142699e+00;5.142035e-01;1.194476e+00;4.184180e-01;1.142273e+00;5.534436e-01;1.225633e+00;6.713164e-01;1.355553e+00;4.536536e-01;1.378582e+00;4.906307e-01;1.460271e+00;7.107480e-01;1.504998e+00;6.682912e-01;1.511722e+00;6.849664e-01;1.467678e+00;7.035479e-01;1.431096e+00;7.096119e-01;1.440536e+00;6.187633e-01;1.348658e+00;5.523621e-01;1.145092e+00;4.464836e-01;9.484652e-01;3.239685e-01;7.837363e-01;2.792058e-01;6.253580e-01;2.960931e-01;1.131708e+00;1.519135e-02;8.806524e-03;2.514257e+01;1.270459e+02;2.910303e+01;1.851855e+02;2.924290e+01;2.509336e+02;4.253097e+01;3.255820e+02;2.923314e-01;1.098119e+00;2.561813e+01;2.005289e+02;1.914927e-01;2.833642e+00;31892;3.211912e+04;8.975439e+00;2.356510e+01;1.828407e+03;2.203461e+03;1.384766e-01;-4.878185e-01;2.692920e-02;2.148569e-01;2.440116e-01;6.401287e-01;5.695411e+00;3.936976e+01;5.093519e+00;2.394113e+01;5.737938e+00;1.988710e+01;5.450841e+00;9.521398e+00;5.849442e+00;4.367789e+00;4.372198e+00;-6.580288e+00;7.668356e+00;-3.887652e+00;5.622506e+00;-1.011544e+01;7.022547e+00;-1.508725e+01;5.354524e+00;-2.380364e+00;4.764657e+00;-1.282324e+00;4.813633e+00;-6.090064e+00;5.570833e+00;2.617981e+00;6.529791e+00;4.202500e+00;4.638048e-03;1.903236e-05;4.858909e-06;1.153525e-07;6.436917e-05;-6.677365e-06;3.386293e-05;4.781789e-07;4.832898e-05;1.166782e-06;1.141249e-02;-2.576088e-05;5.221951e-02;5.954933e-03;8.609992e-02;1.171063e-02;2.881471e-03;3.504787e-04;6.544244e-04;2.040816e-05;5.674756e-03;1.078068e-04;6.875503e-03;4.896559e-04;8.264961e-03;7.711888e-04;1.523095e-02;1.087582e-03;2.863089e-02;4.655028e-04;5.516995e-02;7.397785e-03;8.103040e-02;1.385508e-02;8.834548e-02;8.537741e-03;9.505498e-02;1.243838e-02;9.691866e-02;9.671891e-03;1.231666e-01;1.369653e-02;9.877373e-02;1.368255e-02;1.380791e-01;1.678508e-02;1.726946e-01;1.158027e-02;1.272515e-01;1.068994e-02;1.421667e-01;5.303299e-03;1.756471e-01;2.196910e-02;1.470524e-01;1.982311e-02;1.551007e-01;2.370477e-02;1.734860e-01;1.459617e-02;1.685675e-01;1.982172e-02;1.399115e-01;1.712837e-02;1.280016e-01;2.096595e-02;9.332652e-02;1.840661e-02;6.584769e-02;1.140590e-02;5.642522e-02;1.009450e-02;7.910106e-02;1.079252e-02;4.639655e-03;2.231922e-04;8.294169e+00;1.291992e-01;8.002308e+00;2.727539e-01;7.516620e+00;8.613281e-02;1.027333e+01;2.727539e-01;7.519390e-02;5.843499e-03;6.086419e+00;3.597017e-01;5.079880e-02;3.018520e-03;6.357812e+03;1.081081e+03;2.618789e+00;-5.130899e-02;4.304138e+02;-5.564959e+00;2.606086e-02;-3.951326e-03;6.664926e-03;3.200655e-04;5.465776e-02;1.566148e-03;1.148244e+00;-2.330733e-02;1.488143e+00;2.723798e-02;9.786977e-01;-1.764563e-01;1.333702e+00;-1.106301e-01;1.594097e+00;-7.726549e-02;1.196073e+00;1.073298e-01;2.245087e+00;1.509833e-01;2.255675e+00;-1.365717e-02;1.888261e+00;8.399395e-02;1.571718e+00;-4.075024e-02;1.515355e+00;-7.112348e-02;1.384318e+00;-6.919656e-05;1.856516e+00;-5.620129e-02;1.769164e+00;-2.073030e-02
4.000000;1.885922e+01;8.960770e+01;1.033740e-01;7.128255e-01;1.788406e-01;1.731626e-01;1.705759e-01;1.814101e-01;1.311391e-01;2.374272e-01;8.484728e+00;1.259732e+00;2.351652e-01;1.047886e+00;3.806710e-01;1.115539e+00;1.133336e-02;1.009714e-01;3.221809e-03;1.177123e-02;1.084145e-02;1.249713e-01;2.062065e-02;2.700635e-01;3.380873e-02;4.173816e-01;4.349517e-02;5.531971e-01;1.666114e-01;7.049527e-01;2.229998e-01;8.054949e-01;3.046343e-01;8.942780e-01;3.218151e-01;1.095674e+00;3.836381e-01;1.124762e+00;3.931018e-01;1.170626e+00;4.963149e-01;1.317172e+00;4.472933e-01;1.320545e+00;5.359030e-01;1.410673e+00;6.674775e-01;1.510439e+00;4.500035e-01;1.398019e+00;6.141711e-01;1.463796e+00;7.294153e-01;1.620014e+00;6.699098e-01;1.658221e+00;6.967817e-01;1.665059e+00;6.940554e-01;1.643869e+00;7.013323e-01;1.584278e+00;6.207905e-01;1.411497e+00;5.951754e-01;1.216898e+00;5.037422e-01;1.051818e+00;3.665589e-01;8.631120e-01;3.365597e-01;7.072111e-01;3.321005e-01;1.071658e+00;1.548668e-02;1.199050e-02;2.230371e+01;1.319268e+02;2.443974e+01;1.860469e+02;3.016562e+01;2.529434e+02;4.450195e+01;3.316113e+02;2.525614e-01;1.110554e+00;2.449098e+01;2.066616e+02;2.145589e-01;2.860261e+00;3.504790e+04;4.168150e+04;8.942279e+00;2.153769e+01;1.762025e+03;1.705465e+03;1.154558e-01;-4.867820e-01;2.453066e-02;2.201683e-01;2.757807e-01;7.246067e-01;5.628935e+00;3.799879e+01;5.346484e+00;2.261736e+01;7.555657e+00;1.554775e+01;5.227793e+00;9.503951e+00;6.396957e+00;6.839606e+00;7.254527e+00;-4.662374e+00;7.851358e+00;-5.911637e+00;5.291594e+00;-7.491532e+00;6.977740e+00;-1.241151e+01;6.939924e+00;-7.856266e+00;7.075539e+00;-4.887912e+00;4.400484e+00;-2.894848e+00;5.104712e+00;4.164145e+00;5.529689e+00;4.424423e+00;4.879158e-03;-3.023009e-04;3.451648e-06;4.082933e-07;3.935529e-05;-4.461393e-06;3.622221e-05;-6.145555e-07;4.392220e-05;-1.562639e-07;3.398730e-03;2.461053e-05;5.570273e-02;3.912276e-03;9.837329e-02;5.136987e-03;2.085385e-03;-1.773870e-04;7.327326e-04;2.330561e-05;2.588040e-03;-3.809739e-04;3.948851e-03;-9.751559e-05;8.219442e-03;4.376679e-04;1.272179e-02;-1.530623e-04;3.306247e-02;1.760092e-03;5.757388e-02;2.744055e-04;8.875136e-02;2.330606e-04;7.979064e-02;-7.039694e-04;9.914222e-02;-2.079567e-03;1.069330e-01;2.727298e-03;1.327096e-01;2.985625e-03;9.883903e-02;5.564413e-03;1.505178e-01;5.321916e-03;1.895625e-01;4.295421e-03;1.446532e-01;7.272340e-03;1.912595e-01;2.884148e-02;1.964879e-01;9.418134e-03;1.772876e-01;7.024060e-03;1.836334e-01;1.061881e-02;1.834522e-01;1.200133e-02;1.813827e-01;8.053397e-03;1.570052e-01;1.113574e-02;1.419101e-01;7.469216e-03;1.142269e-01;3.723608e-03;7.898817e-02;1.856420e-03;6.633453e-02;5.962325e-03;7.528962e-02;1.320974e-03;4.898738e-03;2.099920e-04;5.486419e+00;8.039063e-01;5.872966e+00;3.875977e-01;7.683865e+00;1.435547e-01;1.114572e+01;4.737305e-01;5.679109e-02;-1.373512e-03;4.557938e+00;6.003275e-01;5.660978e-02;-1.645993e-03;7.786422e+03;6.338170e+02;2.267394e+00;-3.602310e-02;3.697662e+02;-2.263931e+01;2.125298e-02;1.630732e-03;4.505815e-03;5.731286e-04;7.122137e-02;5.140937e-03;1.147110e+00;-1.681658e-01;1.442754e+00;-9.083003e-02;1.004327e+00;-2.737036e-02;1.190223e+00;-4.602744e-02;1.321156e+00;4.874474e-02;1.595185e+00;-2.731939e-02;2.142001e+00;-1.161265e-01;1.604619e+00;-4.592702e-02;1.715988e+00;-5.854223e-02;1.910436e+00;9.101184e-02;1.624322e+00;-1.266449e-01;1.112727e+00;-4.931048e-03;1.519266e+00;-5.101702e-02;1.654650e+00;7.665859e-02
4.500000;1.760970e+01;7.401079e+01;2.095614e-02;7.509569e-01;1.799364e-01;1.557660e-01;1.537854e-01;1.843938e-01;1.003115e-01;1.733713e-01;2.474211e+00;5.461584e+00;1.701255e-01;1.012664e+00;2.346115e-01;9.811849e-01;1.266643e-02;8.826351e-02;2.015673e-03;1.198413e-02;1.425112e-02;1.269624e-01;3.376756e-02;2.590797e-01;5.509083e-02;4.034126e-01;7.373888e-02;5.496243e-01;1.397773e-01;6.363409e-01;1.537402e-01;8.008311e-01;2.196094e-01;9.060678e-01;2.606730e-01;9.461595e-01;2.968171e-01;1.043820e+00;1.901018e-01;1.039356e+00;2.825414e-01;1.086138e+00;3.643481e-01;1.173329e+00;3.684615e-01;1.205835e+00;4.070905e-01;1.232103e+00;2.865885e-01;1.262190e+00;6.873534e-01;1.383302e+00;4.913840e-01;1.410777e+00;4.523232e-01;1.437885e+00;4.655161e-01;1.436286e+00;4.543233e-01;1.401559e+00;4.356803e-01;1.309855e+00;4.545866e-01;1.199771e+00;4.013230e-01;1.047339e+00;3.600714e-01;8.815897e-01;2.864244e-01;7.318775e-01;2.747689e-01;5.993183e-01;3.177189e-01;9.196611e-01;6.783545e-03;9.819837e-03;3.654616e+01;1.244619e+02;3.020624e+01;1.887744e+02;3.341341e+01;2.629922e+02;3.354975e+01;3.217061e+02;2.367571e-01;8.678669e-01;2.086827e+01;2.084864e+02;1.962730e-01;2.850857e+00;2.148037e+04;4.094905e+04;6.741427e+00;1.839085e+01;5.461671e+02;9.803318e+02;1.178541e-01;-3.790093e-01;2.205640e-02;2.223518e-01;3.207125e-01;6.105755e-01;6.678115e+00;3.804759e+01;4.067270e+00;2.033912e+01;5.307121e+00;1.138334e+01;7.191414e+00;6.387867e+00;6.749976e+00;7.690880e+00;6.787054e+00;-7.483243e-01;9.355804e+00;-5.955662e+00;5.111530e+00;-5.619651e+00;6.976762e+00;-8.660439e+00;6.823301e+00;-8.102304e+00;7.537112e+00;-7.571731e+00;5.095457e+00;-3.607559e+00;5.095265e+00;3.283007e+00;5.377513e+00;3.674839e+00;3.661130e-03;-2.466786e-04;3.681001e-06;3.444070e-07;3.287878e-05;-4.542123e-06;3.432298e-05;-3.898693e-06;3.463273e-05;-1.677864e-06;5.535100e-04;3.185183e-05;3.609416e-02;-6.603995e-03;6.384984e-02;-1.244270e-02;2.042451e-03;-5.537635e-04;5.483027e-04;3.527347e-06;3.330431e-03;-2.115392e-04;5.393196e-03;-4.562620e-04;1.165860e-02;-1.142771e-03;1.984289e-02;-8.619839e-04;3.149735e-02;8.272055e-04;4.050377e-02;-7.218823e-03;6.965441e-02;-1.092637e-02;5.003125e-02;-6.152519e-03;7.053573e-02;-1.170856e-02;6.153384e-02;-1.015052e-02;6.856164e-02;-1.255918e-02;5.840468e-02;-1.407555e-02;9.675387e-02;-1.852151e-02;1.203844e-01;-1.661683e-02;1.062318e-01;-1.633163e-02;1.900329e-01;-1.644370e-02;1.396457e-01;-2.637323e-02;1.385432e-01;-2.332512e-02;1.336212e-01;-2.221357e-02;1.148601e-01;-1.549423e-02;1.150951e-01;-1.738469e-02;1.268919e-01;-1.981223e-02;9.567178e-02;-2.020781e-02;7.894443e-02;-1.769089e-02;6.352172e-02;-1.054791e-02;5.150156e-02;-7.909863e-03;9.458588e-02;-1.507068e-02;1.972485e-03;-2.678137e-04;7.924570e+00;-5.311524e-01;1.119336e+01;-4.593750e-01;8.619727e+00;2.727539e-01;8.405933e+00;2.583984e-01;4.495458e-02;-6.851830e-03;5.585174e+00;-3.282173e-01;4.884840e-02;6.851373e-05;7.171941e+03;-7.350853e+02;1.802870e+00;-2.278135e-02;1.956994e+02;9.704759e-01;1.863608e-02;5.104678e-03;6.134018e-03;-3.131920e-04;7.207852e-02;-4.946722e-03;1.395707e+00;8.520893e-02;1.146533e+00;5.972043e-02;1.213484e+00;-3.231575e-02;1.468104e+00;-1.263968e-01;1.612492e+00;2.783958e-02;1.798384e+00;1.631684e-02;2.174331e+00;-6.503419e-02;1.797243e+00;1.944733e-01;1.717657e+00;-3.405737e-02;2.023454e+00;4.204672e-02;1.449059e+00;8.096357e-02;1.562068e+00;8.263092e-02;1.617470e+00;5.093194e-03;1.654679e+00;3.907809e-02
5.000000;1.102338e+01;6.324056e+01;7.673416e-02;7.466886e-01;1.088245e-01;7.181367e-02;1.170845e-01;1.242981e-01;1.142183e-01;1.543405e-01;6.319031e+00;5.299014e+00;3.357081e-01;1.100543e+00;4.414147e-01;1.151861e+00;1.127894e-02;7.710915e-02;8.654683e-03;1.772487e-02;1.500357e-02;1.307501e-01;3.513973e-02;2.568822e-01;6.505357e-02;4.029469e-01;8.447415e-02;5.686340e-01;1.048468e-01;6.870617e-01;2.722611e-01;8.751653e-01;2.732981e-01;9.795488e-01;3.119594e-01;9.725801e-01;3.934751e-01;1.089155e+00;4.377719e-01;1.180182e+00;4.864280e-01;1.215633e+00;4.560640e-01;1.307591e+00;5.409454e-01;1.373773e+00;6.159151e-01;1.395379e+00;7.081136e-01;1.539520e+00;8.801968e-01;1.679055e+00;8.765987e-01;1.699690e+00;7.383085e-01;1.637792e+00;8.278325e-01;1.777607e+00;9.924911e-01;1.834073e+00;1.003058e+00;1.760031e+00;8.522117e-01;1.576997e+00;6.079664e-01;1.275010e+00;5.470740e-01;1.101267e+00;4.634262e-01;8.950151e-01;3.731011e-01;7.370545e-01;3.199728e-01;8.966175e-01;2.832339e-02;2.097919e-02;4.599914e+01;1.198682e+02;4.757187e+01;2.113125e+02;5.356802e+01;3.063457e+02;1.562684e+02;4.052549e+02;1.318363e-01;7.179667e-01;7.653606e+01;2.508531e+02;3.872080e-01;3.044152e+00;1.874915e+05;1.329286e+05;6.977319e+00;1.477458e+01;6.473630e+02;7.174696e+02;9.123950e-02;-2.881102e-01;6.586890e-02;2.590229e-01;2.582052e-01;5.072733e-01;9.097124e+00;3.481041e+01;5.044103e+00;1.962728e+01;6.141676e+00;8.944968e+00;8.030579e+00;1.825272e+00;6.770981e+00;6.962140e+00;5.608495e+00;-3.469654e+00;9.161856e+00;-6.327378e+00;7.758947e+00;-2.025245e+00;6.713169e+00;-8.257184e+00;5.943569e+00;-1.671425e+00;7.606884e+00;-2.411252e+00;5.464817e+00;-5.179600e+00;5.725025e+00;4.242400e+00;6.621008e+00;5.672726e+00;1.650021e-03;-2.439328e-05;2.737355e-06;-1.934332e-07;1.182692e-05;7.092176e-08;2.027814e-05;-8.928420e-07;2.952314e-05;7.256799e-07;1.883393e-03;-1.438388e-05;5.473885e-02;3.271970e-03;9.502159e-02;-1.800715e-03;2.716894e-03;-2.281347e-04;1.311096e-03;1.490300e-04;4.360453e-03;-2.425776e-04;6.196192e-03;-8.193517e-04;1.481207e-02;-1.300824e-03;2.277040e-02;7.717384e-04;2.669761e-02;-4.976714e-04;5.271201e-02;2.405650e-03;5.506259e-02;2.949955e-03;5.679132e-02;4.762334e-03;9.920851e-02;5.251129e-03;1.056547e-01;1.481573e-03;1.162350e-01;6.215943e-04;9.894068e-02;-1.107830e-03;1.243684e-01;-3.900326e-04;1.551083e-01;1.445624e-03;1.907589e-01;-2.824760e-03;2.197984e-01;-2.256401e-02;2.126458e-01;-8.618840e-03;1.763640e-01;-3.587552e-03;1.687183e-01;-4.552542e-03;2.143071e-01;-3.759315e-03;2.238678e-01;-2.328050e-03;1.943706e-01;-6.125829e-03;1.409866e-01;-3.168098e-03;1.151602e-01;-1.065488e-03;1.097083e-01;6.644206e-04;8.259577e-02;-4.219847e-03;1.078782e-01;4.373997e-04;6.472242e-03;1.815804e-04;1.171941e+01;8.039063e-01;1.379458e+01;1.378125e+00;1.002485e+01;2.239453e+00;2.944604e+01;2.253808e+00;4.841927e-02;3.744359e-04;1.299914e+01;1.820500e+00;5.766498e-02;8.632381e-03;3.668696e+04;2.173698e+03;1.696020e+00;-5.957098e-02;1.837707e+02;-3.657047e+00;1.987736e-02;2.054360e-03;1.095239e-02;1.755641e-03;6.095078e-02;-7.945881e-03;1.719978e+00;-2.163030e-02;1.566433e+00;-4.742662e-02;1.086519e+00;-2.286599e-01;1.330220e+00;-1.988857e-01;1.951069e+00;-3.895770e-02;1.603679e+00;-6.429490e-02;2.165744e+00;6.774117e-03;2.274988e+00;2.345249e-01;1.766435e+00;1.877858e-02;2.023938e+00;-8.308422e-02;1.278622e+00;2.379647e-01;1.745984e+00;4.719704e-03;1.708177e+00;1.148796e-01;1.851194e+00;1.770536e-02
5.500000;1.191233e+01;6.753144e+01;7.626892e-02;7.424187e-01;1.238585e-01;1.027141e-01;1.126216e-01;1.106168e-01;1.092515e-01;1.386901e-01;6.284811e+00;5.141025e+00;2.839073e-01;1.277805e+00;4.088051e-01;1.205026e+00;1.202186e-02;6.810688e-02;1.069154e-02;2.386747e-02;1.694784e-02;1.223660e-01;3.120313e-02;2.536379e-01;5.039183e-02;4.030803e-01;7.012334e-02;5.681986e-01;1.112027e-01;7.091679e-01;2.810717e-01;8.163410e-01;2.634321e-01;8.898004e-01;2.988541e-01;9.757620e-01;3.875478e-01;1.056615e+00;4.467172e-01;1.170002e+00;4.554475e-01;1.291551e+00;4.246081e-01;1.403792e+00;4.737776e-01;1.456429e+00;5.406839e-01;1.525566e+00;6.753033e-01;1.587157e+00;7.525405e-01;1.659906e+00;8.196970e-01;1.737086e+00;6.804346e-01;1.799630e+00;7.519386e-01;1.882022e+00;9.397928e-01;1.999679e+00;9.459286e-01;1.885367e+00;8.828670e-01;1.789414e+00;7.944965e-01;1.485742e+00;5.225804e-01;1.159634e+00;4.397411e-01;9.246199e-01;3.549790e-01;7.781181e-01;3.589423e-01;9.305787e-01;2.763870e-02;3.210502e-02;5.646574e+01;1.547520e+02;5.504794e+01;2.678730e+02;7.677640e+01;3.672129e+02;5.199268e+02;5.868516e+02;1.522084e-01;6.757054e-01;1.455841e+02;3.429449e+02;3.027803e-01;3.279181e+00;4.714612e+05;3.179122e+05;3.532382e+00;1.147047e+01;1.969601e+02;2.834811e+02;7.992828e-02;-2.258238e-01;1.003315e-01;3.367152e-01;1.593665e-01;4.400009e-01;5.727263e+00;2.804467e+01;5.481064e+00;1.592485e+01;4.245223e+00;7.478907e+00;6.150027e+00;-2.702157e+00;6.608068e+00;8.653364e+00;8.796769e+00;-1.111141e+01;7.447876e+00;-1.164453e+01;7.148261e+00;1.030511e+00;7.646151e+00;-6.753314e+00;6.893909e+00;-7.328940e-01;4.806189e+00;1.254231e+00;6.750738e+00;-6.290578e-01;5.238689e+00;5.974077e+00;8.260303e+00;9.834770e+00;1.676898e-03;1.569790e-04;2.788282e-06;-1.588745e-07;1.736888e-05;-1.266162e-06;1.705533e-05;-1.330017e-06;2.573230e-05;6.868208e-07;1.902799e-03;-4.742936e-05;5.833118e-02;1.926116e-03;9.438378e-02;-1.334070e-03;2.698524e-03;-5.323832e-05;2.565229e-03;2.519440e-07;4.946955e-03;3.631640e-05;1.069620e-02;9.763369e-04;1.415392e-02;7.586600e-04;2.049439e-02;-2.354247e-04;2.735968e-02;-5.910730e-04;4.620359e-02;-1.653389e-03;4.691752e-02;-1.823354e-03;5.516383e-02;-4.339005e-04;9.485526e-02;8.337253e-06;1.082675e-01;1.720424e-03;1.233286e-01;-1.072062e-03;1.238103e-01;-9.102014e-04;1.175565e-01;8.623151e-04;1.432104e-01;3.450463e-04;1.818891e-01;1.597696e-03;2.033256e-01;2.919167e-03;2.058023e-01;4.959128e-03;1.718366e-01;-1.156477e-03;1.700179e-01;-7.373359e-03;2.297596e-01;-7.688581e-03;2.268884e-01;-6.426553e-03;2.437624e-01;-6.727086e-03;2.259192e-01;-3.322328e-03;1.203855e-01;-2.745048e-03;1.060588e-01;-2.895507e-03;8.590124e-02;-3.814879e-03;9.955704e-02;1.908935e-03;8.118168e-03;9.547976e-05;1.526412e+01;8.613281e-01;1.415379e+01;1.004883e+00;2.724671e+01;4.737305e-01;1.841030e+02;3.158203e-01;4.712135e-02;1.967640e-05;4.486198e+01;8.351871e-01;7.727265e-02;5.473554e-04;1.576547e+05;1.215093e+02;1.082353e+00;-3.408184e-03;5.652682e+01;-7.524452e-01;1.852224e-02;3.333515e-04;2.871009e-02;8.965603e-04;5.003963e-02;6.316546e-04;1.646843e+00;-5.437335e-02;1.413933e+00;-1.436007e-01;1.293422e+00;6.382181e-02;1.394009e+00;6.272507e-02;1.870713e+00;-2.189395e-02;2.070832e+00;-9.467082e-02;2.685228e+00;3.681965e-02;2.381431e+00;-2.001181e-01;2.131585e+00;-1.005048e-02;2.309408e+00;-2.283587e-02;1.684883e+00;-6.654881e-03;2.034071e+00;-1.278549e-02;1.553405e+00;9.112055e-02;2.083894e+00;3.138249e-03
6.000000;1.021311e+01;6.880687e+01;7.639571e-02;7.503576e-01;1.185800e-01;1.032182e-01;1.100411e-01;9.999434e-02;1.628069e-01;2.241174e-01;6.317681e+00;4.711373e+00;2.321944e-01;1.082260e+00;2.022381e-01;9.070687e-01;1.729215e-02;7.733949e-02;1.051175e-02;1.828924e-02;1.901827e-02;1.262019e-01;7.450014e-02;2.966644e-01;8.673605e-02;4.546821e-01;6.021248e-02;5.662744e-01;9.498630e-02;6.716289e-01;9.291273e-02;6.672514e-01;1.289778e-01;7.788610e-01;1.378739e-01;8.440859e-01;1.469197e-01;8.594312e-01;1.321796e-01;9.349578e-01;2.244114e-01;9.829004e-01;2.830807e-01;1.072504e+00;3.037777e-01;1.081290e+00;3.391191e-01;1.175059e+00;3.311303e-01;1.188857e+00;3.723591e-01;1.269479e+00;3.429815e-01;1.286225e+00;4.708503e-01;1.371543e+00;4.655772e-01;1.303071e+00;5.661542e-01;1.281848e+00;4.501511e-01;1.176517e+00;7.055941e-01;1.173605e+00;7.313320e-01;1.088825e+00;2.566392e-01;7.800425e-01;1.571654e-01;6.280969e-01;1.895337e-01;5.238855e-01;4.878813e-01;1.221153e+00;1.827727e-02;1.624765e-02;4.222046e+01;1.792998e+02;4.552540e+01;2.694521e+02;8.123217e+01;3.474023e+02;5.230712e+02;5.139258e+02;2.117736e-01;7.490799e-01;1.458073e+02;3.145428e+02;2.838863e-01;3.061415e+00;4.764230e+05;2.108240e+05;8.625052e+00;1.714628e+01;1.454838e+03;1.354627e+03;1.271167e-01;-2.976452e-01;9.755765e-02;3.181711e-01;2.018104e-01;5.390817e-01;1.015850e+01;3.591920e+01;7.073224e+00;1.898407e+01;4.064401e+00;1.156672e+01;5.823382e+00;1.502959e-01;5.785338e+00;4.940310e+00;8.372972e+00;-1.131637e+01;6.357573e+00;-1.235577e+01;9.636371e+00;-7.869527e+00;6.454185e+00;-5.689810e+00;6.922295e+00;-6.650427e+00;8.254515e+00;-5.365779e+00;7.331434e+00;-2.217687e+00;4.639609e+00;4.347427e+00;6.698534e+00;1.133161e+01;1.473397e-03;-2.794310e-05;2.266755e-06;2.913382e-07;1.799933e-05;-1.675277e-06;1.817037e-05;-2.978652e-06;2.620106e-05;-5.903394e-07;1.505715e-03;2.063472e-05;3.824717e-02;-7.719589e-03;5.542541e-02;-1.557059e-03;2.575381e-03;2.353351e-04;2.235495e-03;-1.622575e-04;4.333203e-03;3.772791e-04;1.360392e-02;8.586309e-04;1.336017e-02;6.980766e-04;1.764906e-02;-1.211474e-03;2.177331e-02;-1.885464e-03;3.058900e-02;-2.191670e-03;3.697012e-02;-4.020669e-03;3.360634e-02;-2.555761e-03;4.553601e-02;-1.776805e-03;4.837326e-02;-3.910683e-03;7.493626e-02;-1.471536e-03;9.147216e-02;-3.802450e-03;7.666023e-02;-7.044650e-04;8.858921e-02;-2.240244e-03;9.188546e-02;-3.467174e-03;1.141479e-01;-4.847845e-03;1.104690e-01;2.038690e-03;1.149250e-01;-7.104458e-04;1.324040e-01;-1.778819e-03;1.394020e-01;-3.927222e-03;1.127221e-01;-2.274498e-03;1.816396e-01;-1.025323e-03;1.957876e-01;-7.825894e-04;6.893820e-02;1.352470e-04;4.475260e-02;-4.094772e-04;4.947275e-02;4.031577e-04;1.091479e-01;-2.019513e-03;5.033325e-03;-3.997855e-04;1.282716e+01;-9.618164e-01;1.209770e+01;-1.492969e+00;2.634569e+01;-2.182031e+00;1.818413e+02;-2.411719e+00;7.284104e-02;1.261791e-03;4.321639e+01;-2.067158e+00;6.544882e-02;-1.021168e-02;1.533795e+05;-2.812927e+03;2.588652e+00;2.425368e-01;3.786838e+02;4.824755e+01;2.372362e-02;-1.900675e-03;2.714182e-02;-1.928989e-03;5.303326e-02;1.632428e-03;1.511257e+00;1.790372e-01;1.087534e+00;1.671180e-01;1.217918e+00;1.634855e-01;1.290783e+00;1.834605e-01;1.396038e+00;7.346034e-03;1.948649e+00;1.037225e-01;2.330320e+00;-1.925281e-02;1.865671e+00;-2.261858e-01;2.044395e+00;2.780673e-02;1.888797e+00;-1.333637e-01;1.682509e+00;-1.950030e-01;1.952469e+00;1.987199e-02;1.380425e+00;-5.963419e-02;1.868442e+00;-3.904638e-02
6.500000;2.645950e+01;5.765232e+01;2.050443e-01;6.931247e-01;8.293272e-02;4.372377e-02;9.235309e-02;4.906936e-02;1.783286e-01;1.880202e-01;3.745756e+01;-1.240513e+01;3.635074e-01;1.084153e+00;7.648429e-01;1.140389e+00;1.126598e-02;9.840095e-02;3.833932e-03;1.330688e-02;2.060711e-02;1.377031e-01;6.165709e-02;3.150660e-01;7.255204e-02;4.773979e-01;4.677620e-02;5.697465e-01;5.055175e-02;6.765345e-01;2.689846e-01;7.998829e-01;3.189597e-01;8.723317e-01;3.947536e-01;9.677183e-01;8.945863e-01;1.172218e+00;5.576532e-01;1.138381e+00;7.505803e-01;1.271618e+00;7.039745e-01;1.260959e+00;1.131699e+00;1.448819e+00;1.314542e+00;1.559930e+00;1.105754e+00;1.549953e+00;1.207321e+00;1.595958e+00;1.376305e+00;1.710877e+00;1.375442e+00;1.666862e+00;1.224900e+00;1.617322e+00;1.265814e+00;1.659407e+00;1.357314e+00;1.660890e+00;1.476601e+00;1.549600e+00;1.286438e+00;1.314421e+00;1.042975e+00;1.065840e+00;6.838396e-01;8.611028e-01;6.302819e-01;7.295661e-01;4.486606e-01;1.618825e+00;3.302949e-02;1.808180e-02;2.313458e+01;1.755674e+02;2.126161e+01;2.308359e+02;3.338719e+01;2.938564e+02;9.235499e+01;3.664951e+02;2.798582e-01;1.011688e+00;4.561975e+01;2.503753e+02;2.414976e-01;2.867736e+00;1.312465e+05;6.800231e+04;1.007202e+01;2.288912e+01;2.066471e+03;2.293973e+03;1.158950e-01;-4.634285e-01;3.522917e-02;2.666676e-01;2.272128e-01;7.776865e-01;8.764693e+00;3.940210e+01;6.428163e+00;2.342616e+01;4.817247e+00;1.360972e+01;3.069451e+00;4.969554e+00;6.833042e+00;5.622038e+00;4.912135e+00;-9.307521e+00;6.143683e+00;-1.138033e+01;5.331896e+00;-1.261879e+01;6.278979e+00;-1.097951e+01;7.859380e+00;-8.162900e+00;4.792841e+00;-1.296058e+01;6.089494e+00;-5.263908e+00;4.497711e+00;1.031540e+00;5.088451e+00;6.059799e+00;9.182588e-04;-7.003955e-05;1.373393e-06;-6.009778e-08;1.103067e-05;-4.780239e-07;1.314915e-05;-1.685550e-06;2.280013e-05;-4.167759e-07;3.805908e-03;-1.128908e-04;7.550601e-02;6.287581e-04;1.833996e-01;3.087583e-04;2.250867e-03;4.685920e-04;8.442378e-04;-5.416981e-05;4.585022e-03;1.388479e-04;1.013072e-02;-7.942028e-04;1.185790e-02;-5.510460e-04;1.147146e-02;1.150915e-04;1.119735e-02;4.835418e-04;4.980436e-02;3.739806e-04;9.385344e-02;1.672990e-03;1.018013e-01;-1.255694e-03;2.187708e-01;3.158872e-04;1.308900e-01;-1.441237e-03;1.481613e-01;1.089073e-03;1.503045e-01;2.171316e-03;2.655980e-01;9.176139e-04;3.427894e-01;4.611104e-04;2.892815e-01;2.452972e-05;3.227247e-01;-1.954636e-03;3.570940e-01;-3.793402e-03;3.485021e-01;-2.050317e-03;3.109500e-01;1.182092e-03;2.809626e-01;2.136320e-03;3.197559e-01;1.955058e-03;3.551904e-01;4.019287e-03;3.133926e-01;2.070494e-03;2.477029e-01;-1.226630e-03;1.726141e-01;9.772449e-04;1.387562e-01;9.903610e-04;1.112821e-01;1.407415e-02;8.989319e-03;-2.640310e-05;7.006454e+00;-2.440430e-01;6.954628e+00;-4.306641e-01;1.153675e+01;-6.172851e-01;3.570762e+01;-4.306641e-01;8.478697e-02;8.562610e-03;1.509761e+01;-6.436222e-01;7.027762e-02;-1.005864e-03;3.496586e+04;-5.033130e+02;3.028562e+00;3.070211e-02;4.925808e+02;3.729212e+00;2.617025e-02;-3.845098e-03;1.199282e-02;-6.495437e-04;6.941283e-02;5.457364e-03;1.731979e+00;5.632039e-02;1.573227e+00;6.566890e-02;1.194985e+00;-1.223991e-02;9.330594e-01;7.295938e-02;1.160323e+00;1.189443e-01;1.124885e+00;-5.591173e-02;1.776091e+00;-5.348036e-02;1.210794e+00;4.720678e-02;1.569644e+00;-7.921772e-02;1.420896e+00;8.692462e-02;1.658438e+00;-1.905916e-01;1.253850e+00;6.788927e-02;1.559502e+00;-8.875272e-02;1.157488e+00;-1.596366e-02
7.000000;3.233117e+01;5.000754e+01;2.799341e-01;6.176243e-01;4.204970e-02;9.833624e-03;4.735472e-03;2.265312e-03;1.321940e-01;1.006249e-01;4.196576e+01;-2.528604e+01;3.408820e-01;1.307802e+00;7.277824e-01;1.269678e+00;1.277152e-02;1.046761e-01;5.252591e-03;1.512220e-02;2.091078e-02;1.346641e-01;3.517106e-02;2.722124e-01;4.902406e-02;4.154913e-01;3.894620e-02;5.594014e-01;7.091194e-02;6.966073e-01;2.550833e-01;8.684376e-01;3.082612e-01;9.740284e-01;3.862469e-01;1.046961e+00;8.729913e-01;1.242572e+00;5.516150e-01;1.283180e+00;7.023544e-01;1.431576e+00;6.709413e-01;1.435625e+00;1.063265e+00;1.639865e+00;1.248997e+00;1.786803e+00;1.046352e+00;1.737776e+00;1.183712e+00;1.755385e+00;1.355508e+00;1.857239e+00;1.344173e+00;1.904522e+00;1.131994e+00;1.851902e+00;1.146396e+00;1.918886e+00;1.271957e+00;1.882028e+00;1.390599e+00;1.722449e+00;1.244510e+00;1.453830e+00;1.025459e+00;1.298457e+00;6.639591e-01;1.013648e+00;6.031617e-01;8.280743e-01;4.779887e-01;1.704629e+00;3.281122e-02;3.231680e-02;2.687350e+01;1.627910e+02;2.637034e+01;2.273906e+02;4.073110e+01;2.922773e+02;1.187172e+02;3.890332e+02;2.518924e-01;1.150845e+00;6.183768e+01;2.601379e+02;2.985691e-01;2.993909e+00;1.677901e+05;1.149131e+05;1.026025e+01;1.945112e+01;2.073430e+03;1.487177e+03;1.414882e-01;-5.225595e-01;4.989587e-02;2.714357e-01;2.628466e-01;8.852299e-01;7.264504e+00;3.374849e+01;6.701911e+00;2.032038e+01;6.264989e+00;1.081765e+01;2.809394e+00;6.065120e+00;7.261711e+00;8.912124e+00;4.292375e+00;-1.178035e+01;6.133255e+00;-1.223054e+01;6.303726e+00;-5.684620e+00;5.356443e+00;-1.291473e+01;8.065144e+00;-4.920995e+00;8.088140e+00;-9.022540e+00;6.841577e+00;-4.855003e+00;4.873263e+00;9.014627e-03;5.427617e+00;1.297100e+00;4.185081e-04;7.530520e-05;1.286248e-06;-3.098044e-07;4.037279e-07;-1.946419e-08;4.005278e-07;-1.186405e-08;1.284460e-05;1.068762e-06;5.559457e-03;-5.631846e-04;8.124030e-02;5.166787e-03;1.851760e-01;-8.292812e-04;2.717202e-03;-6.865860e-05;1.324287e-03;4.963468e-05;5.114466e-03;-6.152207e-06;7.619421e-03;-8.104943e-04;9.535879e-03;-4.851200e-04;1.353068e-02;6.301604e-04;1.799762e-02;8.982053e-04;4.949460e-02;-1.353929e-04;9.398571e-02;4.099214e-03;1.020474e-01;3.247396e-03;2.179414e-01;-1.690819e-03;1.402498e-01;3.064729e-03;1.520062e-01;2.837907e-03;1.567166e-01;1.035902e-03;2.677712e-01;-2.894220e-03;3.476868e-01;7.115286e-04;2.885401e-01;6.790355e-04;3.277107e-01;-1.563991e-03;3.642266e-01;-5.531910e-03;3.619100e-01;-3.380872e-03;3.071395e-01;-1.273957e-03;2.789226e-01;-2.187875e-03;3.238721e-01;-2.460761e-03;3.545897e-01;-3.708392e-03;3.190407e-01;-4.896009e-03;2.612536e-01;-2.814535e-03;1.787718e-01;-2.481307e-03;1.418933e-01;-2.443589e-03;1.236648e-01;4.201987e-03;9.682424e-03;3.426250e-04;8.558689e+00;-1.004883e-01;8.509524e+00;5.598633e-01;1.382284e+01;1.047949e+00;4.219702e+01;1.579102e+00;8.780616e-02;4.245996e-03;1.923106e+01;6.375483e-01;8.229029e-02;7.606427e-03;4.988674e+04;4.427036e+02;2.162127e+00;-2.778248e-01;3.867315e+02;-4.801151e+01;3.208644e-02;3.273217e-04;1.548437e-02;6.224434e-04;8.121482e-02;-5.588941e-04;1.743083e+00;-5.428303e-02;1.553462e+00;-1.669192e-01;1.269466e+00;-1.575827e-01;9.136453e-01;-4.116876e-02;1.522759e+00;7.331529e-02;1.096663e+00;-9.838227e-02;1.877882e+00;-5.706236e-02;1.360271e+00;2.472908e-01;1.505931e+00;-2.612240e-02;1.588597e+00;9.739692e-02;1.853360e+00;1.732031e-01;1.367349e+00;-9.617616e-02;1.725645e+00;-5.784022e-02;1.502670e+00;-1.316159e-02
7.500000;3.714384e+01;3.125748e+01;3.536648e-01;4.611752e-01;4.295470e-02;9.906721e-03;4.109669e-03;1.221013e-03;1.523568e-01;8.952779e-02;4.599235e+01;-5.633353e+01;2.380850e-01;1.206542e+00;2.637808e-01;9.797411e-01;1.662240e-02;9.188233e-02;5.147179e-03;1.547367e-02;1.323498e-02;1.293030e-01;3.341635e-02;2.640426e-01;5.063981e-02;3.971885e-01;3.062587e-02;5.496048e-01;6.992970e-02;6.820329e-01;1.417080e-01;7.683865e-01;1.980132e-01;8.905533e-01;2.046956e-01;9.269657e-01;2.222411e-01;9.976172e-01;2.855867e-01;1.053288e+00;2.765432e-01;1.095661e+00;2.839659e-01;1.137645e+00;2.898019e-01;1.186054e+00;3.745265e-01;1.288012e+00;3.510430e-01;1.344465e+00;5.621184e-01;1.386358e+00;6.206915e-01;1.387004e+00;6.331294e-01;1.497572e+00;4.595651e-01;1.438617e+00;4.339952e-01;1.357625e+00;4.451442e-01;1.280712e+00;3.892989e-01;1.104342e+00;4.970639e-01;1.037109e+00;4.908435e-01;9.576971e-01;3.092347e-01;7.366590e-01;2.309680e-01;5.787522e-01;4.939908e-01;1.358821e+00;1.884679e-02;2.447150e-02;2.807916e+01;1.465693e+02;3.120755e+01;2.327021e+02;3.825133e+01;3.186914e+02;8.417545e+01;3.985078e+02;2.427930e-01;1.020707e+00;4.741891e+01;2.582250e+02;1.971661e-01;3.104723e+00;1.257844e+05;8.274469e+04;5.944037e+00;1.461353e+01;7.848611e+02;7.684824e+02;1.644525e-01;-4.071089e-01;4.038736e-02;2.727278e-01;2.757356e-01;7.164789e-01;6.579040e+00;3.725670e+01;4.429717e+00;1.691665e+01;4.736012e+00;7.099734e+00;3.668241e+00;5.498399e+00;6.212722e+00;7.861704e+00;4.189489e+00;-1.162354e+01;5.269559e+00;-1.341282e+01;6.882263e+00;-1.023371e-01;4.524511e+00;-1.134192e+01;4.597557e+00;-5.276455e+00;8.610129e+00;1.858521e+00;5.902387e+00;-5.241225e+00;4.774274e+00;5.435447e-01;5.929266e+00;3.602927e+00;4.155859e-04;8.023711e-05;1.103803e-06;-1.920516e-07;3.337460e-07;-5.285963e-08;2.831581e-07;-3.374693e-08;1.102029e-05;1.445472e-06;5.681007e-03;-3.049962e-04;7.106483e-02;5.292341e-03;7.157517e-02;2.122161e-03;2.726150e-03;-2.497674e-04;1.737424e-03;3.354749e-04;4.931324e-03;-1.378248e-04;8.172634e-03;1.108039e-04;9.838113e-03;3.846603e-04;1.249464e-02;9.238243e-05;1.798517e-02;1.037993e-05;3.498371e-02;8.965086e-04;4.541800e-02;-5.068518e-04;4.466034e-02;1.857835e-03;6.167163e-02;3.604594e-03;6.798157e-02;1.338193e-03;7.158192e-02;3.057739e-04;6.981062e-02;-5.429482e-04;8.162680e-02;-1.728131e-04;1.088959e-01;2.315970e-03;9.889778e-02;4.249376e-03;1.664041e-01;8.605842e-03;1.860329e-01;7.573428e-03;1.833116e-01;8.084399e-03;1.387339e-01;5.305156e-03;1.046014e-01;1.477424e-03;1.175050e-01;6.427716e-04;1.185831e-01;1.799112e-03;1.398153e-01;2.477557e-03;1.241658e-01;4.219735e-03;7.300501e-02;4.712417e-04;5.439406e-02;7.134789e-04;1.055420e-01;-1.085151e-02;9.853657e-03;1.315483e-03;9.696681e+00;3.014649e-01;1.100105e+01;6.316406e-01;1.646316e+01;2.583984e+00;3.896080e+01;5.153613e+00;9.163287e-02;-6.310369e-03;1.894949e+01;2.260998e+00;7.228643e-02;7.214136e-03;4.721790e+04;4.768903e+03;1.422222e+00;-7.305337e-02;2.422369e+02;1.250603e+00;2.967070e-02;2.326308e-03;1.529316e-02;1.750906e-03;6.547838e-02;-5.084752e-04;1.717315e+00;-2.991736e-02;1.140598e+00;-1.021642e-01;1.023481e+00;-1.301307e-02;1.171716e+00;-5.911356e-02;1.612975e+00;-2.051620e-01;1.354837e+00;1.465907e-01;1.463810e+00;1.304693e-01;2.025701e+00;-7.899697e-02;1.476584e+00;5.184504e-02;1.321483e+00;-1.465433e-01;1.821477e+00;2.140039e-01;1.420142e+00;-5.982614e-02;1.567530e+00;2.192331e-02;1.393823e+00;3.447862e-02
8.000000;3.642740e+01;3.820372e+01;3.305722e-01;5.292190e-01;5.059156e-02;1.696399e-02;8.599172e-02;3.129689e-02;1.402059e-01;1.013890e-01;5.025217e+01;-4.447730e+01;3.499074e-01;1.229496e+00;5.436909e-01;1.071223e+00;5.969696e-03;8.305493e-02;1.184155e-02;1.919375e-02;1.285634e-02;1.247221e-01;2.962782e-02;2.738248e-01;5.351394e-02;4.298988e-01;2.934816e-02;5.534551e-01;3.639938e-02;6.535670e-01;1.699888e-01;7.741233e-01;2.635145e-01;8.225917e-01;3.288914e-01;9.173495e-01;4.189890e-01;1.018852e+00;3.888796e-01;1.026020e+00;3.904170e-01;1.101279e+00;5.069302e-01;1.172428e+00;6.575770e-01;1.240746e+00;5.200307e-01;1.226814e+00;5.139196e-01;1.355180e+00;1.083794e+00;1.592059e+00;1.347865e+00;1.681694e+00;1.034277e+00;1.637743e+00;1.037426e+00;1.672562e+00;8.325508e-01;1.600495e+00;8.830466e-01;1.498954e+00;1.170537e+00;1.488977e+00;1.167165e+00;1.369493e+00;9.899574e-01;1.107616e+00;5.834674e-01;8.187935e-01;4.640132e-01;6.925553e-01;3.580688e-01;1.259488e+00;5.493801e-02;3.321160e-02;4.154141e+01;1.695381e+02;3.611506e+01;2.507900e+02;9.453749e+01;3.511348e+02;2.324742e+02;4.524844e+02;1.942634e-01;8.560458e-01;1.093797e+02;2.961313e+02;3.733776e-01;3.156810e+00;3.273978e+05;1.748682e+05;5.279673e+00;1.442563e+01;3.818473e+02;6.057736e+02;5.794166e-02;-3.261419e-01;8.290416e-02;3.046500e-01;1.391143e-01;6.173503e-01;8.260070e+00;3.457005e+01;5.511203e+00;1.749052e+01;6.140385e+00;7.423262e+00;5.483593e+00;2.277734e+00;5.829161e+00;6.800787e+00;5.371981e+00;-1.097959e+01;8.207925e+00;-1.359508e+01;9.366640e+00;-4.717450e+00;6.509235e+00;-1.024083e+01;5.192207e+00;-6.931541e+00;8.404123e+00;7.634314e-01;6.665028e+00;-6.072890e+00;4.705803e+00;-9.929104e-01;3.460433e+00;7.297129e+00;7.821043e-04;-6.193669e-05;1.278830e-06;2.266637e-07;7.039032e-06;4.357035e-07;5.384119e-06;-9.395517e-07;1.482694e-05;-5.194078e-08;4.498186e-03;5.411949e-04;8.771659e-02;9.398130e-04;1.417810e-01;4.654594e-03;2.102823e-03;1.399555e-04;2.169280e-03;-1.448729e-05;4.760841e-03;1.382069e-04;7.195109e-03;7.928451e-04;9.987947e-03;7.732652e-04;1.071127e-02;3.892395e-04;1.354281e-02;4.452673e-04;4.383602e-02;2.471040e-03;6.352030e-02;1.846761e-03;8.433145e-02;7.610663e-04;1.040982e-01;5.651372e-03;9.349086e-02;2.116281e-03;9.264662e-02;1.886638e-03;1.492527e-01;1.938794e-03;2.029199e-01;6.760715e-03;1.572684e-01;6.931060e-03;1.486221e-01;5.195778e-03;3.015754e-01;1.628102e-02;3.892590e-01;1.437833e-02;2.819972e-01;8.059714e-03;2.780133e-01;2.617104e-03;2.223021e-01;2.981233e-03;2.127647e-01;5.027713e-03;2.788215e-01;1.211139e-02;2.980814e-01;1.066643e-02;2.468105e-01;4.136092e-03;1.477625e-01;3.808027e-03;1.051503e-01;2.854014e-03;8.924469e-02;2.920722e-03;1.529589e-02;-1.134996e-04;9.375121e+00;4.306641e-01;1.041613e+01;-3.588867e-01;2.754037e+01;-6.603516e-01;5.950039e+01;-1.076660e+00;8.225065e-02;-3.026717e-03;2.569218e+01;-1.753294e-01;8.839704e-02;-2.439129e-03;7.300371e+04;3.579570e+02;1.035674e+00;9.626245e-02;1.072794e+02;2.916107e+00;1.870047e-02;-8.602259e-04;1.947691e-02;-2.001268e-04;5.415687e-02;2.706988e-03;1.787774e+00;-8.785953e-02;1.310037e+00;5.965135e-02;1.511047e+00;1.026826e-01;1.499856e+00;7.198900e-03;1.442126e+00;-7.763463e-02;1.541040e+00;-2.364061e-03;2.054224e+00;1.807646e-01;2.213554e+00;-2.543240e-01;2.326097e+00;4.071847e-02;1.930095e+00;7.860518e-02;1.724722e+00;-1.684397e-01;1.728578e+00;7.870651e-02;1.790351e+00;-1.605642e-02;1.187264e+00;1.317618e-02
8.500000;1.072868e+01;6.746004e+01;7.782350e-02;7.392555e-01;1.019169e-01;5.595849e-02;1.327822e-01;1.063424e-01;1.404867e-01;1.915330e-01;1.008795e+01;2.743872e+00;3.683513e-01;1.186992e+00;5.338277e-01;1.082371e+00;7.382808e-03;8.680357e-02;1.187239e-02;1.801335e-02;1.874078e-02;1.332628e-01;2.606069e-02;2.787313e-01;4.935398e-02;4.396296e-01;5.989751e-02;5.530117e-01;4.618926e-02;6.528651e-01;1.577651e-01;7.730807e-01;2.506170e-01;8.454248e-01;3.344953e-01;9.416835e-01;4.168109e-01;9.894751e-01;3.876251e-01;1.054043e+00;4.046176e-01;1.080410e+00;5.150873e-01;1.197309e+00;6.787652e-01;1.308915e+00;5.664650e-01;1.285914e+00;5.320053e-01;1.378665e+00;1.026897e+00;1.635018e+00;1.281346e+00;1.706861e+00;9.879327e-01;1.619476e+00;1.042606e+00;1.661567e+00;8.260030e-01;1.574690e+00;8.677872e-01;1.495811e+00;1.154165e+00;1.518120e+00;1.135035e+00;1.350178e+00;9.622509e-01;1.120214e+00;5.692489e-01;8.540086e-01;4.494193e-01;6.932760e-01;3.959252e-01;1.319615e+00;5.567640e-02;2.894199e-02;4.930659e+01;1.689639e+02;4.643634e+01;2.357168e+02;1.038979e+02;3.198398e+02;2.382662e+02;4.249219e+02;1.861832e-01;8.391812e-01;1.176518e+02;2.782133e+02;3.935250e-01;3.073379e+00;3.276398e+05;1.718160e+05;5.219851e+00;1.735377e+01;5.097699e+02;8.282184e+02;6.640580e-02;-3.593801e-01;9.319954e-02;2.857314e-01;1.946327e-01;6.174939e-01;7.286512e+00;3.286404e+01;5.531507e+00;2.112208e+01;6.942151e+00;1.172230e+01;6.300331e+00;4.171236e+00;6.580300e+00;4.186051e+00;5.606563e+00;-8.702284e+00;9.087639e+00;-1.076547e+01;5.943853e+00;-1.100509e+01;6.842282e+00;-8.824180e+00;6.791464e+00;-5.350641e+00;4.421443e+00;-5.427783e+00;7.300987e+00;-5.911544e+00;5.121109e+00;-1.002962e+00;4.701715e+00;6.313589e+00;7.952861e-04;-5.919364e-05;1.543708e-06;1.686886e-07;1.326470e-05;1.719453e-06;1.024740e-05;-5.652093e-07;2.287440e-05;1.302919e-07;2.588039e-03;4.287231e-04;7.170332e-02;-8.875664e-03;1.408883e-01;-3.210352e-03;2.539014e-03;1.337530e-04;1.632352e-03;-3.432854e-04;4.564630e-03;7.284246e-05;7.402957e-03;2.842051e-04;1.173101e-02;1.247515e-04;1.594953e-02;3.391108e-04;1.621285e-02;3.105541e-05;4.097418e-02;6.660222e-05;6.735798e-02;-1.703452e-03;9.543131e-02;-1.862984e-03;1.063865e-01;-5.008698e-03;9.527568e-02;-4.413037e-03;9.464127e-02;-3.299743e-03;1.537666e-01;-2.137641e-03;2.145162e-01;-3.273740e-03;1.732502e-01;-6.119774e-03;1.554691e-01;-4.471487e-03;2.878595e-01;-7.401516e-03;3.688249e-01;-7.893861e-03;2.701880e-01;-7.233167e-03;2.792778e-01;-6.237731e-03;2.207276e-01;-3.016229e-03;2.125386e-01;-3.631750e-03;2.748526e-01;-5.153252e-03;2.905208e-01;-5.030055e-03;2.407119e-01;-3.056207e-03;1.472366e-01;-1.649346e-03;1.031873e-01;-1.794074e-03;1.023460e-01;1.084350e-03;1.218806e-02;-1.425030e-03;8.854835e+00;-5.024414e-01;8.432161e+00;-8.469726e-01;2.400840e+01;-2.842383e+00;5.014093e+01;-5.368945e+00;7.062388e-02;-8.814990e-04;2.142195e+01;-2.491393e+00;7.741535e-02;-8.270131e-03;6.645787e+04;-4.976240e+03;1.295393e+00;7.428940e-02;1.331755e+02;9.082997e+00;2.147934e-02;-8.798230e-04;1.630813e-02;-1.978776e-03;6.787840e-02;-6.006864e-04;1.576603e+00;1.165978e-01;1.342992e+00;1.988227e-01;1.489611e+00;1.429878e-01;1.486169e+00;7.003333e-02;1.380765e+00;-7.252220e-02;1.434074e+00;-5.030676e-02;2.210896e+00;-5.418925e-02;1.987664e+00;4.559735e-03;2.393065e+00;4.240957e-02;2.387754e+00;8.510297e-02;1.661580e+00;-6.865355e-02;1.976504e+00;-1.135514e-01;1.707701e+00;7.358017e-02;1.290005e+00;1.704518e-02
9.000000;9.255435e+00;6.792254e+01;7.651305e-02;7.350127e-01;1.342241e-01;5.294923e-02;1.190359e-01;8.076717e-02;1.247668e-01;1.491827e-01;6.062490e+00;3.490759e+00;2.972192e-01;1.123867e+00;4.379662e-01;1.108097e+00;9.898305e-03;9.371855e-02;4.100307e-03;1.459058e-02;1.639047e-02;1.379416e-01;1.757189e-02;2.773338e-01;3.664143e-02;4.253443e-01;6.304443e-02;5.560425e-01;1.094028e-01;6.917216e-01;1.282216e-01;8.062778e-01;2.587311e-01;9.149132e-01;3.234128e-01;1.003800e+00;3.526191e-01;1.063676e+00;4.433035e-01;1.153852e+00;5.577028e-01;1.219824e+00;4.577939e-01;1.257602e+00;5.549468e-01;1.381290e+00;7.554018e-01;1.503129e+00;5.362416e-01;1.464722e+00;7.736855e-01;1.585220e+00;7.230776e-01;1.599600e+00;7.800736e-01;1.658926e+00;8.264781e-01;1.647735e+00;7.933450e-01;1.590797e+00;8.132102e-01;1.549080e+00;8.143896e-01;1.423837e+00;7.263841e-01;1.282334e+00;5.945438e-01;1.081389e+00;3.984338e-01;8.483204e-01;3.546037e-01;6.858128e-01;4.522621e-01;1.361467e+00;1.631179e-02;1.578656e-02;4.080869e+01;1.411143e+02;3.282697e+01;2.149014e+02;2.918753e+01;2.843818e+02;4.176825e+01;3.571641e+02;2.040363e-01;9.220735e-01;4.060720e+01;2.348091e+02;1.624228e-01;3.026894e+00;1.154435e+05;9.270459e+04;4.932565e+00;1.851371e+01;8.338250e+02;1.119891e+03;8.985939e-02;-4.166240e-01;3.788735e-02;2.478285e-01;2.420195e-01;7.086304e-01;7.215940e+00;3.533309e+01;5.215692e+00;2.246321e+01;5.290257e+00;1.502590e+01;3.375619e+00;7.971252e+00;6.056968e+00;-5.114318e-02;4.446999e+00;-8.351323e+00;7.441156e+00;-8.032593e+00;5.615310e+00;-9.601173e+00;5.410102e+00;-7.755981e+00;6.257751e+00;-4.253749e+00;6.152815e+00;-2.499559e+00;6.699623e+00;-6.247734e+00;5.536435e+00;2.301317e-02;3.760419e+00;5.002270e+00;7.892997e-04;1.550315e-04;1.433006e-06;-1.564047e-07;1.129511e-05;1.271470e-06;8.701832e-06;3.052940e-07;1.828595e-05;2.867370e-07;1.061420e-03;-2.588966e-05;6.132245e-02;-1.444400e-03;1.047157e-01;-3.657970e-03;2.238887e-03;-1.078441e-05;8.169326e-04;7.684559e-06;4.807299e-03;1.328217e-04;5.809161e-03;-1.000176e-04;9.856973e-03;-4.528438e-04;1.575677e-02;-8.040886e-04;2.149291e-02;-1.962356e-03;3.241627e-02;-1.036237e-03;7.561992e-02;-3.619492e-03;8.890045e-02;-2.512337e-03;1.010325e-01;-4.639466e-03;9.865589e-02;-2.442539e-03;1.077659e-01;-5.518997e-04;1.014832e-01;-1.601891e-03;1.501030e-01;-5.700059e-03;1.923616e-01;-6.186755e-03;1.319077e-01;-7.304261e-03;1.889661e-01;-1.790296e-02;2.008461e-01;-1.168042e-02;2.042065e-01;-5.564964e-03;1.996321e-01;-3.244551e-03;1.487178e-01;-1.582167e-03;1.912467e-01;-1.823562e-03;2.114988e-01;-9.255479e-03;1.941731e-01;-4.536030e-03;1.479680e-01;2.651725e-04;9.182913e-02;-1.439709e-03;8.112701e-02;4.388779e-04;9.503765e-02;-4.974298e-03;4.099187e-03;-4.981734e-05;9.324150e+00;-9.331055e-01;8.860291e+00;-2.296875e-01;8.444860e+00;-3.014649e-01;1.313534e+01;-6.029297e-01;6.499330e-02;1.909169e-03;9.545784e+00;-4.589737e-01;4.296548e-02;4.528646e-04;2.916698e+04;1.775177e+02;1.557906e+00;2.746763e-02;1.895570e+02;1.174519e+00;2.003015e-02;-4.509485e-04;8.657501e-03;-5.085178e-04;5.764892e-02;-1.681380e-03;1.588907e+00;3.420883e-03;1.280213e+00;6.388652e-02;1.049016e+00;-5.468237e-02;1.172771e+00;8.814323e-02;1.316758e+00;5.967576e-02;1.231715e+00;7.252564e-02;2.096720e+00;-1.060169e-01;1.899655e+00;1.277216e-01;1.838133e+00;1.184443e-01;2.269753e+00;-6.652184e-02;1.952768e+00;1.118661e-01;1.780217e+00;6.072354e-03;1.474095e+00;-4.720556e-02;1.029133e+00;-6.065019e-02
9.500000;1.957259e+01;7.295929e+01;1.258393e-01;7.137494e-01;1.755314e-01;9.074456e-02;7.464946e-02;3.202848e-02;1.260324e-01;1.416130e-01;9.918994e+00;7.297150e-01;2.576126e-01;1.273616e+00;4.044905e-01;1.172535e+00;6.394940e-03;9.876634e-02;4.701016e-03;1.677123e-02;1.173805e-02;1.308017e-01;2.004044e-02;2.765466e-01;2.711342e-02;4.273621e-01;5.129921e-02;5.536172e-01;1.215044e-01;6.985623e-01;1.487058e-01;7.920852e-01;2.722599e-01;8.968368e-01;3.259845e-01;1.059505e+00;3.420039e-01;1.099542e+00;4.081692e-01;1.203197e+00;4.851066e-01;1.352479e+00;4.691865e-01;1.337019e+00;5.537581e-01;1.429420e+00;7.322437e-01;1.571447e+00;5.695102e-01;1.503514e+00;1.043271e+00;1.655112e+00;7.175938e-01;1.683488e+00;7.258918e-01;1.766601e+00;7.390255e-01;1.788535e+00;7.452285e-01;1.820921e+00;7.476048e-01;1.720488e+00;7.527992e-01;1.583097e+00;6.826912e-01;1.381879e+00;5.548072e-01;1.120299e+00;3.667892e-01;9.039668e-01;3.339604e-01;7.295877e-01;4.080748e-01;1.407421e+00;2.075472e-02;2.453642e-02;3.239727e+01;1.382432e+02;2.788954e+01;2.130352e+02;3.030194e+01;2.816543e+02;4.295716e+01;3.565898e+02;2.228203e-01;9.469810e-01;3.841192e+01;2.410654e+02;1.473535e-01;3.095435e+00;1.152825e+05;1.193081e+05;5.086620e+00;1.708730e+01;8.462326e+02;7.919211e+02;7.385821e-02;-4.550258e-01;3.400320e-02;2.509507e-01;2.362189e-01;7.812265e-01;6.195033e+00;3.155919e+01;5.532161e+00;2.216378e+01;6.952466e+00;1.267340e+01;5.031182e+00;6.085543e+00;8.837557e+00;5.581926e+00;7.044986e+00;-7.088031e+00;7.756908e+00;-8.829258e+00;8.367872e+00;-7.502687e+00;6.571681e+00;-8.483254e+00;8.796731e+00;-6.779170e+00;6.685206e+00;-5.133871e-01;6.264580e+00;-5.773149e+00;6.204139e+00;-3.317914e-01;5.721858e+00;4.455139e+00;9.936645e-04;2.499571e-05;1.378512e-06;1.035314e-07;1.764277e-05;-2.874815e-06;8.548813e-06;-5.320954e-08;1.255508e-05;1.772049e-07;1.764465e-03;7.533673e-06;5.702554e-02;7.842859e-03;9.743656e-02;6.982560e-03;1.538037e-03;2.578216e-05;1.104163e-03;1.809020e-04;3.522071e-03;-1.274417e-04;4.267513e-03;-1.077116e-04;6.359354e-03;-6.203847e-05;1.351602e-02;-1.025043e-03;2.362425e-02;-9.810771e-04;3.124713e-02;-3.817483e-04;7.308155e-02;1.948224e-03;7.843866e-02;-7.400882e-04;9.008799e-02;-1.066979e-04;9.366547e-02;6.238419e-03;1.030003e-01;4.313719e-03;1.029001e-01;6.594008e-03;1.407536e-01;9.037675e-03;1.866643e-01;9.027105e-03;1.325506e-01;1.385876e-02;2.580553e-01;3.904026e-02;1.975043e-01;1.575020e-02;1.853593e-01;5.736911e-03;1.824297e-01;1.364382e-02;1.616460e-01;1.364595e-02;1.905616e-01;1.205047e-02;2.133602e-01;1.600586e-02;1.894394e-01;9.126622e-03;1.417976e-01;5.067061e-04;9.279232e-02;6.472835e-04;8.638146e-02;7.906381e-03;9.548856e-02;-1.380116e-03;5.578605e-03;6.271347e-04;8.322458e+00;1.435547e-01;7.859288e+00;1.866211e-01;8.780232e+00;4.306640e-02;1.302201e+01;1.004883e-01;7.129816e-02;1.643662e-03;9.748116e+00;8.376918e-01;4.539535e-02;6.916085e-04;3.046559e+04;3.218518e+03;1.355911e+00;-8.817555e-02;1.603913e+02;-1.710547e+01;1.726014e-02;-2.060660e-05;8.300353e-03;5.270897e-04;4.698431e-02;2.306386e-03;1.368019e+00;-2.490146e-01;1.303547e+00;-1.524951e-01;1.327259e+00;-1.822538e-02;1.067832e+00;-1.721696e-02;1.641142e+00;2.245497e-01;2.031672e+00;5.383774e-02;2.492221e+00;-9.336940e-02;3.089422e+00;1.023916e-01;2.119440e+00;-2.075024e-01;2.514381e+00;1.786968e-01;2.055055e+00;-9.427842e-02;1.519940e+00;3.002878e-02;1.625661e+00;-1.901362e-01;1.574602e+00;4.142626e-02
10.000000;1.908643e+01;6.841492e+01;1.105381e-01;7.462659e-01;1.500368e-01;8.602824e-02;8.186328e-02;4.035351e-02;1.287808e-01;1.981355e-01;9.147974e+00;3.603988e+00;2.763838e-01;1.121401e+00;2.369559e-01;9.158168e-01;1.207476e-02;8.798840e-02;5.399347e-03;1.534769e-02;1.594121e-02;1.323455e-01;3.018900e-02;2.594616e-01;4.709607e-02;3.973536e-01;4.726328e-02;5.295228e-01;8.344177e-02;6.227316e-01;1.734534e-01;7.564923e-01;2.104829e-01;8.716845e-01;2.202231e-01;9.291771e-01;2.207362e-01;9.585961e-01;1.640618e-01;9.840031e-01;2.165249e-01;1.024381e+00;3.361665e-01;1.056003e+00;3.900615e-01;1.108363e+00;3.908693e-01;1.142891e+00;4.548111e-01;1.171937e+00;1.014740e+00;1.382433e+00;5.429390e-01;1.332980e+00;4.576818e-01;1.295528e+00;5.811496e-01;1.341890e+00;5.810657e-01;1.283476e+00;4.831939e-01;1.206105e+00;4.814216e-01;1.123108e+00;3.710429e-01;9.508895e-01;2.025068e-01;7.634836e-01;2.144723e-01;6.399953e-01;2.230009e-01;5.464056e-01;3.983340e-01;9.398578e-01;2.247380e-02;1.957235e-02;4.278411e+01;1.039336e+02;4.123069e+01;1.726963e+02;2.869083e+01;2.606953e+02;3.470670e+01;3.455361e+02;2.144428e-01;8.243819e-01;4.206064e+01;2.137028e+02;1.517324e-01;3.011282e+00;8.163607e+04;9.013463e+04;4.543540e+00;1.574329e+01;5.027126e+02;6.816435e+02;1.034335e-01;-3.667993e-01;3.714845e-02;2.215814e-01;3.094958e-01;5.070028e-01;9.286941e+00;3.532721e+01;5.263493e+00;2.217980e+01;7.069009e+00;8.402159e+00;5.140181e+00;3.333731e+00;7.986224e+00;6.452683e+00;8.418581e+00;9.940649e-01;8.349463e+00;-4.863777e+00;9.360942e+00;-5.350810e+00;9.216031e+00;-5.259765e+00;8.984722e+00;-5.348814e+00;6.008348e+00;-4.191181e+00;4.693923e+00;-3.187695e+00;5.335050e+00;-1.410411e+00;6.309069e+00;6.395357e+00;6.105438e-04;-1.656327e-04;1.622378e-06;2.544621e-07;1.767716e-05;-2.850102e-06;9.112542e-06;-1.864121e-07;1.579814e-05;9.443657e-07;1.418622e-03;2.879442e-05;3.418706e-02;-5.130042e-03;3.965294e-02;-2.295773e-03;2.035675e-03;-3.719130e-04;1.007154e-03;-1.259760e-06;4.461210e-03;-1.684170e-04;6.236211e-03;-5.218058e-04;8.710863e-03;-2.896407e-04;1.361836e-02;8.859683e-05;1.724961e-02;2.308188e-04;4.491314e-02;6.177422e-04;5.062395e-02;-6.653994e-04;4.460343e-02;-2.386326e-03;4.209650e-02;-4.593456e-04;3.346861e-02;-3.015856e-03;3.615717e-02;-5.102802e-03;6.406628e-02;-3.704800e-03;7.549076e-02;-3.208682e-03;8.696309e-02;-5.180292e-03;1.028872e-01;-1.216054e-03;2.480451e-01;5.680593e-04;1.085255e-01;-2.340698e-03;7.831255e-02;-3.608547e-03;1.043995e-01;-2.402825e-03;1.140200e-01;-2.947129e-03;9.645657e-02;-4.270485e-03;1.079202e-01;-3.700916e-03;8.257847e-02;-5.189291e-03;4.859975e-02;-5.076939e-03;4.975445e-02;-2.784789e-03;5.514267e-02;-2.954279e-03;7.232640e-02;-8.995855e-03;4.611414e-03;-1.709780e-04;8.050270e+00;-3.588867e-01;8.593292e+00;-9.043945e-01;9.739992e+00;-2.296875e-01;9.796227e+00;2.153320e-01;6.372171e-02;-7.558299e-03;8.227684e+00;-5.236996e-01;4.821498e-02;-9.899986e-04;1.628828e+04;-8.069152e+02;1.301775e+00;-8.466530e-02;1.105691e+02;1.591313e+00;1.863746e-02;3.111876e-03;7.430582e-03;-5.261466e-04;5.005940e-02;-7.069210e-03;1.160938e+00;1.775263e-01;1.223359e+00;1.879396e-02;1.441231e+00;1.602847e-03;1.261661e+00;-1.595138e-01;1.669372e+00;-9.610651e-02;2.091410e+00;1.257161e-01;2.254064e+00;1.536974e-01;3.265341e+00;4.492343e-02;2.166410e+00;-9.840673e-03;2.358235e+00;7.678310e-02;1.638040e+00;-1.654207e-02;1.289869e+00;2.828795e-03;1.419079e+00;5.041123e-02;1.635751e+00;4.050340e-02
10.500000;8.823675e+00;6.432456e+01;2.182695e-02;7.750475e-01;6.944150e-02;2.662083e-02;7.482204e-02;3.452810e-02;1.286125e-01;1.762983e-01;1.777198e+00;7.134326e+00;3.185310e-01;1.121522e+00;4.518916e-01;1.101079e+00;1.274291e-02;7.628712e-02;1.053449e-02;2.052154e-02;2.919416e-02;1.270396e-01;4.008942e-02;2.565197e-01;8.234490e-02;4.066614e-01;8.887362e-02;5.710872e-01;1.101906e-01;6.710976e-01;1.891126e-01;8.080969e-01;2.175223e-01;9.126317e-01;1.828855e-01;9.131044e-01;2.937373e-01;1.010227e+00;3.690892e-01;1.102118e+00;5.376279e-01;1.194901e+00;5.183637e-01;1.277846e+00;6.225429e-01;1.364184e+00;6.712964e-01;1.407115e+00;6.567559e-01;1.466701e+00;8.377790e-01;1.551650e+00;8.065231e-01;1.526597e+00;8.476907e-01;1.587111e+00;8.873497e-01;1.665168e+00;9.433070e-01;1.664707e+00;8.913884e-01;1.594284e+00;9.358290e-01;1.463920e+00;1.073815e+00;1.341846e+00;7.716963e-01;1.125207e+00;5.034305e-01;8.664078e-01;4.688562e-01;7.518129e-01;4.873724e-01;8.345538e-01;2.141273e-02;2.320033e-02;6.780646e+01;1.096758e+02;7.151545e+01;1.882002e+02;4.575861e+01;2.850996e+02;6.485924e+01;3.822861e+02;1.472681e-01;7.377929e-01;8.972527e+01;2.564989e+02;1.989634e-01;3.040150e+00;4.176909e+05;2.599188e+05;4.691767e+00;1.369598e+01;5.388542e+02;5.694875e+02;9.663186e-02;-2.818338e-01;7.828429e-02;2.582096e-01;2.422151e-01;3.813781e-01;1.050051e+01;3.391698e+01;6.336911e+00;2.039654e+01;5.908760e+00;3.994200e+00;5.527008e+00;4.836810e+00;5.752782e+00;3.871296e+00;9.955525e+00;-1.279504e+00;1.164159e+01;-6.023720e+00;6.429368e+00;-4.074913e+00;8.200873e+00;-2.613107e+00;5.579600e+00;-2.903203e+00;6.863584e+00;-2.872345e+00;4.357058e+00;-4.444317e+00;6.577607e+00;-1.504734e-01;4.309578e+00;8.285959e+00;3.991160e-04;3.974682e-05;1.816371e-06;1.464488e-07;3.910537e-06;-6.482084e-07;6.025296e-06;-4.708807e-07;1.430140e-05;-8.184094e-07;1.336339e-04;5.888760e-06;5.499094e-02;-8.044303e-04;8.932279e-02;-3.962753e-03;3.200846e-03;-1.962254e-04;1.457945e-03;3.023431e-05;8.146074e-03;-1.229057e-04;9.330226e-03;-3.502056e-04;1.804993e-02;7.393733e-06;2.138548e-02;1.000111e-03;2.206066e-02;1.516793e-03;5.706111e-02;1.368552e-03;5.988692e-02;4.722842e-04;5.388983e-02;3.097058e-03;8.173392e-02;1.855345e-03;7.876398e-02;-1.848989e-03;1.063000e-01;-1.004895e-03;8.652917e-02;-2.881989e-03;9.757099e-02;-5.173481e-03;1.278244e-01;-3.862795e-03;1.417109e-01;-1.225341e-02;1.957627e-01;-3.852275e-02;1.938597e-01;-1.039477e-02;1.910606e-01;3.926273e-03;1.709075e-01;-4.243224e-03;1.756839e-01;-5.961000e-03;1.708780e-01;-5.170695e-03;2.008791e-01;-1.102629e-02;2.468299e-01;-8.089387e-03;1.700268e-01;4.733601e-04;9.742896e-02;1.716491e-03;1.020592e-01;-7.558392e-03;9.747432e-02;4.750327e-03;4.818803e-03;-2.553156e-04;1.615058e+01;5.311524e-01;1.543330e+01;8.613281e-01;1.043077e+01;8.900391e-01;2.102540e+01;1.248926e+00;4.656096e-02;-1.430972e-03;1.511547e+01;6.790366e-01;6.379342e-02;3.316944e-03;9.392966e+04;2.309629e+02;1.241379e+00;3.958404e-02;1.069386e+02;1.391836e+00;2.516756e-02;1.115332e-03;1.272048e-02;8.357684e-04;5.001114e-02;-3.573578e-03;1.499444e+00;4.704033e-02;1.361337e+00;2.504081e-02;1.337558e+00;-1.267370e-01;1.441742e+00;-1.602187e-01;1.346313e+00;-6.650857e-02;1.700472e+00;-4.671754e-02;2.879270e+00;-6.082065e-02;2.150434e+00;-1.425736e-02;2.262236e+00;2.896134e-01;1.906929e+00;-2.817758e-01;1.777341e+00;1.523837e-01;1.335815e+00;5.152720e-02;1.768488e+00;1.307496e-01;1.228991e+00;-8.578169e-02
11.000000;9.537969e+00;7.089123e+01;1.928782e-02;7.632591e-01;8.462633e-02;4.757997e-02;8.162486e-02;4.105628e-02;1.430169e-01;1.935784e-01;1.627050e+00;5.922599e+00;2.599693e-01;1.341230e+00;3.682646e-01;1.249869e+00;1.397842e-02;7.433223e-02;1.068501e-02;2.687705e-02;3.161734e-02;1.273969e-01;4.388263e-02;2.648102e-01;7.466633e-02;4.258478e-01;9.408611e-02;5.852352e-01;1.212749e-01;7.115893e-01;1.760575e-01;8.209436e-01;1.802677e-01;8.689206e-01;2.245648e-01;9.628751e-01;2.900423e-01;1.075877e+00;3.699118e-01;1.199450e+00;5.004864e-01;1.336394e+00;5.263608e-01;1.480071e+00;5.144454e-01;1.506763e+00;5.747247e-01;1.624179e+00;5.162356e-01;1.700825e+00;7.564406e-01;1.804839e+00;1.034878e+00;1.981324e+00;8.106810e-01;1.995514e+00;6.824806e-01;1.887790e+00;7.305170e-01;1.965059e+00;6.949013e-01;1.888577e+00;8.064619e-01;1.718323e+00;1.026455e+00;1.530350e+00;7.095103e-01;1.240831e+00;4.291540e-01;9.856825e-01;4.487630e-01;8.071234e-01;5.411661e-01;1.110694e+00;5.581511e-02;4.637602e-02;6.843494e+01;1.620732e+02;7.220373e+01;2.568193e+02;7.605350e+01;3.409424e+02;3.317162e+02;5.031592e+02;1.653574e-01;7.229797e-01;1.192716e+02;3.374533e+02;2.660562e-01;3.209031e+00;4.439222e+05;3.819906e+05;3.574169e+00;1.135224e+01;1.512674e+02;2.384140e+02;1.040779e-01;-2.701792e-01;8.885405e-02;3.303249e-01;2.387964e-01;4.982615e-01;5.332663e+00;2.629127e+01;5.676587e+00;1.644258e+01;7.470302e+00;7.405376e+00;8.429250e+00;1.882696e+00;5.365907e+00;6.253381e+00;7.535873e+00;-8.180375e+00;1.186942e+01;-1.378003e+01;8.620875e+00;-6.591959e+00;7.979171e+00;-1.184599e+00;1.012566e+01;-2.845962e+00;8.712552e+00;5.833639e-01;4.421564e+00;-4.114155e+00;6.926877e+00;3.614552e+00;6.691648e+00;5.225318e+00;6.005804e-04;1.125433e-04;1.684159e-06;-1.886929e-07;7.231125e-06;-5.587809e-07;8.345365e-06;2.264564e-07;1.479693e-05;-1.109353e-06;1.738007e-04;-1.640169e-05;6.450944e-02;4.730480e-03;9.575641e-02;5.850664e-04;3.842587e-03;3.262410e-04;2.184418e-03;2.393549e-05;9.882570e-03;5.255726e-04;1.192136e-02;1.537067e-03;1.898509e-02;1.573375e-03;2.370653e-02;-2.112480e-04;2.924584e-02;2.269264e-04;5.190187e-02;-3.328528e-03;5.507002e-02;8.964610e-05;7.333649e-02;2.261131e-03;9.016428e-02;1.723936e-03;1.060476e-01;1.902827e-05;1.259059e-01;-5.504593e-04;1.461440e-01;3.674046e-04;1.024893e-01;7.350730e-04;1.385694e-01;6.677206e-04;1.368791e-01;4.360068e-04;2.212893e-01;1.031482e-03;3.000248e-01;3.455177e-03;2.183145e-01;-9.708170e-04;1.692874e-01;-6.583778e-04;1.766326e-01;-2.343042e-04;1.790474e-01;-2.861010e-04;2.192465e-01;1.085998e-04;2.574349e-01;2.195919e-03;1.715029e-01;1.251235e-03;1.003972e-01;1.599293e-03;1.064828e-01;1.646991e-03;1.393780e-01;9.538991e-03;1.684978e-02;1.201630e-04;2.006467e+01;3.875977e-01;1.885224e+01;4.737305e-01;2.555346e+01;5.598633e-01;1.055355e+02;-4.306640e-02;6.064712e-02;5.208145e-03;3.306424e+01;4.953677e-01;8.551087e-02;1.358165e-04;1.191077e+05;9.519053e+02;9.206784e-01;1.010837e-01;4.206244e+01;-1.016127e+00;2.985806e-02;-2.445491e-03;2.365688e-02;5.001113e-04;5.483449e-02;4.056089e-03;1.454741e+00;-1.889513e-01;1.372653e+00;-1.800292e-02;1.587131e+00;4.452326e-02;1.654837e+00;9.951639e-02;1.521173e+00;4.695230e-02;2.072534e+00;-1.180421e-02;3.139774e+00;-9.835923e-02;2.324605e+00;-9.999860e-02;2.559111e+00;-8.708376e-02;2.595806e+00;-3.243115e-02;2.700515e+00;-6.619298e-02;1.361233e+00;7.300148e-03;2.046408e+00;1.558808e-01;1.824598e+00;1.671456e-02
11.500000;9.775964e+00;7.999059e+01;1.661590e-02;7.567339e-01;5.992147e-02;4.293742e-02;5.321960e-02;3.191134e-02;1.247092e-01;2.196523e-01;1.417385e+00;4.902127e+00;2.861047e-01;1.201855e+00;2.609906e-01;9.718205e-01;2.120438e-02;9.322808e-02;1.133500e-02;1.863064e-02;2.966152e-02;1.450576e-01;6.637184e-02;2.996552e-01;4.998502e-02;4.400226e-01;6.028913e-02;5.581668e-01;1.015000e-01;6.739214e-01;1.792422e-01;7.244314e-01;1.350395e-01;8.032573e-01;1.943744e-01;9.039133e-01;2.113464e-01;9.425119e-01;2.781497e-01;9.764225e-01;2.923075e-01;9.824961e-01;4.413508e-01;1.107078e+00;2.455434e-01;1.115937e+00;3.873979e-01;1.203730e+00;4.282181e-01;1.267820e+00;7.529052e-01;1.424116e+00;1.009711e+00;1.619187e+00;7.521116e-01;1.530963e+00;5.832189e-01;1.444761e+00;5.437840e-01;1.401364e+00;5.762182e-01;1.364548e+00;4.859816e-01;1.177759e+00;4.421891e-01;1.025050e+00;3.217421e-01;8.578878e-01;2.492806e-01;7.040785e-01;2.500128e-01;5.731984e-01;3.777416e-01;1.276248e+00;5.936345e-02;3.322816e-02;5.911438e+01;1.396787e+02;7.677841e+01;2.235146e+02;9.094572e+01;3.069199e+02;3.409832e+02;4.639688e+02;2.824482e-01;8.975056e-01;1.333342e+02;2.738768e+02;3.049823e-01;3.071725e+00;2.769233e+05;1.811548e+05;7.790112e+00;1.755566e+01;9.810651e+02;1.016875e+03;1.845963e-01;-4.315167e-01;1.035925e-01;2.750670e-01;2.130059e-01;5.898988e-01;9.274335e+00;3.200607e+01;8.460292e+00;2.154195e+01;5.408438e+00;1.434595e+01;8.947655e+00;3.267073e+00;5.458558e+00;5.600608e+00;6.031669e+00;-4.262480e+00;8.706377e+00;-1.233089e+01;7.854930e+00;-8.341110e+00;7.599527e+00;-2.426765e+00;1.071350e+01;-4.943505e+00;8.291707e+00;-3.212821e+00;5.008570e+00;-2.288882e+00;4.917203e+00;8.094460e+00;6.597930e+00;5.222738e+00;5.395482e-04;-1.740784e-06;1.174735e-06;-1.562494e-07;6.328918e-06;-8.796107e-08;6.888708e-06;7.700236e-08;1.691358e-05;1.146472e-06;1.514832e-04;-1.164319e-05;4.655036e-02;-6.797384e-03;5.546818e-02;-2.475095e-03;3.327611e-03;2.567428e-04;1.766259e-03;-2.059713e-04;7.563437e-03;1.469956e-04;1.198980e-02;1.743672e-04;1.223632e-02;1.872505e-04;1.749183e-02;-4.416539e-04;2.310155e-02;-1.196233e-03;3.643890e-02;-2.036182e-03;3.764318e-02;-2.434069e-03;5.972485e-02;-2.946446e-03;5.901328e-02;-1.553048e-03;8.388595e-02;-2.222857e-03;7.611044e-02;-3.269839e-03;1.235131e-01;-3.273299e-03;6.766441e-02;-3.829112e-03;9.251697e-02;-3.183648e-03;8.500957e-02;-1.924746e-03;1.828874e-01;-7.769451e-04;2.509945e-01;-5.328229e-03;1.471871e-01;-9.617791e-03;1.229522e-01;-7.151253e-03;1.196296e-01;-5.875512e-03;1.367454e-01;-4.600892e-03;1.221115e-01;-3.563291e-03;9.858558e-02;7.788712e-04;7.233783e-02;-9.248398e-05;5.574050e-02;-1.126043e-03;5.320470e-02;8.036074e-04;1.270117e-01;-1.779633e-05;1.630315e-02;-3.703818e-04;1.412154e+01;-9.331055e-01;1.459377e+01;-9.331055e-01;2.570959e+01;-8.469726e-01;1.037871e+02;-1.349414e+00;9.424341e-02;1.853572e-03;3.038025e+01;-1.610461e+00;7.171613e-02;-3.896770e-03;7.397263e+04;-3.416163e+03;1.252122e+00;1.241984e-01;1.470850e+02;1.978889e+01;2.951511e-02;-2.434335e-03;2.130106e-02;-1.466668e-03;6.465812e-02;-6.531886e-04;1.409072e+00;1.599136e-01;1.179866e+00;2.031207e-01;1.513508e+00;1.075902e-01;1.488991e+00;1.867061e-01;1.476585e+00;-3.951208e-02;1.678674e+00;7.351048e-02;1.994429e+00;1.020284e-01;2.142170e+00;-7.751106e-02;2.174575e+00;-1.556947e-01;2.397308e+00;4.073682e-02;2.472697e+00;-3.140815e-02;1.248342e+00;1.787808e-03;1.579768e+00;7.295962e-02;1.861109e+00;3.094132e-02
12.000000;1.788139e+01;7.885423e+01;1.465455e-01;7.156098e-01;1.895607e-02;2.299372e-02;1.752263e-02;1.791747e-02;1.305057e-01;1.810168e-01;1.582703e+01;3.928543e-02;3.736467e-01;1.159748e+00;6.713728e-01;1.096454e+00;9.483835e-03;1.063276e-01;1.694452e-02;1.898337e-02;2.967700e-02;1.391774e-01;5.997580e-02;3.032140e-01;4.345733e-02;4.402720e-01;4.413820e-02;5.729868e-01;6.952347e-02;6.974795e-01;2.643385e-01;7.881455e-01;4.693891e-01;9.400749e-01;4.507744e-01;9.917679e-01;5.917475e-01;1.089259e+00;6.370246e-01;1.126703e+00;7.896515e-01;1.223337e+00;7.641098e-01;1.247382e+00;9.002318e-01;1.338994e+00;9.142268e-01;1.378670e+00;8.534138e-01;1.405439e+00;1.088603e+00;1.437443e+00;1.048606e+00;1.508535e+00;1.074435e+00;1.538966e+00;1.049952e+00;1.548006e+00;1.051134e+00;1.583108e+00;1.131429e+00;1.556825e+00;1.329415e+00;1.532276e+00;1.329139e+00;1.377421e+00;1.113757e+00;1.160869e+00;6.558332e-01;8.544292e-01;5.892942e-01;7.270144e-01;2.696455e-01;1.426691e+00;2.731443e-02;1.779882e-02;3.183032e+01;1.157051e+02;4.418967e+01;1.955215e+02;7.112204e+01;2.888320e+02;3.715913e+02;4.325303e+02;2.236574e-01;1.068308e+00;1.569951e+02;2.595506e+02;3.418741e-01;3.046759e+00;8.466997e+05;3.423963e+05;7.138216e+00;1.973827e+01;9.120839e+02;1.311326e+03;1.023041e-01;-5.352246e-01;1.209553e-01;2.609310e-01;2.182548e-01;7.261900e-01;8.837102e+00;3.593083e+01;6.663601e+00;2.759009e+01;8.960688e+00;1.028664e+01;5.072852e+00;7.563607e+00;4.598409e+00;5.553336e+00;5.326332e+00;-4.684159e+00;5.774309e+00;-6.211466e+00;4.314029e+00;-8.807757e+00;5.678309e+00;-5.644484e+00;6.928865e+00;-6.517791e+00;5.034817e+00;-7.486916e+00;4.926532e+00;-1.310465e+00;6.074611e+00;6.220703e+00;4.646169e+00;7.210067e+00;4.942248e-04;-5.067795e-05;9.535925e-07;-2.827637e-08;1.568576e-06;-3.091766e-07;2.113753e-06;-4.904348e-07;1.440563e-05;7.923870e-07;2.056451e-03;-3.139822e-06;6.641472e-02;-1.257924e-03;1.360128e-01;2.654066e-04;2.433768e-03;-3.324063e-05;3.013184e-03;-4.358781e-05;5.021506e-03;-5.963040e-04;8.357601e-03;-1.298877e-03;8.608436e-03;-1.354608e-03;1.335296e-02;4.282406e-04;1.354710e-02;7.443458e-04;3.866084e-02;1.143640e-03;1.013968e-01;-4.780728e-04;9.799632e-02;-2.024459e-03;1.256135e-01;-4.760781e-04;1.249897e-01;4.139936e-04;1.381709e-01;1.645645e-03;1.621005e-01;1.828221e-03;2.031841e-01;1.124226e-03;2.006858e-01;2.852568e-03;1.843474e-01;2.322665e-03;2.595050e-01;-6.841952e-05;2.375535e-01;-2.478542e-03;2.356195e-01;1.948439e-03;2.400568e-01;2.935658e-03;2.245040e-01;1.736195e-03;2.446776e-01;1.737875e-03;2.577946e-01;1.127647e-03;2.591859e-01;-2.184485e-03;2.235530e-01;-1.691203e-03;1.349361e-01;-8.298515e-04;1.193235e-01;-1.607925e-03;8.838749e-02;-3.043089e-04;5.903728e-03;-6.644554e-05;8.239139e+00;2.009766e-01;9.779057e+00;4.880859e-01;2.010821e+01;3.014649e-01;1.251541e+02;2.153320e-01;1.015782e-01;-2.095586e-03;3.642895e+01;1.718505e-01;7.154995e-02;5.430326e-04;2.127212e+05;-8.504960e+02;1.338262e+00;2.088436e-02;1.671593e+02;5.968296e+00;2.551106e-02;3.947790e-04;2.729716e-02;2.525708e-04;6.079597e-02;5.321796e-03;1.632183e+00;9.100441e-02;1.512493e+00;-5.777420e-03;1.320784e+00;-3.515374e-02;1.251454e+00;-3.833504e-02;1.409816e+00;5.072003e-02;1.164943e+00;-1.439985e-01;1.500736e+00;-5.367545e-02;1.420193e+00;8.119330e-02;1.673247e+00;-7.735911e-02;1.544674e+00;-4.216557e-02;1.836298e+00;7.544051e-02;1.473116e+00;3.604683e-02;1.353821e+00;-1.192192e-01;1.317848e+00;4.741799e-03
12.500000;1.844349e+01;7.232669e+01;1.643660e-01;7.126691e-01;1.012097e-01;4.923822e-02;1.075206e-01;5.240376e-02;1.108670e-01;1.609323e-01;1.692690e+01;-3.165356e-02;3.463454e-01;1.323690e+00;6.331179e-01;1.204921e+00;8.981249e-03;1.036917e-01;1.635742e-02;2.051776e-02;2.396623e-02;1.263099e-01;3.304804e-02;2.759352e-01;4.963095e-02;4.179357e-01;5.141596e-02;5.668299e-01;6.897175e-02;6.954014e-01;2.184643e-01;8.710531e-01;4.601751e-01;1.025692e+00;4.431476e-01;1.073472e+00;5.693800e-01;1.145462e+00;6.092689e-01;1.322223e+00;7.278417e-01;1.436489e+00;7.560704e-01;1.517672e+00;9.190835e-01;1.630829e+00;8.883561e-01;1.571130e+00;7.811860e-01;1.588555e+00;1.015647e+00;1.655582e+00;9.956811e-01;1.628307e+00;1.033345e+00;1.778694e+00;9.571159e-01;1.755560e+00;9.327097e-01;1.738311e+00;1.032731e+00;1.625713e+00;1.263989e+00;1.653471e+00;1.302328e+00;1.413611e+00;1.088131e+00;1.163536e+00;6.188199e-01;9.061524e-01;5.748177e-01;7.440232e-01;2.722617e-01;1.476364e+00;3.566042e-02;3.409145e-02;3.403306e+01;1.455645e+02;2.944236e+01;2.216484e+02;6.768037e+01;3.136670e+02;3.694078e+02;4.534893e+02;2.143483e-01;1.008816e+00;1.468105e+02;2.911033e+02;3.826242e-01;3.077121e+00;8.414812e+05;3.577433e+05;7.429224e+00;1.768029e+01;6.158071e+02;8.336889e+02;9.936421e-02;-5.078656e-01;1.100943e-01;2.930450e-01;3.553531e-01;1.000999e+00;7.005978e+00;3.430187e+01;8.423835e+00;2.302900e+01;6.533476e+00;5.405463e+00;4.005546e+00;4.652126e+00;5.107460e+00;6.840552e+00;4.017191e+00;-8.056489e+00;8.576965e+00;-9.898786e+00;7.333226e+00;-5.643760e+00;9.475647e+00;-5.915014e+00;7.195113e+00;-4.110027e+00;6.107372e+00;-1.018193e+01;7.809943e+00;-5.127571e+00;4.555075e+00;3.476821e-01;6.631292e+00;5.288217e+00;5.058267e-04;4.505265e-05;1.168418e-06;9.435637e-08;5.220960e-06;-9.165106e-07;6.971226e-06;-4.157223e-07;1.034232e-05;-5.928237e-07;2.208900e-03;8.140805e-06;6.806201e-02;5.464640e-03;1.362254e-01;1.370465e-03;2.542385e-03;-7.785024e-05;3.038142e-03;4.106828e-05;6.099375e-03;3.088469e-04;6.189247e-03;-5.378573e-04;9.637129e-03;-1.209593e-03;1.164217e-02;5.087133e-04;1.247357e-02;8.078945e-04;3.971995e-02;1.446022e-04;1.023166e-01;1.049251e-03;1.004552e-01;2.554017e-03;1.245771e-01;1.584858e-03;1.300175e-01;3.784954e-03;1.481152e-01;3.964156e-03;1.742772e-01;6.798383e-03;2.137104e-01;8.690427e-03;2.054443e-01;4.230191e-03;1.847385e-01;1.687313e-03;2.587225e-01;2.183534e-03;2.378258e-01;-2.106809e-03;2.439697e-01;3.346423e-03;2.294027e-01;4.058557e-03;2.101573e-01;3.484426e-04;2.281249e-01;-2.007823e-03;2.565472e-01;-3.973380e-04;2.574587e-01;-8.715950e-04;2.207511e-01;-1.417336e-03;1.319635e-01;-1.359554e-03;1.189723e-01;-5.106012e-04;8.201944e-02;-1.329389e-03;7.283894e-03;5.785135e-04;9.603540e+00;1.148437e-01;1.038180e+01;-2.440430e-01;2.135393e+01;7.608398e-01;1.259946e+02;6.172851e-01;9.406552e-02;-1.454203e-03;3.707008e+01;5.540192e-01;7.998689e-02;2.221660e-03;2.128892e+05;4.444464e+02;1.280704e+00;-1.562593e-01;1.035877e+02;-1.930094e+01;2.821304e-02;1.088691e-03;2.790438e-02;5.215192e-04;9.628970e-02;1.679352e-03;1.376012e+00;-7.070674e-03;1.445560e+00;-2.942984e-01;1.114061e+00;-1.619041e-01;1.214267e+00;-1.395837e-02;1.335361e+00;1.185687e-01;1.297935e+00;-9.225186e-02;1.586186e+00;-1.595155e-01;1.432463e+00;2.130147e-01;2.136829e+00;2.060153e-01;1.673398e+00;-2.461331e-02;1.798042e+00;-2.301426e-02;1.664922e+00;3.479341e-02;1.412093e+00;-7.433048e-02;1.336220e+00;1.325143e-01
13.000000;2.924348e+01;6.667922e+01;2.169074e-01;6.870139e-01;1.044279e-01;5.042734e-02;1.089303e-01;5.116146e-02;9.242761e-02;1.340163e-01;3.302497e+01;-9.974518e+00;2.095473e-01;1.236068e+00;2.107524e-01;9.906778e-01;9.899235e-03;9.994365e-02;4.189900e-03;1.454774e-02;2.379695e-02;1.269184e-01;3.545511e-02;2.736624e-01;5.660618e-02;4.207320e-01;4.297202e-02;5.502765e-01;4.457876e-02;6.668597e-01;9.927951e-02;7.288647e-01;1.897822e-01;8.264452e-01;1.871315e-01;9.081816e-01;1.643917e-01;9.278213e-01;3.416623e-01;1.073856e+00;3.985368e-01;1.121506e+00;4.389237e-01;1.215221e+00;5.387940e-01;1.320212e+00;4.050412e-01;1.316342e+00;3.041143e-01;1.309471e+00;3.671163e-01;1.395063e+00;4.371299e-01;1.418093e+00;5.222545e-01;1.502347e+00;4.196344e-01;1.513173e+00;3.970519e-01;1.414888e+00;4.628254e-01;1.322836e+00;3.801452e-01;1.176928e+00;3.336035e-01;1.045736e+00;2.809169e-01;8.770370e-01;1.957760e-01;7.335084e-01;1.441547e-01;5.716442e-01;2.641555e-01;1.412276e+00;3.325795e-02;3.293810e-02;3.232244e+01;1.504453e+02;2.515117e+01;2.227969e+02;3.970501e+01;3.084990e+02;5.152314e+01;3.772617e+02;1.945322e-01;9.655417e-01;2.957303e+01;2.491932e+02;2.339624e-01;2.964881e+00;3.895084e+04;6.012966e+04;7.467871e+00;1.886996e+01;4.884041e+02;8.669486e+02;1.069078e-01;-4.767259e-01;2.666981e-02;2.649177e-01;3.716148e-01;9.465827e-01;4.501153e+00;3.729155e+01;8.093919e+00;1.817849e+01;2.845557e+00;6.878623e+00;4.465307e+00;7.385981e+00;5.336807e+00;7.818327e+00;3.167845e+00;-8.165086e+00;7.919007e+00;-1.841285e+01;8.334463e+00;-2.185039e+00;1.027019e+01;-3.613723e+00;7.852460e+00;-8.443669e+00;6.035507e+00;-8.560682e+00;8.057601e+00;-4.743737e+00;4.703192e+00;4.088045e-01;8.112062e+00;7.009610e+00;2.428073e-04;4.938867e-05;1.294626e-06;-5.596602e-08;5.324892e-06;-6.498663e-07;7.002274e-06;-2.791852e-07;8.164934e-06;-7.873510e-07;2.843109e-03;5.416702e-06;4.832821e-02;7.289556e-03;6.141616e-02;1.037933e-02;2.277114e-03;2.065698e-05;1.476667e-03;3.271605e-04;5.378776e-03;-4.905986e-04;7.129059e-03;4.396506e-04;1.221629e-02;9.757096e-04;1.089510e-02;-2.581819e-04;1.133525e-02;-3.959274e-05;2.813684e-02;4.724426e-03;3.816235e-02;2.598137e-03;4.326730e-02;4.422251e-03;6.603965e-02;1.019629e-02;8.521488e-02;1.349075e-02;1.238764e-01;2.182554e-02;8.378050e-02;7.702888e-03;1.043161e-01;8.879766e-03;1.084973e-01;1.257662e-02;9.873704e-02;1.246587e-02;1.193072e-01;1.967134e-02;1.297289e-01;1.950041e-02;1.438538e-01;2.105535e-02;1.076289e-01;1.587928e-02;1.152965e-01;1.981978e-02;1.374085e-01;2.432257e-02;1.025708e-01;1.927755e-02;7.406637e-02;9.005596e-03;7.007111e-02;8.654206e-03;5.192465e-02;7.806932e-03;3.426105e-02;5.360069e-03;8.901375e-02;2.304412e-03;7.320878e-03;1.297582e-03;7.681129e+00;7.464844e-01;9.096645e+00;2.727539e-01;1.214268e+01;3.588867e-01;1.902811e+01;2.426074e+00;8.342724e-02;2.565173e-03;9.590765e+00;1.295318e+00;5.929920e-02;2.511065e-03;1.475406e+04;2.232146e+03;1.484464e+00;-1.423533e-01;1.253437e+02;-1.105949e+01;2.883113e-02;-1.608463e-04;8.537891e-03;1.077920e-03;9.553691e-02;-2.454499e-03;1.076051e+00;-1.250720e-01;1.427314e+00;-1.574130e-01;9.102741e-01;-2.269898e-02;1.172760e+00;-3.576942e-02;1.233755e+00;-7.544526e-03;1.217001e+00;8.326212e-02;2.018025e+00;-2.939831e-02;1.613582e+00;-1.617252e-01;2.148087e+00;3.071858e-02;1.598054e+00;1.214126e-03;1.147646e+00;-7.091255e-02;1.447215e+00;-6.843152e-02;1.460906e+00;-9.912484e-02;1.604970e+00;-1.403499e-01
13.500000;2.916051e+01;6.309977e+01;2.216038e-01;6.618795e-01;1.157304e-01;7.765739e-02;6.525607e-02;4.072782e-02;9.433556e-02;1.255662e-01;3.320175e+01;-1.250969e+01;2.720631e-01;1.223217e+00;3.608093e-01;1.028791e+00;6.949875e-03;9.062816e-02;1.554331e-02;2.246032e-02;2.072773e-02;1.306669e-01;2.827134e-02;2.595473e-01;3.784312e-02;4.167038e-01;3.242246e-02;5.409879e-01;3.482814e-02;6.452055e-01;2.603064e-01;7.595145e-01;2.256276e-01;8.075006e-01;2.150674e-01;8.559715e-01;4.462695e-01;1.011716e+00;3.626434e-01;9.698310e-01;5.264929e-01;1.076590e+00;2.761827e-01;1.087502e+00;3.561745e-01;1.154116e+00;4.518776e-01;1.295971e+00;4.430844e-01;1.349363e+00;6.686349e-01;1.523123e+00;6.693212e-01;1.553100e+00;6.222534e-01;1.463747e+00;6.198165e-01;1.495533e+00;6.555970e-01;1.529102e+00;7.647886e-01;1.513996e+00;7.477751e-01;1.398961e+00;8.410566e-01;1.316416e+00;6.752849e-01;1.087080e+00;3.917790e-01;7.947039e-01;4.328864e-01;7.116219e-01;2.781039e-01;1.276358e+00;2.997741e-02;2.596245e-02;3.116294e+01;1.329316e+02;3.132520e+01;2.193516e+02;3.041056e+01;3.132363e+02;9.410653e+01;3.975029e+02;1.999343e-01;9.111070e-01;1.145858e+02;2.872104e+02;2.581601e-01;3.119695e+00;8.919024e+05;4.343503e+05;6.975288e+00;1.593406e+01;4.845836e+02;6.134658e+02;7.240894e-02;-3.869522e-01;8.203068e-02;2.878638e-01;1.713136e-01;6.095105e-01;7.928874e+00;3.271227e+01;8.059111e+00;2.102378e+01;6.892894e+00;7.468522e+00;4.140131e+00;9.060474e+00;5.257720e+00;4.532583e+00;4.392217e+00;-9.087705e+00;1.112576e+01;-1.381583e+01;7.968958e+00;-5.059744e+00;9.276493e+00;-1.122481e-01;7.286143e+00;-8.304785e+00;4.903827e+00;-7.395005e+00;5.746513e+00;-1.518151e+00;5.718860e+00;1.227555e+00;6.841072e+00;1.005202e+01;6.499917e-04;-1.807144e-06;1.341148e-06;-1.951156e-07;6.137481e-06;2.606919e-07;4.692661e-06;7.007849e-07;8.419129e-06;-1.298545e-07;3.011613e-03;-1.228344e-05;4.933585e-02;-4.870149e-03;6.860127e-02;-1.948454e-03;1.841369e-03;-1.729543e-04;2.812886e-03;-2.708488e-05;5.495422e-03;-3.067009e-04;7.596440e-03;6.033246e-04;1.036248e-02;4.805778e-04;1.055306e-02;-6.924108e-04;1.126119e-02;-7.162192e-04;4.714106e-02;-2.526953e-04;4.693547e-02;3.621736e-04;4.891650e-02;-8.250865e-04;9.974652e-02;-2.661333e-03;8.720600e-02;-4.129635e-03;1.386158e-01;-4.315804e-03;6.362613e-02;-6.338413e-03;7.849266e-02;-7.182115e-03;1.110885e-01;-4.336905e-03;1.104353e-01;-4.025862e-03;1.639006e-01;-4.500877e-03;1.412226e-01;8.079977e-04;1.353016e-01;-3.323432e-03;1.361312e-01;-6.400257e-03;1.482431e-01;-2.428964e-03;1.592948e-01;9.079819e-04;1.526075e-01;-4.484828e-04;1.580521e-01;-9.364643e-04;1.161878e-01;3.414844e-04;7.492055e-02;8.136373e-05;7.310669e-02;-4.230237e-04;8.170677e-02;-4.458196e-03;7.280837e-03;-5.658640e-04;8.103849e+00;2.153320e-01;9.702205e+00;-1.579102e-01;9.193094e+00;-7.034180e-01;1.888831e+01;-4.019531e-01;7.101887e-02;1.048982e-03;2.082895e+01;-4.327835e-01;5.915952e-02;-2.920855e-03;1.898795e+05;-1.037490e+02;1.441691e+00;1.825218e-01;1.167740e+02;8.919663e+00;2.118958e-02;1.225514e-03;1.452647e-02;-4.122031e-04;4.169378e-02;-4.387915e-03;1.158603e+00;-7.244823e-02;1.715160e+00;2.423041e-01;1.395004e+00;8.216179e-02;1.391678e+00;1.568176e-02;1.253418e+00;-1.248382e-01;1.248414e+00;-4.226773e-02;2.700060e+00;1.665027e-01;2.012129e+00;-1.492111e-01;1.984808e+00;-8.779202e-02;1.608025e+00;5.536903e-02;1.742331e+00;-9.147941e-02;1.784444e+00;-3.303130e-02;1.573293e+00;3.651538e-02;1.755552e+00;-1.035503e-01
14.000000;2.245947e+01;7.967918e+01;1.255936e-01;7.098417e-01;1.222246e-01;1.153513e-01;8.294480e-02;7.641411e-02;1.275160e-01;1.764177e-01;1.233093e+01;7.407281e-01;3.109056e-01;1.113469e+00;3.615807e-01;1.021134e+00;2.647339e-02;1.000477e-01;1.627518e-02;2.043966e-02;2.431885e-02;1.393021e-01;7.559062e-02;2.930911e-01;7.199252e-02;4.442718e-01;4.823831e-02;5.538529e-01;5.184631e-02;6.534645e-01;2.924307e-01;8.108473e-01;3.117684e-01;8.621489e-01;2.578992e-01;9.022600e-01;4.568380e-01;1.030985e+00;3.387413e-01;1.010507e+00;4.530252e-01;1.057081e+00;2.793598e-01;1.104146e+00;3.722141e-01;1.159609e+00;4.716470e-01;1.262237e+00;4.742304e-01;1.396446e+00;6.639280e-01;1.488064e+00;6.420174e-01;1.480802e+00;6.360048e-01;1.476243e+00;6.327993e-01;1.488167e+00;6.393938e-01;1.483476e+00;7.145375e-01;1.421511e+00;7.197211e-01;1.334278e+00;8.387971e-01;1.239035e+00;6.734865e-01;1.017817e+00;3.864350e-01;7.590061e-01;4.396232e-01;6.808471e-01;5.026546e-01;1.355115e+00;2.465483e-02;1.392977e-02;2.863043e+01;1.246055e+02;2.782851e+01;2.065752e+02;4.018788e+01;2.832334e+02;1.025712e+02;3.695098e+02;3.162881e-01;9.656953e-01;1.229824e+02;2.660341e+02;3.475488e-01;2.984924e+00;8.951762e+05;4.265251e+05;1.167180e+01;2.351939e+01;1.242084e+03;1.312859e+03;2.748119e-01;-5.017037e-01;9.011894e-02;2.660765e-01;6.802545e-01;8.231758e-01;7.042604e+00;3.197765e+01;6.750792e+00;2.869743e+01;8.849867e+00;1.191037e+01;5.154236e+00;1.092534e+01;4.524639e+00;9.390725e-01;5.075476e+00;-8.567956e+00;8.460274e+00;-5.998286e+00;6.209650e+00;-1.032789e+01;9.382035e+00;-3.302773e+00;6.380537e+00;-6.840011e+00;5.034098e+00;-8.197242e+00;6.687313e+00;-2.784837e+00;7.305383e+00;-4.135467e-01;6.720756e+00;9.833903e+00;8.763323e-04;1.169867e-04;1.155476e-06;1.212398e-08;8.136022e-06;-2.868391e-07;5.498533e-06;2.831225e-07;1.344651e-05;6.353583e-07;1.464145e-03;-1.136778e-05;3.801949e-02;-8.982478e-03;5.750575e-02;-8.806195e-03;4.234984e-03;1.583979e-04;2.445519e-03;-3.541194e-04;7.589036e-03;6.230725e-04;1.537293e-02;-6.661706e-04;1.334944e-02;-1.212054e-03;1.374506e-02;5.237096e-04;1.473513e-02;2.144096e-04;5.869664e-02;-2.330606e-03;7.246488e-02;-3.122569e-03;6.171865e-02;-4.859238e-03;9.862886e-02;-1.159601e-02;6.735767e-02;-1.201725e-02;9.265833e-02;-2.185697e-02;7.221097e-02;-6.147409e-03;8.152094e-02;-7.454455e-03;1.075353e-01;-1.254870e-02;1.010252e-01;-1.260475e-02;1.378088e-01;-1.806987e-02;1.135825e-01;-1.568863e-02;1.198016e-01;-1.530428e-02;1.235756e-01;-1.244610e-02;1.248217e-01;-1.539611e-02;1.136910e-01;-2.018612e-02;1.295059e-01;-1.513784e-02;1.537032e-01;-4.814446e-03;1.108905e-01;-5.973797e-03;7.035811e-02;-5.419039e-03;7.242257e-02;-5.469876e-03;9.558856e-02;-5.521677e-05;3.963762e-03;-1.352391e-03;1.124296e+01;-9.761719e-01;9.366060e+00;-2.583984e-01;8.123458e+00;-8.469726e-01;1.469323e+01;-2.627051e+00;7.536950e-02;-2.291004e-03;2.048322e+01;-1.647172e+00;5.442757e-02;-3.144833e-03;1.896475e+05;-2.406990e+03;1.328493e+00;1.812784e-01;1.622140e+02;2.014673e+01;4.278291e-02;-1.552907e-03;1.436581e-02;-1.452685e-03;1.208537e-01;1.726046e-03;1.089395e+00;1.267822e-01;1.758698e+00;2.462196e-01;1.420536e+00;1.761859e-01;1.465469e+00;1.286556e-01;1.240404e+00;-8.363251e-02;1.196151e+00;-9.874027e-02;2.466078e+00;6.867328e-02;2.020085e+00;4.881038e-02;2.007132e+00;1.090423e-01;1.789766e+00;-3.445171e-03;1.991980e+00;8.959504e-02;1.974878e+00;6.939063e-02;1.601378e+00;7.406089e-02;1.690591e+00;1.324717e-01
14.500000;3.724732e+01;7.832925e+01;2.090730e-01;6.631468e-01;9.623701e-02;8.336901e-02;7.951350e-02;6.797151e-02;1.421031e-01;1.479617e-01;3.485531e+01;-1.273512e+01;6.515918e-01;1.455961e+00;4.409593e-01;1.217442e+00;2.381172e-02;1.150883e-01;1.838133e-02;2.225498e-02;2.292436e-02;1.328075e-01;7.463342e-02;2.939579e-01;7.550897e-02;4.336007e-01;4.290248e-02;5.698208e-01;1.026602e-01;7.239485e-01;2.367254e-01;8.988414e-01;3.256873e-01;1.002692e+00;5.762058e-01;1.216104e+00;1.252006e+00;1.567000e+00;6.158838e-01;1.347413e+00;7.985246e-01;1.458433e+00;5.980282e-01;1.444905e+00;7.440367e-01;1.551947e+00;6.582054e-01;1.594520e+00;5.950231e-01;1.597955e+00;6.117024e-01;1.627470e+00;6.804644e-01;1.754714e+00;7.000107e-01;1.779144e+00;6.323268e-01;1.768100e+00;6.814077e-01;1.697936e+00;6.966506e-01;1.652561e+00;6.335440e-01;1.429095e+00;7.068513e-01;1.335897e+00;6.548857e-01;1.137741e+00;4.374707e-01;8.887687e-01;4.202116e-01;7.481186e-01;4.997842e-01;1.651778e+00;9.946886e-02;7.223267e-02;3.215465e+01;1.330752e+02;5.142305e+01;2.328457e+02;1.266295e+02;3.446748e+02;4.327659e+02;5.966133e+02;3.788923e-01;1.186998e+00;1.663171e+02;3.150956e+02;5.836959e-01;3.220028e+00;7.818761e+05;3.847053e+05;1.380574e+01;2.137092e+01;1.298819e+03;1.325546e+03;2.404393e-01;-6.389802e-01;1.313792e-01;3.113998e-01;6.177343e-01;1.157029e+00;6.630973e+00;3.412320e+01;1.370620e+01;2.152356e+01;1.076401e+01;1.026110e+01;7.570792e+00;7.830269e+00;4.906106e+00;1.860395e+00;8.085067e+00;-3.211576e+00;7.272624e+00;-2.833444e+00;6.094054e+00;-1.005828e+01;6.617029e+00;-7.096335e+00;4.403001e+00;-1.084391e+01;4.900514e+00;-5.539541e+00;7.640416e+00;9.100781e-01;7.650215e+00;2.285384e+00;5.773540e+00;7.823832e+00;7.551924e-04;1.225910e-05;7.952385e-07;-1.694211e-09;6.173046e-06;-3.404947e-07;4.081560e-06;-6.269424e-07;1.229660e-05;1.865110e-07;2.090173e-03;-4.958701e-05;6.356157e-02;1.285330e-02;7.755445e-02;3.594968e-03;4.289276e-03;2.966510e-04;2.181054e-03;2.412446e-04;6.584862e-03;4.642733e-06;1.512213e-02;-9.455610e-05;1.295364e-02;5.232741e-04;1.297479e-02;1.669195e-04;2.420950e-02;5.006798e-04;5.266829e-02;3.445563e-03;6.855509e-02;1.500274e-03;1.014254e-01;1.364132e-03;2.159924e-01;2.012821e-03;1.072056e-01;1.940459e-03;1.194077e-01;4.238368e-03;1.235766e-01;5.178676e-03;1.460924e-01;5.643167e-03;1.189160e-01;4.363564e-03;1.126426e-01;3.545550e-03;1.107427e-01;5.033077e-03;1.444304e-01;6.829986e-03;1.348465e-01;2.940249e-03;1.131242e-01;7.719415e-03;1.288944e-01;7.774874e-03;1.318757e-01;5.659322e-03;1.324645e-01;2.524498e-03;1.473806e-01;6.752780e-03;1.261584e-01;6.816151e-03;1.017235e-01;3.693954e-03;8.239204e-02;3.391320e-03;1.083844e-01;8.932346e-03;1.939397e-02;1.259710e-03;1.055434e+01;2.727539e-01;1.336810e+01;1.105371e+00;2.276697e+01;1.564746e+00;1.064136e+02;4.148730e+00;9.024663e-02;1.722148e-03;2.463823e+01;2.378400e+00;5.522252e-02;1.074551e-02;1.520403e+05;7.238192e+03;1.310239e+00;-1.930312e-01;1.736801e+02;-1.087097e+01;4.470354e-02;-2.062274e-03;1.832486e-02;1.990657e-03;1.261118e-01;6.059158e-03;1.191849e+00;-7.813393e-02;1.794244e+00;-2.057134e-01;1.478429e+00;-1.681634e-01;1.217233e+00;-7.954274e-02;1.298474e+00;-3.285985e-03;1.277518e+00;1.168787e-01;1.756901e+00;3.699964e-02;1.740234e+00;2.615195e-02;1.698465e+00;5.720690e-02;1.709189e+00;-9.776237e-02;1.656401e+00;6.512741e-02;1.593966e+00;-3.156486e-02;1.567840e+00;5.375161e-02;1.644447e+00;-8.880913e-02
15.000000;3.338084e+01;6.410299e+01;2.179060e-01;6.526909e-01;7.671687e-02;4.983832e-02;6.319784e-02;4.060235e-02;1.177860e-01;1.443250e-01;3.559582e+01;-1.476632e+01;4.178893e-01;1.893088e+00;4.202275e-01;1.235879e+00;9.720992e-03;1.129615e-01;1.666920e-02;2.720710e-02;9.892708e-03;1.252276e-01;2.289265e-02;2.645887e-01;2.942945e-02;4.071193e-01;4.155356e-02;5.677156e-01;1.076923e-01;7.280322e-01;2.043361e-01;8.701848e-01;2.568766e-01;9.671100e-01;5.843336e-01;1.173352e+00;1.281372e+00;1.497528e+00;6.085420e-01;1.360779e+00;7.567485e-01;1.513032e+00;5.643657e-01;1.488663e+00;7.246196e-01;1.557007e+00;6.290922e-01;1.594658e+00;5.526825e-01;1.653286e+00;5.941021e-01;1.803111e+00;6.491094e-01;1.763368e+00;6.989818e-01;1.800807e+00;5.996212e-01;1.816737e+00;6.185881e-01;1.754276e+00;6.663787e-01;1.705545e+00;7.234937e-01;1.607066e+00;7.266095e-01;1.347695e+00;6.701006e-01;1.115791e+00;4.261197e-01;9.061798e-01;4.218267e-01;7.440011e-01;4.431869e-01;1.885774e+00;8.559830e-02;1.210841e-01;3.139190e+01;1.520244e+02;4.460464e+01;2.606953e+02;1.003540e+02;3.952061e+02;3.962822e+02;7.133232e+02;2.998911e-01;1.166890e+00;1.393493e+02;3.755425e+02;3.721595e-01;3.589631e+00;7.562521e+05;4.631608e+05;5.815997e+00;1.069869e+01;4.765713e+02;3.317974e+02;1.066831e-01;-5.942884e-01;1.058316e-01;3.656938e-01;2.613297e-01;1.195411e+00;5.751795e+00;3.117586e+01;7.953182e+00;1.023614e+01;8.746244e+00;4.574360e+00;4.762225e+00;2.949080e+00;4.192371e+00;2.380571e+00;7.718061e+00;-2.040274e+00;4.754797e+00;-1.666835e+00;8.404216e+00;-9.194314e+00;7.659787e+00;-8.948997e+00;1.001283e+01;-6.136303e+00;4.422487e+00;-4.599204e+00;7.630118e+00;8.855844e-01;6.887959e+00;5.280814e+00;6.546197e+00;7.880008e+00;5.196030e-04;-9.486605e-05;7.139573e-07;1.907256e-09;4.121581e-06;9.961201e-08;3.566646e-06;1.663045e-07;6.813704e-06;-3.038502e-07;2.406079e-03;8.166558e-06;7.596602e-02;6.233672e-03;7.483653e-02;-1.177816e-03;2.764412e-03;-2.661800e-04;2.558514e-03;9.725372e-05;3.148276e-03;-1.843773e-04;7.946284e-03;-7.448983e-05;1.059555e-02;-4.808628e-05;1.154209e-02;-9.126876e-04;2.630388e-02;-9.823502e-04;3.725918e-02;-1.857954e-03;3.855857e-02;-3.419160e-04;9.396436e-02;-1.463686e-03;2.107075e-01;5.768876e-04;1.088106e-01;2.837255e-04;1.150368e-01;3.862750e-04;1.191640e-01;-2.971723e-05;1.350359e-01;-1.360112e-03;1.027771e-01;-1.315646e-03;1.159666e-01;-1.081144e-03;1.431162e-01;-1.044687e-03;1.336087e-01;-6.204679e-05;1.389918e-01;-4.310822e-03;1.088968e-01;-4.010428e-04;1.252962e-01;-3.415818e-03;1.388091e-01;-5.015038e-03;1.814436e-01;-4.203745e-03;1.541235e-01;-2.773414e-03;1.259651e-01;-4.908571e-04;9.945765e-02;-1.075359e-03;8.257632e-02;5.748693e-04;1.328931e-01;-2.118950e-03;2.434371e-02;6.490455e-04;7.379940e+00;7.751953e-01;1.407816e+01;2.727539e-01;2.396734e+01;8.326172e-01;1.190920e+02;7.608398e-01;8.434819e-02;-1.650337e-03;2.795961e+01;1.087374e+00;6.752050e-02;3.762600e-03;1.551780e+05;1.230623e+03;1.122410e+00;-1.530143e-01;8.120889e+01;-1.912493e+01;3.164625e-02;2.481521e-03;2.087756e-02;1.034554e-03;7.929435e-02;-1.818247e-03;1.117488e+00;-8.084358e-02;1.533514e+00;-2.421578e-01;1.474298e+00;-1.684122e-01;1.247660e+00;-6.226368e-02;1.394888e+00;9.410015e-03;1.596953e+00;6.222705e-02;1.795063e+00;-6.882334e-02;2.057224e+00;-8.344659e-02;1.998640e+00;-7.390929e-02;1.841265e+00;6.764805e-02;1.635396e+00;4.133441e-03;1.575689e+00;-4.404702e-02;1.688205e+00;3.396432e-02;1.788242e+00;-2.637184e-02
15.500000;1.216521e+01;6.611224e+01;1.054175e-01;7.287052e-01;8.730645e-02;5.837940e-02;1.011147e-01;1.008609e-01;9.626202e-02;1.712101e-01;1.267270e+01;2.167605e+00;2.635744e-01;1.681530e+00;2.008606e-01;9.558632e-01;9.622233e-03;1.025662e-01;8.542853e-03;2.211640e-02;1.514556e-02;1.291350e-01;2.157263e-02;2.605055e-01;3.694254e-02;4.039116e-01;4.782715e-02;5.652115e-01;6.676634e-02;6.677562e-01;1.256326e-01;7.545907e-01;1.489138e-01;8.390065e-01;1.619782e-01;8.585617e-01;1.869211e-01;9.155320e-01;1.942010e-01;1.080856e+00;1.858693e-01;1.064872e+00;2.128046e-01;1.172651e+00;3.403682e-01;1.199913e+00;3.187368e-01;1.224939e+00;3.077424e-01;1.320663e+00;4.741232e-01;1.388559e+00;2.890789e-01;1.347215e+00;4.011604e-01;1.396934e+00;4.878327e-01;1.359865e+00;4.166490e-01;1.330251e+00;6.062854e-01;1.267589e+00;7.327536e-01;1.239480e+00;4.504790e-01;1.002903e+00;3.874175e-01;8.263469e-01;2.865490e-01;6.919267e-01;2.022392e-01;5.432667e-01;4.725479e-01;1.903715e+00;5.279043e-02;1.029003e-01;3.101446e+01;1.553262e+02;3.282949e+01;2.728975e+02;3.889882e+01;3.623320e+02;1.910830e+02;5.223955e+02;1.808717e-01;9.538386e-01;6.430720e+01;3.217135e+02;2.785525e-01;3.437856e+00;2.380416e+05;1.974264e+05;3.331867e+00;1.210240e+01;1.560126e+02;3.238333e+02;1.059942e-01;-5.036509e-01;4.777651e-02;3.271571e-01;2.799347e-01;1.071966e+00;5.765280e+00;3.401662e+01;4.488851e+00;8.820072e+00;5.041274e+00;2.869056e+00;5.368796e+00;6.666515e+00;4.353957e+00;5.363094e-01;5.855862e+00;-3.817487e+00;5.055350e+00;-5.027451e+00;1.037782e+01;-1.512591e+01;7.781619e+00;-5.732137e+00;8.928893e+00;1.909043e-01;4.985830e+00;-2.608894e+00;6.867256e+00;9.336033e-01;6.691116e+00;4.032606e+00;7.395841e+00;1.050329e+01;3.413534e-04;-1.405049e-05;9.036787e-07;2.752244e-08;4.628727e-06;8.853864e-07;4.005413e-06;1.646350e-07;7.328495e-06;3.875030e-08;1.386919e-03;5.141902e-05;6.845409e-02;3.932673e-04;6.069266e-02;8.987566e-03;2.730497e-03;-2.141078e-04;1.974713e-03;1.592341e-04;5.219828e-03;7.976996e-05;7.664485e-03;3.490468e-05;1.405462e-02;-6.310216e-06;1.273454e-02;-8.678676e-04;1.894519e-02;-7.495813e-04;3.188020e-02;-6.038778e-04;3.380539e-02;9.737760e-04;3.925161e-02;2.838130e-03;4.745754e-02;1.975887e-03;5.764720e-02;9.809689e-04;5.675129e-02;5.273923e-03;6.429739e-02;9.266963e-04;9.425370e-02;9.213581e-03;9.565885e-02;1.139696e-02;8.571345e-02;6.755966e-03;1.244513e-01;6.830138e-03;9.264241e-02;8.823177e-03;1.208193e-01;1.448959e-02;1.216773e-01;1.770325e-02;1.246473e-01;2.015550e-02;1.772255e-01;3.448821e-02;1.886611e-01;3.038514e-02;1.401153e-01;2.117131e-02;1.262579e-01;1.966992e-02;7.712138e-02;1.239398e-02;6.762180e-02;9.343563e-03;1.477448e-01;-6.738852e-03;1.800785e-02;7.927125e-04;1.065531e+01;-1.866211e-01;8.688025e+00;7.177734e-02;1.256985e+01;1.435547e-01;6.236439e+01;3.588867e+00;6.621933e-02;-2.976771e-03;2.012228e+01;1.656310e+00;7.852142e-02;3.912347e-03;7.395770e+04;8.486409e+03;9.832546e-01;-3.121016e-02;4.920831e+01;-5.659315e-01;3.344416e-02;1.777131e-03;1.519506e-02;1.021047e-03;7.752039e-02;-3.345149e-03;1.289255e+00;-6.917504e-02;1.152010e+00;-7.430727e-03;1.164203e+00;2.299563e-02;1.326820e+00;3.459243e-03;1.447784e+00;9.942934e-02;1.950499e+00;-1.279371e-01;1.691427e+00;1.896357e-02;2.349684e+00;9.600420e-03;1.971130e+00;2.606339e-02;1.927337e+00;1.565716e-01;1.491823e+00;7.051582e-03;1.601860e+00;8.253349e-02;1.740593e+00;-5.705019e-02;1.878892e+00;1.546383e-02
16.000000;1.990391e+01;8.073169e+01;1.314415e-02;7.503783e-01;9.025120e-02;6.925942e-02;9.617036e-02;1.158478e-01;7.929336e-02;1.793948e-01;1.295270e+00;5.639044e+00;2.690223e-01;1.737650e+00;2.606868e-01;1.074239e+00;1.129530e-02;9.763716e-02;1.899736e-02;3.337742e-02;1.513897e-02;1.330836e-01;2.478752e-02;2.585090e-01;4.351246e-02;4.086948e-01;7.089356e-02;5.689422e-01;6.325611e-02;6.703025e-01;1.537410e-01;8.053845e-01;1.402496e-01;8.935246e-01;1.634041e-01;9.577828e-01;1.308717e-01;1.032080e+00;1.750525e-01;1.109229e+00;2.277309e-01;1.156374e+00;2.331297e-01;1.215661e+00;3.661368e-01;1.340214e+00;3.516569e-01;1.372890e+00;2.458507e-01;1.317832e+00;2.989832e-01;1.313190e+00;3.040906e-01;1.456019e+00;5.098568e-01;1.550647e+00;6.120386e-01;1.579717e+00;7.206696e-01;1.620818e+00;9.846466e-01;1.633389e+00;8.101707e-01;1.428152e+00;7.178742e-01;1.312567e+00;7.267728e-01;1.182207e+00;4.160146e-01;8.773592e-01;3.897048e-01;7.356349e-01;5.994409e-01;1.894014e+00;4.892543e-02;1.130492e-01;3.392601e+01;1.517373e+02;3.141028e+01;2.964404e+02;3.608452e+01;3.726680e+02;6.538864e+02;7.325596e+02;1.804502e-01;8.795450e-01;1.720924e+02;4.127708e+02;3.116426e-01;3.556033e+00;1.300433e+06;7.944633e+05;3.777763e+00;9.986460e+00;1.669519e+02;2.253755e+02;1.099987e-01;-4.545406e-01;1.216490e-01;3.943252e-01;3.333363e-01;9.853700e-01;8.168268e+00;3.031264e+01;7.084414e+00;1.178403e+01;4.167460e+00;-2.468921e+00;6.821564e+00;5.872844e+00;5.961807e+00;4.152855e+00;7.700303e+00;-6.488981e+00;5.187713e+00;-5.564908e+00;1.151900e+01;-1.257618e+01;5.936486e+00;-2.741802e+00;6.265345e+00;6.777571e-01;4.168443e+00;7.176673e-01;4.325599e+00;4.293230e+00;3.945664e+00;3.936014e+00;6.087953e+00;1.063651e+01;4.473575e-04;1.186429e-04;9.585017e-07;8.165069e-08;5.963925e-06;6.677969e-07;5.775596e-06;-6.829572e-07;7.701512e-06;1.250534e-07;1.031988e-04;-3.291309e-06;6.215308e-02;2.709447e-03;6.718361e-02;7.194524e-04;2.375405e-03;7.108911e-05;3.346617e-03;9.171075e-05;5.076636e-03;6.107274e-05;6.699141e-03;6.266982e-05;1.472327e-02;-1.677033e-05;1.396854e-02;4.231638e-05;1.494012e-02;5.800434e-04;3.793543e-02;2.665448e-04;3.202432e-02;2.812371e-03;3.647305e-02;4.106638e-03;4.419010e-02;1.443803e-03;5.049650e-02;1.064587e-03;6.754780e-02;9.043277e-04;7.557679e-02;-1.725442e-04;1.112229e-01;4.398962e-03;1.018792e-01;3.432090e-04;7.744148e-02;-3.470198e-04;8.997894e-02;1.469833e-03;1.013493e-01;-2.234388e-03;1.420946e-01;6.436415e-03;1.457396e-01;5.480023e-04;1.533876e-01;-3.886662e-04;2.095320e-01;6.525241e-04;1.724007e-01;6.768310e-06;1.887606e-01;-1.590246e-03;1.862674e-01;-1.194091e-03;9.458618e-02;-7.447093e-04;9.368572e-02;1.941218e-04;1.424706e-01;2.229817e-03;1.601905e-02;9.036168e-04;1.030938e+01;-2.727539e-01;9.403610e+00;6.890625e-01;1.149222e+01;5.024414e-01;2.096022e+02;3.387891e+00;6.164657e-02;1.029914e-03;3.552609e+01;7.653351e-01;7.211587e-02;4.413332e-03;2.739942e+05;1.079569e+03;7.280002e-01;-3.491233e-02;3.370547e+01;-1.390667e+00;2.791888e-02;-3.240861e-04;2.467828e-02;6.701949e-04;6.778163e-02;-6.781496e-04;1.379417e+00;-4.238366e-03;1.471195e+00;1.108012e-02;1.091889e+00;-1.249371e-01;1.444749e+00;-6.112035e-02;1.582877e+00;6.144678e-02;2.032871e+00;6.352704e-02;1.664355e+00;2.209168e-03;2.134092e+00;1.772497e-01;1.799634e+00;1.230338e-01;1.954379e+00;-6.255459e-02;1.404145e+00;2.860673e-02;1.630718e+00;1.423747e-01;1.477432e+00;7.120734e-03;1.712484e+00;5.023121e-02
16.500000;2.742089e+01;9.620148e+01;1.301680e-01;7.322046e-01;6.673380e-02;3.870279e-02;5.637585e-02;3.315470e-02;7.848144e-02;1.908616e-01;1.510578e+01;1.866999e+00;2.661453e-01;1.917065e+00;2.476977e-01;1.103807e+00;1.188620e-02;9.362480e-02;1.990449e-02;4.143865e-02;2.262610e-02;1.281823e-01;4.958697e-02;2.729140e-01;5.084746e-02;4.219266e-01;7.746313e-02;5.433210e-01;7.355130e-02;6.626651e-01;1.839579e-01;8.068727e-01;1.335277e-01;8.740782e-01;1.580521e-01;9.297966e-01;1.575078e-01;9.286618e-01;2.370381e-01;1.075632e+00;2.546600e-01;1.175958e+00;3.472843e-01;1.188448e+00;3.181016e-01;1.250301e+00;3.225020e-01;1.318803e+00;2.812490e-01;1.348616e+00;4.139979e-01;1.478243e+00;1.158026e+00;1.854097e+00;1.123585e+00;1.818306e+00;4.805663e-01;1.567719e+00;6.946507e-01;1.644803e+00;9.025320e-01;1.657775e+00;9.174165e-01;1.545412e+00;7.576469e-01;1.396151e+00;7.340121e-01;1.221055e+00;3.594926e-01;8.334734e-01;4.021023e-01;7.557846e-01;6.619547e-01;1.724335e+00;3.066147e-01;2.421684e-01;7.856246e+01;2.008330e+02;2.220648e+02;3.660645e+02;5.911874e+02;5.943164e+02;8.689646e+02;1.115133e+03;1.802124e-01;8.558011e-01;2.986040e+02;5.628444e+02;2.753400e-01;3.784915e+00;1.267803e+06;1056718;3.199131e+00;7.018705e+00;7.577920e+01;9.830913e+01;1.128547e-01;-4.118772e-01;1.851042e-01;4.961681e-01;3.533055e-01;9.332117e-01;6.184502e+00;2.609062e+01;1.005688e+01;1.057707e+01;6.307915e+00;-1.512688e+00;6.990997e+00;4.184998e-01;8.071905e+00;4.398746e+00;8.089014e+00;-7.691376e+00;7.297019e+00;-5.188745e+00;1.604613e+01;-1.396799e+01;1.504879e+01;2.390105e+00;9.773163e+00;4.012563e+00;9.945513e+00;-2.003978e+00;5.167758e+00;2.237233e+00;7.447808e+00;1.390736e+00;7.077416e+00;5.888336e+00;5.074088e-04;1.511110e-04;8.604944e-07;1.048532e-07;4.973969e-06;8.450964e-08;4.712646e-06;-4.548669e-07;6.910325e-06;2.061010e-07;1.409466e-03;-4.084521e-05;6.282991e-02;-8.054723e-03;4.980479e-02;-1.307132e-02;2.379700e-03;1.389689e-04;3.781471e-03;-3.350970e-04;4.486804e-03;3.998385e-04;9.369975e-03;1.451092e-03;1.399330e-02;1.715299e-03;1.470793e-02;1.424526e-03;1.497992e-02;4.096531e-05;4.366108e-02;9.045578e-05;3.235320e-02;-1.860420e-03;3.116554e-02;-5.966906e-03;3.439516e-02;-4.016540e-03;4.877996e-02;-4.185180e-03;6.153527e-02;-9.350634e-03;1.079986e-01;-6.658480e-03;7.900778e-02;-1.516828e-02;7.228282e-02;-1.741180e-02;7.917265e-02;-1.059704e-02;8.508644e-02;-1.390298e-02;2.670944e-01;-1.863488e-02;3.017080e-01;-2.091461e-02;1.013323e-01;-2.671910e-02;1.184361e-01;-3.046538e-02;1.491782e-01;-4.276213e-02;2.207774e-01;-3.525660e-02;1.752653e-01;-2.773877e-02;1.690323e-01;-2.578052e-02;6.410559e-02;-1.735899e-02;8.879334e-02;-1.022736e-02;1.256322e-01;7.014277e-03;7.754397e-02;-1.872168e-03;1.568938e+01;-7.177734e-02;6.530057e+01;-9.474609e-01;1.475418e+02;-1.162793e+00;2.713718e+02;-7.522265e+00;6.044904e-02;1.037039e-03;6.978375e+01;-3.520915e+00;6.007158e-02;-1.013445e-02;2.926505e+05;-1.485456e+04;7.291227e-01;1.313509e-01;1.978517e+01;4.217901e+00;2.242996e-02;-1.840858e-03;4.265894e-02;-2.507884e-03;6.686588e-02;7.758883e-04;1.203902e+00;1.681068e-01;1.864934e+00;1.155458e-01;1.255879e+00;5.913593e-02;1.734022e+00;4.566923e-02;1.964501e+00;-2.060465e-01;2.228969e+00;1.305761e-01;1.889605e+00;-1.351929e-02;2.961852e+00;-1.405284e-01;3.544529e+00;1.008059e-01;2.303790e+00;3.410481e-02;1.849491e+00;-7.773636e-02;1.756363e+00;-4.673998e-02;2.152031e+00;-1.274310e-01;2.001979e+00;-9.537836e-03
17.000000;3.285515e+01;8.547630e+01;2.049271e-01;6.913825e-01;8.812029e-02;5.182458e-02;7.460409e-02;3.483434e-02;1.443709e-01;2.024179e-01;2.204275e+01;-5.075489e+00;3.803124e-01;1.623647e+00;2.061488e-01;9.593351e-01;1.092670e-02;9.624910e-02;1.807091e-02;2.737843e-02;2.446718e-02;1.307316e-01;5.619869e-02;2.873078e-01;7.300980e-02;4.377385e-01;5.230475e-02;5.369149e-01;6.184224e-02;6.520192e-01;1.949661e-01;8.039002e-01;1.810925e-01;8.555516e-01;1.267883e-01;8.648629e-01;1.548990e-01;9.495319e-01;2.453318e-01;9.892759e-01;2.527822e-01;1.039984e+00;3.170868e-01;1.127377e+00;1.994983e-01;1.154709e+00;2.316647e-01;1.196762e+00;2.610652e-01;1.297956e+00;4.279467e-01;1.402988e+00;1.258224e+00;1.600682e+00;1.145368e+00;1.501067e+00;2.650456e-01;1.325002e+00;4.095643e-01;1.310490e+00;4.613416e-01;1.206103e+00;7.729577e-01;1.182683e+00;5.531767e-01;1.023286e+00;4.625963e-01;8.509952e-01;1.876895e-01;6.355615e-01;2.975578e-01;5.792307e-01;5.297644e-01;1.677987e+00;3.262562e-01;1.946620e-01;8.136842e+01;1.930811e+02;2.346463e+02;3.283096e+02;6.029463e+02;5.637393e+02;7.487168e+02;8.359189e+02;2.280386e-01;9.428732e-01;3.176876e+02;4.374167e+02;3.984970e-01;3.541365e+00;5.564538e+05;4.086743e+05;6.856871e+00;1.242306e+01;4.229525e+02;4.383933e+02;1.199290e-01;-4.368628e-01;2.026502e-01;4.008546e-01;2.319304e-01;8.263003e-01;8.218208e+00;3.413938e+01;8.780559e+00;9.746588e+00;5.327683e+00;3.398201e+00;7.965293e+00;3.989505e+00;8.381653e+00;-1.308291e+00;6.616316e+00;-5.198656e+00;7.139601e+00;-3.270368e+00;1.387708e+01;-1.608036e+01;1.526264e+01;2.754966e+00;9.848465e+00;2.885519e+00;9.456141e+00;-3.882831e+00;5.300606e+00;-1.618638e+00;7.597820e+00;-1.096955e+00;6.361889e+00;5.498920e+00;5.903720e-04;1.202847e-05;7.498092e-07;-3.768633e-10;3.137581e-06;6.027302e-07;2.777047e-06;2.984863e-07;9.149406e-06;-6.580764e-07;2.134546e-03;-1.726431e-06;5.229052e-02;-4.273485e-03;3.561147e-02;1.801793e-04;2.388858e-03;8.782655e-05;2.339185e-03;-1.311414e-04;4.529129e-03;-5.182826e-05;1.201506e-02;1.861841e-04;1.334711e-02;8.245624e-05;1.466789e-02;2.703918e-04;1.673494e-02;1.967606e-03;3.888379e-02;1.532818e-03;3.361733e-02;-5.451316e-04;2.666564e-02;-1.155610e-03;2.797544e-02;1.927890e-03;3.772106e-02;1.155759e-03;4.919116e-02;2.856492e-04;9.340379e-02;-1.048698e-03;4.807319e-02;-5.860732e-03;5.429852e-02;9.624424e-05;6.265214e-02;9.873075e-04;6.842465e-02;-1.013818e-03;2.617476e-01;4.808842e-04;2.824864e-01;-2.443057e-03;5.830124e-02;-1.731160e-03;7.736319e-02;4.268000e-04;9.190966e-02;5.718763e-04;2.078658e-01;2.585998e-03;1.177045e-01;2.797568e-03;1.066240e-01;2.097985e-03;5.196576e-02;7.999284e-04;7.422983e-02;2.813710e-04;1.520080e-01;3.630169e-04;7.660706e-02;-1.228665e-03;1.651373e+01;-4.306640e-02;6.501221e+01;-7.034180e-01;1.474409e+02;-3.732422e-01;1.757595e+02;-2.469141e+00;8.187170e-02;2.240173e-03;6.199519e+01;-9.968881e-01;5.208408e-02;-3.613008e-03;1.249256e+05;-1.919193e+03;1.010219e+00;5.149162e-02;7.762559e+01;4.559170e+00;3.304197e-02;-7.642254e-04;3.656683e-02;-8.235250e-04;7.934915e-02;2.004275e-03;1.081992e+00;1.302099e-01;1.569012e+00;3.500008e-02;1.182686e+00;7.092819e-02;1.484966e+00;8.709229e-04;1.879801e+00;-1.408869e-01;1.992270e+00;-1.228603e-02;1.549559e+00;1.218519e-01;2.821823e+00;-1.048716e-01;3.510307e+00;-4.243527e-02;2.113446e+00;7.721882e-02;1.860653e+00;5.830111e-02;1.572533e+00;-6.948967e-02;2.241148e+00;-9.227291e-02;1.876232e+00;-4.433111e-02
17.500000;4.515800e+01;9.312273e+01;1.606218e-01;6.980625e-01;1.218495e-01;1.076327e-01;1.379798e-01;1.061255e-01;1.483925e-01;2.129476e-01;1.730018e+01;-2.205211e+00;3.499491e-01;1.629678e+00;3.362310e-01;1.046882e+00;1.253123e-02;1.106445e-01;2.202088e-02;2.687453e-02;1.596487e-02;1.317888e-01;3.755154e-02;2.932006e-01;6.327060e-02;4.509279e-01;4.523812e-02;5.716432e-01;8.833065e-02;7.222834e-01;1.374356e-01;8.259679e-01;1.514174e-01;8.798361e-01;1.384403e-01;8.919051e-01;1.085699e-01;1.076541e+00;2.237615e-01;1.065680e+00;2.712319e-01;1.136909e+00;2.512788e-01;1.240944e+00;3.346807e-01;1.370692e+00;2.523819e-01;1.305107e+00;2.422970e-01;1.362977e+00;2.802829e-01;1.337170e+00;4.500747e-01;1.300757e+00;6.203820e-01;1.470650e+00;5.538796e-01;1.547791e+00;6.696532e-01;1.500643e+00;9.538038e-01;1.505615e+00;9.587861e-01;1.389554e+00;1.010299e+00;1.212303e+00;9.725873e-01;1.056140e+00;5.970160e-01;8.548536e-01;5.614775e-01;7.170495e-01;6.700481e-01;2.275565e+00;5.221665e-02;7.121675e-02;3.492364e+01;1.716914e+02;3.150985e+01;2.496416e+02;4.766448e+01;3.494121e+02;3.835995e+02;5.582842e+02;1.947700e-01;1.112093e+00;1.856298e+02;3.578368e+02;2.763580e-01;3.386124e+00;1.287843e+06;619850;5.398553e+00;1.437456e+01;3.934344e+02;5.189017e+02;1.393756e-01;-5.838037e-01;1.342923e-01;3.522720e-01;5.090834e-01;1.202306e+00;7.969882e+00;3.546964e+01;5.461990e+00;1.458775e+01;5.086235e+00;1.471327e+00;5.038160e+00;7.061258e+00;6.361767e+00;-1.310343e+00;5.545933e+00;-9.110916e+00;8.491078e+00;-6.202070e+00;5.055064e+00;-1.120310e+01;7.925505e+00;1.491550e-02;5.274704e+00;-2.108812e+00;4.473676e+00;-2.452939e+00;5.019213e+00;-1.135226e+00;6.450275e+00;-4.067921e+00;6.647767e+00;3.684020e+00;1.747614e-03;-3.282669e-06;7.639370e-07;1.739758e-10;5.908800e-06;6.209762e-07;7.708817e-06;-4.421937e-07;1.067798e-05;-5.295849e-07;1.606105e-03;4.452946e-05;5.017038e-02;3.685850e-03;6.946386e-02;1.838359e-03;2.871544e-03;1.366192e-06;3.993061e-03;2.406147e-05;3.881886e-03;-6.799832e-04;1.171057e-02;-1.845933e-03;1.099700e-02;-2.357300e-03;1.550282e-02;-7.763453e-04;1.940583e-02;3.841417e-04;2.107270e-02;-1.709474e-03;2.534841e-02;-4.322582e-04;3.420465e-02;3.927540e-03;3.175608e-02;2.310398e-03;3.560640e-02;4.776947e-03;5.845696e-02;4.847289e-03;5.585451e-02;3.881841e-03;7.170263e-02;3.193829e-03;6.103440e-02;2.020385e-03;5.753333e-02;1.568970e-03;6.982115e-02;3.868622e-03;7.082780e-02;6.719962e-03;9.561217e-02;3.944376e-03;1.125922e-01;3.972229e-03;1.352229e-01;5.327784e-03;1.902632e-01;4.233848e-03;2.060608e-01;3.164831e-03;2.362200e-01;-1.766273e-04;2.335811e-01;-1.505266e-03;1.363468e-01;2.379271e-03;1.240293e-01;-3.241731e-03;1.714607e-01;4.826106e-03;6.799414e-03;1.097316e-03;8.818979e+00;5.742188e-01;9.115112e+00;1.105371e+00;1.252155e+01;8.469726e-01;1.199046e+02;2.095898e+00;7.971583e-02;2.431222e-03;3.702247e+01;1.069382e+00;6.434717e-02;2.960607e-03;2.637048e+05;-2.316887e+02;1.078719e+00;-7.122549e-02;8.921379e+01;-1.764414e+00;3.758359e-02;1.883272e-04;2.611058e-02;1.076739e-03;1.318420e-01;4.443917e-03;1.463490e+00;7.551471e-03;1.017269e+00;-1.418552e-01;1.181141e+00;-9.286688e-02;1.163018e+00;-8.733518e-02;1.466164e+00;1.371163e-01;1.227134e+00;-1.174390e-01;1.261404e+00;-1.970690e-01;1.427612e+00;4.196149e-02;1.721091e+00;-1.180981e-01;1.552506e+00;7.195673e-03;1.448185e+00;4.370772e-02;1.219694e+00;-1.973821e-02;1.675598e+00;7.075467e-02;1.128878e+00;-1.017558e-01
18.000000;4.389751e+01;1.005286e+02;1.160391e-02;7.330037e-01;1.688260e-01;1.437939e-01;2.034926e-01;2.185560e-01;9.779400e-02;1.766686e-01;1.240218e+00;4.210728e+00;1.982204e-01;1.861064e+00;3.115366e-01;1.084588e+00;8.637805e-03;1.173738e-01;2.121883e-02;2.854119e-02;1.526176e-02;1.281059e-01;2.925625e-02;2.727412e-01;3.614379e-02;4.244788e-01;4.295522e-02;5.777000e-01;8.225629e-02;7.430789e-01;7.265726e-02;7.772719e-01;7.919000e-02;8.562794e-01;1.270307e-01;9.323390e-01;1.292922e-01;1.004416e+00;1.021490e-01;1.196590e+00;1.717778e-01;1.258378e+00;2.641746e-01;1.215247e+00;3.583689e-01;1.330798e+00;3.155351e-01;1.363325e+00;2.440556e-01;1.362771e+00;2.276541e-01;1.397108e+00;3.266755e-01;1.498637e+00;5.461920e-01;1.586556e+00;5.365902e-01;1.556493e+00;6.261701e-01;1.583945e+00;8.969108e-01;1.638285e+00;9.056974e-01;1.481826e+00;9.858988e-01;1.271230e+00;9.668558e-01;1.118064e+00;5.961099e-01;9.041910e-01;5.374272e-01;7.194216e-01;6.327893e-01;2.763799e+00;4.157721e-02;1.407155e-01;3.118674e+01;2.006895e+02;3.956905e+01;2.825156e+02;3.561169e+01;3.848701e+02;3.655377e+02;6.058008e+02;1.767507e-01;1.156375e+00;1.676610e+02;3.983450e+02;2.262547e-01;3.504704e+00;1.283311e+06;6.293528e+05;3.503329e+00;1.051984e+01;1.755713e+02;2.751696e+02;9.877271e-02;-6.485571e-01;1.162270e-01;3.924213e-01;3.776637e-01;1.548267e+00;7.281575e+00;3.397748e+01;5.716474e+00;1.224204e+01;4.071114e+00;-2.064557e+00;4.120193e+00;3.745278e+00;4.489453e+00;2.479927e+00;4.819595e+00;-1.073239e+01;6.877176e+00;-1.439047e+01;5.825552e+00;-1.281324e+01;7.240300e+00;-9.374458e-01;9.607925e+00;5.372057e+00;8.191175e+00;-8.155679e-01;4.034492e+00;1.891207e+00;4.978725e+00;-5.495848e+00;4.076262e+00;-3.539277e+00;2.381086e-03;-6.121857e-05;8.394043e-07;-2.404092e-08;1.172773e-05;-2.743431e-07;1.200406e-05;-2.615405e-07;8.803260e-06;-2.267233e-08;1.153191e-04;3.647943e-06;5.392734e-02;2.569758e-03;7.083995e-02;-1.015931e-04;2.945967e-03;1.732572e-04;3.988165e-03;2.481734e-05;5.215340e-03;6.504643e-05;9.920815e-03;-9.175564e-05;9.515088e-03;8.204266e-05;1.372318e-02;5.456742e-04;1.788806e-02;-1.145888e-03;9.979585e-03;-1.962728e-03;1.711060e-02;-1.528412e-03;3.384917e-02;1.397590e-04;2.558589e-02;-3.238533e-03;3.183436e-02;-1.465831e-03;5.201386e-02;1.573002e-04;6.345004e-02;-3.276443e-04;7.983119e-02;1.019554e-03;9.361850e-02;-7.860780e-04;6.416752e-02;-5.931795e-04;7.066928e-02;3.523335e-03;7.673161e-02;2.249279e-03;1.072961e-01;-2.466572e-03;1.162101e-01;7.051713e-04;1.356893e-01;-6.533589e-04;1.919846e-01;5.562005e-04;2.028251e-01;1.376869e-04;2.367312e-01;1.647539e-03;2.375591e-01;5.227012e-04;1.398613e-01;-9.307675e-04;1.194422e-01;1.198028e-03;1.512893e-01;1.339937e-02;1.004161e-02;1.161096e-03;1.052775e+01;5.885742e-01;1.276313e+01;1.134082e+00;1.357693e+01;2.583984e-01;1.198672e+02;-1.148437e-01;7.098071e-02;1.783617e-03;3.769038e+01;6.410844e-01;6.603252e-02;-1.624487e-03;2.634428e+05;3.313704e+02;8.786394e-01;-1.152769e-02;5.065743e+01;-1.883762e+00;3.172409e-02;-1.222260e-03;2.705044e-02;6.536767e-04;1.413903e-01;7.940657e-03;1.471519e+00;-3.438914e-02;9.241248e-01;-3.438521e-02;1.347917e+00;-5.544155e-02;1.251128e+00;5.311189e-02;1.308970e+00;8.669166e-02;1.496391e+00;-6.988134e-02;1.447831e+00;-1.365924e-01;1.522073e+00;-9.297437e-02;1.539550e+00;-5.667299e-02;1.751703e+00;1.585945e-01;1.370180e+00;-3.344342e-02;1.389627e+00;7.161926e-02;1.646261e+00;3.086824e-02;1.000696e+00;3.152911e-04
18.500000;2.536939e+01;7.877866e+01;1.700767e-02;7.399209e-01;1.786154e-01;1.197271e-01;2.656630e-01;2.639338e-01;1.216198e-01;1.810873e-01;1.377566e+00;4.969447e+00;2.390795e-01;1.745720e+00;3.357922e-01;1.052922e+00;9.120322e-03;1.117645e-01;2.882422e-02;3.000252e-02;1.743779e-02;1.277570e-01;2.492578e-02;2.655149e-01;2.800075e-02;4.136527e-01;4.533868e-02;5.509692e-01;7.510222e-02;6.679956e-01;5.062055e-02;7.150872e-01;8.386569e-02;8.224267e-01;7.685345e-02;9.814343e-01;1.187882e-01;9.737161e-01;1.267961e-01;1.069879e+00;1.394537e-01;1.135618e+00;2.032199e-01;1.112063e+00;2.214182e-01;1.170115e+00;3.624629e-01;1.322792e+00;3.420697e-01;1.323001e+00;3.123966e-01;1.428881e+00;4.220102e-01;1.486955e+00;7.301052e-01;1.533661e+00;7.635878e-01;1.582784e+00;7.223462e-01;1.563944e+00;9.783698e-01;1.549219e+00;9.147422e-01;1.434387e+00;1.024743e+00;1.343805e+00;9.481080e-01;1.176306e+00;6.384397e-01;9.020742e-01;4.904762e-01;7.219262e-01;6.646480e-01;2.658317e+00;5.030354e-02;1.325831e-01;3.424795e+01;2.041348e+02;3.885959e+01;3.040488e+02;2.529453e+02;4.445889e+02;1.352321e+03;8.936279e+02;1.870929e-01;1.106368e+00;3.192530e+02;4.375261e+02;3.959057e-01;3.495147e+00;2.221872e+06;8.359174e+05;4.068666e+00;1.123127e+01;1.730318e+02;3.371226e+02;1.014144e-01;-5.847338e-01;2.193604e-01;4.223136e-01;3.485855e-01;1.445499e+00;8.344868e+00;3.643027e+01;4.939875e+00;1.130373e+01;4.111106e+00;-3.973252e+00;3.829342e+00;4.379420e+00;3.628832e+00;2.564788e+00;4.367413e+00;-8.446129e+00;5.281268e+00;-1.409558e+01;6.980269e+00;-1.763815e+01;5.492380e+00;-3.805299e+00;1.026897e+01;6.048378e+00;8.331219e+00;1.578117e+00;4.937004e+00;1.385022e+00;4.601686e+00;-2.090993e+00;6.590694e+00;-7.690875e-02;1.783322e-03;-4.985721e-05;1.129581e-06;2.582101e-08;1.175370e-05;-1.145239e-06;1.424841e-05;-2.373687e-07;9.975762e-06;3.160430e-07;9.229761e-05;1.496830e-06;5.735687e-02;2.317524e-03;7.890544e-02;5.302863e-03;2.791824e-03;6.598123e-05;4.241718e-03;5.631142e-04;6.106094e-03;5.816882e-04;9.485279e-03;4.440568e-04;1.046081e-02;4.021664e-04;1.093962e-02;6.592751e-04;1.256058e-02;-3.134717e-04;1.361231e-02;-9.328676e-04;2.059536e-02;9.559152e-04;2.316817e-02;-9.427614e-04;2.581847e-02;6.449097e-04;2.048039e-02;-1.890650e-03;3.093498e-02;-1.640592e-03;6.152545e-02;-9.170376e-04;6.491067e-02;-1.393487e-03;1.010060e-01;3.660240e-03;1.005161e-01;5.380861e-03;8.601922e-02;6.197167e-03;1.111211e-01;3.384470e-03;1.899854e-01;9.283036e-03;1.836341e-01;1.342861e-02;1.687094e-01;1.101912e-02;2.169992e-01;1.465102e-02;2.047351e-01;1.470872e-02;2.306806e-01;2.018651e-02;1.957937e-01;2.238251e-02;1.656557e-01;5.417571e-03;1.052100e-01;1.251747e-02;1.338733e-01;-1.085853e-03;1.232416e-02;-3.207375e-04;1.159861e+01;2.871094e-02;1.209827e+01;1.004883e-01;8.580177e+01;-2.009766e-01;3.420368e+02;7.479199e+00;7.745466e-02;-1.007791e-03;6.299957e+01;5.195163e+00;8.276633e-02;3.749264e-03;4.183394e+05;4.286432e+04;7.410784e-01;-7.280209e-02;3.633891e+01;-2.627905e+00;2.827283e-02;-7.787393e-05;4.351091e-02;3.495427e-03;1.076209e-01;1.802985e-04;1.701936e+00;-1.511939e-01;1.054777e+00;1.648603e-01;1.154818e+00;-2.679368e-02;1.268192e+00;6.966793e-02;1.225767e+00;-2.528762e-02;1.541603e+00;1.230324e-01;1.286716e+00;1.966942e-01;1.552781e+00;-1.300863e-01;1.639019e+00;-2.902682e-02;1.784690e+00;-1.448799e-01;1.426071e+00;1.390595e-01;1.867723e+00;4.095086e-02;1.569034e+00;-1.664816e-02;1.220123e+00;2.431525e-01
19.000000;7.952400e+00;7.173782e+01;2.053693e-02;7.497645e-01;1.213447e-01;7.804370e-02;2.376123e-01;1.660603e-01;1.197042e-01;1.854728e-01;1.326353e+00;5.722880e+00;2.716106e-01;1.605959e+00;3.462529e-01;1.038799e+00;1.334304e-02;9.669551e-02;2.824627e-02;3.713404e-02;1.860712e-02;1.297996e-01;2.801130e-02;2.632679e-01;4.069763e-02;4.009113e-01;3.454066e-02;5.401937e-01;5.485737e-02;6.324198e-01;9.261949e-02;7.485437e-01;9.542949e-02;8.357388e-01;1.408300e-01;9.463835e-01;1.362717e-01;9.570526e-01;1.265808e-01;9.381080e-01;1.313361e-01;1.030385e+00;1.970474e-01;1.146672e+00;2.483227e-01;1.202731e+00;3.413176e-01;1.267476e+00;3.543970e-01;1.280752e+00;4.173830e-01;1.371295e+00;4.303384e-01;1.404850e+00;7.123520e-01;1.538867e+00;8.020309e-01;1.586222e+00;8.009537e-01;1.592832e+00;1.003418e+00;1.533875e+00;1.007305e+00;1.501395e+00;1.046959e+00;1.393596e+00;9.632552e-01;1.165003e+00;6.323049e-01;8.664942e-01;5.025783e-01;7.339070e-01;6.590862e-01;1.989935e+00;4.327215e-02;7.572791e-02;3.759132e+01;1.833193e+02;3.072573e+01;3.039053e+02;2.551342e+02;4.348271e+02;1.351587e+03;9.091318e+02;2.191963e-01;9.460846e-01;3.216009e+02;4.677279e+02;3.877801e-01;3.525486e+00;2.224562e+06;1144493;4.422550e+00;1.140314e+01;2.123504e+02;2.984812e+02;1.225057e-01;-4.439607e-01;2.216135e-01;4.384836e-01;4.370536e-01;1.046708e+00;9.173743e+00;3.263388e+01;5.472936e+00;1.612345e+01;4.705024e+00;-4.980429e+00;4.564953e+00;4.766044e+00;5.029848e+00;2.734301e+00;8.341405e+00;-1.150671e+01;7.073661e+00;-9.644401e+00;9.305604e+00;-1.579319e+01;7.361012e+00;1.426837e+00;7.382373e+00;1.318132e-01;6.120053e+00;5.837579e-01;5.502836e+00;2.913722e+00;5.147593e+00;-3.213585e-01;6.778877e+00;8.524452e+00;5.970549e-04;3.425703e-05;1.209955e-06;3.732405e-08;5.981578e-06;-1.337965e-07;1.099763e-05;-9.502317e-07;9.766822e-06;2.082338e-07;2.920276e-04;-4.028747e-05;5.914945e-02;-3.950756e-03;8.177538e-02;-1.476252e-03;2.380776e-03;-3.723165e-04;4.719125e-03;5.794943e-06;5.358317e-03;1.437008e-04;9.567811e-03;-1.160589e-05;1.081112e-02;6.570087e-05;1.106281e-02;-5.360712e-05;1.316800e-02;-6.515165e-04;2.078515e-02;1.974736e-03;2.809512e-02;1.359546e-03;3.023912e-02;3.334412e-04;2.802044e-02;-1.118497e-04;2.454196e-02;-1.422010e-03;3.306877e-02;-5.477611e-04;6.063969e-02;-1.154048e-03;8.029327e-02;-1.611313e-03;9.971799e-02;-9.219606e-04;1.022381e-01;3.322018e-04;1.122131e-01;-6.207400e-03;1.090224e-01;-3.904127e-03;1.872479e-01;-2.430576e-03;1.997093e-01;-3.763128e-03;2.050227e-01;-2.315666e-04;2.341933e-01;-9.967384e-04;2.460476e-01;-5.055238e-03;2.497129e-01;-6.414667e-03;2.028077e-01;-3.702120e-03;1.612233e-01;-4.105186e-04;1.098025e-01;-2.990097e-03;1.017143e-01;-1.587424e-02;1.100769e-02;-1.284341e-03;1.101389e+01;-6.029297e-01;9.735125e+00;-7.751953e-01;8.570275e+01;-2.871094e-01;3.469904e+02;0;7.165098e-02;-2.090017e-03;6.735343e+01;-5.707495e-01;8.507510e-02;1.308961e-03;4.492088e+05;-2.288236e+02;8.351168e-01;3.406643e-02;3.905605e+01;1.952452e+00;2.038768e-02;2.529475e-03;4.623698e-02;-5.702949e-04;7.545339e-02;-1.181023e-02;1.745817e+00;-3.966345e-03;1.130469e+00;7.845533e-02;1.210306e+00;2.315775e-02;1.257353e+00;-9.876758e-02;1.349167e+00;-1.581948e-03;1.778906e+00;-6.660441e-03;2.450239e+00;3.835270e-02;2.484091e+00;2.275605e-01;1.751779e+00;7.459205e-02;1.774788e+00;-1.190640e-01;1.937605e+00;1.219824e-02;1.685147e+00;-8.925112e-02;1.949062e+00;4.834745e-02;1.841244e+00;2.989817e-02
19.500000;1.469721e+01;6.806892e+01;1.062456e-01;7.351397e-01;7.218491e-02;3.792027e-02;8.572623e-02;4.916377e-02;9.199391e-02;1.183620e-01;1.378771e+01;1.489888e+00;2.337400e-01;1.332453e+00;1.452277e-01;9.204378e-01;2.370394e-02;1.019987e-01;1.348173e-02;2.336483e-02;1.673684e-02;1.353538e-01;7.255222e-02;2.933097e-01;1.081921e-01;4.409056e-01;3.429874e-02;5.487916e-01;7.445321e-02;6.510140e-01;1.809836e-01;7.843968e-01;1.128594e-01;7.830747e-01;1.749311e-01;8.480965e-01;3.732444e-01;9.035091e-01;1.723814e-01;8.710217e-01;2.514293e-01;9.314008e-01;2.252433e-01;1.044400e+00;2.802683e-01;1.089186e+00;3.186408e-01;1.211058e+00;1.984897e-01;1.251676e+00;3.400699e-01;1.296467e+00;4.297246e-01;1.392856e+00;3.524527e-01;1.396596e+00;3.986336e-01;1.402799e+00;4.504197e-01;1.348427e+00;3.040757e-01;1.239276e+00;5.344460e-01;1.169250e+00;3.818534e-01;9.572460e-01;3.109690e-01;7.680413e-01;1.562409e-01;6.522115e-01;1.890305e-01;5.210171e-01;4.768226e-01;1.658834e+00;2.762933e-02;3.059191e-02;3.003657e+01;1.594893e+02;4.737283e+01;2.582549e+02;5.938030e+01;3.229980e+02;1.427271e+02;4.542070e+02;2.567692e-01;9.417871e-01;1.205022e+02;3.152571e+02;3.796854e-01;3.218844e+00;6.962326e+05;3.834377e+05;1.073652e+01;1.869632e+01;1.206356e+03;1.031524e+03;2.542085e-01;-5.162264e-01;9.301946e-02;3.175139e-01;7.380654e-01;1.147698e+00;6.856206e+00;3.502233e+01;5.413759e+00;2.153659e+01;1.193229e+01;4.709228e+00;5.355624e+00;4.853820e+00;9.109012e+00;-1.111552e+00;9.442523e+00;-1.031277e+01;6.739079e+00;-7.323751e+00;7.565644e+00;-9.855409e+00;8.943991e+00;1.160434e+00;7.444264e+00;-2.860528e+00;6.412609e+00;-2.992067e+00;8.019231e+00;1.432162e+00;5.287813e+00;-1.695515e+00;7.915225e+00;8.086874e+00;2.119793e-04;1.714791e-05;9.058800e-07;-5.475647e-08;2.532432e-06;3.940148e-07;3.341430e-06;-2.478627e-07;5.490951e-06;-3.240189e-07;1.067356e-03;-3.391792e-06;4.361780e-02;-2.371556e-03;4.445143e-02;7.135820e-04;3.395165e-03;1.091208e-04;2.169340e-03;-4.531368e-04;4.730936e-03;-4.441313e-04;1.117848e-02;-4.028426e-04;1.728247e-02;-1.157375e-04;1.173430e-02;6.485386e-04;1.631654e-02;1.305776e-03;3.664261e-02;1.765640e-03;3.286649e-02;-9.697353e-04;5.358936e-02;6.626157e-03;1.391310e-01;2.805881e-02;7.093824e-02;1.100478e-02;8.514100e-02;1.527335e-02;6.499967e-02;8.507965e-03;8.088780e-02;9.238298e-03;9.252251e-02;3.019713e-03;6.472334e-02;2.699846e-03;1.038228e-01;1.459880e-03;9.889571e-02;-3.037563e-03;9.874287e-02;-2.240453e-03;1.159947e-01;-7.229612e-03;1.355717e-01;-2.840093e-03;1.102249e-01;-3.631793e-03;1.484113e-01;-5.482243e-03;1.114390e-01;-1.416253e-02;7.790377e-02;-1.806847e-02;4.581986e-02;-3.395106e-03;4.835021e-02;-9.035306e-03;1.207217e-01;1.986530e-03;6.262142e-03;-2.407444e-04;1.132704e+01;5.742187e-02;9.801106e+00;-2.727539e-01;9.491766e+00;-1.579102e-01;6.134436e+01;-6.302051e+00;7.651109e-02;2.353847e-03;2.526997e+01;-5.201743e+00;5.215699e-02;-5.802196e-03;1.539438e+05;-4.105673e+04;1.346567e+00;5.541047e-02;1.613422e+02;2.469239e+00;3.622724e-02;-1.002061e-03;1.845592e-02;-3.588068e-03;1.311737e-01;5.253452e-03;1.007204e+00;1.469392e-01;1.263478e+00;-1.264161e-01;1.740506e+00;8.765122e-02;1.254309e+00;-9.949649e-02;1.854028e+00;5.261091e-02;2.038901e+00;2.550932e-02;2.509871e+00;-1.391588e-03;2.578079e+00;4.945212e-02;2.048331e+00;-2.555308e-01;1.928239e+00;5.956027e-02;1.930542e+00;-3.435573e-02;1.714368e+00;7.698866e-02;1.988916e+00;8.458719e-02;1.882571e+00;-1.093818e-01
20.000000;3.383369e+01;6.677496e+01;1.040860e-01;7.186870e-01;1.684448e-01;6.284568e-02;7.825999e-02;3.743308e-02;9.032706e-02;8.852738e-02;2.869098e+01;-7.822617e+00;5.787876e-01;1.708431e+00;3.638068e-01;1.168345e+00;1.794189e-02;1.194130e-01;2.718968e-02;3.080247e-02;1.464940e-02;1.344192e-01;7.497176e-02;2.905881e-01;1.054153e-01;4.442187e-01;6.852168e-02;5.604161e-01;9.947432e-02;7.034088e-01;1.908921e-01;8.402876e-01;2.387122e-01;8.870299e-01;3.745421e-01;1.054097e+00;9.595545e-01;1.356731e+00;6.261557e-01;1.281200e+00;6.085296e-01;1.275062e+00;4.722768e-01;1.343734e+00;5.009843e-01;1.393734e+00;4.934222e-01;1.544523e+00;3.767149e-01;1.521439e+00;4.992680e-01;1.638290e+00;4.987178e-01;1.685029e+00;4.483593e-01;1.692502e+00;4.567701e-01;1.700882e+00;5.527536e-01;1.684626e+00;6.454715e-01;1.606848e+00;8.455738e-01;1.463397e+00;9.249806e-01;1.382877e+00;8.378846e-01;1.200222e+00;4.699145e-01;9.011739e-01;5.885878e-01;7.902392e-01;8.711867e-01;2.261137e+00;1.222887e-01;1.173837e-01;4.437117e+01;1.734141e+02;6.310792e+01;2.744766e+02;1.512058e+02;3.936270e+02;1.344813e+03;9.982793e+02;2.957193e-01;1.175785e+00;3.121746e+02;4.256338e+02;6.748050e-01;3.477562e+00;1.982002e+06;9.234708e+05;1.190362e+01;1.705762e+01;1.231219e+03;9.902042e+02;2.051687e-01;-6.751266e-01;2.269772e-01;4.017745e-01;6.644320e-01;1.478967e+00;8.312278e+00;3.427544e+01;9.014891e+00;1.725853e+01;1.272582e+01;3.631693e+00;5.482786e+00;3.242299e+00;7.324376e+00;-3.863083e+00;5.642620e+00;-3.714687e+00;6.467302e+00;-3.129704e+00;6.642992e+00;-1.114150e+01;9.539621e+00;-5.488850e+00;6.462679e+00;-6.996251e+00;8.561575e+00;1.719537e+00;1.103544e+01;4.815000e+00;6.040005e+00;5.706443e-01;5.975279e+00;3.255847e+00;8.164984e-04;2.077422e-04;8.992292e-07;-3.542463e-08;8.458529e-06;-1.223388e-06;3.721780e-06;8.288864e-08;4.811659e-06;3.343499e-07;1.721561e-03;3.501980e-05;5.093438e-02;8.496232e-03;6.140508e-02;2.015223e-03;3.489586e-03;3.615442e-04;4.098343e-03;1.074578e-04;4.299509e-03;-1.278957e-04;1.124935e-02;3.626472e-04;1.661692e-02;6.206860e-04;1.430101e-02;8.344644e-05;1.962043e-02;4.489773e-04;3.888870e-02;-8.528365e-04;4.274134e-02;-2.452590e-04;5.959645e-02;8.496643e-04;1.656003e-01;-6.575065e-04;9.609629e-02;-1.380703e-03;1.114420e-01;2.682238e-04;8.627349e-02;5.346445e-03;7.749888e-02;3.898698e-03;7.211671e-02;4.263325e-03;7.075343e-02;5.623776e-03;1.136298e-01;3.316077e-03;1.241789e-01;9.748258e-04;1.004238e-01;1.906015e-03;9.609514e-02;6.464405e-03;1.023121e-01;9.191957e-03;1.338561e-01;1.587450e-03;1.925160e-01;3.840028e-03;2.022901e-01;2.338258e-03;1.940630e-01;1.170261e-03;1.176068e-01;1.948578e-03;1.488835e-01;1.156239e-03;1.626752e-01;1.138844e-02;1.300630e-02;1.115723e-03;1.030418e+01;1.291992e-01;9.574689e+00;-1.004883e-01;2.349690e+01;6.603516e-01;3.151867e+02;5.024414e-01;9.156142e-02;2.889972e-03;5.412719e+01;6.676100e-01;7.620706e-02;3.903225e-03;3.858420e+05;2.150711e+03;1.259329e+00;-6.100612e-02;1.603393e+02;-4.388075e+00;4.055809e-02;-3.045821e-03;3.780634e-02;4.753229e-04;1.357727e-01;4.613723e-03;1.352865e+00;-1.008607e-01;1.521861e+00;-8.060201e-02;1.858555e+00;3.429394e-02;1.182784e+00;7.139120e-02;1.832828e+00;-8.862076e-03;1.848579e+00;-2.261180e-02;1.497030e+00;-1.124450e-02;1.654732e+00;6.986073e-02;2.266761e+00;-5.999838e-02;1.541741e+00;-1.461188e-01;1.624294e+00;4.052580e-02;2.087653e+00;-2.316322e-02;1.534813e+00;4.474210e-02;1.505053e+00;6.925463e-03
20.500000;3.150408e+01;6.649708e+01;1.413331e-02;7.279508e-01;2.008396e-01;1.141195e-01;1.150708e-01;9.108344e-02;8.998503e-02;1.135271e-01;2.657032e+01;-4.022130e+00;2.686638e-01;2.102649e+00;3.405715e-01;1.215519e+00;1.141689e-02;1.141865e-01;2.321537e-02;4.003023e-02;2.172133e-02;1.309491e-01;3.258238e-02;2.631644e-01;3.695868e-02;4.031030e-01;6.696260e-02;5.635883e-01;1.079405e-01;6.715297e-01;1.421100e-01;7.974603e-01;2.182744e-01;9.759138e-01;3.487355e-01;1.082303e+00;9.168895e-01;1.318678e+00;5.862992e-01;1.343249e+00;4.953205e-01;1.405521e+00;3.967364e-01;1.448436e+00;4.477621e-01;1.426375e+00;4.946504e-01;1.482308e+00;5.035501e-01;1.656581e+00;7.727242e-01;1.834912e+00;4.837269e-01;1.661918e+00;4.068228e-01;1.656332e+00;4.317746e-01;1.702793e+00;5.301654e-01;1.732616e+00;6.649696e-01;1.708646e+00;9.067865e-01;1.740221e+00;8.998438e-01;1.528858e+00;8.320855e-01;1.267371e+00;4.630816e-01;9.419540e-01;5.774211e-01;8.587252e-01;8.512540e-01;2.256148e+00;1.437024e-01;1.988750e-01;5.249059e+01;1.721221e+02;5.897617e+01;2.927080e+02;2.475850e+02;4.981348e+02;1.299582e+03;1.190786e+03;2.674713e-01;1.187491e+00;2.897758e+02;5.098411e+02;3.976777e-01;3.882236e+00;1.916334e+06;1.112125e+06;3.145618e+00;8.368601e+00;1.081120e+02;1.475511e+02;1.291542e-01;-6.054715e-01;2.030117e-01;4.665330e-01;4.068140e-01;1.152308e+00;6.661646e+00;2.892054e+01;6.147609e+00;1.017725e+01;6.398105e+00;-2.916348e+00;4.777117e+00;1.483609e+00;4.101252e+00;-1.720356e+00;6.617389e+00;-2.832491e+00;8.557119e+00;3.952856e-01;1.082646e+01;-1.100219e+01;9.155606e+00;-5.814024e+00;1.168137e+01;-7.456018e-01;1.053921e+01;1.853787e+00;1.083429e+01;4.242650e+00;6.586361e+00;7.849371e-01;8.893184e+00;8.740145e+00;8.967802e-04;1.909052e-04;8.480876e-07;6.994900e-08;1.022618e-05;-1.889873e-06;5.637859e-06;2.241851e-07;5.227743e-06;6.076642e-07;1.382561e-03;2.017818e-06;6.086594e-02;1.122509e-04;5.884528e-02;-6.547492e-03;2.498623e-03;1.143842e-04;4.291470e-03;-1.272361e-04;6.022734e-03;7.278118e-04;8.749024e-03;8.913547e-04;1.255767e-02;8.692420e-04;1.389773e-02;-5.368941e-04;2.130094e-02;3.229669e-04;2.518620e-02;-2.610520e-03;4.319311e-02;-1.239895e-03;4.228714e-02;-8.685445e-03;9.045994e-02;-2.922357e-02;8.245715e-02;-1.171266e-02;8.457500e-02;-1.693103e-02;8.188360e-02;-9.508248e-03;6.934056e-02;-1.132781e-02;5.470438e-02;-5.880426e-03;1.355647e-01;-8.327316e-03;2.062058e-01;-1.026551e-02;1.175491e-01;-3.889161e-03;7.090000e-02;-6.709083e-03;7.960662e-02;-7.003532e-03;1.019988e-01;-9.525808e-03;1.461355e-01;-1.361296e-02;2.367654e-01;-1.066942e-02;2.118098e-01;-4.350511e-03;2.016760e-01;3.306936e-04;1.183275e-01;-8.492469e-04;1.542413e-01;-5.178268e-04;1.685067e-01;3.751630e-04;4.707094e-02;1.645215e-04;1.125025e+01;-1.105371e+00;1.406569e+01;-8.326172e-01;9.433443e+01;-4.306641e-01;3.312660e+02;-2.569629e+00;8.546991e-02;1.581839e-04;6.639275e+01;-9.660000e-01;8.881742e-02;-1.138560e-04;3.915857e+05;-8.409021e+02;7.658024e-01;4.817446e-02;3.144082e+01;5.894802e-01;3.007605e-02;-1.880744e-03;4.533480e-02;-9.542064e-04;6.986965e-02;-5.609891e-03;1.463999e+00;-2.699878e-02;1.638979e+00;4.710574e-02;1.642494e+00;-1.399757e-02;1.196898e+00;1.415085e-01;1.350014e+00;-9.247226e-02;2.232524e+00;-1.395897e-02;1.913277e+00;3.046439e-02;2.361736e+00;2.567426e-02;2.726223e+00;2.427838e-01;2.152824e+00;7.578535e-02;2.130785e+00;2.598509e-02;2.051389e+00;-1.163391e-01;1.450397e+00;-6.785065e-02;1.770084e+00;1.112539e-01
21.000000;6.086892e+00;6.064413e+01;2.241180e-02;7.539840e-01;1.368454e-01;6.137098e-02;1.113204e-01;8.650933e-02;6.859017e-02;1.244182e-01;1.540238e+00;5.743484e+00;2.177332e-01;1.869947e+00;2.209293e-01;9.894196e-01;1.278730e-02;1.170542e-01;9.957171e-03;2.520408e-02;2.309569e-02;1.346269e-01;2.419241e-02;2.752419e-01;4.095015e-02;4.144975e-01;4.459986e-02;5.698496e-01;1.017725e-01;6.779920e-01;1.448609e-01;8.013060e-01;1.414845e-01;9.161507e-01;9.745708e-02;8.642527e-01;1.682129e-01;9.170100e-01;2.091793e-01;1.055611e+00;1.573651e-01;1.107876e+00;1.997293e-01;1.148769e+00;2.366678e-01;1.247484e+00;2.712522e-01;1.235886e+00;5.428073e-01;1.374037e+00;7.888963e-01;1.429499e+00;4.639479e-01;1.410987e+00;3.064540e-01;1.370777e+00;4.477554e-01;1.390607e+00;6.256399e-01;1.404695e+00;7.976611e-01;1.427468e+00;8.551214e-01;1.372997e+00;4.970519e-01;1.035018e+00;3.771307e-01;8.363460e-01;3.071890e-01;7.150420e-01;2.985713e-01;5.908824e-01;7.412429e-01;2.349493e+00;1.326413e-01;1.548209e-01;4.346911e+01;1.359463e+02;5.165157e+01;2.614131e+02;2.367521e+02;4.378418e+02;3.209316e+02;6.406846e+02;2.396205e-01;1.180966e+00;1.253976e+02;3.496643e+02;2.454424e-01;3.605452e+00;2.600836e+05;2.627032e+05;3.675279e+00;9.595412e+00;1.384597e+02;2.283339e+02;1.457212e-01;-6.514297e-01;8.653783e-02;3.454624e-01;2.987891e-01;1.115923e+00;8.716081e+00;3.564748e+01;5.597937e+00;8.774332e+00;4.916902e+00;-1.527861e+00;5.087027e+00;4.199331e+00;3.290919e+00;-1.678129e+00;7.509904e+00;-5.358988e+00;9.652263e+00;-4.162503e+00;1.122349e+01;-7.058420e+00;8.323973e+00;9.075594e-01;9.509083e+00;7.599615e+00;8.845779e+00;-1.113452e+00;8.406714e+00;2.319752e+00;5.109472e+00;-2.594852e+00;1.088616e+01;8.844695e+00;3.710066e-04;-2.108099e-05;5.655932e-07;1.059996e-07;5.902465e-06;-7.066052e-07;4.461703e-06;-8.389468e-08;4.308192e-06;1.417760e-07;6.406675e-05;8.954188e-06;5.146409e-02;6.066633e-05;4.243372e-02;2.817263e-03;2.671402e-03;3.146569e-05;1.653165e-03;-7.331821e-05;6.170553e-03;-9.671848e-06;8.004562e-03;-2.454742e-04;1.418798e-02;-1.130552e-03;1.407222e-02;-1.857427e-04;1.710091e-02;-4.127905e-04;2.781262e-02;1.247304e-03;3.258992e-02;2.467985e-04;2.792750e-02;-4.699272e-04;4.172446e-02;3.591738e-03;6.267203e-02;2.715410e-03;5.493175e-02;2.678429e-04;5.310940e-02;7.875576e-04;4.545153e-02;2.617320e-03;4.477622e-02;2.964417e-03;1.315804e-01;8.524335e-04;1.896533e-01;4.531168e-03;9.817284e-02;3.981972e-03;7.021264e-02;3.826456e-03;8.230975e-02;2.137386e-03;1.189748e-01;2.276717e-03;1.580006e-01;1.015056e-02;1.760695e-01;1.137547e-02;1.022127e-01;7.543632e-03;8.367692e-02;5.759197e-03;6.303920e-02;4.219035e-03;6.903253e-02;4.610589e-03;1.524203e-01;4.976168e-03;4.591570e-02;5.257944e-04;1.067738e+01;-4.019531e-01;1.470731e+01;8.469726e-01;9.193826e+01;5.885742e-01;1.043259e+02;8.182617e-01;9.248288e-02;-2.722242e-04;3.948775e+01;1.460612e-01;6.410854e-02;2.651497e-04;7.017618e+04;-1.257312e+03;8.624722e-01;-1.800997e-02;3.333612e+01;2.982975e-02;3.065417e-02;-7.021651e-04;2.653039e-02;2.236139e-04;7.701524e-02;4.792613e-03;1.320267e+00;4.045408e-02;1.371539e+00;-3.546650e-02;1.280617e+00;-4.086880e-02;1.086502e+00;-1.558436e-02;1.138475e+00;-1.770697e-02;1.976901e+00;-4.609421e-02;1.956131e+00;1.186933e-01;2.326650e+00;6.260637e-03;2.477481e+00;4.354971e-02;2.265751e+00;2.339997e-01;1.975835e+00;-5.772388e-02;1.755001e+00;1.307923e-01;1.478954e+00;-4.698047e-02;1.784473e+00;-1.277898e-01
21.500000;1.920571e+01;7.016541e+01;2.017341e-02;7.582585e-01;1.423654e-01;8.908101e-02;1.074453e-01;9.794080e-02;6.960636e-02;1.166455e-01;1.252918e+00;6.271766e+00;2.737026e-01;2.014926e+00;2.265364e-01;1.054420e+00;1.168594e-02;1.186776e-01;2.200153e-02;3.116780e-02;1.777917e-02;1.305710e-01;2.148736e-02;2.677289e-01;4.115715e-02;3.964424e-01;5.192129e-02;5.621848e-01;7.243194e-02;7.206373e-01;1.136778e-01;8.562104e-01;8.983103e-02;8.996946e-01;7.974814e-02;9.248868e-01;1.218358e-01;1.012937e+00;1.445656e-01;1.145797e+00;1.236510e-01;1.158865e+00;1.490481e-01;1.130782e+00;1.848056e-01;1.360454e+00;2.278325e-01;1.397847e+00;3.517520e-01;1.290635e+00;3.628201e-01;1.323222e+00;3.368472e-01;1.474229e+00;3.968613e-01;1.592487e+00;5.383233e-01;1.607361e+00;6.335628e-01;1.586988e+00;7.576090e-01;1.522104e+00;7.065524e-01;1.309236e+00;8.240598e-01;1.201610e+00;7.706992e-01;1.058265e+00;3.674248e-01;8.131060e-01;4.329502e-01;6.706280e-01;5.920407e-01;2.759212e+00;8.154905e-02;2.020099e-01;7.097992e+01;1.696816e+02;6.853079e+01;3.227109e+02;8.893442e+01;4.708594e+02;3.981217e+02;7.454795e+02;3.009979e-01;1.120250e+00;2.003737e+02;4.342483e+02;3.030339e-01;3.701142e+00;1.204321e+06;6.305312e+05;3.561520e+00;8.584658e+00;1.350034e+02;2.005619e+02;1.335398e-01;-6.660075e-01;1.522278e-01;4.228235e-01;3.293547e-01;1.402236e+00;8.997366e+00;3.511483e+01;5.838743e+00;7.362928e+00;4.599447e+00;-4.342813e+00;6.819144e+00;1.224639e+00;3.278147e+00;-1.628989e+00;6.488708e+00;-7.452914e+00;6.568783e+00;-7.926627e+00;7.141572e+00;-2.789779e+00;8.984214e+00;7.509876e+00;6.748682e+00;7.222339e+00;6.359856e+00;6.218836e+00;4.671514e+00;9.886059e+00;5.010412e+00;-4.622982e+00;9.260988e+00;-1.861133e+00;1.244654e-03;2.107137e-04;7.679864e-07;2.631619e-08;5.661532e-06;3.003593e-08;4.384474e-06;1.006876e-07;4.550786e-06;1.208251e-07;7.143207e-05;-2.419085e-06;3.824477e-02;4.210129e-03;4.180797e-02;1.029446e-03;2.594301e-03;-1.087604e-04;3.207996e-03;5.895691e-05;4.565879e-03;-6.657756e-04;7.035180e-03;-9.352606e-04;1.144422e-02;-1.026271e-03;1.437547e-02;-1.239377e-04;1.435215e-02;-2.983655e-04;3.060811e-02;3.205160e-03;2.729520e-02;3.075381e-03;2.332767e-02;2.448317e-03;3.099005e-02;2.208097e-03;4.311557e-02;-3.301265e-05;3.620136e-02;9.014460e-04;5.563587e-02;2.037340e-03;5.291686e-02;5.299741e-03;4.705973e-02;2.522327e-03;6.205023e-02;3.168440e-03;6.906968e-02;6.756584e-03;5.622066e-02;3.951969e-03;8.241519e-02;3.025510e-03;9.863766e-02;1.173938e-03;1.187612e-01;-8.359196e-04;1.510615e-01;1.198242e-03;1.179781e-01;1.883101e-03;1.645199e-01;-2.068566e-03;1.690436e-01;-4.168791e-03;8.836235e-02;-2.303136e-03;8.649281e-02;-3.630981e-03;1.474759e-01;1.159360e-02;1.538132e-02;1.046311e-03;1.487925e+01;2.354297e+00;1.125476e+01;2.239453e+00;1.110170e+01;2.454785e+00;9.735042e+01;1.837500e+00;9.709019e-02;-2.006754e-03;3.287146e+01;2.000613e+00;4.781007e-02;8.879905e-04;2.343925e+05;-1.004024e+03;6.503296e-01;-7.666368e-02;2.187741e+01;-1.802040e+00;2.906236e-02;1.675034e-03;2.352187e-02;2.074320e-03;8.729520e-02;1.035116e-02;1.250334e+00;3.869916e-02;1.130531e+00;-2.152829e-01;1.097631e+00;1.376784e-02;1.294470e+00;-1.941076e-01;1.234356e+00;-8.092178e-02;1.229812e+00;-1.221810e-01;1.587519e+00;-4.613611e-02;1.362200e+00;1.823053e-01;2.241004e+00;2.021228e-01;1.956078e+00;-2.797384e-02;1.458921e+00;6.957064e-02;1.267132e+00;1.724845e-01;1.332875e+00;2.256577e-02;1.521715e+00;-2.535879e-01
22.000000;7.485829e+01;1.191981e+02;1.792703e-01;7.038366e-01;1.523579e-01;1.238664e-01;1.227583e-01;1.136148e-01;7.638343e-02;1.109695e-01;2.498238e+01;-2.666525e+00;2.342443e-01;2.282217e+00;1.766842e-01;1.057724e+00;9.999389e-03;1.139983e-01;1.951397e-02;3.625850e-02;2.474708e-02;1.244908e-01;5.001606e-02;2.679744e-01;6.055214e-02;4.206435e-01;3.887825e-02;5.508109e-01;6.137566e-02;6.784519e-01;1.186377e-01;7.669130e-01;1.097831e-01;8.482308e-01;1.224174e-01;9.908999e-01;1.760863e-01;1.060053e+00;1.714635e-01;1.086299e+00;1.816798e-01;1.162314e+00;3.212738e-01;1.257033e+00;2.171065e-01;1.293655e+00;2.099567e-01;1.335768e+00;2.846588e-01;1.399900e+00;4.700233e-01;1.510504e+00;3.032081e-01;1.512886e+00;4.138392e-01;1.561018e+00;4.236303e-01;1.572953e+00;4.086735e-01;1.479186e+00;4.521512e-01;1.417733e+00;4.693699e-01;1.318758e+00;7.472441e-01;1.275694e+00;7.204007e-01;1.098204e+00;2.822110e-01;8.051551e-01;3.792745e-01;7.052935e-01;7.578461e-01;2.904397e+00;1.963944e-01;3.523692e-01;8.292381e+01;2.634229e+02;5.388638e+01;3.824297e+02;1.045394e+02;5.650312e+02;3.673646e+02;9.441592e+02;2.212523e-01;9.639111e-01;1.640257e+02;5.358076e+02;2.455255e-01;3.819237e+00;1.182261e+06;6.900342e+05;2.256822e+00;7.162599e+00;7.156474e+01;1.269890e+02;1.040902e-01;-6.048425e-01;1.188404e-01;5.152338e-01;5.142167e-01;1.749313e+00;6.030893e+00;3.158028e+01;8.709204e+00;1.988403e+00;5.586193e+00;-6.000400e+00;7.244192e+00;-1.708647e+00;4.583838e+00;-4.122419e+00;6.174429e+00;-9.120011e+00;8.121209e+00;-8.494887e+00;6.924986e+00;-4.092757e+00;1.002375e+01;9.474184e+00;8.791796e+00;5.036989e+00;6.834753e+00;6.126919e+00;4.230511e+00;1.048503e+01;6.956968e+00;-2.428410e+00;6.831750e+00;-2.411537e+00;2.577431e-03;2.581486e-04;1.183358e-06;-9.274734e-08;7.800610e-06;-3.508699e-07;6.946979e-06;-1.875008e-07;4.432479e-06;2.527544e-07;1.244228e-03;-9.722168e-06;4.963038e-02;-2.392804e-03;3.737577e-02;-5.063046e-03;2.455751e-03;-6.361782e-05;3.252048e-03;3.527336e-05;7.129007e-03;2.028821e-04;1.045888e-02;9.696390e-04;1.049407e-02;1.988370e-03;9.838410e-03;-3.399978e-04;1.349750e-02;-5.889785e-04;2.363713e-02;-2.440384e-03;2.246353e-02;-1.077405e-03;4.302478e-02;-2.403856e-03;5.342281e-02;-3.882896e-03;4.535851e-02;-1.733462e-03;4.794619e-02;-2.029663e-03;7.506214e-02;-5.549139e-03;5.269572e-02;-3.497264e-03;5.189447e-02;-1.214119e-03;8.158951e-02;-8.471067e-03;1.496344e-01;-7.026338e-03;6.519219e-02;-4.288334e-03;7.429833e-02;-8.333198e-03;8.147790e-02;-1.034903e-02;8.801596e-02;-1.471145e-02;1.064193e-01;-1.553786e-02;1.072878e-01;-1.551939e-02;1.650199e-01;-8.062433e-03;1.678274e-01;-6.191886e-03;8.023488e-02;-7.271496e-03;8.040331e-02;-4.280446e-03;1.382185e-01;-4.112769e-03;4.332162e-02;4.587569e-04;1.847733e+01;4.306641e-01;1.244297e+01;-7.177734e-01;2.648893e+01;-8.469726e-01;1.051599e+02;1.191504e+00;7.267544e-02;8.088201e-04;3.540192e+01;-1.288100e-01;5.456520e-02;-1.126189e-03;2.358646e+05;-3.319348e+02;5.104954e-01;-1.078253e-02;1.569682e+01;4.063102e-02;2.434531e-02;1.109868e-03;2.597706e-02;-1.410388e-04;8.720753e-02;-2.357225e-03;1.204013e+00;1.081323e-01;1.476231e+00;-7.080756e-02;1.338064e+00;-5.259104e-02;1.556089e+00;1.591900e-01;1.715121e+00;-5.026338e-02;1.481281e+00;8.049114e-02;2.542193e+00;-1.131981e-01;1.698184e+00;-1.567619e-01;2.436934e+00;1.863490e-02;2.322251e+00;-1.793449e-01;1.643667e+00;-2.955238e-02;1.316784e+00;-9.750525e-03;1.754335e+00;-9.380800e-02;1.785336e+00;2.136147e-02
22.500000;7.626740e+01;1.146835e+02;1.902533e-01;6.880912e-01;1.432492e-01;1.216479e-01;1.236376e-01;1.296948e-01;1.310460e-01;1.641683e-01;2.496753e+01;-5.130687e+00;3.495157e-01;2.065633e+00;1.272866e-01;9.451066e-01;8.712052e-03;1.179725e-01;5.594682e-03;2.467372e-02;2.299707e-02;1.322462e-01;5.497135e-02;2.888424e-01;5.700719e-02;4.664008e-01;3.954846e-02;5.495008e-01;5.840590e-02;6.476658e-01;1.057989e-01;7.037442e-01;1.077743e-01;7.880123e-01;1.604097e-01;9.667840e-01;2.068914e-01;1.034442e+00;1.981342e-01;9.646007e-01;2.059576e-01;1.028040e+00;3.289904e-01;1.245908e+00;2.138953e-01;1.219631e+00;3.379672e-01;1.289585e+00;2.824521e-01;1.296546e+00;4.671157e-01;1.392610e+00;2.839320e-01;1.377932e+00;2.573135e-01;1.256374e+00;2.072285e-01;1.260169e+00;2.974986e-01;1.233370e+00;3.633167e-01;1.194646e+00;3.765230e-01;1.114964e+00;3.768509e-01;1.019242e+00;3.131742e-01;8.484277e-01;1.899986e-01;6.715270e-01;2.033975e-01;5.815592e-01;7.954396e-01;2.872821e+00;2.322806e-01;2.876722e-01;8.724819e+01;2.446172e+02;8.285618e+01;3.248643e+02;1.506734e+02;4.677012e+02;2.414934e+02;7.555283e+02;2.459174e-01;1.101844e+00;1.122452e+02;4.147348e+02;1.793273e-01;3.626850e+00;1.072516e+05;1.672526e+05;3.336482e+00;7.916512e+00;1.089269e+02;1.827156e+02;9.769529e-02;-6.503747e-01;1.012285e-01;4.173681e-01;5.373326e-01;1.667980e+00;6.741671e+00;3.989655e+01;6.428509e+00;-1.246116e+00;4.740942e+00;-5.194568e+00;9.890892e+00;7.796029e+00;4.324488e+00;-6.443869e+00;6.558440e+00;-9.327271e+00;8.398001e+00;-5.905170e+00;7.296157e+00;-5.391275e+00;9.785938e+00;3.433067e+00;1.225527e+01;-4.443104e+00;8.758411e+00;-3.197479e+00;4.874308e+00;9.831391e+00;8.216183e+00;2.815040e+00;5.984288e+00;4.160125e-01;2.295127e-03;4.430483e-05;9.586370e-07;-7.069077e-08;7.630622e-06;-6.102505e-07;6.473465e-06;-2.495242e-07;8.294850e-06;2.507981e-07;1.305842e-03;-1.742678e-05;4.358303e-02;-6.273641e-03;2.816368e-02;-2.331658e-04;2.333168e-03;-2.597966e-04;1.104523e-03;6.991684e-05;6.213562e-03;7.667680e-05;1.191102e-02;1.906271e-04;1.016305e-02;-2.488613e-04;1.046663e-02;-5.380538e-04;1.181832e-02;-1.271820e-03;1.782783e-02;-4.106697e-03;1.699518e-02;-3.747278e-03;5.185745e-02;-1.107871e-03;6.847323e-02;-4.434010e-03;6.916566e-02;1.410574e-03;6.494801e-02;3.520296e-04;6.478629e-02;3.190684e-03;3.941508e-02;1.680212e-03;5.222508e-02;-4.814497e-03;7.588439e-02;-2.075281e-03;1.413832e-01;-2.162803e-03;6.123329e-02;-5.024812e-05;5.247384e-02;6.028120e-04;5.232569e-02;-1.995084e-05;7.700017e-02;2.316800e-03;8.547520e-02;1.621015e-03;9.795481e-02;7.080378e-04;1.068866e-01;1.186481e-03;8.801161e-02;1.233081e-03;5.209612e-02;1.996542e-03;5.120840e-02;1.949513e-03;1.222630e-01;-2.185538e-02;4.235774e-02;-6.553198e-04;1.432978e+01;-1.780078e+00;1.120963e+01;-1.665234e+00;2.549879e+01;-2.268164e+00;4.605651e+01;-1.062305e+00;8.678741e-02;3.277590e-04;1.433083e+01;-1.520757e+00;4.977432e-02;2.623253e-04;2.893549e+04;-6.013086e+01;7.580490e-01;2.609449e-03;2.384508e+01;3.286685e-01;2.725094e-02;1.972175e-03;1.238828e-02;-1.597785e-03;8.310849e-02;-1.347864e-02;1.086222e+00;6.682982e-02;1.459269e+00;4.637169e-02;1.264655e+00;-1.135254e-02;1.243725e+00;2.963323e-01;1.744650e+00;1.104566e-01;1.795986e+00;9.906936e-02;2.611058e+00;-7.333935e-02;2.098933e+00;-8.406139e-02;1.876840e+00;-1.083373e-01;2.156212e+00;-1.127080e-01;1.811093e+00;-3.291387e-01;1.610646e+00;-5.510648e-02;2.315174e+00;1.838656e-01;1.633887e+00;1.485627e-01
23.000000;1.594495e+01;7.792146e+01;1.245004e-01;7.058683e-01;1.370483e-01;1.327625e-01;1.184920e-01;1.278569e-01;1.358766e-01;1.828244e-01;1.040855e+01;-1.809900e-01;2.559955e-01;1.843414e+00;3.225775e-01;1.016960e+00;1.144752e-02;1.133754e-01;1.751249e-02;2.832577e-02;1.029031e-02;1.309455e-01;3.505165e-02;2.832049e-01;6.333592e-02;4.451852e-01;4.297459e-02;5.485718e-01;5.336444e-02;6.316733e-01;8.689797e-02;7.071741e-01;1.410611e-01;7.972770e-01;1.550275e-01;9.343715e-01;2.329968e-01;1.007600e+00;1.997099e-01;9.881279e-01;2.253091e-01;1.053865e+00;1.863366e-01;1.146554e+00;2.046628e-01;1.164312e+00;3.314182e-01;1.266403e+00;3.291799e-01;1.319725e+00;2.770214e-01;1.348444e+00;2.593105e-01;1.402690e+00;5.348927e-01;1.414243e+00;6.608960e-01;1.459642e+00;7.757788e-01;1.519859e+00;1.016167e+00;1.531233e+00;1.064495e+00;1.429921e+00;1.087939e+00;1.292500e+00;8.966870e-01;1.082479e+00;5.081412e-01;8.284166e-01;5.255350e-01;7.065340e-01;7.009163e-01;2.251044e+00;7.066911e-02;1.300491e-01;3.441572e+01;1.787256e+02;3.244812e+01;2.651455e+02;9.099725e+01;3.779795e+02;3.832684e+02;7.064326e+02;2.214371e-01;1.186528e+00;1.703931e+02;3.908510e+02;2.815904e-01;3.629438e+00;1.116600e+06;5.585521e+05;3.866417e+00;9.210028e+00;1.217469e+02;2.106730e+02;1.270097e-01;-6.035632e-01;1.217610e-01;3.814803e-01;3.218825e-01;1.147915e+00;8.958957e+00;3.850390e+01;7.000778e+00;5.563395e+00;3.913595e+00;-5.386555e+00;5.039492e+00;1.388900e+01;5.771682e+00;-2.607492e+00;6.408023e+00;-7.086020e+00;6.601074e+00;-5.510788e-01;6.445592e+00;-6.823391e+00;8.301373e+00;-4.838870e+00;5.784257e+00;-1.148201e+01;7.963485e+00;-1.179888e+01;6.399457e+00;7.218626e+00;8.439681e+00;6.280465e+00;6.320658e+00;3.392128e+00;4.427756e-04;2.576379e-05;5.317992e-07;5.787217e-09;6.230172e-06;3.335156e-07;4.124380e-06;2.852533e-07;8.630440e-06;5.359187e-07;7.724949e-04;-4.850170e-05;5.655320e-02;-9.410575e-04;6.690535e-02;3.766736e-03;2.425891e-03;-3.285857e-04;2.926855e-03;6.865710e-05;3.595802e-03;-4.449042e-04;9.175197e-03;-1.584797e-03;9.473398e-03;-2.187718e-03;1.350043e-02;5.502462e-05;1.552864e-02;1.275416e-03;2.070573e-02;2.087462e-03;3.076797e-02;-4.194997e-04;4.807428e-02;1.937418e-03;7.730422e-02;2.984605e-03;6.531911e-02;2.554477e-03;6.599884e-02;5.504881e-03;4.186743e-02;1.464864e-04;4.484048e-02;-3.107818e-04;5.362905e-02;-2.749350e-03;8.296061e-02;5.180120e-03;7.045029e-02;3.477036e-03;6.288248e-02;2.961641e-03;1.042993e-01;1.020445e-02;1.483893e-01;1.350276e-02;1.662633e-01;1.511418e-02;2.096095e-01;1.404349e-02;2.333236e-01;1.158119e-02;2.457653e-01;2.443204e-03;1.870035e-01;2.285173e-03;1.055091e-01;6.576593e-03;1.080416e-01;1.716564e-03;1.417373e-01;-1.152563e-02;1.711403e-02;-1.257229e-03;1.133642e+01;4.019531e-01;8.952335e+00;4.306641e-01;2.741530e+01;1.866211e-01;1.040173e+02;1.291992e-01;9.091374e-02;-5.226727e-03;3.732305e+01;5.450556e-01;7.063176e-02;2.927462e-03;2.322501e+05;1.334105e+03;8.298712e-01;2.228457e-02;2.612867e+01;-1.038621e-01;3.158937e-02;2.821751e-03;2.721235e-02;4.795552e-04;6.627714e-02;-7.026705e-03;1.507241e+00;-1.470692e-01;1.365120e+00;8.152864e-02;1.178610e+00;3.926364e-02;1.566999e+00;-1.583557e-01;1.287579e+00;8.094612e-02;1.940477e+00;3.281130e-02;2.112430e+00;-2.381657e-02;1.875530e+00;6.711265e-02;1.971238e+00;-1.997693e-01;1.734271e+00;7.399192e-02;2.005299e+00;-3.888949e-02;1.548100e+00;-5.793247e-02;2.063365e+00;1.790308e-01;1.287455e+00;4.822277e-02
23.500000;1.536105e+01;8.336720e+01;1.276062e-01;7.178974e-01;1.532064e-01;1.201379e-01;1.208971e-01;8.510815e-02;1.030980e-01;1.527677e-01;1.006212e+01;8.512913e-01;2.468653e-01;1.898239e+00;3.037283e-01;1.097076e+00;1.226322e-02;1.063573e-01;1.705981e-02;2.984127e-02;2.213166e-02;1.318770e-01;2.380512e-02;2.648620e-01;5.416418e-02;4.078645e-01;6.116664e-02;5.554262e-01;6.404345e-02;6.706880e-01;1.158261e-01;8.165976e-01;1.363732e-01;8.452535e-01;1.776654e-01;9.198681e-01;2.325795e-01;1.032100e+00;2.025262e-01;1.164439e+00;2.089177e-01;1.155089e+00;1.700880e-01;1.189414e+00;2.253843e-01;1.258013e+00;1.990278e-01;1.304172e+00;3.019024e-01;1.422162e+00;3.265845e-01;1.523120e+00;2.448259e-01;1.488426e+00;6.620265e-01;1.711409e+00;6.653844e-01;1.737245e+00;7.642592e-01;1.715496e+00;9.994349e-01;1.638267e+00;1.033487e+00;1.549626e+00;1.046670e+00;1.315675e+00;8.597453e-01;1.118074e+00;4.955136e-01;8.694946e-01;5.169384e-01;7.193252e-01;5.992004e-01;1.960270e+00;1.059909e-01;1.625645e-01;4.049260e+01;1.731270e+02;3.453557e+01;2.753379e+02;9.139497e+01;4.038193e+02;3.818903e+02;7.675869e+02;2.313896e-01;1.051455e+00;1.631485e+02;4.115570e+02;2.797816e-01;3.737472e+00;1101415;6.029731e+05;3.498981e+00;9.254151e+00;1.032369e+02;1.849241e+02;1.271430e-01;-5.262671e-01;1.156597e-01;3.988011e-01;2.639243e-01;9.524891e-01;6.310276e+00;3.318150e+01;7.206410e+00;6.387510e+00;5.837487e+00;-3.841828e+00;6.015052e+00;8.816973e+00;3.882139e+00;-9.363925e-02;5.748761e+00;-4.455806e+00;8.642367e+00;-4.420957e+00;3.878174e+00;-8.966927e+00;9.311223e+00;-5.684783e+00;7.578944e+00;-5.381892e+00;1.049147e+01;-7.556391e+00;6.514667e+00;6.205938e+00;5.673922e+00;7.183541e+00;4.787204e+00;4.051009e+00;2.972262e-04;3.222340e-05;6.918839e-07;1.713997e-08;4.744422e-06;-2.842490e-08;3.826107e-06;-3.058185e-07;5.586633e-06;6.983279e-07;7.212158e-04;1.497208e-05;5.622049e-02;2.463974e-03;6.706457e-02;7.821341e-04;2.406793e-03;1.966221e-04;2.904560e-03;-8.868732e-05;4.423108e-03;1.076943e-04;7.863104e-03;3.558827e-04;1.064144e-02;9.475110e-04;1.417774e-02;-4.106520e-04;1.802694e-02;7.718924e-04;2.185010e-02;3.234045e-03;3.209646e-02;1.836477e-03;4.715054e-02;1.793923e-03;7.031569e-02;3.892293e-03;4.873515e-02;-3.195940e-03;5.861614e-02;-7.182696e-04;4.741870e-02;-5.531709e-03;5.177912e-02;-6.199648e-03;5.429351e-02;1.855093e-03;8.143804e-02;2.378126e-03;8.103259e-02;-1.035143e-03;6.969132e-02;2.173462e-03;1.478075e-01;-1.315965e-03;1.553909e-01;-7.598358e-04;1.682164e-01;-2.200342e-03;2.128632e-01;2.568240e-04;2.350481e-01;3.530971e-03;2.379196e-01;7.747643e-03;1.791274e-01;6.011064e-03;1.022051e-01;-1.953625e-04;1.079847e-01;5.005440e-03;1.530689e-01;4.941097e-03;2.206575e-02;-6.272884e-04;1.091789e+01;-1.291992e-01;8.875755e+00;-3.588867e-01;2.865915e+01;5.742187e-02;1.068497e+02;5.167969e-01;7.488834e-02;8.334327e-04;3.740384e+01;4.458866e-02;6.996232e-02;1.219806e-03;2.328332e+05;1.563964e+03;7.464564e-01;6.684631e-02;2.233287e+01;9.636914e-01;2.845838e-02;-1.327762e-03;2.726349e-02;2.671295e-05;5.656005e-02;-3.390381e-04;1.471036e+00;-8.107990e-02;1.393081e+00;8.215252e-02;1.127268e+00;9.529965e-04;1.568528e+00;-1.212347e-01;1.078212e+00;-1.175327e-01;1.514373e+00;3.121355e-02;1.874033e+00;1.970375e-01;1.425315e+00;-4.662016e-02;2.353663e+00;-5.957163e-02;1.668144e+00;9.426457e-02;2.038866e+00;1.440916e-01;1.316223e+00;7.456919e-02;1.689342e+00;-1.720119e-01;1.205874e+00;2.398281e-02
24.000000;2.229867e+01;7.936733e+01;1.623901e-01;7.028139e-01;1.555663e-01;1.023655e-01;9.754311e-02;5.645159e-02;1.705589e-01;1.854256e-01;1.963841e+01;-2.864506e+00;2.005692e-01;1.882043e+00;1.741947e-01;1.063793e+00;1.031410e-02;1.067759e-01;1.482665e-02;2.765558e-02;2.350183e-02;1.339459e-01;3.093618e-02;2.759516e-01;5.074644e-02;4.149222e-01;5.914157e-02;5.539430e-01;4.861643e-02;6.874468e-01;6.796840e-02;8.565369e-01;1.308583e-01;8.992201e-01;1.621447e-01;8.760815e-01;1.981865e-01;9.427322e-01;2.792813e-01;1.079728e+00;2.253237e-01;1.147678e+00;1.733032e-01;1.188977e+00;1.856310e-01;1.264220e+00;2.054799e-01;1.317504e+00;2.473357e-01;1.384557e+00;3.146274e-01;1.467661e+00;1.786992e-01;1.484217e+00;5.051244e-01;1.699997e+00;4.299691e-01;1.690655e+00;5.627644e-01;1.626169e+00;5.505142e-01;1.525095e+00;5.023328e-01;1.366839e+00;6.426035e-01;1.219136e+00;6.359173e-01;1.053190e+00;3.469895e-01;8.219960e-01;3.592823e-01;6.802300e-01;5.149335e-01;1.981122e+00;1.019775e-01;1.517141e-01;4.285053e+01;1.622168e+02;4.129188e+01;2.739023e+02;4.440901e+01;4.092744e+02;6.117370e+02;7.639980e+02;2.365653e-01;1.078241e+00;1.421695e+02;3.834570e+02;1.931148e-01;3.730823e+00;1.046991e+06;4.366415e+05;3.177700e+00;9.416722e+00;1.067979e+02;2.111036e+02;1.074250e-01;-5.341918e-01;9.949556e-02;3.785531e-01;2.731436e-01;9.562042e-01;5.795378e+00;3.425316e+01;6.675424e+00;4.814815e+00;5.484028e+00;1.835260e+00;3.955940e+00;5.044691e+00;6.207373e+00;-4.447131e+00;7.089820e+00;-3.979224e+00;7.594687e+00;-9.286543e+00;5.370388e+00;-5.639458e+00;1.143972e+01;3.259537e+00;6.726113e+00;-4.602946e-01;7.590837e+00;-3.127980e+00;8.188031e+00;7.865588e+00;6.743778e+00;2.498341e+00;4.313298e+00;1.452592e+00;2.726743e-04;5.454465e-06;7.129727e-07;1.268688e-09;4.461318e-06;-1.074963e-06;3.102660e-06;-3.778239e-07;5.924776e-06;-4.487962e-08;1.219311e-03;3.733541e-05;3.833263e-02;4.950486e-03;3.306119e-02;3.277194e-03;2.318006e-03;4.235792e-04;2.185623e-03;3.543714e-04;5.589615e-03;5.061015e-04;9.049485e-03;3.550407e-04;1.341577e-02;3.050243e-04;1.488594e-02;9.319117e-04;1.589481e-02;-8.144092e-04;1.569768e-02;-1.736438e-03;2.828296e-02;1.686280e-03;3.703810e-02;1.972302e-04;4.572389e-02;-9.434724e-04;6.033061e-02;-7.245197e-04;6.522331e-02;-3.119406e-03;4.714420e-02;1.824377e-03;5.033826e-02;9.708141e-04;5.026820e-02;-3.132490e-04;6.447394e-02;-1.428143e-03;6.942557e-02;1.488558e-03;5.153801e-02;3.229522e-03;1.227784e-01;-1.760877e-03;7.933442e-02;-1.147100e-03;1.163792e-01;-2.099132e-03;1.104715e-01;8.032742e-03;9.552845e-02;1.345454e-02;1.383624e-01;2.694125e-02;1.319149e-01;2.363443e-02;6.534781e-02;3.875243e-03;7.076108e-02;1.186074e-02;1.365603e-01;6.816961e-03;1.990613e-02;1.343891e-04;1.101613e+01;-9.331055e-01;1.275486e+01;-6.029297e-01;1.430712e+01;7.177734e-02;1.724110e+02;2.024121e+01;7.815795e-02;3.648490e-03;2.782973e+01;4.601986e+00;5.041453e-02;1.178505e-03;1.987897e+05;4.163356e+04;7.710122e-01;-5.943397e-02;2.609245e+01;-1.508264e+00;2.381469e-02;-3.527727e-03;1.994950e-02;2.909921e-03;6.630544e-02;7.305173e-03;1.041281e+00;-1.125363e-01;1.252957e+00;1.674715e-01;1.146865e+00;-1.549586e-02;1.422626e+00;4.735134e-02;1.876254e+00;6.005109e-03;1.710211e+00;-4.489435e-02;2.005856e+00;7.029522e-02;1.511052e+00;-8.086559e-02;2.332082e+00;3.483487e-01;1.788447e+00;-1.579542e-02;1.793173e+00;-7.699355e-03;1.642146e+00;7.769971e-02;1.722518e+00;-1.196560e-01;1.375666e+00;5.741374e-02
24.500000;3.241476e+01;6.708065e+01;2.442072e-01;6.310371e-01;1.273403e-01;7.773132e-02;8.372730e-02;4.674925e-02;1.759938e-01;1.495078e-01;3.314748e+01;-1.528185e+01;2.226072e-01;1.842227e+00;2.019155e-01;1.004235e+00;1.332814e-02;1.160390e-01;1.598577e-02;2.814689e-02;1.478412e-02;1.310693e-01;3.116070e-02;2.749288e-01;4.681699e-02;4.249664e-01;5.478103e-02;5.665578e-01;9.841759e-02;6.888072e-01;7.404810e-02;7.762065e-01;1.591775e-01;8.928940e-01;1.340036e-01;9.162444e-01;1.478264e-01;8.952691e-01;2.245602e-01;9.746729e-01;2.382131e-01;1.067678e+00;1.672022e-01;1.126674e+00;1.463432e-01;1.162912e+00;1.906828e-01;1.185640e+00;2.876440e-01;1.267421e+00;3.251692e-01;1.311795e+00;1.986702e-01;1.383746e+00;3.323426e-01;1.387273e+00;4.790450e-01;1.438920e+00;5.608975e-01;1.492890e+00;5.806038e-01;1.473266e+00;5.763527e-01;1.372419e+00;7.583870e-01;1.278224e+00;7.363549e-01;1.093408e+00;3.665191e-01;8.080692e-01;4.031246e-01;7.181492e-01;8.694152e-01;2.454531e+00;4.052479e-02;8.663198e-02;3.119434e+01;1.520244e+02;3.929205e+01;2.695957e+02;3.859326e+01;4.026709e+02;6.363263e+02;6.876270e+02;1.797270e-01;1.219453e+00;1.557058e+02;3.741844e+02;1.928548e-01;3.642938e+00;1140362;5.540893e+05;3.494224e+00;1.149947e+01;1.351843e+02;2.759321e+02;1.543938e-01;-6.359236e-01;1.079049e-01;3.686198e-01;4.633825e-01;1.163127e+00;6.222583e+00;3.352028e+01;6.619410e+00;1.160140e+01;5.718877e+00;1.120919e+00;5.112432e+00;5.901350e+00;5.769928e+00;-6.493083e+00;7.559826e+00;-9.028810e+00;7.972750e+00;-7.775133e+00;8.161291e+00;-4.978520e+00;7.678565e+00;1.101927e+01;6.770649e+00;1.947812e+00;5.786344e+00;-7.134620e+00;7.090191e+00;6.940789e+00;6.629508e+00;2.135323e+00;4.826158e+00;4.139134e+00;2.827787e-04;8.495235e-06;5.601459e-07;-2.183452e-08;5.164118e-06;-3.168713e-07;2.655779e-06;-1.744017e-07;4.797394e-06;-3.254636e-07;1.664555e-03;-2.932963e-05;4.044275e-02;-1.569768e-03;3.961486e-02;-1.600209e-03;3.145756e-03;-2.638005e-05;2.659604e-03;-4.950868e-05;4.858609e-03;-2.311233e-04;8.912141e-03;-2.146312e-04;1.430591e-02;-5.346023e-04;1.769155e-02;5.857807e-04;2.488603e-02;-4.592482e-04;1.925277e-02;5.518739e-04;3.044871e-02;4.573892e-03;2.651811e-02;9.187612e-04;3.403218e-02;-2.108721e-03;6.213338e-02;4.180702e-03;6.336918e-02;-1.447488e-03;3.769892e-02;6.793440e-04;3.780974e-02;1.810782e-03;4.853505e-02;-9.563399e-04;7.362080e-02;-3.452637e-03;8.324665e-02;-4.116312e-03;5.242208e-02;-3.285711e-03;7.929660e-02;-2.587723e-03;1.113547e-01;-2.814698e-03;1.318272e-01;-7.827677e-04;1.364414e-01;-1.486149e-03;1.282056e-01;-6.148905e-03;1.578196e-01;-9.211000e-03;1.470711e-01;-7.456225e-03;7.404137e-02;-2.077113e-03;7.807638e-02;-5.535163e-03;2.153600e-01;3.089562e-03;1.092105e-02;-5.723901e-05;1.110133e+01;1.291992e-01;1.397226e+01;1.062305e+00;1.263154e+01;9.474609e-01;2.218892e+02;5.024414e-01;8.599763e-02;-1.012870e-03;3.557841e+01;2.441561e-01;5.146645e-02;8.653304e-04;2.596826e+05;-1.784808e+03;8.304840e-01;-3.117873e-02;3.642273e+01;5.827602e-01;3.603629e-02;2.845293e-04;2.501599e-02;3.759447e-04;1.196451e-01;3.337334e-03;1.260335e+00;7.769891e-02;1.031856e+00;3.989073e-02;1.227393e+00;-9.598758e-02;1.565589e+00;-7.546527e-02;1.895540e+00;1.403174e-02;1.693485e+00;-8.837608e-02;2.290920e+00;-1.056663e-01;2.298023e+00;1.149038e-01;1.787654e+00;1.522561e-01;1.982540e+00;4.682867e-02;1.533367e+00;-1.064660e-01;1.694126e+00;-9.333383e-02;1.571947e+00;3.698619e-02;1.433926e+00;-1.028438e-01
25.000000;5.164410e+01;8.150105e+01;2.086924e-01;6.626532e-01;1.499152e-01;9.296813e-02;1.359991e-01;8.051135e-02;9.133389e-02;1.035794e-01;3.017989e+01;-9.769246e+00;1.697156e-01;1.758890e+00;1.247322e-01;9.509037e-01;1.154950e-02;1.234935e-01;8.129193e-03;2.082137e-02;1.230130e-02;1.287293e-01;3.790023e-02;2.886040e-01;5.633680e-02;4.412566e-01;5.333113e-02;5.559680e-01;9.793778e-02;6.825165e-01;7.050540e-02;7.532842e-01;1.460941e-01;8.840030e-01;1.277516e-01;9.599491e-01;1.096493e-01;9.400687e-01;2.060839e-01;1.096902e+00;2.901686e-01;1.093657e+00;1.282259e-01;1.117289e+00;1.507184e-01;1.186897e+00;1.680900e-01;1.169547e+00;2.060411e-01;1.231003e+00;3.088692e-01;1.313848e+00;2.426940e-01;1.324717e+00;2.644522e-01;1.318447e+00;3.841743e-01;1.333863e+00;2.996071e-01;1.329632e+00;3.252571e-01;1.235641e+00;4.123102e-01;1.156777e+00;4.953976e-01;1.038485e+00;4.432741e-01;8.896997e-01;1.949351e-01;6.904404e-01;2.758076e-01;5.622704e-01;7.828246e-01;2.609652e+00;3.133995e-02;7.934140e-02;2.932313e+01;1.685332e+02;4.063485e+01;2.621309e+02;4.628253e+01;3.755391e+02;1.786902e+02;5.502451e+02;1.983058e-01;1.181137e+00;7.097395e+01;3.256675e+02;2.168712e-01;3.452185e+00;5.317641e+05;2.624458e+05;3.276561e+00;1.297275e+01;1.753835e+02;3.877694e+02;1.454290e-01;-7.168632e-01;5.070186e-02;3.347653e-01;5.099038e-01;1.559480e+00;6.316678e+00;3.771832e+01;4.189597e+00;1.446400e+01;5.662620e+00;-3.659698e+00;5.676458e+00;6.335108e+00;3.784131e+00;-4.934708e+00;4.471602e+00;-1.044186e+01;6.092563e+00;-7.123357e+00;7.906463e+00;-6.075199e+00;5.808450e+00;1.182706e+01;6.753289e+00;5.002775e-01;5.582074e+00;-9.164575e+00;8.727886e+00;-3.898122e-01;8.119628e+00;-2.815490e-01;5.814324e+00;1.723555e+00;1.872493e-03;7.395961e-05;4.734177e-07;-6.275908e-09;7.210623e-06;-1.027064e-07;6.259139e-06;-2.462721e-07;3.851097e-06;-5.426475e-08;1.250445e-03;1.138275e-05;3.106783e-02;-3.470864e-03;3.201697e-02;-2.750100e-03;2.986878e-03;1.366976e-06;1.603781e-03;-4.652305e-04;3.548523e-03;-2.863560e-04;7.567746e-03;1.874378e-04;1.211411e-02;4.515392e-04;1.488062e-02;-2.521115e-04;2.421823e-02;2.957159e-04;1.866867e-02;4.658769e-04;2.415613e-02;-3.437451e-04;2.886043e-02;2.138774e-04;2.787972e-02;8.048380e-04;5.561644e-02;4.376097e-03;7.413793e-02;8.171857e-03;3.665209e-02;2.107401e-03;4.559135e-02;1.207590e-03;4.442218e-02;4.251419e-03;5.833429e-02;3.189694e-03;7.657820e-02;6.426916e-04;5.991118e-02;-1.297296e-03;7.329200e-02;1.289622e-03;1.133872e-01;-4.619864e-03;8.907624e-02;-4.648289e-03;1.098576e-01;-8.008379e-03;1.087416e-01;-1.405915e-02;9.817678e-02;-2.435893e-02;8.205125e-02;-2.267020e-02;5.305434e-02;-5.573932e-03;5.374170e-02;-1.304001e-02;2.037219e-01;4.264404e-03;7.990032e-03;5.725545e-04;7.983435e+00;7.895508e-01;1.009886e+01;4.306640e-02;1.080976e+01;-5.885742e-01;1.404392e+02;-2.177725e+01;8.067206e-02;-1.198348e-03;2.202258e+01;-5.518347e+00;4.727837e-02;-4.743771e-03;1.573929e+05;-4.340678e+04;8.496457e-01;5.582756e-02;4.138675e+01;2.817217e+00;3.688048e-02;-5.782634e-04;1.570623e-02;-3.684436e-03;1.291052e-01;1.671272e-03;1.081003e+00;2.159314e-01;8.325579e-01;-1.619007e-01;1.099342e+00;2.904676e-02;1.435764e+00;-5.978528e-02;1.232834e+00;3.117969e-02;1.139232e+00;-1.406740e-02;1.626081e+00;-6.109980e-03;2.451391e+00;-1.486771e-02;1.545335e+00;-1.393176e-01;1.774051e+00;1.118786e-03;1.734800e+00;-1.388709e-02;1.523470e+00;-2.093443e-01;1.672426e+00;-3.561299e-02;1.211280e+00;-1.409175e-01
25.500000;4.563950e+01;8.855244e+01;7.396479e-02;7.237705e-01;1.312034e-01;7.869005e-02;1.287810e-01;7.816783e-02;8.394363e-02;1.039554e-01;1.582220e+01;3.630162e-02;3.025737e-01;1.949279e+00;2.138013e-01;1.105733e+00;8.644650e-03;1.252573e-01;2.612993e-02;3.099647e-02;1.224292e-02;1.291241e-01;4.141756e-02;2.814639e-01;5.117704e-02;4.393829e-01;5.148735e-02;5.620335e-01;9.538952e-02;6.571092e-01;6.172657e-02;7.573278e-01;1.117667e-01;8.758269e-01;1.098490e-01;9.745704e-01;3.897750e-01;1.158841e+00;2.054203e-01;1.128343e+00;3.011711e-01;1.233143e+00;1.478779e-01;1.150904e+00;1.629634e-01;1.243551e+00;2.957660e-01;1.406701e+00;2.583354e-01;1.450486e+00;2.490497e-01;1.447095e+00;3.509604e-01;1.519485e+00;3.452992e-01;1.670070e+00;4.660227e-01;1.678722e+00;6.407578e-01;1.757205e+00;6.878636e-01;1.720288e+00;6.701252e-01;1.446830e+00;6.881126e-01;1.313838e+00;5.992602e-01;1.115688e+00;4.588678e-01;8.878513e-01;4.735208e-01;7.431804e-01;6.923387e-01;2.672248e+00;4.823836e-02;1.100487e-01;2.447134e+01;1.896357e+02;4.755518e+01;2.754814e+02;8.329438e+01;3.939141e+02;9.638809e+02;8.931973e+02;2.378236e-01;1.150107e+00;2.446281e+02;4.238719e+02;4.006300e-01;3.613173e+00;1.597179e+06;7.745942e+05;4.103611e+00;1.078799e+01;2.112575e+02;3.164779e+02;1.206171e-01;-7.331691e-01;1.747142e-01;4.087697e-01;3.848008e-01;1.620004e+00;9.050381e+00;3.604993e+01;4.701162e+00;1.347561e+01;5.236109e+00;-5.730082e+00;6.415158e+00;1.856399e+00;6.447703e+00;-2.325323e+00;5.066765e+00;-5.265662e+00;5.795209e+00;-3.810112e+00;6.323092e+00;-6.520353e+00;1.074912e+01;3.549250e+00;6.797587e+00;-6.460743e+00;5.517687e+00;-7.366944e+00;8.826458e+00;-1.476735e+00;6.491396e+00;-2.898661e+00;4.468951e+00;-9.979011e-01;1.901356e-03;1.193723e-04;6.123051e-07;2.770363e-08;5.963436e-06;-6.391208e-07;6.270245e-06;4.723318e-08;3.685570e-06;1.521694e-07;1.004741e-03;3.189340e-05;3.418388e-02;6.660996e-03;4.054013e-02;2.473195e-03;2.198824e-03;1.553708e-04;4.401411e-03;5.416979e-05;3.602599e-03;1.986494e-04;7.982890e-03;7.059018e-06;9.633793e-03;6.143608e-04;1.260697e-02;-3.873371e-04;2.248952e-02;-6.477678e-05;1.833279e-02;-2.197880e-04;1.974082e-02;-3.628954e-03;2.434755e-02;-1.948521e-03;5.319574e-02;1.148737e-03;5.721556e-02;2.877308e-03;8.551379e-02;7.406671e-03;5.199971e-02;1.331321e-03;5.806995e-02;1.091890e-04;6.128757e-02;4.214186e-03;6.985907e-02;7.895476e-03;5.369648e-02;8.215756e-03;7.791124e-02;9.430737e-04;6.770571e-02;3.837393e-03;9.534213e-02;9.715594e-03;1.012790e-01;1.095121e-02;1.225655e-01;5.570583e-03;1.392995e-01;4.635821e-03;1.494104e-01;1.144495e-03;1.344911e-01;-1.102241e-03;1.262365e-01;1.199553e-03;1.148209e-01;-3.617720e-04;1.606948e-01;9.353803e-03;1.175376e-02;1.661193e-03;6.512385e+00;5.742188e-01;1.030883e+01;-6.603516e-01;2.090728e+01;-6.890625e-01;2.905781e+02;1.091016e+00;8.700252e-02;-1.809629e-04;5.218027e+01;3.835925e-01;7.217067e-02;1.228926e-05;3.434788e+05;1.449432e+03;7.245620e-01;-1.686723e-02;3.315388e+01;-1.953786e+00;3.060582e-02;-1.820400e-03;3.684964e-02;2.066207e-04;9.706472e-02;5.767785e-03;1.370699e+00;-1.312036e-01;1.305492e+00;-5.301135e-02;9.885916e-01;1.304740e-01;1.306861e+00;-1.191816e-01;1.463367e+00;1.864886e-01;1.336659e+00;6.439032e-02;1.395987e+00;-2.212021e-02;1.897049e+00;-6.955496e-04;1.708635e+00;-3.615353e-01;1.615840e+00;-5.307222e-03;1.766196e+00;1.908624e-01;1.778946e+00;-1.124317e-01;1.710536e+00;-1.396727e-01;1.377715e+00;2.221192e-02
26.000000;2.565220e+01;6.491994e+01;1.748240e-01;6.892565e-01;7.904712e-02;5.165409e-02;9.598450e-02;8.050933e-02;7.670421e-02;9.948111e-02;2.786730e+01;-7.172215e+00;2.795669e-01;2.035523e+00;2.335922e-01;1.107619e+00;1.019761e-02;1.223439e-01;2.520971e-02;3.405644e-02;1.602662e-02;1.314579e-01;2.637119e-02;2.581756e-01;2.963455e-02;4.115159e-01;5.188927e-02;5.680718e-01;1.139510e-01;6.871541e-01;9.562003e-02;7.434191e-01;1.341163e-01;8.001052e-01;1.736968e-01;9.040753e-01;4.476958e-01;1.092481e+00;2.084492e-01;1.027639e+00;2.500037e-01;1.157417e+00;1.730842e-01;1.149827e+00;2.014190e-01;1.193495e+00;3.220053e-01;1.382401e+00;3.722168e-01;1.526604e+00;7.404286e-01;1.656350e+00;3.234688e-01;1.549285e+00;3.738688e-01;1.627419e+00;4.453154e-01;1.681252e+00;6.483559e-01;1.749910e+00;6.979515e-01;1.716344e+00;8.736646e-01;1.644661e+00;6.876356e-01;1.361603e+00;6.236101e-01;1.117796e+00;4.584211e-01;8.884155e-01;4.663095e-01;7.712308e-01;7.073900e-01;2.872730e+00;6.396220e-02;1.140189e-01;4.348451e+01;1.777207e+02;3.945509e+01;2.826592e+02;7.439901e+01;4.016660e+02;9.704948e+02;8.990830e+02;2.430333e-01;1.205996e+00;2.397168e+02;4.407664e+02;3.432087e-01;3.688522e+00;1.571306e+06;8.587438e+05;4.001311e+00;1.007037e+01;1.496826e+02;2.145698e+02;1.282217e-01;-6.979973e-01;1.715255e-01;4.186191e-01;3.373449e-01;1.338354e+00;6.743448e+00;3.013782e+01;4.995461e+00;1.364584e+01;8.616899e+00;1.109793e+00;5.812300e+00;-2.246414e+00;6.856543e+00;-8.937994e-01;7.705798e+00;-6.564672e+00;8.366741e+00;-8.109955e-01;9.133460e+00;-8.500023e+00;7.429399e+00;-7.157750e+00;1.282432e+01;-3.096976e+00;6.446455e+00;-1.650724e+00;6.909541e+00;1.296419e+00;4.878829e+00;-3.019746e-01;6.336491e+00;3.139672e+00;4.165326e-04;3.847748e-05;6.753946e-07;9.675468e-08;2.409164e-06;-2.174689e-07;3.168397e-06;4.615699e-08;2.874777e-06;7.236981e-07;1.550240e-03;7.040288e-06;5.267368e-02;-3.102938e-03;4.803336e-02;-3.240539e-03;2.918918e-03;-1.206442e-04;4.585880e-03;5.618542e-05;5.435816e-03;4.012075e-04;1.149943e-02;-2.617304e-04;9.844099e-03;-1.125905e-03;1.380607e-02;6.525068e-06;2.852033e-02;-1.537929e-03;2.520554e-02;-1.704298e-03;2.646959e-02;2.379952e-03;3.299889e-02;6.106850e-04;6.091199e-02;8.801909e-04;6.147186e-02;-4.524835e-03;6.637991e-02;-1.001391e-02;5.777082e-02;-1.076220e-03;5.864542e-02;-3.483722e-03;6.895560e-02;-7.560768e-03;1.124731e-01;-6.878044e-03;2.020195e-01;-6.256763e-03;8.134934e-02;-5.942701e-03;6.530333e-02;-7.182141e-03;8.771698e-02;-4.582849e-03;1.011216e-01;-5.803646e-03;1.263135e-01;-1.144546e-02;2.382069e-01;-9.491230e-03;1.579236e-01;-1.519553e-03;1.376982e-01;2.664177e-03;1.235830e-01;-2.633180e-03;1.179317e-01;1.828144e-03;1.896338e-01;-6.145627e-03;1.970393e-02;-1.117975e-03;1.290281e+01;-1.263281e+00;1.104661e+01;-4.450195e-01;2.113767e+01;-1.435547e-01;2.945121e+02;-1.277637e+00;9.021909e-02;-8.484696e-04;5.437744e+01;-3.127367e-01;7.611635e-02;-3.385479e-03;3.477253e+05;2.818420e+03;8.494270e-01;4.147103e-02;3.298393e+01;-5.567420e-01;3.181233e-02;1.499288e-03;3.832487e-02;-4.309573e-04;9.085487e-02;-4.220362e-03;1.403462e+00;-7.926451e-02;1.404288e+00;1.081895e-01;1.249241e+00;-3.329261e-02;1.354949e+00;-4.657104e-03;1.643690e+00;-7.278629e-02;1.947582e+00;1.368887e-01;2.639912e+00;7.510720e-02;1.873377e+00;-1.592223e-02;1.786096e+00;1.764105e-02;2.590137e+00;1.545744e-02;2.370642e+00;9.235676e-02;1.946569e+00;1.345571e-01;1.754005e+00;1.394986e-01;1.660902e+00;2.753500e-01
26.500000;1.766548e+01;5.835877e+01;1.640957e-01;7.120552e-01;6.027736e-02;3.970239e-02;8.797079e-02;7.958152e-02;8.838025e-02;1.347208e-01;2.507181e+01;-2.850328e+00;1.976668e-01;1.781616e+00;1.418759e-01;9.710117e-01;1.198147e-02;1.100789e-01;6.258300e-03;2.262409e-02;1.635613e-02;1.323302e-01;2.804470e-02;2.594025e-01;5.181151e-02;3.940471e-01;5.078825e-02;5.416418e-01;9.800611e-02;6.735541e-01;1.062741e-01;7.347775e-01;1.562173e-01;8.430191e-01;2.011127e-01;9.235858e-01;2.477232e-01;9.686354e-01;2.749676e-01;1.093513e+00;1.692135e-01;1.095293e+00;2.306791e-01;1.197098e+00;2.490057e-01;1.222934e+00;2.324401e-01;1.232125e+00;3.623858e-01;1.340148e+00;7.735912e-01;1.528968e+00;2.209621e-01;1.388310e+00;2.093641e-01;1.374927e+00;2.520116e-01;1.353683e+00;2.571525e-01;1.308674e+00;3.805135e-01;1.254102e+00;7.986545e-01;1.293614e+00;3.632965e-01;9.930364e-01;3.034003e-01;8.361557e-01;1.915361e-01;6.791807e-01;2.411362e-01;5.835494e-01;8.071156e-01;2.089932e+00;8.841133e-02;1.332130e-01;4.982734e+01;1.266152e+02;4.085915e+01;2.487803e+02;3.584156e+01;3.743906e+02;1.843604e+02;6.080977e+02;2.362588e-01;1.051206e+00;4.981628e+01;3.237303e+02;1.603692e-01;3.519929e+00;1.991290e+05;238672;3.534061e+00;1.049537e+01;1.231668e+02;2.307493e+02;1.273477e-01;-5.679845e-01;3.836349e-02;3.258061e-01;3.358089e-01;9.614182e-01;5.159203e+00;3.348266e+01;6.784660e+00;8.905669e+00;6.915252e+00;3.024068e+00;6.200156e+00;4.097695e-01;4.499609e+00;-7.649730e-01;1.039989e+01;-2.785723e+00;8.795787e+00;-1.140077e+00;8.485913e+00;-9.682914e+00;7.211578e+00;-5.192773e+00;1.022235e+01;5.467225e+00;6.370884e+00;-8.894975e-02;6.167154e+00;1.839752e+00;5.662288e+00;4.026948e+00;6.788260e+00;8.281045e+00;1.486965e-04;-1.200058e-05;6.026572e-07;5.329728e-08;2.286086e-06;3.979385e-07;2.550538e-06;-6.495179e-08;4.282017e-06;6.049428e-07;1.261494e-03;-3.453454e-08;4.745407e-02;-5.889800e-03;3.453637e-02;-1.120300e-03;2.884240e-03;-1.644748e-04;1.460167e-03;-5.656337e-05;5.218875e-03;-1.613104e-04;1.256370e-02;-4.386338e-04;1.472834e-02;-1.262785e-04;1.578470e-02;1.487433e-03;2.833977e-02;1.283085e-03;2.217880e-02;5.003793e-04;2.776258e-02;3.540448e-04;3.927714e-02;3.664920e-03;5.879163e-02;-7.172003e-04;7.661317e-02;-6.939624e-03;4.873717e-02;-4.988538e-03;5.143921e-02;-3.067098e-03;6.173317e-02;-1.289710e-03;5.838246e-02;-1.653347e-03;1.004635e-01;-6.289745e-03;2.028455e-01;-7.102306e-03;6.041281e-02;-1.245233e-04;5.387740e-02;-3.844347e-03;6.731441e-02;-6.820169e-03;5.622112e-02;-7.317525e-03;8.734778e-02;3.422761e-05;2.098399e-01;3.147777e-03;8.856577e-02;3.415879e-03;7.110755e-02;4.089571e-03;4.145181e-02;1.295459e-03;6.026180e-02;2.479796e-03;1.563154e-01;-9.199455e-03;2.717757e-02;-1.657775e-03;1.313556e+01;-8.039063e-01;1.486259e+01;4.306641e-01;1.415757e+01;1.291992e-01;5.936342e+01;-7.177734e-02;5.913829e-02;-1.845501e-03;1.693210e+01;-3.789087e-01;4.816473e-02;-1.235462e-03;6.380781e+04;-9.736028e+02;8.481242e-01;2.658548e-02;3.107108e+01;1.621224e+00;2.672130e-02;1.707762e-03;1.260431e-02;-2.503627e-04;7.299584e-02;-5.028382e-03;1.064611e+00;6.179729e-02;1.222252e+00;4.159171e-02;1.333540e+00;-9.502302e-02;1.282338e+00;6.613635e-02;1.277789e+00;-9.527972e-02;2.267600e+00;-7.372073e-02;2.624670e+00;1.035839e-01;1.716429e+00;-8.228896e-03;1.765471e+00;9.556334e-02;2.408437e+00;2.877555e-02;2.409201e+00;-1.188618e-01;1.737582e+00;1.193191e-01;1.510380e+00;1.580026e-01;1.530777e+00;1.335293e-01
27.000000;2.044765e+01;7.273370e+01;1.869910e-02;7.470852e-01;9.453816e-02;6.854652e-02;9.279142e-02;7.927345e-02;1.060430e-01;1.590708e-01;1.503497e+00;5.448502e+00;2.161333e-01;1.850371e+00;1.998157e-01;1.031215e+00;8.737725e-03;1.064557e-01;2.500844e-02;3.484505e-02;1.114130e-02;1.316106e-01;2.698346e-02;2.654053e-01;5.829681e-02;4.081368e-01;7.140200e-02;5.607755e-01;8.639875e-02;6.679832e-01;1.012429e-01;7.727617e-01;1.624819e-01;9.413334e-01;1.491464e-01;1.011542e+00;1.859126e-01;1.020962e+00;2.767571e-01;1.181018e+00;1.574396e-01;1.192976e+00;2.383534e-01;1.210181e+00;2.321130e-01;1.273884e+00;2.275520e-01;1.319299e+00;1.985043e-01;1.309726e+00;2.645726e-01;1.295587e+00;3.167827e-01;1.448008e+00;3.747207e-01;1.509672e+00;5.092159e-01;1.504475e+00;3.658136e-01;1.397310e+00;5.240924e-01;1.362695e+00;6.235161e-01;1.277685e+00;8.385050e-01;1.213137e+00;7.276385e-01;1.048558e+00;4.866646e-01;8.006497e-01;4.484028e-01;6.862296e-01;5.929657e-01;1.864757e+00;9.755964e-02;1.708486e-01;5.616567e+01;1.409707e+02;5.591248e+01;2.728975e+02;7.990517e+01;4.272188e+02;9.754116e+02;9.819141e+02;2.071422e-01;1.000064e+00;2.429344e+02;4.377650e+02;2.831702e-01;3.707504e+00;1.849873e+06;9.223686e+05;3.264620e+00;9.080633e+00;1.016635e+02;1.821470e+02;9.139731e-02;-5.315767e-01;1.720488e-01;4.141767e-01;2.659407e-01;9.128510e-01;7.197866e+00;3.311329e+01;8.422367e+00;8.866970e+00;4.412518e+00;-4.022647e+00;3.951270e+00;1.377890e+00;4.101420e+00;-1.524161e+00;6.483664e+00;1.679233e+00;5.335927e+00;-1.018918e-01;5.889318e+00;-1.065452e+01;7.870530e+00;1.838469e+00;5.848597e+00;3.400572e+00;6.031666e+00;-2.056057e-01;4.831979e+00;4.758454e+00;7.522273e+00;2.091138e+00;5.451924e+00;1.193752e+01;3.966418e-04;3.669865e-05;7.128368e-07;-4.875040e-08;3.808422e-06;-9.850115e-09;3.608338e-06;-2.522871e-07;5.944775e-06;1.109565e-07;4.791085e-05;-5.732186e-06;4.650266e-02;2.830120e-03;4.726375e-02;6.169508e-04;2.072737e-03;-1.376186e-04;4.410601e-03;-4.383977e-05;2.466501e-03;-4.290325e-04;1.023881e-02;3.726548e-04;1.553039e-02;1.018596e-03;1.722008e-02;-9.603664e-04;2.237031e-02;7.408003e-04;2.155281e-02;1.110128e-03;3.246796e-02;-2.718805e-03;4.114429e-02;-1.310176e-03;5.562615e-02;-1.243615e-03;8.900853e-02;3.403500e-03;5.661890e-02;4.037456e-03;5.615578e-02;3.381768e-04;6.415817e-02;5.835500e-03;6.558532e-02;3.234433e-03;6.074117e-02;2.399219e-03;6.628808e-02;3.162294e-03;7.261831e-02;2.328894e-03;9.387707e-02;3.270742e-03;1.109759e-01;1.440262e-04;8.343155e-02;6.556016e-04;1.121424e-01;2.126236e-03;1.214922e-01;1.884381e-03;1.739060e-01;-3.349748e-03;1.461135e-01;-5.448696e-03;1.167324e-01;-8.277884e-04;9.699231e-02;-3.733697e-03;1.462595e-01;-7.030363e-04;3.293185e-02;2.403555e-03;1.156306e+01;1.435547e+00;1.639822e+01;9.474609e-01;2.211534e+01;1.866211e+00;2.720724e+02;3.847266e+00;6.360890e-02;1.811770e-03;5.128918e+01;1.294347e+00;7.334770e-02;6.061540e-03;407631;-1.970833e+03;8.142447e-01;-5.791917e-02;2.768165e+01;-7.752829e-01;2.362891e-02;9.697351e-04;3.522567e-02;1.301237e-03;6.085531e-02;1.284336e-04;1.354976e+00;5.925381e-02;1.351891e+00;-1.711611e-01;1.223635e+00;2.891007e-03;1.136218e+00;-2.010253e-03;1.230156e+00;5.719204e-02;1.928356e+00;-3.342654e-03;1.442755e+00;-5.061942e-02;1.924604e+00;-1.557344e-02;1.828695e+00;5.524065e-02;1.442824e+00;-5.929902e-02;2.023050e+00;-6.764174e-02;1.523512e+00;2.510492e-02;1.197748e+00;-1.208091e-01;1.317994e+00;-1.649350e-01
27.500000;2.303526e+01;8.760204e+01;2.078894e-02;7.396616e-01;1.084352e-01;1.114359e-01;1.078539e-01;8.990044e-02;1.171556e-01;1.727984e-01;1.159336e+00;4.769881e+00;2.091494e-01;2.003235e+00;2.238421e-01;1.051568e+00;1.442114e-02;1.090144e-01;2.412735e-02;3.767070e-02;2.009345e-02;1.269464e-01;4.991682e-02;2.862365e-01;9.034433e-02;4.526773e-01;5.979837e-02;5.792553e-01;7.168290e-02;6.958653e-01;1.351078e-01;7.870573e-01;1.768074e-01;8.966029e-01;1.428836e-01;9.507691e-01;8.912475e-02;9.371532e-01;2.363938e-01;1.059580e+00;1.725770e-01;1.153380e+00;1.824934e-01;1.146464e+00;2.328189e-01;1.198596e+00;2.253237e-01;1.265034e+00;2.386164e-01;1.369605e+00;3.131051e-01;1.368816e+00;4.975830e-01;1.508255e+00;5.748034e-01;1.548756e+00;6.054094e-01;1.613495e+00;5.236619e-01;1.521676e+00;6.495373e-01;1.478644e+00;6.971409e-01;1.390172e+00;8.421807e-01;1.319455e+00;7.053006e-01;1.101980e+00;4.872879e-01;8.820888e-01;4.293439e-01;7.021984e-01;6.820360e-01;2.319880e+00;1.014194e-01;1.733347e-01;5.705030e+01;2.164805e+02;4.655600e+01;3.204141e+02;1.037431e+02;4.898086e+02;9.721511e+02;1.039910e+03;2.119413e-01;1.082329e+00;2.315483e+02;5.098767e+02;2.815728e-01;3.839540e+00;1825256;1.015320e+06;4.119081e+00;9.476145e+00;1.623070e+02;1.936090e+02;1.583261e-01;-5.679559e-01;1.590292e-01;4.796852e-01;1.835560e-01;1.096690e+00;7.592842e+00;2.978164e+01;7.441397e+00;1.153250e+01;3.446742e+00;-4.906305e+00;5.729481e+00;-1.999405e+00;5.264711e+00;-3.385580e+00;6.862463e+00;-2.136320e+00;6.793889e+00;-1.096647e+00;6.300055e+00;-1.196507e+01;8.222897e+00;3.909294e+00;7.858597e+00;1.708492e+00;5.959564e+00;-1.533822e+00;7.461325e+00;-3.464660e-01;5.551172e+00;-3.184679e+00;7.119936e+00;1.048393e+01;6.129695e-04;1.546670e-05;8.398952e-07;-4.181118e-08;4.367365e-06;-3.245430e-07;5.319502e-06;-1.879789e-07;5.759387e-06;2.237880e-08;5.156925e-05;-6.830408e-07;5.427566e-02;-8.457974e-04;5.096340e-02;-1.767047e-03;2.545555e-03;2.106699e-04;4.447486e-03;-2.506929e-05;4.667755e-03;2.683178e-04;1.116309e-02;1.253359e-03;1.749455e-02;4.741994e-04;1.535384e-02;-1.112386e-03;1.711744e-02;-4.110444e-04;3.972401e-02;-2.324848e-03;3.586123e-02;-1.852498e-03;4.090421e-02;-4.182038e-03;3.258323e-02;6.286031e-04;7.100511e-02;1.455956e-03;5.590186e-02;-6.214585e-04;5.565292e-02;1.969773e-03;5.105369e-02;-6.449192e-04;5.864553e-02;-1.990989e-03;7.098836e-02;2.802892e-03;6.896825e-02;3.534814e-03;1.388710e-01;-2.738649e-03;1.505331e-01;-3.289826e-03;1.315206e-01;-2.952839e-03;1.099826e-01;-4.209740e-03;1.357477e-01;-8.306015e-03;1.691317e-01;-7.489233e-03;1.913933e-01;-5.026754e-03;1.437123e-01;-3.941606e-03;1.226329e-01;-4.169658e-03;9.386844e-02;-3.066636e-03;1.652305e-01;5.922193e-03;3.086357e-02;-1.053088e-04;1.410292e+01;3.732422e-01;1.329799e+01;-7.034180e-01;2.328365e+01;-3.588867e-01;2.760620e+02;-2.311230e+00;7.486753e-02;4.414796e-03;5.322733e+01;-5.868884e-01;7.849044e-02;-1.417559e-03;4.100755e+05;-7.179919e+02;8.556646e-01;3.382594e-02;3.255634e+01;3.324747e+00;3.065979e-02;-2.254657e-03;3.656703e-02;-5.373946e-04;5.972046e-02;2.282052e-04;1.363486e+00;6.634951e-02;1.358741e+00;-2.818262e-03;1.198477e+00;1.020740e-01;1.452621e+00;7.658710e-02;1.812265e+00;-3.646190e-02;2.503711e+00;1.681184e-02;1.930518e+00;4.168560e-02;1.996842e+00;-1.795907e-01;2.066931e+00;3.241298e-02;1.905316e+00;-1.075894e-02;2.089051e+00;6.135864e-02;1.856563e+00;-2.052481e-01;1.557057e+00;-8.730926e-02;1.764604e+00;2.543032e-02
28.000000;2.363705e+01;7.803607e+01;1.049218e-01;7.228339e-01;1.392486e-01;1.065105e-01;9.330007e-02;6.518231e-02;1.089034e-01;1.506819e-01;1.120760e+01;1.280583e+00;2.643371e-01;1.868602e+00;1.973475e-01;1.000613e+00;1.585249e-02;1.130749e-01;1.347852e-02;2.541698e-02;2.049868e-02;1.281227e-01;5.289712e-02;2.871603e-01;9.432175e-02;4.394687e-01;3.981213e-02;5.607405e-01;6.677040e-02;7.034193e-01;1.404091e-01;7.806419e-01;1.043972e-01;8.066937e-01;9.639034e-02;8.847098e-01;1.183763e-01;9.942445e-01;1.539029e-01;1.000838e+00;1.575372e-01;1.093190e+00;1.676967e-01;1.147749e+00;2.439336e-01;1.216389e+00;2.460800e-01;1.254418e+00;2.634707e-01;1.361256e+00;2.695340e-01;1.430341e+00;4.536853e-01;1.435534e+00;5.778990e-01;1.486769e+00;5.510395e-01;1.488804e+00;6.065778e-01;1.485978e+00;6.627611e-01;1.442713e+00;6.016840e-01;1.281672e+00;4.287199e-01;1.067850e+00;3.107684e-01;8.773822e-01;3.368018e-01;7.533671e-01;2.492693e-01;6.064991e-01;7.501755e-01;2.617269e+00;9.078877e-02;1.367792e-01;5.853705e+01;2.146143e+02;5.199851e+01;3.138105e+02;1.079447e+02;4.490391e+02;3.629388e+02;6.584854e+02;1.974939e-01;1.125152e+00;1.475621e+02;4.004023e+02;2.834320e-01;3.662439e+00;6.293094e+05;3.263138e+05;4.021721e+00;1.108310e+01;2.218595e+02;3.336014e+02;1.762656e-01;-6.087028e-01;1.130727e-01;4.001799e-01;2.830742e-01;1.218854e+00;8.200120e+00;3.494379e+01;4.744664e+00;8.970700e+00;4.848212e+00;-8.963612e-01;6.299924e+00;-4.486024e-01;4.860425e+00;-4.190846e+00;6.597878e+00;-4.982497e+00;7.194271e+00;-2.238710e+00;6.836279e+00;-1.544797e+01;6.762349e+00;-2.573579e-01;7.492085e+00;3.964818e+00;5.104792e+00;-1.785398e+00;6.287166e+00;-2.733300e+00;4.984098e+00;-2.463997e+00;6.298868e+00;1.003925e+01;5.141321e-04;-3.031289e-05;6.212535e-07;-6.105685e-08;4.297380e-06;-2.338194e-07;4.635267e-06;2.123769e-07;4.662691e-06;-1.195153e-07;7.962916e-04;-1.176378e-04;5.231604e-02;7.819797e-03;4.501101e-02;1.014654e-02;2.826045e-03;1.464086e-04;2.659412e-03;7.052154e-04;4.686425e-03;-2.915413e-04;1.097889e-02;-7.226481e-04;1.800411e-02;-4.618854e-04;1.312885e-02;4.096210e-04;1.869697e-02;9.857323e-04;3.801876e-02;3.090575e-03;2.922914e-02;2.370444e-03;2.979192e-02;2.895500e-04;3.042536e-02;4.024607e-03;4.472300e-02;-1.280245e-03;4.350431e-02;9.319849e-04;5.363669e-02;6.658938e-03;5.230782e-02;5.904485e-03;5.452608e-02;9.757144e-03;7.653798e-02;1.068030e-02;6.614329e-02;9.276833e-03;1.336924e-01;1.254172e-02;1.308551e-01;1.427685e-02;1.118413e-01;2.155328e-02;1.175753e-01;2.330595e-02;1.322043e-01;2.522738e-02;1.706685e-01;2.554498e-02;1.581273e-01;2.645094e-02;1.284644e-01;2.500986e-02;9.753562e-02;2.061798e-02;8.743954e-02;1.765709e-02;1.918583e-01;1.046029e-02;2.173902e-02;-5.006101e-04;1.269932e+01;9.761719e-01;1.306982e+01;9.187500e-01;1.732373e+01;7.608398e-01;1.235271e+02;1.837500e+01;6.338675e-02;1.742627e-03;3.796288e+01;6.788369e+00;6.232196e-02;5.867158e-03;2.290649e+05;4.559388e+04;8.860466e-01;-4.189478e-02;4.926994e+01;-1.494415e+00;3.732312e-02;-7.950226e-04;2.759613e-02;4.850856e-03;8.389076e-02;3.049576e-03;1.258868e+00;-2.101291e-01;1.221163e+00;1.127964e-01;1.589601e+00;-5.310078e-02;1.346548e+00;-1.805990e-02;1.668037e+00;-1.515843e-01;2.351437e+00;-1.605202e-01;2.141741e+00;-7.125372e-03;1.659576e+00;-2.222973e-03;2.006147e+00;-6.938922e-02;1.922209e+00;9.648681e-03;1.809174e+00;5.467254e-02;1.735107e+00;-2.359913e-02;1.567158e+00;2.411896e-02;1.581639e+00;3.562070e-02
28.500000;5.166913e+01;8.771839e+01;1.025265e-01;7.109482e-01;1.776527e-01;1.316232e-01;1.746150e-01;1.265087e-01;9.861021e-02;1.357244e-01;2.330411e+01;-5.569855e+00;3.363645e-01;1.972164e+00;2.854240e-01;1.060950e+00;1.000336e-02;1.159350e-01;2.153697e-02;3.148148e-02;1.250966e-02;1.282489e-01;4.335997e-02;2.707292e-01;4.238375e-02;4.032126e-01;3.289548e-02;5.376968e-01;5.780280e-02;6.964946e-01;9.679925e-02;8.214875e-01;1.234964e-01;8.544952e-01;1.593326e-01;9.158577e-01;1.367782e-01;1.047511e+00;1.432116e-01;1.060641e+00;1.788839e-01;1.156976e+00;2.296639e-01;1.213955e+00;2.527184e-01;1.341584e+00;2.510539e-01;1.357195e+00;2.706727e-01;1.432712e+00;2.412274e-01;1.420878e+00;3.350987e-01;1.455141e+00;4.818574e-01;1.627275e+00;5.788484e-01;1.572652e+00;6.339337e-01;1.543520e+00;7.031351e-01;1.496224e+00;6.530376e-01;1.308715e+00;9.227464e-01;1.259006e+00;9.267666e-01;1.096007e+00;6.000262e-01;8.471781e-01;5.363420e-01;7.192953e-01;6.078173e-01;2.735429e+00;8.804595e-02;1.567178e-01;5.278656e+01;2.105947e+02;5.419052e+01;3.372100e+02;8.019762e+01;4.519102e+02;7.445136e+02;8.142422e+02;2.183973e-01;1.060372e+00;2.237861e+02;4.503979e+02;3.280388e-01;3.730952e+00;1.362988e+06;6.907482e+05;3.457014e+00;1.022064e+01;2.118617e+02;2.949754e+02;1.210527e-01;-6.191596e-01;1.641169e-01;4.388587e-01;3.554943e-01;1.416489e+00;7.911317e+00;3.478334e+01;4.985293e+00;7.670091e+00;6.439993e+00;-2.178519e+00;3.898436e+00;8.884386e-01;4.267765e+00;-6.219718e+00;3.393427e+00;-6.159925e+00;6.109997e+00;-4.437329e+00;7.453814e+00;-1.374503e+01;7.861099e+00;2.600504e+00;6.717220e+00;1.880210e+00;5.590563e+00;2.662814e+00;5.055847e+00;1.133064e+00;5.248294e+00;-4.002924e+00;4.311396e+00;1.050006e+01;1.411044e-03;-2.679529e-04;6.520333e-07;-2.579571e-08;7.720250e-06;-1.642265e-07;8.011201e-06;4.235781e-07;4.505672e-06;-4.034304e-08;1.237450e-03;-2.142382e-06;4.953951e-02;3.943940e-03;5.068895e-02;2.398184e-03;2.314009e-03;-3.664744e-04;3.252327e-03;1.111111e-04;4.390318e-03;-3.331529e-04;1.436333e-02;-1.072708e-03;1.551727e-02;-1.440638e-03;9.989453e-03;-3.342743e-04;1.515399e-02;-1.568196e-03;2.188757e-02;8.119535e-04;2.628741e-02;6.130958e-04;4.817604e-02;-3.408813e-04;3.279272e-02;1.090602e-03;4.177560e-02;3.194981e-03;5.633897e-02;2.151289e-03;6.170439e-02;8.738822e-04;6.186202e-02;4.138849e-03;6.936571e-02;3.462572e-03;9.026588e-02;-9.401107e-04;7.134840e-02;5.436903e-03;7.189971e-02;4.667099e-03;6.345156e-02;7.454658e-03;9.498648e-02;5.639767e-03;1.135316e-01;4.155050e-03;1.264972e-01;3.671526e-03;1.383795e-01;3.376114e-03;1.844220e-01;5.805695e-03;1.826531e-01;5.076885e-03;1.177711e-01;2.430669e-03;1.127714e-01;4.331155e-03;1.964645e-01;-1.137182e-02;2.136841e-02;1.809512e-03;1.427106e+01;9.331055e-01;1.269871e+01;1.579102e+00;1.753740e+01;2.038476e+00;1.959273e+02;3.875977e+00;5.071756e-02;-5.501695e-03;4.316944e+01;2.074451e+00;6.610598e-02;6.066528e-03;2.782106e+05;2.858324e+03;7.897514e-01;-5.594522e-02;4.516831e+01;-4.900790e+00;3.310626e-02;4.022761e-03;3.118868e-02;1.836794e-03;1.059532e-01;-1.549133e-03;1.204026e+00;-1.047970e-01;1.092480e+00;-1.187248e-01;1.590655e+00;-9.526832e-02;1.285448e+00;-2.517205e-02;1.360313e+00;-8.799329e-02;1.116943e+00;6.362023e-02;1.716787e+00;-1.345685e-01;1.623251e+00;9.045462e-02;1.874289e+00;1.413463e-01;2.008262e+00;1.062040e-02;1.938305e+00;8.162532e-02;1.580970e+00;1.997868e-01;1.748040e+00;-8.804423e-02;1.225693e+00;-4.956574e-02
29.000000;5.803698e+01;9.792119e+01;1.738763e-02;7.289733e-01;1.584501e-01;1.282388e-01;2.083966e-01;1.481054e-01;1.092211e-01;1.408792e-01;2.354461e+01;-4.294312e+00;2.319297e-01;2.098289e+00;2.682741e-01;1.051402e+00;1.283088e-02;1.125979e-01;1.800385e-02;3.225372e-02;1.335442e-02;1.259360e-01;5.371216e-02;2.799295e-01;8.100320e-02;4.344709e-01;5.348075e-02;5.554795e-01;5.419440e-02;6.670617e-01;9.779536e-02;7.793764e-01;1.124143e-01;8.633218e-01;1.966912e-01;9.172361e-01;1.600129e-01;9.813792e-01;1.312286e-01;1.081317e+00;1.325007e-01;1.153743e+00;2.095640e-01;1.220347e+00;2.154004e-01;1.311908e+00;1.919045e-01;1.352516e+00;2.373361e-01;1.362944e+00;2.387179e-01;1.362262e+00;3.291737e-01;1.396251e+00;4.282889e-01;1.581475e+00;5.640919e-01;1.647252e+00;5.813133e-01;1.595910e+00;6.437554e-01;1.462570e+00;6.515834e-01;1.292819e+00;9.227442e-01;1.254959e+00;9.160513e-01;1.099776e+00;5.710281e-01;8.500807e-01;5.139148e-01;7.061225e-01;6.576115e-01;2.698660e+00;5.130357e-02;2.061614e-01;4.622260e+01;2.390186e+02;4.823010e+01;3.563027e+02;8.135017e+01;4.755967e+02;6.859248e+02;8.459678e+02;2.148152e-01;9.755144e-01;1.920391e+02;4.761703e+02;2.885237e-01;3.805914e+00;1.245237e+06;6.592032e+05;2.455522e+00;9.305822e+00;9.186275e+01;1.913224e+02;1.375293e-01;-5.888665e-01;1.385488e-01;4.635704e-01;3.848152e-01;1.436586e+00;6.402080e+00;3.244095e+01;5.814062e+00;4.924838e+00;6.101093e+00;-2.843914e+00;4.259867e+00;1.789485e-01;4.640873e+00;-5.885588e+00;4.611344e+00;-7.244210e+00;8.801187e+00;-1.357863e+01;5.445897e+00;-6.123361e+00;6.737429e+00;5.842384e+00;8.411621e+00;-2.506090e+00;5.806108e+00;6.484908e+00;6.460110e+00;-8.762525e-03;6.383391e+00;-9.221365e+00;4.131791e+00;7.826122e+00;1.710313e-03;-3.714212e-04;7.688522e-07;7.845895e-08;7.862334e-06;-5.876631e-08;9.005852e-06;3.953441e-07;4.715510e-06;-3.073411e-07;1.106903e-03;1.196514e-04;3.758942e-02;-9.437935e-03;3.703640e-02;-1.071001e-02;2.571762e-03;-6.830408e-05;1.959641e-03;-7.134039e-04;4.967125e-03;9.281126e-05;1.680034e-02;7.169111e-04;1.841985e-02;6.089385e-04;1.172987e-02;-9.722073e-05;1.386927e-02;-4.572111e-04;1.822178e-02;-4.130713e-03;2.129613e-02;-4.671831e-03;5.822399e-02;3.885144e-04;3.327443e-02;-1.714678e-03;4.192818e-02;-1.244720e-03;4.787689e-02;-4.176252e-03;5.169577e-02;-7.015682e-03;4.448584e-02;-1.078225e-02;5.475908e-02;-1.116477e-02;7.051104e-02;-1.242183e-02;6.506897e-02;-1.021235e-02;6.375313e-02;-1.048436e-02;6.918973e-02;-1.636498e-02;9.246292e-02;-2.215468e-02;1.014762e-01;-2.323940e-02;1.037848e-01;-2.540546e-02;1.006935e-01;-2.574060e-02;1.392118e-01;-2.626332e-02;1.411111e-01;-2.565351e-02;8.887985e-02;-2.106575e-02;8.351973e-02;-1.580596e-02;1.675386e-01;-7.717042e-03;1.959323e-02;-8.714303e-04;1.590370e+01;-9.043945e-01;1.118828e+01;-1.091016e+00;1.702479e+01;-2.239453e+00;1.619249e+02;-2.151885e+01;7.385496e-02;-4.009694e-03;2.585782e+01;-7.439997e+00;6.034447e-02;-1.017961e-02;1.568033e+05;-4.636866e+04;4.381469e-01;5.431051e-02;1.635346e+01;2.454091e+00;3.146100e-02;6.481491e-04;1.918039e-02;-5.389675e-03;1.324570e-01;-1.877709e-03;9.882590e-01;2.431106e-01;9.323086e-01;-1.380736e-01;1.160539e+00;1.202791e-01;1.441082e+00;2.829147e-02;1.259155e+00;1.127852e-01;1.386664e+00;1.393221e-01;1.392018e+00;-2.214686e-01;1.248616e+00;4.029167e-02;1.704818e+00;-1.700843e-01;2.032087e+00;-6.060641e-02;2.217057e+00;-2.005278e-02;1.779394e+00;-2.085550e-02;1.888186e+00;-8.641249e-02;1.270005e+00;-3.545308e-02
29.500000;5.076233e+01;5.675664e+01;2.762780e-01;6.094636e-01;9.835882e-02;4.685895e-02;1.483727e-01;5.774388e-02;1.187268e-01;1.021101e-01;4.408376e+01;-2.799797e+01;2.643074e-01;1.845137e+00;2.314598e-01;1.017765e+00;1.328257e-02;1.071636e-01;1.813550e-02;3.154321e-02;2.252288e-02;1.331029e-01;4.664163e-02;2.839073e-01;7.653827e-02;4.410838e-01;4.938319e-02;5.648208e-01;4.902407e-02;6.432712e-01;9.208149e-02;7.080337e-01;1.138656e-01;7.973922e-01;1.992898e-01;8.657686e-01;2.044415e-01;9.594859e-01;2.107057e-01;1.019173e+00;1.792048e-01;1.049307e+00;1.863454e-01;1.158713e+00;1.916685e-01;1.165172e+00;1.421946e-01;1.245755e+00;1.637842e-01;1.228802e+00;2.562932e-01;1.332973e+00;3.368431e-01;1.433406e+00;3.296348e-01;1.407966e+00;4.868980e-01;1.505364e+00;5.488195e-01;1.513282e+00;7.009861e-01;1.514927e+00;7.004498e-01;1.440814e+00;7.445571e-01;1.305277e+00;6.665243e-01;1.123860e+00;4.544713e-01;8.763068e-01;3.957383e-01;7.439246e-01;6.946116e-01;2.336014e+00;6.798939e-02;1.439432e-01;5.654287e+01;2.054268e+02;5.754448e+01;3.080684e+02;7.933407e+01;4.138682e+02;6.413520e+02;7.101650e+02;2.057248e-01;1.017271e+00;2.071828e+02;4.381630e+02;2.913898e-01;3.623802e+00;1.611363e+06;8.105131e+05;3.832048e+00;1.040980e+01;1.452444e+02;2.395533e+02;1.410514e-01;-5.404893e-01;1.454666e-01;4.227758e-01;4.079347e-01;1.189593e+00;7.091561e+00;3.233265e+01;9.217883e+00;8.729774e+00;5.631085e+00;-2.138775e-01;6.777313e+00;5.316760e+00;4.822561e+00;-2.734946e+00;4.772146e+00;-7.347168e+00;7.273607e+00;-1.597078e+01;7.729207e+00;-9.020071e+00;7.723015e+00;7.811337e-01;7.008776e+00;-3.869393e+00;7.120575e+00;5.489277e+00;8.085483e+00;1.206163e+00;6.299177e+00;-9.603082e+00;3.823895e+00;7.030380e+00;1.010861e-03;-1.161990e-04;6.898928e-07;3.295399e-08;3.820054e-06;-1.701137e-07;4.611696e-06;4.571595e-09;4.038474e-06;-1.255014e-07;1.547485e-03;1.944894e-06;5.628261e-02;-3.971375e-03;5.642213e-02;-1.026714e-03;2.902244e-03;1.392214e-04;3.103727e-03;6.009071e-05;6.465916e-03;2.590378e-04;1.354604e-02;6.036214e-04;1.647330e-02;1.043915e-03;1.244803e-02;4.767560e-04;1.365243e-02;7.484031e-04;1.413150e-02;6.353283e-04;2.431352e-02;1.239769e-04;5.526223e-02;-1.854304e-03;5.049061e-02;4.977704e-04;6.788804e-02;-2.468623e-03;5.253892e-02;-1.332136e-03;5.039838e-02;1.514056e-03;4.716109e-02;-2.461519e-03;4.287932e-02;-2.875173e-03;5.698255e-02;-2.855831e-03;7.904346e-02;-6.767964e-03;8.444257e-02;-3.023163e-03;8.699553e-02;-5.048529e-03;1.127022e-01;-4.753632e-03;1.354020e-01;-9.670603e-04;1.749202e-01;-4.205297e-04;1.606728e-01;-1.541178e-04;1.706650e-01;1.508970e-03;1.512868e-01;4.965966e-04;1.116176e-01;1.523577e-03;9.097350e-02;-1.143981e-03;1.359495e-01;8.346900e-04;1.591541e-02;-1.676741e-03;1.562450e+01;-1.033594e+00;1.381560e+01;-1.722656e+00;1.971697e+01;-2.253808e+00;2.053471e+02;-4.392774e+00;8.307068e-02;7.188683e-04;4.692548e+01;-1.341876e+00;7.147530e-02;-6.343001e-03;3.282725e+05;4.136371e+03;8.520759e-01;4.752193e-03;3.556158e+01;-2.615369e-01;3.264439e-02;-1.532597e-03;3.418359e-02;-1.397671e-03;1.310315e-01;2.688663e-03;1.401002e+00;-2.535890e-02;1.281978e+00;2.359353e-01;1.296324e+00;-3.265243e-02;1.454690e+00;1.405047e-01;1.322818e+00;1.505740e-01;1.440526e+00;-9.934048e-02;1.335833e+00;-1.481855e-02;1.524855e+00;-7.022227e-02;1.954228e+00;-3.829321e-02;1.778027e+00;-8.404112e-02;2.091031e+00;-7.843103e-02;1.850151e+00;-1.815593e-02;1.830427e+00;4.247694e-02;1.300031e+00;-7.177449e-02
30.000000;3.347400e+01;5.056816e+01;2.760675e-01;6.092610e-01;2.402400e-01;1.167321e-01;2.024642e-01;1.378287e-01;1.132216e-01;1.374883e-01;4.430933e+01;-2.593373e+01;2.018471e-01;1.698951e+00;2.199331e-01;1.029668e+00;1.225199e-02;1.024872e-01;1.779069e-02;3.176241e-02;2.661541e-02;1.304077e-01;3.484932e-02;2.763584e-01;3.999393e-02;4.167750e-01;4.147755e-02;5.377872e-01;8.231243e-02;6.261416e-01;1.101031e-01;7.673377e-01;1.413198e-01;8.643255e-01;1.996575e-01;9.725195e-01;1.854983e-01;9.778114e-01;2.092606e-01;1.019493e+00;1.890271e-01;1.023422e+00;1.791071e-01;1.142654e+00;2.028637e-01;1.173869e+00;1.262672e-01;1.201744e+00;1.932524e-01;1.220947e+00;3.378952e-01;1.328279e+00;3.387517e-01;1.412340e+00;3.233832e-01;1.386227e+00;4.613409e-01;1.513135e+00;6.047462e-01;1.622224e+00;7.102031e-01;1.656353e+00;6.575060e-01;1.516957e+00;7.335041e-01;1.270230e+00;6.581150e-01;1.097204e+00;4.412920e-01;8.838404e-01;3.945996e-01;7.329841e-01;4.931982e-01;1.828557e+00;4.178358e-02;7.973547e-02;3.841557e+01;1.770029e+02;4.211416e+01;2.647148e+02;5.311349e+01;3.736729e+02;6.451492e+02;6.719795e+02;1.827664e-01;9.530792e-01;2.117204e+02;4.093696e+02;2.880255e-01;3.482747e+00;1.594423e+06;8.599344e+05;4.253708e+00;1.182390e+01;1.552993e+02;2.450295e+02;1.255112e-01;-4.955005e-01;1.487943e-01;3.928329e-01;4.176846e-01;1.147932e+00;6.150876e+00;3.022979e+01;6.918241e+00;1.646748e+01;6.229017e+00;-2.886019e+00;9.643880e+00;3.936169e+00;6.887228e+00;1.995140e+00;5.042030e+00;-7.307594e+00;5.237947e+00;-1.213719e+01;1.373268e+01;-6.039801e+00;7.813570e+00;-4.967504e+00;3.825817e+00;-4.046299e+00;8.333032e+00;-1.545227e+00;9.234690e+00;-4.988640e-01;5.795455e+00;-6.941101e+00;4.760658e+00;4.749989e+00;3.678235e-04;-3.170304e-06;5.831917e-07;-2.503905e-08;6.142618e-06;1.118050e-06;5.065749e-06;5.830720e-08;2.952730e-06;2.269834e-07;1.479072e-03;-6.557086e-05;5.489537e-02;-1.547171e-03;5.666166e-02;3.477704e-04;3.170555e-03;-1.557787e-04;3.152118e-03;4.333587e-05;7.744682e-03;2.438320e-04;1.137327e-02;1.040126e-04;1.287153e-02;1.111287e-04;1.397000e-02;-6.782294e-04;2.457778e-02;-3.362377e-04;1.510915e-02;1.461783e-03;2.918268e-02;1.524623e-03;4.942316e-02;-7.453122e-04;4.635071e-02;-3.209301e-03;6.742398e-02;-2.292646e-03;5.950351e-02;-1.160759e-03;5.495740e-02;-2.039066e-03;5.522310e-02;-4.635312e-04;4.891095e-02;6.044498e-04;6.684387e-02;1.386746e-03;1.014174e-01;4.050411e-03;8.416788e-02;-4.594343e-04;8.917660e-02;5.763874e-04;1.097714e-01;2.266268e-03;1.724664e-01;1.788900e-03;1.908537e-01;2.000090e-03;1.565389e-01;2.305248e-03;1.677853e-01;1.457710e-03;1.479035e-01;7.800813e-04;1.090437e-01;1.214752e-03;8.858438e-02;-1.449880e-03;1.486966e-01;-8.982539e-03;1.369868e-02;-1.223137e-03;1.323833e+01;-4.019531e-01;1.506501e+01;-6.890625e-01;2.021268e+01;-7.034180e-01;2.044640e+02;-3.301758e-01;6.594863e-02;-2.599243e-03;4.651390e+01;-3.794601e-01;7.182505e-02;-1.035889e-03;3.301482e+05;8.685676e+02;9.764571e-01;4.912120e-02;4.024092e+01;6.522232e-01;3.564952e-02;9.788503e-04;3.381876e-02;-4.306570e-04;1.129017e-01;-5.479738e-03;1.359887e+00;-9.784864e-02;1.399933e+00;1.786530e-01;1.694810e+00;2.904857e-03;1.575832e+00;-9.947439e-02;1.487196e+00;7.137918e-02;1.608507e+00;-5.502086e-02;1.565674e+00;2.117126e-01;2.304763e+00;1.321389e-01;1.984417e+00;2.779894e-02;1.618999e+00;4.590864e-02;1.988230e+00;-9.633756e-02;1.728865e+00;-1.244323e-01;2.146904e+00;1.805361e-02;1.379346e+00;-7.106560e-02
30.500000;1.545516e+01;7.166897e+01;7.563982e-02;7.355326e-01;2.450471e-01;1.517408e-01;2.012759e-01;1.655083e-01;8.050171e-02;1.873244e-01;1.121188e+01;3.397675e+00;2.505249e-01;1.642176e+00;2.254094e-01;9.995469e-01;1.468933e-02;1.111285e-01;6.908606e-03;2.365331e-02;2.341900e-02;1.315666e-01;3.296892e-02;2.872755e-01;4.345232e-02;4.377979e-01;6.453069e-02;5.524513e-01;1.075066e-01;6.522970e-01;1.626278e-01;7.500243e-01;1.073566e-01;8.788097e-01;1.180578e-01;1.013132e+00;4.269106e-01;1.079358e+00;1.713510e-01;1.097338e+00;2.019951e-01;1.099493e+00;2.405511e-01;1.156036e+00;2.921424e-01;1.194674e+00;4.003236e-01;1.247790e+00;4.819136e-01;1.347740e+00;4.235323e-01;1.445271e+00;6.103783e-01;1.473620e+00;5.059415e-01;1.441373e+00;5.561636e-01;1.493266e+00;6.730114e-01;1.522263e+00;6.342446e-01;1.407869e+00;3.817263e-01;1.199044e+00;3.233616e-01;9.937227e-01;2.882203e-01;8.361831e-01;2.671032e-01;7.055058e-01;1.842014e-01;5.443167e-01;5.281706e-01;1.736310e+00;6.218257e-02;7.419192e-02;2.529008e+01;1.782949e+02;3.256984e+01;2.375830e+02;7.610768e+01;3.352002e+02;1.604720e+02;4.968428e+02;1.943061e-01;9.747308e-01;6.259499e+01;3.163396e+02;3.047040e-01;3.268853e+00;2.355212e+05;2.675206e+05;4.568289e+00;1.421197e+01;2.739837e+02;3.707470e+02;1.601738e-01;-5.940517e-01;5.550229e-02;3.221418e-01;4.720675e-01;1.475592e+00;5.223313e+00;3.327701e+01;6.280324e+00;1.860242e+01;4.851830e+00;-4.262963e+00;8.460977e+00;1.689100e+00;5.645467e+00;4.744011e+00;1.014782e+01;-2.793371e-01;8.270227e+00;-5.811119e+00;1.455706e+01;-6.968473e+00;6.431988e+00;-8.501632e+00;4.563061e+00;-6.848529e+00;7.528853e+00;-9.600003e+00;5.986279e+00;-7.254571e+00;6.950423e+00;-5.157692e+00;6.776090e+00;5.797963e+00;4.511550e-04;3.722595e-05;5.092020e-07;-2.327299e-08;6.537665e-06;1.074004e-06;5.815815e-06;1.043611e-07;3.670944e-06;-2.152827e-08;5.867508e-04;-5.721327e-07;4.957364e-02;8.260147e-03;4.265570e-02;9.107797e-03;2.911338e-03;2.404543e-04;1.596001e-03;-1.524313e-05;6.274642e-03;-2.021197e-04;9.084219e-03;-5.155072e-04;1.207587e-02;-4.499431e-04;1.798130e-02;1.085787e-03;2.912174e-02;3.569520e-03;2.634927e-02;2.862593e-03;2.386525e-02;1.557153e-03;3.149154e-02;4.239460e-03;5.932155e-02;1.477504e-02;4.009125e-02;5.615355e-03;4.829387e-02;5.541216e-03;4.965326e-02;5.493429e-03;5.979253e-02;9.870554e-03;7.575838e-02;1.444994e-02;1.001844e-01;1.975495e-02;1.086186e-01;1.432647e-02;1.257041e-01;1.832365e-02;1.060234e-01;1.984989e-02;1.056752e-01;1.988630e-02;1.523864e-01;1.860283e-02;1.303733e-01;1.963471e-02;6.424589e-02;8.321002e-03;8.559711e-02;7.666517e-03;7.741968e-02;6.775108e-03;6.193087e-02;1.084938e-02;5.379864e-02;4.919475e-03;1.537161e-01;7.719999e-03;9.767596e-03;2.386853e-03;7.645362e+00;6.029297e-01;1.060879e+01;9.043945e-01;1.734969e+01;2.569629e+00;3.073496e+01;5.124902e+00;6.872231e-02;9.288861e-04;1.265266e+01;1.273374e+00;6.918722e-02;4.564809e-03;7.250888e+04;-2.157813e+03;1.050634e+00;-1.751443e-03;6.032105e+01;1.495186e-01;3.593212e-02;-2.771192e-03;1.092377e-02;1.238216e-03;1.205450e-01;1.001056e-02;9.911420e-01;-2.462246e-02;1.362924e+00;-1.389558e-01;1.583706e+00;2.357828e-02;1.523199e+00;-1.240184e-01;1.446330e+00;-2.811631e-02;1.503345e+00;2.185301e-01;1.720836e+00;8.840864e-02;2.332430e+00;-6.648216e-02;1.601875e+00;-2.197908e-01;1.535737e+00;-1.333749e-01;2.004931e+00;-7.265820e-03;1.413354e+00;-1.952223e-02;1.832869e+00;1.682069e-01;1.312144e+00;-8.361490e-03
31.000000;3.317026e+01;5.301580e+01;2.106246e-01;6.656430e-01;1.164044e-01;5.743236e-02;1.180510e-01;6.597622e-02;9.421862e-02;1.128177e-01;4.366342e+01;-2.164436e+01;3.986413e-01;1.883744e+00;2.840168e-01;1.090924e+00;1.111016e-02;1.164289e-01;1.978878e-02;3.283195e-02;1.710679e-02;1.383639e-01;4.130410e-02;2.692412e-01;4.973171e-02;4.197974e-01;8.548543e-02;5.646558e-01;1.065102e-01;6.768324e-01;1.782289e-01;7.525952e-01;6.991375e-02;8.447270e-01;8.655522e-02;9.853405e-01;5.256816e-01;1.209859e+00;1.980459e-01;1.133636e+00;2.229032e-01;1.196534e+00;2.787175e-01;1.210167e+00;3.793297e-01;1.306056e+00;4.999426e-01;1.423125e+00;5.472210e-01;1.518529e+00;4.028724e-01;1.550213e+00;6.248453e-01;1.648555e+00;5.471098e-01;1.608630e+00;5.476932e-01;1.554134e+00;6.010268e-01;1.535722e+00;7.139603e-01;1.490724e+00;6.313123e-01;1.348673e+00;8.248301e-01;1.324386e+00;6.900557e-01;1.112684e+00;4.136860e-01;8.540986e-01;3.628732e-01;6.867522e-01;5.118392e-01;1.741199e+00;1.154915e-01;1.589990e-01;2.941996e+01;1.722656e+02;4.021172e+01;2.520820e+02;1.644315e+02;4.286543e+02;1.008933e+03;9.318135e+02;2.068686e-01;1.068052e+00;2.382126e+02;4.312926e+02;5.303158e-01;3.566338e+00;1.472947e+06;8.269414e+05;5.910528e+00;1.129430e+01;3.055151e+02;2.975873e+02;1.365193e-01;-6.395859e-01;1.716930e-01;4.069564e-01;4.758619e-01;1.485103e+00;7.212239e+00;3.179303e+01;9.274676e+00;1.468719e+01;4.998596e+00;-6.195480e+00;5.321577e+00;3.289509e+00;5.088138e+00;5.197089e+00;5.784980e+00;8.037867e+00;4.431791e+00;1.931340e+00;7.921034e+00;-1.438546e+01;8.479119e+00;-1.059449e+01;5.280788e+00;-1.102327e+01;8.428497e+00;-6.910345e+00;7.098754e+00;-2.790035e+00;7.198767e+00;1.820885e-01;6.391982e+00;7.568201e+00;3.690023e-04;5.306633e-05;4.199475e-07;-3.480709e-08;2.662253e-06;-3.017631e-08;3.628759e-06;-7.078656e-08;3.338871e-06;-8.004661e-08;1.191853e-03;-7.808329e-05;5.555151e-02;4.505946e-03;5.728502e-02;6.272303e-04;2.418875e-03;1.356274e-04;3.339436e-03;-8.062499e-06;4.456463e-03;2.997909e-05;8.652017e-03;-1.129619e-04;9.598974e-03;4.457880e-04;2.451951e-02;8.687137e-04;2.686703e-02;1.504524e-04;3.898193e-02;-5.744792e-04;2.026958e-02;5.991799e-04;2.298252e-02;1.005526e-03;7.247396e-02;3.440917e-04;4.261804e-02;1.539377e-03;5.098286e-02;2.489076e-03;6.028610e-02;4.069892e-04;6.636465e-02;3.483456e-03;8.746997e-02;1.781455e-03;1.140199e-01;1.531311e-03;9.527353e-02;2.221504e-04;1.383102e-01;9.982277e-04;1.113759e-01;1.863342e-03;1.261204e-01;3.302318e-03;1.147196e-01;1.455032e-03;1.485420e-01;-1.306956e-03;1.388200e-01;-2.085329e-03;1.972091e-01;-1.559324e-03;1.671194e-01;-6.279049e-04;1.006450e-01;4.743770e-04;1.001173e-01;-4.158672e-04;1.647660e-01;5.775624e-03;1.832493e-02;1.731212e-03;9.234082e+00;-8.613281e-02;9.323719e+00;6.029297e-01;2.983486e+01;1.579102e+00;2.723703e+02;3.502734e+00;7.540989e-02;4.718786e-03;4.831946e+01;8.573014e-01;8.423887e-02;4.785923e-03;3.332025e+05;3.620645e+02;9.355183e-01;-5.527171e-02;5.639698e+01;-1.730659e+00;3.164028e-02;-1.185797e-03;3.268406e-02;7.478059e-04;1.092731e-01;5.172714e-03;1.417746e+00;-1.904428e-03;1.598458e+00;-1.212604e-01;1.098755e+00;-4.800928e-02;1.352071e+00;6.005356e-02;1.441386e+00;2.150767e-02;1.319940e+00;1.383175e-01;1.580223e+00;4.245315e-02;1.938791e+00;-1.545151e-01;1.953893e+00;-4.150924e-02;1.732114e+00;-1.220687e-01;1.858477e+00;1.086768e-01;1.476170e+00;6.766438e-02;1.684107e+00;1.864562e-01;1.515280e+00;6.416634e-02
31.500000;3.553423e+01;4.489875e+01;2.591678e-01;6.158291e-01;9.201695e-02;5.225393e-02;1.215881e-01;6.493228e-02;8.218100e-02;8.449315e-02;4.709880e+01;-3.318126e+01;2.421352e-01;2.070017e+00;2.268507e-01;1.096395e+00;1.186684e-02;1.093765e-01;1.858062e-02;3.476316e-02;1.502627e-02;1.319109e-01;3.746906e-02;2.588598e-01;3.685963e-02;4.022761e-01;8.122811e-02;5.662286e-01;1.259556e-01;7.031800e-01;1.213297e-01;8.827367e-01;8.322931e-02;8.929227e-01;1.749023e-01;8.929826e-01;4.047140e-01;1.024437e+00;1.942824e-01;1.063546e+00;1.935083e-01;1.132993e+00;1.945194e-01;1.194548e+00;2.849022e-01;1.361588e+00;3.358994e-01;1.445404e+00;5.260225e-01;1.536607e+00;7.839077e-01;1.665544e+00;4.399676e-01;1.545356e+00;4.353458e-01;1.608795e+00;3.553968e-01;1.569617e+00;3.988721e-01;1.553320e+00;5.921056e-01;1.546093e+00;7.746932e-01;1.576915e+00;8.361282e-01;1.356388e+00;6.858823e-01;1.065017e+00;3.750032e-01;8.320478e-01;3.549686e-01;6.969612e-01;5.782139e-01;1.929431e+00;1.076656e-01;2.053049e-01;3.662052e+01;1.701123e+02;4.769365e+01;2.855303e+02;1.573836e+02;5.001445e+02;9.636237e+02;1.095179e+03;1.887030e-01;1.101784e+00;2.236772e+02;4.864579e+02;2.789778e-01;3.849167e+00;1.455327e+06;870018;2.865090e+00;8.216583e+00;8.657307e+01;1.438392e+02;1.310849e-01;-5.612689e-01;1.536749e-01;4.514424e-01;4.045703e-01;1.183227e+00;6.327521e+00;2.910375e+01;6.612593e+00;9.346103e+00;7.875264e+00;-3.234241e+00;3.744041e+00;3.938201e-01;7.173080e+00;2.494993e+00;1.136560e+01;-5.904157e-01;8.140059e+00;3.277741e+00;9.224162e+00;-9.739299e+00;1.039599e+01;-7.961462e+00;1.335742e+01;-3.669026e+00;5.926641e+00;-2.217856e+00;6.694443e+00;1.690055e+00;1.008144e+01;-2.038944e+00;4.729710e+00;5.284323e+00;4.459629e-04;-1.517851e-05;3.963559e-07;1.062839e-08;2.244808e-06;2.341824e-07;3.268542e-06;-2.329905e-07;2.661268e-06;-6.733723e-08;1.404212e-03;7.985363e-07;5.193563e-02;-7.471064e-03;5.110066e-02;-1.037989e-02;2.546718e-03;-2.305212e-04;3.307054e-03;-1.063240e-04;4.770281e-03;2.485565e-04;1.281788e-02;-8.124252e-05;1.210750e-02;-5.823792e-04;2.496187e-02;-1.013856e-03;3.724346e-02;-2.417268e-03;3.634130e-02;-3.285617e-03;2.405702e-02;-1.035864e-03;2.615342e-02;-1.351005e-03;4.713707e-02;-1.597629e-02;4.632014e-02;-5.116577e-03;4.408010e-02;-7.391520e-03;5.932519e-02;-7.588404e-03;6.396629e-02;-9.077812e-03;6.529150e-02;-1.292312e-02;1.375675e-01;-2.088563e-02;1.959880e-01;-1.709637e-02;9.196109e-02;-2.130456e-02;8.803651e-02;-1.971987e-02;1.044199e-01;-1.963484e-02;9.117712e-02;-2.163805e-02;1.430212e-01;-2.233633e-02;2.068820e-01;-1.446548e-02;2.053990e-01;-1.465533e-02;1.639544e-01;-1.027414e-02;9.316548e-02;-1.320729e-02;9.513672e-02;-7.066913e-03;1.691909e-01;-5.581907e-03;3.125196e-02;-2.100920e-03;1.206884e+01;-8.613281e-01;1.650614e+01;-2.153320e-01;5.578286e+01;-1.923633e+00;2.870243e+02;-3.560156e+00;6.837966e-02;1.017109e-04;5.715542e+01;-1.667512e+00;7.703278e-02;-2.999356e-03;3.352056e+05;-4.190215e+03;6.727753e-01;2.000438e-02;1.947733e+01;1.786574e+00;3.090305e-02;3.070205e-03;3.830639e-02;-1.397070e-03;8.723325e-02;-1.367448e-02;1.593299e+00;1.037414e-01;1.492736e+00;-2.041541e-02;1.182364e+00;4.141106e-02;1.145257e+00;-4.536860e-03;1.363902e+00;-6.455675e-02;1.888002e+00;-2.025414e-01;2.503540e+00;-2.352897e-02;2.251838e+00;2.379020e-01;2.707126e+00;2.375035e-01;2.358709e+00;1.618278e-01;2.051918e+00;1.030363e-01;1.707322e+00;8.382582e-02;2.430167e+00;-9.557773e-02;1.808263e+00;-3.096750e-03
32.000000;2.371003e+01;5.779132e+01;1.896450e-01;6.901104e-01;8.978923e-02;5.816483e-02;1.130269e-01;8.724257e-02;9.170073e-02;1.285055e-01;3.194868e+01;-7.464381e+00;2.115520e-01;1.970629e+00;1.747570e-01;1.014090e+00;8.879657e-03;1.081518e-01;7.429727e-03;2.696523e-02;1.322860e-02;1.307758e-01;2.939445e-02;2.630665e-01;3.630071e-02;4.037699e-01;5.346208e-02;5.726362e-01;9.996685e-02;7.282494e-01;1.983581e-01;7.960604e-01;1.179677e-01;8.757049e-01;2.328923e-01;9.650502e-01;1.711022e-01;9.614114e-01;1.657670e-01;1.030141e+00;1.561678e-01;1.082701e+00;2.556922e-01;1.247177e+00;2.525468e-01;1.379204e+00;2.366378e-01;1.360926e+00;4.982278e-01;1.398002e+00;8.221675e-01;1.521848e+00;3.913026e-01;1.475724e+00;3.641334e-01;1.467321e+00;2.481727e-01;1.403817e+00;2.366368e-01;1.313893e+00;3.756877e-01;1.271605e+00;7.796191e-01;1.333427e+00;5.615728e-01;1.125400e+00;4.686169e-01;9.279131e-01;3.189473e-01;7.046539e-01;2.970768e-01;6.258710e-01;4.981127e-01;2.162182e+00;1.134687e-01;1.937770e-01;4.638305e+01;1.719785e+02;5.477623e+01;3.155332e+02;1.434818e+02;4.886602e+02;2.779662e+02;7.899814e+02;1.838629e-01;1.038216e+00;1.062830e+02;4.136195e+02;1.578257e-01;3.754771e+00;3.282456e+05;3.285352e+05;2.820972e+00;8.275531e+00;8.745990e+01;1.647308e+02;9.468497e-02;-5.491198e-01;7.738926e-02;4.048551e-01;2.956126e-01;1.153737e+00;6.746742e+00;3.404515e+01;5.659063e+00;4.928539e+00;7.398742e+00;-2.640011e+00;6.639116e+00;1.176551e+00;5.450451e+00;-2.195149e+00;8.267051e+00;-6.114886e+00;9.757202e+00;-4.834630e-01;9.838519e+00;-3.267234e+00;1.020510e+01;2.476890e+00;1.335480e+01;-2.852128e+00;7.347744e+00;-3.495988e+00;1.054366e+01;9.196624e+00;1.318928e+01;-2.673764e-01;7.608299e+00;8.112340e+00;3.744610e-04;-2.375429e-05;4.470461e-07;4.117004e-08;2.140948e-06;1.960054e-07;3.269991e-06;-2.503604e-07;3.469269e-06;2.230181e-08;8.463536e-04;1.464827e-04;4.953381e-02;1.412230e-03;3.884135e-02;1.083217e-03;2.491353e-03;4.100732e-05;1.609628e-03;1.504157e-04;4.094637e-03;-1.105542e-04;1.225251e-02;-1.817163e-04;1.222678e-02;-7.303896e-04;1.677540e-02;3.346182e-04;3.366467e-02;9.179030e-04;3.215038e-02;-1.671082e-03;3.220377e-02;-8.983127e-04;3.312862e-02;3.121722e-05;3.153276e-02;9.909688e-04;4.710782e-02;-1.946268e-03;4.890578e-02;-9.120302e-04;7.102810e-02;1.387914e-02;6.021452e-02;4.875299e-03;5.493218e-02;-5.304755e-05;1.256002e-01;1.949124e-03;1.949871e-01;6.269868e-04;7.594143e-02;2.851822e-03;8.504984e-02;-1.354553e-03;7.113037e-02;-4.492482e-03;5.314351e-02;-1.580213e-03;8.184265e-02;3.414253e-03;1.952931e-01;1.248228e-03;1.382913e-01;3.133048e-03;1.114808e-01;3.873203e-03;9.444992e-02;1.676985e-03;7.278641e-02;2.291470e-03;1.433758e-01;2.490561e-03;3.334271e-02;3.761557e-03;1.155068e+01;1.191504e+00;1.727086e+01;1.033594e+00;5.233544e+01;2.311230e+00;1.011411e+02;6.818848e+00;6.766009e-02;-2.939780e-03;3.490465e+01;1.734797e+00;5.754855e-02;5.047958e-04;1.032666e+05;1.280129e+03;7.587179e-01;-3.353184e-02;2.179970e+01;-8.465872e-01;2.767676e-02;-2.810640e-04;2.438803e-02;1.410771e-03;7.366651e-02;3.891713e-03;1.334031e+00;3.957259e-02;1.304780e+00;-1.028076e-01;1.433521e+00;-5.708057e-02;1.222465e+00;1.991802e-01;1.487923e+00;-9.297295e-02;1.883685e+00;-2.217142e-01;2.619245e+00;-6.430355e-02;2.243673e+00;9.963167e-02;2.537942e+00;2.497206e-01;2.144518e+00;-2.132294e-02;2.040006e+00;-2.163372e-01;1.827491e+00;2.358534e-01;2.715982e+00;2.315454e-01;1.713649e+00;1.665929e-01
32.500000;2.278618e+01;8.108886e+01;1.940275e-02;7.440827e-01;2.189259e-01;1.085405e-01;1.013345e-01;7.776001e-02;9.927767e-02;1.524489e-01;1.634917e+00;5.312157e+00;2.932626e-01;2.194888e+00;1.951854e-01;1.051309e+00;7.549899e-03;1.149831e-01;1.432368e-02;3.405392e-02;1.456185e-02;1.290075e-01;2.860751e-02;2.685333e-01;4.357807e-02;4.164917e-01;4.897422e-02;5.734353e-01;7.282378e-02;6.921640e-01;2.136825e-01;7.586358e-01;1.380454e-01;8.730119e-01;1.520023e-01;1.028203e+00;1.174182e-01;1.006031e+00;1.993833e-01;1.133776e+00;1.798162e-01;1.207597e+00;3.406174e-01;1.330738e+00;2.725601e-01;1.349593e+00;2.313314e-01;1.341419e+00;2.714418e-01;1.373503e+00;3.260226e-01;1.354718e+00;2.681487e-01;1.473145e+00;3.159613e-01;1.478931e+00;3.595341e-01;1.540661e+00;4.190493e-01;1.503808e+00;5.513323e-01;1.466512e+00;7.172057e-01;1.316063e+00;7.306684e-01;1.192968e+00;6.331308e-01;1.036885e+00;4.147757e-01;8.086983e-01;4.215596e-01;6.795021e-01;5.816494e-01;2.487674e+00;1.780955e-01;3.447056e-01;6.628186e+01;2.147578e+02;3.820254e+01;3.504170e+02;9.542921e+01;5.506758e+02;3.794933e+02;9.814834e+02;2.351836e-01;1.055190e+00;1.485066e+02;4.999323e+02;2.176442e-01;3.859581e+00;8.894413e+05;6.095123e+05;2.129523e+00;6.898193e+00;6.884371e+01;1.195099e+02;8.307355e-02;-6.141430e-01;1.104736e-01;4.811074e-01;3.409261e-01;1.454472e+00;6.733667e+00;3.408556e+01;5.820208e+00;1.449754e+00;5.003790e+00;-8.052417e+00;7.192767e+00;3.413743e+00;5.377525e+00;4.177111e-01;6.165961e+00;-6.424677e+00;6.436973e+00;-6.066280e+00;7.378727e+00;-2.412400e+00;7.695117e+00;5.057198e+00;8.541257e+00;-8.869788e+00;6.962326e+00;-5.661859e+00;8.831182e+00;1.228706e+01;1.011370e+01;6.086492e+00;6.670903e+00;1.191874e+01;4.738816e-04;5.275436e-05;6.501521e-07;-3.314902e-08;6.618825e-06;-4.419755e-07;3.824296e-06;1.112689e-07;4.370499e-06;-9.762276e-08;5.178407e-05;-2.194558e-06;4.955546e-02;6.313966e-03;4.434443e-02;1.325331e-03;2.222782e-03;1.283932e-04;2.526863e-03;9.498614e-05;4.784943e-03;-1.041823e-04;9.674679e-03;1.628129e-04;1.101326e-02;2.897307e-04;1.184079e-02;-2.160398e-04;1.714508e-02;2.651814e-04;4.488315e-02;-8.599233e-04;3.933367e-02;4.227913e-04;3.325181e-02;-6.743299e-04;2.666287e-02;-9.592158e-04;7.064220e-02;1.745555e-03;6.551083e-02;3.288788e-03;8.217646e-02;9.443625e-04;4.984962e-02;-8.289172e-04;6.751408e-02;-7.924623e-04;4.817622e-02;3.903718e-03;7.357693e-02;7.083375e-03;5.914208e-02;4.452746e-03;8.670816e-02;2.480254e-03;8.726111e-02;1.787774e-03;9.462096e-02;4.996060e-03;1.315401e-01;3.913867e-03;1.720804e-01;3.060509e-03;1.702993e-01;1.577686e-03;1.473674e-01;-8.228936e-04;1.198841e-01;5.369335e-04;9.713032e-02;-1.195603e-03;1.476883e-01;8.427121e-03;4.950190e-02;6.642478e-03;1.571643e+01;1.406836e+00;1.203074e+01;1.205859e+00;2.832044e+01;3.057715e+00;1.003071e+02;4.952637e+00;8.561479e-02;3.928746e-03;2.902188e+01;2.100109e+00;6.300286e-02;1.805182e-03;2.046175e+05;4.655730e+02;5.669264e-01;-7.758684e-02;1.441820e+01;-2.477767e+00;2.364803e-02;-1.731282e-03;2.137964e-02;1.889826e-03;8.055167e-02;9.183102e-03;1.258828e+00;-9.766953e-03;1.492583e+00;-1.536170e-01;1.337536e+00;-6.695862e-03;1.328404e+00;-4.343650e-02;1.617549e+00;1.613715e-01;1.637601e+00;-2.952156e-03;1.994978e+00;-1.019215e-01;1.950353e+00;-9.457151e-02;2.013294e+00;-7.767239e-02;1.843003e+00;5.717532e-02;1.881881e+00;-5.659720e-02;2.056545e+00;-1.755060e-01;2.501432e+00;6.481615e-02;1.501248e+00;7.880611e-02
33.000000;1.818974e+01;9.313402e+01;2.153789e-02;7.381142e-01;2.226518e-01;1.798535e-01;1.208272e-01;1.141808e-01;1.015374e-01;1.780069e-01;1.750792e+00;4.431506e+00;2.166802e-01;2.293692e+00;1.724338e-01;1.033299e+00;1.127498e-02;1.171562e-01;1.420685e-02;3.394810e-02;2.458696e-02;1.300300e-01;4.967341e-02;2.919003e-01;6.836908e-02;4.440667e-01;5.091955e-02;5.557261e-01;6.972142e-02;6.710050e-01;1.816109e-01;8.085673e-01;1.308423e-01;8.936168e-01;8.656566e-02;8.912423e-01;1.385596e-01;9.196146e-01;2.359828e-01;1.094839e+00;1.916337e-01;1.179558e+00;2.987716e-01;1.231329e+00;2.067691e-01;1.125146e+00;2.036975e-01;1.198117e+00;2.420572e-01;1.338599e+00;3.112915e-01;1.433063e+00;2.933107e-01;1.467790e+00;3.577821e-01;1.526542e+00;3.649240e-01;1.534963e+00;4.029458e-01;1.543024e+00;5.218174e-01;1.505339e+00;6.613898e-01;1.396958e+00;6.238446e-01;1.196289e+00;5.029408e-01;9.916162e-01;3.146453e-01;8.367944e-01;3.576927e-01;6.600494e-01;6.105862e-01;2.575770e+00;1.822294e-01;4.164380e-01;6.070581e+01;2.474883e+02;5.801084e+01;3.587432e+02;1.175484e+02;5.641699e+02;3.707402e+02;1.038618e+03;2.275409e-01;1.157377e+00;1.449366e+02;5.225898e+02;2.083192e-01;3.894323e+00;866256;5.884736e+05;2.454502e+00;7.306067e+00;6.633096e+01;1.215816e+02;1.227015e-01;-6.446844e-01;1.073168e-01;5.008041e-01;3.178147e-01;1.564992e+00;5.384227e+00;3.124809e+01;7.247764e+00;3.124291e+00;4.635319e+00;-7.595084e+00;5.745779e+00;1.400920e+00;4.637877e+00;2.556791e+00;5.552395e+00;-7.033383e+00;5.652450e+00;-8.412006e+00;7.495072e+00;-7.649675e+00;8.521766e+00;5.194721e+00;9.185512e+00;-1.497416e+00;7.509880e+00;-8.278300e+00;1.037089e+01;1.749454e+00;8.026056e+00;3.032676e+00;5.209232e+00;1.223188e+01;6.065164e-04;3.217368e-05;6.653707e-07;-3.236192e-08;7.693241e-06;-7.500217e-07;4.193036e-06;7.033881e-08;4.801367e-06;6.546988e-08;5.586772e-05;-7.900730e-06;4.833804e-02;-1.933790e-03;4.031341e-02;-1.944733e-03;2.728568e-03;1.773632e-04;2.457063e-03;-2.292769e-04;6.783818e-03;2.070734e-04;1.145874e-02;5.309273e-04;1.676839e-02;7.721432e-04;1.261642e-02;-2.362935e-04;1.536923e-02;-7.598658e-04;4.579642e-02;3.428614e-03;3.490112e-02;9.431459e-04;2.533253e-02;2.153887e-04;3.310126e-02;-3.754655e-05;7.476571e-02;-3.448758e-04;6.695006e-02;-3.554133e-04;6.311988e-02;-1.169225e-02;3.651624e-02;-7.804617e-03;6.230250e-02;-3.721881e-03;6.832962e-02;5.602050e-04;9.149945e-02;-3.908300e-04;9.190740e-02;-7.246341e-03;9.974958e-02;-2.377895e-04;8.224634e-02;-8.678272e-04;9.922937e-02;-1.518286e-03;1.406373e-01;-5.073340e-03;1.729352e-01;-3.802812e-03;1.497066e-01;-3.353369e-03;1.224184e-01;-3.490748e-03;9.637711e-02;-3.934789e-03;7.765203e-02;-2.351691e-03;1.570656e-01;5.083109e-03;6.206930e-02;-4.245027e-03;1.868093e+01;-9.618164e-01;1.417312e+01;-8.900391e-01;3.287751e+01;-2.627051e+00;1.072218e+02;-8.584570e+00;8.522550e-02;4.486635e-03;3.007162e+01;-2.124176e+00;6.044903e-02;3.366793e-05;1.914996e+05;-2.456138e+03;5.465536e-01;1.845356e-02;1.449393e+01;1.097642e+00;3.042765e-02;-2.100972e-03;2.211223e-02;-1.662188e-03;9.744757e-02;-1.936958e-03;1.274000e+00;6.961212e-02;1.542595e+00;9.712315e-02;1.072612e+00;5.633168e-02;1.134330e+00;-1.473964e-01;1.701436e+00;-1.588668e-02;2.073742e+00;1.069512e-01;1.951141e+00;1.392071e-02;2.196763e+00;-7.227035e-02;2.139168e+00;1.652886e-02;2.254229e+00;1.704204e-01;1.818461e+00;1.071883e-01;2.107523e+00;-3.851668e-01;2.167130e+00;-2.894813e-01;1.765540e+00;-2.812891e-02
33.500000;1.167887e+01;8.590703e+01;1.430594e-02;7.315879e-01;1.235565e-01;1.487708e-01;1.082782e-01;1.472811e-01;9.128793e-02;1.638044e-01;1.113006e+00;3.543262e+00;2.290930e-01;2.043071e+00;2.298267e-01;9.892446e-01;1.467472e-02;1.160562e-01;1.635913e-02;2.971403e-02;2.284822e-02;1.284241e-01;5.521717e-02;2.814758e-01;8.060880e-02;4.326753e-01;3.558462e-02;5.419440e-01;6.452914e-02;6.498260e-01;1.177849e-01;8.103896e-01;9.581031e-02;8.755431e-01;1.035044e-01;9.031561e-01;1.635669e-01;9.413278e-01;1.730402e-01;9.705508e-01;1.281444e-01;1.068078e+00;1.421647e-01;1.146284e+00;2.017497e-01;1.091219e+00;3.061408e-01;1.199108e+00;2.940482e-01;1.251491e+00;3.708477e-01;1.361552e+00;4.361109e-01;1.400707e+00;5.372683e-01;1.462845e+00;4.235041e-01;1.456416e+00;3.815207e-01;1.396516e+00;6.021333e-01;1.361649e+00;7.753980e-01;1.310875e+00;7.215907e-01;1.169270e+00;7.155236e-01;1.030611e+00;4.423052e-01;8.154995e-01;3.830144e-01;6.629282e-01;5.668003e-01;2.375216e+00;1.805234e-01;2.525657e-01;5.202526e+01;2.269600e+02;6.331657e+01;3.313242e+02;1.186630e+02;5.337363e+02;5.323596e+02;9.186064e+02;2.350296e-01;1.154599e+00;1.665740e+02;4.641188e+02;2.017347e-01;3.873846e+00;9.906544e+05;4.549191e+05;2.520390e+00;7.723264e+00;8.486455e+01;1.722565e+02;1.619288e-01;-6.398897e-01;1.217967e-01;4.549761e-01;3.296772e-01;1.340012e+00;7.783326e+00;3.579132e+01;6.473024e+00;6.918040e+00;3.401442e+00;-7.557727e+00;3.956456e+00;-9.230151e-01;4.975616e+00;4.185847e-01;4.685245e+00;-4.645911e+00;5.517708e+00;-9.483469e+00;7.785531e+00;-5.980727e+00;7.399788e+00;1.137706e+01;6.535565e+00;1.368574e+00;8.021972e+00;-1.181807e+01;1.051619e+01;-1.123207e+01;5.800551e+00;-2.880120e-01;6.811056e+00;1.393033e+01;4.213457e-04;-1.520774e-05;5.080236e-07;2.845466e-09;4.573041e-06;6.291434e-08;4.026873e-06;1.133719e-08;4.098632e-06;2.281491e-08;3.985957e-05;5.225557e-07;4.970720e-02;-2.784460e-04;5.084841e-02;7.207325e-03;3.371536e-03;2.431652e-05;2.876779e-03;2.956664e-04;6.131371e-03;1.163976e-04;1.039339e-02;2.472820e-04;1.726129e-02;9.293809e-04;1.391323e-02;7.810288e-04;1.394181e-02;-1.342357e-03;3.125681e-02;2.375807e-03;2.376698e-02;-1.009477e-03;2.366505e-02;-5.341053e-04;4.316782e-02;2.227173e-03;5.386890e-02;-1.325943e-03;4.719970e-02;-2.537306e-03;4.522958e-02;-3.637346e-03;4.703198e-02;2.647244e-03;7.764038e-02;3.925697e-03;8.624814e-02;3.080518e-03;9.590878e-02;1.391431e-03;1.079568e-01;8.546201e-03;1.266629e-01;1.169313e-02;1.043162e-01;1.300134e-02;8.616746e-02;1.138563e-02;1.297276e-01;2.090045e-02;1.793908e-01;2.599904e-02;1.555157e-01;2.866109e-02;1.588548e-01;2.806688e-02;9.664077e-02;1.403345e-02;7.563603e-02;1.776783e-02;1.766254e-01;-6.000031e-04;4.320295e-02;-6.625138e-03;1.451038e+01;-7.034180e-01;1.299127e+01;-1.105371e+00;3.061506e+01;-1.981055e+00;1.895620e+02;4.019531e-01;7.556079e-02;-7.967320e-04;4.299343e+01;2.548862e+00;6.077890e-02;3.561632e-03;2.509390e+05;3.079022e+04;6.183394e-01;7.599646e-03;2.118442e+01;-3.565319e-01;3.685193e-02;4.426934e-05;3.077509e-02;1.454132e-03;9.024055e-02;-5.493475e-03;1.351877e+00;-1.673423e-01;1.267963e+00;3.470276e-01;1.131527e+00;-7.264324e-02;9.747582e-01;-4.432409e-03;1.431621e+00;-1.361270e-01;1.976671e+00;1.875935e-02;1.589038e+00;1.141563e-01;1.940265e+00;1.290302e-02;1.908217e+00;1.285198e-01;2.007531e+00;-5.528373e-02;1.641687e+00;-1.075162e-01;1.621359e+00;1.540960e-02;1.825022e+00;-1.565637e-01;1.937602e+00;2.761721e-03
34.000000;1.579821e+01;7.916670e+01;1.243003e-01;7.041528e-01;1.131532e-01;1.032931e-01;9.165458e-02;9.051675e-02;9.163404e-02;1.294246e-01;1.217931e+01;3.914472e-01;2.014007e-01;1.928180e+00;2.504959e-01;1.014903e+00;1.418251e-02;1.217262e-01;1.717701e-02;2.718443e-02;1.489507e-02;1.325607e-01;3.680311e-02;2.843715e-01;5.687449e-02;4.374650e-01;4.568049e-02;5.568581e-01;6.350782e-02;6.479264e-01;7.726620e-02;8.183261e-01;7.911947e-02;8.328601e-01;1.073289e-01;9.152792e-01;1.627752e-01;1.015313e+00;1.860591e-01;1.061615e+00;1.259086e-01;1.098622e+00;1.669716e-01;1.045761e+00;2.050733e-01;1.186986e+00;2.769940e-01;1.303570e+00;2.853391e-01;1.320922e+00;3.645879e-01;1.432400e+00;3.980814e-01;1.375496e+00;5.083426e-01;1.439011e+00;4.145289e-01;1.461169e+00;4.197321e-01;1.461533e+00;6.838477e-01;1.470638e+00;7.858799e-01;1.387062e+00;8.530856e-01;1.176848e+00;8.222309e-01;1.019558e+00;5.043055e-01;8.191871e-01;4.655083e-01;6.861383e-01;6.393168e-01;2.468329e+00;4.435311e-02;1.532070e-01;3.666101e+01;1.879131e+02;4.405492e+01;2.783525e+02;9.115655e+01;4.580830e+02;5.281597e+02;7.934268e+02;2.366525e-01;1.185427e+00;1.779521e+02;4.106333e+02;2.418684e-01;3.792194e+00;1.104890e+06;5.088588e+05;2.908144e+00;8.876621e+00;1.007244e+02;2.197863e+02;1.679190e-01;-7.012164e-01;1.303197e-01;4.056783e-01;3.779096e-01;1.375215e+00;7.272899e+00;3.759814e+01;6.203532e+00;1.170933e+01;5.026695e+00;-7.511509e+00;3.010193e+00;-9.956050e-01;5.403728e+00;9.491578e-01;4.294258e+00;-4.148405e+00;6.499542e+00;-5.707339e+00;5.246991e+00;-4.394443e+00;1.043039e+01;5.962142e+00;6.654689e+00;2.470519e+00;6.640928e+00;-1.043570e+01;8.051738e+00;-1.309873e+01;6.052223e+00;-6.090783e+00;8.656669e+00;9.200456e+00;2.610857e-04;-1.368682e-05;4.295865e-07;-9.661648e-09;2.477310e-06;-2.729497e-08;3.246416e-06;1.936866e-07;3.157672e-06;-1.449235e-07;5.970306e-04;1.416378e-06;5.081128e-02;1.428130e-03;5.526103e-02;2.181686e-03;3.471932e-03;1.222343e-04;3.015475e-03;3.653313e-05;4.293424e-03;-3.514501e-05;7.398912e-03;-3.686448e-04;1.166078e-02;-4.334841e-04;1.534536e-02;7.172215e-04;2.026220e-02;9.581101e-04;2.213071e-02;3.971354e-05;2.035541e-02;1.338635e-03;3.329818e-02;-1.379861e-03;4.349589e-02;2.878406e-03;4.595303e-02;3.385400e-03;3.705011e-02;8.996691e-04;3.637165e-02;-3.879073e-04;5.887032e-02;-1.679003e-04;8.081022e-02;2.305547e-03;8.414261e-02;-9.672334e-04;8.355898e-02;9.844627e-04;8.688857e-02;3.872372e-03;1.190474e-01;4.358955e-03;1.117839e-01;4.131199e-03;9.648175e-02;5.721638e-03;1.435243e-01;5.673067e-03;1.696199e-01;8.948337e-03;1.730322e-01;2.623763e-03;1.793491e-01;2.945963e-03;1.100729e-01;4.972094e-03;9.311670e-02;3.709469e-03;2.103730e-01;9.620981e-03;1.539045e-02;3.207867e-04;9.501488e+00;-7.177734e-02;9.444066e+00;-2.871094e-02;2.088099e+01;-8.613281e-02;1.840690e+02;-6.747071e-01;8.754054e-02;-1.274482e-03;4.339386e+01;-1.659585e-01;6.569783e-02;-1.312855e-03;2.743528e+05;2.865708e+01;6.258442e-01;3.314872e-02;2.353958e+01;9.609162e-01;4.036432e-02;-1.441363e-03;3.063131e-02;-1.333780e-04;1.006362e-01;8.944085e-03;1.225340e+00;-5.017969e-02;1.222723e+00;7.818204e-02;1.309031e+00;2.218149e-03;1.105927e+00;-8.281790e-02;1.372933e+00;-6.574788e-03;1.468396e+00;4.475131e-02;1.493333e+00;2.493062e-02;1.383217e+00;4.762246e-02;1.584704e+00;-2.510682e-01;1.654073e+00;1.235712e-01;1.701188e+00;6.070621e-02;1.569151e+00;1.504489e-01;1.430898e+00;-9.085143e-02;1.497538e+00;-1.755551e-01
34.500000;1.581800e+01;7.846312e+01;1.254352e-01;7.090548e-01;1.119918e-01;9.863512e-02;7.535218e-02;8.018339e-02;1.133925e-01;1.411452e-01;1.270080e+01;4.642555e-01;1.846756e-01;1.912804e+00;1.493791e-01;9.945894e-01;1.230896e-02;1.204370e-01;6.704840e-03;2.248551e-02;1.348388e-02;1.352152e-01;3.359355e-02;2.791430e-01;4.362092e-02;4.253505e-01;6.210408e-02;5.523573e-01;5.557340e-02;6.862403e-01;8.613379e-02;7.760861e-01;9.202781e-02;7.853647e-01;9.887112e-02;8.765693e-01;2.012744e-01;1.021552e+00;2.187335e-01;1.074751e+00;1.553510e-01;1.057825e+00;2.989985e-01;1.187526e+00;2.128975e-01;1.339580e+00;2.192278e-01;1.258179e+00;1.876058e-01;1.318343e+00;3.167461e-01;1.428780e+00;2.330955e-01;1.347015e+00;2.797502e-01;1.436308e+00;2.495810e-01;1.419488e+00;3.204825e-01;1.437625e+00;4.314041e-01;1.367575e+00;4.836947e-01;1.270935e+00;5.772863e-01;1.093320e+00;4.787109e-01;8.988902e-01;3.011959e-01;7.447339e-01;3.290894e-01;6.405725e-01;6.610754e-01;2.458729e+00;6.669223e-02;1.791620e-01;2.987180e+01;1.650879e+02;3.597470e+01;2.670117e+02;4.924470e+01;4.112842e+02;1.153718e+02;6.458525e+02;1.827309e-01;1.213789e+00;8.675479e+01;3.592332e+02;1.773261e-01;3.704954e+00;5.435168e+05;2.937028e+05;2.208794e+00;9.910752e+00;8.764320e+01;2.220752e+02;1.493434e-01;-6.852832e-01;6.562826e-02;3.632086e-01;4.416687e-01;1.410809e+00;4.684782e+00;3.641832e+01;5.511416e+00;1.136356e+01;4.904109e+00;-5.872624e+00;5.080958e+00;1.454694e+00;4.127305e+00;1.614261e+00;5.389025e+00;-4.656433e+00;6.929772e+00;-6.142259e+00;7.889099e+00;-2.962276e+00;9.707466e+00;-1.756652e+00;5.384112e+00;5.221104e+00;6.606774e+00;-6.883651e+00;7.481166e+00;-2.165962e+00;8.444006e+00;-3.924329e+00;5.010231e+00;3.942200e+00;2.321115e-04;7.692100e-06;4.113828e-07;-2.292050e-09;2.457697e-06;-1.398679e-07;1.895767e-06;2.006018e-07;4.433547e-06;2.735357e-07;6.286589e-04;-3.451114e-05;3.433558e-02;-7.426708e-03;3.036580e-02;-8.219278e-03;2.868626e-03;-1.975433e-04;1.404754e-03;-3.953137e-04;3.593548e-03;-1.302892e-04;7.569719e-03;-1.146402e-04;8.971227e-03;-5.265857e-04;1.442577e-02;-1.076120e-03;2.081479e-02;-8.214905e-04;2.363864e-02;-1.444872e-03;2.168206e-02;-1.038240e-03;3.191414e-02;-1.306603e-03;3.418617e-02;-3.544029e-03;4.114110e-02;-4.306460e-03;4.069765e-02;-1.253087e-03;5.125784e-02;4.716165e-03;6.066665e-02;-4.279190e-04;4.848544e-02;-4.209555e-03;5.904711e-02;-2.438956e-03;5.946663e-02;-5.634013e-03;6.267940e-02;-1.241477e-02;7.514413e-02;-1.359576e-02;7.130039e-02;-1.365886e-02;7.361342e-02;-1.374929e-02;8.620860e-02;-2.300308e-02;9.301271e-02;-2.472672e-02;1.034923e-01;-2.902176e-02;9.698907e-02;-2.846874e-02;7.179423e-02;-1.460988e-02;6.473197e-02;-1.689569e-02;1.943988e-01;-9.850636e-03;1.594079e-02;1.507377e-04;9.315184e+00;-6.316406e-01;1.028100e+01;-5.167969e-01;1.299306e+01;-1.464258e+00;3.329224e+01;-5.584277e+00;8.367749e-02;7.791206e-04;1.734679e+01;-4.780463e+00;5.340560e-02;-6.117751e-03;1.099100e+05;-3.155666e+04;6.324059e-01;1.386155e-02;2.179093e+01;9.838755e-01;3.579190e-02;1.373050e-03;1.298838e-02;-3.518901e-03;1.073366e-01;-2.802932e-03;7.616316e-01;2.241945e-01;9.622208e-01;-2.063811e-01;1.189661e+00;1.334899e-01;1.186741e+00;1.272790e-01;1.303335e+00;6.163085e-02;1.443887e+00;-1.017459e-01;1.428541e+00;-1.389414e-01;1.609490e+00;2.351609e-01;1.627244e+00;-2.958516e-02;1.629461e+00;-1.243862e-02;1.953269e+00;-5.323884e-02;1.569669e+00;2.572872e-02;1.546154e+00;1.687214e-01;1.098966e+00;1.203464e-02
35.000000;3.165777e+01;6.213456e+01;1.753517e-01;6.902828e-01;9.595495e-02;6.588510e-02;7.663970e-02;5.793888e-02;1.290320e-01;1.081560e-01;3.672140e+01;-1.430510e+01;1.996197e-01;1.859555e+00;1.917670e-01;1.038125e+00;9.173192e-03;1.102844e-01;1.899549e-02;2.976443e-02;1.681837e-02;1.282427e-01;3.041450e-02;2.588301e-01;3.701343e-02;3.995098e-01;6.091040e-02;5.394816e-01;5.792459e-02;6.934058e-01;7.978196e-02;7.954015e-01;1.031457e-01;8.055801e-01;7.936852e-02;8.556159e-01;2.103081e-01;9.746296e-01;2.041719e-01;9.829675e-01;2.077887e-01;1.045490e+00;2.676307e-01;1.282089e+00;2.741020e-01;1.334913e+00;2.905919e-01;1.273945e+00;2.232019e-01;1.389242e+00;3.393236e-01;1.365175e+00;4.105134e-01;1.462350e+00;3.797545e-01;1.518351e+00;2.760839e-01;1.524963e+00;3.761719e-01;1.525336e+00;5.529385e-01;1.495910e+00;5.547423e-01;1.366218e+00;7.011107e-01;1.329893e+00;6.222844e-01;1.110436e+00;3.310201e-01;8.206261e-01;3.357765e-01;7.126574e-01;5.418214e-01;2.219517e+00;7.802206e-02;1.535220e-01;3.493898e+01;1.662363e+02;4.140750e+01;2.899805e+02;4.989656e+01;4.402822e+02;1.041206e+02;6.253242e+02;2.090251e-01;1.114059e+00;1.348537e+02;4.017223e+02;2.030123e-01;3.748003e+00;9.860206e+05;5.559922e+05;2.770302e+00;9.329906e+00;9.229515e+01;1.872087e+02;1.087149e-01;-5.714348e-01;9.709620e-02;3.954710e-01;3.796548e-01;1.147175e+00;6.609149e+00;3.417043e+01;5.345669e+00;1.096531e+01;4.269578e+00;-3.932342e+00;5.165421e+00;3.997381e+00;4.079731e+00;-5.337621e-01;8.207109e+00;-1.110428e+01;6.736191e+00;-1.121208e+01;7.919258e+00;3.053583e+00;1.160353e+01;4.470616e+00;6.760561e+00;4.317232e+00;7.660746e+00;-7.054167e+00;4.531379e+00;2.070281e+00;6.627670e+00;1.826485e+00;5.516069e+00;5.763809e+00;1.281943e-04;1.231009e-05;5.781872e-07;7.258760e-08;2.184226e-06;2.595824e-07;1.554296e-06;-7.502298e-09;4.210695e-06;4.379627e-07;9.817607e-04;3.941260e-06;3.701296e-02;-4.719224e-03;3.921532e-02;-2.407594e-03;2.243763e-03;-3.942688e-04;3.795418e-03;6.046897e-06;5.570532e-03;1.713824e-05;7.736688e-03;-8.712596e-04;1.071158e-02;-9.248679e-04;1.569823e-02;-5.819345e-04;1.963333e-02;1.905836e-04;2.237341e-02;-1.065439e-03;2.287402e-02;-2.757400e-03;2.509530e-02;-8.610899e-05;4.893528e-02;-4.309033e-03;4.626466e-02;-2.570504e-03;6.071994e-02;-1.394756e-03;6.593675e-02;-2.862353e-03;7.149951e-02;-8.595983e-04;5.932702e-02;-2.095858e-03;5.822201e-02;-3.303638e-03;7.747747e-02;-6.721014e-03;1.050410e-01;-2.965248e-03;9.325713e-02;-6.560985e-03;7.369514e-02;-2.447922e-03;9.153317e-02;-3.621079e-03;1.227541e-01;-3.547579e-03;1.044406e-01;-5.224240e-03;1.465196e-01;-5.339250e-04;1.316389e-01;-2.041575e-03;7.349929e-02;-3.617429e-03;7.258259e-02;-1.841437e-03;1.634615e-01;-1.395465e-02;1.377131e-02;-1.408820e-03;1.096427e+01;-2.296875e-01;1.160273e+01;4.163086e-01;1.498487e+01;4.737305e-01;3.051035e+01;-7.034180e-01;7.968453e-02;4.527683e-04;2.697343e+01;2.700549e-01;5.970932e-02;-2.651287e-03;1.974195e+05;1.913791e+03;7.854706e-01;1.432523e-02;2.476861e+01;-8.423404e-01;2.969925e-02;4.450664e-03;1.965986e-02;2.077861e-04;8.668594e-02;-1.205502e-02;1.105900e+00;-6.054289e-02;1.021154e+00;3.698603e-02;9.766711e-01;-1.103464e-02;1.548574e+00;4.929518e-02;1.468996e+00;2.784929e-02;1.847808e+00;-2.432817e-01;1.926248e+00;-1.096580e-01;2.034689e+00;1.526726e-01;2.498676e+00;2.337170e-01;2.300534e+00;4.410855e-04;2.213730e+00;5.509585e-03;1.355764e+00;1.509522e-01;2.106425e+00;1.024215e-01;1.334120e+00;1.387804e-01
35.500000;2.902523e+01;5.389209e+01;1.785098e-01;7.006977e-01;1.744500e-01;6.307856e-02;9.693146e-02;3.615128e-02;1.186205e-01;1.153468e-01;3.751250e+01;-1.401619e+01;1.892224e-01;1.762815e+00;2.020927e-01;1.030502e+00;5.997775e-03;1.059754e-01;1.915633e-02;2.914588e-02;1.769861e-02;1.279112e-01;4.008976e-02;2.790037e-01;4.212710e-02;4.236712e-01;4.814036e-02;5.452936e-01;5.141351e-02;6.996738e-01;1.094376e-01;7.546062e-01;1.030282e-01;8.264114e-01;1.100103e-01;8.962224e-01;1.405637e-01;9.439555e-01;1.710483e-01;1.039393e+00;2.273239e-01;1.160742e+00;2.051477e-01;1.134509e+00;2.176986e-01;1.179535e+00;2.591301e-01;1.344669e+00;2.470568e-01;1.388877e+00;4.744945e-01;1.434159e+00;4.352965e-01;1.476263e+00;3.901380e-01;1.501108e+00;3.234409e-01;1.488269e+00;5.181519e-01;1.539531e+00;6.554419e-01;1.528464e+00;6.349233e-01;1.384161e+00;7.223440e-01;1.234515e+00;6.327582e-01;1.028065e+00;3.362861e-01;7.968206e-01;3.456061e-01;6.372099e-01;3.973677e-01;2.104175e+00;3.579250e-02;9.465220e-02;3.334550e+01;1.668105e+02;4.726940e+01;2.905547e+02;4.962592e+01;4.501875e+02;1.015567e+02;5.605811e+02;1.974978e-01;9.964765e-01;1.387989e+02;3.921577e+02;2.252039e-01;3.648607e+00;9.909926e+05;531889;3.219650e+00;1.068320e+01;1.191705e+02;2.446402e+02;7.699998e-02;-5.281331e-01;1.000172e-01;3.884580e-01;2.411107e-01;1.098643e+00;6.518102e+00;3.328205e+01;5.313890e+00;1.239609e+01;5.097363e+00;-8.417298e-01;5.865357e+00;3.229535e+00;5.149251e+00;4.961581e-01;5.816365e+00;-1.732964e+01;6.627162e+00;-1.290957e+01;7.716627e+00;2.743401e+00;9.477956e+00;7.128808e+00;7.338579e+00;6.123732e+00;7.325205e+00;-3.378743e+00;5.131521e+00;-5.237294e-01;6.384108e+00;1.804320e-02;5.124759e+00;5.651226e+00;3.379537e-04;1.135870e-05;5.457927e-07;4.255541e-08;3.767253e-06;-5.810770e-07;2.500137e-06;-2.324906e-07;2.540993e-06;1.634260e-07;1.092544e-03;-5.916402e-05;4.489494e-02;1.680514e-03;4.559426e-02;1.518214e-03;2.227222e-03;2.578231e-05;3.801074e-03;6.298820e-05;6.377045e-03;-9.512672e-05;7.706800e-03;-2.610257e-05;1.052306e-02;-5.610978e-05;1.604952e-02;6.890238e-04;1.791893e-02;1.466984e-03;2.041147e-02;-3.603270e-04;2.666755e-02;1.901633e-03;3.564515e-02;1.391026e-03;4.955094e-02;3.461901e-03;4.649125e-02;4.837065e-03;7.311650e-02;3.504666e-03;7.152409e-02;-1.610657e-03;7.165016e-02;-1.243953e-03;6.805666e-02;3.063888e-03;6.943395e-02;7.941993e-04;1.340017e-01;3.000474e-03;1.136004e-01;5.497882e-03;9.358075e-02;3.173201e-03;8.938324e-02;1.862007e-03;1.375377e-01;-2.324546e-03;1.622802e-01;-3.567480e-04;1.433173e-01;-4.593644e-04;1.446091e-01;2.936522e-03;1.267645e-01;3.873246e-03;7.600459e-02;2.985125e-03;6.800356e-02;1.567632e-03;1.459411e-01;4.473615e-03;9.565908e-03;-3.269796e-04;1.093539e+01;5.024414e-01;1.388383e+01;3.875977e-01;1.435403e+01;5.742188e-01;2.341938e+01;-8.326172e-01;7.836951e-02;-4.322248e-03;2.813747e+01;3.485707e-01;5.563260e-02;1.943115e-04;1.968225e+05;4.584700e+02;8.501311e-01;8.382051e-02;2.858344e+01;2.440905e+00;2.863840e-02;-3.463009e-04;2.071344e-02;4.290185e-04;6.851801e-02;3.953810e-04;1.291676e+00;-6.090018e-02;1.197082e+00;5.750227e-02;1.215168e+00;-7.371357e-02;1.738577e+00;-1.615798e-02;1.685291e+00;-7.180575e-02;1.995024e+00;5.376529e-02;2.187797e+00;5.489262e-02;2.257602e+00;-2.420315e-01;2.901508e+00;-6.626362e-02;2.434773e+00;2.206952e-03;2.254285e+00;1.885317e-01;1.664404e+00;-1.075883e-02;2.168454e+00;-1.107445e-01;1.581068e+00;-7.270705e-02
36.000000;2.656610e+01;6.614050e+01;1.783247e-01;7.016000e-01;1.762641e-01;7.261615e-02;1.131615e-01;5.996907e-02;9.502301e-02;1.474712e-01;2.495583e+01;-3.981134e+00;1.601103e-01;1.724644e+00;1.465223e-01;9.952734e-01;8.597582e-03;1.092813e-01;3.004449e-03;2.172966e-02;1.554370e-02;1.319462e-01;4.062851e-02;2.747045e-01;3.615606e-02;4.296659e-01;5.375956e-02;5.751150e-01;4.991129e-02;6.822667e-01;1.381373e-01;6.823663e-01;1.479220e-01;8.763750e-01;1.349224e-01;1.017228e+00;1.995235e-01;1.083147e+00;9.750871e-02;1.093439e+00;1.849407e-01;1.179543e+00;3.311161e-01;1.188323e+00;1.922708e-01;1.210608e+00;2.526999e-01;1.321695e+00;2.237025e-01;1.344870e+00;3.871615e-01;1.443422e+00;3.145979e-01;1.447848e+00;3.369265e-01;1.433705e+00;3.786773e-01;1.411361e+00;5.475867e-01;1.411373e+00;5.467453e-01;1.338571e+00;4.488481e-01;1.192957e+00;3.376652e-01;1.013438e+00;2.373258e-01;8.358877e-01;1.937553e-01;7.077947e-01;1.693860e-01;5.494580e-01;5.473302e-01;2.217035e+00;4.101385e-02;9.850274e-02;3.519257e+01;1.577666e+02;4.157117e+01;2.912725e+02;4.553626e+01;4.247783e+02;1.152217e+02;5.801045e+02;2.163988e-01;1.033114e+00;3.848504e+01;3.394445e+02;1.340224e-01;3.577116e+00;7.412127e+04;1.408287e+05;3.112593e+00;1.158998e+01;1.053761e+02;3.039467e+02;1.036227e-01;-5.668671e-01;3.435130e-02;3.516171e-01;2.444485e-01;1.100707e+00;4.771779e+00;3.750397e+01;4.605602e+00;9.514098e+00;6.688968e+00;-4.045795e+00;7.339166e+00;6.290001e+00;4.920043e+00;9.613177e-01;7.871990e+00;-1.155983e+01;8.764727e+00;-7.016200e+00;9.149228e+00;-6.151502e+00;9.067496e+00;-2.407268e-01;7.759136e+00;3.285840e+00;6.985580e+00;-3.081330e+00;5.812848e+00;-4.708859e-01;8.102683e+00;4.126246e+00;1.017987e+01;1.271343e+01;3.807166e-04;6.974741e-05;3.842263e-07;1.270864e-09;4.355270e-06;-5.368740e-07;3.369007e-06;-1.950981e-07;2.816661e-06;1.960161e-07;9.499376e-04;-4.388983e-06;4.084371e-02;5.473338e-03;3.436118e-02;4.019463e-03;2.751420e-03;2.576310e-04;8.653641e-04;4.938272e-05;5.246824e-03;-2.301823e-04;8.209952e-03;5.641555e-04;9.391227e-03;1.694659e-03;1.385956e-02;1.167415e-03;1.574760e-02;-9.763468e-04;2.888856e-02;1.801271e-03;3.660836e-02;1.903442e-03;3.844031e-02;2.031671e-03;3.929924e-02;8.510443e-03;3.029634e-02;2.400832e-03;5.644213e-02;1.742064e-03;8.426258e-02;9.898855e-04;5.833890e-02;6.103184e-03;7.375936e-02;6.533590e-03;8.255797e-02;7.511335e-04;1.147195e-01;2.673082e-03;6.462276e-02;9.752902e-03;6.114548e-02;1.285081e-02;8.655438e-02;4.175805e-03;1.256681e-01;5.199772e-03;1.329347e-01;6.078430e-03;1.208926e-01;6.214718e-03;9.330814e-02;8.939852e-03;6.475583e-02;5.818388e-03;5.377707e-02;4.283407e-03;4.347353e-02;3.531670e-03;1.592664e-01;1.349587e-02;1.194288e-02;1.734121e-03;1.043171e+01;6.172851e-01;1.243174e+01;-2.296875e-01;1.344318e+01;9.905273e-01;1.944981e+01;2.942871e+00;5.867889e-02;2.449158e-03;1.211787e+01;6.633966e-01;3.771576e-02;4.186658e-03;2.454830e+04;-7.360757e+02;9.027572e-01;-1.128041e-02;3.018529e+01;4.388190e-01;3.052648e-02;-3.081262e-03;1.065245e-02;5.953710e-04;7.234301e-02;5.212811e-03;1.061840e+00;4.813883e-02;1.227351e+00;-1.181868e-01;1.303313e+00;-6.591706e-02;1.577191e+00;3.303086e-02;1.383729e+00;3.628438e-02;1.699699e+00;2.358802e-01;1.814142e+00;9.301211e-02;2.206985e+00;-2.473169e-01;2.324818e+00;-1.604292e-01;1.844232e+00;-3.112834e-01;2.091471e+00;-9.751631e-02;1.654589e+00;7.025835e-02;2.133513e+00;2.808450e-02;1.691656e+00;-6.593461e-02
36.500000;3.946323e+01;6.416486e+01;2.197201e-01;6.569974e-01;1.020459e-01;5.042974e-02;1.089203e-01;5.427000e-02;9.245650e-02;9.994315e-02;3.461501e+01;-1.730648e+01;3.694682e-01;2.082724e+00;1.946814e-01;1.106791e+00;1.201859e-02;1.225345e-01;1.028173e-02;2.783951e-02;1.738681e-02;1.347922e-01;3.629356e-02;2.753899e-01;4.130064e-02;4.350100e-01;6.369755e-02;5.832440e-01;6.809787e-02;6.361083e-01;1.887519e-01;7.900777e-01;1.547184e-01;9.124468e-01;1.339354e-01;1.005283e+00;2.134831e-01;1.218104e+00;1.254294e-01;1.133326e+00;2.334183e-01;1.200346e+00;3.321963e-01;1.240538e+00;2.392822e-01;1.285951e+00;3.839161e-01;1.391058e+00;2.415105e-01;1.405412e+00;1.809951e-01;1.425080e+00;2.774990e-01;1.609325e+00;4.272660e-01;1.637628e+00;5.569895e-01;1.721930e+00;5.883662e-01;1.643021e+00;7.462516e-01;1.658108e+00;5.983575e-01;1.458080e+00;6.752467e-01;1.296545e+00;5.728480e-01;1.102731e+00;3.418521e-01;8.589298e-01;3.120946e-01;7.181066e-01;7.810583e-01;2.719213e+00;1.529509e-01;2.321464e-01;5.618768e+01;1.719785e+02;4.356690e+01;2.922773e+02;5.902804e+01;4.280801e+02;1.785848e+02;7.889766e+02;2.466175e-01;1.172863e+00;8.352225e+01;3.952611e+02;1.945123e-01;3.779525e+00;4.640464e+05;3.405692e+05;3.632849e+00;9.092834e+00;1.340070e+02;1.999443e+02;1.402218e-01;-7.063450e-01;6.507954e-02;3.935262e-01;3.591456e-01;1.287292e+00;7.071630e+00;3.558630e+01;5.942208e+00;6.877169e+00;3.865372e+00;-7.931278e+00;7.579729e+00;4.912291e+00;7.011299e+00;4.386165e+00;6.570941e+00;-3.476290e+00;6.954257e+00;-3.402677e+00;6.643597e+00;-1.001059e+01;6.912486e+00;-5.999289e+00;6.721439e+00;-4.388541e+00;5.598547e+00;-6.240061e+00;7.742609e+00;4.209969e+00;7.681802e+00;4.055402e+00;1.026680e+01;1.232015e+01;5.059600e-04;4.788202e-05;5.053275e-07;-2.403028e-08;2.665572e-06;3.124869e-07;2.848131e-06;1.595528e-07;2.438615e-06;1.803168e-07;1.389370e-03;9.077387e-05;3.996607e-02;6.162241e-03;4.285048e-02;1.831475e-05;2.811735e-03;2.154472e-04;1.830072e-03;1.209374e-05;4.392482e-03;-2.605017e-05;8.121626e-03;-1.136948e-05;9.824992e-03;-2.873222e-04;1.446971e-02;3.536962e-05;1.756481e-02;-2.294630e-04;3.461138e-02;6.578615e-04;4.325841e-02;-1.067303e-03;3.409657e-02;4.617388e-04;4.738635e-02;-5.330148e-04;3.158611e-02;1.448302e-03;5.216467e-02;-8.398714e-04;7.480928e-02;2.354690e-04;5.131106e-02;-1.374281e-03;8.572014e-02;-2.903144e-03;8.339392e-02;-1.802339e-03;5.772059e-02;1.419401e-03;5.700166e-02;-1.646528e-03;9.064464e-02;1.260562e-03;1.364558e-01;4.121670e-03;1.340981e-01;3.484818e-03;1.710299e-01;2.077217e-03;1.386257e-01;3.152265e-03;1.713306e-01;-2.385494e-03;1.381781e-01;-2.890787e-03;8.948288e-02;-9.130774e-04;7.714622e-02;-9.684356e-04;1.888045e-01;8.032436e-03;2.441336e-02;2.515440e-03;1.147005e+01;2.009766e-01;9.590603e+00;1.866211e-01;1.861919e+01;8.326172e-01;3.225123e+01;3.646289e+00;7.366606e-02;5.146552e-03;1.300961e+01;8.201720e-01;3.826733e-02;4.088190e-03;9.279216e+04;6.939377e+02;7.812015e-01;-5.949527e-02;2.344985e+01;-2.251259e+00;3.532134e-02;-2.183878e-03;1.016339e-02;6.564886e-04;7.899138e-02;4.920871e-03;1.362421e+00;-4.364854e-02;1.305050e+00;-6.279281e-02;1.038057e+00;-7.119556e-03;1.440026e+00;-1.529699e-01;1.078149e+00;1.610726e-01;1.719641e+00;1.403479e-01;1.643240e+00;-1.277020e-02;2.042191e+00;-9.512732e-03;1.922867e+00;-1.452164e-01;1.942812e+00;-1.210041e-02;1.854615e+00;-1.254112e-02;1.980753e+00;7.865660e-02;1.956718e+00;2.445084e-02;1.470437e+00;-3.518990e-03
37.000000;3.183938e+01;6.396531e+01;1.455581e-01;7.069448e-01;8.366479e-02;3.193744e-02;9.722361e-02;5.063024e-02;7.818689e-02;9.000537e-02;2.952989e+01;-8.531841e+00;2.861309e-01;2.201162e+00;2.103722e-01;1.047882e+00;9.939622e-03;1.266118e-01;1.085177e-02;2.711136e-02;3.380635e-02;1.321873e-01;3.276176e-02;2.810096e-01;4.605399e-02;4.272925e-01;6.053428e-02;5.592154e-01;1.206658e-01;6.801791e-01;1.357802e-01;8.595483e-01;1.474617e-01;8.486986e-01;1.137796e-01;8.542682e-01;2.783617e-01;1.023957e+00;2.233029e-01;1.058298e+00;2.664869e-01;1.084129e+00;1.873736e-01;1.166435e+00;2.370772e-01;1.185888e+00;3.761068e-01;1.340403e+00;2.405030e-01;1.320526e+00;3.896705e-01;1.421954e+00;3.125359e-01;1.509685e+00;3.982111e-01;1.570556e+00;5.348092e-01;1.655879e+00;5.385795e-01;1.604598e+00;7.287409e-01;1.545918e+00;5.946419e-01;1.370464e+00;6.721439e-01;1.221190e+00;5.833926e-01;1.031513e+00;3.371108e-01;8.060853e-01;3.376087e-01;6.850597e-01;7.858570e-01;3.118873e+00;1.533151e-01;2.415369e-01;6.046635e+01;1.969570e+02;4.832060e+01;2.942871e+02;6.085432e+01;4.435840e+02;2.036705e+02;7.683047e+02;2.101035e-01;1.215216e+00;8.214728e+01;4.111954e+02;2.247242e-01;3.755187e+00;4.594275e+05;3.649543e+05;3.341449e+00;9.281531e+00;1.100254e+02;1.810478e+02;1.208214e-01;-7.496305e-01;6.665397e-02;4.089471e-01;3.123005e-01;1.410665e+00;5.896050e+00;3.232912e+01;6.090196e+00;7.752805e+00;5.362015e+00;-3.995445e+00;5.617964e+00;-2.318187e+00;7.858685e+00;3.934098e+00;6.920407e+00;-3.960567e+00;6.760149e+00;-9.433186e+00;5.745807e+00;-8.521524e+00;7.953714e+00;-6.421126e+00;7.569996e+00;-5.428446e+00;5.669925e+00;-2.815150e+00;7.484507e+00;5.317216e+00;3.911265e+00;-7.945160e-01;4.600480e+00;3.385690e+00;4.716286e-04;-1.214704e-05;5.267701e-07;2.409226e-09;1.442947e-06;2.264814e-07;1.894007e-06;1.196989e-07;2.055149e-06;2.387977e-07;1.144926e-03;2.347866e-06;4.172524e-02;-6.036361e-03;3.981316e-02;-4.925116e-03;3.085851e-03;-1.254443e-04;1.857050e-03;-1.172839e-04;6.425413e-03;6.733932e-04;1.000719e-02;-2.898723e-05;8.267973e-03;-1.408663e-03;1.523547e-02;-1.220808e-03;2.293443e-02;-1.886364e-03;3.120067e-02;-3.820983e-03;3.902765e-02;1.771358e-04;2.976977e-02;-1.437827e-03;4.331601e-02;-9.732694e-03;4.315900e-02;4.092671e-04;5.490366e-02;-9.037007e-04;5.251894e-02;2.297505e-03;4.690745e-02;-5.131676e-03;8.027436e-02;-8.043908e-03;6.415441e-02;-2.856050e-03;9.914787e-02;-4.236908e-03;6.885730e-02;-1.144981e-02;8.566934e-02;-1.420342e-02;1.287141e-01;-9.269713e-03;1.282780e-01;-1.038033e-02;1.593423e-01;-1.021117e-02;1.276253e-01;-8.967112e-03;1.606388e-01;-9.685615e-03;1.318082e-01;-6.189909e-03;8.460926e-02;-5.636033e-03;8.182749e-02;-4.908632e-03;2.134189e-01;-1.631459e-02;2.607581e-02;-1.185493e-03;1.193749e+01;-1.449902e+00;1.166830e+01;-6.316406e-01;1.646602e+01;-2.698828e+00;3.227735e+01;-3.502734e+00;7.491835e-02;-4.392965e-03;1.346063e+01;-1.839918e+00;3.721468e-02;-4.833199e-03;9.598753e+04;-1.352145e+03;6.440228e-01;-2.886371e-03;1.914304e+01;8.441799e-01;3.883898e-02;1.429047e-03;1.083445e-02;-1.755837e-03;8.898022e-02;-6.845910e-03;1.437175e+00;6.824948e-02;1.223370e+00;5.690064e-02;1.109466e+00;4.374075e-02;1.490734e+00;1.767690e-02;1.324460e+00;5.104068e-02;1.537936e+00;-3.695529e-02;1.629386e+00;1.157288e-02;1.767647e+00;4.489507e-02;1.917490e+00;1.576324e-01;2.015560e+00;1.900830e-01;1.532001e+00;9.722178e-02;2.105502e+00;-1.333739e-01;1.495132e+00;-3.619301e-02;1.453917e+00;1.982200e-02
37.500000;4.277864e+00;6.169856e+01;1.794936e-02;7.555457e-01;5.483744e-02;2.735661e-02;6.973457e-02;4.721805e-02;7.558840e-02;1.235851e-01;1.592535e+00;6.575458e+00;2.212391e-01;1.865730e+00;1.276252e-01;9.558955e-01;9.811807e-03;1.180709e-01;6.010127e-03;2.130260e-02;3.250614e-02;1.337579e-01;2.863608e-02;2.606180e-01;3.763129e-02;3.947466e-01;5.715216e-02;5.645241e-01;1.281403e-01;6.910709e-01;1.315614e-01;7.645304e-01;1.954070e-01;8.805930e-01;1.696834e-01;9.143529e-01;1.526537e-01;8.723465e-01;1.933003e-01;9.771671e-01;2.043121e-01;1.065813e+00;2.127691e-01;1.161423e+00;2.126692e-01;1.144692e+00;2.125756e-01;1.267380e+00;2.659049e-01;1.354951e+00;3.695917e-01;1.337103e+00;2.514266e-01;1.340089e+00;2.198867e-01;1.341089e+00;2.167676e-01;1.314886e+00;3.628170e-01;1.391970e+00;4.087073e-01;1.292248e+00;3.821674e-01;1.185090e+00;4.118592e-01;1.035885e+00;3.150319e-01;8.525793e-01;2.185710e-01;7.113185e-01;2.948056e-01;6.030550e-01;8.952829e-01;2.640749e+00;6.582491e-02;1.157268e-01;6.189371e+01;1.655186e+02;4.443151e+01;2.868223e+02;6.805930e+01;4.267881e+02;1.228106e+02;6.151318e+02;2.113911e-01;1.100103e+00;5.681693e+01;3.463151e+02;1.753434e-01;3.536425e+00;1.135818e+05;1.588290e+05;3.269553e+00;1.024413e+01;1.054638e+02;2.560380e+02;1.168084e-01;-6.571962e-01;5.490508e-02;3.573820e-01;2.731204e-01;1.254460e+00;5.168056e+00;3.632326e+01;4.663394e+00;8.647298e+00;5.510412e+00;-2.195236e+00;5.419882e+00;-1.704307e+00;5.420323e+00;-4.440652e-01;5.574146e+00;-6.270262e+00;7.567440e+00;-6.458344e+00;8.249815e+00;-3.406977e+00;8.271415e+00;-3.486206e+00;7.862028e+00;-6.011730e-01;5.071405e+00;-1.836930e+00;9.542200e+00;-1.165302e+00;4.576552e+00;4.983116e-01;9.441123e+00;1.005260e+01;1.161028e-04;1.418447e-05;4.330959e-07;1.550882e-08;7.835098e-07;2.585768e-08;2.271943e-06;2.469645e-08;2.625806e-06;1.128560e-07;4.304019e-05;4.663219e-06;3.429836e-02;-6.026391e-03;2.252315e-02;1.755835e-04;3.063011e-03;-2.945677e-04;2.051121e-03;3.054925e-04;6.235114e-03;-1.439845e-04;9.724711e-03;-4.053097e-04;8.775936e-03;-5.848990e-04;1.419485e-02;-7.614368e-05;2.476668e-02;-5.977234e-04;2.259684e-02;6.112087e-05;3.708836e-02;-3.803687e-04;2.911830e-02;-8.435691e-04;3.753676e-02;-2.099309e-03;5.140752e-02;-4.048426e-03;4.706338e-02;1.732312e-03;5.951385e-02;-1.541038e-03;6.659278e-02;2.999872e-03;6.070487e-02;1.406993e-03;6.604481e-02;-1.086427e-03;8.986387e-02;1.114248e-03;6.624145e-02;1.929013e-03;4.761659e-02;5.574575e-04;4.913022e-02;-2.208461e-03;7.693505e-02;-3.424019e-05;7.626207e-02;2.034671e-03;6.411258e-02;2.122961e-03;1.077114e-01;1.822535e-03;8.106253e-02;1.118502e-03;6.081796e-02;1.578729e-03;7.575299e-02;1.366649e-04;1.982801e-01;-1.100998e-02;1.542743e-02;-2.368195e-03;1.294020e+01;2.296875e-01;1.261695e+01;1.722656e-01;2.026673e+01;-1.119727e+00;2.429347e+01;-1.679590e+00;6.521253e-02;-7.402105e-03;1.105657e+01;-3.048099e-01;4.149682e-02;-4.398480e-03;4.203684e+04;1.437017e+03;7.580363e-01;8.048836e-03;2.779642e+01;6.542290e-01;3.516369e-02;3.377664e-03;1.048412e-02;-2.595688e-04;9.410630e-02;-2.717572e-03;1.008896e+00;1.261701e-02;1.291682e+00;3.339421e-02;1.572749e+00;2.982954e-02;1.484471e+00;8.049453e-02;1.669287e+00;-1.212777e-01;1.395385e+00;-1.559635e-01;1.718290e+00;7.382499e-02;1.859422e+00;8.237799e-02;1.965314e+00;1.594488e-01;1.531428e+00;1.004846e-01;1.366714e+00;-8.798795e-02;2.048887e+00;-8.777897e-02;1.567655e+00;2.627963e-02;1.763079e+00;7.939585e-02
38.000000;1.417848e+01;7.115437e+01;1.440148e-02;7.591616e-01;1.090395e-01;9.128763e-02;1.260593e-01;1.039479e-01;8.308280e-02;1.598865e-01;1.657538e+00;6.338772e+00;2.755605e-01;1.976127e+00;2.055941e-01;1.072561e+00;1.134247e-02;1.065908e-01;1.665013e-02;3.213152e-02;2.373251e-02;1.278235e-01;2.568275e-02;2.578396e-01;4.950560e-02;4.092271e-01;6.468653e-02;5.522658e-01;1.074050e-01;6.294438e-01;1.681942e-01;7.911492e-01;1.747938e-01;9.206032e-01;1.261261e-01;9.691019e-01;1.117478e-01;9.324960e-01;2.415092e-01;1.159172e+00;1.534130e-01;1.204827e+00;1.946335e-01;1.219970e+00;2.521226e-01;1.367590e+00;1.954115e-01;1.374284e+00;2.368392e-01;1.413057e+00;3.120265e-01;1.426741e+00;2.978972e-01;1.487814e+00;4.481001e-01;1.540535e+00;5.777241e-01;1.587507e+00;5.575847e-01;1.620439e+00;5.691901e-01;1.595300e+00;5.216301e-01;1.418851e+00;7.212968e-01;1.232482e+00;6.297750e-01;1.075291e+00;3.567468e-01;8.673995e-01;4.293236e-01;7.053823e-01;6.128512e-01;2.071545e+00;1.139803e-01;1.908236e-01;7.858305e+01;1.848984e+02;6.948328e+01;3.165381e+02;1.058612e+02;4.823438e+02;2.630212e+02;8.174004e+02;1.867829e-01;9.753285e-01;1.718621e+02;4.537728e+02;3.455478e-01;3.737146e+00;9.888761e+05;6.155281e+05;2.740732e+00;7.607449e+00;1.222433e+02;1.627038e+02;1.192520e-01;-5.362394e-01;1.279421e-01;4.358210e-01;2.585099e-01;1.183272e+00;9.008481e+00;3.156314e+01;5.374245e+00;8.003156e+00;4.516503e+00;-5.328330e+00;4.546888e+00;-3.496610e-01;6.960839e+00;4.000554e+00;6.095694e+00;-8.193667e+00;7.852732e+00;-5.647444e+00;6.846318e+00;3.221317e+00;6.539133e+00;-5.711240e-01;6.674868e+00;1.776598e+00;5.108270e+00;-4.269776e+00;8.436919e+00;-6.744889e+00;6.015171e+00;-1.287267e+00;1.116757e+01;8.726439e+00;3.476474e-04;2.183492e-05;4.471473e-07;-3.157287e-08;2.858577e-06;2.003410e-07;3.957000e-06;7.564265e-08;3.377308e-06;-1.259407e-07;4.424763e-05;-1.225038e-06;4.781827e-02;5.370285e-03;4.055065e-02;1.585316e-03;2.781586e-03;-1.246581e-04;2.619033e-03;1.392038e-04;7.314589e-03;-4.050921e-04;9.082234e-03;7.395511e-05;1.493105e-02;-3.688030e-04;1.743410e-02;-6.323256e-04;2.369261e-02;2.439042e-03;4.638249e-02;5.143795e-03;4.219177e-02;1.352274e-03;2.670025e-02;-4.775328e-04;3.308594e-02;1.387912e-03;5.951049e-02;-6.385570e-04;4.579973e-02;3.767566e-05;5.320746e-02;-1.714656e-03;7.324595e-02;1.999165e-03;6.347164e-02;2.359441e-03;7.100460e-02;3.431249e-03;8.183586e-02;7.332386e-03;7.165446e-02;6.785721e-03;8.111336e-02;2.635384e-03;1.170011e-01;3.499837e-03;1.072523e-01;2.531896e-03;9.279174e-02;2.999280e-04;9.327244e-02;-4.775432e-04;1.522245e-01;1.580074e-03;1.264333e-01;1.147509e-03;8.350132e-02;1.752167e-04;9.598672e-02;1.720273e-03;1.974354e-01;1.994675e-03;2.269096e-02;2.300376e-03;2.186841e+01;1.464258e+00;1.870849e+01;1.909277e+00;3.115930e+01;2.885449e+00;6.554468e+01;4.909570e+00;7.198468e-02;-2.195735e-03;3.208430e+01;2.358413e+00;8.675810e-02;6.057427e-03;1.877042e+05;1.399474e+03;6.036955e-01;-2.818932e-02;2.367661e+01;-1.905958e+00;3.145655e-02;1.309577e-03;2.425517e-02;2.230976e-03;9.650020e-02;3.202385e-03;1.031930e+00;-1.074375e-01;1.326142e+00;-7.017068e-02;1.456749e+00;-3.552670e-02;1.545928e+00;-4.936347e-02;1.926424e+00;-1.116923e-01;1.576435e+00;-1.428029e-02;1.727490e+00;-3.980208e-02;2.157899e+00;1.430892e-01;1.924185e+00;3.005278e-02;1.689200e+00;1.530508e-01;1.945616e+00;4.451347e-02;2.133639e+00;-1.303891e-01;1.900573e+00;-4.207987e-02;1.776644e+00;-9.050941e-02
38.500000;1.337719e+01;8.609603e+01;1.877858e-02;7.451627e-01;1.381981e-01;1.170976e-01;1.469055e-01;1.362480e-01;1.003103e-01;1.860695e-01;1.569763e+00;5.056001e+00;2.147090e-01;2.097651e+00;2.112688e-01;1.043582e+00;1.340149e-02;1.026613e-01;1.608650e-02;3.476946e-02;3.500183e-02;1.322663e-01;6.389774e-02;2.873566e-01;7.745688e-02;4.398336e-01;6.690244e-02;5.411103e-01;9.187449e-02;6.467354e-01;1.569092e-01;8.414758e-01;1.156946e-01;8.757238e-01;1.078561e-01;9.188552e-01;1.145397e-01;9.811347e-01;2.593071e-01;1.132866e+00;1.602754e-01;1.123829e+00;1.836796e-01;1.140257e+00;3.157720e-01;1.289295e+00;2.328628e-01;1.267967e+00;2.047652e-01;1.287251e+00;3.497986e-01;1.437642e+00;4.507558e-01;1.536307e+00;5.752009e-01;1.594944e+00;6.580470e-01;1.621852e+00;5.879228e-01;1.523267e+00;5.995998e-01;1.475060e+00;5.592405e-01;1.331812e+00;6.432813e-01;1.198361e+00;5.985515e-01;1.029162e+00;3.528798e-01;8.049037e-01;3.746139e-01;6.738724e-01;5.447568e-01;2.027750e+00;1.217395e-01;2.463937e-01;9.853532e+01;2.341377e+02;1.047925e+02;3.653467e+02;1.176942e+02;5.446465e+02;3.239230e+02;9.486094e+02;2.429375e-01;9.749377e-01;1.672693e+02;5.239828e+02;3.158110e-01;3.885927e+00;9.699637e+05;6.820066e+05;3.000050e+00;7.567228e+00;1.240539e+02;1.410820e+02;1.382795e-01;-4.996011e-01;1.254380e-01;4.949782e-01;2.781353e-01;1.149044e+00;7.417536e+00;2.836880e+01;6.842459e+00;6.809767e+00;4.106009e+00;-5.452776e+00;7.175289e+00;-4.058706e+00;7.782411e+00;4.120077e+00;9.072983e+00;-6.137150e+00;7.179238e+00;-7.760997e+00;7.732224e+00;2.691365e+00;7.234460e+00;3.601337e+00;9.454690e+00;5.586742e+00;6.593172e+00;-6.565895e+00;5.486315e+00;-6.672552e+00;5.885510e+00;-6.495016e+00;6.150899e+00;-6.053321e-01;4.774698e-04;8.109272e-06;7.031029e-07;3.909761e-09;4.265567e-06;-7.159745e-08;4.755803e-06;-1.842631e-07;3.536874e-06;2.350526e-07;5.992681e-05;-2.412506e-06;5.321356e-02;1.526878e-03;4.151310e-02;-4.390636e-04;3.611877e-03;2.042479e-04;2.137187e-03;-3.837238e-04;9.315317e-03;3.312762e-04;1.272011e-02;9.041445e-04;1.947493e-02;1.188396e-03;1.882762e-02;2.911920e-04;2.210140e-02;4.215566e-04;5.852688e-02;4.991831e-04;4.426855e-02;2.070010e-03;3.128225e-02;2.632798e-03;3.548176e-02;3.682886e-03;5.552568e-02;8.299394e-04;4.627908e-02;-2.777998e-03;4.889043e-02;4.285674e-04;6.005648e-02;6.623607e-04;6.823259e-02;2.719735e-03;6.018906e-02;2.047243e-03;8.445551e-02;-3.958641e-03;1.037901e-01;-5.178986e-03;1.231968e-01;-3.483693e-03;1.502908e-01;-3.881002e-03;1.108604e-01;-1.867799e-03;1.154479e-01;-3.441681e-03;1.340422e-01;-4.437419e-03;1.281793e-01;-6.094595e-05;1.129512e-01;1.774156e-04;7.574480e-02;-3.048627e-03;8.069883e-02;1.834444e-03;2.200959e-01;5.102677e-03;3.050743e-02;1.699693e-04;2.841114e+01;-4.306641e-01;2.557716e+01;-4.163086e-01;3.128108e+01;1.464258e+00;1.104400e+02;-3.158203e-01;7.592653e-02;4.537832e-03;3.750055e+01;-2.029357e-01;1.097980e-01;2.987884e-03;1.929903e+05;-2.214286e+03;6.450902e-01;2.570599e-02;2.008842e+01;1.033126e+00;3.708657e-02;-2.091371e-03;2.823519e-02;-1.168357e-04;1.161293e-01;2.414385e-04;1.186498e+00;7.220295e-02;1.328350e+00;-2.066890e-02;1.250835e+00;-4.115079e-02;2.076265e+00;-6.626061e-03;2.001325e+00;-3.355394e-02;2.519889e+00;1.134086e-01;1.839881e+00;2.623357e-02;2.587998e+00;1.065629e-01;1.802433e+00;-2.581267e-02;2.203535e+00;-7.476076e-02;2.262387e+00;-2.711133e-02;2.071895e+00;8.468072e-02;1.781736e+00;-1.987511e-01;1.619418e+00;-1.286779e-01
39.000000;2.800838e+01;8.409925e+01;1.993310e-02;7.310207e-01;1.625180e-01;1.281514e-01;1.566058e-01;1.237659e-01;1.419584e-01;1.658541e-01;1.506467e+01;1.317570e+00;1.988323e-01;2.019169e+00;2.133096e-01;1.026006e+00;1.698779e-02;1.154856e-01;2.129159e-02;3.194508e-02;2.933537e-02;1.364258e-01;6.057767e-02;3.022157e-01;7.472251e-02;4.434661e-01;6.358822e-02;5.424110e-01;6.104278e-02;6.631724e-01;1.153783e-01;8.005952e-01;1.000177e-01;8.690794e-01;1.146959e-01;9.105487e-01;1.224911e-01;1.012286e+00;1.788843e-01;1.039958e+00;1.527171e-01;1.098942e+00;1.934544e-01;1.127059e+00;2.773027e-01;1.160094e+00;2.454548e-01;1.254461e+00;2.221607e-01;1.360942e+00;3.469379e-01;1.431609e+00;4.615862e-01;1.460817e+00;5.097123e-01;1.522916e+00;5.045385e-01;1.526679e+00;4.021862e-01;1.405473e+00;4.661858e-01;1.346560e+00;6.077895e-01;1.308992e+00;8.332857e-01;1.283618e+00;9.099638e-01;1.107655e+00;6.704348e-01;8.510081e-01;4.495401e-01;7.091637e-01;6.495541e-01;2.282469e+00;1.031256e-01;2.073082e-01;9.195246e+01;2.014072e+02;1.103322e+02;3.209883e+02;1.076077e+02;5.378994e+02;5.627233e+02;8.903262e+02;2.575555e-01;1.087463e+00;1.933530e+02;4.665549e+02;2.898320e-01;3.785722e+00;1.096065e+06;5.894504e+05;3.307245e+00;8.307102e+00;1.240398e+02;1.954131e+02;1.888224e-01;-6.350986e-01;1.436478e-01;4.490477e-01;4.470352e-01;1.394626e+00;8.540010e+00;3.439138e+01;7.062375e+00;6.750307e+00;4.932313e+00;-4.374476e+00;7.181201e+00;-3.273743e+00;5.592859e+00;9.785212e-01;7.565305e+00;-2.151000e+00;5.558164e+00;-2.679818e+00;8.009436e+00;1.674530e-01;6.309639e+00;4.778260e+00;8.230253e+00;7.766336e+00;6.069211e+00;-5.915320e+00;6.647001e+00;-7.777301e+00;9.230626e+00;-1.637204e+01;3.948501e+00;-7.511873e-01;7.352437e-04;8.615885e-05;7.372346e-07;-3.246657e-08;4.164005e-06;5.555700e-08;4.915321e-06;7.718371e-08;3.441598e-06;-6.537252e-09;6.264833e-04;-2.677063e-05;4.230905e-02;8.130900e-04;4.209449e-02;2.695529e-03;3.352285e-03;2.020551e-04;4.009100e-03;5.064248e-05;7.040418e-03;-1.040661e-04;1.174575e-02;3.438238e-04;1.638318e-02;1.009964e-03;1.514334e-02;1.462785e-05;1.616933e-02;-3.045934e-04;3.829581e-02;-3.644932e-03;3.238207e-02;-2.495523e-03;3.222299e-02;4.246159e-05;3.467377e-02;8.087481e-04;4.204040e-02;-9.776632e-04;4.050514e-02;6.902354e-04;5.132955e-02;2.215592e-03;6.422146e-02;1.424534e-03;5.973054e-02;3.368687e-03;4.333518e-02;1.744382e-03;8.055058e-02;1.389870e-03;1.019158e-01;3.048649e-04;1.188088e-01;4.821226e-03;1.287303e-01;4.645115e-03;8.506858e-02;7.465224e-03;1.118674e-01;8.571864e-03;1.496454e-01;8.684603e-03;1.909219e-01;9.068612e-03;2.087358e-01;8.916044e-03;1.481338e-01;6.627028e-03;1.047247e-01;5.453015e-03;1.892983e-01;-7.818896e-04;2.411462e-02;-1.220141e-03;2.187643e+01;-7.034180e-01;2.214885e+01;-2.182031e+00;2.278907e+01;-1.952344e+00;1.846266e+02;-3.100781e+00;7.522134e-02;4.157326e-03;4.298374e+01;-5.043955e-01;8.711001e-02;-2.784520e-03;2.362270e+05;7.155689e+03;7.853354e-01;6.097703e-03;2.348052e+01;-4.450223e-01;3.731677e-02;-2.031885e-03;3.135135e-02;-7.586397e-04;1.260663e-01;3.831262e-03;1.489350e+00;-5.415459e-02;1.600362e+00;1.195500e-01;1.610790e+00;-5.524086e-04;1.841321e+00;9.422652e-02;1.608987e+00;2.430729e-02;2.360246e+00;1.220808e-02;1.621048e+00;1.088121e-01;2.572159e+00;-1.147435e-01;1.585324e+00;-4.554453e-02;2.084200e+00;-1.630717e-01;1.867629e+00;-6.774182e-02;1.822672e+00;-5.653028e-02;1.455097e+00;-2.217351e-01;1.407350e+00;1.287696e-02
39.500000;3.312077e+01;7.031923e+01;7.278236e-02;7.128906e-01;1.540582e-01;1.416685e-01;1.613116e-01;1.350508e-01;1.625552e-01;1.676130e-01;2.486483e+01;-6.551523e+00;2.232940e-01;1.892559e+00;2.053831e-01;1.016371e+00;1.330384e-02;1.167291e-01;2.139195e-02;2.797934e-02;1.208471e-02;1.283134e-01;3.097929e-02;2.836402e-01;3.870856e-02;4.350376e-01;4.063248e-02;5.395604e-01;6.152603e-02;6.554016e-01;1.321472e-01;7.612584e-01;8.801068e-02;8.365754e-01;8.706884e-02;8.951340e-01;1.150926e-01;9.791099e-01;1.770604e-01;1.006003e+00;1.477684e-01;1.090458e+00;1.676306e-01;1.204764e+00;2.461528e-01;1.208080e+00;2.111804e-01;1.297569e+00;1.966322e-01;1.387867e+00;3.138734e-01;1.402995e+00;3.025517e-01;1.382234e+00;3.340583e-01;1.449157e+00;3.531006e-01;1.526058e+00;2.888050e-01;1.458667e+00;3.474731e-01;1.357470e+00;5.160149e-01;1.282033e+00;8.597781e-01;1.229548e+00;9.204049e-01;1.097160e+00;6.671838e-01;8.481829e-01;4.667560e-01;6.833721e-01;6.881804e-01;2.106071e+00;6.665875e-02;1.538836e-01;2.440050e+01;1.646572e+02;4.116266e+01;2.499287e+02;1.134776e+02;4.369805e+02;5.155715e+02;7.505039e+02;1.835176e-01;1.156596e+00;1.770423e+02;3.918320e+02;2.942041e-01;3.598897e+00;1.103383e+06;5.377606e+05;3.269217e+00;9.468434e+00;1.164172e+02;2.296896e+02;1.599093e-01;-6.424032e-01;1.280578e-01;3.831700e-01;4.750170e-01;1.373888e+00;7.373886e+00;3.549176e+01;5.330013e+00;8.311632e+00;5.126192e+00;-2.621027e+00;4.032326e+00;1.335916e+00;5.033873e+00;2.776450e+00;4.077168e+00;-3.163461e+00;4.945665e+00;-1.284971e+00;7.481097e+00;1.095039e+00;5.969806e+00;1.438641e+00;6.902757e+00;9.872819e-01;5.160515e+00;-5.079845e+00;7.389696e+00;-1.418234e+01;6.154427e+00;-2.065933e+01;5.809978e+00;3.460369e+00;7.133050e-04;9.038784e-05;5.275544e-07;-3.494883e-09;3.298107e-06;6.273888e-07;4.634151e-06;-2.353508e-07;3.484098e-06;-3.381033e-07;1.019410e-03;2.580482e-07;3.749847e-02;-1.778735e-03;4.085364e-02;3.250392e-06;2.906739e-03;-6.999244e-05;3.853376e-03;-4.031231e-06;3.812702e-03;-6.805370e-05;9.534444e-03;-8.360939e-04;1.223176e-02;-8.072396e-04;1.123132e-02;-4.079425e-04;1.449145e-02;2.788498e-05;2.693918e-02;1.747117e-04;1.920659e-02;-6.521384e-04;3.037207e-02;-2.884899e-03;3.632742e-02;-4.749083e-03;3.778610e-02;2.251914e-03;3.381920e-02;2.267910e-03;4.448099e-02;1.092427e-03;6.741654e-02;-2.304466e-03;5.463640e-02;-3.331775e-03;5.682372e-02;1.821810e-05;7.969591e-02;-1.065326e-03;6.609683e-02;2.497913e-03;7.525484e-02;3.832516e-03;8.981731e-02;3.881654e-03;6.484237e-02;1.887197e-03;6.908654e-02;1.367588e-03;1.086497e-01;6.705357e-04;1.919524e-01;-1.424244e-03;2.099161e-01;-4.668846e-05;1.480355e-01;4.353401e-04;1.085222e-01;-1.743353e-03;1.443337e-01;-3.081182e-03;1.331468e-02;-3.145959e-05;8.807569e+00;-3.445312e-01;1.249368e+01;-6.029297e-01;2.000823e+01;-1.406836e+00;1.622590e+02;-4.737305e-01;7.768673e-02;1.304264e-03;3.843259e+01;-5.284917e-01;6.631435e-02;-3.526287e-03;2.322405e+05;-2.722957e+02;8.145065e-01;-4.597685e-03;3.167163e+01;1.395579e-01;3.530121e-02;6.893098e-04;2.780121e-02;-5.345285e-04;1.226640e-01;-8.667607e-04;1.323377e+00;-1.895729e-02;1.450848e+00;6.848953e-03;1.474808e+00;7.764156e-02;1.169183e+00;4.776781e-03;1.359563e+00;5.555621e-02;1.276920e+00;-1.698223e-02;1.461330e+00;-9.385148e-02;1.969802e+00;-3.479904e-02;1.710053e+00;7.071521e-02;1.593956e+00;1.547051e-02;1.705570e+00;8.685187e-02;1.620872e+00;-2.596399e-01;1.838961e+00;-7.730935e-02;1.779427e+00;5.389210e-02
40.000000;2.732602e+01;6.702233e+01;1.239188e-01;7.004746e-01;1.274369e-01;1.140713e-01;1.310762e-01;1.163128e-01;1.351078e-01;1.791601e-01;2.805060e+01;-9.000464e+00;1.386652e-01;1.775331e+00;9.609157e-02;9.535216e-01;1.190221e-02;1.119628e-01;3.066928e-03;1.886369e-02;1.182330e-02;1.296397e-01;3.206346e-02;2.713714e-01;3.831110e-02;4.202758e-01;8.409818e-02;5.849400e-01;1.131217e-01;6.979868e-01;1.308867e-01;7.324164e-01;9.557962e-02;8.043860e-01;1.109359e-01;8.825974e-01;1.738561e-01;1.045270e+00;1.863885e-01;1.028662e+00;1.324539e-01;1.057985e+00;1.432617e-01;1.182492e+00;2.504296e-01;1.220177e+00;1.436773e-01;1.235264e+00;1.620617e-01;1.298908e+00;1.837593e-01;1.344702e+00;2.005602e-01;1.324396e+00;2.474893e-01;1.424888e+00;1.795121e-01;1.429988e+00;1.939859e-01;1.367492e+00;2.140804e-01;1.245934e+00;2.750385e-01;1.136940e+00;2.275673e-01;9.444634e-01;2.049538e-01;7.855151e-01;1.400743e-01;6.614404e-01;1.605008e-01;5.334328e-01;7.310301e-01;2.092520e+00;4.569199e-02;1.279245e-01;2.680132e+01;1.705430e+02;4.808782e+01;2.559580e+02;6.134339e+01;3.617578e+02;6.785506e+01;5.851289e+02;1.824911e-01;1.152939e+00;3.502369e+01;3.232831e+02;1.733691e-01;3.472487e+00;1.001272e+05;1.312413e+05;2.445105e+00;1.050745e+01;1.078324e+02;2.802848e+02;1.381653e-01;-5.926039e-01;3.351965e-02;3.333715e-01;3.744403e-01;1.235631e+00;3.905070e+00;3.701723e+01;3.720659e+00;6.521866e+00;3.193666e+00;5.202505e-02;3.781926e+00;9.621537e-01;4.722225e+00;4.271190e+00;5.344385e+00;-4.325271e+00;6.763492e+00;-6.678401e+00;7.446410e+00;-4.728871e-01;7.036650e+00;-1.354215e+00;3.745937e+00;-3.611825e+00;6.461366e+00;-3.147402e+00;9.750407e+00;-1.104103e+01;5.720248e+00;-1.491491e+01;5.335247e+00;7.199508e+00;3.947964e-04;1.159899e-05;5.047721e-07;-5.770828e-09;2.884158e-06;2.386473e-07;3.391626e-06;-2.730212e-07;3.448359e-06;-2.808190e-07;1.106327e-03;-2.156131e-05;3.323723e-02;-4.527641e-03;2.218378e-02;-2.082068e-03;3.821298e-03;-6.955881e-05;7.964632e-04;-1.335349e-04;4.457704e-03;-3.255494e-05;1.270615e-02;2.447944e-04;1.539618e-02;-6.957421e-05;1.641214e-02;-2.286531e-04;1.990522e-02;-1.233500e-03;2.733008e-02;1.167996e-03;2.474119e-02;1.578100e-03;3.823328e-02;-1.331688e-04;3.546217e-02;-1.684900e-04;3.249809e-02;-1.301078e-03;3.231044e-02;-2.737525e-03;3.889029e-02;-2.423361e-03;6.712522e-02;-1.888865e-03;4.773278e-02;-3.151805e-03;6.170523e-02;-6.006465e-04;6.144970e-02;-2.913610e-03;5.197359e-02;-3.276862e-03;6.291801e-02;-2.012563e-03;5.371097e-02;-2.445520e-03;6.118504e-02;-2.180341e-03;6.845371e-02;-2.430563e-04;6.192268e-02;-5.436861e-03;5.910346e-02;-8.875431e-03;5.018735e-02;-8.584721e-03;4.121983e-02;-2.565650e-03;4.619670e-02;-4.620806e-03;1.829843e-01;-2.381938e-03;1.082364e-02;-1.105830e-03;9.877261e+00;2.440430e-01;1.620195e+01;2.871094e-02;1.856430e+01;-9.043945e-01;2.622654e+01;-1.449902e+00;7.463892e-02;-1.420324e-03;1.194263e+01;-1.483394e+00;6.140518e-02;-4.343953e-03;3.336087e+04;-8.633148e+03;8.145050e-01;2.499316e-02;3.855442e+01;2.529360e+00;4.581287e-02;5.087822e-04;1.094357e-02;-1.077082e-03;1.375245e-01;-1.361039e-03;6.737388e-01;1.273630e-01;9.640234e-01;-7.841165e-02;1.064318e+00;1.322011e-01;1.142865e+00;-9.323720e-02;1.402683e+00;5.064110e-02;1.378060e+00;4.264741e-02;1.708218e+00;-1.307484e-01;1.682377e+00;7.935826e-02;1.797899e+00;-1.433366e-01;1.510844e+00;-4.687499e-02;1.573331e+00;1.679938e-02;2.039785e+00;4.351771e-02;1.781431e+00;1.651460e-01;2.003761e+00;-4.452600e-02
40.500000;2.612324e+01;6.872202e+01;1.595536e-01;6.931971e-01;2.504976e-01;1.637894e-01;1.212915e-01;9.704489e-02;1.147511e-01;1.487019e-01;2.471147e+01;-6.420694e+00;2.020047e-01;1.847857e+00;2.022456e-01;1.039597e+00;1.240606e-02;1.154000e-01;1.487333e-02;2.597002e-02;1.435205e-02;1.306412e-01;3.302626e-02;2.740502e-01;4.651064e-02;4.278463e-01;8.991846e-02;5.829196e-01;1.081226e-01;7.131624e-01;9.681807e-02;7.126716e-01;9.567482e-02;8.125514e-01;1.466028e-01;8.981324e-01;2.014359e-01;1.074753e+00;1.927974e-01;1.099463e+00;1.696936e-01;1.106858e+00;1.239463e-01;1.171642e+00;2.515601e-01;1.250780e+00;2.090667e-01;1.272606e+00;1.800297e-01;1.333818e+00;3.349052e-01;1.381930e+00;3.645291e-01;1.481592e+00;2.919591e-01;1.511353e+00;3.056551e-01;1.454345e+00;3.992117e-01;1.439782e+00;5.628657e-01;1.417732e+00;6.126660e-01;1.370417e+00;8.846937e-01;1.358838e+00;8.337974e-01;1.167596e+00;3.213911e-01;8.248824e-01;4.533156e-01;7.591540e-01;7.276314e-01;2.296931e+00;6.910686e-02;1.612360e-01;2.791613e+01;1.762852e+02;4.342167e+01;2.660068e+02;7.170783e+01;3.764004e+02;3.466516e+02;6.491543e+02;2.218360e-01;1.178332e+00;1.174133e+02;3.690042e+02;2.364288e-01;3.542613e+00;8.172254e+05;4.288266e+05;3.810592e+00;9.760794e+00;1.593020e+02;2.437459e+02;1.453569e-01;-6.326197e-01;8.175825e-02;3.664061e-01;3.463442e-01;1.308549e+00;6.477250e+00;3.607335e+01;7.496446e+00;8.513523e+00;4.904508e+00;-2.774090e+00;7.509016e+00;2.813094e+00;5.232354e+00;3.862981e+00;6.188342e+00;-1.632637e+00;6.851904e+00;-7.640916e+00;9.753743e+00;-7.912066e+00;6.865431e+00;-2.698591e+00;5.755662e+00;-7.767651e+00;6.008306e+00;1.159052e-01;7.729291e+00;-1.896742e+00;4.548767e+00;-1.270853e+01;6.718095e+00;8.435740e+00;3.943760e-04;-2.268806e-05;4.814164e-07;-1.898850e-08;5.902852e-06;-7.682909e-08;2.958137e-06;-3.598035e-07;3.814254e-06;-1.909840e-07;9.865477e-04;-2.494223e-05;4.681071e-02;-2.743334e-03;4.926101e-02;-2.303719e-03;4.225585e-03;1.135372e-04;2.607493e-03;-9.952138e-06;5.374908e-03;7.173433e-05;1.394849e-02;6.373412e-04;1.689754e-02;1.091200e-03;1.769164e-02;1.651517e-04;2.065834e-02;-3.495596e-04;1.538144e-02;-2.349609e-03;2.500571e-02;-4.203567e-04;3.821594e-02;9.403481e-04;3.243667e-02;-3.264682e-03;3.426160e-02;-6.054082e-03;4.389166e-02;-2.634281e-03;3.947188e-02;-6.815906e-04;7.836474e-02;-2.077173e-03;5.522573e-02;-2.639591e-03;5.361670e-02;-2.997055e-03;1.078285e-01;-2.063569e-03;8.735687e-02;-2.769091e-03;7.942760e-02;-7.385084e-03;7.403459e-02;-7.013046e-03;9.951955e-02;-4.590074e-03;1.422464e-01;-4.113716e-03;1.419224e-01;-4.431864e-03;2.218399e-01;-2.271887e-03;2.015861e-01;-2.727818e-03;8.562617e-02;-5.316037e-04;1.081366e-01;-1.436738e-03;1.985483e-01;7.531902e-03;1.395442e-02;-6.673351e-04;1.099740e+01;3.588867e-01;1.675609e+01;1.291992e-01;2.188597e+01;-1.062305e+00;1.158984e+02;-2.454785e+00;7.141721e-02;-2.437212e-03;2.918885e+01;-6.209499e-01;7.371783e-02;-4.130899e-03;1.861032e+05;-3.360240e+02;8.904535e-01;1.193376e-01;4.061515e+01;5.304221e+00;5.204383e-02;-1.634766e-03;2.103785e-02;-5.695143e-04;1.359874e-01;3.283471e-03;1.378112e+00;1.349735e-02;1.343025e+00;1.176430e-01;1.109076e+00;-3.209123e-02;1.189036e+00;1.824808e-01;1.603938e+00;-4.741632e-02;1.445404e+00;-7.819884e-02;1.918605e+00;-7.669450e-03;1.708328e+00;-1.448486e-01;1.911360e+00;-4.323711e-03;1.694785e+00;-1.379232e-01;1.738493e+00;-1.217063e-01;2.164094e+00;4.222519e-02;1.472512e+00;1.781622e-01;2.037490e+00;1.280373e-01
41.000000;2.048369e+01;6.374247e+01;1.630002e-01;7.063423e-01;2.528264e-01;1.430362e-01;1.261740e-01;9.956331e-02;1.171345e-01;1.463880e-01;1.853005e+01;-2.230130e+00;3.039353e-01;1.648360e+00;2.191298e-01;1.000747e+00;1.607239e-02;1.063675e-01;1.456087e-02;2.711388e-02;3.005739e-02;1.289309e-01;4.332709e-02;2.662360e-01;4.961147e-02;4.220304e-01;4.168953e-02;5.413247e-01;6.487896e-02;6.841305e-01;1.420632e-01;7.692026e-01;1.132300e-01;8.224053e-01;1.434924e-01;9.116513e-01;2.128415e-01;9.087767e-01;1.937697e-01;9.881546e-01;1.820072e-01;1.035315e+00;1.873502e-01;1.064438e+00;2.120793e-01;1.150486e+00;2.512650e-01;1.216721e+00;3.302299e-01;1.236320e+00;5.723622e-01;1.393116e+00;4.013980e-01;1.468601e+00;3.252516e-01;1.402791e+00;3.500901e-01;1.388916e+00;4.039992e-01;1.454714e+00;5.529469e-01;1.448543e+00;6.007432e-01;1.338024e+00;9.075541e-01;1.305844e+00;8.554633e-01;1.126754e+00;3.373115e-01;8.089885e-01;4.663509e-01;7.370099e-01;5.139416e-01;1.996576e+00;9.354936e-02;1.036040e-01;3.883387e+01;1.810225e+02;3.342575e+01;2.624180e+02;6.810667e+01;3.666387e+02;3.568069e+02;6.134092e+02;2.732155e-01;1.089386e+00;1.213610e+02;3.578251e+02;2.632675e-01;3.484804e+00;8.111695e+05;4.476590e+05;5.429709e+00;1.341271e+01;2.408688e+02;3.616675e+02;1.626693e-01;-5.432276e-01;8.580677e-02;3.569256e-01;3.701704e-01;1.054635e+00;5.748748e+00;3.490211e+01;7.372589e+00;1.482862e+01;5.442862e+00;-3.861363e+00;8.825782e+00;3.994662e+00;7.446452e+00;-1.569455e+00;8.652466e+00;-4.607727e+00;7.049316e+00;-5.934164e+00;9.917337e+00;-9.855295e+00;6.360480e+00;-1.033475e+00;9.743184e+00;-4.163948e+00;6.911467e+00;-3.720858e+00;8.290348e+00;-2.459760e+00;5.219379e+00;-1.007185e+01;7.187527e+00;8.011711e+00;3.057153e-04;-2.666698e-05;4.828605e-07;2.912222e-08;5.753246e-06;6.205509e-08;2.577481e-06;-7.418500e-07;3.987089e-06;1.075380e-07;7.455962e-04;4.956366e-05;4.816590e-02;-3.904877e-03;5.220884e-02;7.582812e-04;3.703489e-03;-7.416078e-05;2.689359e-03;1.227009e-04;7.700173e-03;8.812326e-04;1.338845e-02;3.776575e-04;1.394436e-02;1.068781e-04;1.268560e-02;8.301951e-04;1.636208e-02;1.175526e-03;2.392458e-02;-1.615890e-03;2.875353e-02;-9.687082e-04;3.671376e-02;2.704007e-03;3.045202e-02;-8.432008e-04;4.053623e-02;1.327384e-03;4.417874e-02;1.768344e-03;3.899498e-02;-9.733060e-04;6.690581e-02;-9.300169e-04;6.496770e-02;-1.164842e-04;8.132406e-02;-4.347034e-04;1.814716e-01;-1.125630e-03;1.056218e-01;3.656571e-03;8.445141e-02;2.273519e-03;8.550441e-02;8.974144e-04;1.046360e-01;-3.150463e-03;1.409273e-01;-4.102664e-03;1.445086e-01;3.161513e-03;2.230786e-01;6.176843e-03;2.038512e-01;4.782511e-03;8.717620e-02;5.432970e-04;1.113330e-01;3.313494e-03;1.382978e-01;-8.813931e-04;1.305841e-02;-9.502469e-04;1.092054e+01;-7.177734e-01;8.775349e+00;-2.153320e-01;2.166808e+01;-2.153320e-01;1.148532e+02;-1.349414e+00;7.808289e-02;8.963594e-04;2.873245e+01;-3.451146e-01;7.541560e-02;7.452390e-04;1.868680e+05;2.423372e+03;9.368957e-01;4.959913e-02;4.845290e+01;-3.099221e-01;4.113129e-02;6.454133e-04;2.054161e-02;-4.188651e-04;9.907278e-02;-8.339909e-03;1.363642e+00;-3.595694e-02;1.482399e+00;2.182194e-01;1.566281e+00;-7.430471e-02;1.417173e+00;8.672354e-02;1.746198e+00;-1.524332e-01;1.617166e+00;3.341621e-02;2.208258e+00;1.168119e-01;2.208929e+00;-2.100608e-01;2.018765e+00;1.593816e-01;2.176436e+00;8.198923e-02;2.223994e+00;-6.689401e-02;2.028438e+00;1.774817e-01;1.771421e+00;-1.473413e-02;2.063107e+00;1.716953e-01
41.500000;2.396325e+01;6.458302e+01;1.076913e-01;7.344396e-01;1.689166e-01;9.448652e-02;1.769582e-01;1.126155e-01;9.403088e-02;1.402734e-01;2.367422e+01;-1.083736e+00;2.807367e-01;1.511087e+00;2.218050e-01;1.027654e+00;1.619520e-02;1.044871e-01;4.973481e-03;1.985891e-02;3.557188e-02;1.370962e-01;4.387449e-02;2.641188e-01;4.379205e-02;4.098088e-01;8.055328e-02;5.683631e-01;5.268994e-02;7.065126e-01;1.108031e-01;8.253084e-01;1.070694e-01;8.389815e-01;1.282331e-01;9.646403e-01;4.096930e-01;1.025818e+00;1.396998e-01;1.012803e+00;2.006836e-01;1.109482e+00;4.174474e-01;1.185694e+00;3.666475e-01;1.316821e+00;4.315717e-01;1.316586e+00;4.448150e-01;1.363927e+00;5.015283e-01;1.493080e+00;4.526165e-01;1.567123e+00;4.788478e-01;1.538174e+00;3.940524e-01;1.508441e+00;4.236775e-01;1.539501e+00;4.900758e-01;1.476979e+00;3.704988e-01;1.258928e+00;3.924253e-01;1.052153e+00;3.664213e-01;8.905131e-01;2.565064e-01;7.562955e-01;2.456193e-01;5.918573e-01;9.314061e-01;2.128245e+00;3.572335e-02;5.010704e-02;6.040821e+01;1.658057e+02;5.767684e+01;2.549531e+02;4.644521e+01;3.614707e+02;6.373101e+01;4.885166e+02;3.046045e-01;1.098396e+00;5.196448e+01;2.975464e+02;1.829830e-01;3.427893e+00;9.215428e+04;1.352711e+05;3.463658e+00;1.548787e+01;1.808824e+02;4.789465e+02;1.694814e-01;-5.245969e-01;5.288575e-02;3.119447e-01;4.505291e-01;8.810253e-01;3.623909e+00;3.716928e+01;5.389819e+00;1.615371e+01;4.395671e+00;-1.160773e+00;6.081830e+00;1.380710e+00;3.990952e+00;-5.618391e+00;8.521437e+00;-5.439418e+00;5.685700e+00;-7.136037e+00;7.589158e+00;-1.044676e+01;6.039197e+00;3.863035e+00;8.340511e+00;4.311737e+00;6.130198e+00;-5.025732e+00;8.943939e+00;-8.455293e-01;8.346106e+00;-1.561060e+00;5.680655e+00;6.871800e+00;3.153427e-04;7.245069e-05;6.070882e-07;-1.251935e-08;4.688979e-06;-8.658675e-07;5.221693e-06;-2.901903e-07;3.103328e-06;4.613321e-08;7.841976e-04;2.344238e-05;3.762911e-02;6.611698e-03;3.527531e-02;5.357613e-03;2.907741e-03;6.818470e-05;1.230292e-03;1.108591e-05;7.235206e-03;-2.189276e-04;1.082414e-02;2.379286e-05;1.031892e-02;-3.233363e-04;1.626987e-02;7.742858e-04;1.588248e-02;6.035687e-04;2.456174e-02;2.858100e-03;2.608709e-02;2.060082e-03;3.371008e-02;9.687502e-04;5.353597e-02;1.247084e-02;3.117380e-02;6.042468e-03;3.991072e-02;1.582109e-03;5.820301e-02;6.418350e-03;5.159168e-02;7.546062e-03;6.875859e-02;1.012947e-02;8.182809e-02;6.727532e-03;1.563082e-01;8.309804e-03;1.000437e-01;9.219429e-03;8.605540e-02;1.192066e-02;7.195970e-02;1.066201e-02;8.855277e-02;8.953984e-03;1.009376e-01;9.342545e-03;8.373796e-02;8.157759e-03;8.962963e-02;5.529925e-03;8.303918e-02;5.078067e-03;6.380909e-02;2.159453e-03;6.174378e-02;2.301194e-03;1.523893e-01;1.133071e-02;5.445404e-03;1.020551e-03;1.319845e+01;1.435547e-01;9.049139e+00;8.900391e-01;1.157620e+01;9.331055e-01;1.228463e+01;2.440430e+00;7.257769e-02;8.129115e-03;9.160540e+00;1.105809e+00;4.725267e-02;6.317944e-03;2.816976e+04;6.236279e+02;7.496076e-01;-1.280711e-01;4.515512e+01;-6.090136e+00;2.991204e-02;-5.380599e-04;8.996135e-03;1.049601e-03;8.158349e-02;3.253026e-03;7.511456e-01;-5.109810e-02;1.086377e+00;-1.352405e-01;1.485015e+00;4.014976e-02;1.263574e+00;-1.944964e-01;1.432003e+00;-1.377630e-03;1.545063e+00;2.280990e-02;1.784781e+00;2.382329e-02;2.105478e+00;2.139721e-02;1.525290e+00;-1.075983e-02;2.174097e+00;1.221890e-02;2.086349e+00;4.075161e-02;1.867770e+00;2.669357e-01;1.688851e+00;1.908245e-01;1.568172e+00;-1.556213e-01
42.000000;2.560305e+01;6.878200e+01;2.541651e-02;7.341487e-01;1.627749e-01;8.274043e-02;1.700842e-01;8.264887e-02;1.009006e-01;1.471822e-01;2.191633e+01;-1.112034e+00;3.780393e-01;1.850028e+00;2.207539e-01;1.106707e+00;1.420974e-02;1.193744e-01;1.253206e-02;2.373772e-02;2.410503e-02;1.395821e-01;2.956599e-02;2.834888e-01;3.508031e-02;4.292410e-01;8.277586e-02;5.750685e-01;6.379516e-02;6.796203e-01;9.352583e-02;8.135698e-01;1.073480e-01;8.909751e-01;1.207111e-01;9.992480e-01;3.871452e-01;1.129725e+00;1.467075e-01;1.134143e+00;1.653987e-01;1.228172e+00;4.175904e-01;1.309678e+00;3.679797e-01;1.393160e+00;3.995590e-01;1.442130e+00;3.148204e-01;1.488918e+00;2.462971e-01;1.498902e+00;4.139898e-01;1.596438e+00;4.266060e-01;1.642693e+00;3.884464e-01;1.674403e+00;4.314738e-01;1.649135e+00;5.302340e-01;1.543079e+00;5.233575e-01;1.393912e+00;6.246459e-01;1.230870e+00;5.748039e-01;1.070401e+00;3.596443e-01;8.413499e-01;3.675846e-01;6.964887e-01;1.008486e+00;2.689611e+00;5.355700e-02;9.662296e-02;5.299074e+01;1.548955e+02;5.984698e+01;2.583984e+02;5.686288e+01;3.832910e+02;1.098343e+02;5.592891e+02;2.776380e-01;1.274104e+00;1.139187e+02;3.408102e+02;2.430865e-01;3.614256e+00;6.444218e+05;3.661601e+05;3.593709e+00;1.195643e+01;1.864525e+02;3.217863e+02;1.683414e-01;-6.755003e-01;9.058057e-02;3.426943e-01;4.891427e-01;1.121944e+00;6.062822e+00;3.471268e+01;6.524541e+00;1.330281e+01;3.883962e+00;-7.723951e-01;3.240150e+00;-2.802606e-01;4.907195e+00;-3.359649e+00;6.239204e+00;-1.475923e+00;5.178290e+00;-6.504692e+00;6.653801e+00;-8.846667e+00;6.108132e+00;5.133630e+00;9.537780e+00;2.217825e-01;6.276669e+00;-2.898464e+00;6.251481e+00;1.497902e+00;9.231516e+00;1.654521e+00;4.904139e+00;5.249117e+00;3.726061e-04;4.167162e-05;5.541942e-07;5.013402e-09;4.639545e-06;-9.373904e-07;5.281309e-06;4.379787e-08;2.715042e-06;-1.316369e-07;7.163577e-04;-5.395673e-07;4.267899e-02;4.372126e-03;3.967441e-02;-2.453560e-03;2.727628e-03;5.364916e-05;2.533542e-03;-6.966492e-05;4.644253e-03;-8.512050e-04;8.072029e-03;-9.389808e-04;8.911517e-03;-4.288117e-04;1.685705e-02;-6.513929e-04;1.686054e-02;-8.161432e-04;2.011895e-02;1.883613e-03;2.282064e-02;5.505120e-04;3.087438e-02;-6.192937e-03;6.314564e-02;-4.536616e-03;4.851390e-02;1.255811e-03;5.423966e-02;1.169970e-03;7.058173e-02;-2.594225e-03;5.984884e-02;-2.422270e-04;6.142138e-02;6.888142e-04;5.063505e-02;-1.186425e-03;5.793127e-02;1.210333e-03;7.931030e-02;-5.763537e-03;8.209062e-02;-6.663911e-03;8.961029e-02;-3.632776e-03;9.482374e-02;-2.731749e-03;1.120671e-01;-3.540921e-03;1.210906e-01;-5.321641e-03;1.415568e-01;-8.506627e-03;1.335440e-01;-6.721919e-03;8.995696e-02;-3.947482e-03;8.786032e-02;-5.282071e-03;1.820503e-01;8.180438e-03;1.001690e-02;1.372555e-03;1.279499e+01;4.737305e-01;1.140416e+01;6.747071e-01;1.129325e+01;1.076660e+00;1.985458e+01;2.081543e+00;7.782530e-02;-4.688018e-04;2.039285e+01;7.151234e-01;4.234540e-02;2.869577e-03;1.478274e+05;-1.392923e+03;5.927675e-01;-5.096524e-02;2.961927e+01;-6.363444e-01;3.251933e-02;-2.554363e-04;1.496870e-02;7.361644e-04;8.439206e-02;5.651190e-03;1.184449e+00;-8.290492e-03;1.210229e+00;-1.675346e-01;1.167255e+00;7.675032e-02;1.085748e+00;-5.653821e-02;1.568686e+00;6.071745e-02;1.441784e+00;-9.761300e-02;1.274431e+00;-1.213540e-01;1.516898e+00;1.133720e-01;1.627694e+00;-5.345515e-02;1.777153e+00;1.067163e-01;1.821851e+00;2.256571e-01;1.527383e+00;-1.854910e-01;2.022991e+00;-8.884122e-02;1.324622e+00;-2.128245e-01
42.500000;4.818494e+01;8.816117e+01;2.186318e-02;7.397920e-01;1.267914e-01;7.718989e-02;1.708861e-01;1.052288e-01;9.415493e-02;1.458055e-01;6.407276e+00;2.959333e+00;2.229351e-01;2.104503e+00;1.745191e-01;1.039212e+00;9.920170e-03;1.263635e-01;1.136037e-02;2.635550e-02;2.389555e-02;1.322143e-01;3.354754e-02;2.764521e-01;4.543828e-02;4.133488e-01;5.062214e-02;5.598057e-01;9.315785e-02;6.789940e-01;1.270954e-01;7.605652e-01;1.157572e-01;9.097607e-01;1.996662e-01;9.133608e-01;2.245580e-01;9.558270e-01;2.166405e-01;1.140711e+00;2.042985e-01;1.171940e+00;3.591056e-01;1.318071e+00;3.287775e-01;1.338229e+00;2.355093e-01;1.394328e+00;3.382474e-01;1.419941e+00;5.107158e-01;1.482036e+00;2.185313e-01;1.398193e+00;2.644770e-01;1.502271e+00;3.445937e-01;1.537459e+00;3.416647e-01;1.462646e+00;4.383636e-01;1.413087e+00;6.087226e-01;1.328800e+00;5.846486e-01;1.143803e+00;5.215326e-01;9.470760e-01;3.583435e-01;7.738884e-01;3.232985e-01;6.467136e-01;7.338967e-01;3.051079e+00;1.333272e-01;2.210081e-01;5.437881e+01;1.646572e+02;4.270577e+01;2.869658e+02;4.814885e+01;4.094180e+02;1.542592e+02;6.528867e+02;2.428974e-01;1.245154e+00;9.872649e+01;3.824077e+02;2.075559e-01;3.679909e+00;6.334308e+05;3.971558e+05;2.416817e+00;9.246303e+00;8.445184e+01;1.857345e+02;1.309281e-01;-7.477081e-01;7.573842e-02;3.791430e-01;4.953502e-01;1.499137e+00;5.469443e+00;3.264966e+01;6.981447e+00;7.961453e+00;4.489655e+00;6.056874e-01;6.728179e+00;2.884009e+00;5.312939e+00;-1.709059e+00;8.926162e+00;-7.976877e+00;9.618555e+00;-1.232983e+01;6.698527e+00;-5.049292e+00;7.453190e+00;5.074480e+00;1.224655e+01;2.784403e+00;6.358398e+00;-1.508037e+00;7.219013e+00;-6.274285e-01;1.026240e+01;-5.033200e+00;7.478386e+00;3.670721e+00;8.532332e-04;-3.320265e-05;4.503897e-07;5.382613e-08;4.176581e-06;-5.404523e-08;5.684374e-06;2.742280e-07;2.591254e-06;-1.452886e-07;2.427450e-04;4.742891e-06;4.940160e-02;-4.337568e-03;3.748173e-02;-3.966984e-03;2.985866e-03;-2.658268e-04;2.472075e-03;1.232048e-04;6.375021e-03;2.799484e-04;1.115408e-02;-4.934239e-04;1.180749e-02;-9.571661e-04;1.547711e-02;-1.531786e-03;1.899686e-02;-2.219934e-03;2.607511e-02;-2.599116e-03;3.370322e-02;-1.073887e-03;3.941579e-02;1.339573e-03;4.123458e-02;-6.012776e-03;5.984306e-02;-4.712625e-03;5.793354e-02;-3.208309e-03;8.142985e-02;-8.693315e-03;7.254981e-02;-1.128484e-02;5.384181e-02;-1.020969e-02;9.124780e-02;-6.179328e-03;1.251818e-01;-7.460872e-03;4.925099e-02;-7.528854e-03;7.254302e-02;-7.323317e-03;9.068972e-02;-6.501324e-03;8.646813e-02;-4.496527e-03;1.212056e-01;-3.802746e-03;1.553483e-01;-3.552596e-03;1.321876e-01;-2.646394e-03;1.201859e-01;-1.536391e-03;8.925258e-02;2.095035e-05;7.888240e-02;-7.568625e-04;1.868800e-01;-2.541849e-02;2.590007e-02;-7.529347e-04;1.254109e+01;-1.406836e+00;1.230075e+01;-1.091016e+00;1.302477e+01;-2.871094e-01;5.858039e+01;-1.866211e-01;8.362307e-02;-9.722238e-03;2.210532e+01;-8.596965e-01;4.752459e-02;-2.436622e-03;1.491273e+05;5.037202e+02;6.288321e-01;1.589210e-02;2.097197e+01;2.707882e-01;4.060075e-02;2.463210e-03;1.625144e-02;-9.194678e-04;1.084915e-01;-9.585701e-03;1.415446e+00;-4.843484e-03;1.437472e+00;6.747258e-02;1.349445e+00;-2.897227e-02;1.307413e+00;2.080614e-02;1.879005e+00;1.044042e-02;1.438132e+00;9.081247e-02;2.231708e+00;3.143684e-02;1.578791e+00;1.046184e-01;2.137417e+00;4.499149e-02;2.391350e+00;1.244976e-01;1.982813e+00;2.708873e-02;1.587989e+00;-1.283518e-01;2.351850e+00;-1.259399e-01;1.649712e+00;1.582305e-01
43.000000;4.906218e+01;8.188344e+01;1.669474e-02;7.659605e-01;1.240282e-01;5.640827e-02;1.717975e-01;9.143198e-02;4.864646e-02;1.079072e-01;2.319283e+00;6.809968e+00;3.015024e-01;1.912369e+00;1.646394e-01;1.006234e+00;1.461585e-02;1.149448e-01;1.673557e-02;2.855127e-02;2.126668e-02;1.314126e-01;3.063547e-02;2.613962e-01;4.237968e-02;3.872564e-01;7.411063e-02;5.515789e-01;1.099810e-01;6.576446e-01;1.492813e-01;7.320265e-01;1.450940e-01;8.827915e-01;2.158668e-01;9.661728e-01;2.115476e-01;1.020730e+00;2.046396e-01;1.059323e+00;1.952114e-01;1.093263e+00;3.601614e-01;1.239389e+00;3.819550e-01;1.262825e+00;2.630344e-01;1.306945e+00;3.637401e-01;1.387554e+00;5.160311e-01;1.421651e+00;2.751797e-01;1.433219e+00;3.096127e-01;1.433640e+00;2.870228e-01;1.389947e+00;3.566783e-01;1.378962e+00;4.789464e-01;1.410346e+00;5.442117e-01;1.290492e+00;4.271949e-01;1.128233e+00;3.748057e-01;9.305950e-01;3.292144e-01;7.737008e-01;2.761003e-01;6.309916e-01;1.077072e+00;2.267583e+00;1.421954e-01;2.072917e-01;6.337643e+01;1.240312e+02;6.171249e+01;2.707441e+02;7.001158e+01;4.081260e+02;5.568641e+02;7.271045e+02;2.649905e-01;9.700632e-01;1.330274e+02;3.600594e+02;2.509502e-01;3.566264e+00;7.683189e+05;3.581718e+05;3.255993e+00;9.684772e+00;1.230820e+02;2.099997e+02;1.638539e-01;-6.212763e-01;1.020193e-01;3.563379e-01;5.975864e-01;1.287077e+00;5.386936e+00;3.395115e+01;5.942091e+00;7.083847e+00;5.303533e+00;-1.669495e+00;5.892616e+00;4.902937e+00;5.302763e+00;-1.539354e-01;1.035342e+01;-5.230248e+00;1.258098e+01;-9.296053e+00;7.586477e+00;-3.831520e+00;7.672452e+00;3.456366e+00;1.028551e+01;5.651577e+00;6.585353e+00;-1.382525e+00;8.227901e+00;1.830346e+00;9.285316e+00;-4.010166e+00;1.035458e+01;9.909059e+00;8.285540e-04;5.321622e-06;4.262871e-07;-1.026255e-08;3.945579e-06;-1.009153e-07;5.535998e-06;5.274800e-08;1.876864e-06;-1.594666e-07;4.191223e-05;-3.261452e-08;5.362501e-02;6.805991e-03;4.630417e-02;9.233366e-03;2.526844e-03;4.042871e-05;3.223199e-03;7.464097e-04;5.012209e-03;-6.669776e-05;1.050746e-02;-2.918714e-05;1.302398e-02;4.749021e-04;1.778750e-02;1.393648e-03;1.813069e-02;1.583572e-03;3.699372e-02;7.557367e-04;4.055388e-02;1.115244e-03;3.669909e-02;6.171586e-03;3.557730e-02;7.996605e-03;5.060623e-02;-3.006584e-04;5.396036e-02;1.277252e-03;8.802462e-02;3.943587e-03;7.944655e-02;3.395104e-03;5.633225e-02;3.345210e-03;9.455358e-02;4.926783e-03;1.241210e-01;7.672686e-03;5.616036e-02;1.057145e-02;7.718738e-02;1.281729e-02;9.604746e-02;1.582618e-02;1.088651e-01;1.857611e-02;1.464863e-01;2.352929e-02;1.685788e-01;2.387842e-02;1.507619e-01;2.608228e-02;1.472086e-01;2.741533e-02;1.084250e-01;1.881371e-02;1.044060e-01;1.890209e-02;1.531484e-01;-4.845388e-03;2.560514e-02;1.901906e-04;1.204542e+01;3.014649e-01;1.338893e+01;1.076660e+00;1.517476e+01;2.009766e+00;1.636608e+02;2.579678e+01;6.574882e-02;5.522778e-04;3.404267e+01;7.281941e+00;5.469256e-02;8.586256e-03;2.218782e+05;4.649292e+04;6.350645e-01;-7.269121e-02;2.484724e+01;-2.326821e+00;3.347237e-02;1.176360e-04;2.445680e-02;5.236593e-03;9.516118e-02;2.921749e-03;1.575709e+00;-1.631039e-01;1.482135e+00;8.504490e-02;1.356207e+00;-1.832330e-01;1.451945e+00;-2.479351e-02;1.699482e+00;2.440005e-03;1.352888e+00;6.197672e-02;2.327825e+00;1.728280e-01;1.948017e+00;2.067840e-03;2.231350e+00;-9.247204e-03;2.453251e+00;-1.377367e-01;2.079492e+00;-1.840421e-01;2.033599e+00;1.410150e-01;1.994614e+00;1.962673e-01;1.948705e+00;2.060355e-01
43.500000;3.055779e-01;5.838636e+01;1.477272e-02;7.637411e-01;2.754992e-02;8.312030e-03;4.551981e-02;2.385665e-02;6.261612e-02;9.138258e-02;1.528804e+00;7.762123e+00;2.370046e-01;1.777706e+00;2.099919e-01;1.012379e+00;1.055472e-02;1.003480e-01;2.069342e-02;3.221088e-02;8.020083e-03;1.266113e-01;3.071986e-02;2.631045e-01;4.683919e-02;3.949738e-01;8.407053e-02;5.483386e-01;8.662207e-02;6.498362e-01;1.459690e-01;7.700921e-01;1.554156e-01;8.477582e-01;1.102342e-01;1.014175e+00;1.541712e-01;1.087373e+00;1.790588e-01;9.972575e-01;1.430040e-01;1.086929e+00;2.202900e-01;1.130352e+00;2.611178e-01;1.135094e+00;2.016118e-01;1.225373e+00;2.092571e-01;1.297232e+00;2.429960e-01;1.345579e+00;2.942283e-01;1.419577e+00;3.397087e-01;1.475027e+00;4.053012e-01;1.495472e+00;4.000669e-01;1.486930e+00;5.182341e-01;1.457605e+00;6.001175e-01;1.323492e+00;7.445087e-01;1.181940e+00;7.369272e-01;1.046535e+00;4.175973e-01;8.415826e-01;4.775535e-01;6.736173e-01;5.383486e-01;1.568021e+00;4.065986e-02;9.998891e-02;5.243894e+01;1.231699e+02;6.489735e+01;2.904111e+02;8.863953e+01;4.480342e+02;6.311088e+02;8.494131e+02;1.452278e-01;8.364331e-01;1.874809e+02;4.083655e+02;3.149765e-01;3.683414e+00;1.195265e+06;6.433785e+05;3.726704e+00;8.985639e+00;1.325132e+02;1.899322e+02;9.627807e-02;-4.678187e-01;1.388880e-01;3.953370e-01;3.009736e-01;9.414983e-01;6.038953e+00;3.336427e+01;6.393162e+00;9.093332e+00;5.534659e+00;-6.681584e+00;5.888287e+00;-1.048000e+00;5.011573e+00;5.286492e-02;3.919716e+00;2.769262e+00;7.844184e+00;-2.853131e+00;8.390468e+00;-1.706559e+00;5.169647e+00;6.553118e-01;5.370393e+00;-4.586478e-01;5.382905e+00;-2.661927e+00;5.384815e+00;4.686085e+00;8.546350e+00;6.370896e+00;6.103299e+00;1.538999e+01;6.520688e-06;2.800458e-07;2.025700e-07;-2.208672e-08;5.425614e-07;-6.155287e-08;9.043295e-07;-5.593890e-08;1.917664e-06;-3.260802e-08;3.151443e-05;-1.122775e-06;4.613896e-02;4.831647e-04;4.871314e-02;1.206937e-03;1.797112e-03;-9.136264e-05;3.902373e-03;-9.070295e-05;1.985356e-03;-2.040883e-04;7.804553e-03;3.834376e-04;1.123692e-02;8.558783e-04;1.615912e-02;1.114190e-03;1.515773e-02;2.090340e-03;3.505868e-02;2.503924e-03;3.899436e-02;-1.051116e-03;2.122853e-02;-1.986277e-03;3.378999e-02;-4.844645e-05;5.163427e-02;4.489091e-03;4.387757e-02;3.891509e-03;6.226515e-02;2.876583e-03;6.070568e-02;4.522309e-03;4.719971e-02;3.987671e-03;5.185613e-02;4.031679e-03;6.000830e-02;4.042501e-03;6.123594e-02;1.781266e-03;7.964268e-02;5.888997e-04;1.127962e-01;2.829717e-04;1.112496e-01;9.960302e-04;1.338891e-01;-1.049004e-03;1.471812e-01;-5.316524e-05;1.667620e-01;-1.103173e-03;1.714052e-01;-9.510037e-04;1.201474e-01;-3.140852e-04;1.165797e-01;-2.975610e-04;1.021693e-01;1.192208e-03;1.080960e-02;1.025253e-04;1.312093e+01;1.148438e+00;1.183799e+01;1.306348e+00;1.940239e+01;1.320703e+00;1.896669e+02;2.282520e+00;5.116235e-02;-5.492075e-04;3.970378e+01;1.082564e+00;6.456510e-02;3.933155e-03;2.702226e+05;-7.827717e+02;5.148824e-01;-6.349855e-02;2.149994e+01;-1.417984e+00;1.624405e-02;1.632654e-03;2.801224e-02;1.148494e-03;5.352559e-02;1.025728e-03;1.374029e+00;5.009041e-02;1.247055e+00;-1.028760e-01;1.222329e+00;-1.830427e-02;1.335790e+00;-8.751811e-02;1.404101e+00;-1.763051e-02;1.118251e+00;4.399551e-02;1.503032e+00;-1.550870e-02;2.111140e+00;-3.502692e-02;1.810191e+00;-1.152671e-01;1.951512e+00;9.638938e-03;1.773376e+00;6.574727e-02;1.939767e+00;1.616889e-03;1.671534e+00;1.105883e-01;1.820171e+00;-6.521066e-02
