frameTime;F0final_sma_stddev;F0final_sma_amean;voicingFinalUnclipped_sma_stddev;voicingFinalUnclipped_sma_amean;jitterLocal_sma_stddev;jitterLocal_sma_amean;jitterDDP_sma_stddev;jitterDDP_sma_amean;shimmerLocal_sma_stddev;shimmerLocal_sma_amean;logHNR_sma_stddev;logHNR_sma_amean;audspec_lengthL1norm_sma_stddev;audspec_lengthL1norm_sma_amean;audspecRasta_lengthL1norm_sma_stddev;audspecRasta_lengthL1norm_sma_amean;pcm_RMSenergy_sma_stddev;pcm_RMSenergy_sma_amean;pcm_zcr_sma_stddev;pcm_zcr_sma_amean;audSpec_Rfilt_sma[0]_stddev;audSpec_Rfilt_sma[0]_amean;audSpec_Rfilt_sma[1]_stddev;audSpec_Rfilt_sma[1]_amean;audSpec_Rfilt_sma[2]_stddev;audSpec_Rfilt_sma[2]_amean;audSpec_Rfilt_sma[3]_stddev;audSpec_Rfilt_sma[3]_amean;audSpec_Rfilt_sma[4]_stddev;audSpec_Rfilt_sma[4]_amean;audSpec_Rfilt_sma[5]_stddev;audSpec_Rfilt_sma[5]_amean;audSpec_Rfilt_sma[6]_stddev;audSpec_Rfilt_sma[6]_amean;audSpec_Rfilt_sma[7]_stddev;audSpec_Rfilt_sma[7]_amean;audSpec_Rfilt_sma[8]_stddev;audSpec_Rfilt_sma[8]_amean;audSpec_Rfilt_sma[9]_stddev;audSpec_Rfilt_sma[9]_amean;audSpec_Rfilt_sma[10]_stddev;audSpec_Rfilt_sma[10]_amean;audSpec_Rfilt_sma[11]_stddev;audSpec_Rfilt_sma[11]_amean;audSpec_Rfilt_sma[12]_stddev;audSpec_Rfilt_sma[12]_amean;audSpec_Rfilt_sma[13]_stddev;audSpec_Rfilt_sma[13]_amean;audSpec_Rfilt_sma[14]_stddev;audSpec_Rfilt_sma[14]_amean;audSpec_Rfilt_sma[15]_stddev;audSpec_Rfilt_sma[15]_amean;audSpec_Rfilt_sma[16]_stddev;audSpec_Rfilt_sma[16]_amean;audSpec_Rfilt_sma[17]_stddev;audSpec_Rfilt_sma[17]_amean;audSpec_Rfilt_sma[18]_stddev;audSpec_Rfilt_sma[18]_amean;audSpec_Rfilt_sma[19]_stddev;audSpec_Rfilt_sma[19]_amean;audSpec_Rfilt_sma[20]_stddev;audSpec_Rfilt_sma[20]_amean;audSpec_Rfilt_sma[21]_stddev;audSpec_Rfilt_sma[21]_amean;audSpec_Rfilt_sma[22]_stddev;audSpec_Rfilt_sma[22]_amean;audSpec_Rfilt_sma[23]_stddev;audSpec_Rfilt_sma[23]_amean;audSpec_Rfilt_sma[24]_stddev;audSpec_Rfilt_sma[24]_amean;audSpec_Rfilt_sma[25]_stddev;audSpec_Rfilt_sma[25]_amean;pcm_fftMag_fband250-650_sma_stddev;pcm_fftMag_fband250-650_sma_amean;pcm_fftMag_fband1000-4000_sma_stddev;pcm_fftMag_fband1000-4000_sma_amean;pcm_fftMag_spectralRollOff25.0_sma_stddev;pcm_fftMag_spectralRollOff25.0_sma_amean;pcm_fftMag_spectralRollOff50.0_sma_stddev;pcm_fftMag_spectralRollOff50.0_sma_amean;pcm_fftMag_spectralRollOff75.0_sma_stddev;pcm_fftMag_spectralRollOff75.0_sma_amean;pcm_fftMag_spectralRollOff90.0_sma_stddev;pcm_fftMag_spectralRollOff90.0_sma_amean;pcm_fftMag_spectralFlux_sma_stddev;pcm_fftMag_spectralFlux_sma_amean;pcm_fftMag_spectralCentroid_sma_stddev;pcm_fftMag_spectralCentroid_sma_amean;pcm_fftMag_spectralEntropy_sma_stddev;pcm_fftMag_spectralEntropy_sma_amean;pcm_fftMag_spectralVariance_sma_stddev;pcm_fftMag_spectralVariance_sma_amean;pcm_fftMag_spectralSkewness_sma_stddev;pcm_fftMag_spectralSkewness_sma_amean;pcm_fftMag_spectralKurtosis_sma_stddev;pcm_fftMag_spectralKurtosis_sma_amean;pcm_fftMag_spectralSlope_sma_stddev;pcm_fftMag_spectralSlope_sma_amean;pcm_fftMag_psySharpness_sma_stddev;pcm_fftMag_psySharpness_sma_amean;pcm_fftMag_spectralHarmonicity_sma_stddev;pcm_fftMag_spectralHarmonicity_sma_amean;pcm_fftMag_mfcc_sma[1]_stddev;pcm_fftMag_mfcc_sma[1]_amean;pcm_fftMag_mfcc_sma[2]_stddev;pcm_fftMag_mfcc_sma[2]_amean;pcm_fftMag_mfcc_sma[3]_stddev;pcm_fftMag_mfcc_sma[3]_amean;pcm_fftMag_mfcc_sma[4]_stddev;pcm_fftMag_mfcc_sma[4]_amean;pcm_fftMag_mfcc_sma[5]_stddev;pcm_fftMag_mfcc_sma[5]_amean;pcm_fftMag_mfcc_sma[6]_stddev;pcm_fftMag_mfcc_sma[6]_amean;pcm_fftMag_mfcc_sma[7]_stddev;pcm_fftMag_mfcc_sma[7]_amean;pcm_fftMag_mfcc_sma[8]_stddev;pcm_fftMag_mfcc_sma[8]_amean;pcm_fftMag_mfcc_sma[9]_stddev;pcm_fftMag_mfcc_sma[9]_amean;pcm_fftMag_mfcc_sma[10]_stddev;pcm_fftMag_mfcc_sma[10]_amean;pcm_fftMag_mfcc_sma[11]_stddev;pcm_fftMag_mfcc_sma[11]_amean;pcm_fftMag_mfcc_sma[12]_stddev;pcm_fftMag_mfcc_sma[12]_amean;pcm_fftMag_mfcc_sma[13]_stddev;pcm_fftMag_mfcc_sma[13]_amean;pcm_fftMag_mfcc_sma[14]_stddev;pcm_fftMag_mfcc_sma[14]_amean;F0final_sma_de_stddev;F0final_sma_de_amean;voicingFinalUnclipped_sma_de_stddev;voicingFinalUnclipped_sma_de_amean;jitterLocal_sma_de_stddev;jitterLocal_sma_de_amean;jitterDDP_sma_de_stddev;jitterDDP_sma_de_amean;shimmerLocal_sma_de_stddev;shimmerLocal_sma_de_amean;logHNR_sma_de_stddev;logHNR_sma_de_amean;audspec_lengthL1norm_sma_de_stddev;audspec_lengthL1norm_sma_de_amean;audspecRasta_lengthL1norm_sma_de_stddev;audspecRasta_lengthL1norm_sma_de_amean;pcm_RMSenergy_sma_de_stddev;pcm_RMSenergy_sma_de_amean;pcm_zcr_sma_de_stddev;pcm_zcr_sma_de_amean;audSpec_Rfilt_sma_de[0]_stddev;audSpec_Rfilt_sma_de[0]_amean;audSpec_Rfilt_sma_de[1]_stddev;audSpec_Rfilt_sma_de[1]_amean;audSpec_Rfilt_sma_de[2]_stddev;audSpec_Rfilt_sma_de[2]_amean;audSpec_Rfilt_sma_de[3]_stddev;audSpec_Rfilt_sma_de[3]_amean;audSpec_Rfilt_sma_de[4]_stddev;audSpec_Rfilt_sma_de[4]_amean;audSpec_Rfilt_sma_de[5]_stddev;audSpec_Rfilt_sma_de[5]_amean;audSpec_Rfilt_sma_de[6]_stddev;audSpec_Rfilt_sma_de[6]_amean;audSpec_Rfilt_sma_de[7]_stddev;audSpec_Rfilt_sma_de[7]_amean;audSpec_Rfilt_sma_de[8]_stddev;audSpec_Rfilt_sma_de[8]_amean;audSpec_Rfilt_sma_de[9]_stddev;audSpec_Rfilt_sma_de[9]_amean;audSpec_Rfilt_sma_de[10]_stddev;audSpec_Rfilt_sma_de[10]_amean;audSpec_Rfilt_sma_de[11]_stddev;audSpec_Rfilt_sma_de[11]_amean;audSpec_Rfilt_sma_de[12]_stddev;audSpec_Rfilt_sma_de[12]_amean;audSpec_Rfilt_sma_de[13]_stddev;audSpec_Rfilt_sma_de[13]_amean;audSpec_Rfilt_sma_de[14]_stddev;audSpec_Rfilt_sma_de[14]_amean;audSpec_Rfilt_sma_de[15]_stddev;audSpec_Rfilt_sma_de[15]_amean;audSpec_Rfilt_sma_de[16]_stddev;audSpec_Rfilt_sma_de[16]_amean;audSpec_Rfilt_sma_de[17]_stddev;audSpec_Rfilt_sma_de[17]_amean;audSpec_Rfilt_sma_de[18]_stddev;audSpec_Rfilt_sma_de[18]_amean;audSpec_Rfilt_sma_de[19]_stddev;audSpec_Rfilt_sma_de[19]_amean;audSpec_Rfilt_sma_de[20]_stddev;audSpec_Rfilt_sma_de[20]_amean;audSpec_Rfilt_sma_de[21]_stddev;audSpec_Rfilt_sma_de[21]_amean;audSpec_Rfilt_sma_de[22]_stddev;audSpec_Rfilt_sma_de[22]_amean;audSpec_Rfilt_sma_de[23]_stddev;audSpec_Rfilt_sma_de[23]_amean;audSpec_Rfilt_sma_de[24]_stddev;audSpec_Rfilt_sma_de[24]_amean;audSpec_Rfilt_sma_de[25]_stddev;audSpec_Rfilt_sma_de[25]_amean;pcm_fftMag_fband250-650_sma_de_stddev;pcm_fftMag_fband250-650_sma_de_amean;pcm_fftMag_fband1000-4000_sma_de_stddev;pcm_fftMag_fband1000-4000_sma_de_amean;pcm_fftMag_spectralRollOff25.0_sma_de_stddev;pcm_fftMag_spectralRollOff25.0_sma_de_amean;pcm_fftMag_spectralRollOff50.0_sma_de_stddev;pcm_fftMag_spectralRollOff50.0_sma_de_amean;pcm_fftMag_spectralRollOff75.0_sma_de_stddev;pcm_fftMag_spectralRollOff75.0_sma_de_amean;pcm_fftMag_spectralRollOff90.0_sma_de_stddev;pcm_fftMag_spectralRollOff90.0_sma_de_amean;pcm_fftMag_spectralFlux_sma_de_stddev;pcm_fftMag_spectralFlux_sma_de_amean;pcm_fftMag_spectralCentroid_sma_de_stddev;pcm_fftMag_spectralCentroid_sma_de_amean;pcm_fftMag_spectralEntropy_sma_de_stddev;pcm_fftMag_spectralEntropy_sma_de_amean;pcm_fftMag_spectralVariance_sma_de_stddev;pcm_fftMag_spectralVariance_sma_de_amean;pcm_fftMag_spectralSkewness_sma_de_stddev;pcm_fftMag_spectralSkewness_sma_de_amean;pcm_fftMag_spectralKurtosis_sma_de_stddev;pcm_fftMag_spectralKurtosis_sma_de_amean;pcm_fftMag_spectralSlope_sma_de_stddev;pcm_fftMag_spectralSlope_sma_de_amean;pcm_fftMag_psySharpness_sma_de_stddev;pcm_fftMag_psySharpness_sma_de_amean;pcm_fftMag_spectralHarmonicity_sma_de_stddev;pcm_fftMag_spectralHarmonicity_sma_de_amean;pcm_fftMag_mfcc_sma_de[1]_stddev;pcm_fftMag_mfcc_sma_de[1]_amean;pcm_fftMag_mfcc_sma_de[2]_stddev;pcm_fftMag_mfcc_sma_de[2]_amean;pcm_fftMag_mfcc_sma_de[3]_stddev;pcm_fftMag_mfcc_sma_de[3]_amean;pcm_fftMag_mfcc_sma_de[4]_stddev;pcm_fftMag_mfcc_sma_de[4]_amean;pcm_fftMag_mfcc_sma_de[5]_stddev;pcm_fftMag_mfcc_sma_de[5]_amean;pcm_fftMag_mfcc_sma_de[6]_stddev;pcm_fftMag_mfcc_sma_de[6]_amean;pcm_fftMag_mfcc_sma_de[7]_stddev;pcm_fftMag_mfcc_sma_de[7]_amean;pcm_fftMag_mfcc_sma_de[8]_stddev;pcm_fftMag_mfcc_sma_de[8]_amean;pcm_fftMag_mfcc_sma_de[9]_stddev;pcm_fftMag_mfcc_sma_de[9]_amean;pcm_fftMag_mfcc_sma_de[10]_stddev;pcm_fftMag_mfcc_sma_de[10]_amean;pcm_fftMag_mfcc_sma_de[11]_stddev;pcm_fftMag_mfcc_sma_de[11]_amean;pcm_fftMag_mfcc_sma_de[12]_stddev;pcm_fftMag_mfcc_sma_de[12]_amean;pcm_fftMag_mfcc_sma_de[13]_stddev;pcm_fftMag_mfcc_sma_de[13]_amean;pcm_fftMag_mfcc_sma_de[14]_stddev;pcm_fftMag_mfcc_sma_de[14]_amean
0.000000;0;0;1.730118e-01;4.746068e-02;0;0;0;0;0;0;0;-100;8.752211e-02;8.453514e-02;7.557793e-01;2.166069e+00;7.812799e-04;5.005824e-04;1.854660e-01;2.891005e-01;2.199060e-01;2.898097e-01;3.977773e-01;6.476380e-01;5.093390e-01;9.793019e-01;4.707199e-01;1.195493e+00;5.597372e-01;1.431808e+00;6.875284e-01;1.666185e+00;7.462583e-01;1.859647e+00;9.207792e-01;2.038725e+00;1.005791e+00;2.202417e+00;9.159892e-01;2.312052e+00;1.100192e+00;2.532726e+00;1.148347e+00;2.692277e+00;1.198883e+00;2.799857e+00;1.197430e+00;2.873445e+00;1.197427e+00;2.968255e+00;1.061842e+00;3.011543e+00;1.045475e+00;3.158556e+00;9.622697e-01;3.177607e+00;9.876910e-01;3.150104e+00;9.513499e-01;3.047801e+00;8.995219e-01;2.941503e+00;7.535554e-01;2.595922e+00;6.770790e-01;2.245520e+00;5.370570e-01;1.841282e+00;3.834735e-01;1.490490e+00;2.771132e-01;1.167839e+00;3.169166e-04;7.431056e-05;6.202056e-04;1.774074e-04;8.360634e+02;1.157912e+03;1.377425e+03;2.329749e+03;2.222749e+03;4.421484e+03;4.111945e+03;8.227263e+03;1.451143e-02;7.905834e-03;1.466984e+03;3.406035e+03;1.240333e+01;9.946307e+00;11399870;13959047;9.023626e-01;2.074909e+00;1.132356e+01;1.108126e+01;1.304544e-04;-4.294634e-05;9.549299e-01;2.320201e+00;2.884859e-04;8.948656e-05;4.798833e+00;-2.252880e+00;4.712711e+00;-8.544284e+00;4.449289e+00;-3.665805e-01;4.753974e+00;-1.219817e+00;4.889749e+00;1.694171e-01;5.979843e+00;-1.231068e+00;5.930001e+00;1.061728e-01;6.382550e+00;-7.542858e-01;6.560285e+00;-2.551938e+00;6.031286e+00;-2.032942e+00;6.645649e+00;-1.810569e+00;5.604213e+00;-3.040040e+00;5.573914e+00;-3.060143e+00;5.591799e+00;-2.148562e+00;0;0;8.494493e-06;4.830063e-07;0;0;0;0;0;0;0;0;1.563993e-02;1.903325e-03;2.239494e-01;3.091180e-03;2.025817e-04;1.041405e-05;1.883531e-02;-7.633157e-03;5.665530e-02;-1.819190e-04;1.343433e-01;-1.699383e-04;1.725675e-01;5.727239e-04;1.563734e-01;1.277689e-03;1.868436e-01;1.847790e-04;2.329347e-01;9.878534e-04;2.588330e-01;6.375061e-04;2.923668e-01;2.547592e-03;3.118082e-01;2.623880e-03;2.821030e-01;1.527246e-03;3.204497e-01;2.921517e-04;3.429615e-01;1.458154e-03;3.562077e-01;2.099985e-03;3.638704e-01;4.108281e-03;3.843457e-01;2.652022e-03;3.198945e-01;4.189447e-03;2.951714e-01;6.131273e-03;2.702183e-01;7.064876e-03;2.832040e-01;7.955233e-03;2.768225e-01;5.880057e-03;2.666080e-01;8.013697e-03;2.150207e-01;5.401270e-03;1.917548e-01;4.699800e-03;1.463959e-01;3.472249e-03;9.833980e-02;3.619334e-03;7.208192e-02;3.325433e-03;1.208099e-04;2.157950e-07;2.266163e-04;2.188696e-06;3.415237e+02;1.679590e+01;6.080268e+02;2.820850e+01;9.401332e+02;4.382725e+01;1.079426e+03;7.872539e+01;4.311428e-03;1.389638e-04;5.894401e+02;3.712965e+01;4.774335e+00;7.027243e-02;2.305903e+06;1.054235e+05;2.507840e-01;1.892340e-02;3.921634e+00;6.686538e-02;4.816187e-05;-3.666603e-07;3.858053e-01;2.502988e-02;1.042775e-04;1.242611e-06;1.637578e+00;-7.423476e-02;1.392327e+00;-1.071988e-01;1.584066e+00;1.481695e-02;1.319514e+00;-6.831106e-02;1.530125e+00;-5.466970e-02;1.759777e+00;-4.769235e-02;1.751242e+00;-1.469140e-02;1.761722e+00;-8.832715e-03;2.406811e+00;-8.587871e-02;1.789395e+00;-1.091783e-01;1.994849e+00;-1.107708e-01;1.658084e+00;-2.515104e-02;1.867144e+00;-4.331554e-02;1.398147e+00;-5.016873e-02
0.500000;1.319709e+01;2.320864e+00;3.197077e-01;3.454382e-01;0;0;0;0;1.705872e-01;3.000000e-02;1.446097e+01;-9.694820e+01;1.619207e-01;2.666904e-01;4.312763e-01;1.634951e+00;2.387516e-03;2.403727e-03;2.459462e-02;1.773684e-01;1.182340e-01;2.095444e-01;2.646799e-01;4.921641e-01;4.111090e-01;7.610686e-01;4.889373e-01;9.922790e-01;5.738170e-01;1.168543e+00;5.676866e-01;1.324355e+00;6.261994e-01;1.464100e+00;5.895019e-01;1.559258e+00;5.369930e-01;1.643526e+00;5.187133e-01;1.732240e+00;6.493949e-01;1.836408e+00;5.823241e-01;1.913068e+00;5.951161e-01;2.011679e+00;5.906351e-01;2.062325e+00;6.344179e-01;2.162174e+00;6.147434e-01;2.225018e+00;5.575236e-01;2.296706e+00;6.003022e-01;2.359599e+00;6.471002e-01;2.378300e+00;5.769100e-01;2.343717e+00;5.748243e-01;2.240155e+00;4.895737e-01;2.006651e+00;3.802467e-01;1.728037e+00;3.199848e-01;1.452524e+00;2.792179e-01;1.195192e+00;2.061455e-01;9.501011e-01;3.318616e-03;1.190249e-03;2.459374e-03;1.547157e-03;4.048990e+02;1.192652e+03;6.235692e+02;2.169255e+03;9.311150e+02;3.744050e+03;1.579659e+03;6.087724e+03;4.011765e-02;3.637758e-02;7.019763e+02;2.916467e+03;5.024005e-01;6.631849e+00;2.416321e+06;7.381620e+06;9.370455e-01;2.387798e+00;1.331985e+01;1.361316e+01;1.108773e-03;-5.239497e-04;4.409883e-01;2.011672e+00;1.517600e-03;9.121198e-04;6.141794e+00;-2.569921e+00;4.014610e+00;-9.586500e+00;4.719522e+00;-7.723543e-01;4.399699e+00;-4.907642e+00;4.212896e+00;-1.731737e+00;4.807208e+00;-4.647474e+00;5.099122e+00;-3.997054e+00;4.736558e+00;-5.017730e+00;5.211064e+00;-5.407558e+00;3.968750e+00;-6.175351e+00;4.545749e+00;-6.263630e+00;4.333686e+00;-7.104406e+00;3.694580e+00;-5.570057e+00;3.110096e+00;-5.461610e+00;1.265878e-04;1.272256e-05;9.861629e-05;-3.604344e-06;0;0;0;0;0;0;9.506649e-02;9.622634e-04;3.208436e-02;5.929068e-03;1.403634e-01;-5.219778e-03;6.328149e-04;9.885269e-05;7.295466e-03;-4.342404e-04;4.203902e-02;1.795321e-03;9.450497e-02;1.044992e-03;1.490382e-01;1.001083e-03;1.785436e-01;2.417637e-03;2.031965e-01;2.052824e-03;2.080995e-01;1.084364e-03;2.343087e-01;1.260480e-03;2.207620e-01;4.276399e-03;1.977918e-01;-9.297249e-04;1.822506e-01;-1.488379e-03;2.364410e-01;-3.506434e-03;2.079390e-01;-6.467164e-03;2.089403e-01;-1.209464e-02;2.044530e-01;-1.048188e-02;2.018564e-01;-1.227379e-02;1.949808e-01;-1.208642e-02;1.534763e-01;-1.212691e-02;1.839069e-01;-1.029248e-02;1.934435e-01;-7.260234e-03;1.589296e-01;-9.462543e-03;1.611986e-01;-1.174067e-02;1.322488e-01;-1.254234e-02;9.718647e-02;-9.245831e-03;7.525715e-02;-7.456030e-03;5.726921e-02;-6.627219e-03;4.829470e-02;-4.564676e-03;1.114255e-03;1.396084e-04;8.237283e-04;7.270226e-05;1.348692e+02;-5.455078e+00;2.160462e+02;-1.030723e+01;3.433903e+02;-1.333623e+01;5.843832e+02;-2.645713e+01;1.094988e-02;1.585391e-03;2.533136e+02;-1.064036e+01;1.809147e-01;-1.146757e-02;9.221502e+05;-1.577158e+04;3.425264e-01;2.771668e-02;5.205304e+00;3.497684e-01;3.562987e-04;-4.744666e-05;1.598081e-01;-6.324079e-03;4.785440e-04;5.644333e-05;2.173323e+00;1.426855e-01;1.702281e+00;5.912217e-02;1.845893e+00;-6.953693e-03;1.578189e+00;-1.002654e-01;1.474787e+00;3.079848e-03;1.930937e+00;3.129079e-02;2.030564e+00;-6.052265e-02;2.120936e+00;-1.568771e-02;2.054656e+00;-4.151360e-02;1.398233e+00;-5.289955e-02;1.800707e+00;8.804771e-02;1.766352e+00;-1.527600e-02;1.468223e+00;-3.345355e-02;1.143307e+00;2.276322e-02
1.000000;1.812943e+02;1.209411e+02;1.618728e-01;6.928946e-01;3.649676e-02;1.380681e-02;2.378834e-02;9.697417e-03;1.856581e-01;7.964639e-02;4.927413e+01;-5.966903e+01;5.975632e-01;8.346755e-01;5.046511e-01;1.448299e+00;1.751660e-02;1.587102e-02;4.928022e-02;1.351864e-01;1.174832e-01;1.788580e-01;2.564731e-01;3.895259e-01;4.339326e-01;6.331681e-01;6.016210e-01;8.602265e-01;9.906501e-01;1.166650e+00;7.778492e-01;1.352718e+00;8.682703e-01;1.450646e+00;1.135135e+00;1.583849e+00;8.082426e-01;1.523453e+00;7.955135e-01;1.606513e+00;6.949556e-01;1.605975e+00;7.000895e-01;1.669928e+00;8.532017e-01;1.806486e+00;9.898214e-01;1.987004e+00;8.399314e-01;2.020725e+00;6.359075e-01;1.999052e+00;6.331309e-01;2.017965e+00;5.026085e-01;2.006523e+00;4.396559e-01;1.984091e+00;4.402254e-01;1.954821e+00;4.922791e-01;1.855306e+00;4.094229e-01;1.673775e+00;3.179630e-01;1.435320e+00;2.423799e-01;1.184856e+00;1.714876e-01;9.495046e-01;1.262207e-01;7.588264e-01;1.083209e-01;5.449841e-02;1.198124e-01;7.438274e-02;4.009723e+02;9.612422e+02;7.582664e+02;1.721221e+03;1.225540e+03;2.888177e+03;2.130396e+03;4.628203e+03;1.491612e-01;1.603995e-01;9.153360e+02;2.287303e+03;1.222429e+00;5.721181e+00;3.592686e+06;5.114374e+06;1.110940e+00;2.965880e+00;1.554040e+01;2.137411e+01;4.166685e-02;-2.479182e-02;5.644534e-01;1.621391e+00;1.720064e-01;9.591113e-02;7.459814e+00;-7.836273e-02;9.514778e+00;-1.526588e+01;7.211357e+00;-3.933850e+00;9.237151e+00;-1.174182e+01;1.174587e+01;-8.386122e+00;1.193514e+01;-9.631795e+00;9.967000e+00;-6.380728e-01;5.899577e+00;-3.354001e+00;8.147751e+00;-5.347148e+00;9.020157e+00;-5.673906e+00;6.117362e+00;-4.929954e+00;4.693495e+00;-8.696065e+00;7.833884e+00;-8.868919e+00;5.280715e+00;-8.550116e+00;7.458980e-02;2.261506e-02;1.443708e-04;5.349542e-06;6.809284e-05;-4.423037e-06;4.419237e-05;-4.852222e-06;1.041963e-04;-1.639139e-05;1.085161e-01;9.988233e-03;7.375663e-02;1.028573e-02;1.275144e-01;-4.489047e-03;2.573309e-03;2.147964e-04;7.901080e-03;-9.595616e-04;3.975444e-02;4.777767e-04;8.611755e-02;1.078578e-03;1.469911e-01;1.339568e-04;1.985804e-01;-2.116759e-03;3.083110e-01;-2.480434e-03;2.495337e-01;-4.767733e-03;2.525319e-01;-3.632392e-03;2.917719e-01;-3.381978e-03;2.267645e-01;-1.783492e-03;2.228955e-01;-2.104493e-03;2.229507e-01;1.343029e-04;2.005954e-01;-1.782500e-03;2.065352e-01;-2.586517e-03;2.041601e-01;-8.176404e-03;1.946559e-01;-6.435897e-03;1.545732e-01;-7.634558e-03;1.343635e-01;-9.100259e-03;1.400051e-01;-8.685406e-03;1.136566e-01;-8.437264e-03;9.694562e-02;-8.042187e-03;1.084795e-01;-9.868113e-03;9.397069e-02;-7.455768e-03;6.763171e-02;-7.151500e-03;5.670455e-02;-4.617827e-03;4.078571e-02;-4.634576e-03;3.455875e-02;-3.663789e-03;3.221532e-02;7.379875e-04;1.782925e-02;1.171015e-03;1.400680e+02;-7.192090e+00;2.391373e+02;-1.337930e+01;3.539713e+02;-2.170547e+01;5.740975e+02;-4.563604e+01;3.503811e-02;4.296621e-03;2.598016e+02;-1.874518e+01;2.444218e-01;-1.070152e-02;8.669546e+05;-8.187307e+04;3.815525e-01;1.347892e-02;5.208216e+00;1.798605e-01;7.429126e-03;-4.184975e-04;1.595541e-01;-1.166862e-02;2.952219e-02;3.566429e-04;2.556109e+00;1.119936e-01;1.901791e+00;-1.058930e-01;2.079436e+00;-7.539775e-02;1.878247e+00;-4.920182e-02;2.765528e+00;5.496989e-02;3.358534e+00;5.674488e-02;2.900793e+00;3.166881e-03;2.103344e+00;-3.013307e-02;2.484125e+00;1.486105e-02;2.270308e+00;3.205998e-02;2.026494e+00;-3.140150e-03;1.642649e+00;-7.898955e-02;1.946711e+00;-4.876714e-02;1.512758e+00;-2.858993e-02
1.500000;1.685416e+02;2.729707e+02;8.993661e-02;8.171394e-01;6.585812e-02;4.285788e-02;7.337337e-02;4.116936e-02;1.517729e-01;1.306844e-01;3.698532e+01;-1.169729e+01;4.441583e-01;1.382547e+00;4.869050e-01;1.317003e+00;1.423097e-02;2.926154e-02;2.573912e-02;9.121063e-02;8.147834e-02;1.492880e-01;1.697484e-01;3.275998e-01;2.811950e-01;5.528684e-01;4.668784e-01;7.452556e-01;9.117010e-01;9.936207e-01;7.196205e-01;1.217894e+00;7.803966e-01;1.302510e+00;1.175057e+00;1.560134e+00;8.023003e-01;1.420822e+00;7.857795e-01;1.473564e+00;6.245967e-01;1.437580e+00;6.749739e-01;1.524833e+00;8.527002e-01;1.703622e+00;1.030012e+00;1.900439e+00;8.738933e-01;1.829637e+00;6.552424e-01;1.798220e+00;7.034406e-01;1.884279e+00;4.937119e-01;1.792379e+00;4.561681e-01;1.787050e+00;4.826607e-01;1.750846e+00;5.142736e-01;1.669782e+00;4.319343e-01;1.517078e+00;3.515885e-01;1.296339e+00;2.497893e-01;1.073772e+00;1.715858e-01;8.521081e-01;1.070775e-01;6.805602e-01;1.055841e-01;8.812363e-02;1.158550e-01;1.490842e-01;2.559574e+02;7.744775e+02;5.354980e+02;1.207726e+03;6.636751e+02;1.997276e+03;9.702863e+02;3.096475e+03;1.431987e-01;2.795704e-01;4.794120e+02;1.615924e+03;9.636086e-01;4.725626e+00;1.504717e+06;2.101470e+06;8.564404e-01;3.374609e+00;1.179090e+01;2.650429e+01;3.911825e-02;-4.646990e-02;2.726230e-01;1.209536e+00;1.643507e-01;1.786270e-01;6.490455e+00;3.929985e-01;7.629716e+00;-2.339829e+01;7.029710e+00;-9.993085e+00;7.396810e+00;-1.954381e+01;1.145782e+01;-1.594699e+01;1.169703e+01;-1.500486e+01;9.446890e+00;2.946645e+00;7.592688e+00;-6.150315e-01;1.070713e+01;-5.207725e+00;1.494280e+01;-8.423128e+00;1.175557e+01;-7.202167e+00;6.404995e+00;-1.063139e+01;9.886277e+00;-1.293636e+01;6.111292e+00;-1.309064e+01;9.986342e-02;2.736025e-02;1.214408e-04;1.600846e-05;9.038013e-05;-1.615220e-05;9.563691e-05;-1.855465e-05;1.649109e-04;-4.858215e-05;5.528281e-02;9.400902e-03;9.494440e-02;9.880000e-03;8.662903e-02;-3.235140e-03;3.508836e-03;2.299969e-04;5.641637e-03;-3.882590e-04;2.727026e-02;-2.088446e-03;4.951002e-02;-3.204068e-03;8.219597e-02;-4.441835e-03;1.303256e-01;-6.351356e-03;2.488952e-01;-1.033893e-02;1.778562e-01;-1.510141e-02;1.792627e-01;-1.277058e-02;2.685694e-01;-7.816838e-03;1.949435e-01;-1.084134e-02;1.965049e-01;-1.165849e-02;1.707723e-01;-6.523895e-03;1.617796e-01;4.249048e-03;1.731428e-01;6.419067e-03;1.871899e-01;-4.197737e-03;1.608201e-01;-3.556116e-03;1.115069e-01;8.317918e-04;1.282813e-01;-3.475611e-03;9.042846e-02;1.159143e-03;7.352350e-02;-3.043697e-03;8.118137e-02;4.707475e-04;8.233486e-02;2.080867e-03;8.898409e-02;3.947741e-03;6.474942e-02;2.215037e-03;4.702682e-02;1.359166e-03;3.519855e-02;-1.593733e-03;2.745757e-02;1.578449e-04;3.431524e-02;2.755767e-05;2.782458e-02;1.901177e-03;9.535530e+01;5.354590e+00;1.926748e+02;5.584277e+00;2.449980e+02;1.335059e+00;3.489351e+02;7.766309e+00;4.883632e-02;2.326654e-03;1.755513e+02;4.053080e+00;2.583604e-01;-8.941872e-03;4.630847e+05;-1.585127e+04;3.216063e-01;-2.606379e-02;4.306474e+00;-3.346033e-01;1.065224e-02;-4.218087e-04;1.011498e-01;2.686183e-03;4.084448e-02;1.837292e-03;2.071030e+00;-1.760316e-01;1.896519e+00;-2.468308e-01;2.132357e+00;-1.104477e-01;1.928967e+00;-8.833287e-02;3.280563e+00;-1.584661e-02;3.647433e+00;-1.685673e-01;2.996782e+00;5.486261e-02;2.337896e+00;1.056140e-02;3.032863e+00;5.695255e-02;3.316015e+00;-1.290018e-01;2.578135e+00;-3.204157e-01;2.356575e+00;-2.666109e-02;2.511703e+00;1.525799e-01;2.013662e+00;1.038418e-01
2.000000;1.542404e+02;2.245366e+02;9.881656e-02;7.969126e-01;7.912561e-02;4.951885e-02;8.645465e-02;4.974284e-02;1.579759e-01;1.326907e-01;4.283672e+01;-2.039357e+01;3.925941e-01;1.290592e+00;2.478947e-01;1.028451e+00;1.194395e-02;2.543924e-02;3.261046e-02;9.985512e-02;7.191668e-02;1.428120e-01;1.522937e-01;3.079960e-01;2.169654e-01;4.704585e-01;2.408988e-01;5.987445e-01;3.708526e-01;7.306647e-01;5.261562e-01;8.572568e-01;3.665192e-01;8.925229e-01;7.660686e-01;1.163827e+00;5.185463e-01;1.119423e+00;4.415894e-01;1.119283e+00;3.441210e-01;1.150345e+00;4.529406e-01;1.245138e+00;5.211758e-01;1.316462e+00;4.957873e-01;1.311293e+00;3.286022e-01;1.301814e+00;3.021623e-01;1.353212e+00;4.110308e-01;1.431570e+00;3.012041e-01;1.448406e+00;2.631276e-01;1.460898e+00;2.728948e-01;1.419795e+00;2.584438e-01;1.348286e+00;2.541047e-01;1.238471e+00;2.165614e-01;1.076972e+00;1.874216e-01;8.983043e-01;1.154096e-01;7.389428e-01;8.144263e-02;5.968296e-01;6.235369e-02;5.575687e-02;1.067399e-01;1.242673e-01;3.012997e+02;8.933408e+02;5.346161e+02;1.333192e+03;7.561269e+02;2.146860e+03;1.182480e+03;3.377268e+03;1.396878e-01;2.621970e-01;5.912910e+02;1.782778e+03;1.054298e+00;5.029553e+00;1.784912e+06;2553358;1.060298e+00;3.466407e+00;1.575301e+01;2.637738e+01;2.755233e-02;-3.463733e-02;3.439938e-01;1.316783e+00;1.122748e-01;1.289410e-01;5.491093e+00;-1.006631e+00;6.116210e+00;-2.362033e+01;7.581411e+00;-1.137344e+01;8.571443e+00;-1.861165e+01;9.985415e+00;-1.200565e+01;8.671590e+00;-1.196417e+01;6.119780e+00;7.975207e-01;7.721225e+00;-1.653403e+00;9.450700e+00;-3.829844e+00;1.281669e+01;-1.129023e+01;1.103371e+01;-1.097826e+01;6.547599e+00;-1.028513e+01;8.873237e+00;-1.036023e+01;7.214531e+00;-1.041186e+01;6.961727e-02;2.553787e-03;7.916575e-05;8.092029e-06;7.480596e-05;-1.051299e-05;9.474669e-05;-1.053030e-05;1.377599e-04;-3.845686e-05;2.921649e-02;4.828635e-04;1.071950e-01;-9.094010e-04;6.817751e-02;4.149209e-03;3.507776e-03;8.599000e-05;6.286224e-03;-8.599143e-04;2.591795e-02;-2.141558e-04;5.348173e-02;-1.304862e-03;7.506667e-02;-1.032302e-03;8.291440e-02;7.580622e-04;9.457875e-02;1.503652e-02;1.111616e-01;2.523245e-02;1.066673e-01;1.244258e-02;2.080323e-01;9.883376e-03;1.646835e-01;3.706882e-03;1.490352e-01;3.974647e-03;1.167946e-01;-3.836403e-05;1.446881e-01;1.623221e-03;1.559191e-01;4.275124e-03;1.343044e-01;4.241150e-03;9.989588e-02;3.446287e-03;9.965856e-02;3.318137e-03;1.056147e-01;1.435588e-03;9.147976e-02;1.227835e-03;7.213993e-02;-7.674216e-05;6.829490e-02;4.041035e-03;6.914697e-02;4.167239e-03;6.683414e-02;4.843443e-03;6.143810e-02;3.117665e-03;4.796980e-02;1.793263e-03;2.901259e-02;1.473945e-03;2.246990e-02;5.074095e-04;1.877780e-02;2.124266e-03;3.201168e-02;-9.254510e-04;7.591801e+01;-4.464551e+00;1.564107e+02;-9.661230e+00;2.128128e+02;-1.604941e+01;3.485678e+02;-2.351426e+01;4.613440e-02;-2.568671e-03;1.625349e+02;-1.065576e+01;2.586375e-01;-3.309888e-02;5.146766e+05;-1.667446e+04;3.096488e-01;4.292849e-02;4.843674e+00;6.203985e-01;9.470732e-03;-2.670380e-05;9.460938e-02;-6.103532e-03;3.539880e-02;1.622376e-03;1.849119e+00;1.251415e-02;2.062457e+00;4.326286e-02;2.320756e+00;-1.450090e-01;2.089443e+00;-2.585708e-01;2.574124e+00;-2.444664e-01;2.890672e+00;-2.257181e-01;2.391164e+00;2.958794e-02;2.460426e+00;1.871001e-01;2.992614e+00;1.981999e-01;3.357952e+00;1.713021e-01;2.850022e+00;1.062414e-01;2.630622e+00;8.008333e-02;2.272408e+00;5.071428e-03;1.961762e+00;-1.213635e-01
2.500000;1.326125e+02;1.493752e+02;9.406687e-02;7.597561e-01;7.833756e-02;4.470462e-02;8.672416e-02;4.460771e-02;1.450285e-01;1.233599e-01;4.877610e+01;-3.828289e+01;4.059739e-01;1.150892e+00;2.837094e-01;1.012905e+00;1.625595e-02;2.405560e-02;4.172581e-02;1.008302e-01;8.536908e-02;1.488544e-01;1.907486e-01;3.290544e-01;2.626300e-01;4.658592e-01;4.895004e-01;7.012210e-01;6.448061e-01;8.959361e-01;7.119752e-01;8.989990e-01;6.451259e-01;9.646221e-01;6.151372e-01;1.043317e+00;5.261272e-01;1.071106e+00;4.858594e-01;1.077328e+00;4.765948e-01;1.152607e+00;5.617392e-01;1.228024e+00;5.422176e-01;1.247496e+00;4.086121e-01;1.222905e+00;3.253838e-01;1.284256e+00;3.083662e-01;1.347779e+00;2.965463e-01;1.344052e+00;2.828477e-01;1.410858e+00;2.510432e-01;1.417352e+00;2.190905e-01;1.388469e+00;2.373182e-01;1.323674e+00;2.082390e-01;1.182449e+00;1.713473e-01;1.032703e+00;1.322128e-01;8.603364e-01;8.369937e-02;7.152843e-01;6.744986e-02;5.809860e-01;1.522444e-01;9.980746e-02;1.167681e-01;8.588148e-02;3.758248e+02;9.280811e+02;6.206819e+02;1.369942e+03;1.046165e+03;2.080395e+03;1.598820e+03;3.272186e+03;1.479234e-01;2.424418e-01;7.744092e+02;1.773114e+03;1.254214e+00;5.166623e+00;1.942154e+06;2.707983e+06;2.622561e+00;4.600547e+00;6.056708e+01;5.163940e+01;4.896203e-02;-3.860416e-02;4.473387e-01;1.311480e+00;1.748326e-01;1.402855e-01;9.813796e+00;2.104970e+00;6.596556e+00;-1.965589e+01;7.514215e+00;-1.160943e+01;9.735970e+00;-1.843750e+01;9.061984e+00;-1.104887e+01;7.645004e+00;-1.119832e+01;5.846234e+00;-3.333889e+00;6.370592e+00;-4.370533e+00;7.911851e+00;-5.532898e+00;8.575189e+00;-1.040739e+01;6.991842e+00;-1.001084e+01;4.979586e+00;-7.480586e+00;6.570317e+00;-5.400468e+00;5.830222e+00;-6.073172e+00;2.711882e-02;-1.856107e-03;6.254586e-05;-5.192373e-08;5.506947e-05;1.861424e-06;5.859647e-05;7.471194e-06;7.028745e-05;-8.480284e-06;3.109876e-02;-3.484832e-04;1.086503e-01;-7.128438e-03;7.503006e-02;-2.540736e-03;3.621625e-03;-1.987169e-04;8.215586e-03;-1.434870e-04;2.897547e-02;-4.421823e-04;5.102526e-02;-2.260850e-03;6.726856e-02;-3.740255e-03;9.916560e-02;-4.050224e-03;1.506188e-01;-3.192040e-03;1.605463e-01;1.086034e-03;1.409432e-01;-3.479902e-03;1.631915e-01;-1.081250e-02;1.383932e-01;-3.023571e-03;1.378257e-01;1.438650e-04;1.307210e-01;-1.952094e-03;1.692088e-01;-1.009255e-02;1.682684e-01;-9.138769e-03;1.275741e-01;9.715926e-04;1.106327e-01;2.117351e-03;1.053786e-01;-2.404644e-03;9.120669e-02;-3.678618e-04;9.218176e-02;-4.068498e-03;8.499140e-02;1.068070e-03;7.259648e-02;-2.974946e-03;8.101287e-02;-2.498644e-03;7.040697e-02;-4.086142e-03;5.668457e-02;-2.489895e-03;4.211347e-02;-1.271279e-03;2.538972e-02;9.922429e-04;2.181064e-02;-9.146760e-05;3.604518e-02;-6.692696e-05;3.783675e-02;-1.708361e-03;8.917985e+01;3.244336e+00;1.442124e+02;5.239746e+00;2.395696e+02;9.043945e+00;3.817399e+02;7.809375e+00;4.251805e-02;-2.284471e-03;1.732222e+02;5.966351e+00;2.953428e-01;1.284373e-02;5.134262e+05;1.567713e+04;6.663802e-01;3.508837e-03;1.582201e+01;3.382417e-02;1.111586e-02;3.922292e-04;1.013983e-01;3.108698e-03;4.035475e-02;-1.632628e-03;2.036996e+00;-2.389333e-02;2.076899e+00;6.808085e-02;2.374447e+00;6.237870e-02;2.568979e+00;6.607311e-02;2.680100e+00;-1.170480e-01;2.703132e+00;1.675894e-02;2.110316e+00;-7.899539e-02;1.965247e+00;-3.616440e-02;2.708727e+00;-3.169688e-02;3.230284e+00;1.955230e-01;2.605829e+00;3.050729e-01;1.892892e+00;2.952427e-02;1.765747e+00;-1.400811e-01;1.851562e+00;-6.003032e-02
3.000000;1.148306e+02;2.149005e+02;7.473996e-02;8.064479e-01;7.228141e-02;5.654112e-02;8.216320e-02;5.301273e-02;1.340957e-01;1.593373e-01;3.951910e+01;-1.360769e+01;4.657300e-01;1.346570e+00;3.001823e-01;1.096479e+00;1.954536e-02;3.290021e-02;3.461606e-02;7.590199e-02;8.733584e-02;1.560607e-01;1.995713e-01;3.423373e-01;2.928184e-01;5.213695e-01;5.017595e-01;7.405291e-01;6.077232e-01;9.225684e-01;5.925478e-01;9.936616e-01;6.983737e-01;1.117899e+00;7.732804e-01;1.214545e+00;6.007241e-01;1.210517e+00;5.808052e-01;1.217173e+00;5.279889e-01;1.245403e+00;4.869730e-01;1.282729e+00;4.977273e-01;1.326057e+00;5.231895e-01;1.409010e+00;4.853482e-01;1.431503e+00;3.080898e-01;1.438098e+00;3.215245e-01;1.465731e+00;3.611447e-01;1.511963e+00;2.616948e-01;1.493697e+00;2.547793e-01;1.483839e+00;2.388597e-01;1.407782e+00;1.923140e-01;1.266274e+00;1.358439e-01;1.074695e+00;7.883595e-02;9.009880e-01;6.637525e-02;7.331355e-01;4.981595e-02;6.008840e-01;1.504418e-01;1.140323e-01;2.156169e-01;1.494255e-01;2.790985e+02;7.681611e+02;4.773176e+02;1.035891e+03;8.893002e+02;1.536035e+03;1.335274e+03;2.522830e+03;1.687880e-01;3.016359e-01;6.026470e+02;1.376842e+03;1.156351e+00;4.477726e+00;1.427589e+06;1.726484e+06;2.574436e+00;5.502143e+00;6.045575e+01;6.823943e+01;6.468782e-02;-6.630406e-02;3.397913e-01;1.087878e+00;2.574044e-01;2.599998e-01;8.996115e+00;5.998362e+00;6.461113e+00;-2.051903e+01;6.037997e+00;-1.428518e+01;8.900809e+00;-2.326066e+01;8.990616e+00;-1.347041e+01;7.824388e+00;-1.142966e+01;7.104707e+00;-1.583568e+00;7.292821e+00;-3.706736e+00;1.112028e+01;-9.085641e+00;9.778701e+00;-1.093535e+01;7.065014e+00;-9.279112e+00;5.166500e+00;-6.269389e+00;8.060952e+00;-6.365694e+00;7.235031e+00;-6.285104e+00;3.116994e-02;8.870196e-04;4.049270e-05;-5.199689e-07;4.290475e-05;-2.402082e-06;5.390866e-05;1.249505e-06;7.317730e-05;-1.245711e-06;2.061384e-02;-1.686077e-04;1.005146e-01;6.084045e-03;6.919780e-02;-3.020475e-04;4.189563e-03;1.613150e-04;7.252243e-03;1.114891e-04;2.945265e-02;-1.110611e-04;4.726774e-02;1.701586e-03;6.984777e-02;3.038123e-03;9.876022e-02;4.736817e-03;1.428210e-01;4.156026e-04;1.558169e-01;-1.580240e-02;1.602980e-01;-5.730243e-03;1.862823e-01;-8.940017e-03;1.430427e-01;2.721795e-03;1.425646e-01;4.226875e-03;1.358381e-01;5.137381e-03;1.392000e-01;5.313883e-03;1.394203e-01;-8.118079e-04;1.364402e-01;5.231843e-03;1.291114e-01;7.473493e-04;9.235273e-02;1.328410e-03;8.613651e-02;1.459230e-03;8.828592e-02;-2.404062e-04;7.261280e-02;5.291866e-04;7.153036e-02;-2.383742e-03;7.856138e-02;-3.296576e-03;5.735915e-02;-2.857401e-03;3.737357e-02;-1.456372e-03;2.529006e-02;-1.459278e-03;2.138104e-02;-8.364465e-04;1.743725e-02;-5.155657e-04;3.777904e-02;-4.329706e-04;6.183894e-02;3.141033e-03;6.867395e+01;3.158203e-01;1.126058e+02;3.746777e+00;2.132660e+02;4.751660e+00;3.330481e+02;5.971875e+00;4.739360e-02;3.169780e-03;1.389199e+02;2.221662e+00;2.981547e-01;1.245780e-02;3.355542e+05;-1.523504e+03;7.786108e-01;-1.877936e-03;1.802701e+01;2.715957e-01;1.561509e-02;-5.737087e-04;7.843882e-02;1.539240e-03;6.269341e-02;2.135890e-03;1.889197e+00;7.877953e-02;1.915357e+00;-1.065383e-01;2.223567e+00;-9.702495e-03;2.900963e+00;1.155714e-01;2.941999e+00;6.828962e-02;2.512061e+00;6.306463e-03;1.879972e+00;-1.817700e-01;2.112679e+00;-2.863696e-01;2.896283e+00;-2.077455e-01;3.064191e+00;-1.182280e-01;2.520372e+00;3.030344e-02;2.008484e+00;1.207516e-04;2.172043e+00;-1.267382e-02;2.188043e+00;7.512640e-02
3.500000;7.405638e+01;2.458682e+02;6.048010e-02;8.299457e-01;6.776533e-02;5.133314e-02;6.234561e-02;4.208130e-02;1.067593e-01;1.561154e-01;2.142769e+01;6.054261e-01;4.427895e-01;1.475765e+00;2.865538e-01;1.103528e+00;1.784534e-02;3.612116e-02;2.610294e-02;6.973041e-02;8.604420e-02;1.536281e-01;1.570081e-01;3.187749e-01;2.290783e-01;4.987098e-01;2.791298e-01;6.191261e-01;4.214355e-01;8.206819e-01;4.258788e-01;9.891601e-01;5.231904e-01;1.025720e+00;8.452766e-01;1.206059e+00;5.762958e-01;1.184419e+00;6.598518e-01;1.328916e+00;5.118060e-01;1.291103e+00;4.449653e-01;1.278458e+00;5.613052e-01;1.395253e+00;5.513954e-01;1.461412e+00;5.398008e-01;1.511094e+00;3.945284e-01;1.501606e+00;3.351699e-01;1.535670e+00;3.854759e-01;1.550203e+00;2.899840e-01;1.542130e+00;2.507505e-01;1.490215e+00;2.307794e-01;1.390044e+00;2.238529e-01;1.268934e+00;1.797187e-01;1.090056e+00;1.165492e-01;9.105711e-01;6.565952e-02;7.381733e-01;4.127556e-02;5.916202e-01;1.238382e-01;1.152943e-01;2.051579e-01;1.997434e-01;1.589442e+02;6.676729e+02;3.675710e+02;9.527725e+02;7.652679e+02;1.510482e+03;1.042048e+03;2.418179e+03;1.633597e-01;3.408487e-01;4.449063e+02;1.298031e+03;9.236622e-01;4.324171e+00;1.536874e+06;1.583640e+06;1.664291e+00;4.783927e+00;3.206575e+01;5.085562e+01;5.843534e-02;-7.217114e-02;2.431481e-01;1.039553e+00;2.473420e-01;2.890407e-01;5.646039e+00;5.948941e+00;8.146971e+00;-2.312139e+01;9.239277e+00;-1.345956e+01;8.998425e+00;-2.303914e+01;8.511949e+00;-1.441454e+01;9.533624e+00;-1.345170e+01;1.039390e+01;-2.614636e+00;8.276164e+00;-4.502311e+00;1.155952e+01;-6.493299e+00;1.036348e+01;-9.161098e+00;9.212497e+00;-5.949925e+00;6.331899e+00;-5.657548e+00;7.652958e+00;-8.499578e+00;7.683368e+00;-8.670566e+00;2.118134e-02;7.342722e-04;2.517858e-05;6.847650e-08;3.149593e-05;-1.778525e-06;3.432275e-05;-1.334997e-06;5.486383e-05;1.947006e-06;1.025849e-02;1.016124e-04;1.006606e-01;1.028428e-03;6.155250e-02;-1.669135e-03;4.435895e-03;2.183028e-05;6.551619e-03;5.618541e-05;2.646122e-02;2.739840e-04;4.454385e-02;2.977086e-03;6.453628e-02;2.636341e-03;6.782112e-02;1.404058e-03;1.008474e-01;-1.141765e-04;1.414947e-01;-2.111468e-03;1.271578e-01;-1.702229e-03;2.096461e-01;-1.581656e-03;1.415319e-01;-2.606150e-03;1.686236e-01;-4.936729e-03;1.416024e-01;-5.700277e-03;1.246170e-01;-2.937764e-03;1.444786e-01;-4.018870e-03;1.349319e-01;-4.323394e-03;1.346217e-01;-5.180851e-03;9.708954e-02;-3.332999e-03;7.773468e-02;-8.209278e-04;9.237671e-02;-6.498903e-04;7.930953e-02;-1.749573e-03;5.892988e-02;-3.410012e-04;6.519894e-02;-3.167955e-03;5.754676e-02;-1.630900e-03;4.850898e-02;-2.092034e-03;3.390009e-02;-8.847934e-04;1.950697e-02;-3.511723e-04;1.379996e-02;-4.541852e-04;4.211478e-02;2.547781e-04;5.832127e-02;8.166941e-05;5.820149e+01;-4.780371e+00;1.378224e+02;-2.354297e+00;2.349871e+02;1.234570e+00;3.169695e+02;-7.895508e-01;4.941862e-02;7.871953e-05;1.469975e+02;-2.413981e+00;2.877264e-01;-4.707274e-05;4.198209e+05;2.140100e+03;5.766413e-01;-6.362473e-03;1.124826e+01;-5.887391e-02;1.633478e-02;-3.558543e-05;8.235405e-02;-1.732819e-03;6.768878e-02;1.419842e-04;1.769554e+00;5.885440e-02;2.105645e+00;6.788161e-02;2.692726e+00;1.046462e-01;2.834087e+00;-1.073800e-02;2.974285e+00;-3.006896e-02;2.372929e+00;1.623268e-02;2.555155e+00;-4.104219e-02;2.894015e+00;-1.279507e-02;2.998118e+00;-2.606633e-02;2.994363e+00;-1.408935e-01;3.019544e+00;-7.572435e-02;2.411039e+00;-1.206162e-02;2.756550e+00;-7.963587e-03;2.608148e+00;-7.001963e-02
4.000000;1.181380e+02;1.597914e+02;8.283754e-02;7.710866e-01;8.415642e-02;5.293402e-02;1.060137e-01;5.917398e-02;1.299621e-01;1.117811e-01;4.795332e+01;-2.826180e+01;4.217032e-01;1.272489e+00;2.316397e-01;1.009851e+00;1.814385e-02;2.846886e-02;3.978369e-02;9.041950e-02;8.853716e-02;1.448426e-01;1.393263e-01;2.877211e-01;2.079543e-01;4.218077e-01;2.272489e-01;5.557232e-01;3.786530e-01;6.677462e-01;4.440690e-01;8.110451e-01;5.822797e-01;9.278420e-01;5.903741e-01;9.281463e-01;3.830211e-01;9.526593e-01;5.522540e-01;1.114915e+00;4.959362e-01;1.165558e+00;4.564680e-01;1.187297e+00;5.069495e-01;1.290297e+00;4.376855e-01;1.307524e+00;4.162994e-01;1.351143e+00;3.639130e-01;1.416834e+00;3.124518e-01;1.438757e+00;2.778642e-01;1.457914e+00;2.764267e-01;1.464677e+00;1.891952e-01;1.431997e+00;1.794621e-01;1.360597e+00;1.805505e-01;1.226883e+00;1.538111e-01;1.084240e+00;1.229997e-01;9.188698e-01;6.642681e-02;7.437758e-01;4.174748e-02;5.973186e-01;1.400115e-01;1.193787e-01;1.119256e-01;1.190392e-01;3.804420e+02;7.783535e+02;6.711620e+02;1.213611e+03;1.038322e+03;1.972298e+03;1.409078e+03;3.011347e+03;1.650602e-01;2.894658e-01;7.360219e+02;1.607504e+03;1.202312e+00;4.882676e+00;1833262;2312285;1.825008e+00;4.203603e+00;4.317524e+01;4.264975e+01;5.756165e-02;-5.101962e-02;4.154664e-01;1.206596e+00;2.311272e-01;1.938608e-01;8.220630e+00;2.321564e+00;8.471262e+00;-2.215590e+01;9.754411e+00;-1.128514e+01;8.683038e+00;-1.922801e+01;9.174597e+00;-1.416102e+01;8.661720e+00;-1.399529e+01;9.493271e+00;-4.093102e+00;1.069860e+01;-1.940048e+00;1.102646e+01;1.025594e+00;1.026436e+01;-4.181801e+00;9.595505e+00;-4.525956e+00;6.484868e+00;-7.778994e+00;7.188323e+00;-8.903441e+00;6.002662e+00;-9.282861e+00;1.457694e-02;8.504207e-04;2.078944e-05;-2.565717e-06;3.100110e-05;8.108372e-07;3.364070e-05;3.146838e-06;3.728250e-05;3.473355e-06;1.145289e-02;-1.290232e-03;8.375446e-02;-8.965760e-03;4.998466e-02;-2.920400e-03;4.190262e-03;-3.768535e-04;6.544357e-03;1.000756e-03;2.766774e-02;-3.491078e-05;4.550875e-02;-1.610944e-03;6.431250e-02;-3.547211e-03;5.800204e-02;-5.090639e-03;7.870956e-02;-1.501165e-02;1.170883e-01;-8.674639e-03;1.385802e-01;-6.249644e-03;1.483136e-01;-1.193060e-03;8.967825e-02;-8.585377e-03;1.284389e-01;-8.462540e-03;1.304794e-01;-6.944566e-03;1.260106e-01;-7.453867e-03;1.299243e-01;-3.919465e-03;1.165107e-01;-5.682900e-03;1.029558e-01;-2.170726e-03;9.034222e-02;-1.404310e-03;6.978483e-02;2.238946e-03;7.752006e-02;5.502845e-04;8.307248e-02;1.106131e-03;5.939044e-02;1.931124e-03;5.829609e-02;5.952301e-04;5.645862e-02;5.170557e-04;4.453621e-02;1.734648e-03;3.550578e-02;7.457809e-04;1.994861e-02;3.930776e-04;1.571851e-02;2.937809e-04;4.838341e-02;-2.422317e-03;2.261600e-02;-3.138174e-03;7.211777e+01;1.003447e+01;1.548534e+02;1.498711e+01;2.422314e+02;2.263857e+01;3.130482e+02;3.047666e+01;4.372771e-02;-3.857023e-03;1.542339e+02;1.763259e+01;2.730761e-01;2.564272e-02;4.628438e+05;3.027051e+04;5.325232e-01;-4.816105e-02;1.376205e+01;-1.004455e+00;1.644896e-02;9.834054e-04;8.818992e-02;9.585547e-03;6.497042e-02;-4.009825e-03;1.771704e+00;-2.476021e-01;2.210105e+00;1.324203e-02;2.868350e+00;1.485389e-01;2.448902e+00;1.220455e-01;2.779985e+00;1.431267e-01;2.212440e+00;1.889427e-01;2.488612e+00;1.972363e-01;3.540804e+00;1.383866e-01;3.186516e+00;7.796177e-02;2.941012e+00;-6.158802e-02;3.234470e+00;-1.290568e-01;2.286899e+00;-5.721506e-02;2.579846e+00;8.001035e-02;2.242339e+00;8.960414e-02
4.500000;1.598147e+02;1.620570e+02;7.975618e-02;7.435994e-01;9.136143e-02;7.088543e-02;1.166841e-01;8.426218e-02;1.201693e-01;9.618443e-02;5.016759e+01;-3.919559e+01;4.525844e-01;1.156173e+00;3.477715e-01;1.050887e+00;1.838626e-02;2.392753e-02;4.131224e-02;1.052960e-01;9.912344e-02;1.511436e-01;1.916140e-01;3.091264e-01;2.885068e-01;4.719371e-01;3.021832e-01;6.033904e-01;4.533505e-01;7.229223e-01;7.047862e-01;9.555089e-01;8.998293e-01;1.132197e+00;6.953967e-01;1.026210e+00;5.957788e-01;1.057794e+00;4.685638e-01;1.063261e+00;4.562441e-01;1.131373e+00;6.396463e-01;1.290622e+00;6.519049e-01;1.347788e+00;5.177007e-01;1.321291e+00;5.085339e-01;1.366557e+00;4.838620e-01;1.408229e+00;4.055277e-01;1.438863e+00;3.725445e-01;1.513398e+00;4.089849e-01;1.515017e+00;2.970745e-01;1.457344e+00;2.878941e-01;1.405007e+00;2.481612e-01;1.262931e+00;1.902124e-01;1.102890e+00;1.275815e-01;9.165968e-01;1.027460e-01;7.505028e-01;6.022534e-02;6.011649e-01;1.626073e-01;9.915847e-02;1.053682e-01;9.073082e-02;4.115733e+02;9.585146e+02;7.043691e+02;1.462679e+03;1.040762e+03;2.283381e+03;1.413643e+03;3.466559e+03;1.666724e-01;2.557325e-01;7.584667e+02;1.883330e+03;1.223914e+00;5.288235e+00;1.735688e+06;2787026;1.810231e+00;3.778174e+00;4.289259e+01;3.459278e+01;5.728532e-02;-4.086778e-02;4.294495e-01;1.368059e+00;2.313559e-01;1.547738e-01;7.923936e+00;-8.502469e-01;6.909276e+00;-2.176337e+01;7.441231e+00;-1.037204e+01;8.219772e+00;-1.812601e+01;8.504240e+00;-1.150541e+01;6.785342e+00;-1.153322e+01;8.280266e+00;-1.694915e+00;1.022791e+01;1.927052e+00;1.153487e+01;4.071769e+00;9.505709e+00;-4.682272e+00;8.228856e+00;-8.108085e+00;5.428127e+00;-1.021115e+01;7.169860e+00;-8.650960e+00;5.737243e+00;-8.733986e+00;2.217592e-02;-2.055552e-03;1.711971e-05;1.007024e-06;3.064085e-05;-3.478037e-06;3.698646e-05;-1.188501e-06;3.084067e-05;3.945299e-07;8.636062e-03;1.738365e-04;1.059810e-01;8.532192e-03;8.200291e-02;7.383321e-03;4.370685e-03;4.502417e-04;6.712421e-03;-4.271857e-04;3.522213e-02;3.185231e-04;6.068019e-02;-2.511497e-03;8.380592e-02;-1.560307e-03;8.779983e-02;8.070682e-04;1.246977e-01;1.849736e-03;1.766046e-01;2.063918e-02;2.173427e-01;2.181864e-02;1.714683e-01;1.059321e-02;1.547350e-01;1.889312e-02;1.239291e-01;8.150658e-03;1.016478e-01;9.195238e-03;1.478417e-01;1.453728e-02;1.619684e-01;9.370124e-03;1.356809e-01;1.224599e-02;1.345162e-01;1.754447e-02;1.440092e-01;6.520752e-03;1.014846e-01;7.291309e-03;9.245686e-02;8.740084e-03;1.027026e-01;7.713474e-03;8.667140e-02;4.683053e-03;8.415778e-02;7.281111e-03;7.071670e-02;3.432686e-03;5.379714e-02;1.688136e-03;3.439763e-02;2.047215e-03;2.644178e-02;9.709953e-05;1.916288e-02;5.799814e-04;4.254560e-02;7.067684e-03;2.698274e-02;1.331671e-03;9.826016e+01;-1.205859e+00;1.713643e+02;-1.007754e+01;2.410677e+02;-2.051397e+01;3.452763e+02;-2.387314e+01;4.647726e-02;1.935860e-04;1.729157e+02;-1.103314e+01;2.671875e-01;-2.994859e-02;4.595204e+05;-2.736564e+04;5.027854e-01;2.316213e-02;1.305841e+01;3.178186e-01;1.560224e-02;-1.533433e-03;1.006627e-01;-5.825872e-03;6.091275e-02;7.127979e-03;1.964825e+00;-2.328069e-03;2.247900e+00;-1.859633e-01;2.470505e+00;-2.204949e-01;2.424122e+00;-2.005206e-01;2.256569e+00;-5.711075e-02;2.116726e+00;5.560645e-03;2.644397e+00;2.400380e-01;3.223561e+00;3.355301e-01;3.325314e+00;2.894463e-01;2.726435e+00;1.059508e-01;2.771707e+00;8.613008e-04;1.989418e+00;-6.996474e-02;1.806022e+00;-1.028964e-01;1.820084e+00;6.460336e-03
5.000000;1.418995e+02;2.096953e+02;8.445932e-02;7.800899e-01;7.447357e-02;5.207859e-02;7.873568e-02;5.023707e-02;1.477054e-01;1.309871e-01;4.269757e+01;-2.082265e+01;5.236478e-01;1.289425e+00;3.967448e-01;1.121880e+00;1.835769e-02;2.796860e-02;3.523111e-02;1.000189e-01;1.062641e-01;1.581590e-01;2.081774e-01;3.522952e-01;2.664355e-01;5.450426e-01;2.927143e-01;6.610866e-01;4.239509e-01;8.745123e-01;7.026781e-01;1.024584e+00;8.404275e-01;1.149453e+00;7.460494e-01;1.186494e+00;8.213351e-01;1.274061e+00;5.511020e-01;1.192501e+00;5.044932e-01;1.213168e+00;7.023044e-01;1.371457e+00;7.647040e-01;1.468963e+00;6.130619e-01;1.457767e+00;6.678835e-01;1.469100e+00;6.354799e-01;1.483675e+00;5.877073e-01;1.542024e+00;4.501455e-01;1.550143e+00;4.544672e-01;1.556593e+00;3.552360e-01;1.497301e+00;3.823619e-01;1.430812e+00;3.497928e-01;1.311833e+00;2.528026e-01;1.120021e+00;1.691295e-01;9.209507e-01;1.151945e-01;7.526035e-01;6.322532e-02;6.042875e-01;1.991763e-01;1.207266e-01;1.317190e-01;1.308019e-01;3.209265e+02;8.293154e+02;6.030485e+02;1.300893e+03;9.040979e+02;2.013067e+03;1.203470e+03;3.282378e+03;1.808957e-01;2.939557e-01;6.200532e+02;1.715923e+03;1.071244e+00;5.027666e+00;1.763455e+06;2.649910e+06;9.917512e-01;3.554714e+00;1.475024e+01;2.757405e+01;5.361662e-02;-5.042827e-02;3.520328e-01;1.275129e+00;2.270598e-01;1.933007e-01;5.979777e+00;1.211087e+00;8.770371e+00;-1.963903e+01;6.761400e+00;-9.809593e+00;7.997017e+00;-1.935238e+01;7.163437e+00;-1.129547e+01;7.370440e+00;-1.392412e+01;1.104886e+01;-2.411183e+00;1.126988e+01;-1.814712e-01;1.150764e+01;9.798313e-01;8.668636e+00;-1.063398e+01;8.005646e+00;-1.243030e+01;8.673292e+00;-1.047452e+01;8.728346e+00;-9.828182e+00;6.580533e+00;-1.172306e+01;1.712761e-02;-2.306343e-03;2.052281e-05;2.766922e-07;1.663563e-05;-4.445450e-06;2.050503e-05;-3.548572e-06;3.808894e-05;-5.564218e-06;1.067615e-02;4.296595e-04;1.332264e-01;-1.592096e-03;1.002329e-01;-3.007862e-03;4.634244e-03;-2.701408e-05;7.096875e-03;2.535903e-04;3.886120e-02;-2.429624e-04;6.226678e-02;-3.496787e-04;7.459910e-02;-7.031995e-04;8.902524e-02;-2.123319e-03;1.349163e-01;-1.257543e-03;1.811096e-01;-1.160024e-03;2.087325e-01;-3.026707e-03;2.041092e-01;-4.702121e-03;2.162283e-01;-4.436283e-03;1.497841e-01;-4.009413e-03;1.318865e-01;-3.850796e-03;1.811945e-01;-5.457585e-03;2.012202e-01;-5.947245e-03;1.767765e-01;-5.211787e-03;1.870669e-01;-1.865758e-03;1.722621e-01;-3.273582e-03;1.488607e-01;-5.703309e-03;1.218007e-01;-3.477893e-03;1.244577e-01;-4.266422e-03;1.000441e-01;-3.895544e-03;1.030916e-01;-3.500432e-03;9.401420e-02;-2.582827e-03;7.395712e-02;-2.909043e-03;4.559962e-02;-1.597974e-03;3.034505e-02;-1.512382e-03;2.008819e-02;-1.140575e-03;4.499594e-02;6.434489e-06;3.541470e-02;-1.460198e-04;1.003065e+02;-1.579102e+00;1.819541e+02;2.942871e+00;2.548477e+02;5.885742e+00;3.718685e+02;8.397949e+00;6.016446e-02;-3.377875e-04;1.784516e+02;3.176531e+00;2.812352e-01;1.736748e-03;5.315932e+05;1.963172e+04;3.649665e-01;-3.797290e-03;5.595067e+00;-3.164892e-02;1.367755e-02;1.868675e-05;1.042675e-01;1.908610e-03;5.587733e-02;-5.073693e-05;1.889380e+00;4.162057e-02;2.733739e+00;1.337437e-01;2.211907e+00;8.377614e-02;2.545931e+00;9.141847e-03;2.255224e+00;-2.335542e-02;2.688245e+00;-7.982669e-02;3.318758e+00;-9.751332e-02;3.195572e+00;-1.288521e-01;3.177339e+00;-6.604334e-02;2.671995e+00;-1.008091e-03;2.753593e+00;8.163395e-02;2.651093e+00;2.212613e-02;2.054384e+00;-1.301445e-01;2.269099e+00;-9.929194e-02
5.500000;9.622746e+01;2.140309e+02;8.247014e-02;8.175541e-01;4.430329e-02;2.473674e-02;3.033552e-02;1.787248e-02;1.532091e-01;1.317483e-01;3.588486e+01;-9.285483e+00;5.335942e-01;1.455229e+00;3.524537e-01;1.132003e+00;2.152920e-02;3.539360e-02;3.376359e-02;8.787856e-02;1.050919e-01;1.602566e-01;1.904080e-01;3.276036e-01;2.304308e-01;5.003670e-01;2.703216e-01;6.411669e-01;3.892786e-01;8.017654e-01;4.562990e-01;9.039252e-01;7.474608e-01;1.070575e+00;1.016286e+00;1.351308e+00;7.893271e-01;1.326549e+00;6.747690e-01;1.325101e+00;5.472609e-01;1.293998e+00;6.876167e-01;1.428801e+00;6.744543e-01;1.430772e+00;5.820231e-01;1.487338e+00;6.113070e-01;1.512937e+00;5.726826e-01;1.560319e+00;5.733277e-01;1.604501e+00;4.661354e-01;1.570723e+00;3.728338e-01;1.534788e+00;2.874746e-01;1.493590e+00;3.245843e-01;1.424235e+00;3.101706e-01;1.301451e+00;2.252117e-01;1.117039e+00;1.680656e-01;9.204619e-01;9.529470e-02;7.427949e-01;4.995992e-02;5.997105e-01;1.606945e-01;1.133026e-01;1.566811e-01;1.838850e-01;2.720390e+02;7.565332e+02;5.805048e+02;1.159348e+03;9.157152e+02;1.730839e+03;1.291969e+03;3.004025e+03;1.663188e-01;3.168116e-01;6.208077e+02;1.529943e+03;1.092572e+00;4.598927e+00;1992829;2.292543e+06;1.255913e+00;4.002794e+00;2.362432e+01;3.679721e+01;8.065036e-02;-7.741894e-02;3.538079e-01;1.172666e+00;3.562110e-01;3.093264e-01;6.280409e+00;3.708149e+00;1.053604e+01;-2.014961e+01;8.043918e+00;-1.071708e+01;7.956026e+00;-2.091895e+01;6.553060e+00;-1.186744e+01;8.273332e+00;-1.334696e+01;1.191414e+01;-2.427058e+00;1.073277e+01;-3.632187e+00;1.146434e+01;-1.684308e+00;1.034740e+01;-1.242065e+01;1.234190e+01;-1.258381e+01;9.656752e+00;-8.664283e+00;9.562181e+00;-9.148089e+00;5.464269e+00;-1.199614e+01;2.769276e-03;8.430074e-04;1.935714e-05;-1.978089e-07;8.568213e-06;-2.516590e-06;5.957243e-06;-2.109489e-06;3.846362e-05;-4.851347e-06;1.095070e-02;-7.564253e-05;1.183765e-01;-6.274380e-04;8.588120e-02;-3.373826e-03;4.476312e-03;-2.400949e-04;8.133076e-03;3.707483e-04;3.456670e-02;-7.547218e-04;5.074888e-02;-1.119735e-04;5.727704e-02;-1.076512e-03;7.536846e-02;-1.598805e-03;1.289839e-01;-1.492127e-03;1.307310e-01;-1.454876e-02;1.691865e-01;-1.699043e-02;2.083659e-01;-7.710575e-03;1.971060e-01;-1.392769e-02;1.769114e-01;-4.920487e-03;1.595734e-01;-1.360697e-03;1.962111e-01;-1.557739e-04;1.939859e-01;-1.708377e-03;1.588296e-01;-7.192221e-03;1.540856e-01;-1.233537e-02;1.265078e-01;-5.094638e-03;1.322782e-01;-1.913175e-03;1.326888e-01;3.086606e-03;1.141108e-01;-4.243696e-03;8.000471e-02;-1.861694e-03;8.322365e-02;2.204995e-04;8.163013e-02;2.290638e-03;6.674759e-02;3.485776e-03;4.737078e-02;6.051365e-04;2.912296e-02;1.617784e-03;1.693256e-02;-2.817622e-05;4.126122e-02;-6.434261e-03;3.251768e-02;1.134628e-03;9.989563e+01;1.966699e+00;1.909715e+02;8.541504e+00;2.750029e+02;1.280508e+01;3.904673e+02;1.635088e+01;5.862129e-02;9.815902e-04;1.916240e+02;7.510669e+00;2.998239e-01;1.870242e-02;577690;7.021897e+03;3.846360e-01;-2.612127e-02;6.726531e+00;-3.173758e-01;1.612294e-02;1.094090e-03;1.121327e-01;4.155500e-03;7.190960e-02;-5.130672e-03;1.907698e+00;-4.125327e-02;2.431226e+00;-4.343775e-02;2.032227e+00;2.329930e-02;2.462263e+00;8.973400e-02;2.070044e+00;1.052001e-01;2.967177e+00;6.941961e-03;2.972303e+00;-1.772368e-01;3.501032e+00;-1.621364e-01;3.464050e+00;2.395545e-02;2.826267e+00;-3.415808e-02;4.005256e+00;-3.487204e-02;2.961643e+00;1.138983e-01;2.912895e+00;8.964425e-02;1.950699e+00;-5.079693e-02
6.000000;1.466665e+02;2.001158e+02;9.767790e-02;7.941735e-01;3.550690e-02;2.150805e-02;3.217459e-02;1.742120e-02;1.011661e-01;9.347674e-02;4.713597e+01;-2.447363e+01;5.367846e-01;1.332383e+00;3.419194e-01;1.063120e+00;2.147245e-02;3.098101e-02;3.888137e-02;9.615017e-02;1.183607e-01;1.685151e-01;2.090038e-01;3.324047e-01;2.697320e-01;4.780597e-01;3.654597e-01;6.548021e-01;5.930259e-01;8.211879e-01;4.837636e-01;9.054588e-01;7.119699e-01;9.968598e-01;1.019517e+00;1.155797e+00;6.259062e-01;1.089846e+00;6.649041e-01;1.188875e+00;4.976282e-01;1.183597e+00;6.531295e-01;1.298454e+00;5.878702e-01;1.321519e+00;5.227709e-01;1.358688e+00;4.934904e-01;1.415916e+00;4.908633e-01;1.451099e+00;4.551956e-01;1.469425e+00;5.002901e-01;1.524379e+00;4.093568e-01;1.507721e+00;2.758554e-01;1.447635e+00;2.816214e-01;1.363640e+00;2.549946e-01;1.231963e+00;2.077813e-01;1.071522e+00;1.510538e-01;8.893097e-01;1.000795e-01;7.282764e-01;5.758192e-02;5.861555e-01;1.297376e-01;1.103846e-01;1.501715e-01;1.518759e-01;3.626669e+02;7.984512e+02;6.882505e+02;1.307496e+03;1.067471e+03;2.059723e+03;1.499508e+03;3.294867e+03;1.665759e-01;2.923844e-01;7.627305e+02;1.693000e+03;1.218456e+00;4.873829e+00;2.261185e+06;2.679337e+06;1.438010e+00;3.769408e+00;2.533166e+01;3.442589e+01;7.979068e-02;-6.443468e-02;4.454864e-01;1.255548e+00;3.473390e-01;2.447250e-01;7.447788e+00;2.979466e+00;1.027912e+01;-1.930238e+01;8.970962e+00;-7.161645e+00;9.415628e+00;-1.810827e+01;8.145096e+00;-1.091123e+01;1.098266e+01;-1.267740e+01;1.010468e+01;-4.286223e+00;1.039178e+01;-1.271964e+00;1.111614e+01;9.265552e-01;9.812629e+00;-9.950704e+00;1.122415e+01;-9.005583e+00;6.491522e+00;-6.435395e+00;7.289612e+00;-8.643758e+00;4.620557e+00;-1.163448e+01;9.991990e-03;3.089473e-03;1.682323e-05;1.547825e-06;7.819544e-06;-1.198936e-06;7.824486e-06;-5.697611e-07;1.822842e-05;-3.510415e-07;8.646349e-03;7.107021e-04;1.151134e-01;2.762032e-03;8.463633e-02;4.984421e-03;4.240347e-03;7.535784e-05;1.040888e-02;-6.204334e-04;3.534726e-02;-3.370059e-04;6.501028e-02;2.346700e-04;8.553304e-02;1.435328e-03;1.234273e-01;1.230488e-03;1.951576e-01;5.337470e-03;1.468434e-01;9.150061e-03;1.687322e-01;5.192192e-03;1.788253e-01;9.888949e-03;1.525132e-01;7.124052e-03;1.761810e-01;3.947925e-03;1.445467e-01;3.394790e-03;1.699746e-01;4.825522e-03;1.666919e-01;5.476677e-03;1.297373e-01;4.624780e-03;1.125566e-01;4.344153e-03;1.075869e-01;6.153398e-03;9.572217e-02;4.850261e-03;1.309385e-01;1.100463e-02;1.171710e-01;1.244203e-02;7.924732e-02;5.704993e-03;6.978671e-02;5.859559e-03;7.106382e-02;5.373046e-03;5.853828e-02;4.363555e-03;4.202314e-02;3.276074e-03;2.728482e-02;2.917944e-03;1.499820e-02;1.779379e-03;4.708164e-02;2.827869e-04;2.590017e-02;1.618341e-04;1.280167e+02;-8.857325e+00;2.264544e+02;-1.824580e+01;3.327641e+02;-7.809375e+00;4.580502e+02;-1.673848e+01;5.800297e-02;7.242864e-04;2.420177e+02;-1.202910e+01;3.267682e-01;-1.670604e-02;6.569261e+05;-2.269493e+04;4.749024e-01;6.030290e-04;7.523970e+00;1.529291e-02;1.525631e-02;-6.603009e-05;1.442349e-01;-7.281568e-03;6.119112e-02;2.735607e-04;2.310482e+00;3.270085e-02;1.720535e+00;-7.789950e-03;1.906856e+00;-8.223693e-02;2.399241e+00;-2.304074e-01;2.061611e+00;-2.104537e-01;3.423687e+00;-5.647199e-02;2.294099e+00;-1.775510e-02;3.143043e+00;1.337179e-01;3.257261e+00;1.499018e-01;2.799414e+00;-7.769966e-02;3.623660e+00;-3.235997e-02;2.395444e+00;2.190377e-02;2.463779e+00;-7.659350e-03;1.479520e+00;2.702340e-02
6.500000;1.450310e+02;1.995655e+02;8.718625e-02;7.858591e-01;3.183198e-02;1.915025e-02;3.156962e-02;1.670384e-02;1.011796e-01;1.111165e-01;4.649177e+01;-2.436980e+01;4.869245e-01;1.195127e+00;3.394867e-01;1.040058e+00;1.890473e-02;2.609749e-02;3.751152e-02;9.081129e-02;1.281948e-01;1.691801e-01;2.139730e-01;3.394680e-01;2.774805e-01;4.911884e-01;3.960866e-01;6.506349e-01;5.179231e-01;8.067938e-01;3.958249e-01;8.410361e-01;5.347700e-01;9.844466e-01;7.237136e-01;1.079911e+00;6.438354e-01;1.109054e+00;7.170566e-01;1.185818e+00;5.800595e-01;1.166392e+00;5.664985e-01;1.200725e+00;6.748751e-01;1.324987e+00;6.707067e-01;1.350114e+00;4.282981e-01;1.330485e+00;4.418470e-01;1.371416e+00;3.628030e-01;1.364774e+00;4.301360e-01;1.426530e+00;4.188819e-01;1.467048e+00;3.770186e-01;1.450872e+00;3.640445e-01;1.370734e+00;3.451912e-01;1.261850e+00;2.430749e-01;1.074942e+00;1.698355e-01;8.945665e-01;1.163338e-01;7.340443e-01;7.352786e-02;5.945085e-01;1.362949e-01;9.585004e-02;2.198194e-01;1.296568e-01;3.056933e+02;6.874834e+02;5.968979e+02;1.092308e+03;9.757040e+02;2.030868e+03;1.356006e+03;3.123894e+03;1.843220e-01;2.714860e-01;6.480349e+02;1.589694e+03;1.072862e+00;4.797707e+00;1.882594e+06;2.656229e+06;1.677453e+00;3.846225e+00;2.764936e+01;3.327309e+01;6.885525e-02;-4.805084e-02;3.800343e-01;1.187548e+00;3.022639e-01;1.730659e-01;6.719153e+00;3.094032e+00;8.041561e+00;-1.604654e+01;8.904046e+00;-7.141913e+00;9.751708e+00;-2.005171e+01;1.063236e+01;-1.226254e+01;1.026239e+01;-1.260477e+01;8.506839e+00;-2.817541e+00;8.966320e+00;1.725927e+00;1.208516e+01;1.789214e+00;1.054027e+01;-9.140086e+00;9.166966e+00;-6.459944e+00;5.833797e+00;-5.979926e+00;4.606560e+00;-1.043899e+01;4.973829e+00;-1.134892e+01;1.017986e-02;3.355718e-03;1.306692e-05;-8.918527e-08;6.926877e-06;-6.763630e-07;7.626309e-06;-3.261526e-07;1.580246e-05;3.980866e-07;6.986995e-03;1.143738e-05;1.333624e-01;5.747201e-03;9.683264e-02;5.711492e-03;4.706230e-03;3.972129e-04;8.166606e-03;-4.096750e-04;4.202662e-02;3.217500e-04;7.618048e-02;1.624672e-03;9.667945e-02;5.017490e-03;1.466718e-01;4.038610e-03;1.704805e-01;2.514442e-03;1.063104e-01;-1.308054e-03;1.587489e-01;7.074016e-03;1.828588e-01;1.450304e-02;1.667201e-01;1.612345e-02;1.768135e-01;2.320332e-02;1.693939e-01;1.396996e-02;1.665161e-01;-1.461725e-04;1.840252e-01;1.182262e-02;1.667313e-01;1.993975e-02;1.253341e-01;8.111124e-03;1.313430e-01;6.816698e-03;1.042887e-01;3.421951e-03;1.094480e-01;-6.907701e-03;1.165971e-01;-1.145716e-03;1.014919e-01;8.374556e-03;9.263039e-02;3.568080e-03;8.429082e-02;4.064096e-03;6.083667e-02;1.639078e-03;4.559929e-02;1.474767e-03;3.039919e-02;-1.540157e-04;1.884989e-02;5.369867e-04;5.007981e-02;-3.508284e-04;4.566707e-02;6.916359e-03;1.042712e+02;-1.722656e-01;1.745157e+02;-5.311523e+00;2.783329e+02;-8.240039e+00;3.694532e+02;-1.416885e+01;7.006763e-02;1.169115e-03;1.921435e+02;-5.184464e+00;2.608135e-01;-1.175505e-02;5.359307e+05;-8.272031e+03;4.533031e-01;2.859377e-02;7.996007e+00;4.025463e-01;1.752472e-02;-2.013578e-03;1.160801e-01;-2.362521e-03;5.866433e-02;8.462692e-03;2.148956e+00;1.074709e-01;2.126573e+00;4.129010e-02;2.043364e+00;-1.057406e-01;2.260009e+00;3.163024e-02;2.622768e+00;1.322337e-01;3.560625e+00;-2.602105e-02;2.659842e+00;1.337198e-01;2.760731e+00;-1.089975e-01;2.952772e+00;-3.732153e-01;2.846520e+00;-1.626452e-01;2.332382e+00;-5.436773e-02;2.195809e+00;-4.084780e-02;1.531538e+00;3.509659e-03;1.742289e+00;-3.041361e-02
7.000000;9.767369e+01;2.274194e+02;7.628892e-02;8.010526e-01;4.888842e-02;3.361891e-02;5.039938e-02;3.428520e-02;1.004679e-01;1.335856e-01;3.458026e+01;-8.638081e+00;5.971447e-01;1.329294e+00;4.226994e-01;1.135185e+00;2.368566e-02;3.104824e-02;3.993855e-02;8.859789e-02;1.256084e-01;1.615151e-01;2.102265e-01;3.129277e-01;2.735060e-01;4.848039e-01;4.655995e-01;6.592038e-01;5.965312e-01;8.066792e-01;4.826736e-01;8.828514e-01;6.499191e-01;1.063293e+00;7.665807e-01;1.224073e+00;7.134396e-01;1.286636e+00;8.011186e-01;1.330167e+00;7.420664e-01;1.352097e+00;7.619637e-01;1.471761e+00;8.322011e-01;1.509481e+00;7.625362e-01;1.437956e+00;5.999806e-01;1.506472e+00;5.678858e-01;1.560358e+00;4.842798e-01;1.530517e+00;5.486537e-01;1.595482e+00;4.991690e-01;1.589435e+00;4.553429e-01;1.534881e+00;3.845637e-01;1.448323e+00;3.748473e-01;1.312940e+00;2.704649e-01;1.126868e+00;2.020105e-01;9.520710e-01;1.257873e-01;7.650603e-01;7.520346e-02;6.089602e-01;1.278098e-01;7.342716e-02;2.655138e-01;1.970164e-01;2.248087e+02;7.378711e+02;5.491349e+02;1.127766e+03;1.047688e+03;2.017948e+03;1.470544e+03;3.083411e+03;2.023359e-01;2.878866e-01;6.586332e+02;1.605963e+03;1.128652e+00;4.759568e+00;2.143968e+06;2549950;1.710253e+00;3.966602e+00;2.905141e+01;3.581549e+01;9.217320e-02;-6.947871e-02;3.846620e-01;1.214434e+00;3.797456e-01;2.638356e-01;6.741884e+00;2.997731e+00;8.351115e+00;-1.855458e+01;8.516994e+00;-1.093258e+01;7.908071e+00;-2.142093e+01;1.072033e+01;-1.005461e+01;7.098214e+00;-9.872166e+00;9.719158e+00;-8.430063e-01;8.673005e+00;-1.896764e+00;1.045180e+01;-1.310107e+00;1.101315e+01;-1.203972e+01;1.182596e+01;-1.089104e+01;6.481041e+00;-8.392716e+00;5.965474e+00;-7.160869e+00;5.781346e+00;-7.143734e+00;5.180574e-03;1.427224e-03;1.261641e-05;-4.144240e-07;7.990974e-06;3.002294e-08;7.505386e-06;-2.280294e-07;1.703637e-05;1.668027e-06;6.469299e-03;-4.051745e-05;1.608227e-01;-1.759073e-03;1.188584e-01;-4.366787e-03;5.758000e-03;-5.621122e-05;6.742235e-03;3.754094e-04;4.283529e-02;2.364961e-04;7.045755e-02;-8.067911e-04;8.456736e-02;-2.042263e-03;1.537143e-01;-1.008790e-03;1.648150e-01;-6.264620e-03;1.391021e-01;-6.515095e-03;1.887279e-01;-2.918772e-03;2.026376e-01;-9.797113e-03;1.772524e-01;-7.005798e-03;2.075914e-01;-4.118096e-03;2.018891e-01;-3.082160e-03;2.042638e-01;-4.468734e-03;2.222270e-01;-4.599787e-03;2.025269e-01;-2.187010e-03;1.803773e-01;-3.150364e-03;1.678097e-01;-6.295958e-03;1.565794e-01;-3.778921e-03;1.414916e-01;-1.187992e-02;1.484264e-01;-1.085771e-02;1.352664e-01;-4.564736e-03;1.091588e-01;-3.360059e-03;1.011919e-01;-5.893579e-03;7.494541e-02;-3.623008e-03;6.125493e-02;-2.641992e-03;3.807410e-02;-1.983704e-03;2.317249e-02;-9.279885e-04;4.731125e-02;-2.544172e-04;6.853145e-02;-9.761767e-05;4.939966e+01;4.952637e+00;1.218440e+02;1.616426e+01;2.535164e+02;3.201270e+00;3.483621e+02;1.062305e+01;7.280281e-02;-5.244946e-04;1.572040e+02;8.169881e+00;2.315138e-01;1.380122e-02;5.788605e+05;1.142972e+04;4.206538e-01;1.845626e-04;8.071589e+00;-1.160381e-03;2.410404e-02;5.387498e-05;9.429558e-02;4.859502e-03;8.123454e-02;-2.302473e-04;1.752761e+00;-3.169616e-02;2.193154e+00;-2.607368e-02;2.140741e+00;4.753528e-02;2.230488e+00;1.587763e-01;2.964218e+00;1.527780e-01;2.741723e+00;6.613071e-02;3.008248e+00;6.515570e-02;2.926062e+00;3.311414e-02;2.859601e+00;-3.050687e-02;2.697070e+00;1.389724e-01;2.446337e+00;-1.599109e-03;1.891216e+00;-1.331437e-01;1.998513e+00;7.950611e-03;2.150434e+00;-8.449509e-03
7.500000;1.256606e+02;1.731234e+02;9.444851e-02;7.670698e-01;5.457122e-02;3.889266e-02;5.192010e-02;3.443518e-02;1.019289e-01;8.983957e-02;4.757438e+01;-2.849304e+01;6.559069e-01;1.282691e+00;4.887832e-01;1.132894e+00;2.656088e-02;3.144232e-02;5.663258e-02;1.137541e-01;1.535013e-01;1.708374e-01;2.725457e-01;3.473072e-01;3.332962e-01;5.006462e-01;5.194447e-01;6.892281e-01;7.477087e-01;9.145616e-01;8.256165e-01;1.032101e+00;1.161829e+00;1.254411e+00;7.947514e-01;1.162578e+00;6.837247e-01;1.176144e+00;7.306231e-01;1.233983e+00;8.870311e-01;1.411525e+00;7.743841e-01;1.394567e+00;7.582768e-01;1.395561e+00;7.532650e-01;1.449900e+00;7.269604e-01;1.526010e+00;6.701799e-01;1.543567e+00;6.125757e-01;1.572421e+00;6.633258e-01;1.610941e+00;5.652959e-01;1.562277e+00;4.601895e-01;1.491377e+00;3.266665e-01;1.385671e+00;3.356996e-01;1.259695e+00;2.623757e-01;1.099909e+00;2.015056e-01;9.220646e-01;1.271530e-01;7.456409e-01;7.130773e-02;6.023282e-01;1.602126e-01;9.795292e-02;2.081038e-01;1.668896e-01;3.634814e+02;9.061172e+02;8.253792e+02;1.565464e+03;1.365548e+03;2.396215e+03;2.013039e+03;3.701558e+03;2.124929e-01;2.957780e-01;9.530013e+02;1.954642e+03;1.414887e+00;5.175637e+00;2.970462e+06;3.536257e+06;2.435825e+00;3.968998e+00;5.912463e+01;4.258087e+01;1.019776e-01;-7.786745e-02;5.723962e-01;1.431676e+00;4.225008e-01;2.962785e-01;8.105862e+00;2.029424e+00;8.973193e+00;-1.785752e+01;9.039580e+00;-1.011899e+01;9.517320e+00;-1.824786e+01;9.235104e+00;-7.620677e+00;6.473045e+00;-8.173066e+00;8.479130e+00;-7.656161e-01;8.568954e+00;-3.991720e+00;7.686898e+00;-1.910767e+00;7.231317e+00;-1.064491e+01;7.318697e+00;-1.347364e+01;6.026917e+00;-1.237112e+01;9.220016e+00;-8.484149e+00;5.696114e+00;-7.100560e+00;4.649130e-03;9.601886e-04;1.209202e-05;-3.531498e-07;8.305582e-06;-1.886352e-07;6.941106e-06;2.500583e-07;1.577626e-05;7.041726e-07;6.907307e-03;-4.547956e-05;1.627807e-01;-2.197935e-04;1.282181e-01;-2.564184e-04;5.794696e-03;-1.501427e-04;8.945736e-03;3.298059e-04;5.087326e-02;-1.780083e-04;8.836514e-02;-2.360682e-04;1.034838e-01;-7.377122e-04;1.699734e-01;-1.683296e-03;2.115019e-01;6.890947e-03;2.338010e-01;2.253324e-03;2.842567e-01;-1.166220e-03;1.833695e-01;-3.691820e-03;1.723942e-01;-9.171461e-03;1.976756e-01;-4.298521e-03;2.215685e-01;1.883747e-03;1.930389e-01;-6.553024e-03;1.966034e-01;-6.291703e-03;2.036214e-01;-7.779690e-03;2.014053e-01;1.626177e-03;1.662966e-01;4.189738e-03;1.895276e-01;3.410843e-03;1.792379e-01;5.604834e-03;1.496350e-01;8.751751e-03;1.413305e-01;-3.841627e-04;9.499504e-02;-1.551739e-03;9.824942e-02;7.704683e-04;8.224836e-02;7.659202e-04;6.573723e-02;-3.222888e-04;4.268447e-02;4.467121e-04;2.207608e-02;7.844110e-04;5.249389e-02;4.791975e-04;5.955682e-02;-2.853435e-03;1.042468e+02;-5.742188e-01;2.099507e+02;1.047949e+00;3.349329e+02;1.435547e+00;4.934025e+02;4.105664e+00;7.056623e-02;4.124545e-04;2.365063e+02;1.412420e+00;2.707998e-01;7.603231e-03;8.019085e+05;4.023701e+03;6.410718e-01;-1.666115e-02;1.782555e+01;-2.852420e-01;2.457613e-02;9.070713e-04;1.457743e-01;5.897714e-04;8.891208e-02;-3.890621e-03;1.977130e+00;-1.442040e-02;2.212923e+00;3.711652e-02;2.831821e+00;1.040194e-01;2.819889e+00;-7.361172e-02;2.862529e+00;-1.141585e-01;2.211259e+00;1.098239e-02;2.256708e+00;-1.031037e-01;2.797822e+00;-1.009347e-01;2.553368e+00;4.499067e-02;1.898512e+00;1.805614e-01;1.899306e+00;1.275611e-01;1.747860e+00;-8.033958e-02;2.590572e+00;-1.863614e-01;2.129912e+00;4.563019e-02
8.000000;1.064544e+02;1.851327e+02;8.595134e-02;7.785058e-01;3.769642e-02;2.913192e-02;3.528351e-02;2.324960e-02;9.992897e-02;1.127889e-01;4.327968e+01;-1.959808e+01;6.211745e-01;1.244052e+00;4.559445e-01;1.088259e+00;2.540281e-02;3.053196e-02;5.446783e-02;1.035135e-01;1.687402e-01;1.738163e-01;2.564908e-01;3.351914e-01;3.117710e-01;4.918300e-01;4.364144e-01;6.586772e-01;5.443035e-01;8.322802e-01;7.356223e-01;9.696926e-01;1.120004e+00;1.175910e+00;8.644283e-01;1.226261e+00;6.562136e-01;1.139183e+00;6.891779e-01;1.202235e+00;8.386882e-01;1.309255e+00;6.770340e-01;1.249725e+00;6.852584e-01;1.328323e+00;7.081203e-01;1.445624e+00;6.816971e-01;1.452010e+00;6.056983e-01;1.443586e+00;6.113821e-01;1.499674e+00;5.906839e-01;1.486886e+00;5.301763e-01;1.488932e+00;5.020894e-01;1.481400e+00;3.795574e-01;1.375480e+00;3.386964e-01;1.241598e+00;2.438023e-01;1.071475e+00;1.607163e-01;8.861473e-01;1.088520e-01;7.305306e-01;7.765140e-02;5.990027e-01;1.468735e-01;1.024542e-01;1.785128e-01;1.308040e-01;3.665203e+02;7.947188e+02;8.404531e+02;1.334197e+03;1.307216e+03;2.115853e+03;1.926951e+03;3.405404e+03;2.222148e-01;3.092345e-01;9.157405e+02;1.764763e+03;1.319006e+00;4.958929e+00;2.726166e+06;3.335929e+06;2.499234e+00;4.341052e+00;5.993021e+01;4.698857e+01;9.626773e-02;-7.280415e-02;5.509678e-01;1.318039e+00;3.916811e-01;2.735362e-01;8.107636e+00;3.739385e+00;7.856799e+00;-1.573453e+01;7.970757e+00;-1.040149e+01;8.766173e+00;-2.039036e+01;8.881868e+00;-1.214491e+01;8.174549e+00;-1.040618e+01;8.269649e+00;-2.008048e+00;8.825452e+00;-3.935558e+00;7.909082e+00;-3.021668e+00;7.101311e+00;-8.738808e+00;6.537678e+00;-1.047189e+01;6.991864e+00;-1.287960e+01;9.449679e+00;-1.132754e+01;5.628196e+00;-8.852045e+00;3.285776e-03;3.628309e-04;1.021478e-05;6.052205e-07;5.977345e-06;-7.564602e-07;6.043497e-06;-4.431921e-07;1.613868e-05;-1.306199e-06;5.341548e-03;3.299534e-05;1.627755e-01;7.748074e-03;1.213796e-01;4.707102e-03;5.866292e-03;2.552407e-04;8.493681e-03;-8.684808e-04;5.509887e-02;1.364799e-04;8.278105e-02;1.786825e-04;9.795180e-02;9.023377e-04;1.463132e-01;3.683435e-04;1.588861e-01;6.941302e-03;2.054743e-01;7.607781e-03;2.626603e-01;2.976154e-03;2.129889e-01;5.731648e-03;1.762479e-01;5.480350e-03;1.762518e-01;6.586147e-03;2.068950e-01;5.396158e-03;1.909471e-01;5.400066e-03;2.005429e-01;1.143056e-02;1.934930e-01;1.140673e-02;1.878197e-01;4.933808e-03;1.560934e-01;7.485634e-03;1.877322e-01;7.071824e-03;1.712309e-01;4.494153e-03;1.431034e-01;5.847735e-03;1.556529e-01;6.222956e-03;1.166342e-01;5.890911e-03;1.003076e-01;4.204766e-03;7.698799e-02;2.123102e-03;5.589436e-02;1.039108e-03;3.803586e-02;1.425786e-03;2.443555e-02;1.102165e-03;4.862244e-02;1.128428e-03;5.073940e-02;1.829212e-03;1.006685e+02;-4.521973e+00;2.133643e+02;-1.495840e+01;3.160681e+02;-1.818838e+01;4.711508e+02;-2.357168e+01;6.505433e-02;2.013580e-03;2.219167e+02;-1.338244e+01;2.858518e-01;-2.206956e-02;7.228324e+05;-3.048270e+04;7.010561e-01;1.047213e-02;1.868946e+01;1.341046e-01;2.341237e-02;-5.165261e-04;1.361485e-01;-7.269525e-03;8.922184e-02;2.134858e-03;2.063492e+00;8.196787e-02;2.438952e+00;-1.169589e-01;2.736891e+00;-1.248796e-01;2.557009e+00;-6.660331e-02;2.313170e+00;-1.118850e-01;2.507669e+00;-1.323398e-01;2.799794e+00;-5.715622e-03;2.715311e+00;9.862010e-02;2.560211e+00;-6.592886e-02;2.591469e+00;-2.127963e-02;2.597075e+00;8.921476e-02;2.470773e+00;1.437841e-01;2.696167e+00;6.679437e-02;2.057624e+00;-9.696610e-02
8.500000;6.705502e+01;2.323212e+02;7.268827e-02;8.110301e-01;6.134019e-02;4.121540e-02;4.614253e-02;3.211853e-02;1.132342e-01;1.703775e-01;2.538523e+01;-1.682202e+00;5.615952e-01;1.374116e+00;3.764817e-01;1.088897e+00;2.218065e-02;3.419512e-02;3.209937e-02;7.914840e-02;1.739477e-01;1.731167e-01;2.156277e-01;3.175671e-01;2.122183e-01;4.771520e-01;3.129703e-01;6.197462e-01;3.087470e-01;7.511435e-01;3.441797e-01;8.269932e-01;5.556528e-01;9.732939e-01;8.403847e-01;1.235652e+00;7.200460e-01;1.224375e+00;7.259735e-01;1.281558e+00;5.932092e-01;1.257498e+00;6.097821e-01;1.314466e+00;7.196643e-01;1.437256e+00;6.665757e-01;1.425832e+00;5.677102e-01;1.458310e+00;5.309832e-01;1.489988e+00;4.959705e-01;1.475847e+00;4.695988e-01;1.510783e+00;4.813115e-01;1.527559e+00;4.960990e-01;1.510433e+00;4.115666e-01;1.431062e+00;3.152855e-01;1.268280e+00;2.334943e-01;1.080631e+00;1.603709e-01;9.030119e-01;1.131881e-01;7.425636e-01;8.075398e-02;5.971912e-01;1.096147e-01;7.426707e-02;1.897777e-01;1.730083e-01;1.643184e+02;6.976758e+02;4.432256e+02;1.016654e+03;8.616358e+02;1.632791e+03;1.338985e+03;2.685190e+03;2.126906e-01;3.475398e-01;5.606226e+02;1.420055e+03;1.054398e+00;4.516704e+00;1962640;2217654;1.957981e+00;4.850964e+00;3.961102e+01;5.201574e+01;7.886349e-02;-7.598926e-02;3.222037e-01;1.118608e+00;3.018485e-01;2.859264e-01;6.690333e+00;5.766907e+00;8.073042e+00;-1.911859e+01;7.916176e+00;-1.371102e+01;5.796618e+00;-2.175417e+01;7.562791e+00;-1.170294e+01;8.672101e+00;-9.849426e+00;9.773692e+00;-1.627708e+00;9.892417e+00;-3.868483e+00;8.324742e+00;-7.412440e+00;1.160362e+01;-1.240585e+01;9.401326e+00;-1.147852e+01;7.662381e+00;-1.156571e+01;7.608086e+00;-8.816735e+00;6.501769e+00;-8.507365e+00;4.037675e-03;1.123362e-04;1.189812e-05;1.892694e-07;9.758483e-06;-4.542525e-07;9.045262e-06;-4.952292e-07;1.994452e-05;-1.629724e-06;3.759390e-03;9.018966e-06;1.765924e-01;-7.542517e-04;1.167597e-01;-9.491847e-04;6.631510e-03;5.309677e-05;8.324894e-03;-1.851851e-04;5.892643e-02;1.106193e-04;7.645484e-02;-1.198550e-03;7.199584e-02;-3.318482e-03;1.087517e-01;-1.995820e-03;1.053023e-01;-8.680279e-03;1.183310e-01;-4.821243e-03;1.649783e-01;5.389323e-03;2.375576e-01;1.976849e-03;2.061319e-01;4.026169e-03;2.095828e-01;-6.534870e-03;1.829595e-01;-1.488836e-02;1.893244e-01;5.282065e-03;2.224852e-01;3.745851e-03;2.084792e-01;-2.716630e-03;1.799068e-01;-4.116951e-03;1.707575e-01;1.864881e-03;1.654414e-01;-2.106332e-03;1.496334e-01;-3.086203e-03;1.609485e-01;-2.370547e-03;1.621396e-01;3.865653e-03;1.334379e-01;4.989586e-03;1.003145e-01;-1.389965e-03;7.408163e-02;-8.375569e-04;5.782830e-02;1.518221e-03;3.958097e-02;1.383735e-03;2.937597e-02;-7.699598e-04;4.307218e-02;-1.009850e-03;6.286346e-02;3.845331e-04;5.695323e+01;4.306641e-01;1.556594e+02;-6.172851e-01;2.687794e+02;-2.296875e+00;4.099903e+02;-4.105664e+00;6.893185e-02;-1.751563e-03;1.722076e+02;-1.034369e+00;3.298042e-01;-6.485474e-03;5.893251e+05;-2.470902e+03;6.639876e-01;4.751797e-03;1.313622e+01;3.096194e-02;2.380883e-02;-2.582193e-04;9.935911e-02;-4.658189e-04;8.848953e-02;1.040694e-03;2.132420e+00;-4.163240e-02;2.365082e+00;-6.426431e-02;2.402792e+00;-6.037032e-02;1.907493e+00;4.107752e-02;2.096120e+00;1.143351e-01;2.537530e+00;1.485436e-01;3.328393e+00;1.658532e-01;3.312570e+00;1.268552e-01;2.657727e+00;-1.059945e-01;3.747663e+00;-1.473243e-01;3.612278e+00;-1.711982e-01;2.790387e+00;-9.120867e-03;2.300838e+00;3.144433e-01;2.535537e+00;3.572281e-03
9.000000;1.410873e+02;2.133709e+02;9.057233e-02;8.035978e-01;6.891526e-02;4.019254e-02;5.555950e-02;3.174262e-02;1.329402e-01;1.351204e-01;4.240502e+01;-1.877999e+01;5.216877e-01;1.400671e+00;3.305784e-01;1.090087e+00;2.074950e-02;3.467523e-02;3.615585e-02;8.263668e-02;1.515113e-01;1.695371e-01;2.182999e-01;3.252521e-01;2.335050e-01;4.824204e-01;3.382332e-01;6.334121e-01;3.540774e-01;7.570215e-01;3.753129e-01;8.631757e-01;5.580937e-01;1.013371e+00;7.181737e-01;1.128587e+00;7.291200e-01;1.214690e+00;7.116872e-01;1.270918e+00;5.261585e-01;1.244138e+00;5.041015e-01;1.324248e+00;6.503710e-01;1.434432e+00;6.344379e-01;1.419886e+00;4.577683e-01;1.411939e+00;5.182315e-01;1.485354e+00;4.337932e-01;1.505343e+00;3.695443e-01;1.527044e+00;4.112303e-01;1.545408e+00;4.661490e-01;1.507295e+00;4.252890e-01;1.432987e+00;3.154492e-01;1.284956e+00;2.485843e-01;1.100220e+00;1.768056e-01;9.138122e-01;1.186189e-01;7.475020e-01;6.761583e-02;5.993016e-01;1.355764e-01;7.166412e-02;2.062595e-01;1.976023e-01;2.327008e+02;7.440439e+02;4.869856e+02;1.079388e+03;8.576131e+02;1.640256e+03;1.300886e+03;2.670404e+03;1.911342e-01;3.378587e-01;5.836177e+02;1.441035e+03;1.118166e+00;4.565883e+00;1.801928e+06;2.064385e+06;1.860225e+00;4.783840e+00;3.938486e+01;5.071833e+01;7.182452e-02;-7.502583e-02;3.400818e-01;1.128061e+00;3.058204e-01;2.868021e-01;6.944704e+00;4.849476e+00;9.663564e+00;-2.093559e+01;9.178671e+00;-1.338281e+01;7.930881e+00;-2.009374e+01;7.588984e+00;-7.532027e+00;8.055340e+00;-6.941700e+00;1.038398e+01;-3.403385e-01;9.539419e+00;-4.013981e+00;1.017201e+01;-9.126133e+00;1.209000e+01;-1.493546e+01;9.993715e+00;-1.381566e+01;7.597414e+00;-1.103986e+01;6.166282e+00;-7.360083e+00;6.291779e+00;-8.384337e+00;7.386564e-03;1.282258e-03;1.291945e-05;-3.746709e-08;1.028160e-05;-5.318135e-07;1.000632e-05;-5.042347e-07;1.670079e-05;-1.749800e-06;6.116653e-03;-3.322553e-06;1.586314e-01;-4.506678e-03;1.020218e-01;-1.103481e-03;5.973043e-03;-1.378886e-04;8.409648e-03;-1.029227e-04;5.260298e-02;-1.471251e-04;7.723194e-02;-4.010886e-04;7.555604e-02;-8.153991e-04;1.113904e-01;9.151977e-05;1.134933e-01;-4.399850e-03;1.283621e-01;3.979257e-04;1.619844e-01;2.980036e-03;2.028597e-01;-3.594471e-03;2.110427e-01;-2.462235e-03;2.083951e-01;-1.397243e-03;1.849535e-01;-1.616436e-03;1.769836e-01;-1.765263e-03;1.969740e-01;1.805039e-03;1.885109e-01;-5.634025e-03;1.502755e-01;-2.851594e-03;1.516731e-01;-5.678402e-03;1.349571e-01;-5.214103e-03;1.225081e-01;7.126575e-04;1.346460e-01;-1.799070e-04;1.301299e-01;-2.802525e-03;1.102747e-01;-3.437513e-03;8.503865e-02;2.595705e-03;6.981795e-02;3.184481e-03;5.459495e-02;1.732382e-03;3.843726e-02;2.294156e-05;2.492283e-02;1.839842e-04;5.457552e-02;-3.450141e-04;5.640448e-02;-1.556781e-03;7.632936e+01;-2.153320e-01;1.512079e+02;-3.086426e+00;2.504060e+02;-1.679590e+00;3.913722e+02;6.072363e+00;7.440535e-02;-1.476878e-03;1.716228e+02;1.543263e-01;3.168015e-01;-1.846269e-03;5.565286e+05;1.133614e+04;6.040294e-01;6.216268e-03;1.264663e+01;7.862827e-03;2.055237e-02;3.683218e-04;1.012093e-01;1.176483e-04;7.876824e-02;-1.487601e-03;2.139309e+00;-5.036948e-02;3.139317e+00;5.916143e-02;2.833393e+00;-3.070798e-02;2.513655e+00;-3.215431e-02;2.642981e+00;1.295040e-02;2.575134e+00;-5.540373e-03;2.820493e+00;6.643812e-03;3.283540e+00;-1.787500e-02;3.057564e+00;9.667993e-02;3.608561e+00;-3.367343e-02;3.414983e+00;-3.582753e-02;2.696702e+00;-4.967657e-02;2.179347e+00;-1.978622e-01;2.429912e+00;2.099201e-03
9.500000;1.491474e+02;2.060702e+02;8.149891e-02;7.931308e-01;6.143185e-02;3.860427e-02;7.059883e-02;3.997487e-02;1.115852e-01;1.082406e-01;4.354100e+01;-2.118223e+01;5.062527e-01;1.409042e+00;3.103436e-01;1.058703e+00;2.030544e-02;3.477110e-02;3.204335e-02;7.718317e-02;1.071049e-01;1.702961e-01;1.932443e-01;3.427337e-01;2.504963e-01;5.028174e-01;3.557161e-01;6.723951e-01;3.866725e-01;8.088663e-01;3.493561e-01;8.843344e-01;4.860760e-01;9.541463e-01;7.349025e-01;1.041391e+00;5.980036e-01;1.089577e+00;5.345314e-01;1.130890e+00;4.984504e-01;1.167623e+00;5.930210e-01;1.279026e+00;5.776470e-01;1.357390e+00;4.658360e-01;1.390060e+00;4.755006e-01;1.390742e+00;5.843212e-01;1.438560e+00;4.392831e-01;1.461054e+00;3.680812e-01;1.474857e+00;3.879816e-01;1.495239e+00;4.401596e-01;1.482164e+00;4.384271e-01;1.397269e+00;3.435313e-01;1.254518e+00;2.656436e-01;1.091231e+00;1.834382e-01;9.133846e-01;1.146299e-01;7.388692e-01;6.895918e-02;5.968478e-01;2.957082e-01;1.493594e-01;1.894091e-01;1.724467e-01;2.552883e+02;6.323584e+02;4.594208e+02;8.949199e+02;7.094078e+02;1.497850e+03;1.074243e+03;2.510341e+03;2.450343e-01;3.748215e-01;5.130828e+02;1.297185e+03;8.916020e-01;4.528543e+00;1.436735e+06;1.849441e+06;1.381737e+00;4.578239e+00;2.737382e+01;4.412208e+01;8.543870e-02;-7.578623e-02;3.109961e-01;1.026103e+00;3.031098e-01;2.496354e-01;8.133242e+00;6.560354e+00;1.062819e+01;-1.770831e+01;8.424200e+00;-9.669344e+00;7.872255e+00;-1.825513e+01;8.132709e+00;-9.501905e+00;9.839964e+00;-1.117541e+01;1.048243e+01;-2.870235e+00;9.579160e+00;-1.952807e+00;1.015923e+01;-5.523021e+00;1.073044e+01;-1.223524e+01;1.111785e+01;-1.159108e+01;6.826899e+00;-1.072249e+01;8.244097e+00;-8.596875e+00;8.309940e+00;-9.019156e+00;1.008996e-02;8.504182e-04;9.877405e-06;-1.305098e-07;8.789189e-06;-8.139677e-07;1.058891e-05;-1.191107e-06;1.345283e-05;-1.607320e-07;5.837911e-03;-4.924467e-05;1.561838e-01;-2.377417e-03;9.174388e-02;-2.007980e-03;6.319042e-03;1.504987e-05;6.849388e-03;-1.539431e-04;2.904855e-02;-2.302675e-04;4.688885e-02;1.480613e-04;6.252740e-02;5.541237e-04;1.015532e-01;1.715984e-04;1.034925e-01;-3.056613e-05;1.101465e-01;6.300405e-04;1.439430e-01;-3.018467e-03;2.282761e-01;3.946360e-03;1.785459e-01;-4.005218e-03;1.570282e-01;-4.021742e-03;1.627557e-01;-2.635722e-03;2.006722e-01;7.583707e-04;1.832235e-01;4.500099e-03;1.387228e-01;-3.326280e-03;1.595700e-01;-3.355347e-03;1.602788e-01;-3.276457e-03;1.336415e-01;-3.132417e-03;1.166648e-01;-4.202604e-03;1.197963e-01;-4.768153e-03;1.052642e-01;-8.948697e-03;1.086943e-01;-7.610726e-03;8.861914e-02;-5.163011e-03;7.438356e-02;-2.324135e-03;5.233758e-02;-1.289193e-03;3.241014e-02;-2.111503e-03;2.403972e-02;5.343391e-04;1.096138e-01;1.766560e-04;4.628223e-02;-3.212918e-03;6.818333e+01;-4.306640e-02;1.227208e+02;-1.019238e+00;1.955699e+02;5.742187e-02;3.097137e+02;-1.808789e+00;9.058359e-02;2.593946e-03;1.320437e+02;-8.774548e-01;2.649303e-01;-5.240214e-03;4.430602e+05;-1.327286e+03;4.513651e-01;1.452798e-02;9.185173e+00;3.291474e-01;2.974615e-02;-2.355780e-04;7.940105e-02;-5.195840e-04;9.650891e-02;1.525327e-03;1.731910e+00;5.246664e-02;3.216827e+00;7.353875e-02;2.697270e+00;5.846046e-02;2.330892e+00;8.333573e-02;2.571873e+00;-9.256411e-02;2.828918e+00;-9.445259e-02;2.639856e+00;-4.588258e-02;2.851443e+00;6.857734e-02;2.990142e+00;6.693917e-02;3.306092e+00;-1.717959e-01;3.462002e+00;-1.666622e-01;2.839344e+00;-8.287123e-02;2.798365e+00;-1.553409e-02;2.808047e+00;1.204171e-01
10.000000;1.237148e+02;2.010308e+02;8.783641e-02;7.951291e-01;5.596208e-02;3.412953e-02;6.440653e-02;3.649374e-02;1.197059e-01;1.159351e-01;4.327559e+01;-1.715485e+01;4.977188e-01;1.557670e+00;3.023326e-01;1.117744e+00;2.244583e-02;4.053098e-02;2.968241e-02;7.409675e-02;1.062969e-01;1.671554e-01;1.778304e-01;3.522767e-01;1.989941e-01;4.995070e-01;2.877787e-01;6.651084e-01;3.559883e-01;8.219752e-01;3.143906e-01;8.492151e-01;5.200607e-01;1.059264e+00;9.215879e-01;1.229216e+00;5.115337e-01;1.185652e+00;4.418627e-01;1.152167e+00;4.691049e-01;1.223157e+00;6.765396e-01;1.392522e+00;6.130928e-01;1.459129e+00;4.117808e-01;1.459616e+00;4.904021e-01;1.486074e+00;6.672508e-01;1.561166e+00;3.883991e-01;1.533215e+00;4.181371e-01;1.573149e+00;4.125885e-01;1.582911e+00;4.225024e-01;1.539286e+00;3.962312e-01;1.471920e+00;3.358184e-01;1.330643e+00;2.555151e-01;1.149855e+00;1.774851e-01;9.464778e-01;1.293202e-01;7.608761e-01;8.937534e-02;6.098220e-01;2.800694e-01;1.508893e-01;1.483234e-01;1.836227e-01;2.410780e+02;6.336504e+02;4.173320e+02;8.670703e+02;6.991863e+02;1.478039e+03;9.177021e+02;2.372672e+03;2.340387e-01;3.921643e-01;4.539043e+02;1.246659e+03;9.819891e-01;4.455146e+00;1.204695e+06;1530494;1.324719e+00;4.487932e+00;2.399039e+01;4.427457e+01;1.032804e-01;-9.812212e-02;2.644654e-01;9.966415e-01;4.185861e-01;3.404924e-01;7.290894e+00;7.952209e+00;9.130703e+00;-1.764454e+01;7.747329e+00;-8.410815e+00;7.416018e+00;-1.806046e+01;7.262995e+00;-1.020056e+01;9.594133e+00;-1.339769e+01;1.099164e+01;-8.224326e-01;9.939612e+00;1.394032e+00;6.814296e+00;-5.159724e+00;1.187448e+01;-1.581905e+01;1.370196e+01;-1.310036e+01;8.008082e+00;-9.204753e+00;1.103469e+01;-5.630182e+00;1.039338e+01;-6.843217e+00;7.923004e-03;-6.783328e-04;7.956907e-06;-4.388366e-07;7.612378e-06;-1.087794e-06;9.296209e-06;-1.501614e-06;1.493328e-05;-4.387810e-07;4.408984e-03;-5.482146e-06;1.542464e-01;6.672615e-04;8.903989e-02;-9.806902e-04;6.061398e-03;-7.570357e-06;5.816780e-03;4.778282e-04;2.761395e-02;-1.119441e-04;4.661711e-02;1.350414e-03;5.219930e-02;2.294595e-03;9.013470e-02;1.409929e-03;9.512585e-02;2.745645e-03;9.200728e-02;-6.741223e-03;1.420901e-01;-3.496789e-03;2.353905e-01;1.064546e-03;1.518424e-01;6.718380e-04;1.569856e-01;-2.297246e-03;1.624603e-01;3.284136e-04;1.956265e-01;3.229009e-03;1.653151e-01;-6.997948e-03;1.358274e-01;-5.840095e-03;1.582220e-01;-8.100796e-04;1.732568e-01;1.552949e-03;1.260782e-01;3.736538e-04;1.321693e-01;2.279313e-03;1.310775e-01;-2.097438e-03;1.076470e-01;-2.168660e-03;1.067178e-01;-1.372283e-03;8.909444e-02;-3.539627e-03;7.444965e-02;-4.478955e-03;5.306701e-02;-1.569588e-03;4.117189e-02;-7.285359e-04;2.800698e-02;-5.478312e-04;1.027983e-01;-5.033004e-04;4.358090e-02;2.437965e-04;7.067070e+01;1.722656e-01;1.252499e+02;1.105371e+00;2.099271e+02;7.149024e+00;2.969556e+02;5.325879e+00;8.552550e-02;7.827237e-04;1.345394e+02;2.152500e+00;2.376609e-01;1.367472e-02;4.041937e+05;4.402729e+03;4.469078e-01;-1.025229e-02;8.320239e+00;-8.494229e-02;2.991221e-02;8.044519e-06;7.683298e-02;8.402023e-04;1.036319e-01;-1.078741e-04;2.023574e+00;7.347443e-02;2.320553e+00;9.929035e-02;2.204661e+00;1.580247e-01;1.870170e+00;8.513800e-02;2.075775e+00;4.429312e-02;2.536283e+00;1.602773e-02;2.936291e+00;-1.714403e-01;2.718184e+00;-2.243143e-01;2.424549e+00;-1.450299e-01;3.128013e+00;-1.001239e-01;3.650694e+00;-1.739268e-01;2.815880e+00;-7.493310e-02;2.940552e+00;1.542867e-01;2.860890e+00;4.913220e-02
10.500000;1.329357e+02;1.844172e+02;9.121961e-02;7.784579e-01;4.898560e-02;3.297168e-02;4.229482e-02;2.845023e-02;1.394485e-01;1.271438e-01;4.712005e+01;-2.727930e+01;5.162931e-01;1.583030e+00;3.136290e-01;1.113411e+00;2.281095e-02;4.075017e-02;3.208010e-02;8.140086e-02;1.208814e-01;1.590972e-01;1.376273e-01;2.958049e-01;1.476869e-01;4.320446e-01;2.616515e-01;5.992983e-01;3.094126e-01;7.116783e-01;3.785405e-01;8.598167e-01;5.782509e-01;1.079684e+00;8.454428e-01;1.297435e+00;5.957010e-01;1.241222e+00;5.720785e-01;1.210172e+00;4.734331e-01;1.244022e+00;6.202773e-01;1.419086e+00;6.247185e-01;1.454412e+00;4.620033e-01;1.377506e+00;4.728656e-01;1.471087e+00;5.942053e-01;1.574921e+00;3.941147e-01;1.561036e+00;4.627495e-01;1.632657e+00;4.237497e-01;1.616256e+00;4.054389e-01;1.525597e+00;3.562681e-01;1.434761e+00;3.110218e-01;1.315021e+00;2.370336e-01;1.137833e+00;1.546860e-01;9.337777e-01;1.193369e-01;7.567562e-01;8.639527e-02;6.077124e-01;1.357386e-01;1.039649e-01;1.520494e-01;1.906793e-01;2.314369e+02;6.867656e+02;4.513870e+02;9.800479e+02;7.881037e+02;1.626188e+03;1.110231e+03;2.660786e+03;2.419343e-01;4.088550e-01;4.949902e+02;1.365525e+03;1.060588e+00;4.673410e+00;1.588178e+06;1.799582e+06;1.378619e+00;4.175176e+00;2.579637e+01;4.096688e+01;9.617098e-02;-9.869105e-02;2.773610e-01;1.070342e+00;3.895312e-01;3.456312e-01;6.181243e+00;7.170889e+00;9.536244e+00;-1.853133e+01;8.596345e+00;-7.970625e+00;8.345858e+00;-1.841456e+01;7.315735e+00;-9.636770e+00;9.772544e+00;-9.876721e+00;1.064743e+01;8.167641e-01;1.058914e+01;-1.355651e+00;6.158507e+00;-5.368583e+00;9.402082e+00;-1.904563e+01;1.093815e+01;-1.589672e+01;7.712736e+00;-9.684969e+00;9.511421e+00;-4.820648e+00;8.221478e+00;-5.196378e+00;3.579915e-03;-7.071533e-04;8.835627e-06;-5.971283e-07;5.662780e-06;-5.178383e-07;5.743157e-06;-1.055094e-07;1.246469e-05;3.215879e-08;4.474716e-03;1.079480e-06;1.415941e-01;-2.995830e-03;8.668503e-02;-2.893586e-03;5.395046e-03;-1.896730e-04;7.038908e-03;2.431343e-04;3.816345e-02;5.868834e-05;4.601358e-02;3.736066e-04;4.930640e-02;-3.263553e-05;9.438860e-02;2.254872e-03;9.681041e-02;9.311038e-03;1.285685e-01;5.070669e-03;1.759807e-01;-1.697333e-03;1.793885e-01;-1.490644e-02;1.554222e-01;-9.382851e-03;1.859947e-01;-5.175908e-03;1.615681e-01;1.712295e-04;1.635825e-01;-8.966932e-03;1.387167e-01;-1.528369e-02;1.341005e-01;-5.160633e-03;1.323694e-01;-4.151287e-03;1.432447e-01;-6.944896e-03;1.143917e-01;-5.130203e-03;1.340460e-01;-1.319211e-03;1.219107e-01;-3.301182e-04;1.134471e-01;-2.600092e-03;9.177809e-02;-3.437202e-03;8.797631e-02;-1.212807e-03;6.219767e-02;-1.815700e-03;4.220663e-02;-3.570172e-03;4.035939e-02;-7.373567e-04;2.776298e-02;-6.178614e-04;5.250041e-02;1.818638e-03;4.277393e-02;-2.655902e-03;7.466341e+01;-1.536035e+00;1.512468e+02;-1.765723e+00;2.556153e+02;-3.445312e-01;3.671271e+02;7.321289e-01;8.108766e-02;-2.071703e-04;1.658555e+02;-9.479502e-01;2.482426e-01;5.151249e-03;5.049718e+05;3.557469e+03;5.257446e-01;1.178042e-04;1.010524e+01;-4.231075e-02;2.409089e-02;1.067971e-03;9.408554e-02;-9.098533e-04;7.716332e-02;-5.333055e-03;2.287089e+00;1.467230e-02;2.154781e+00;8.242362e-02;2.260962e+00;4.909174e-02;2.309301e+00;-1.153573e-01;2.179261e+00;-2.159288e-01;2.284023e+00;-2.046240e-01;2.892217e+00;-1.646211e-01;3.004596e+00;2.753193e-03;1.984746e+00;1.873259e-01;2.341395e+00;3.011194e-01;2.907972e+00;3.218556e-01;2.322671e+00;1.848124e-01;2.606428e+00;-1.475519e-01;1.971746e+00;-8.959336e-02
11.000000;1.220890e+02;1.294018e+02;7.752584e-02;7.461381e-01;5.263451e-02;3.282000e-02;5.101496e-02;2.956228e-02;1.327730e-01;1.071577e-01;4.985178e+01;-4.188813e+01;4.729189e-01;1.406438e+00;2.803915e-01;1.007733e+00;1.940989e-02;3.400400e-02;2.648565e-02;8.020534e-02;1.390253e-01;1.744325e-01;1.868034e-01;2.970439e-01;2.126607e-01;4.188778e-01;2.899496e-01;5.839022e-01;2.923840e-01;7.008362e-01;3.672831e-01;8.631327e-01;5.224308e-01;9.832311e-01;6.247304e-01;1.073117e+00;5.546741e-01;1.057664e+00;5.447709e-01;1.196134e+00;4.388469e-01;1.164440e+00;4.874697e-01;1.194521e+00;4.867220e-01;1.199068e+00;4.443413e-01;1.247489e+00;4.252477e-01;1.310232e+00;4.350891e-01;1.369688e+00;4.087720e-01;1.398769e+00;4.302824e-01;1.427525e+00;3.588718e-01;1.431777e+00;2.706716e-01;1.399356e+00;2.415201e-01;1.309690e+00;2.147449e-01;1.187986e+00;1.781213e-01;1.031454e+00;1.277815e-01;8.718682e-01;8.586607e-02;7.191189e-01;7.061024e-02;5.897027e-01;2.331354e-01;1.428180e-01;1.472733e-01;1.416125e-01;1.870237e+02;6.243193e+02;3.962048e+02;9.322441e+02;6.638301e+02;1.539193e+03;1.050324e+03;2.595038e+03;2.809525e-01;4.278220e-01;4.258398e+02;1.309237e+03;8.658609e-01;4.806828e+00;1.376075e+06;1.852060e+06;1.478341e+00;4.396377e+00;2.722993e+01;4.256256e+01;7.750364e-02;-7.253158e-02;2.432581e-01;1.032563e+00;2.038678e-01;1.976287e-01;6.586327e+00;7.983498e+00;8.646431e+00;-1.608499e+01;1.100530e+01;-8.400492e+00;1.055315e+01;-1.842454e+01;8.289436e+00;-1.089865e+01;9.482959e+00;-8.701601e+00;7.863900e+00;-8.387849e-01;9.386917e+00;-1.998873e+00;7.011271e+00;-1.774909e+00;9.265215e+00;-1.029694e+01;8.520097e+00;-7.524992e+00;5.569786e+00;-8.024192e+00;5.534581e+00;-8.394814e+00;5.015748e+00;-7.665657e+00;2.093333e-03;-7.003848e-04;6.980160e-06;5.148696e-08;5.599226e-06;-5.533773e-07;5.385513e-06;-3.180951e-07;8.773842e-06;-8.389931e-07;4.374865e-03;-3.119688e-06;1.432427e-01;-3.386633e-03;8.481213e-02;-1.668110e-03;6.031096e-03;-6.763631e-05;7.134139e-03;-8.327033e-05;4.198283e-02;-2.280940e-04;5.499899e-02;-1.379093e-03;6.216625e-02;-2.304670e-03;9.085400e-02;-2.402541e-03;1.011094e-01;-2.093828e-03;1.286423e-01;5.110470e-04;1.770792e-01;2.309572e-04;1.582883e-01;1.247338e-03;1.480793e-01;-1.870218e-03;1.718128e-01;-1.075582e-03;1.445105e-01;-1.997307e-03;1.510487e-01;-3.531808e-03;1.303301e-01;-5.039912e-03;1.296974e-01;-6.054324e-04;1.229990e-01;-2.141019e-03;1.205400e-01;-2.575905e-03;1.228361e-01;-2.646134e-03;1.205016e-01;-6.122000e-03;1.015032e-01;-4.893366e-03;9.120908e-02;-8.238438e-04;8.391125e-02;1.161074e-04;7.551900e-02;-8.330281e-04;5.089485e-02;-5.067987e-04;4.239083e-02;-1.438699e-03;3.238652e-02;-6.000758e-04;2.778544e-02;-3.669800e-04;8.436786e-02;-1.580761e-04;4.979003e-02;-5.614503e-04;5.895784e+01;2.440430e-01;1.305511e+02;-1.033594e+00;2.255916e+02;-1.006318e+01;3.593792e+02;-3.761133e+00;9.474048e-02;-1.383058e-03;1.507868e+02;-2.182765e+00;2.409715e-01;-8.834692e-03;4.539341e+05;1.143649e+03;5.708057e-01;1.064715e-02;1.074423e+01;5.956693e-02;2.727841e-02;9.825039e-05;8.714986e-02;-6.451709e-04;5.977986e-02;-3.667045e-04;2.200742e+00;-4.235276e-02;1.771939e+00;-5.617896e-02;2.504337e+00;-1.925878e-01;2.746589e+00;-1.379780e-01;2.437590e+00;-4.063182e-02;2.157317e+00;6.507283e-02;2.288071e+00;2.407921e-01;2.660876e+00;2.020620e-01;1.691817e+00;1.586276e-01;2.065725e+00;2.950755e-01;2.371594e+00;1.130756e-01;1.718291e+00;2.709715e-03;2.085123e+00;1.426405e-02;1.697526e+00;8.253179e-02
11.500000;1.044248e+02;1.217336e+02;7.078872e-02;7.416171e-01;4.300174e-02;2.400945e-02;4.849672e-02;2.514570e-02;1.612077e-01;1.365864e-01;4.871268e+01;-3.551621e+01;4.190624e-01;1.228597e+00;2.446948e-01;9.620529e-01;1.595264e-02;2.811201e-02;2.290259e-02;7.631645e-02;1.190589e-01;1.699913e-01;2.221671e-01;3.349963e-01;2.971751e-01;4.784243e-01;3.252430e-01;6.190930e-01;2.750647e-01;7.138839e-01;2.799518e-01;7.996534e-01;3.656211e-01;8.968155e-01;3.356235e-01;8.995777e-01;3.638633e-01;9.392776e-01;3.529255e-01;1.061413e+00;4.092939e-01;1.110813e+00;4.201911e-01;1.125168e+00;4.048626e-01;1.125112e+00;4.482014e-01;1.221702e+00;4.241412e-01;1.248963e+00;3.861925e-01;1.271655e+00;3.955180e-01;1.340878e+00;3.254889e-01;1.321910e+00;2.683423e-01;1.332676e+00;2.655476e-01;1.359024e+00;2.429542e-01;1.293661e+00;1.965829e-01;1.172740e+00;1.617968e-01;1.013986e+00;1.554852e-01;8.617876e-01;1.041786e-01;7.170063e-01;7.189929e-02;5.831684e-01;2.197278e-01;1.337661e-01;1.462687e-01;1.077933e-01;1.517093e+02;5.969004e+02;3.151468e+02;8.485518e+02;5.693734e+02;1.323861e+03;9.420240e+02;2.235146e+03;2.688314e-01;3.766477e-01;3.675555e+02;1.194755e+03;7.972769e-01;4.689202e+00;9.901586e+05;1725614;1.687470e+00;5.082891e+00;2.943049e+01;4.944488e+01;6.281964e-02;-5.132500e-02;2.164481e-01;9.707113e-01;1.095424e-01;1.067849e-01;6.702401e+00;9.344998e+00;5.211152e+00;-1.354038e+01;1.114549e+01;-1.171508e+01;1.034616e+01;-1.931539e+01;8.278790e+00;-9.727466e+00;8.035062e+00;-8.306931e+00;5.510890e+00;-2.876509e-01;7.824221e+00;1.163853e+00;7.395798e+00;2.091540e+00;7.125723e+00;-2.744244e+00;6.716842e+00;-4.975522e+00;6.257154e+00;-9.096584e+00;4.134158e+00;-9.029176e+00;3.924698e+00;-7.893279e+00;3.456078e-03;4.862251e-04;6.112294e-06;4.238627e-07;5.386813e-06;-5.477975e-07;5.338147e-06;-8.051016e-07;1.444003e-05;-4.543608e-07;4.508724e-03;-8.292713e-06;1.376389e-01;-9.644491e-03;7.770494e-02;-3.091996e-03;5.326196e-03;-3.208739e-04;5.390806e-03;-4.913074e-05;3.400289e-02;-3.777976e-04;6.353131e-02;-1.306078e-03;7.902317e-02;-2.000303e-03;9.473344e-02;-2.628351e-03;8.224010e-02;-9.987191e-03;7.922436e-02;-6.128793e-03;1.034411e-01;-5.189274e-03;9.309965e-02;1.842970e-03;1.040032e-01;3.027044e-04;1.050982e-01;-2.012610e-03;1.195725e-01;-4.581321e-03;1.328877e-01;-1.478730e-03;1.180172e-01;-4.922876e-03;1.376991e-01;-5.643634e-03;1.480050e-01;-3.612725e-03;1.356447e-01;-4.591314e-03;1.366968e-01;-3.142216e-03;1.220145e-01;-4.098298e-03;1.028343e-01;-5.517931e-03;8.499599e-02;-4.589641e-03;8.011397e-02;-3.267439e-03;7.214192e-02;-3.301717e-03;5.853569e-02;-1.704050e-03;5.372242e-02;-4.389317e-04;3.780863e-02;-1.131017e-03;2.813639e-02;-8.853442e-04;7.674504e-02;-2.054854e-03;5.484123e-02;-1.293197e-03;5.468826e+01;7.895508e-01;9.966051e+01;4.163086e-01;1.850627e+02;-2.727539e+00;3.054617e+02;-4.579394e+00;8.817083e-02;-4.346064e-03;1.251315e+02;2.056609e-01;2.307698e-01;-5.973786e-03;3.351074e+05;6.884536e+03;5.808222e-01;1.372361e-02;1.029130e+01;7.866415e-03;2.251420e-02;9.660394e-04;7.638665e-02;4.857061e-04;3.739394e-02;-3.773687e-03;2.056354e+00;-3.826112e-02;1.469645e+00;5.778426e-02;2.571146e+00;-1.264367e-01;2.808895e+00;-9.713219e-03;2.447802e+00;1.127410e-01;2.011983e+00;2.113042e-01;1.983417e+00;8.623324e-02;2.571489e+00;-1.603444e-02;2.304185e+00;2.086163e-02;2.369521e+00;3.749191e-03;2.239148e+00;-1.754984e-01;2.092534e+00;-1.206751e-01;1.467950e+00;5.301991e-02;1.499697e+00;1.089009e-01
12.000000;1.157390e+02;1.776069e+02;7.409988e-02;7.687032e-01;4.748369e-02;3.246787e-02;4.807273e-02;3.098807e-02;2.268046e-01;2.156668e-01;3.932621e+01;-1.989216e+01;4.381847e-01;1.165483e+00;3.105616e-01;1.036207e+00;1.442463e-02;2.794525e-02;1.624168e-02;6.255858e-02;1.129222e-01;1.708702e-01;2.310720e-01;3.781820e-01;3.352324e-01;5.802072e-01;2.957945e-01;6.789682e-01;2.879496e-01;7.595070e-01;2.953235e-01;8.040089e-01;3.242792e-01;8.882027e-01;3.174303e-01;9.632407e-01;4.924120e-01;1.103379e+00;4.212216e-01;1.063739e+00;4.905114e-01;1.170854e+00;4.583077e-01;1.210131e+00;5.221512e-01;1.277998e+00;5.528810e-01;1.333030e+00;5.574991e-01;1.404996e+00;5.634147e-01;1.435306e+00;5.131674e-01;1.457794e+00;4.510904e-01;1.467125e+00;4.266506e-01;1.456761e+00;4.013451e-01;1.446138e+00;3.498503e-01;1.372721e+00;2.679656e-01;1.241025e+00;1.917995e-01;1.067298e+00;1.587222e-01;8.915613e-01;1.177512e-01;7.309371e-01;8.146767e-02;5.874106e-01;1.170177e-01;1.006131e-01;1.325198e-01;9.325688e-02;1.416234e+02;5.304346e+02;1.257142e+02;7.038486e+02;3.707898e+02;1.022253e+03;7.403184e+02;1.749070e+03;2.607935e-01;3.567207e-01;2.243225e+02;1.006020e+03;8.276163e-01;4.244347e+00;9.486855e+05;1.487666e+06;2.020289e+00;6.102472e+00;3.711355e+01;6.464861e+01;4.917613e-02;-4.745295e-02;1.405030e-01;8.626930e-01;1.025599e-01;1.115295e-01;6.087990e+00;1.138367e+01;5.843458e+00;-1.067190e+01;9.874099e+00;-1.313092e+01;8.531050e+00;-2.093201e+01;7.256057e+00;-1.009237e+01;5.862420e+00;-7.148236e+00;7.427885e+00;1.346467e+00;9.229091e+00;8.562824e-01;9.646965e+00;-8.392335e-01;8.961644e+00;-6.755125e+00;7.388716e+00;-1.205779e+01;6.000957e+00;-1.315836e+01;4.618890e+00;-8.505142e+00;7.551159e+00;-5.071624e+00;3.145365e-03;6.695309e-04;7.380430e-06;1.182036e-07;5.076940e-06;-3.699171e-07;4.656129e-06;-4.699000e-07;1.567588e-05;-1.509443e-06;5.321822e-03;-4.793791e-06;1.440826e-01;3.283925e-03;9.769335e-02;2.509818e-03;4.749861e-03;2.297500e-04;3.527923e-03;-5.127236e-04;3.051545e-02;1.982963e-04;5.937540e-02;1.560186e-03;8.492820e-02;2.830601e-03;9.146111e-02;3.972441e-03;6.769895e-02;4.846884e-03;7.985672e-02;2.692557e-03;9.047990e-02;7.015397e-03;8.506080e-02;5.557280e-03;1.213446e-01;9.356623e-03;1.368183e-01;6.455114e-03;1.371209e-01;3.014504e-03;1.398723e-01;1.964048e-03;1.591875e-01;5.728435e-03;1.685852e-01;2.125406e-03;1.888025e-01;-1.274579e-04;1.942910e-01;-6.684200e-04;1.820805e-01;1.525059e-03;1.708166e-01;2.404740e-03;1.527826e-01;4.015581e-03;1.421877e-01;2.174309e-04;1.216417e-01;-6.062604e-04;1.018339e-01;-2.793655e-04;7.123633e-02;-8.396230e-06;5.552772e-02;7.639140e-04;4.080251e-02;1.768510e-04;3.019487e-02;5.238538e-04;4.216351e-02;1.002960e-03;4.886586e-02;5.502132e-05;3.920646e+01;-8.613281e-01;4.861669e+01;-9.331055e-01;1.418205e+02;-4.809082e+00;2.520067e+02;-2.360039e+01;8.444491e-02;2.314512e-03;8.539192e+01;-6.556245e+00;2.368384e-01;-9.123530e-03;2.979182e+05;-2.535208e+04;7.549600e-01;7.724452e-02;1.366407e+01;1.722725e+00;1.736812e-02;-5.150884e-04;5.304404e-02;-4.029525e-03;3.502706e-02;1.698315e-03;1.620300e+00;1.994779e-01;1.881564e+00;1.360103e-01;2.653452e+00;2.016503e-02;2.259782e+00;-1.201446e-02;2.141705e+00;4.183762e-02;1.862623e+00;7.431099e-02;2.095351e+00;-1.507841e-01;2.770895e+00;-1.619291e-01;2.611173e+00;-2.644290e-01;2.477705e+00;-3.913514e-01;2.321471e+00;-1.964265e-01;2.155028e+00;3.618724e-02;1.597606e+00;-3.058570e-02;1.550367e+00;-7.010484e-02
12.500000;1.201397e+02;1.770510e+02;7.430960e-02;7.836089e-01;4.505912e-02;3.442134e-02;4.346804e-02;2.947918e-02;2.141245e-01;1.903652e-01;4.257050e+01;-2.520171e+01;4.398971e-01;1.211788e+00;3.293027e-01;1.075238e+00;1.416832e-02;3.003734e-02;1.165985e-02;5.718947e-02;1.116648e-01;1.664463e-01;2.097138e-01;3.447659e-01;3.055051e-01;5.310704e-01;2.397921e-01;6.301105e-01;2.611019e-01;7.442902e-01;2.683572e-01;7.863778e-01;3.125646e-01;9.066789e-01;3.573361e-01;1.015135e+00;5.302090e-01;1.220844e+00;4.001509e-01;1.135884e+00;5.157573e-01;1.211030e+00;4.992424e-01;1.280407e+00;5.497786e-01;1.361143e+00;5.488034e-01;1.421811e+00;5.911929e-01;1.463452e+00;6.349134e-01;1.522851e+00;5.983436e-01;1.535315e+00;5.436960e-01;1.555111e+00;5.168078e-01;1.560053e+00;4.806086e-01;1.517581e+00;4.121548e-01;1.437568e+00;3.034453e-01;1.275838e+00;2.348151e-01;1.090855e+00;1.604196e-01;9.048132e-01;1.134726e-01;7.399439e-01;8.052474e-02;5.968291e-01;1.279487e-01;1.010330e-01;1.121066e-01;9.200101e-02;1.819750e+02;5.038770e+02;1.388769e+02;7.101650e+02;2.659654e+02;9.860771e+02;5.310998e+02;1.564315e+03;2.551125e-01;3.526643e-01;1.616136e+02;9.483911e+02;7.907875e-01;4.195632e+00;7.693679e+05;1.233123e+06;2.510232e+00;6.689913e+00;5.333438e+01;7.932748e+01;4.869042e-02;-5.157930e-02;1.090841e-01;8.250180e-01;1.046290e-01;1.325767e-01;5.390335e+00;1.287199e+01;5.989347e+00;-1.029292e+01;1.106518e+01;-1.216856e+01;8.372671e+00;-2.094855e+01;6.968731e+00;-9.434112e+00;6.922852e+00;-7.137043e+00;8.995995e+00;-6.681967e-01;9.332697e+00;-2.913487e+00;8.507717e+00;-7.509919e+00;6.909488e+00;-1.432244e+01;8.102922e+00;-1.429343e+01;9.580488e+00;-1.175908e+01;6.219278e+00;-7.929172e+00;7.860153e+00;-5.560318e+00;8.608390e-04;-3.507845e-05;7.398395e-06;-2.688252e-07;3.989434e-06;-4.930606e-07;3.406802e-06;-4.152544e-07;1.024994e-05;-3.138736e-06;5.088510e-03;-9.035175e-06;1.564490e-01;-6.205079e-04;1.107212e-01;-9.420958e-04;4.997531e-03;-4.125696e-05;3.359603e-03;2.159234e-04;3.322006e-02;8.412008e-05;4.977677e-02;-2.984819e-04;7.146288e-02;-5.062215e-04;7.473664e-02;-1.532608e-03;6.215034e-02;3.642999e-04;8.886785e-02;7.572902e-04;8.902322e-02;-3.266850e-03;1.027256e-01;-3.866570e-03;1.413482e-01;1.526800e-03;1.415124e-01;-7.803522e-04;1.685863e-01;-7.408648e-04;1.676767e-01;-3.090956e-03;1.864530e-01;-1.305821e-03;1.807288e-01;-1.244411e-04;1.986306e-01;-1.500996e-03;2.185898e-01;-1.315139e-03;2.105264e-01;-1.305767e-03;1.985869e-01;-1.385171e-03;1.844612e-01;-1.609029e-03;1.684037e-01;-2.208926e-03;1.550596e-01;-1.394603e-03;1.198634e-01;-9.296784e-05;8.833179e-02;-1.310176e-03;5.508745e-02;-4.030488e-04;3.988359e-02;6.476337e-04;3.009538e-02;1.643835e-04;4.952096e-02;6.124442e-06;4.374995e-02;-8.667122e-07;4.159588e+01;3.588867e-01;4.057495e+01;1.406836e+00;9.906571e+01;2.368652e+00;2.049673e+02;1.435547e+00;8.824205e-02;7.795938e-05;6.294328e+01;1.575720e+00;2.287477e-01;1.007677e-02;2.510383e+05;4.984007e+03;9.183016e-01;-9.355345e-03;1.899581e+01;-1.466558e-01;1.855277e-02;4.655838e-05;3.753813e-02;1.069932e-03;3.922892e-02;-1.673166e-04;1.329235e+00;1.376383e-02;1.888988e+00;2.891365e-02;2.782080e+00;-2.738928e-02;2.076377e+00;5.446234e-03;2.065276e+00;4.853324e-02;2.336576e+00;5.930301e-02;2.480914e+00;2.961349e-02;2.076267e+00;-5.910649e-02;2.587102e+00;-1.393431e-01;2.244610e+00;-4.008877e-02;2.244696e+00;1.655331e-01;2.059959e+00;2.188151e-01;1.545946e+00;8.419661e-02;1.501409e+00;-9.055169e-02
13.000000;9.998291e+01;1.776302e+02;6.472265e-02;7.860678e-01;5.325134e-02;4.561571e-02;3.452579e-02;3.253235e-02;1.453157e-01;1.837157e-01;4.121628e+01;-2.094907e+01;4.185318e-01;1.232548e+00;3.166458e-01;1.075594e+00;1.395355e-02;2.910304e-02;1.103862e-02;5.856513e-02;1.037971e-01;1.544802e-01;1.621973e-01;3.114244e-01;2.307685e-01;4.842347e-01;2.117079e-01;5.968403e-01;2.189578e-01;7.453082e-01;2.375188e-01;8.526657e-01;2.686948e-01;8.661181e-01;3.378442e-01;9.960461e-01;4.314817e-01;1.091578e+00;3.932948e-01;1.194288e+00;5.338906e-01;1.315438e+00;4.857930e-01;1.305057e+00;5.476140e-01;1.345934e+00;5.246492e-01;1.402577e+00;5.956861e-01;1.462749e+00;5.982608e-01;1.525448e+00;6.171994e-01;1.572318e+00;6.036249e-01;1.584112e+00;5.181730e-01;1.564961e+00;4.584493e-01;1.517559e+00;3.863515e-01;1.409253e+00;3.029609e-01;1.279615e+00;2.500078e-01;1.106582e+00;1.760364e-01;9.263812e-01;1.209623e-01;7.510760e-01;8.191671e-02;6.033977e-01;1.401030e-01;1.175495e-01;1.133311e-01;1.010937e-01;1.582007e+02;5.007188e+02;1.499725e+02;7.153330e+02;1.974329e+02;1.055558e+03;5.303473e+02;1.659923e+03;2.350355e-01;3.234983e-01;1.609705e+02;9.706044e+02;5.470095e-01;4.445954e+00;6.051219e+05;1.200958e+06;2.332592e+00;6.339471e+00;5.148223e+01;7.317460e+01;4.988307e-02;-4.852289e-02;1.089204e-01;8.378755e-01;1.038753e-01;1.260473e-01;3.782668e+00;1.347493e+01;4.939291e+00;-1.098265e+01;1.071592e+01;-1.342586e+01;7.404609e+00;-2.039608e+01;5.457155e+00;-9.206876e+00;6.808667e+00;-8.800156e+00;8.550113e+00;-6.854395e+00;8.142723e+00;-1.020073e+01;6.690516e+00;-8.865335e+00;7.701749e+00;-1.140861e+01;8.051333e+00;-9.307285e+00;9.170390e+00;-9.093835e+00;7.383975e+00;-9.639966e+00;5.598087e+00;-9.666056e+00;3.318709e-04;-3.197939e-05;6.152338e-06;-6.262925e-08;5.051409e-06;-3.497173e-07;2.727607e-06;-1.573037e-07;1.241954e-05;-1.536334e-06;3.922453e-03;-2.665931e-05;1.398406e-01;-3.207289e-03;1.003204e-01;-2.929451e-03;4.615803e-03;-2.137846e-04;2.792846e-03;1.554547e-04;3.549051e-02;1.922352e-05;4.041682e-02;-9.038904e-04;5.234715e-02;-1.583722e-03;6.542862e-02;-2.997412e-03;6.156532e-02;-5.682952e-03;7.411362e-02;-4.252801e-03;7.349124e-02;-7.665519e-03;9.753539e-02;-6.225666e-03;1.183611e-01;-9.078357e-03;1.148432e-01;-6.279176e-03;1.662335e-01;-2.593623e-03;1.523594e-01;-3.607497e-03;1.726022e-01;-5.118561e-03;1.711305e-01;-2.004404e-03;1.869427e-01;-1.393414e-03;1.947142e-01;-1.834161e-03;1.977010e-01;-2.853392e-03;1.959736e-01;-2.913703e-03;1.694764e-01;-4.942079e-03;1.447527e-01;-2.137896e-03;1.364385e-01;-6.235804e-04;1.133613e-01;-8.553805e-04;9.006730e-02;7.070013e-05;5.785472e-02;4.181458e-04;4.222746e-02;-1.599903e-04;2.713799e-02;-9.666341e-04;5.460748e-02;-8.227683e-04;4.051562e-02;1.591438e-05;3.842970e+01;-3.301758e-01;4.303246e+01;8.469726e-01;6.486095e+01;3.430957e+00;1.794297e+02;6.144141e+00;8.020248e-02;-2.247263e-03;4.825842e+01;3.604071e+00;1.859340e-01;1.029172e-02;1.658803e+05;1.506696e+04;7.682952e-01;-6.062862e-02;1.672431e+01;-1.519211e+00;1.878362e-02;4.924884e-04;3.042863e-02;2.296444e-03;3.564426e-02;-1.649473e-03;1.033861e+00;-7.651543e-02;1.525954e+00;-3.262608e-02;2.910304e+00;-3.446783e-02;2.040851e+00;1.483420e-01;1.818275e+00;7.196760e-02;2.442564e+00;-5.309447e-02;2.486899e+00;-2.570229e-02;2.063916e+00;-8.943109e-02;2.407917e+00;1.224110e-01;2.152302e+00;2.159527e-01;1.976574e+00;2.122131e-01;2.035584e+00;-3.439346e-02;1.789989e+00;-3.845869e-02;1.673826e+00;-5.631408e-03
13.500000;1.078702e+02;2.359901e+02;6.134347e-02;7.919595e-01;7.290381e-02;7.175876e-02;6.119335e-02;5.666868e-02;1.521612e-01;2.156103e-01;2.989314e+01;-7.166787e+00;4.434953e-01;1.329789e+00;2.995867e-01;1.076751e+00;1.787318e-02;3.439542e-02;9.996034e-03;5.475561e-02;9.293962e-02;1.536365e-01;1.503798e-01;3.037827e-01;2.149328e-01;4.536280e-01;1.993672e-01;5.982395e-01;2.300126e-01;7.070196e-01;2.338843e-01;8.108729e-01;2.847416e-01;9.026246e-01;3.650829e-01;1.073814e+00;2.739979e-01;1.017823e+00;3.726645e-01;1.123564e+00;4.506901e-01;1.252273e+00;4.778631e-01;1.293954e+00;5.942198e-01;1.424032e+00;5.320359e-01;1.400994e+00;5.589227e-01;1.484597e+00;5.510085e-01;1.532278e+00;5.525215e-01;1.565661e+00;5.632045e-01;1.587937e+00;5.277368e-01;1.577951e+00;4.256767e-01;1.544930e+00;3.722332e-01;1.438166e+00;2.825032e-01;1.293215e+00;2.301017e-01;1.130410e+00;1.652624e-01;9.476393e-01;1.255307e-01;7.652445e-01;8.942931e-02;6.112463e-01;1.239531e-01;1.252334e-01;1.278246e-01;1.202649e-01;1.330326e+02;5.582842e+02;1.276107e+02;7.301191e+02;1.855746e+02;1.012204e+03;4.674968e+02;1.514071e+03;2.422460e-01;3.487040e-01;1.296869e+02;9.606212e+02;8.020770e-01;4.156785e+00;5.439549e+05;1.012710e+06;2.157665e+00;6.897071e+00;5.203695e+01;8.528515e+01;7.681727e-02;-7.008180e-02;8.021571e-02;8.474157e-01;2.550691e-01;2.169808e-01;3.513428e+00;1.287073e+01;5.732996e+00;-1.360268e+01;8.261533e+00;-1.804682e+01;6.299700e+00;-2.199986e+01;5.468184e+00;-9.989846e+00;6.770328e+00;-9.820816e+00;9.837791e+00;-5.606710e+00;1.005544e+01;-7.811657e+00;5.685467e+00;-6.691757e+00;7.888992e+00;-1.008887e+01;8.573998e+00;-7.422437e+00;4.943904e+00;-7.416448e+00;9.860752e+00;-5.292029e+00;8.065720e+00;-6.173014e+00;4.493224e-03;-4.009294e-04;5.732241e-06;-2.031280e-07;8.043776e-06;-5.455386e-08;5.989814e-06;6.433534e-07;1.379666e-05;-1.235416e-06;3.164853e-03;-1.298586e-05;1.286426e-01;1.068481e-03;9.024797e-02;-3.437238e-04;4.532097e-03;4.331648e-05;2.374325e-03;-1.326531e-04;3.156791e-02;1.036811e-03;4.136430e-02;1.677702e-03;5.749867e-02;2.032105e-03;5.958549e-02;1.652160e-03;5.901388e-02;6.535008e-04;5.392685e-02;1.750589e-04;8.333238e-02;-1.357319e-03;9.393870e-02;-1.074257e-03;8.002115e-02;-3.494010e-03;1.073975e-01;1.594991e-03;1.338110e-01;3.677550e-03;1.402141e-01;-1.080020e-03;1.692851e-01;-1.688900e-03;1.671351e-01;-6.841606e-04;1.650562e-01;4.299532e-04;1.638613e-01;-1.048710e-03;1.663368e-01;-2.036432e-03;1.800039e-01;-8.445689e-04;1.682664e-01;-1.235449e-03;1.360043e-01;-4.871085e-04;1.215227e-01;-8.060580e-04;9.296872e-02;-1.387728e-03;7.836314e-02;-8.977887e-04;5.688755e-02;-1.349580e-03;4.264219e-02;-1.164397e-03;2.727854e-02;-1.230163e-03;4.503022e-02;1.857756e-04;4.133949e-02;1.088683e-04;2.878472e+01;-1.492969e+00;3.671156e+01;-7.321289e-01;5.644263e+01;2.296875e-01;1.520083e+02;3.301758e-01;7.182734e-02;1.280301e-03;4.043946e+01;-1.220880e+00;2.214357e-01;2.967729e-03;1.341823e+05;-2.938546e+03;6.822748e-01;4.619026e-03;1.618634e+01;1.372361e-01;2.219462e-02;-5.716195e-05;2.441249e-02;-1.049428e-03;6.552310e-02;5.218102e-05;1.047151e+00;8.879517e-02;1.520983e+00;6.869772e-02;2.460989e+00;1.075916e-01;1.863429e+00;1.928998e-01;1.544208e+00;1.710696e-01;1.993576e+00;2.054557e-02;2.317893e+00;-5.774659e-03;2.330900e+00;-3.176865e-02;1.859086e+00;1.040354e-02;2.102684e+00;9.391300e-02;2.207728e+00;6.058512e-02;1.707412e+00;-1.316305e-01;2.426862e+00;-8.551868e-02;1.853889e+00;8.470662e-02
14.000000;1.117634e+02;2.534077e+02;5.890023e-02;7.913108e-01;8.898000e-02;9.409653e-02;1.156107e-01;1.003868e-01;1.490247e-01;2.148344e-01;2.324440e+01;-2.005694e+00;5.198503e-01;1.397865e+00;3.414097e-01;1.053299e+00;1.995266e-02;3.855129e-02;7.254100e-03;4.874654e-02;8.073878e-02;1.553961e-01;1.261294e-01;2.890354e-01;1.899773e-01;4.314449e-01;2.484049e-01;6.126096e-01;2.663219e-01;7.050130e-01;3.027147e-01;8.097972e-01;3.478926e-01;9.285585e-01;4.422064e-01;1.021116e+00;3.579015e-01;1.047014e+00;3.229844e-01;1.045033e+00;3.075787e-01;1.088392e+00;5.251412e-01;1.273581e+00;6.427240e-01;1.401062e+00;5.590211e-01;1.381198e+00;6.159114e-01;1.452572e+00;6.810940e-01;1.514144e+00;5.635235e-01;1.519086e+00;5.831002e-01;1.554749e+00;5.771794e-01;1.563637e+00;4.881859e-01;1.518158e+00;4.407693e-01;1.435538e+00;3.485658e-01;1.277773e+00;2.819501e-01;1.103162e+00;2.054303e-01;9.102754e-01;1.489568e-01;7.441377e-01;1.060169e-01;6.032974e-01;1.392843e-01;1.235452e-01;1.455246e-01;1.353940e-01;1.277988e+02;6.327891e+02;1.162154e+02;7.480635e+02;1.929291e+02;9.203291e+02;3.387312e+02;1.392624e+03;2.702845e-01;3.961951e-01;1.370247e+02;9.509066e+02;7.459406e-01;3.795302e+00;4.839652e+05;8.714524e+05;1.969255e+00;7.332005e+00;4.939585e+01;9.367356e+01;8.588729e-02;-8.704726e-02;9.274308e-02;8.522784e-01;2.724523e-01;2.696190e-01;3.665986e+00;1.258039e+01;5.587012e+00;-1.486536e+01;6.350866e+00;-1.846092e+01;5.350606e+00;-2.222904e+01;6.978701e+00;-8.891544e+00;1.003391e+01;-7.951810e+00;1.119916e+01;-5.598194e-01;6.243608e+00;-1.993995e+00;5.148920e+00;-4.785315e+00;8.418240e+00;-1.242264e+01;9.772409e+00;-9.191012e+00;6.483135e+00;-5.942860e+00;6.841743e+00;-1.504573e-01;6.549568e+00;-4.145168e-01;7.872003e-03;-1.205938e-04;6.047266e-06;-1.572522e-07;1.067734e-05;-1.079215e-07;1.260060e-05;5.577988e-07;1.363771e-05;-1.773368e-06;2.793583e-03;1.358945e-05;1.459436e-01;7.777433e-04;9.470660e-02;-8.217405e-05;4.980191e-03;4.993735e-05;2.110755e-03;-6.928697e-05;2.490827e-02;-1.038779e-04;3.708225e-02;8.120730e-05;5.755114e-02;2.393710e-04;6.706301e-02;1.448074e-03;6.352685e-02;2.891276e-03;8.111669e-02;1.691049e-03;8.837197e-02;-1.722757e-03;9.411632e-02;-2.016273e-03;9.717757e-02;1.275585e-03;9.761377e-02;2.306235e-04;1.024104e-01;-1.445865e-05;1.469180e-01;3.512861e-03;1.800445e-01;1.708013e-03;1.644243e-01;4.049686e-04;1.631858e-01;8.396472e-04;1.767227e-01;1.041513e-03;1.593396e-01;-7.499313e-04;1.661537e-01;-2.908689e-03;1.728191e-01;-1.190184e-03;1.500809e-01;-8.178412e-04;1.334776e-01;-2.140433e-03;1.015304e-01;-2.796228e-03;8.943982e-02;-1.196841e-03;6.232692e-02;-9.925810e-04;4.391143e-02;-5.659636e-04;3.134053e-02;-2.846440e-04;4.841045e-02;3.570509e-04;4.743394e-02;2.222299e-04;2.931918e+01;-7.177734e-02;2.983326e+01;-6.029297e-01;7.129371e+01;-2.268164e+00;1.252261e+02;-1.880566e+00;7.902887e-02;1.515471e-03;4.464597e+01;-1.990408e+00;2.554945e-01;-5.271054e-03;1.457022e+05;-8.144018e+03;7.387221e-01;2.068090e-02;1.769573e+01;4.386113e-01;2.384795e-02;-8.842686e-05;2.756989e-02;-1.305662e-03;7.263814e-02;1.825006e-04;1.259056e+00;3.585079e-02;1.664580e+00;-4.630434e-02;1.936716e+00;-9.856023e-03;1.930614e+00;2.218322e-02;1.856774e+00;-4.385346e-02;2.152623e+00;-1.421014e-01;2.287237e+00;-1.005969e-01;1.728201e+00;4.635070e-02;1.853219e+00;-2.168192e-02;2.224912e+00;-7.343261e-03;2.368459e+00;5.671368e-02;1.972732e+00;1.278322e-01;2.292778e+00;1.671156e-01;1.648202e+00;7.496382e-02
14.500000;1.295345e+02;2.026959e+02;6.841947e-02;7.744488e-01;8.282399e-02;6.771489e-02;1.155128e-01;7.741640e-02;2.050026e-01;2.077448e-01;4.122226e+01;-1.853342e+01;4.789018e-01;1.288092e+00;3.306323e-01;1.055555e+00;1.704123e-02;3.341186e-02;1.547564e-02;5.250945e-02;1.020246e-01;1.591259e-01;1.468028e-01;2.989459e-01;2.007005e-01;4.638076e-01;2.329134e-01;6.069284e-01;2.470257e-01;7.073428e-01;3.367062e-01;8.837603e-01;4.280652e-01;1.004997e+00;3.573622e-01;9.257082e-01;3.458269e-01;9.862799e-01;3.097413e-01;1.065664e+00;3.127383e-01;1.128219e+00;4.353763e-01;1.235751e+00;5.219015e-01;1.272567e+00;5.671845e-01;1.380815e+00;6.424607e-01;1.474420e+00;7.164935e-01;1.543300e+00;6.243414e-01;1.556187e+00;6.195488e-01;1.573550e+00;5.758061e-01;1.576895e+00;5.492736e-01;1.529114e+00;4.460267e-01;1.432786e+00;3.710731e-01;1.289330e+00;2.761447e-01;1.098357e+00;2.119641e-01;9.034903e-01;1.408467e-01;7.422239e-01;1.035133e-01;6.048523e-01;1.268221e-01;9.778059e-02;1.228655e-01;1.054823e-01;1.283315e+02;6.118301e+02;1.626709e+02;7.362920e+02;3.966254e+02;1.021535e+03;6.768083e+02;1.624608e+03;2.243006e-01;3.493670e-01;2.430594e+02;9.926918e+02;9.536703e-01;3.973938e+00;6.823216e+05;1.072995e+06;3.834517e+00;7.303011e+00;1.112203e+02;1.034083e+02;6.413451e-02;-6.425054e-02;1.442434e-01;8.636813e-01;1.891631e-01;1.910175e-01;4.211219e+00;1.228361e+01;5.923854e+00;-1.321215e+01;9.527393e+00;-1.495515e+01;7.763312e+00;-2.151468e+01;8.023982e+00;-1.036423e+01;1.020650e+01;-9.134010e+00;1.136572e+01;-8.139033e-01;6.889648e+00;-1.799356e-01;6.874413e+00;-1.655285e+00;7.596850e+00;-8.795244e+00;7.480955e+00;-9.472493e+00;8.024889e+00;-7.986879e+00;4.991809e+00;-3.615357e+00;5.902693e+00;2.636946e-02;6.519714e-03;1.046841e-04;5.493766e-06;2.558456e-07;8.423619e-06;-3.647706e-07;1.140503e-05;-3.572038e-07;1.508166e-05;-2.114331e-06;3.441273e-03;2.464908e-05;1.458093e-01;7.422964e-04;1.015275e-01;4.864076e-04;4.206236e-03;1.430797e-04;3.517726e-03;-2.786596e-04;2.564421e-02;-1.149506e-03;3.640669e-02;-1.746969e-03;5.325085e-02;-1.971199e-03;6.540515e-02;-4.237580e-04;6.673730e-02;3.856161e-04;1.017094e-01;3.309366e-03;1.005896e-01;6.240705e-03;8.042549e-02;3.944931e-03;1.096838e-01;2.025853e-03;1.010828e-01;-1.190832e-03;1.004831e-01;-6.850712e-04;1.297978e-01;2.002800e-03;1.644979e-01;9.314644e-04;1.892239e-01;-2.388324e-04;2.012469e-01;-2.630088e-04;2.147705e-01;2.382913e-04;1.960611e-01;5.408720e-04;1.924714e-01;-4.290948e-04;1.872808e-01;-8.035517e-04;1.769798e-01;-1.779100e-04;1.475166e-01;2.567245e-04;1.158792e-01;-4.490035e-04;9.210996e-02;5.006467e-04;7.170442e-02;6.451512e-04;4.333577e-02;3.441313e-04;3.376620e-02;8.087509e-04;4.458867e-02;7.453139e-05;3.918421e-02;-2.582810e-05;3.733774e+01;7.321289e-01;5.568456e+01;-1.177148e+00;1.249159e+02;-2.770606e+00;2.092359e+02;-6.287695e+00;6.632432e-02;-7.769813e-04;7.614727e+01;-2.751620e+00;2.638370e-01;-2.139583e-02;2.135363e+05;-1.286716e+04;9.343417e-01;8.150277e-02;2.586649e+01;2.088880e+00;1.590958e-02;-3.197920e-04;4.471721e-02;-1.529017e-03;4.489052e-02;1.414749e-03;1.446940e+00;-4.525231e-02;1.995075e+00;-7.714294e-02;2.137283e+00;-1.702373e-01;1.864298e+00;-2.928677e-01;1.812762e+00;-2.975402e-01;2.110444e+00;-1.747177e-01;2.388415e+00;-2.947901e-02;1.910824e+00;1.386097e-01;2.151099e+00;1.584101e-01;2.006964e+00;7.821754e-02;2.024544e+00;-9.038851e-02;1.895855e+00;-7.874089e-02;1.640580e+00;-4.251931e-02;1.636955e+00;9.258762e-03
15.000000;1.397113e+02;1.565838e+02;7.326058e-02;7.499013e-01;9.459168e-02;4.886719e-02;8.971175e-02;3.939477e-02;2.422277e-01;1.906885e-01;4.791536e+01;-3.805998e+01;4.199681e-01;1.213507e+00;3.005164e-01;1.063159e+00;1.360037e-02;2.970274e-02;1.911621e-02;6.202822e-02;9.942839e-02;1.611063e-01;1.711331e-01;3.373651e-01;2.287182e-01;5.076482e-01;1.917069e-01;5.852425e-01;2.636909e-01;6.987768e-01;2.946678e-01;7.966857e-01;4.324888e-01;9.547980e-01;3.386477e-01;9.867665e-01;3.334951e-01;1.002131e+00;3.519774e-01;1.107476e+00;3.732660e-01;1.168280e+00;4.063432e-01;1.209306e+00;4.369333e-01;1.287368e+00;5.183489e-01;1.355065e+00;5.703282e-01;1.470048e+00;6.006115e-01;1.549172e+00;5.664864e-01;1.560952e+00;5.585344e-01;1.598329e+00;5.431695e-01;1.599510e+00;5.361186e-01;1.560709e+00;4.386625e-01;1.450067e+00;3.500653e-01;1.293682e+00;2.163863e-01;1.099644e+00;1.989794e-01;9.291638e-01;1.258575e-01;7.613002e-01;9.531480e-02;6.115437e-01;7.047243e-02;8.236814e-02;9.795131e-02;8.523861e-02;1.392232e+02;5.302910e+02;1.842493e+02;7.289707e+02;4.781039e+02;1.148438e+03;8.745751e+02;1.907555e+03;1.675597e-01;3.310403e-01;2.989244e+02;1.043324e+03;1.029478e+00;4.372313e+00;1078117;1.484636e+06;4.088645e+00;6.659869e+00;1.154134e+02;9.264613e+01;4.092172e-02;-4.866139e-02;1.728549e-01;8.771408e-01;1.355559e-01;1.378587e-01;4.422260e+00;1.221768e+01;6.457994e+00;-1.019460e+01;1.099579e+01;-1.156077e+01;8.780626e+00;-2.077244e+01;7.458889e+00;-1.114437e+01;7.457920e+00;-8.546514e+00;8.770167e+00;-2.286851e+00;9.070053e+00;-6.822153e-01;8.155380e+00;-1.624947e+00;6.657605e+00;-7.681424e+00;5.834383e+00;-1.059147e+01;6.609672e+00;-1.141056e+01;4.604153e+00;-6.662852e+00;5.044365e+00;-2.511104e+00;5.249065e-03;3.571386e-04;5.192282e-06;6.918634e-08;7.474625e-06;6.101858e-07;6.963940e-06;7.216456e-07;1.625972e-05;4.270332e-07;4.093957e-03;-3.915394e-05;1.429603e-01;-2.230486e-03;9.949602e-02;-1.669283e-03;3.864127e-03;-7.129387e-05;4.478340e-03;2.394810e-04;2.543971e-02;-2.073743e-04;3.887289e-02;-3.788433e-04;4.772194e-02;-9.948609e-04;5.320773e-02;-2.013206e-03;6.866278e-02;-3.123263e-03;8.702977e-02;-3.158543e-03;1.012681e-01;-1.294852e-03;9.381029e-02;4.889045e-04;1.161100e-01;-2.137456e-03;1.110448e-01;-6.631616e-04;1.128308e-01;-1.577512e-03;1.344393e-01;-5.322430e-03;1.563970e-01;-3.557365e-03;1.877472e-01;-2.940271e-03;1.976705e-01;-2.169976e-03;2.070390e-01;-2.841950e-03;1.861482e-01;-1.733085e-03;1.871251e-01;-7.001398e-04;1.859244e-01;-1.810533e-03;1.773476e-01;-2.488563e-03;1.569915e-01;-1.727293e-03;1.216188e-01;1.077739e-04;7.658882e-02;-1.053471e-03;7.179236e-02;-1.226684e-03;4.626034e-02;-4.400874e-04;3.626539e-02;-4.371284e-04;2.452899e-02;-5.156090e-04;3.629681e-02;-2.300588e-04;4.531669e+01;4.306641e-01;7.391199e+01;7.034180e-01;1.638704e+02;1.062305e+00;2.846427e+02;5.455078e-01;5.598190e-02;-1.380263e-03;1.004074e+02;1.917361e+00;2.624412e-01;2.393954e-03;3.236724e+05;1.168979e+04;9.518178e-01;-1.738556e-02;2.615407e+01;-3.863530e-01;1.198112e-02;1.095250e-04;5.966481e-02;1.347816e-03;3.320637e-02;-2.763488e-04;1.484755e+00;-4.051541e-02;2.211826e+00;5.498771e-02;2.429882e+00;9.820274e-03;2.230177e+00;-4.217223e-02;1.995599e+00;2.370888e-02;2.175860e+00;1.965703e-01;2.319897e+00;1.444003e-01;2.359569e+00;-2.152467e-02;2.215690e+00;-3.010626e-02;1.840790e+00;-1.403107e-03;2.223322e+00;-9.456430e-02;1.817040e+00;-1.425045e-01;1.602938e+00;-1.340686e-01;1.611661e+00;-3.841848e-02
15.500000;1.741025e+02;1.817184e+02;5.599594e-02;7.339332e-01;1.034382e-01;6.331723e-02;9.723344e-02;5.210056e-02;2.299494e-01;2.076145e-01;4.605455e+01;-3.626708e+01;4.335814e-01;1.114972e+00;3.068748e-01;1.032164e+00;1.269543e-02;2.378685e-02;1.547926e-02;7.222096e-02;8.470149e-02;1.574110e-01;1.586899e-01;3.218221e-01;2.145223e-01;4.678274e-01;2.153876e-01;5.663040e-01;2.867878e-01;6.904907e-01;2.248159e-01;7.671534e-01;2.796438e-01;8.067880e-01;3.633510e-01;9.125604e-01;4.341479e-01;1.086883e+00;3.872368e-01;1.145582e+00;4.191972e-01;1.153407e+00;4.972758e-01;1.220768e+00;4.878381e-01;1.311247e+00;4.676650e-01;1.341547e+00;5.319168e-01;1.402369e+00;5.502242e-01;1.455615e+00;5.071927e-01;1.481550e+00;5.230836e-01;1.523722e+00;5.355955e-01;1.531692e+00;4.654623e-01;1.492667e+00;4.156431e-01;1.411584e+00;3.371736e-01;1.264324e+00;2.214685e-01;1.078771e+00;1.901016e-01;9.121802e-01;1.312293e-01;7.374900e-01;9.950212e-02;5.944982e-01;6.653203e-02;6.183162e-02;1.065514e-01;8.975003e-02;1.451567e+02;5.549824e+02;1.930376e+02;8.063467e+02;3.708454e+02;1.208874e+03;8.028104e+02;2.181170e+03;1.895824e-01;3.118110e-01;2.643888e+02;1.160780e+03;6.580648e-01;4.755211e+00;1.129688e+06;1.914947e+06;1.704302e+00;5.113825e+00;3.235275e+01;4.735506e+01;3.426804e-02;-3.388415e-02;1.672859e-01;9.558068e-01;7.995237e-02;8.085718e-02;4.349543e+00;1.085806e+01;5.906185e+00;-1.012772e+01;8.202409e+00;-1.150891e+01;6.864614e+00;-1.838670e+01;6.682058e+00;-6.274485e+00;5.611589e+00;-4.635200e+00;7.596684e+00;-2.562116e+00;8.372777e+00;-3.922771e+00;6.669280e+00;-3.803298e+00;7.351617e+00;-5.296887e+00;7.061699e+00;-6.290197e+00;6.730914e+00;-1.104156e+01;8.627928e+00;-1.046604e+01;6.377927e+00;-8.376434e+00;7.330622e-03;-5.509208e-05;4.473689e-06;-3.253162e-07;8.353260e-06;7.209879e-07;7.632945e-06;9.853445e-07;1.487435e-05;-5.623853e-07;3.962209e-03;-3.339193e-05;1.391067e-01;-1.797794e-03;9.335259e-02;-4.494641e-04;3.847291e-03;-2.004347e-04;3.977963e-03;3.829680e-04;2.383830e-02;5.025757e-05;3.738683e-02;1.542350e-04;4.015358e-02;1.996835e-04;5.630537e-02;-1.249499e-03;7.033306e-02;-8.297280e-04;6.658839e-02;-3.689721e-03;7.436491e-02;-5.365884e-03;1.054941e-01;-3.247415e-03;1.075235e-01;-1.076567e-03;1.130467e-01;-1.151449e-03;1.327862e-01;-3.623496e-03;1.559836e-01;-9.888191e-04;1.600691e-01;5.704538e-04;1.572205e-01;1.175134e-03;1.659073e-01;8.336430e-04;1.762020e-01;5.630391e-04;1.604062e-01;1.271139e-03;1.641199e-01;1.569676e-03;1.712775e-01;1.630912e-03;1.466676e-01;5.854366e-04;1.414746e-01;4.425614e-04;1.165658e-01;4.049829e-04;7.699291e-02;-3.681526e-04;6.228780e-02;-1.912657e-05;4.779708e-02;4.088990e-04;3.690904e-02;6.376789e-05;2.003030e-02;-2.597284e-04;4.085622e-02;3.611623e-05;4.714957e+01;7.177734e-01;7.055946e+01;2.282520e+00;1.393084e+02;5.584277e+00;2.757451e+02;2.298310e+01;6.356622e-02;-2.951657e-04;9.021178e+01;7.126808e+00;2.072148e-01;2.932726e-02;3.473869e+05;2.915959e+04;5.679450e-01;-9.890907e-02;1.117260e+01;-2.346121e+00;1.182217e-02;3.959478e-04;5.612650e-02;4.402692e-03;2.679975e-02;-1.585644e-03;1.432950e+00;-4.997684e-02;2.243179e+00;-1.943843e-02;2.267622e+00;1.133067e-01;2.406481e+00;2.140553e-01;2.093485e+00;1.708425e-01;2.003650e+00;1.284336e-01;1.876728e+00;-1.615573e-02;2.223923e+00;-8.688586e-02;2.206151e+00;-1.254552e-01;2.048975e+00;-6.848295e-02;2.176146e+00;1.054773e-01;1.636096e+00;1.810058e-01;2.221028e+00;5.303705e-02;1.968684e+00;-1.315214e-01
16.000000;1.781062e+02;2.561492e+02;6.419896e-02;7.580540e-01;6.941554e-02;6.236630e-02;7.110683e-02;5.755423e-02;2.099368e-01;2.282458e-01;4.002575e+01;-2.120829e+01;3.527197e-01;1.066747e+00;2.575477e-01;1.030235e+00;1.165195e-02;2.341340e-02;1.690626e-02;6.874654e-02;7.376909e-02;1.467112e-01;1.241232e-01;2.779296e-01;1.600247e-01;4.081982e-01;2.256674e-01;5.845461e-01;3.001381e-01;7.141495e-01;2.279036e-01;7.903948e-01;2.603675e-01;8.688469e-01;6.019573e-01;1.055776e+00;4.132233e-01;1.098164e+00;3.103381e-01;1.074956e+00;3.438240e-01;1.152825e+00;4.367531e-01;1.260139e+00;4.836940e-01;1.319880e+00;4.185572e-01;1.350674e+00;4.433343e-01;1.381350e+00;4.645362e-01;1.420399e+00;4.595200e-01;1.473133e+00;4.289922e-01;1.489293e+00;4.554138e-01;1.499332e+00;4.257902e-01;1.469429e+00;3.416188e-01;1.391450e+00;2.870479e-01;1.261944e+00;2.325865e-01;1.085387e+00;1.716717e-01;8.997246e-01;1.186628e-01;7.261426e-01;8.543152e-02;5.853441e-01;4.342350e-02;3.856803e-02;9.763464e-02;7.716554e-02;1.252451e+02;6.403975e+02;1.720322e+02;8.369238e+02;3.260821e+02;1.156764e+03;8.007122e+02;2.025557e+03;1.650925e-01;2.752505e-01;2.382669e+02;1.153338e+03;1.003979e+00;4.400899e+00;1.049753e+06;1628770;2.466138e+00;6.078005e+00;4.986131e+01;6.618866e+01;2.968626e-02;-3.188464e-02;1.429274e-01;9.677454e-01;9.600598e-02;9.253039e-02;4.327461e+00;9.653996e+00;6.134744e+00;-1.386948e+01;7.529752e+00;-1.554004e+01;7.005753e+00;-1.929667e+01;6.110587e+00;-4.244826e+00;7.631316e+00;-3.361251e+00;9.846167e+00;7.091590e-01;9.629679e+00;-1.106224e+00;4.443437e+00;-3.038567e+00;9.658122e+00;-6.879595e+00;9.939213e+00;-6.108894e+00;7.880476e+00;-7.004317e+00;1.281508e+01;-5.382858e+00;9.426587e+00;-5.189584e+00;6.858526e-03;-7.117845e-04;4.513648e-06;-1.536734e-07;5.601446e-06;-1.290723e-07;5.734704e-06;-9.221091e-08;1.455164e-05;-2.381443e-06;3.511202e-03;1.176661e-05;1.288718e-01;-1.400893e-03;8.747967e-02;3.467081e-04;3.712401e-03;-3.620214e-05;4.222881e-03;1.056941e-04;2.317725e-02;1.248120e-04;4.375389e-02;-2.295586e-04;5.289480e-02;-5.482707e-04;6.463980e-02;1.016391e-03;6.586379e-02;1.864500e-03;6.248279e-02;9.446965e-04;7.588652e-02;4.039537e-04;1.339704e-01;-9.823482e-04;9.738353e-02;1.524254e-03;1.053156e-01;-2.448920e-03;1.308956e-01;-1.788348e-03;1.446759e-01;4.278137e-04;1.513107e-01;-1.012605e-03;1.541719e-01;5.391948e-05;1.544149e-01;1.436311e-04;1.554696e-01;8.377208e-06;1.630497e-01;-4.974553e-04;1.539241e-01;1.513442e-03;1.637103e-01;1.791229e-03;1.526917e-01;1.506349e-03;1.223495e-01;1.734880e-03;1.060844e-01;1.222678e-03;9.177484e-02;1.616282e-03;6.524489e-02;1.119546e-03;4.430189e-02;-3.405179e-04;3.042413e-02;-1.543083e-04;1.491985e-02;-4.051933e-05;3.968190e-02;-1.644741e-04;3.961745e+01;-5.742188e-01;6.077024e+01;-1.277637e+00;1.171302e+02;-1.579102e+00;2.597294e+02;8.570215e+00;5.998563e-02;-2.894374e-04;8.533810e+01;1.001693e+00;2.548336e-01;-1.314238e-03;3.286074e+05;9.471607e+03;5.807521e-01;-1.272668e-02;1.070487e+01;-1.957601e-01;1.046769e-02;4.096129e-05;5.209921e-02;4.437779e-04;2.583968e-02;-1.061252e-04;1.739306e+00;-4.370805e-02;2.022719e+00;2.772673e-02;2.132978e+00;2.894977e-02;2.508008e+00;-5.681206e-02;2.062186e+00;-3.686516e-02;1.776897e+00;-1.114520e-01;1.954262e+00;1.795698e-02;2.402441e+00;8.120556e-02;1.944535e+00;3.520296e-02;2.359350e+00;1.600156e-03;2.429082e+00;1.703132e-01;1.634025e+00;2.248087e-01;2.921608e+00;2.091052e-01;2.259224e+00;1.582451e-01
16.500000;1.663931e+02;2.300270e+02;7.043585e-02;7.587284e-01;6.571306e-02;5.915286e-02;6.495792e-02;5.057087e-02;1.822258e-01;1.729109e-01;4.292804e+01;-2.858479e+01;3.379389e-01;1.080523e+00;2.516663e-01;1.058780e+00;1.068436e-02;2.495063e-02;1.650467e-02;6.423406e-02;6.848584e-02;1.445567e-01;1.458264e-01;3.064883e-01;1.963679e-01;4.654970e-01;1.969135e-01;6.188698e-01;2.723480e-01;7.398497e-01;2.161647e-01;7.930639e-01;3.068196e-01;9.427603e-01;5.729080e-01;1.096938e+00;3.476141e-01;1.054878e+00;3.523715e-01;1.103230e+00;3.240661e-01;1.172946e+00;3.361056e-01;1.249565e+00;4.590173e-01;1.339086e+00;4.246826e-01;1.369294e+00;4.530383e-01;1.430728e+00;4.697214e-01;1.481761e+00;4.717892e-01;1.503660e+00;4.454251e-01;1.542788e+00;4.575828e-01;1.562366e+00;4.357792e-01;1.512216e+00;3.596010e-01;1.418466e+00;3.201348e-01;1.279313e+00;2.485895e-01;1.109994e+00;1.888307e-01;9.269858e-01;1.275187e-01;7.513444e-01;9.667767e-02;6.116283e-01;5.343292e-02;4.638249e-02;8.545725e-02;6.685316e-02;1.337252e+02;6.149883e+02;1.649615e+02;7.629932e+02;3.789910e+02;1.067186e+03;7.305388e+02;1.798884e+03;1.576765e-01;2.901400e-01;2.258617e+02;1.064943e+03;9.832518e-01;4.213448e+00;8.450791e+05;1.430682e+06;2.381474e+00;6.598201e+00;4.719618e+01;7.491051e+01;2.716321e-02;-3.371631e-02;1.305457e-01;9.089030e-01;9.240189e-02;9.905300e-02;4.425024e+00;1.034236e+01;6.980222e+00;-1.264444e+01;9.297606e+00;-1.602348e+01;8.758865e+00;-2.141254e+01;7.200031e+00;-7.386061e+00;8.131902e+00;-5.802502e+00;9.176353e+00;2.722573e-01;8.611431e+00;1.067322e+00;5.496511e+00;-2.352563e+00;7.616871e+00;-1.028367e+01;9.833163e+00;-8.226900e+00;6.908624e+00;-5.798979e+00;8.252637e+00;-5.532001e-01;6.265680e+00;7.115458e-01;4.891151e-03;-1.023262e-04;5.344863e-06;1.911261e-07;4.555295e-06;1.950874e-07;4.710731e-06;1.792353e-07;1.268752e-05;-8.133298e-07;3.676034e-03;-8.772721e-06;1.244169e-01;1.120959e-03;8.606814e-02;9.877878e-04;3.681467e-03;6.194346e-05;4.102095e-03;-2.049635e-04;2.535064e-02;-1.058596e-04;5.255053e-02;-2.796928e-04;6.751698e-02;-1.375185e-04;6.232305e-02;1.613597e-03;6.560948e-02;9.782265e-04;6.686554e-02;1.651487e-03;7.465928e-02;3.150274e-03;1.218971e-01;3.798725e-03;1.124057e-01;5.893860e-03;1.212070e-01;5.349313e-03;1.161245e-01;2.102485e-03;1.016106e-01;1.321234e-03;1.383724e-01;1.739105e-03;1.450212e-01;-3.033486e-04;1.496383e-01;2.717109e-04;1.474002e-01;-9.073677e-04;1.615610e-01;-1.188746e-04;1.604086e-01;-2.598781e-04;1.603073e-01;1.085321e-04;1.547408e-01;1.823439e-05;1.257672e-01;2.944248e-04;1.158773e-01;3.697848e-05;9.419414e-02;-9.491128e-04;7.548022e-02;2.318957e-04;5.043615e-02;2.546425e-04;3.537063e-02;-7.058023e-05;2.049028e-02;3.955236e-05;3.400324e-02;1.458383e-04;3.305614e+01;8.613281e-02;5.270473e+01;-4.737305e-01;1.303910e+02;-2.828027e+00;2.337192e+02;-1.998281e+01;5.959008e-02;2.914353e-04;8.410654e+01;-4.391450e+00;2.583157e-01;-1.321557e-02;2.739042e+05;-2.371033e+04;5.961369e-01;2.549520e-02;1.112361e+01;3.796241e-01;9.743289e-03;-8.320777e-05;5.014293e-02;-2.578989e-03;2.525895e-02;3.415109e-04;1.843359e+00;2.016770e-02;1.736040e+00;-6.348915e-03;2.566878e+00;-1.172129e-01;2.974153e+00;-1.626921e-01;2.210165e+00;-3.418371e-02;2.141183e+00;8.797717e-03;2.082778e+00;-5.062281e-02;2.514288e+00;-1.135585e-01;1.746807e+00;-9.535660e-02;1.972564e+00;-1.107421e-01;2.531577e+00;-1.528879e-03;2.023515e+00;4.864681e-02;2.563251e+00;9.430706e-02;1.993437e+00;8.201104e-02
17.000000;1.515964e+02;1.709615e+02;5.568366e-02;7.312914e-01;6.485570e-02;5.433281e-02;4.752402e-02;3.460410e-02;1.882516e-01;1.667827e-01;4.514626e+01;-4.148295e+01;4.359800e-01;1.068837e+00;3.260863e-01;1.071424e+00;1.392173e-02;2.300182e-02;1.755473e-02;7.533636e-02;8.458844e-02;1.578501e-01;1.722896e-01;3.383863e-01;2.394582e-01;5.108297e-01;2.074549e-01;5.943698e-01;2.687999e-01;6.980411e-01;2.995817e-01;8.383620e-01;3.261955e-01;9.421725e-01;2.723051e-01;9.383587e-01;3.595054e-01;1.033079e+00;4.452267e-01;1.171332e+00;4.302014e-01;1.194512e+00;4.827103e-01;1.253970e+00;5.309702e-01;1.346985e+00;5.524850e-01;1.413601e+00;5.683244e-01;1.473101e+00;5.533571e-01;1.513606e+00;6.183598e-01;1.581113e+00;6.233636e-01;1.600066e+00;5.634575e-01;1.588385e+00;4.475186e-01;1.534959e+00;3.751208e-01;1.423938e+00;3.500188e-01;1.289662e+00;2.627850e-01;1.112494e+00;1.881447e-01;9.282184e-01;1.372143e-01;7.620895e-01;1.176811e-01;6.175308e-01;1.433253e-01;7.371243e-02;1.422556e-01;8.456273e-02;1.323679e+02;5.729268e+02;1.496427e+02;7.505039e+02;3.858301e+02;1.154754e+03;9.468250e+02;2.134515e+03;2.502712e-01;3.215589e-01;2.565926e+02;1.140396e+03;6.197314e-01;4.691098e+00;1.272066e+06;1.933991e+06;1.468233e+00;5.422937e+00;2.313182e+01;5.124283e+01;4.905546e-02;-3.360971e-02;1.609395e-01;9.487871e-01;9.649303e-02;7.362786e-02;4.416422e+00;1.029618e+01;6.302479e+00;-1.065442e+01;9.848947e+00;-1.387557e+01;8.699212e+00;-2.166936e+01;6.658183e+00;-8.686435e+00;5.843750e+00;-7.045286e+00;5.322861e+00;-2.416235e+00;6.515871e+00;-1.633573e+00;6.160347e+00;-3.255561e+00;4.458259e+00;-8.708908e+00;6.338382e+00;-6.431568e+00;6.506185e+00;-8.099294e+00;5.841083e+00;-5.962559e+00;6.515952e+00;-3.732793e+00;1.950201e-03;-1.684110e-04;4.655877e-06;-9.767118e-08;3.589086e-06;6.347498e-08;2.373001e-06;2.021023e-07;8.942419e-06;3.902430e-08;3.955464e-03;-1.305975e-04;1.471564e-01;1.849116e-04;1.057080e-01;-3.506760e-04;4.537424e-03;-8.705101e-07;4.197028e-03;4.661122e-05;2.860177e-02;-1.508612e-04;5.374828e-02;4.250995e-04;6.919005e-02;1.054714e-03;6.625830e-02;-1.460165e-03;8.618863e-02;-2.828581e-03;1.013590e-01;-4.546774e-04;8.729124e-02;-1.005659e-05;8.175343e-02;1.909198e-04;1.179567e-01;-3.114162e-03;1.456461e-01;3.418903e-04;1.414506e-01;1.330091e-04;1.520333e-01;-7.543363e-04;1.679211e-01;9.820187e-04;1.738657e-01;-7.448574e-04;1.786845e-01;-6.683951e-04;1.756350e-01;2.882862e-04;2.007900e-01;6.369606e-04;2.181757e-01;-4.012778e-04;1.813475e-01;-1.168330e-04;1.444315e-01;2.625363e-04;1.257545e-01;-8.296781e-04;1.245541e-01;-7.619552e-04;9.786668e-02;-1.129006e-03;7.377406e-02;-3.720748e-04;5.691574e-02;1.462581e-04;4.725855e-02;2.176476e-04;4.610461e-02;-4.910438e-05;4.948596e-02;1.550741e-05;3.932712e+01;1.579102e-01;4.651529e+01;2.440430e-01;1.478929e+02;9.905273e-01;3.096889e+02;1.065176e+01;7.449508e-02;-1.981829e-04;9.640247e+01;1.591920e+00;1.829811e-01;7.882051e-03;4.004986e+05;1.463226e+04;4.744743e-01;-7.161316e-03;8.151682e+00;-7.997088e-02;1.591177e-02;5.507699e-06;6.116869e-02;8.143490e-04;3.347921e-02;-4.358871e-05;1.659876e+00;8.914814e-03;1.856408e+00;2.397280e-02;2.546234e+00;9.082767e-02;2.904477e+00;4.627284e-02;2.491315e+00;-2.977341e-03;2.289534e+00;4.312683e-02;2.003333e+00;-5.678776e-02;2.563802e+00;-1.011885e-02;1.802592e+00;2.847608e-02;1.607253e+00;-6.362455e-02;2.221726e+00;-2.316916e-01;2.057110e+00;-2.678309e-01;1.655827e+00;-3.000148e-01;1.544241e+00;-2.464230e-01
17.500000;1.560515e+02;1.533562e+02;5.811633e-02;7.269796e-01;5.146907e-02;3.638825e-02;3.242643e-02;2.309179e-02;1.888555e-01;1.595254e-01;4.801894e+01;-4.771551e+01;4.399655e-01;1.098252e+00;3.308581e-01;1.064375e+00;1.442107e-02;2.353958e-02;2.107628e-02;7.544344e-02;8.493990e-02;1.638931e-01;1.623726e-01;3.334490e-01;2.259742e-01;4.914381e-01;2.295261e-01;5.956823e-01;2.888831e-01;7.201375e-01;3.274439e-01;8.116472e-01;3.525117e-01;8.969361e-01;3.449222e-01;9.691802e-01;3.557204e-01;1.031665e+00;4.366870e-01;1.114390e+00;4.308634e-01;1.196570e+00;5.295398e-01;1.292078e+00;5.333394e-01;1.324102e+00;5.794861e-01;1.415732e+00;5.577121e-01;1.453856e+00;5.967324e-01;1.527461e+00;6.478491e-01;1.595597e+00;6.080912e-01;1.594059e+00;5.264270e-01;1.552783e+00;4.280541e-01;1.518998e+00;3.393686e-01;1.406452e+00;3.068943e-01;1.275089e+00;2.503262e-01;1.109372e+00;1.914101e-01;9.197014e-01;1.459177e-01;7.567062e-01;1.154375e-01;6.067737e-01;1.438347e-01;7.330410e-02;1.411659e-01;8.434422e-02;1.177362e+02;5.934551e+02;1.386325e+02;7.895508e+02;4.351440e+02;1.226101e+03;1.001034e+03;2.267590e+03;2.494689e-01;3.129450e-01;2.757102e+02;1.174382e+03;8.005224e-01;4.730195e+00;1.433740e+06;1.922428e+06;1.843688e+00;5.284460e+00;3.402740e+01;5.204741e+01;5.000098e-02;-3.564334e-02;1.671582e-01;9.694259e-01;1.013701e-01;8.239276e-02;4.624198e+00;1.040154e+01;5.344785e+00;-1.117653e+01;8.479540e+00;-1.195264e+01;7.343846e+00;-1.972020e+01;5.884039e+00;-7.774746e+00;5.573240e+00;-5.373598e+00;6.099020e+00;-6.197442e-01;7.294445e+00;-8.218858e-01;5.681715e+00;-1.887321e+00;4.509032e+00;-8.639562e+00;6.214968e+00;-9.345555e+00;6.297539e+00;-1.003596e+01;6.039496e+00;-6.234348e+00;7.392915e+00;-4.169004e+00;1.276741e-03;-6.484496e-05;3.954734e-06;-2.657130e-07;2.690718e-06;-3.260732e-07;1.736586e-06;-1.659887e-07;8.824551e-06;7.387971e-08;3.279578e-03;-2.679163e-04;1.483753e-01;-3.016755e-03;1.085992e-01;-2.018017e-03;4.527919e-03;-1.203361e-04;4.420414e-03;5.847821e-04;2.796521e-02;2.257202e-04;4.913404e-02;4.784750e-04;6.090608e-02;4.291089e-04;7.182404e-02;-1.839032e-03;8.953812e-02;-1.913195e-03;1.070040e-01;-3.357416e-03;9.193389e-02;-5.368528e-03;8.864748e-02;-5.830165e-03;1.147556e-01;-8.566068e-03;1.427730e-01;-7.225078e-03;1.417466e-01;-1.686004e-03;1.702252e-01;-2.768985e-03;1.665090e-01;-2.790453e-03;1.888615e-01;-1.206671e-03;1.794252e-01;-1.671341e-03;1.967685e-01;-4.178402e-04;2.152186e-01;-3.714541e-04;2.086437e-01;-1.282700e-03;1.714770e-01;-9.758869e-04;1.436718e-01;-1.364305e-04;1.197811e-01;-1.097036e-03;1.146903e-01;-7.957102e-04;9.571634e-02;-2.992222e-04;7.101353e-02;-1.112093e-03;5.438299e-02;-1.821174e-03;4.444850e-02;-1.069264e-03;4.584314e-02;-7.254115e-05;4.921676e-02;-3.266827e-04;3.416692e+01;-1.004883e+00;4.289749e+01;1.708301e+00;1.456097e+02;1.706865e+01;3.192891e+02;4.006611e+01;7.385849e-02;-7.287755e-04;9.679775e+01;1.066073e+01;1.841757e-01;2.213062e-02;4.598897e+05;5.088664e+04;5.001104e-01;-4.640742e-02;9.900886e+00;-6.077194e-01;1.610798e-02;1.244454e-04;6.157361e-02;5.937776e-03;3.412233e-02;-4.518266e-04;1.566523e+00;-5.141857e-02;1.830494e+00;8.327515e-02;1.977285e+00;2.795647e-01;2.258392e+00;1.979687e-01;2.448067e+00;9.055779e-04;2.236517e+00;-8.645787e-02;2.014794e+00;-2.765723e-02;2.488464e+00;7.594290e-02;1.705334e+00;1.458501e-01;1.737764e+00;9.997883e-02;2.120193e+00;-7.276324e-02;1.946437e+00;-1.655896e-01;1.797902e+00;-5.765765e-02;1.721347e+00;3.007290e-02
18.000000;1.443428e+02;9.973434e+01;7.004926e-02;7.143025e-01;5.583962e-02;2.250665e-02;4.022361e-02;1.697224e-02;1.918478e-01;1.117677e-01;4.702207e+01;-6.403322e+01;5.531967e-01;1.209476e+00;3.810811e-01;1.127641e+00;2.288203e-02;2.895947e-02;3.502314e-02;8.350466e-02;7.051613e-02;1.584799e-01;1.378978e-01;3.178000e-01;2.012079e-01;4.714281e-01;2.641826e-01;6.256883e-01;3.298050e-01;7.526863e-01;5.396585e-01;9.028783e-01;7.578360e-01;1.103427e+00;5.688223e-01;1.135081e+00;4.826613e-01;1.171448e+00;4.452974e-01;1.189725e+00;5.495356e-01;1.317656e+00;5.753005e-01;1.397293e+00;5.572755e-01;1.427420e+00;5.699762e-01;1.481779e+00;5.631351e-01;1.533803e+00;5.803609e-01;1.586263e+00;6.167522e-01;1.627849e+00;5.800533e-01;1.633388e+00;5.103418e-01;1.610862e+00;4.634025e-01;1.550886e+00;3.692213e-01;1.462658e+00;3.141199e-01;1.324757e+00;2.762924e-01;1.145609e+00;2.554820e-01;9.710748e-01;1.769131e-01;7.860065e-01;1.329981e-01;6.327095e-01;1.865884e-01;9.159990e-02;1.633158e-01;1.076334e-01;1.150388e+02;6.505898e+02;2.749670e+02;9.200420e+02;6.987869e+02;1.493399e+03;1.232004e+03;2.551828e+03;2.430528e-01;3.544255e-01;4.451953e+02;1.317051e+03;1.095090e+00;4.867669e+00;1898778;2232211;2.236850e+00;5.237195e+00;4.412454e+01;5.706326e+01;1.049261e-01;-6.297684e-02;2.588449e-01;1.051858e+00;3.456070e-01;1.872613e-01;4.865202e+00;1.017624e+01;5.093349e+00;-1.188621e+01;7.499548e+00;-9.539201e+00;7.018132e+00;-1.615777e+01;5.998996e+00;-6.042882e+00;5.665003e+00;-3.612396e+00;6.196609e+00;8.381397e-01;6.338683e+00;1.071602e+00;5.152886e+00;7.130296e-01;4.540348e+00;-7.562530e+00;6.482899e+00;-1.036426e+01;6.263076e+00;-1.036008e+01;4.700744e+00;-5.240733e+00;6.499610e+00;-2.157336e+00;1.082045e-03;2.948895e-04;3.924552e-06;4.147487e-07;1.296069e-06;-4.061541e-07;1.545846e-06;-4.282793e-07;6.903505e-06;-1.728938e-06;2.533166e-03;1.687871e-04;1.357669e-01;1.573007e-02;1.051171e-01;7.745242e-03;4.062217e-03;7.435554e-04;4.436666e-03;-5.628622e-04;2.277255e-02;1.005182e-03;4.251482e-02;1.445015e-03;5.247850e-02;3.417510e-03;7.655791e-02;3.350110e-03;7.871491e-02;5.645313e-03;1.399449e-01;3.055935e-03;1.402178e-01;1.583218e-02;1.046609e-01;1.958942e-02;1.348028e-01;1.178363e-02;1.359300e-01;9.272359e-03;1.557569e-01;6.676212e-03;1.426890e-01;1.328529e-02;1.571776e-01;1.323998e-02;1.742249e-01;1.124196e-02;1.610993e-01;1.325897e-02;1.834973e-01;1.069804e-02;1.953827e-01;8.714138e-03;1.884619e-01;7.903412e-03;1.770342e-01;7.496019e-03;1.534261e-01;8.823524e-03;1.211926e-01;8.173986e-03;1.005846e-01;5.952716e-03;8.512668e-02;5.047813e-03;7.834055e-02;3.168475e-03;5.125707e-02;2.193575e-03;4.247036e-02;1.105521e-03;5.631579e-02;5.533542e-04;4.329210e-02;2.513503e-03;3.661387e+01;2.426074e+00;7.822723e+01;1.335059e+00;1.943261e+02;-1.492969e+00;3.119983e+02;-2.357168e+01;6.742708e-02;4.069157e-03;1.217774e+02;-4.562274e+00;2.266515e-01;-2.392974e-02;5.740492e+05;-4.479657e+04;5.856877e-01;4.436904e-02;1.289120e+01;1.059773e+00;1.680863e-02;-3.117183e-03;7.470641e-02;-2.310683e-03;4.383592e-02;1.264626e-02;1.589047e+00;4.721572e-02;1.961645e+00;-2.058479e-01;1.899202e+00;-5.899927e-02;2.142633e+00;-2.268380e-02;2.210759e+00;8.554754e-02;1.972244e+00;8.497971e-02;1.892533e+00;2.849352e-01;2.041072e+00;1.687581e-01;1.609742e+00;-8.080482e-03;1.613367e+00;-1.274562e-01;1.893560e+00;-1.163167e-01;2.006291e+00;-6.928913e-05;1.593521e+00;2.115698e-01;1.863023e+00;2.386037e-01
18.500000;1.536010e+02;1.348762e+02;8.874632e-02;7.427355e-01;6.408431e-02;3.246070e-02;5.384022e-02;2.771581e-02;1.733024e-01;1.037423e-01;5.161252e+01;-5.033813e+01;6.626782e-01;1.597510e+00;3.719024e-01;1.134736e+00;3.003655e-02;4.575221e-02;3.654166e-02;7.877047e-02;5.020291e-02;1.419697e-01;1.188225e-01;3.086371e-01;1.838130e-01;4.690452e-01;2.509135e-01;6.167667e-01;3.093418e-01;7.476687e-01;5.230262e-01;9.341055e-01;7.717093e-01;1.069442e+00;6.654475e-01;1.188500e+00;4.699008e-01;1.184125e+00;4.500034e-01;1.219637e+00;5.403079e-01;1.282317e+00;6.132518e-01;1.380317e+00;6.021513e-01;1.472289e+00;5.055860e-01;1.450397e+00;5.175338e-01;1.507665e+00;5.253435e-01;1.589237e+00;5.163696e-01;1.618297e+00;5.560328e-01;1.655366e+00;5.001614e-01;1.639124e+00;4.948422e-01;1.604606e+00;4.139186e-01;1.511326e+00;3.949572e-01;1.378832e+00;2.920280e-01;1.149143e+00;2.605625e-01;9.676824e-01;1.888635e-01;7.876415e-01;1.455771e-01;6.290013e-01;1.875142e-01;1.310687e-01;2.022058e-01;2.232022e-01;1.217170e+02;6.892061e+02;2.668503e+02;9.559307e+02;6.751976e+02;1.491820e+03;1.211913e+03;2.468423e+03;2.346626e-01;4.800729e-01;4.353502e+02;1.311180e+03;1.223077e+00;4.651920e+00;1.915176e+06;1.902284e+06;1.966117e+00;5.103978e+00;4.006939e+01;5.771944e+01;1.403521e-01;-1.353184e-01;2.494596e-01;1.053555e+00;5.252400e-01;4.621735e-01;4.202847e+00;9.557443e+00;6.825150e+00;-1.619952e+01;7.698391e+00;-9.959285e+00;7.757171e+00;-1.811441e+01;5.502409e+00;-4.854340e+00;5.062864e+00;-2.676875e+00;8.212476e+00;3.219124e+00;8.382081e+00;1.777524e+00;6.821451e+00;-6.417220e-01;8.465828e+00;-9.559895e+00;1.102539e+01;-1.204063e+01;6.440828e+00;-8.615345e+00;7.317575e+00;-3.308419e+00;6.763533e+00;-3.636874e+00;2.242496e-03;1.609719e-04;4.067350e-06;4.959442e-07;3.184837e-06;-4.250112e-07;4.127772e-06;-2.231586e-07;5.650732e-06;-1.736145e-06;2.311115e-03;2.782762e-04;1.317315e-01;1.921316e-02;8.970917e-02;8.619591e-03;4.564150e-03;8.302260e-04;4.205426e-03;-5.479970e-04;1.432270e-02;1.162912e-03;3.351048e-02;2.094527e-03;4.616712e-02;2.365344e-03;7.101531e-02;3.853231e-03;7.185379e-02;3.845261e-03;1.342973e-01;3.824420e-03;1.388067e-01;1.211279e-02;1.064521e-01;1.714614e-02;1.144035e-01;8.795640e-03;1.299922e-01;6.709572e-03;1.478259e-01;9.011473e-03;1.354100e-01;2.204958e-02;1.481973e-01;2.123507e-02;1.376460e-01;9.735755e-03;1.269026e-01;1.064309e-02;1.476024e-01;1.081266e-02;1.581647e-01;8.845382e-03;1.759715e-01;1.164837e-02;1.629689e-01;9.908668e-03;1.490634e-01;9.468206e-03;1.166340e-01;8.119099e-03;1.114978e-01;8.692175e-03;7.935763e-02;7.814738e-03;6.711594e-02;7.119053e-03;4.974540e-02;4.561714e-03;4.409027e-02;2.534479e-03;5.941729e-02;9.060720e-04;5.283893e-02;6.483238e-03;4.033145e+01;1.464258e+00;8.364231e+01;-2.383008e+00;1.882810e+02;-1.616426e+01;3.009992e+02;-3.475459e+01;6.364995e-02;6.210824e-03;1.192252e+02;-1.047943e+01;2.354653e-01;-2.938171e-02;5.195071e+05;-5.612784e+04;5.483874e-01;2.971774e-02;1.187577e+01;5.239251e-01;2.242735e-02;-3.607954e-03;7.233623e-02;-5.928874e-03;7.894854e-02;1.457709e-02;1.434238e+00;5.561848e-02;1.935189e+00;-1.899736e-01;1.978791e+00;-1.041413e-01;2.280836e+00;-5.276097e-02;2.060378e+00;1.107278e-01;1.767084e+00;2.853853e-02;2.328160e+00;1.625790e-01;2.458209e+00;1.799660e-01;2.077901e+00;1.127764e-01;2.176770e+00;-2.123707e-01;2.638297e+00;-2.589231e-01;1.843152e+00;-6.067451e-03;2.293235e+00;1.540206e-01;1.923815e+00;2.799469e-02
19.000000;1.448820e+02;2.080522e+02;8.470774e-02;7.886726e-01;9.200626e-02;5.831917e-02;1.267771e-01;7.407701e-02;1.123506e-01;1.067813e-01;4.564494e+01;-2.199840e+01;5.044273e-01;2.009682e+00;2.500281e-01;1.082676e+00;2.219968e-02;5.759766e-02;2.005334e-02;6.721088e-02;5.888389e-02;1.391289e-01;1.214760e-01;3.001370e-01;1.308286e-01;4.555362e-01;1.892897e-01;6.003690e-01;2.641309e-01;7.246812e-01;2.296070e-01;8.007600e-01;3.561355e-01;8.879059e-01;5.528426e-01;1.089591e+00;2.951167e-01;1.062130e+00;3.491062e-01;1.121614e+00;2.657622e-01;1.153485e+00;5.376282e-01;1.346342e+00;5.847508e-01;1.458126e+00;3.343304e-01;1.359239e+00;3.663153e-01;1.411192e+00;5.009531e-01;1.539709e+00;3.427309e-01;1.490287e+00;4.216702e-01;1.568836e+00;4.403006e-01;1.586415e+00;5.997148e-01;1.648155e+00;4.936391e-01;1.539789e+00;3.835678e-01;1.350320e+00;2.810375e-01;1.155449e+00;2.356174e-01;9.644639e-01;1.777480e-01;7.726236e-01;1.603796e-01;6.233025e-01;1.456920e-01;1.370761e-01;2.392094e-01;4.079477e-01;1.253142e+02;7.093037e+02;2.675431e+02;9.767461e+02;4.446353e+02;1.380565e+03;8.267021e+02;2.250076e+03;1.844884e-01;5.466514e-01;2.859296e+02;1.241929e+03;9.345229e-01;4.228969e+00;5.999054e+05;1.057686e+06;1.790296e+00;4.554241e+00;3.162064e+01;4.696630e+01;1.126540e-01;-1.690083e-01;1.593227e-01;1.012371e+00;4.524229e-01;6.087788e-01;6.306240e+00;7.335727e+00;6.672804e+00;-2.039842e+01;7.432548e+00;-1.188995e+01;6.155768e+00;-2.021907e+01;5.762926e+00;-2.770885e+00;6.476754e+00;-7.272283e+00;9.386507e+00;1.951809e+00;1.062325e+01;5.245417e+00;7.373429e+00;-2.268937e+00;1.158724e+01;-1.570593e+01;1.282399e+01;-1.899312e+01;7.823639e+00;-1.161011e+01;1.050352e+01;3.438330e+00;7.818712e+00;-2.004245e+00;3.267516e-03;-7.089088e-04;4.770253e-06;-3.374178e-07;5.994399e-06;2.818635e-07;6.983093e-06;5.723639e-07;6.929187e-06;-5.646846e-07;2.568245e-03;-2.233073e-05;1.450276e-01;-8.385882e-03;6.558657e-02;-5.279073e-03;5.443337e-03;-4.774958e-04;3.598396e-03;1.519275e-04;1.809348e-02;1.361542e-03;3.692108e-02;1.708589e-03;4.719647e-02;-1.193133e-03;6.793012e-02;2.677626e-03;7.746174e-02;4.161369e-03;7.828669e-02;1.966022e-03;7.846449e-02;-9.300158e-03;9.334657e-02;-1.889235e-02;8.205628e-02;-8.236429e-03;1.175699e-01;-5.167130e-03;9.671310e-02;-5.480015e-05;1.086415e-01;-8.059901e-03;1.061993e-01;-9.691785e-03;1.079486e-01;-7.214780e-03;1.020611e-01;-1.094525e-02;1.312525e-01;-9.039017e-03;1.247479e-01;-4.340041e-03;1.350112e-01;-5.563832e-03;1.323501e-01;-7.763044e-03;1.353332e-01;-1.061030e-02;1.141953e-01;-9.082145e-03;1.044601e-01;-7.192198e-03;7.885741e-02;-6.969037e-03;5.807795e-02;-5.241806e-03;4.756192e-02;-3.048161e-03;4.095126e-02;-1.525729e-03;5.907994e-02;1.079856e-03;5.703763e-02;-1.774751e-03;3.665363e+01;-3.086426e+00;7.096249e+01;-1.722656e+00;1.182023e+02;4.306640e-02;2.323225e+02;4.435840e+00;7.730046e-02;-1.481911e-03;7.718742e+01;-1.134110e+00;2.027170e-01;1.659718e-02;1.822716e+05;3.028885e+03;4.589346e-01;8.130955e-04;8.389082e+00;-5.178084e-02;2.838849e-02;2.606638e-03;4.351428e-02;-1.183901e-03;9.620028e-02;-1.094477e-02;1.618124e+00;1.009469e-01;1.781512e+00;1.350758e-01;2.106264e+00;6.012775e-02;2.009304e+00;1.303413e-01;2.244945e+00;-2.006251e-02;1.901421e+00;-2.012546e-02;2.958528e+00;-3.736633e-01;2.806180e+00;-1.380218e-01;2.545344e+00;1.830533e-01;2.618812e+00;2.799192e-01;2.948937e+00;1.311183e-01;2.036928e+00;1.667082e-01;2.754673e+00;2.830074e-02;1.908659e+00;-7.464069e-02
19.500000;1.066240e+02;1.974366e+02;7.871149e-02;7.957415e-01;8.893173e-02;4.979745e-02;1.247031e-01;6.632023e-02;1.356517e-01;1.370579e-01;3.756823e+01;-1.179254e+01;5.311781e-01;1.954874e+00;2.555656e-01;1.061421e+00;1.960472e-02;5.299948e-02;1.751942e-02;6.722222e-02;7.152574e-02;1.460118e-01;1.182752e-01;3.049967e-01;1.262763e-01;4.598689e-01;1.931127e-01;5.976548e-01;3.003394e-01;7.272037e-01;2.605693e-01;8.282015e-01;3.934361e-01;9.857795e-01;3.940306e-01;9.793313e-01;2.989552e-01;1.023712e+00;3.901484e-01;1.113480e+00;3.774924e-01;1.189528e+00;4.780729e-01;1.272648e+00;5.034558e-01;1.346359e+00;4.921007e-01;1.390002e+00;5.346819e-01;1.453523e+00;4.933020e-01;1.466073e+00;3.734968e-01;1.474939e+00;3.904915e-01;1.515148e+00;4.363225e-01;1.537937e+00;6.152577e-01;1.575966e+00;5.334500e-01;1.478974e+00;3.693943e-01;1.293768e+00;3.166876e-01;1.135963e+00;2.514196e-01;9.355083e-01;1.660990e-01;7.503373e-01;1.532841e-01;6.140322e-01;1.711692e-01;1.470270e-01;2.483853e-01;3.802807e-01;1.509357e+02;6.481494e+02;3.068288e+02;9.168838e+02;4.433120e+02;1.378412e+03;7.524760e+02;2.264145e+03;2.016789e-01;5.109872e-01;2.949290e+02;1.221088e+03;7.672180e-01;4.316917e+00;5.879664e+05;1.135214e+06;1.529814e+00;4.295958e+00;2.589261e+01;4.128005e+01;9.093676e-02;-1.429370e-01;1.739684e-01;9.901064e-01;3.577265e-01;5.087233e-01;7.089048e+00;7.777584e+00;7.510139e+00;-1.890739e+01;7.483054e+00;-1.012836e+01;6.512889e+00;-1.909812e+01;8.300913e+00;-4.951702e+00;9.171482e+00;-1.279286e+01;8.617004e+00;-2.324833e+00;1.003486e+01;5.629834e+00;8.042968e+00;-3.731209e-01;9.840329e+00;-1.629286e+01;1.029941e+01;-2.050898e+01;9.683925e+00;-1.513076e+01;1.410916e+01;-1.654950e+00;7.855741e+00;-5.342257e+00;2.495999e-03;-6.640811e-04;5.104087e-06;-2.563350e-07;5.504646e-06;4.969616e-07;6.051975e-06;5.203780e-07;8.677409e-06;-1.407430e-07;2.551333e-03;-1.490325e-05;1.725171e-01;-1.591294e-02;8.167849e-02;-8.060399e-03;6.240641e-03;-7.307765e-04;3.649845e-03;5.114640e-05;2.537980e-02;1.088740e-04;3.977773e-02;-6.859055e-04;4.897583e-02;-1.442247e-03;6.967557e-02;-1.176195e-03;8.512883e-02;-5.856036e-05;8.508755e-02;-2.891639e-03;1.094460e-01;-1.295544e-02;9.794854e-02;-1.530056e-02;9.103650e-02;-4.523184e-03;1.211668e-01;-4.677846e-03;1.238785e-01;-7.034675e-03;1.063021e-01;-2.089865e-02;1.120660e-01;-2.083607e-02;1.675114e-01;-1.062023e-02;1.703611e-01;-1.061941e-02;1.498833e-01;-9.433046e-03;1.424581e-01;-7.658530e-03;1.413124e-01;-1.152679e-02;1.388493e-01;-1.061957e-02;1.422244e-01;-1.138590e-02;1.321996e-01;-9.631311e-03;1.017050e-01;-1.121728e-02;9.776168e-02;-8.679820e-03;7.252336e-02;-8.125022e-03;4.728437e-02;-4.864831e-03;3.876942e-02;-2.816534e-03;6.864201e-02;-5.571728e-04;6.034583e-02;-6.331673e-03;4.210296e+01;-3.962109e+00;8.132354e+01;-1.220215e+00;1.371580e+02;-1.435547e-01;2.377678e+02;5.742188e+00;8.630431e-02;-4.563543e-03;8.878920e+01;5.576309e-01;2.219788e-01;1.622360e-02;2.362527e+05;1.763731e+04;4.941537e-01;-6.099682e-03;8.952233e+00;-2.432443e-01;2.962636e-02;3.496139e-03;5.138646e-02;-1.746289e-04;9.466580e-02;-1.430283e-02;1.881395e+00;4.358954e-02;2.237236e+00;2.051365e-01;2.383340e+00;9.820328e-02;2.116765e+00;8.295205e-02;2.539298e+00;1.591255e-02;2.504985e+00;7.852669e-02;3.103448e+00;-1.927591e-01;2.740144e+00;-3.084350e-01;2.732195e+00;-1.857619e-01;2.458405e+00;2.558075e-01;2.788859e+00;3.667753e-01;2.724948e+00;1.663371e-01;3.004539e+00;-2.762956e-02;1.808938e+00;-4.629743e-02
20.000000;8.563829e+01;1.860626e+02;7.422613e-02;7.994745e-01;3.354685e-02;2.490392e-02;3.668863e-02;2.474248e-02;1.484858e-01;1.565364e-01;3.652952e+01;-1.086486e+01;4.997204e-01;1.646810e+00;2.809365e-01;1.028075e+00;1.834688e-02;4.535318e-02;1.680290e-02;5.486520e-02;6.454773e-02;1.429113e-01;8.717610e-02;2.835954e-01;1.344220e-01;4.363465e-01;1.602683e-01;5.909428e-01;2.463097e-01;7.687592e-01;2.920450e-01;8.681906e-01;4.835646e-01;1.024971e+00;3.407496e-01;9.599472e-01;3.727533e-01;1.078894e+00;4.049874e-01;1.115481e+00;4.245037e-01;1.157319e+00;4.036825e-01;1.162958e+00;3.726222e-01;1.207031e+00;5.725236e-01;1.356128e+00;5.971316e-01;1.417604e+00;4.942590e-01;1.417942e+00;4.441115e-01;1.461683e+00;4.635142e-01;1.496628e+00;4.240487e-01;1.472460e+00;4.766280e-01;1.437220e+00;4.399484e-01;1.356962e+00;3.730377e-01;1.244972e+00;3.003458e-01;1.073589e+00;2.159214e-01;8.821840e-01;1.419133e-01;7.230717e-01;1.139130e-01;5.921661e-01;1.517966e-01;1.818877e-01;1.618183e-01;1.884679e-01;1.006451e+02;5.651748e+02;1.699699e+02;7.586865e+02;3.974080e+02;1.124033e+03;7.251240e+02;1.820130e+03;1.898484e-01;4.505640e-01;2.532706e+02;1.034530e+03;8.412048e-01;4.251858e+00;9.065892e+05;1096710;2.568325e+00;5.899972e+00;6.080802e+01;7.309583e+01;7.539309e-02;-1.098395e-01;1.443476e-01;8.814351e-01;2.882284e-01;3.780124e-01;4.772696e+00;1.222239e+01;6.330417e+00;-1.473915e+01;7.709159e+00;-1.145661e+01;8.913886e+00;-2.325709e+01;9.308334e+00;-1.211803e+01;8.918744e+00;-1.234330e+01;7.432771e+00;-4.246393e+00;8.817694e+00;-6.110613e-01;7.676160e+00;5.748667e-01;6.773536e+00;-1.056816e+01;9.154991e+00;-1.330935e+01;1.069989e+01;-9.506269e+00;9.741968e+00;-8.028232e+00;5.665071e+00;-8.270207e+00;7.330449e-04;2.118229e-04;5.330596e-06;3.559715e-07;2.516913e-06;-4.954181e-07;2.564472e-06;-5.828815e-07;8.852187e-06;-1.679424e-06;2.531261e-03;6.048506e-06;1.575144e-01;4.243906e-03;8.282982e-02;2.536021e-03;5.629086e-03;1.433830e-04;4.009998e-03;-1.591081e-04;2.522861e-02;-1.442144e-03;3.252450e-02;-2.543945e-03;4.278379e-02;-7.842352e-04;5.132136e-02;-2.453731e-03;6.413564e-02;-3.931537e-03;8.560316e-02;-2.579580e-04;1.406154e-01;-1.373259e-03;9.850039e-02;5.003619e-03;9.367457e-02;6.239085e-03;1.076439e-01;4.378763e-03;1.305305e-01;4.272824e-05;1.221330e-01;4.564006e-03;1.141335e-01;6.148373e-03;1.781810e-01;4.217208e-03;1.823965e-01;4.059198e-03;1.531166e-01;6.574322e-03;1.461861e-01;3.036670e-03;1.361071e-01;7.107838e-03;1.271822e-01;3.490221e-03;1.325890e-01;5.102853e-03;1.304278e-01;4.287792e-03;1.064701e-01;4.727385e-03;9.849047e-02;4.173231e-03;7.271571e-02;2.603358e-03;4.708267e-02;1.792394e-03;3.917887e-02;1.174289e-03;5.208439e-02;1.636622e-03;5.969221e-02;1.112093e-03;3.798831e+01;7.464844e-01;6.777176e+01;1.105371e+00;1.348027e+02;1.851856e+00;2.550230e+02;-2.210742e+00;7.836483e-02;8.730327e-06;9.253883e+01;9.984080e-01;2.724763e-01;-2.738160e-03;3.323651e+05;-1.780948e+03;8.550820e-01;-1.648098e-02;2.106583e+01;-2.741683e-01;2.327585e-02;-6.108641e-04;5.428356e-02;8.748301e-04;8.180330e-02;2.751235e-03;1.698140e+00;-6.120118e-02;2.204933e+00;-1.104009e-01;2.573700e+00;-9.913920e-02;2.925400e+00;-1.937121e-01;3.044678e+00;-6.878749e-02;2.531310e+00;-4.541714e-02;2.428012e+00;9.813195e-02;2.403259e+00;-3.338609e-02;2.669443e+00;-1.208275e-01;2.412741e+00;-1.430546e-01;2.715111e+00;5.818983e-02;2.665673e+00;1.509822e-01;3.218293e+00;-1.750390e-02;2.187643e+00;-6.724744e-02
20.500000;1.124500e+02;1.733271e+02;8.431324e-02;7.878611e-01;3.572793e-02;2.378119e-02;4.007158e-02;2.440521e-02;1.320814e-01;1.183452e-01;4.610392e+01;-2.315805e+01;4.619699e-01;1.560289e+00;2.730529e-01;1.023387e+00;1.633102e-02;4.144122e-02;2.031316e-02;6.052658e-02;6.335754e-02;1.388749e-01;1.118464e-01;2.725726e-01;1.501012e-01;4.234115e-01;2.117286e-01;5.794894e-01;2.529562e-01;7.272148e-01;2.859524e-01;8.271957e-01;4.060172e-01;8.852791e-01;3.271953e-01;9.481679e-01;4.227006e-01;1.049475e+00;4.265006e-01;1.100892e+00;3.825012e-01;1.113273e+00;4.373354e-01;1.192286e+00;4.427352e-01;1.262761e+00;5.073982e-01;1.353184e+00;5.089395e-01;1.397502e+00;4.870611e-01;1.435158e+00;4.761610e-01;1.459340e+00;4.862359e-01;1.488790e+00;4.231467e-01;1.491779e+00;4.255030e-01;1.447750e+00;3.928834e-01;1.380531e+00;3.641005e-01;1.267944e+00;2.848656e-01;1.099021e+00;2.188270e-01;9.133214e-01;1.643650e-01;7.477787e-01;1.270646e-01;6.050645e-01;1.399744e-01;2.088336e-01;1.993393e-01;1.944963e-01;1.133769e+02;5.796738e+02;2.308186e+02;8.161084e+02;3.981261e+02;1.197390e+03;7.975677e+02;1.896214e+03;2.157945e-01;4.297386e-01;2.723540e+02;1.077901e+03;7.951530e-01;4.333687e+00;9.619328e+05;1.178759e+06;2.700216e+00;5.904644e+00;6.434316e+01;7.522326e+01;5.954662e-02;-9.096996e-02;1.578964e-01;9.087761e-01;2.181015e-01;3.069868e-01;5.650109e+00;1.107489e+01;7.502008e+00;-1.569376e+01;6.929507e+00;-1.323824e+01;8.957244e+00;-2.473093e+01;9.726098e+00;-1.478204e+01;8.015214e+00;-1.223573e+01;7.119287e+00;-3.561749e+00;6.806779e+00;-2.649869e+00;8.593122e+00;1.529111e-01;8.987874e+00;-8.942098e+00;6.489862e+00;-7.019100e+00;7.016621e+00;-3.179127e+00;6.457070e+00;-6.853179e+00;6.525855e+00;-8.450391e+00;5.227581e-04;2.028509e-04;5.206962e-06;-1.712624e-08;2.241126e-06;-4.958403e-07;2.744446e-06;-6.086334e-07;7.402397e-06;-1.707744e-06;2.465781e-03;-1.810369e-05;1.462030e-01;-4.450164e-04;8.199979e-02;2.812162e-03;4.884588e-03;-2.042678e-05;4.149247e-03;1.732174e-04;2.321398e-02;-5.595142e-04;3.653417e-02;-6.883981e-06;4.921204e-02;6.637613e-04;7.367722e-02;2.822694e-04;6.985282e-02;-2.002816e-03;8.267835e-02;1.313636e-03;1.194798e-01;3.754634e-03;9.691264e-02;-5.805346e-04;1.148810e-01;-1.871404e-03;1.177172e-01;3.504135e-03;1.332463e-01;3.437888e-03;1.324524e-01;5.393088e-03;1.180259e-01;6.565388e-03;1.524552e-01;3.979145e-03;1.511990e-01;2.800342e-03;1.471726e-01;3.776877e-03;1.453339e-01;4.087427e-03;1.348674e-01;3.709466e-03;1.316793e-01;5.318149e-03;1.284598e-01;6.468635e-03;1.326640e-01;6.431592e-03;1.164142e-01;6.125839e-03;9.453599e-02;3.401533e-03;7.891082e-02;3.216570e-03;6.066741e-02;2.320301e-03;4.718493e-02;1.586683e-03;4.887988e-02;-1.853991e-04;6.197143e-02;1.134199e-04;4.488483e+01;5.383301e+00;8.631242e+01;6.474317e+00;1.348967e+02;5.813965e+00;2.639897e+02;7.981641e+00;8.568223e-02;2.729324e-04;9.513210e+01;4.989102e+00;2.418975e-01;5.922432e-03;3.304938e+05;3.155604e+03;8.935803e-01;-7.315458e-03;2.229545e+01;-9.874663e-02;1.886797e-02;4.613170e-05;5.743308e-02;3.177655e-03;5.970319e-02;-1.106710e-04;1.838933e+00;-6.369578e-02;2.176384e+00;-9.705859e-02;2.282129e+00;5.614381e-03;2.934487e+00;8.611152e-02;3.206415e+00;5.238178e-02;2.508337e+00;-8.621144e-02;2.129864e+00;-2.882038e-02;2.304719e+00;1.820643e-01;3.100533e+00;1.892415e-01;2.860289e+00;5.250689e-02;2.368929e+00;-4.763580e-02;2.366157e+00;-1.271976e-01;2.515047e+00;-2.076889e-01;2.499087e+00;-1.302122e-01
21.000000;1.146168e+02;2.204187e+02;8.900792e-02;8.247501e-01;3.481936e-02;2.026295e-02;3.984573e-02;2.319763e-02;1.090490e-01;9.808957e-02;4.398389e+01;-1.323987e+01;5.242905e-01;1.869117e+00;2.570680e-01;1.113078e+00;2.195551e-02;5.432430e-02;1.659138e-02;6.101159e-02;6.170583e-02;1.377791e-01;1.273093e-01;2.784945e-01;1.337775e-01;4.453942e-01;2.185605e-01;5.981151e-01;2.255981e-01;6.368419e-01;3.070838e-01;8.802724e-01;3.913312e-01;9.502428e-01;7.676960e-01;1.143113e+00;4.776891e-01;1.131644e+00;5.009159e-01;1.327572e+00;4.969375e-01;1.373069e+00;4.483633e-01;1.266851e+00;5.157735e-01;1.356614e+00;4.506644e-01;1.483732e+00;4.763078e-01;1.566032e+00;4.924662e-01;1.582775e+00;4.341813e-01;1.593280e+00;4.172960e-01;1.588772e+00;3.810099e-01;1.609465e+00;3.691702e-01;1.567001e+00;3.573018e-01;1.501673e+00;3.370934e-01;1.365364e+00;2.603337e-01;1.172184e+00;2.087821e-01;9.731076e-01;1.523049e-01;7.856377e-01;1.135155e-01;6.250132e-01;1.770523e-01;2.324180e-01;3.545635e-01;4.587388e-01;1.435751e+02;6.824590e+02;2.414399e+02;9.500449e+02;3.140240e+02;1.249069e+03;6.336365e+02;1.899372e+03;2.022643e-01;4.488561e-01;2.064664e+02;1.140771e+03;8.624778e-01;4.039674e+00;7.850637e+05;9.513607e+05;1.881331e+00;5.407460e+00;4.219754e+01;6.513510e+01;9.841882e-02;-1.528284e-01;1.199499e-01;9.623242e-01;4.285951e-01;5.944645e-01;4.518849e+00;7.926225e+00;8.313188e+00;-2.336956e+01;7.596426e+00;-1.685830e+01;8.177172e+00;-2.486979e+01;8.649032e+00;-1.168733e+01;9.209514e+00;-8.962806e+00;9.015326e+00;1.696312e+00;1.034307e+01;-4.549335e+00;1.104647e+01;-5.148123e+00;1.449556e+01;-1.010087e+01;1.201750e+01;-6.034090e+00;9.869363e+00;-8.960443e+00;1.193694e+01;-1.362017e+01;7.621283e+00;-9.681718e+00;4.434480e-04;1.036647e-04;4.106194e-06;-3.224447e-07;2.293584e-06;-2.790513e-07;3.010440e-06;-2.808470e-07;6.987393e-06;2.430621e-07;1.678319e-03;-1.134463e-04;1.317045e-01;3.535029e-03;7.809690e-02;-8.484551e-04;5.002658e-03;1.466384e-04;3.447848e-03;2.081128e-04;2.036820e-02;1.131327e-03;3.842369e-02;3.082192e-03;4.876342e-02;5.901008e-04;7.732164e-02;6.204808e-04;7.477311e-02;-7.267246e-04;6.798124e-02;-1.499894e-03;1.021709e-01;-8.273589e-04;1.865838e-01;-1.851909e-03;1.185820e-01;-3.822038e-03;1.303462e-01;-2.667680e-03;1.277454e-01;2.358453e-04;1.352345e-01;1.156534e-03;1.439780e-01;-2.320232e-03;1.334388e-01;-2.524112e-03;1.267984e-01;-1.431355e-03;1.509738e-01;-2.079319e-03;1.275812e-01;-3.421027e-03;1.248702e-01;-4.089954e-03;1.202435e-01;2.018743e-04;1.209529e-01;-9.528806e-04;1.273405e-01;-2.902158e-04;1.116195e-01;-1.724588e-03;8.807182e-02;4.051466e-04;7.617907e-02;3.124709e-04;5.969074e-02;6.544279e-05;4.461662e-02;3.680401e-04;4.397452e-02;5.553787e-04;5.811834e-02;5.338840e-03;4.203039e+01;1.464258e+00;8.434198e+01;3.201270e+00;1.111317e+02;2.411719e+00;2.033731e+02;1.780078e+00;7.721354e-02;2.191412e-03;7.710434e+01;1.638278e+00;2.168381e-01;8.061081e-05;2.338666e+05;-6.245158e+02;5.816191e-01;-9.914683e-03;1.359432e+01;-5.275400e-02;2.184510e-02;-6.873885e-04;4.716596e-02;1.178495e-03;7.937150e-02;2.119939e-03;1.613426e+00;-3.293219e-03;2.039635e+00;-5.530681e-02;2.093754e+00;-4.071225e-03;2.335458e+00;1.287998e-01;2.620067e+00;1.779485e-01;2.439403e+00;1.363317e-01;2.617633e+00;1.064285e-01;2.766806e+00;-1.746699e-02;3.221371e+00;-2.816472e-02;3.238087e+00;1.700077e-01;3.069341e+00;8.083236e-02;2.525194e+00;-2.679260e-01;3.124220e+00;-1.989316e-01;2.510115e+00;4.730837e-02
21.500000;7.502988e+01;2.327439e+02;6.721149e-02;8.451388e-01;3.726901e-02;2.442271e-02;3.584213e-02;2.303412e-02;1.129249e-01;1.237114e-01;2.479483e+01;2.077195e+00;5.287299e-01;1.817624e+00;2.729656e-01;1.047018e+00;2.339097e-02;5.163582e-02;1.416429e-02;5.875031e-02;6.706109e-02;1.425206e-01;1.136681e-01;2.937090e-01;1.280023e-01;4.262393e-01;1.624097e-01;5.834971e-01;2.418382e-01;6.774628e-01;3.206356e-01;8.067631e-01;3.994972e-01;9.348533e-01;7.572912e-01;1.097842e+00;4.303263e-01;1.069740e+00;5.185109e-01;1.148237e+00;5.926245e-01;1.236097e+00;5.212665e-01;1.235474e+00;5.613464e-01;1.301075e+00;5.051307e-01;1.352271e+00;5.187648e-01;1.425766e+00;5.112671e-01;1.441928e+00;4.438837e-01;1.499458e+00;4.640761e-01;1.565711e+00;4.412314e-01;1.518677e+00;4.106619e-01;1.489852e+00;3.486593e-01;1.392226e+00;2.986724e-01;1.243735e+00;2.385419e-01;1.085298e+00;1.968096e-01;9.149560e-01;1.319048e-01;7.401621e-01;9.107134e-02;5.989201e-01;1.941931e-01;2.141268e-01;3.583891e-01;4.269931e-01;1.142727e+02;6.972451e+02;1.995550e+02;9.364072e+02;3.920733e+02;1.282948e+03;6.791661e+02;1.940285e+03;1.838344e-01;4.045816e-01;2.149820e+02;1.151097e+03;8.225120e-01;4.014234e+00;6.240374e+05;9.150199e+05;1.782235e+00;5.260035e+00;3.628331e+01;6.033176e+01;1.043948e-01;-1.415635e-01;1.135922e-01;9.664693e-01;4.411254e-01;5.675517e-01;3.814724e+00;7.813611e+00;8.354376e+00;-2.298322e+01;7.673973e+00;-1.676216e+01;6.514657e+00;-2.638977e+01;1.097339e+01;-1.250391e+01;7.397020e+00;-5.705552e+00;1.059164e+01;2.185162e+00;1.112060e+01;-4.346931e+00;1.132293e+01;-4.339647e+00;1.396916e+01;-1.071772e+01;1.252581e+01;-7.238235e+00;9.628636e+00;-1.022782e+01;1.227046e+01;-1.509245e+01;7.098475e+00;-8.765615e+00;5.782983e-04;-1.237123e-04;3.956797e-06;1.160228e-07;2.348095e-06;-4.328755e-07;2.478030e-06;-2.972581e-07;7.217708e-06;2.016366e-07;1.730091e-03;2.430627e-05;1.003259e-01;9.471062e-03;6.202977e-02;5.120748e-03;4.371038e-03;3.314676e-04;3.561114e-03;-2.412446e-04;2.005371e-02;1.493830e-03;3.334433e-02;1.363887e-03;3.946646e-02;2.594046e-03;5.436178e-02;1.163257e-03;6.670634e-02;2.594365e-03;5.779532e-02;2.450766e-03;9.514913e-02;2.602166e-03;1.756655e-01;8.147682e-03;8.833900e-02;7.264717e-03;9.839664e-02;3.099491e-03;9.271482e-02;1.033516e-02;1.254634e-01;1.679550e-02;1.405735e-01;1.254734e-02;1.224219e-01;9.270972e-03;1.132899e-01;8.098424e-03;1.314902e-01;5.420865e-03;1.050186e-01;5.706519e-03;1.210530e-01;7.201819e-03;1.200308e-01;8.616426e-03;1.152822e-01;5.626009e-03;9.985053e-02;2.764879e-03;7.083213e-02;2.423732e-03;6.448616e-02;1.805263e-03;5.559473e-02;1.740630e-03;4.156992e-02;1.054247e-03;3.266783e-02;9.574663e-04;3.902653e-02;5.866147e-04;5.134989e-02;3.259331e-03;2.688366e+01;-1.536035e+00;5.865923e+01;-2.713184e+00;1.074996e+02;-1.650879e+00;2.127441e+02;-1.194375e+01;5.303212e-02;2.089259e-03;6.500678e+01;-4.058882e+00;2.304186e-01;-7.349193e-03;1.647594e+05;-1.905465e+04;5.290310e-01;8.230019e-03;1.120706e+01;3.273337e-01;2.035416e-02;-8.072712e-04;3.553303e-02;-2.271642e-03;8.183961e-02;3.120796e-03;1.180275e+00;7.711969e-02;1.842246e+00;-8.488516e-02;2.477751e+00;-8.266788e-02;2.001090e+00;-1.298298e-01;2.386682e+00;-2.504468e-02;2.130038e+00;4.681759e-02;3.026507e+00;1.905322e-02;3.030265e+00;-1.790687e-02;2.635660e+00;2.058684e-03;2.971056e+00;-2.033738e-01;3.271523e+00;-1.792404e-01;2.911757e+00;4.428494e-02;3.355324e+00;1.177865e-01;2.227995e+00;1.370817e-01
22.000000;9.596185e+01;1.804070e+02;7.948252e-02;8.125844e-01;5.269696e-02;3.175635e-02;4.990990e-02;2.807236e-02;1.145063e-01;1.169586e-01;3.863736e+01;-9.978422e+00;5.468264e-01;1.705811e+00;2.981461e-01;9.903793e-01;2.299700e-02;4.657687e-02;1.594032e-02;6.054296e-02;7.085840e-02;1.490290e-01;9.175459e-02;2.955978e-01;1.322554e-01;4.090094e-01;1.594554e-01;5.432180e-01;2.173729e-01;6.903867e-01;3.117070e-01;7.548638e-01;2.947044e-01;8.535665e-01;3.874733e-01;9.775360e-01;4.677356e-01;1.022032e+00;5.747129e-01;1.032544e+00;5.805669e-01;1.069478e+00;5.897796e-01;1.234608e+00;5.691701e-01;1.295340e+00;5.771280e-01;1.314172e+00;5.571320e-01;1.326898e+00;5.398457e-01;1.368201e+00;4.571928e-01;1.381849e+00;4.654640e-01;1.432655e+00;4.991456e-01;1.434854e+00;4.542660e-01;1.422333e+00;4.423537e-01;1.336690e+00;3.821736e-01;1.205657e+00;2.674042e-01;1.033954e+00;1.999824e-01;8.680303e-01;1.460936e-01;7.148408e-01;1.121873e-01;5.825190e-01;1.971484e-01;1.865657e-01;2.621811e-01;3.008295e-01;1.094565e+02;6.755684e+02;1.543471e+02;8.517100e+02;4.193030e+02;1.252945e+03;6.786226e+02;1.953492e+03;1.917171e-01;3.982277e-01;2.152738e+02;1.132555e+03;7.665220e-01;4.212824e+00;6.283521e+05;1.030485e+06;2.061984e+00;5.354896e+00;4.846564e+01;6.171079e+01;9.971076e-02;-1.207226e-01;1.109363e-01;9.500380e-01;4.062495e-01;4.612626e-01;4.029400e+00;9.046465e+00;7.438115e+00;-1.977084e+01;8.446343e+00;-1.495171e+01;6.889039e+00;-2.502643e+01;1.191872e+01;-1.132725e+01;7.697676e+00;-5.176830e+00;1.200793e+01;4.780440e+00;9.464964e+00;2.777333e+00;1.056189e+01;-2.153900e+00;8.059813e+00;-1.170230e+01;8.605037e+00;-8.055221e+00;7.584718e+00;-5.650206e+00;9.015179e+00;-7.972723e+00;8.330174e+00;-6.539402e+00;2.685806e-03;-1.525093e-04;3.958887e-06;-7.892856e-08;3.566181e-06;-3.384158e-07;3.413382e-06;-1.766537e-07;6.396494e-06;-3.634909e-07;2.159401e-03;8.216472e-05;1.312104e-01;-1.080787e-02;6.283067e-02;1.493606e-03;4.341420e-03;-4.537529e-04;3.175459e-03;2.777778e-04;2.106274e-02;2.155827e-04;2.873118e-02;-1.144209e-03;3.976266e-02;1.205423e-03;4.759850e-02;1.018775e-04;5.379533e-02;-1.695419e-03;7.456493e-02;-2.843094e-03;6.314606e-02;-1.843661e-03;5.774567e-02;-1.753267e-03;8.674034e-02;-1.544903e-03;1.192645e-01;-1.335765e-03;1.015787e-01;-1.472897e-05;1.239202e-01;-3.686119e-03;1.128097e-01;-3.263240e-04;1.420057e-01;5.732347e-03;1.380274e-01;5.987625e-03;1.200606e-01;5.079942e-03;1.225416e-01;1.221740e-02;1.244044e-01;5.083618e-03;1.400776e-01;4.652686e-03;1.221352e-01;5.282339e-03;1.126890e-01;4.447863e-03;8.183897e-02;3.814370e-03;6.228156e-02;4.533025e-04;4.880060e-02;4.063109e-04;4.023895e-02;4.085509e-04;3.211898e-02;-6.794196e-05;5.662986e-02;-3.477968e-03;6.312385e-02;-6.263591e-03;3.233104e+01;-6.890625e-01;5.498732e+01;-2.268164e+00;1.124033e+02;6.890625e-01;1.920229e+02;1.445596e+01;6.140239e-02;-1.556674e-03;5.983096e+01;2.379887e+00;1.894900e-01;1.024092e-02;1.540723e+05;1.858605e+04;5.218925e-01;-2.264927e-02;1.277920e+01;-6.516144e-01;1.856141e-02;1.552225e-03;3.364683e-02;8.165987e-04;6.714140e-02;-6.017352e-03;1.266478e+00;-5.075665e-02;2.095877e+00;1.567093e-01;2.465572e+00;2.200432e-01;1.885679e+00;8.601806e-02;2.174298e+00;-2.325129e-02;2.129988e+00;4.940925e-02;2.788391e+00;1.256807e-01;2.838987e+00;1.161926e-01;2.689106e+00;-8.131070e-02;2.349955e+00;-1.431772e-01;3.061310e+00;-1.443517e-01;2.573688e+00;1.107947e-01;2.643178e+00;2.530936e-01;2.258475e+00;3.545304e-02
22.500000;9.933639e+01;1.566571e+02;7.988816e-02;7.965977e-01;6.261158e-02;3.730746e-02;6.070168e-02;3.552296e-02;1.481126e-01;1.124842e-01;4.286758e+01;-1.586874e+01;6.827404e-01;1.840643e+00;4.077297e-01;1.165794e+00;2.520654e-02;5.259270e-02;2.294697e-02;6.275636e-02;6.498071e-02;1.532820e-01;1.042815e-01;3.006297e-01;1.873969e-01;4.685197e-01;2.551219e-01;6.236187e-01;3.017994e-01;7.566649e-01;3.861600e-01;8.827027e-01;4.145426e-01;1.028897e+00;5.164228e-01;1.113941e+00;6.648222e-01;1.242028e+00;7.769398e-01;1.361518e+00;7.157766e-01;1.408837e+00;6.767498e-01;1.442570e+00;7.629149e-01;1.523142e+00;7.198566e-01;1.587334e+00;6.709896e-01;1.600361e+00;6.410689e-01;1.647295e+00;5.812781e-01;1.610267e+00;6.120891e-01;1.625939e+00;6.692623e-01;1.674573e+00;5.808547e-01;1.627935e+00;5.966047e-01;1.585068e+00;5.119610e-01;1.429929e+00;3.945177e-01;1.205790e+00;2.737675e-01;9.880468e-01;1.849806e-01;7.933244e-01;1.390082e-01;6.284326e-01;1.972716e-01;1.531091e-01;3.303179e-01;4.164594e-01;1.375289e+02;7.273916e+02;2.026105e+02;8.957812e+02;4.404687e+02;1.231556e+03;9.373275e+02;2.075801e+03;2.074595e-01;4.510601e-01;3.154132e+02;1.195188e+03;7.917826e-01;4.296614e+00;1.534600e+06;1.336852e+06;2.226808e+00;5.411936e+00;5.276577e+01;6.259380e+01;1.040610e-01;-1.524939e-01;1.881813e-01;1.001734e+00;4.168401e-01;5.737521e-01;4.283435e+00;8.086281e+00;8.143630e+00;-2.091362e+01;9.397102e+00;-1.666916e+01;6.761068e+00;-2.266395e+01;8.911140e+00;-3.565088e+00;7.663695e+00;-2.597651e+00;7.928336e+00;9.339705e+00;8.566501e+00;3.745820e+00;8.828544e+00;-5.880440e+00;6.929339e+00;-1.159170e+01;8.751581e+00;-8.323705e+00;6.407356e+00;-7.451205e+00;8.503149e+00;-3.436874e+00;7.257305e+00;-3.407368e+00;2.778636e-03;1.224337e-04;3.116194e-06;-1.275470e-07;3.913138e-06;2.001398e-07;3.921748e-06;1.925770e-07;7.651312e-06;4.885464e-07;2.162773e-03;-9.920051e-06;1.501564e-01;-1.673048e-03;7.942510e-02;-3.644992e-03;4.893172e-03;-1.012447e-04;4.444487e-03;8.062484e-05;2.085339e-02;-4.141056e-04;3.332387e-02;5.966407e-04;5.685658e-02;2.212775e-03;7.319598e-02;2.333523e-03;7.852618e-02;3.866524e-03;9.621126e-02;2.179976e-03;9.454074e-02;-2.019028e-03;9.230131e-02;-6.612559e-03;1.237979e-01;-4.918840e-03;1.603125e-01;-3.994115e-03;1.512933e-01;-1.119111e-02;1.427216e-01;-1.799770e-02;1.618325e-01;-1.368881e-02;1.752604e-01;-7.928842e-03;1.552030e-01;-3.478118e-03;1.394501e-01;-5.327848e-03;1.560317e-01;-5.058032e-03;1.463124e-01;-3.581119e-03;1.521900e-01;-7.654478e-03;1.310505e-01;-4.925685e-03;1.328697e-01;-2.775595e-03;1.056212e-01;-2.084778e-03;8.166724e-02;-1.321642e-04;5.898149e-02;-8.290462e-04;3.915331e-02;-1.416473e-03;3.292448e-02;6.922684e-05;5.719335e-02;8.568811e-04;7.326589e-02;-1.552574e-03;4.251080e+01;-2.512207e+00;7.188978e+01;-2.813672e+00;1.531145e+02;-1.607813e+00;2.616465e+02;3.675000e+00;6.957666e-02;9.100562e-04;9.892683e+01;-1.027969e+00;1.859691e-01;5.489048e-03;3.872134e+05;5.568714e+03;5.605767e-01;-6.394258e-03;1.389622e+01;-2.260382e-01;2.295123e-02;1.977194e-04;6.147890e-02;-1.015478e-03;7.278224e-02;-1.581985e-03;1.381546e+00;1.349296e-02;2.148371e+00;1.163937e-01;2.485951e+00;1.138951e-01;2.083943e+00;6.634124e-02;2.367152e+00;-9.481483e-02;2.311907e+00;-5.495158e-02;2.026756e+00;1.047455e-01;2.698764e+00;-4.371695e-02;2.881332e+00;-1.775821e-01;2.532986e+00;1.240501e-01;3.153782e+00;2.394740e-01;1.877154e+00;-6.511163e-03;2.770164e+00;-9.441388e-02;2.023400e+00;-3.025375e-02
23.000000;9.633592e+01;1.962784e+02;6.354015e-02;7.856905e-01;8.834550e-02;7.040211e-02;8.678295e-02;6.276660e-02;1.723536e-01;1.892114e-01;3.164197e+01;-7.129480e+00;6.489809e-01;1.590558e+00;4.147350e-01;1.114945e+00;2.302753e-02;3.917503e-02;2.477500e-02;7.597128e-02;7.613238e-02;1.482027e-01;1.376944e-01;3.008619e-01;2.340329e-01;4.620813e-01;2.940128e-01;6.375771e-01;3.232735e-01;7.695139e-01;3.566964e-01;8.619332e-01;4.848065e-01;9.823862e-01;5.224374e-01;1.006776e+00;6.428996e-01;1.104231e+00;7.465100e-01;1.213477e+00;7.164601e-01;1.294780e+00;6.621684e-01;1.332935e+00;7.554155e-01;1.418702e+00;6.777384e-01;1.491951e+00;6.171578e-01;1.528780e+00;6.233656e-01;1.543108e+00;6.739400e-01;1.646421e+00;6.751311e-01;1.708050e+00;6.500249e-01;1.635281e+00;6.074858e-01;1.564153e+00;5.941640e-01;1.488885e+00;4.989670e-01;1.342170e+00;3.919267e-01;1.156535e+00;2.804727e-01;9.587827e-01;1.906630e-01;7.742621e-01;1.234983e-01;6.167300e-01;1.503555e-01;9.540472e-02;3.021912e-01;2.782419e-01;1.872272e+02;7.180605e+02;4.039267e+02;1.052543e+03;6.256027e+02;1.630494e+03;9.779794e+02;2.561016e+03;2.224679e-01;3.877273e-01;3.906180e+02;1.392499e+03;7.220725e-01;4.681553e+00;1.658850e+06;1.758776e+06;1.875362e+00;4.349505e+00;3.464851e+01;4.223080e+01;9.008174e-02;-9.291331e-02;2.187291e-01;1.094197e+00;3.300243e-01;3.286000e-01;4.728335e+00;5.989721e+00;7.626106e+00;-2.051049e+01;9.699493e+00;-1.240172e+01;6.282732e+00;-2.116993e+01;1.330682e+01;-1.094633e+01;9.721598e+00;-6.465346e+00;6.069849e+00;6.693090e+00;1.010616e+01;3.496622e+00;9.798340e+00;-4.796119e-01;7.511454e+00;-9.961590e+00;8.960698e+00;-3.843893e+00;7.565664e+00;-4.753448e+00;9.674873e+00;-6.612504e+00;4.197844e+00;-3.318069e+00;2.204326e-03;8.938386e-05;2.855230e-06;1.026252e-07;6.135057e-06;2.996609e-07;6.094977e-06;4.092160e-07;8.910268e-06;1.100520e-06;1.614232e-03;9.062286e-06;1.389980e-01;6.247281e-03;8.024853e-02;2.706427e-03;5.056140e-03;2.229201e-04;5.839305e-03;-1.756110e-04;2.181496e-02;1.062570e-03;3.802153e-02;3.001281e-03;6.149922e-02;4.578036e-03;7.697741e-02;4.142067e-03;8.738327e-02;4.533433e-03;9.273495e-02;3.276324e-03;1.253989e-01;2.151503e-03;1.182073e-01;6.824794e-03;1.178421e-01;7.769098e-03;1.407914e-01;8.185440e-03;1.508130e-01;6.190083e-03;1.425641e-01;4.375096e-03;1.708285e-01;4.682620e-03;1.605472e-01;-3.584289e-03;1.326306e-01;-2.936433e-03;1.304222e-01;1.737080e-03;1.626909e-01;-3.370367e-03;1.609627e-01;4.549788e-04;1.368852e-01;1.249852e-04;1.284416e-01;4.386655e-03;1.253518e-01;1.372803e-03;1.001845e-01;2.673334e-03;8.370530e-02;1.523545e-03;6.334936e-02;3.112323e-03;3.923295e-02;3.093073e-03;3.090447e-02;1.007047e-03;4.862670e-02;1.555853e-03;5.558232e-02;1.724224e-03;6.278918e+01;-2.512207e+00;1.077518e+02;-9.331055e-01;1.855349e+02;8.613281e-02;3.054786e+02;-8.641993e+00;6.028664e-02;3.212114e-03;1.209841e+02;-2.743582e+00;2.129776e-01;-9.827187e-04;4.752780e+05;-1.017747e+04;5.379797e-01;1.161891e-02;1.041760e+01;1.878948e-01;2.305472e-02;-7.009721e-04;7.178488e-02;-1.821243e-03;7.316359e-02;1.559118e-03;1.437868e+00;5.820318e-02;2.059089e+00;1.236898e-02;2.468495e+00;-2.316276e-02;2.217080e+00;2.448511e-02;2.868079e+00;3.399658e-02;2.661029e+00;-2.342395e-03;2.253812e+00;-6.483384e-02;2.635031e+00;-1.245141e-01;2.865873e+00;3.112723e-02;2.648023e+00;-1.495438e-02;2.903674e+00;1.042521e-01;2.018574e+00;8.260187e-03;2.709494e+00;-3.259653e-02;1.543219e+00;-2.515004e-02
23.500000;7.841465e+01;2.450818e+02;7.044698e-02;8.079439e-01;8.523533e-02;8.017625e-02;8.272318e-02;7.006710e-02;1.808051e-01;2.496181e-01;1.903232e+01;1.545040e+00;5.999971e-01;1.550852e+00;3.840766e-01;1.078102e+00;2.285393e-02;4.008023e-02;2.177891e-02;6.822877e-02;9.094661e-02;1.499566e-01;1.554216e-01;3.234146e-01;2.476843e-01;5.113050e-01;2.506265e-01;6.054078e-01;2.729466e-01;7.413132e-01;4.303258e-01;8.688637e-01;6.110042e-01;1.004011e+00;3.949458e-01;1.003552e+00;5.561125e-01;1.133591e+00;5.994462e-01;1.227637e+00;6.258271e-01;1.279266e+00;6.467544e-01;1.301257e+00;6.433591e-01;1.356517e+00;5.553198e-01;1.352242e+00;6.796165e-01;1.462545e+00;5.999087e-01;1.459232e+00;6.727199e-01;1.550598e+00;6.371126e-01;1.578486e+00;5.693612e-01;1.561616e+00;5.588417e-01;1.519224e+00;4.803436e-01;1.405123e+00;4.169059e-01;1.274089e+00;3.321887e-01;1.095515e+00;2.556567e-01;9.201407e-01;1.702951e-01;7.449759e-01;1.104227e-01;6.007745e-01;1.353836e-01;9.844556e-02;1.928333e-01;2.146821e-01;1.724698e+02;6.850430e+02;3.896451e+02;9.989971e+02;6.252318e+02;1.474881e+03;8.401332e+02;2.158345e+03;2.327894e-01;3.595320e-01;3.633666e+02;1.265960e+03;8.318805e-01;4.415789e+00;1.185501e+06;1.419909e+06;2.218085e+00;5.123708e+00;5.106979e+01;5.858570e+01;8.800925e-02;-9.611440e-02;1.912616e-01;1.020629e+00;3.575355e-01;3.457753e-01;5.311898e+00;8.205949e+00;7.170636e+00;-1.970035e+01;9.413421e+00;-1.425382e+01;6.566727e+00;-2.236233e+01;1.154530e+01;-1.175488e+01;8.015613e+00;-6.183324e+00;6.146688e+00;3.918241e+00;1.141888e+01;2.826037e-02;1.197078e+01;-2.803806e+00;8.927351e+00;-1.269671e+01;9.928213e+00;-6.517933e+00;9.392008e+00;-7.442713e+00;9.288449e+00;-1.136481e+01;6.051998e+00;-5.592227e+00;2.651984e-03;4.029136e-04;3.856726e-06;2.192359e-07;6.142259e-06;-1.726651e-07;6.035308e-06;-2.824809e-08;1.022525e-05;-3.694183e-07;1.266570e-03;2.632538e-06;1.284837e-01;6.309074e-03;8.062752e-02;1.325676e-03;4.829509e-03;1.951490e-04;4.487113e-03;-7.180649e-05;2.542635e-02;5.485879e-04;4.368062e-02;-7.130655e-04;6.226417e-02;-3.349805e-03;6.252173e-02;-1.315563e-03;7.872459e-02;-4.310481e-03;1.112700e-01;-1.473464e-03;1.456463e-01;-8.339639e-04;1.005419e-01;6.303895e-04;1.001749e-01;-8.947895e-04;1.144570e-01;4.630943e-04;1.236138e-01;3.300083e-03;1.377126e-01;1.123833e-03;1.412721e-01;1.415900e-03;1.227537e-01;5.209739e-03;1.223393e-01;-1.439528e-04;1.429064e-01;6.166109e-03;1.553439e-01;3.685631e-03;1.512004e-01;2.937046e-03;1.240206e-01;3.432524e-03;1.384766e-01;5.287935e-03;1.155027e-01;4.844122e-03;1.022743e-01;3.613877e-03;7.796557e-02;9.977832e-04;6.353652e-02;4.308689e-04;4.750063e-02;2.319600e-03;3.712809e-02;1.095552e-03;4.756704e-02;9.824734e-05;3.480162e-02;2.861138e-03;6.022897e+01;1.105371e+00;8.914610e+01;2.555274e+00;1.296236e+02;2.670117e+00;2.189957e+02;3.301758e+00;6.886405e-02;8.932926e-04;8.806089e+01;1.890998e+00;2.053560e-01;-1.209284e-03;3.442858e+05;-2.915057e+02;5.961555e-01;-1.226171e-02;1.483305e+01;-9.213861e-02;2.039621e-02;-6.277366e-04;5.089445e-02;1.177724e-03;7.437979e-02;2.441033e-03;1.537441e+00;-1.878105e-02;1.922482e+00;-5.680776e-02;2.107724e+00;-6.327454e-03;2.081644e+00;-2.650701e-02;2.581791e+00;7.210555e-02;2.289033e+00;5.675770e-02;2.158183e+00;-3.070152e-02;2.283904e+00;-4.521474e-03;2.887404e+00;-7.198833e-02;2.516514e+00;-1.363599e-02;2.390758e+00;-1.082318e-01;1.877340e+00;-7.462291e-02;2.301756e+00;-3.797518e-02;1.667192e+00;-4.096400e-02
24.000000;1.109444e+02;2.425297e+02;7.704137e-02;8.116804e-01;6.250152e-02;5.427323e-02;7.102165e-02;5.431172e-02;1.877842e-01;1.885502e-01;3.085830e+01;-5.449112e+00;6.631308e-01;1.642200e+00;4.025253e-01;1.102646e+00;2.412902e-02;4.467305e-02;2.112258e-02;6.798816e-02;1.085429e-01;1.540964e-01;1.607382e-01;3.150761e-01;2.327456e-01;5.065850e-01;2.459484e-01;5.855337e-01;3.819671e-01;7.781864e-01;4.350314e-01;8.802951e-01;5.753301e-01;9.620017e-01;4.170280e-01;1.016137e+00;5.109769e-01;1.091439e+00;5.412623e-01;1.192739e+00;5.974757e-01;1.268559e+00;6.337131e-01;1.321629e+00;6.592249e-01;1.377767e+00;7.065518e-01;1.488751e+00;8.265104e-01;1.598549e+00;6.383477e-01;1.493971e+00;6.495318e-01;1.547834e+00;7.625280e-01;1.652322e+00;6.652691e-01;1.635058e+00;5.757599e-01;1.564273e+00;4.817150e-01;1.477987e+00;4.292167e-01;1.320417e+00;3.809882e-01;1.155839e+00;2.591259e-01;9.274294e-01;1.658950e-01;7.482496e-01;1.228345e-01;6.080604e-01;1.301390e-01;1.173683e-01;2.482242e-01;2.924215e-01;1.101584e+02;6.652324e+02;2.687628e+02;9.081270e+02;4.128312e+02;1.320272e+03;8.419717e+02;2.121882e+03;2.518341e-01;4.075541e-01;2.875512e+02;1.207613e+03;7.710416e-01;4.286394e+00;1.317069e+06;1.474337e+06;2.147617e+00;5.217513e+00;5.172940e+01;6.109773e+01;9.323848e-02;-1.159654e-01;1.638187e-01;9.987912e-01;3.899315e-01;4.245186e-01;5.289531e+00;8.632825e+00;7.973886e+00;-1.973432e+01;8.864523e+00;-1.685104e+01;6.351193e+00;-2.408359e+01;9.935634e+00;-6.649496e+00;9.770705e+00;-5.897147e+00;7.102886e+00;2.022411e+00;7.596667e+00;-2.059774e+00;9.451396e+00;-6.683803e+00;1.018479e+01;-1.283610e+01;9.919305e+00;-8.183379e+00;9.122286e+00;-1.001149e+01;9.489719e+00;-1.520984e+01;6.236776e+00;-8.392546e+00;3.255928e-03;2.938180e-04;4.170316e-06;1.136405e-08;3.705300e-06;-3.266437e-07;4.734621e-06;-1.301783e-07;8.840271e-06;-1.980277e-06;2.019949e-03;-9.571019e-05;1.184962e-01;2.668644e-03;7.711042e-02;-9.866043e-04;4.610435e-03;1.816223e-06;3.512936e-03;4.245403e-05;3.432911e-02;-8.625216e-04;4.600634e-02;-2.336381e-03;5.696825e-02;-4.534013e-03;6.240553e-02;-2.541405e-04;1.032893e-01;-3.788040e-03;1.170600e-01;-4.960728e-04;1.212867e-01;1.385340e-03;9.142637e-02;-4.544365e-05;8.905208e-02;-4.348955e-03;1.025552e-01;-5.500732e-03;1.242732e-01;-3.380987e-03;1.282297e-01;5.081332e-04;1.308831e-01;1.062804e-03;1.351058e-01;3.326847e-03;1.497292e-01;1.935256e-03;1.505380e-01;2.932235e-03;1.399680e-01;-4.569649e-04;1.527925e-01;9.892968e-04;1.454068e-01;1.350601e-03;1.427329e-01;-3.341047e-03;1.138671e-01;-1.601073e-03;1.087959e-01;-4.001700e-03;8.683215e-02;-1.525372e-03;6.146385e-02;-1.515347e-03;4.936764e-02;-1.200222e-03;3.722481e-02;4.680080e-05;5.075789e-02;-5.659854e-04;6.245630e-02;5.088989e-04;3.964795e+01;3.057715e+00;9.340447e+01;2.885449e+00;1.056758e+02;4.435840e+00;2.229235e+02;6.732715e+00;7.229300e-02;-7.810745e-04;8.733254e+01;3.080586e+00;2.146774e-01;5.471950e-03;3.083928e+05;-1.571139e+03;6.012556e-01;-1.979078e-02;1.619979e+01;-2.064268e-01;2.018215e-02;1.767028e-04;5.231727e-02;2.042466e-03;7.737132e-02;-2.840150e-04;1.873464e+00;-4.863260e-02;1.944630e+00;-1.273511e-01;2.280333e+00;-3.186154e-02;2.048681e+00;-7.449908e-02;2.337472e+00;-1.511463e-01;2.623104e+00;-1.612579e-01;2.360767e+00;-1.222273e-01;2.477609e+00;5.008765e-02;3.035956e+00;-4.849193e-03;3.115293e+00;-4.647798e-02;2.470041e+00;-3.942415e-02;1.973021e+00;-1.272347e-02;2.664244e+00;-9.274343e-02;1.759378e+00;4.089785e-02
24.500000;1.027956e+02;2.404768e+02;6.272237e-02;8.085139e-01;5.027771e-02;4.622933e-02;6.731983e-02;5.060147e-02;1.609324e-01;1.867702e-01;2.902762e+01;-5.477262e+00;5.894620e-01;1.511506e+00;3.729916e-01;1.046875e+00;2.149595e-02;3.937285e-02;2.279002e-02;7.206853e-02;1.033236e-01;1.533001e-01;1.491445e-01;3.072176e-01;2.017478e-01;4.659960e-01;2.529496e-01;6.016502e-01;3.683521e-01;7.766603e-01;2.618261e-01;8.213311e-01;5.264789e-01;9.599513e-01;4.774880e-01;1.004355e+00;4.025244e-01;9.880653e-01;4.582366e-01;1.085282e+00;5.783151e-01;1.212969e+00;6.092061e-01;1.282219e+00;5.907679e-01;1.299795e+00;7.214727e-01;1.427011e+00;8.164705e-01;1.472125e+00;5.805988e-01;1.452420e+00;5.624695e-01;1.479648e+00;7.337496e-01;1.562053e+00;6.190381e-01;1.515183e+00;5.875487e-01;1.475563e+00;4.662651e-01;1.360168e+00;4.359588e-01;1.248244e+00;3.513811e-01;1.071053e+00;2.132029e-01;8.827242e-01;1.467621e-01;7.236025e-01;1.095159e-01;5.901524e-01;1.237197e-01;1.165202e-01;2.339932e-01;2.361014e-01;1.159882e+02;6.303486e+02;2.831799e+02;8.511357e+02;4.073232e+02;1.328455e+03;8.646924e+02;2.258402e+03;2.339735e-01;4.255543e-01;3.036452e+02;1.198795e+03;6.792718e-01;4.369454e+00;1.394674e+06;1.590696e+06;2.022808e+00;5.080242e+00;4.219481e+01;5.795981e+01;8.229840e-02;-9.240994e-02;1.789545e-01;9.865983e-01;3.292110e-01;3.281520e-01;5.843140e+00;9.304099e+00;7.801569e+00;-1.846985e+01;8.530237e+00;-1.522986e+01;6.054868e+00;-2.344380e+01;9.004359e+00;-9.751806e+00;8.789862e+00;-9.853798e+00;8.647730e+00;-2.279108e+00;6.777154e+00;-1.058648e+00;7.426150e+00;-2.430609e+00;1.009357e+01;-1.011677e+01;1.099146e+01;-8.991663e+00;1.282250e+01;-1.159143e+01;8.418821e+00;-1.693748e+01;4.902966e+00;-8.696462e+00;2.770308e-03;-1.488075e-04;3.403615e-06;-1.244589e-07;3.141804e-06;-4.164609e-07;4.568269e-06;-2.423315e-07;7.550971e-06;-1.595294e-06;2.005232e-03;7.991353e-06;1.270232e-01;8.070802e-04;7.872334e-02;2.306427e-03;4.820123e-03;6.324243e-05;3.717114e-03;-8.226251e-05;3.339575e-02;-1.300860e-03;4.006508e-02;-9.204857e-04;5.020769e-02;-3.768215e-04;6.474055e-02;-4.124044e-05;9.430313e-02;3.590057e-03;7.691073e-02;1.844560e-03;1.117327e-01;3.835946e-03;1.142527e-01;5.231837e-03;9.341327e-02;1.012777e-02;9.942743e-02;8.281616e-03;1.438074e-01;4.341439e-03;1.501251e-01;4.621092e-03;1.389535e-01;3.831666e-03;1.693816e-01;5.608267e-03;1.858805e-01;6.169064e-03;1.451579e-01;1.519750e-03;1.204227e-01;2.144592e-03;1.494866e-01;2.213547e-03;1.476492e-01;3.038038e-03;1.442358e-01;3.527347e-04;1.139378e-01;-1.822859e-03;1.165470e-01;-1.332357e-03;8.826933e-02;2.532136e-04;5.326939e-02;4.156579e-04;4.426980e-02;-2.574297e-04;3.038836e-02;-1.401715e-03;4.648443e-02;9.136690e-04;6.644659e-02;3.082619e-04;3.977716e+01;5.311524e-01;9.112549e+01;-1.780078e+00;1.085713e+02;-3.675000e+00;2.477509e+02;-5.512500e+00;6.773562e-02;2.028404e-04;8.680976e+01;-2.007545e+00;2.107136e-01;-8.702482e-04;3.345004e+05;-5.001729e+03;5.276455e-01;1.408035e-02;1.241977e+01;2.163987e-01;2.090713e-02;-3.994726e-04;5.255193e-02;-9.350505e-04;7.793614e-02;4.696729e-04;1.739112e+00;1.610197e-02;2.126857e+00;-6.359061e-02;2.525535e+00;-7.502786e-02;2.044875e+00;-7.917844e-02;2.376411e+00;-9.171702e-02;2.520555e+00;-2.700830e-02;3.201594e+00;1.135319e-02;2.526816e+00;-3.258686e-02;2.955736e+00;5.537970e-02;3.522305e+00;-5.156926e-02;2.675555e+00;3.934749e-02;2.821723e+00;3.621759e-02;2.814731e+00;2.717733e-02;1.758310e+00;2.848413e-03
25.000000;6.842940e+01;2.141191e+02;6.585544e-02;8.234398e-01;2.926502e-02;2.710748e-02;3.117208e-02;2.552793e-02;1.510590e-01;1.836033e-01;2.903991e+01;-1.773457e+00;5.147948e-01;1.539301e+00;3.152295e-01;1.027398e+00;1.944347e-02;4.156376e-02;1.773812e-02;5.925548e-02;7.689694e-02;1.478173e-01;1.011077e-01;3.178223e-01;1.485807e-01;4.815267e-01;1.883897e-01;6.169515e-01;2.482051e-01;7.323086e-01;1.952239e-01;7.700550e-01;5.144674e-01;9.654424e-01;3.747652e-01;9.478785e-01;4.932878e-01;1.084190e+00;4.472605e-01;1.088999e+00;5.370330e-01;1.171045e+00;5.568486e-01;1.241156e+00;5.319227e-01;1.290480e+00;5.758212e-01;1.309362e+00;6.626740e-01;1.369744e+00;5.069533e-01;1.451811e+00;4.305796e-01;1.430920e+00;5.973544e-01;1.492199e+00;5.200027e-01;1.481067e+00;5.161809e-01;1.463913e+00;4.111975e-01;1.352016e+00;3.807264e-01;1.226380e+00;2.794322e-01;1.059582e+00;1.935230e-01;8.938687e-01;1.371164e-01;7.352425e-01;9.523751e-02;5.905765e-01;1.546925e-01;1.448951e-01;1.540769e-01;1.788118e-01;1.482639e+02;5.664668e+02;1.228153e+02;7.124619e+02;2.837330e+02;1.064458e+03;6.896813e+02;1.874824e+03;2.011234e-01;3.844288e-01;1.928120e+02;1.005408e+03;5.705924e-01;4.179015e+00;9.436722e+05;1.145032e+06;1.856420e+00;5.863230e+00;4.196066e+01;7.095730e+01;7.156096e-02;-9.602321e-02;1.253222e-01;8.646120e-01;2.945091e-01;3.567068e-01;4.506158e+00;1.250939e+01;7.588384e+00;-1.576531e+01;7.850166e+00;-1.324673e+01;7.427556e+00;-2.294587e+01;8.896042e+00;-1.292367e+01;6.631934e+00;-1.173649e+01;7.499900e+00;-5.189421e+00;7.115108e+00;-4.261946e+00;7.821929e+00;-4.183893e+00;1.052535e+01;-1.354311e+01;7.493894e+00;-1.295170e+01;1.269702e+01;-1.302518e+01;9.754084e+00;-1.437689e+01;4.949097e+00;-9.459331e+00;2.142969e-04;-4.398276e-05;2.818890e-06;-1.497838e-07;1.515261e-06;-2.080053e-07;1.619744e-06;-2.738575e-07;7.411675e-06;-3.225388e-07;1.500160e-03;-8.474694e-05;1.109404e-01;-5.593257e-03;7.171189e-02;-4.366362e-03;3.711110e-03;-1.276434e-04;2.603974e-03;1.587303e-05;2.350575e-02;2.998728e-05;2.911265e-02;-2.586836e-03;4.509904e-02;-3.101993e-03;5.751339e-02;-6.040993e-03;5.253552e-02;-4.183440e-03;4.085144e-02;-1.936379e-03;1.057685e-01;-4.336952e-03;9.064151e-02;-4.292387e-03;9.380673e-02;-2.885497e-03;9.274546e-02;-2.205316e-03;1.324008e-01;-4.286649e-03;1.425768e-01;-6.105759e-03;1.336607e-01;-7.401879e-03;1.538772e-01;-6.445032e-03;1.661070e-01;-5.967682e-03;1.304584e-01;-1.052390e-02;1.065003e-01;-5.971623e-03;1.450514e-01;-8.929812e-03;1.279644e-01;-7.405510e-03;1.287144e-01;-5.711936e-03;1.025113e-01;-4.332024e-03;1.019380e-01;-1.494117e-03;7.236019e-02;-1.468524e-03;5.115062e-02;-1.994153e-03;3.861981e-02;-2.348887e-03;2.648142e-02;-1.598106e-03;4.058602e-02;-8.772854e-04;4.100163e-02;-2.081092e-03;3.905600e+01;-3.014649e-01;3.870666e+01;8.326172e-01;1.029073e+02;-1.579102e+00;2.149071e+02;-4.507617e+00;6.143539e-02;-2.706009e-03;5.823531e+01;-4.296002e-01;1.580656e-01;-4.634666e-04;2.153439e+05;2.268972e+03;5.231262e-01;2.156670e-02;1.083915e+01;2.950486e-01;1.557536e-02;4.702088e-04;3.661182e-02;-3.310324e-04;5.942468e-02;-1.139394e-03;1.233881e+00;1.542574e-02;1.948503e+00;9.973530e-02;2.133901e+00;-7.973242e-03;2.075295e+00;5.286161e-02;2.147141e+00;8.495250e-02;1.809590e+00;5.437845e-02;2.725306e+00;8.434709e-02;2.274026e+00;-2.158886e-02;2.527276e+00;4.676148e-02;3.187921e+00;6.405147e-02;2.084797e+00;-1.508506e-02;2.846354e+00;-3.567503e-02;2.546631e+00;5.126067e-02;1.621749e+00;-3.882090e-02
25.500000;8.455608e+01;2.055134e+02;7.382404e-02;8.266348e-01;2.997844e-02;2.228968e-02;3.910548e-02;2.291676e-02;1.059102e-01;1.241187e-01;3.576945e+01;-4.795853e+00;5.143754e-01;1.511533e+00;3.043869e-01;1.030447e+00;2.483720e-02;4.640010e-02;1.982187e-02;5.494709e-02;6.607624e-02;1.345259e-01;6.111364e-02;2.554038e-01;9.603851e-02;3.917396e-01;1.547466e-01;5.646909e-01;2.443845e-01;6.868396e-01;4.648847e-01;8.980946e-01;6.718028e-01;1.045313e+00;4.041660e-01;9.689661e-01;4.420996e-01;1.013572e+00;3.726349e-01;1.027971e+00;5.565183e-01;1.159129e+00;4.057594e-01;1.144817e+00;4.445598e-01;1.240466e+00;5.747892e-01;1.370506e+00;5.187582e-01;1.386733e+00;5.710599e-01;1.468193e+00;4.950698e-01;1.494169e+00;5.776289e-01;1.550148e+00;4.668672e-01;1.501143e+00;4.197960e-01;1.471118e+00;3.839196e-01;1.420544e+00;3.087231e-01;1.249868e+00;2.426396e-01;1.097965e+00;1.752016e-01;9.068034e-01;1.375586e-01;7.410339e-01;9.146584e-02;6.018746e-01;2.361855e-01;2.227875e-01;1.213040e-01;1.403575e-01;1.269137e+02;5.739316e+02;1.567719e+02;7.236592e+02;4.017946e+02;1.020530e+03;8.671020e+02;1.685906e+03;1.820724e-01;3.677611e-01;2.601906e+02;9.830620e+02;1.044694e+00;3.786885e+00;1.191786e+06;1.162544e+06;2.712313e+00;6.876872e+00;6.864458e+01;9.686688e+01;1.116243e-01;-1.266370e-01;1.540167e-01;8.526962e-01;4.840343e-01;5.124337e-01;3.884367e+00;1.130097e+01;7.575443e+00;-1.549133e+01;7.567548e+00;-1.297463e+01;1.064920e+01;-2.664491e+01;1.080960e+01;-1.839751e+01;7.435949e+00;-1.252986e+01;7.777203e+00;-2.313669e+00;9.720535e+00;-1.215457e+00;1.081817e+01;-6.072110e-01;1.175338e+01;-8.731807e+00;5.972779e+00;-9.852436e+00;9.755757e+00;-1.269898e+01;9.283559e+00;-1.464513e+01;4.822341e+00;-1.050336e+01;1.259469e-03;-2.530571e-05;2.751212e-06;2.081964e-08;1.906754e-06;-9.554632e-08;2.535185e-06;-4.146699e-08;5.392706e-06;-1.460331e-07;1.205115e-03;2.890967e-07;1.152558e-01;-6.081728e-03;7.437033e-02;-2.917679e-03;5.613436e-03;-8.404108e-05;4.717578e-03;-5.429577e-05;1.692637e-02;-4.895690e-04;1.764986e-02;-4.986406e-04;2.771126e-02;1.190277e-05;4.959287e-02;-2.077400e-04;6.183863e-02;-3.158905e-03;9.933055e-02;-2.331518e-03;1.516870e-01;-3.294967e-04;1.010705e-01;-1.274329e-03;8.902251e-02;-7.430543e-03;1.097169e-01;-5.057770e-03;1.553361e-01;-9.670709e-04;1.162677e-01;1.115822e-03;1.177462e-01;-1.436402e-03;1.549421e-01;-9.627848e-03;1.331833e-01;-6.665630e-03;1.433670e-01;-6.248363e-03;1.372421e-01;-3.858730e-03;1.433159e-01;-5.079418e-03;1.180852e-01;-5.422255e-03;1.032683e-01;-3.996251e-03;1.002245e-01;-3.347160e-03;7.976168e-02;-2.831713e-03;6.352893e-02;-1.990894e-03;5.359725e-02;-1.059299e-03;3.648740e-02;-2.152129e-03;2.447330e-02;-1.525731e-03;5.824058e-02;-8.788211e-04;3.021239e-02;-3.117008e-03;2.907193e+01;-5.885742e-01;4.576497e+01;-1.780078e+00;1.242451e+02;-2.110254e+00;2.710307e+02;-5.670410e+00;5.897772e-02;2.643401e-04;8.307033e+01;-1.793495e+00;2.446099e-01;-1.219048e-02;3.774243e+05;-1.448386e+03;7.854026e-01;2.724627e-02;2.009174e+01;5.461350e-01;2.605904e-02;3.426738e-04;4.999358e-02;-1.059180e-03;1.149450e-01;7.323725e-05;1.223838e+00;-1.471724e-02;2.078707e+00;3.207560e-02;1.532477e+00;-6.516603e-02;2.275101e+00;-1.166685e-01;2.740421e+00;-7.638336e-02;2.178985e+00;-8.599032e-02;2.291365e+00;-9.840246e-02;3.037475e+00;7.550346e-03;2.773033e+00;1.558351e-01;2.605270e+00;4.924764e-02;1.956959e+00;-9.197103e-02;2.420888e+00;-1.465416e-01;2.451117e+00;-3.033795e-02;1.347564e+00;-8.446752e-03
26.000000;7.610730e+01;2.109543e+02;6.829931e-02;8.403562e-01;2.961401e-02;1.898045e-02;3.916693e-02;2.043712e-02;8.413182e-02;1.114876e-01;3.119280e+01;-4.527997e-01;4.711155e-01;1.539304e+00;3.004610e-01;1.070553e+00;2.521588e-02;4.998301e-02;1.980739e-02;5.186949e-02;7.140370e-02;1.396014e-01;1.006180e-01;2.805507e-01;1.484048e-01;4.326350e-01;1.543524e-01;5.821599e-01;2.166417e-01;7.371043e-01;4.537911e-01;8.938720e-01;6.671391e-01;1.076275e+00;4.119288e-01;1.043031e+00;3.363670e-01;1.013020e+00;3.741890e-01;1.063236e+00;5.536821e-01;1.219524e+00;4.617745e-01;1.250542e+00;4.991837e-01;1.320904e+00;5.356954e-01;1.437189e+00;4.822088e-01;1.476403e+00;5.699415e-01;1.491079e+00;4.945779e-01;1.514459e+00;4.909429e-01;1.612623e+00;4.279886e-01;1.572646e+00;3.887687e-01;1.520432e+00;3.750618e-01;1.435377e+00;3.264757e-01;1.298453e+00;2.390555e-01;1.126242e+00;1.606788e-01;9.377836e-01;1.371869e-01;7.520924e-01;8.890195e-02;6.071519e-01;2.075763e-01;2.003652e-01;8.278404e-02;1.172020e-01;7.212733e+01;5.980488e+02;1.284535e+02;7.060020e+02;3.850105e+02;9.207598e+02;8.557831e+02;1.590155e+03;1.715548e-01;3.570718e-01;2.510832e+02;9.603061e+02;1.040242e+00;3.446910e+00;1.192021e+06;1.106025e+06;2.646178e+00;6.969718e+00;6.679379e+01;9.647512e+01;1.179435e-01;-1.437412e-01;1.449298e-01;8.431611e-01;5.160500e-01;5.907736e-01;2.934510e+00;9.962704e+00;6.869098e+00;-1.559111e+01;7.679044e+00;-1.305549e+01;1.006553e+01;-3.004685e+01;1.048206e+01;-2.208085e+01;7.893129e+00;-1.502733e+01;7.457335e+00;-1.019661e+00;8.070172e+00;2.787604e+00;8.388101e+00;4.439301e+00;1.351688e+01;-8.750790e+00;8.609567e+00;-1.181575e+01;8.389324e+00;-1.538865e+01;7.587106e+00;-1.688072e+01;4.085460e+00;-7.958499e+00;1.259775e-03;1.170058e-05;2.595669e-06;8.669857e-08;1.829034e-06;-1.023654e-07;2.496215e-06;-1.740411e-08;4.453699e-06;-8.755741e-09;1.227737e-03;1.437609e-04;1.129855e-01;3.013467e-04;7.401723e-02;-1.306354e-03;5.621925e-03;2.644531e-05;4.699307e-03;-6.916097e-05;2.112052e-02;-7.410576e-04;2.915663e-02;3.999600e-05;3.748935e-02;2.392174e-04;4.801278e-02;-7.830495e-04;6.076464e-02;-3.340579e-04;9.694127e-02;-1.723892e-03;1.495939e-01;-1.366441e-03;1.012884e-01;-2.457624e-03;8.813570e-02;-8.836950e-04;1.173296e-01;1.098908e-03;1.513854e-01;-3.029778e-04;1.154420e-01;-1.132158e-03;1.323811e-01;-9.818368e-04;1.542636e-01;-2.171075e-03;1.268960e-01;-1.899811e-03;1.444190e-01;-4.835867e-04;1.352217e-01;-2.596348e-03;1.181666e-01;-2.691553e-03;1.128808e-01;-2.576827e-03;9.389918e-02;-3.258803e-03;9.756506e-02;-1.915342e-03;7.322574e-02;-1.489726e-03;5.969888e-02;-2.354390e-03;4.725155e-02;-1.351818e-03;3.267397e-02;-1.240238e-03;2.242743e-02;-6.070129e-04;5.036703e-02;4.401192e-05;2.586270e-02;9.338190e-04;2.228429e+01;7.321289e-01;3.632273e+01;-2.124609e+00;1.085183e+02;-2.440430e+00;2.573642e+02;2.569629e+00;5.364021e-02;1.069079e-03;7.789352e+01;-1.858322e-01;2.524528e-01;-3.493043e-03;3.763473e+05;3.204141e+03;7.694961e-01;-6.037460e-03;1.989748e+01;-1.510414e-01;2.639171e-02;-1.190228e-04;4.701998e-02;6.586815e-05;1.175773e-01;3.409412e-04;1.146206e+00;-2.878329e-02;2.045677e+00;-4.943529e-02;1.691738e+00;-8.457536e-03;2.429169e+00;-6.970234e-02;2.920321e+00;-6.406571e-02;2.119931e+00;-4.300189e-02;2.369514e+00;-1.572102e-02;3.017729e+00;3.061167e-02;2.512923e+00;-4.207910e-03;2.455470e+00;-1.396768e-02;2.242406e+00;-3.398589e-02;2.887155e+00;5.970971e-03;2.326589e+00;-5.355464e-02;1.053469e+00;-4.589648e-03
26.500000;5.731155e+01;2.140039e+02;7.901648e-02;8.010875e-01;4.159316e-02;3.523863e-02;3.952104e-02;2.655980e-02;1.418102e-01;1.779281e-01;2.213118e+01;4.955661e-01;5.740396e-01;1.252256e+00;2.418748e-01;9.625074e-01;2.474637e-02;3.303825e-02;3.337567e-02;7.543965e-02;7.343985e-02;1.409226e-01;1.151496e-01;2.970718e-01;1.807356e-01;4.612979e-01;1.667563e-01;5.300104e-01;2.107999e-01;6.530460e-01;1.644934e-01;6.805230e-01;2.657290e-01;7.234532e-01;2.919931e-01;8.745709e-01;3.463871e-01;9.400258e-01;4.055101e-01;9.980575e-01;3.612868e-01;1.018044e+00;4.165539e-01;1.132643e+00;4.762739e-01;1.212357e+00;4.029790e-01;1.220504e+00;4.307044e-01;1.326824e+00;4.503654e-01;1.347538e+00;3.948496e-01;1.371636e+00;4.823861e-01;1.428193e+00;3.948361e-01;1.448774e+00;3.347508e-01;1.409256e+00;3.108086e-01;1.331974e+00;2.829151e-01;1.220074e+00;2.244837e-01;1.060234e+00;1.396053e-01;8.838559e-01;1.098199e-01;7.296922e-01;7.659385e-02;5.846141e-01;7.428803e-02;8.699401e-02;9.687493e-02;8.790251e-02;1.041637e+02;5.412012e+02;1.978225e+02;7.329902e+02;7.156771e+02;1.189925e+03;1.361319e+03;2.407125e+03;1.816049e-01;2.480470e-01;4.412260e+02;1.174378e+03;1.063223e+00;4.277766e+00;2.166131e+06;2.331901e+06;1.703103e+00;4.929967e+00;3.289539e+01;4.726680e+01;9.316770e-02;-7.701049e-02;2.700174e-01;9.611303e-01;3.967771e-01;3.016367e-01;4.590253e+00;8.628162e+00;7.950926e+00;-1.067353e+01;6.755685e+00;-9.779077e+00;9.611483e+00;-2.569274e+01;9.493966e+00;-1.923201e+01;6.825197e+00;-1.506209e+01;5.847917e+00;-3.153690e+00;7.058473e+00;-9.422514e-01;7.460828e+00;-4.544839e-01;1.131669e+01;-1.315381e+01;8.641397e+00;-1.380783e+01;8.443026e+00;-1.376185e+01;8.084463e+00;-1.360464e+01;4.219666e+00;-7.352602e+00;7.241503e-04;2.804448e-05;2.012647e-06;-1.589470e-07;1.527339e-06;-1.683057e-07;1.719911e-06;-2.353206e-07;5.680032e-06;-1.374472e-07;1.304780e-03;-1.872664e-05;9.692111e-02;-4.324474e-03;5.658419e-02;6.598300e-05;2.963210e-03;-2.341559e-04;5.510252e-03;3.401360e-04;2.288366e-02;1.456003e-03;3.448962e-02;5.913000e-04;4.951214e-02;-3.172375e-04;4.671416e-02;-1.226901e-04;4.330370e-02;-2.325152e-03;3.785317e-02;-3.812925e-03;3.246563e-02;-4.419766e-03;4.954584e-02;-2.900810e-03;9.148978e-02;5.156998e-04;1.250932e-01;-8.238648e-04;9.677840e-02;-8.580784e-04;1.011617e-01;1.278614e-04;1.218160e-01;2.022149e-03;1.009569e-01;6.792619e-03;9.954608e-02;5.576770e-03;1.222345e-01;3.714703e-03;1.059381e-01;2.440217e-04;8.745919e-02;-7.257632e-04;9.901988e-02;-2.405285e-03;8.227488e-02;-1.690377e-03;8.331772e-02;1.805294e-03;6.266820e-02;1.448290e-03;5.459382e-02;-1.189114e-03;3.394634e-02;-1.541915e-03;2.611336e-02;-8.550558e-05;1.852247e-02;6.393460e-04;2.263005e-02;3.049039e-04;3.523339e-02;9.261252e-04;3.047799e+01;-1.062305e+00;5.753714e+01;3.301758e+00;1.934971e+02;7.967285e+00;3.270744e+02;1.764287e+01;4.417133e-02;-2.467024e-03;1.091703e+02;5.492651e+00;1.655834e-01;1.852746e-02;5.016240e+05;2.031385e+04;3.885930e-01;-3.987540e-02;6.908456e+00;-8.458909e-01;1.250407e-02;3.643004e-04;6.889937e-02;2.749049e-03;4.198892e-02;-3.470666e-03;1.283645e+00;-4.066565e-02;1.705314e+00;7.227051e-02;1.768320e+00;1.945757e-01;2.380306e+00;3.266702e-01;2.290464e+00;1.798593e-01;1.744474e+00;4.800289e-02;1.711852e+00;9.114657e-02;2.242251e+00;9.676486e-03;2.062246e+00;-2.147765e-01;2.253653e+00;-1.442527e-02;2.214823e+00;-1.145595e-02;2.578877e+00;1.678926e-01;2.035162e+00;1.473851e-01;1.184146e+00;5.898960e-02
27.000000;8.388548e+01;1.976279e+02;7.427519e-02;7.671589e-01;5.783844e-02;5.493838e-02;4.984417e-02;4.003111e-02;2.112135e-01;2.198445e-01;3.185287e+01;-9.986101e+00;6.457921e-01;1.184625e+00;4.711239e-01;1.055873e+00;3.091409e-02;3.265516e-02;3.223660e-02;7.957168e-02;1.040038e-01;1.545179e-01;1.365460e-01;2.866375e-01;2.139067e-01;4.494006e-01;3.138883e-01;5.743738e-01;2.855665e-01;6.510854e-01;4.586278e-01;7.796950e-01;9.306892e-01;1.006447e+00;7.693865e-01;1.118434e+00;7.342386e-01;1.164484e+00;7.009349e-01;1.250690e+00;7.636512e-01;1.256599e+00;8.380752e-01;1.343169e+00;8.629323e-01;1.397955e+00;7.898617e-01;1.353569e+00;7.687351e-01;1.399531e+00;7.520698e-01;1.513305e+00;6.628073e-01;1.506392e+00;6.084469e-01;1.419485e+00;5.335179e-01;1.443427e+00;5.236288e-01;1.453392e+00;4.974421e-01;1.406389e+00;3.981105e-01;1.259414e+00;2.878263e-01;1.066401e+00;1.723451e-01;8.794050e-01;1.337564e-01;7.312695e-01;9.035736e-02;5.872379e-01;1.233222e-01;6.741224e-02;1.874558e-01;1.258871e-01;1.354444e+02;5.799609e+02;2.027653e+02;7.944316e+02;6.885610e+02;1.266870e+03;1.351563e+03;2.473878e+03;2.776687e-01;3.096499e-01;4.223964e+02;1.242009e+03;1.126831e+00;4.491331e+00;2.133237e+06;2.550380e+06;2.069627e+00;5.084701e+00;4.745530e+01;5.262454e+01;1.352825e-01;-9.339468e-02;2.546041e-01;1.012149e+00;5.453656e-01;3.405431e-01;5.084653e+00;8.365162e+00;9.950627e+00;-1.153405e+01;7.253863e+00;-1.213555e+01;8.480090e+00;-2.255978e+01;6.641846e+00;-1.189403e+01;4.832734e+00;-9.910052e+00;9.190207e+00;7.980440e-01;9.522641e+00;-1.662182e+00;7.917809e+00;-4.360461e+00;9.476234e+00;-1.167480e+01;9.919286e+00;-1.670800e+01;8.386853e+00;-1.397915e+01;7.761703e+00;-7.637963e+00;6.292429e+00;-6.783830e+00;8.969688e-04;1.239700e-04;2.619139e-06;-8.622534e-08;2.073771e-06;-3.732958e-07;1.927702e-06;-4.121671e-07;8.233047e-06;-6.819698e-07;1.691227e-03;-1.284578e-04;1.310605e-01;-9.298623e-04;9.822854e-02;3.561694e-03;4.841406e-03;-3.262479e-05;5.963599e-03;1.713276e-05;2.475372e-02;-1.882958e-04;3.429179e-02;9.734187e-04;5.401001e-02;1.009473e-03;7.833409e-02;3.331150e-03;7.049169e-02;3.951488e-03;1.139047e-01;3.157767e-03;1.547006e-01;1.349753e-03;1.123252e-01;7.093344e-04;1.559020e-01;3.488793e-03;1.849722e-01;2.509828e-03;1.684080e-01;7.847210e-03;1.850807e-01;3.606644e-03;2.078311e-01;2.319287e-03;1.857095e-01;7.743785e-03;1.648786e-01;7.520496e-03;1.773677e-01;6.845116e-03;1.667189e-01;7.795037e-03;1.380158e-01;9.925360e-03;1.253484e-01;6.999198e-03;1.183036e-01;5.041315e-03;1.150720e-01;3.154193e-03;8.838277e-02;-4.941538e-04;6.940172e-02;1.296106e-03;4.113945e-02;8.738966e-04;3.311393e-02;1.117186e-03;2.422362e-02;7.206926e-04;3.562580e-02;-1.253818e-04;6.123414e-02;-1.110234e-03;3.874377e+01;-5.742187e-02;6.467659e+01;7.608398e-01;1.938762e+02;1.004883e+00;3.447898e+02;9.331055e-01;7.002880e-02;-1.839294e-03;1.133530e+02;3.639029e-02;2.142663e-01;4.715420e-03;533526;-4.848366e+03;4.386169e-01;-8.005287e-03;9.975055e+00;-1.046239e-01;2.338149e-02;1.832637e-04;7.126962e-02;9.539742e-05;8.090606e-02;-6.610455e-04;1.435440e+00;2.627833e-02;2.304769e+00;-2.239282e-02;1.669342e+00;2.282166e-03;2.244576e+00;4.983993e-02;2.158721e+00;4.326027e-02;1.683631e+00;8.800151e-02;2.076706e+00;-5.864741e-02;3.036854e+00;-5.391365e-02;2.887450e+00;-2.207776e-03;2.620790e+00;7.951955e-02;2.506553e+00;5.606502e-02;2.299806e+00;1.552583e-02;2.410962e+00;8.995748e-02;2.124456e+00;-9.431608e-03
27.500000;8.959066e+01;1.872394e+02;8.481111e-02;7.982837e-01;5.554898e-02;3.727840e-02;4.098020e-02;2.723058e-02;2.389222e-01;1.986128e-01;3.833165e+01;-1.120655e+01;5.229794e-01;1.655509e+00;4.289400e-01;1.230815e+00;2.682188e-02;4.945900e-02;1.656510e-02;5.575082e-02;1.169854e-01;1.761715e-01;1.403500e-01;3.418080e-01;1.740639e-01;5.151200e-01;3.069535e-01;6.856474e-01;3.206236e-01;7.960883e-01;4.521600e-01;9.528556e-01;9.165919e-01;1.294463e+00;7.399446e-01;1.275170e+00;6.693752e-01;1.373562e+00;6.047351e-01;1.409614e+00;7.260273e-01;1.506377e+00;7.711113e-01;1.563591e+00;8.202246e-01;1.614166e+00;7.568873e-01;1.647775e+00;7.044653e-01;1.682775e+00;6.887498e-01;1.729382e+00;6.161146e-01;1.697513e+00;5.553762e-01;1.751087e+00;5.345678e-01;1.728175e+00;5.370180e-01;1.691580e+00;5.087706e-01;1.599660e+00;4.031070e-01;1.416327e+00;2.846113e-01;1.184610e+00;1.696694e-01;9.645135e-01;1.275535e-01;7.784434e-01;9.605457e-02;6.247206e-01;1.255287e-01;1.181522e-01;1.639965e-01;2.043334e-01;1.320450e+02;6.007764e+02;1.263101e+02;7.520830e+02;3.072595e+02;1.061443e+03;6.274597e+02;1.788979e+03;2.325479e-01;4.340590e-01;1.712309e+02;1.027081e+03;1.069166e+00;4.080334e+00;8.318226e+05;1.082430e+06;1.920871e+00;5.576385e+00;4.371555e+01;6.575203e+01;1.277129e-01;-1.454943e-01;9.809697e-02;8.818461e-01;5.470287e-01;5.332310e-01;4.351138e+00;1.107376e+01;7.949459e+00;-1.739836e+01;7.709558e+00;-1.178148e+01;9.071578e+00;-2.304891e+01;7.013031e+00;-8.027269e+00;8.160476e+00;-9.414558e+00;1.035072e+01;1.698389e+00;9.795185e+00;-8.903683e-01;8.003177e+00;-4.029315e+00;9.338798e+00;-1.217103e+01;1.189977e+01;-1.703424e+01;1.196163e+01;-1.565736e+01;1.093599e+01;-1.040237e+01;7.078448e+00;-7.166111e+00;5.746399e-04;8.183228e-05;3.037105e-06;7.822141e-08;1.935076e-06;-1.246515e-07;1.298302e-06;-1.694701e-07;1.051719e-05;-3.165824e-08;1.614262e-03;1.223039e-05;1.291124e-01;2.511144e-03;9.535784e-02;-1.371299e-03;5.139216e-03;1.080892e-04;3.554527e-03;-3.586546e-04;2.848446e-02;-1.113747e-03;3.409069e-02;3.194560e-04;4.464672e-02;5.845512e-04;7.651685e-02;-4.247110e-04;8.251868e-02;2.141086e-03;1.191223e-01;2.303573e-03;1.710695e-01;-3.585384e-05;1.201436e-01;-7.790752e-05;1.586895e-01;4.347574e-04;1.689078e-01;-1.744136e-03;1.649879e-01;-5.841792e-03;1.726376e-01;-7.417100e-03;2.098449e-01;-6.073664e-03;1.922442e-01;-6.996862e-03;1.617090e-01;-5.624921e-03;1.619111e-01;-3.771089e-03;1.600814e-01;-8.475809e-04;1.472388e-01;-8.270892e-04;1.384585e-01;1.475899e-03;1.306137e-01;-8.478905e-04;1.174676e-01;-2.894542e-03;9.132451e-02;-2.861351e-03;7.683311e-02;7.525386e-04;5.164451e-02;2.535375e-03;3.522737e-02;1.018120e-03;3.206687e-02;1.811478e-04;3.548321e-02;-7.824151e-04;5.794519e-02;-1.572187e-03;3.962545e+01;-7.177734e-02;4.804827e+01;-3.488379e+00;8.622590e+01;-8.441015e+00;1.815722e+02;-1.551826e+01;7.164002e-02;1.614660e-03;5.273243e+01;-5.603207e+00;2.269340e-01;-1.016053e-02;2.116980e+05;-1.599069e+04;4.660443e-01;2.596562e-02;1.103276e+01;4.537454e-01;2.538285e-02;2.600807e-04;3.120762e-02;-3.167214e-03;9.846280e-02;4.675114e-04;1.357617e+00;7.401288e-02;2.314587e+00;3.692712e-02;1.490939e+00;-8.081151e-02;2.214328e+00;-2.484449e-01;2.493064e+00;-9.260537e-02;2.590597e+00;7.648271e-02;2.646412e+00;2.272617e-03;3.190694e+00;-2.813306e-02;2.743139e+00;-1.595302e-02;2.788140e+00;-1.071085e-01;2.964492e+00;7.218064e-02;2.820541e+00;-8.943389e-02;2.654031e+00;-1.426191e-01;2.375518e+00;-9.207926e-02
28.000000;5.899632e+01;2.123656e+02;6.686723e-02;8.244894e-01;3.373355e-02;2.688340e-02;2.385893e-02;2.056557e-02;1.887371e-01;1.934376e-01;2.703799e+01;3.790728e-01;3.857221e-01;1.642446e+00;2.466885e-01;1.112809e+00;1.677473e-02;4.361176e-02;1.408586e-02;5.542328e-02;9.427600e-02;1.544034e-01;1.160929e-01;3.086947e-01;1.162741e-01;4.674051e-01;2.015285e-01;6.268460e-01;3.049187e-01;8.464854e-01;2.912183e-01;9.146289e-01;4.622985e-01;9.565670e-01;3.112982e-01;9.579387e-01;3.929740e-01;1.135231e+00;3.465552e-01;1.144475e+00;4.246586e-01;1.248143e+00;3.790515e-01;1.286194e+00;4.653887e-01;1.410649e+00;5.603951e-01;1.524689e+00;4.032632e-01;1.494330e+00;3.984652e-01;1.518867e+00;4.535789e-01;1.607161e+00;6.054213e-01;1.753963e+00;4.706953e-01;1.682506e+00;4.072556e-01;1.584052e+00;3.663127e-01;1.476823e+00;2.981707e-01;1.331725e+00;2.326604e-01;1.150805e+00;1.467438e-01;9.526469e-01;9.244252e-02;7.734570e-01;8.103950e-02;6.243471e-01;1.229848e-01;1.754647e-01;9.200811e-02;1.667377e-01;1.278797e+02;5.123467e+02;1.267837e+02;6.744199e+02;3.629128e+02;1.109391e+03;6.534148e+02;1.867790e+03;1.603354e-01;3.878384e-01;1.688721e+02;9.877534e+02;7.053525e-01;4.210632e+00;7.483921e+05;1073487;1.506792e+00;4.965552e+00;2.911175e+01;5.328044e+01;7.433873e-02;-9.926429e-02;9.232618e-02;8.370459e-01;3.219308e-01;3.550402e-01;4.767554e+00;1.246282e+01;7.728827e+00;-1.535452e+01;5.692386e+00;-7.653164e+00;8.351492e+00;-2.278239e+01;9.655919e+00;-1.206505e+01;1.067488e+01;-1.351652e+01;9.932927e+00;-6.106214e+00;7.356171e+00;-5.192083e+00;7.212223e+00;-3.601878e+00;6.492746e+00;-1.309233e+01;1.092011e+01;-1.171736e+01;1.472014e+01;-1.128146e+01;8.415533e+00;-1.372061e+01;6.426799e+00;-1.139775e+01;3.937188e-04;2.215470e-05;2.669829e-06;2.202653e-07;1.572150e-06;-2.587023e-08;1.087130e-06;-3.472135e-08;1.082140e-05;6.980699e-08;7.768455e-04;1.692387e-04;1.069646e-01;2.763214e-03;5.877914e-02;5.924173e-04;3.807195e-03;4.752080e-05;2.958553e-03;8.641971e-05;2.567514e-02;1.799550e-04;2.604877e-02;-7.098092e-04;2.839150e-02;-4.175991e-04;4.807189e-02;-2.157180e-03;8.256651e-02;-2.741146e-04;7.802905e-02;5.229783e-04;8.679056e-02;7.711729e-04;6.484745e-02;1.580699e-03;1.061261e-01;-1.101769e-04;9.541409e-02;-2.825978e-04;9.992287e-02;-4.001664e-03;8.901105e-02;2.036222e-03;1.358220e-01;1.958307e-03;1.558802e-01;-1.415275e-03;1.028087e-01;1.950528e-03;9.761892e-02;-1.186655e-03;1.203841e-01;-3.550198e-03;1.420661e-01;-5.149196e-04;1.171241e-01;2.255837e-03;1.069925e-01;2.861673e-03;8.321354e-02;3.888212e-03;6.830330e-02;4.593648e-03;6.586239e-02;3.478176e-03;5.146850e-02;1.844483e-03;2.986418e-02;1.311977e-03;3.052035e-02;7.891815e-04;4.000591e-02;1.027551e-03;3.141166e-02;7.145573e-04;3.697345e+01;-1.550391e+00;4.196617e+01;-1.306348e+00;8.415709e+01;0;1.755735e+02;-2.153320e-01;5.147586e-02;1.097929e-03;4.914297e+01;-3.223859e-01;1.914044e-01;-5.540212e-03;2.097784e+05;2.931654e+03;4.000857e-01;-3.715559e-05;8.379776e+00;-1.846001e-02;1.625862e-02;-2.080623e-04;2.921174e-02;-3.724252e-04;6.708507e-02;1.214042e-03;1.218945e+00;-2.532381e-02;2.008769e+00;2.651509e-02;1.427359e+00;2.471142e-02;2.363748e+00;-2.104341e-02;2.678800e+00;7.393661e-03;2.866525e+00;-1.529498e-01;2.561165e+00;-3.240702e-02;2.368611e+00;1.846277e-02;2.251615e+00;2.021844e-02;2.210912e+00;-6.057839e-04;2.844066e+00;1.033926e-01;2.935097e+00;9.866710e-02;2.314800e+00;-4.606056e-02;1.868488e+00;-2.659394e-02
28.500000;9.885040e+01;2.130159e+02;7.612135e-02;8.170136e-01;2.842073e-02;2.228392e-02;3.659235e-02;2.153235e-02;1.443468e-01;1.530864e-01;3.601888e+01;-8.399329e+00;4.934488e-01;1.517979e+00;3.248957e-01;1.045287e+00;1.974357e-02;3.956527e-02;2.114805e-02;6.386118e-02;7.191433e-02;1.399494e-01;8.394968e-02;2.551314e-01;1.275183e-01;3.972451e-01;1.617151e-01;5.466437e-01;2.897194e-01;7.309926e-01;2.773739e-01;7.886959e-01;3.498483e-01;8.505123e-01;5.701339e-01;1.075399e+00;4.814576e-01;1.103837e+00;5.439659e-01;1.120120e+00;7.423595e-01;1.228292e+00;4.818240e-01;1.239147e+00;6.069260e-01;1.367174e+00;5.663018e-01;1.346963e+00;5.701358e-01;1.380042e+00;5.594909e-01;1.451362e+00;5.507563e-01;1.482609e+00;6.935814e-01;1.551021e+00;6.074034e-01;1.556126e+00;4.949886e-01;1.476856e+00;5.210836e-01;1.414376e+00;3.779349e-01;1.280744e+00;2.909940e-01;1.105755e+00;1.916286e-01;9.223261e-01;1.390282e-01;7.530071e-01;1.102846e-01;6.131336e-01;1.353580e-01;1.313097e-01;2.063907e-01;1.911079e-01;1.583935e+02;5.683330e+02;2.093051e+02;7.632803e+02;4.904232e+02;1.247347e+03;9.054883e+02;2.137242e+03;1.543224e-01;3.541599e-01;3.047338e+02;1.122249e+03;8.208197e-01;4.285395e+00;1.335258e+06;1.520368e+06;1.598534e+00;5.127681e+00;3.122645e+01;5.402594e+01;7.705141e-02;-8.801326e-02;1.864402e-01;9.308493e-01;3.267521e-01;3.367594e-01;6.228519e+00;9.487363e+00;9.654557e+00;-1.636438e+01;8.955677e+00;-1.241716e+01;7.422824e+00;-2.381399e+01;8.435876e+00;-1.245887e+01;9.453808e+00;-1.179578e+01;9.567583e+00;-4.611451e+00;7.884847e+00;-4.520493e+00;8.447140e+00;-4.619632e+00;9.812092e+00;-1.293366e+01;1.045435e+01;-1.095641e+01;1.170669e+01;-7.906495e+00;8.631403e+00;-8.930438e+00;7.007506e+00;-8.902855e+00;1.061566e-03;2.732698e-04;2.669649e-06;4.401493e-08;1.155374e-06;-1.950572e-07;1.677532e-06;-2.453228e-07;7.050935e-06;-4.026437e-07;1.485659e-03;1.673629e-07;1.062517e-01;-1.141403e-03;6.421309e-02;-1.505266e-03;3.993728e-03;-9.597841e-05;4.847527e-03;7.608970e-05;2.026435e-02;4.763219e-04;2.394675e-02;-5.954744e-04;3.346920e-02;-1.990484e-03;4.337618e-02;-1.290594e-03;7.438392e-02;1.393091e-03;7.087864e-02;1.659060e-03;7.629921e-02;1.031619e-03;1.092316e-01;-3.219105e-03;1.013040e-01;-4.761475e-03;1.161848e-01;-3.183365e-03;1.584122e-01;-2.482839e-03;1.366580e-01;1.434258e-04;1.613460e-01;-3.054770e-03;1.461558e-01;-5.943997e-04;1.388999e-01;-2.502527e-03;1.400405e-01;-1.207779e-03;1.264726e-01;-2.451306e-03;1.495351e-01;-3.173134e-03;1.413079e-01;-4.788249e-03;1.096296e-01;-2.366267e-03;1.099758e-01;-1.108025e-03;7.179012e-02;4.099672e-04;5.832727e-02;-1.291137e-03;4.548904e-02;-2.548809e-03;3.148884e-02;-1.402126e-03;2.646454e-02;-2.385442e-04;3.606997e-02;-2.475450e-04;4.544846e-02;1.534674e-04;3.268297e+01;3.732422e-01;6.227332e+01;1.033594e+00;1.353277e+02;3.029004e+00;2.902890e+02;4.780371e+00;4.850853e-02;-1.576981e-03;9.011814e+01;2.117260e+00;2.129549e-01;3.782542e-03;4.128866e+05;3.895821e+03;5.082245e-01;-5.336205e-03;9.831562e+00;-1.475915e-01;1.608023e-02;2.736811e-04;5.263675e-02;1.478238e-03;6.770369e-02;-5.358115e-04;1.470216e+00;-4.599475e-02;2.237296e+00;-6.406166e-02;1.841505e+00;-6.334791e-02;2.086089e+00;5.594525e-02;2.416560e+00;-4.112811e-02;2.349185e+00;-9.812738e-02;2.343443e+00;1.926398e-02;2.404666e+00;9.513389e-02;2.649196e+00;1.794173e-01;2.764159e+00;2.564203e-01;2.924928e+00;3.420326e-02;2.751590e+00;1.624962e-01;2.806208e+00;1.253015e-01;1.906040e+00;6.470142e-02
29.000000;1.089668e+02;2.233001e+02;8.676291e-02;8.297678e-01;3.985769e-02;2.283063e-02;7.352504e-02;3.269741e-02;1.188354e-01;1.143751e-01;3.730937e+01;-5.814902e+00;5.699500e-01;1.807324e+00;2.893709e-01;1.111924e+00;2.508331e-02;5.373197e-02;1.962652e-02;6.178382e-02;8.765385e-02;1.495776e-01;1.468294e-01;2.759168e-01;1.646161e-01;4.224252e-01;1.515419e-01;5.605254e-01;2.147213e-01;6.084129e-01;2.474488e-01;8.863401e-01;2.982195e-01;1.003781e+00;6.183115e-01;1.148897e+00;4.380497e-01;1.148664e+00;5.438938e-01;1.374887e+00;7.246128e-01;1.510467e+00;4.589980e-01;1.319974e+00;5.992637e-01;1.378340e+00;4.741230e-01;1.392496e+00;5.456703e-01;1.513600e+00;5.162032e-01;1.572112e+00;4.770481e-01;1.583283e+00;4.455037e-01;1.534904e+00;5.234411e-01;1.608625e+00;4.700943e-01;1.577601e+00;5.311325e-01;1.516927e+00;3.675452e-01;1.345362e+00;2.673322e-01;1.142826e+00;1.876417e-01;9.514377e-01;1.375539e-01;7.673942e-01;1.043759e-01;6.152418e-01;2.972677e-01;2.369076e-01;4.097791e-01;4.660325e-01;1.158777e+02;6.557578e+02;1.882712e+02;9.343975e+02;4.167177e+02;1.251653e+03;8.464169e+02;1.864345e+03;3.002014e-01;4.101138e-01;2.631771e+02;1.153083e+03;9.075845e-01;3.973759e+00;1.302164e+06;1.143906e+06;1.644154e+00;5.768857e+00;3.776529e+01;6.942448e+01;1.339567e-01;-1.603151e-01;1.506946e-01;9.783406e-01;4.525504e-01;6.203396e-01;5.556069e+00;6.854924e+00;9.654807e+00;-2.445297e+01;8.143904e+00;-2.087729e+01;9.132818e+00;-2.757098e+01;5.902168e+00;-8.131570e+00;6.583056e+00;-5.271242e+00;6.353166e+00;8.998863e-01;9.259040e+00;-3.515354e+00;9.171795e+00;-2.560738e+00;1.417470e+01;-6.095932e+00;1.160661e+01;-6.684847e+00;1.002324e+01;-1.229702e+01;1.415365e+01;-1.359423e+01;8.063677e+00;-1.003298e+01;1.631564e-03;2.032543e-04;2.464278e-06;-9.515156e-09;2.241535e-06;8.801358e-08;4.164816e-06;1.716122e-07;2.907230e-06;-4.557245e-07;1.482041e-03;8.163473e-06;1.183374e-01;1.114008e-03;6.006532e-02;-2.069372e-03;5.443949e-03;1.159775e-04;4.615719e-03;-1.390778e-04;2.610479e-02;1.480313e-03;4.211072e-02;3.755582e-03;4.708808e-02;2.114748e-03;4.775598e-02;1.412389e-03;5.808016e-02;2.667863e-03;4.579048e-02;-1.195111e-03;7.546427e-02;3.200003e-05;1.355025e-01;-9.316408e-04;9.620928e-02;-2.902932e-03;1.131675e-01;-2.208587e-03;1.546039e-01;-4.119717e-03;1.355127e-01;-3.838324e-03;1.586661e-01;-3.897637e-03;1.073137e-01;-3.441151e-03;1.382151e-01;-5.283969e-03;1.395174e-01;-3.790282e-03;1.078053e-01;-4.436039e-03;1.119669e-01;-3.677425e-03;1.349235e-01;-5.155584e-03;1.052813e-01;-5.854046e-03;1.173146e-01;-5.695586e-03;7.490010e-02;-4.094807e-03;5.892831e-02;-2.240764e-03;4.198761e-02;-9.464392e-04;3.230003e-02;-8.050699e-04;2.454749e-02;-7.514644e-04;7.147203e-02;1.074501e-03;7.991136e-02;2.563187e-03;2.822475e+01;6.459961e-01;6.055014e+01;2.009766e+00;1.275223e+02;-2.641406e+00;2.640862e+02;-9.331055e+00;1.130956e-01;1.053517e-03;8.605923e+01;-1.345173e+00;1.970683e-01;-9.367833e-03;3.726585e+05;-6.235609e+03;5.689533e-01;2.805740e-02;1.164666e+01;5.295696e-01;3.883271e-02;-4.695341e-04;5.032039e-02;-3.353572e-04;9.968329e-02;1.825723e-03;1.630685e+00;-1.692028e-03;1.943106e+00;-5.278889e-02;1.970367e+00;-1.368052e-01;2.237375e+00;-1.020780e-01;2.100763e+00;-7.808672e-03;2.121966e+00;1.186107e-01;2.177948e+00;2.506698e-02;2.539989e+00;-4.735693e-02;2.607262e+00;1.209032e-01;3.455776e+00;9.924145e-02;3.008420e+00;6.217343e-02;2.367395e+00;-1.360016e-01;2.820004e+00;-2.008954e-01;1.902683e+00;-8.444776e-02
29.500000;4.744810e+01;2.294185e+02;5.182329e-02;8.537883e-01;4.839662e-02;3.166649e-02;7.736553e-02;3.937364e-02;8.215547e-02;1.234941e-01;4.509300e+00;1.037215e+01;5.666285e-01;1.777494e+00;2.823905e-01;1.044414e+00;2.478664e-02;5.063177e-02;1.804363e-02;6.317209e-02;8.768459e-02;1.496348e-01;1.448042e-01;3.135593e-01;1.480243e-01;4.471571e-01;1.869747e-01;6.131132e-01;2.907272e-01;7.122169e-01;2.832035e-01;8.413864e-01;2.642481e-01;8.929613e-01;4.183187e-01;9.428651e-01;4.178659e-01;9.920285e-01;5.934577e-01;1.156720e+00;6.534598e-01;1.267719e+00;6.544762e-01;1.295423e+00;5.491492e-01;1.264659e+00;6.053448e-01;1.412766e+00;5.060292e-01;1.442948e+00;4.288751e-01;1.422342e+00;4.825402e-01;1.490173e+00;4.430976e-01;1.517421e+00;4.505014e-01;1.522107e+00;3.834669e-01;1.454431e+00;4.429481e-01;1.403803e+00;3.444646e-01;1.255910e+00;2.368144e-01;1.089103e+00;1.987862e-01;9.153969e-01;1.511859e-01;7.419028e-01;9.598446e-02;5.970087e-01;2.895413e-01;2.987811e-01;4.099668e-01;4.410444e-01;8.622500e+01;6.277646e+02;2.789357e+02;9.478916e+02;3.221028e+02;1.209448e+03;5.835330e+02;1.793716e+03;3.210394e-01;3.897009e-01;1.978941e+02;1.121137e+03;5.712531e-01;3.966164e+00;8.436409e+05;1020351;1.652268e+00;5.373657e+00;3.885537e+01;6.231856e+01;1.343528e-01;-1.449778e-01;1.078405e-01;9.509066e-01;4.337645e-01;5.516004e-01;5.294542e+00;7.809145e+00;1.021173e+01;-2.280146e+01;7.566776e+00;-1.833669e+01;7.778333e+00;-2.751178e+01;7.243968e+00;-1.137370e+01;9.183985e+00;-8.585406e+00;7.662106e+00;-8.901606e-01;9.420859e+00;-2.977155e+00;9.881285e+00;1.051528e+00;1.210131e+01;-5.250226e+00;1.014951e+01;-4.075891e+00;9.114684e+00;-1.271031e+01;1.168652e+01;-1.754948e+01;8.967788e+00;-1.038918e+01;1.324848e-03;-6.576354e-05;1.675646e-06;1.513824e-07;2.795655e-06;-6.106793e-09;4.622080e-06;4.168205e-08;3.368152e-06;-3.418711e-07;1.365045e-04;1.170176e-05;1.269304e-01;1.190842e-02;6.652697e-02;1.104527e-02;5.460215e-03;5.069307e-04;2.532796e-03;4.925672e-05;3.110407e-02;1.533982e-03;4.931900e-02;1.927132e-03;4.904568e-02;3.980791e-03;6.172747e-02;6.278658e-03;7.201783e-02;4.064029e-03;4.931924e-02;3.795712e-03;6.256932e-02;8.147562e-03;1.110630e-01;1.836872e-02;1.068687e-01;2.108342e-02;1.105268e-01;2.385443e-02;1.117359e-01;2.242136e-02;1.530503e-01;1.672853e-02;1.470366e-01;2.013829e-02;1.441164e-01;1.686406e-02;1.296294e-01;1.301807e-02;1.193441e-01;1.046645e-02;1.038288e-01;1.308146e-02;1.141642e-01;1.211241e-02;1.102280e-01;1.546237e-02;8.845007e-02;1.208936e-02;1.093393e-01;1.501057e-02;8.189414e-02;1.013009e-02;6.274051e-02;7.044906e-03;5.115091e-02;5.009082e-03;3.858683e-02;2.782057e-03;2.503273e-02;1.783658e-03;8.010574e-02;2.321035e-03;8.141127e-02;7.681360e-03;2.438776e+01;2.095898e+00;8.355682e+01;1.363770e+00;8.342503e+01;-7.464844e-01;1.462523e+02;-5.943164e+00;1.143877e-01;2.329980e-03;5.256313e+01;-4.678566e-01;1.217467e-01;-5.761897e-03;1.548995e+05;-8.615374e+03;4.377096e-01;-5.384492e-03;9.774342e+00;-5.402336e-02;3.871380e-02;-2.401517e-03;2.968666e-02;6.497101e-05;9.509565e-02;9.725443e-03;1.487006e+00;1.855923e-02;1.759362e+00;-8.765329e-02;1.669008e+00;-5.424185e-02;2.276020e+00;-7.243129e-02;1.902832e+00;1.100943e-01;2.080049e+00;4.108382e-02;2.302994e+00;-5.239247e-03;2.022063e+00;-6.239349e-02;2.449111e+00;-1.071062e-01;2.917922e+00;-1.345171e-01;2.600626e+00;2.786090e-02;2.293139e+00;8.829928e-03;2.722760e+00;-1.800026e-02;2.350740e+00;3.663781e-02
30.000000;5.755025e+01;2.173458e+02;5.370872e-02;8.351677e-01;6.599239e-02;5.317303e-02;6.363954e-02;5.183423e-02;9.737653e-02;1.359669e-01;1.788185e+01;4.822903e+00;6.434150e-01;1.542240e+00;3.638241e-01;9.709547e-01;2.722626e-02;4.210708e-02;2.259691e-02;6.913076e-02;7.129041e-02;1.388763e-01;9.301945e-02;2.914131e-01;1.212431e-01;4.173760e-01;2.399883e-01;5.808542e-01;2.963276e-01;7.455908e-01;3.485759e-01;7.309948e-01;3.721586e-01;8.262060e-01;5.145234e-01;9.815258e-01;6.204330e-01;1.021772e+00;7.512032e-01;1.025008e+00;7.200820e-01;1.037864e+00;6.887357e-01;1.182748e+00;6.749114e-01;1.250207e+00;7.128769e-01;1.312394e+00;6.148780e-01;1.303550e+00;5.438892e-01;1.323370e+00;5.020065e-01;1.319458e+00;4.763837e-01;1.353140e+00;5.197854e-01;1.386195e+00;4.803950e-01;1.364665e+00;5.066976e-01;1.310174e+00;3.800329e-01;1.179502e+00;2.522057e-01;1.021650e+00;1.930260e-01;8.516061e-01;1.482584e-01;7.068424e-01;9.819604e-02;5.818371e-01;3.033357e-01;2.285988e-01;2.750194e-01;2.496508e-01;1.103360e+02;6.293438e+02;2.767923e+02;8.474033e+02;3.858630e+02;1.184039e+03;7.984779e+02;2.099057e+03;2.043191e-01;3.232489e-01;2.582467e+02;1.156240e+03;7.392265e-01;4.232337e+00;1.355437e+06;1.581066e+06;2.740456e+00;5.439413e+00;7.593063e+01;6.517326e+01;1.150410e-01;-1.126189e-01;1.453661e-01;9.668158e-01;4.919625e-01;4.558924e-01;4.519359e+00;8.642519e+00;9.131574e+00;-1.757275e+01;6.890404e+00;-1.646326e+01;7.435806e+00;-2.660831e+01;8.110652e+00;-1.294077e+01;6.956568e+00;-1.189640e+01;9.253101e+00;-8.853043e-01;9.087543e+00;-4.935403e-01;1.010490e+01;-1.376867e+00;7.710183e+00;-8.318242e+00;9.536598e+00;-6.789226e+00;7.474373e+00;-8.769000e+00;9.355103e+00;-1.041328e+01;7.695531e+00;-5.334199e+00;1.816099e-03;-4.366671e-06;1.921594e-06;-1.328411e-07;3.231196e-06;8.440353e-08;3.447121e-06;-3.029629e-07;4.261114e-06;2.391482e-07;6.720437e-04;-1.568359e-04;1.068044e-01;-8.535562e-03;6.686725e-02;-1.198320e-03;4.333061e-03;-3.404999e-04;3.264792e-03;4.527589e-04;2.613715e-02;-1.057441e-03;3.938293e-02;-3.196699e-03;4.478094e-02;-1.891088e-03;5.593343e-02;-2.035007e-03;6.519951e-02;-5.614168e-03;6.921329e-02;-3.233757e-03;7.123218e-02;-2.223049e-03;9.319373e-02;-3.264522e-03;1.127037e-01;-2.343761e-03;1.315280e-01;-4.019505e-03;1.225144e-01;-2.581859e-03;1.554510e-01;-2.182045e-03;1.321235e-01;2.355378e-04;1.375029e-01;2.116271e-03;1.352775e-01;1.952964e-03;1.226846e-01;5.295917e-05;1.059350e-01;2.574706e-03;1.049547e-01;-1.679914e-03;1.125859e-01;-1.320689e-03;9.058860e-02;5.027161e-04;1.141765e-01;1.979443e-04;8.322523e-02;6.745508e-04;5.933072e-02;-4.467001e-04;4.732069e-02;-1.075075e-03;3.742168e-02;-9.655566e-04;2.451433e-02;-3.331304e-04;7.763922e-02;-2.501354e-03;5.643074e-02;-3.999605e-03;3.491603e+01;2.741894e+00;8.654134e+01;1.449902e+00;9.127965e+01;9.546387e+00;1.698768e+02;2.229404e+01;5.257608e-02;-3.424524e-03;6.089136e+01;7.409773e+00;1.446284e-01;1.861012e-02;2.402607e+05;2.953013e+04;5.909572e-01;-2.919869e-02;1.810345e+01;-5.771688e-01;1.914313e-02;8.990684e-04;3.606621e-02;4.079245e-03;8.106994e-02;-3.373262e-03;1.470708e+00;-6.661429e-02;1.958881e+00;7.863195e-02;1.692032e+00;1.160366e-01;1.942713e+00;1.502767e-01;2.036266e+00;-1.250820e-02;1.868716e+00;-3.641834e-02;2.548269e+00;1.551980e-01;1.980117e+00;1.517318e-01;2.660032e+00;-7.401858e-02;2.268770e+00;-9.808177e-02;2.600865e+00;-1.579605e-01;2.183306e+00;6.044286e-02;2.808372e+00;2.249161e-01;2.449578e+00;1.681662e-01
30.500000;1.191243e+02;2.320165e+02;8.240964e-02;8.072901e-01;6.499705e-02;5.682793e-02;5.556432e-02;5.025701e-02;1.178946e-01;1.261750e-01;3.657140e+01;-8.354676e+00;6.493872e-01;1.446221e+00;3.479469e-01;1.032188e+00;3.149432e-02;4.506088e-02;2.415844e-02;6.239481e-02;7.666919e-02;1.451632e-01;1.036042e-01;2.635894e-01;1.455463e-01;4.083574e-01;1.973266e-01;5.682320e-01;2.163945e-01;6.717966e-01;4.256990e-01;8.238018e-01;7.389225e-01;1.084367e+00;6.247579e-01;1.096822e+00;5.823613e-01;1.104482e+00;6.500897e-01;1.188745e+00;5.983738e-01;1.170390e+00;5.186496e-01;1.198192e+00;5.989969e-01;1.294868e+00;6.088372e-01;1.336252e+00;6.286916e-01;1.406199e+00;5.257033e-01;1.433623e+00;4.882872e-01;1.440766e+00;4.148577e-01;1.426490e+00;4.422322e-01;1.443670e+00;4.600734e-01;1.463510e+00;5.000505e-01;1.376843e+00;3.603163e-01;1.235743e+00;2.375920e-01;1.060126e+00;1.513064e-01;8.727121e-01;1.155253e-01;7.310572e-01;9.020068e-02;5.910774e-01;2.963011e-01;1.696341e-01;2.512130e-01;1.917863e-01;1.091114e+02;6.655195e+02;1.378167e+02;7.769180e+02;3.902559e+02;1.077809e+03;1.043745e+03;1.989381e+03;1.835499e-01;3.239014e-01;3.047857e+02;1.116253e+03;1.119241e+00;3.960238e+00;1.610354e+06;1.670139e+06;3.350535e+00;6.865617e+00;9.464798e+01;9.931989e+01;1.363295e-01;-1.369521e-01;1.753549e-01;9.535794e-01;5.991199e-01;5.623531e-01;4.548064e+00;8.061514e+00;8.772865e+00;-1.809408e+01;7.952636e+00;-1.992944e+01;9.680511e+00;-2.858257e+01;7.960416e+00;-1.277271e+01;5.936561e+00;-8.172783e+00;9.345478e+00;4.182748e+00;1.042470e+01;2.916480e+00;8.601849e+00;-9.018551e-01;7.266585e+00;-6.088503e+00;8.098223e+00;-9.008843e+00;7.526815e+00;-1.019457e+01;7.734947e+00;-6.711151e+00;9.246247e+00;-6.492745e-01;1.848256e-03;-1.297445e-05;2.468847e-06;-1.462263e-07;2.874696e-06;8.714969e-08;2.485361e-06;-6.416568e-08;4.453354e-06;-1.267712e-07;1.242716e-03;-8.300019e-06;8.698682e-02;-1.663342e-02;5.203756e-02;-1.056618e-02;5.000128e-03;-6.350124e-04;4.008318e-03;-8.994706e-05;2.519042e-02;-2.743972e-03;3.988178e-02;-3.210200e-03;5.339545e-02;-3.698434e-03;3.493264e-02;-5.694844e-03;4.674588e-02;-5.342735e-03;8.652607e-02;-4.331399e-03;1.315544e-01;-7.126721e-03;1.022008e-01;-1.603908e-02;9.979856e-02;-1.636553e-02;1.149245e-01;-1.967223e-02;1.133734e-01;-1.808680e-02;1.207519e-01;-1.481375e-02;8.706152e-02;-1.606374e-02;9.939054e-02;-1.778189e-02;1.256473e-01;-1.376671e-02;1.005900e-01;-1.231231e-02;1.034278e-01;-1.487018e-02;8.445247e-02;-1.212200e-02;8.553521e-02;-1.475913e-02;7.942160e-02;-1.226379e-02;1.045023e-01;-1.568561e-02;7.798408e-02;-1.099065e-02;4.841742e-02;-7.562666e-03;3.109273e-02;-4.983903e-03;2.624161e-02;-2.370911e-03;2.162993e-02;-2.061439e-03;6.887381e-02;-3.192610e-03;3.584337e-02;-8.902363e-03;3.926949e+01;-8.613281e-01;4.148254e+01;-1.378125e+00;1.040340e+02;-1.823145e+00;2.184469e+02;-7.751953e-01;5.446441e-02;-4.865539e-03;6.988111e+01;-5.402032e-01;2.065569e-01;-1.493629e-03;3.281338e+05;5.556788e+03;8.190621e-01;2.510512e-02;2.452897e+01;2.824510e-01;2.348257e-02;2.715135e-03;4.228991e-02;-3.228347e-04;1.058285e-01;-1.036183e-02;1.555602e+00;-3.902979e-02;1.770218e+00;6.386456e-02;2.222091e+00;-1.322896e-01;2.486137e+00;-1.866334e-02;2.243653e+00;-1.346292e-01;1.928346e+00;-3.455550e-02;2.403942e+00;-7.542694e-02;2.297847e+00;-9.674543e-03;2.479402e+00;6.934915e-02;2.237370e+00;5.379097e-02;2.746290e+00;-7.041501e-02;1.911210e+00;-8.311050e-02;2.431067e+00;2.947259e-02;2.273818e+00;4.071591e-02
31.000000;1.175272e+02;2.046030e+02;8.354600e-02;8.082587e-01;4.022932e-02;3.204894e-02;3.719972e-02;2.743539e-02;1.079095e-01;1.180107e-01;3.831653e+01;-9.672894e+00;6.162584e-01;1.467088e+00;3.807890e-01;1.167498e+00;2.995680e-02;4.508126e-02;3.017216e-02;6.326657e-02;7.085849e-02;1.534552e-01;1.328704e-01;3.030140e-01;1.707387e-01;4.456362e-01;1.470633e-01;5.972694e-01;1.835024e-01;6.891457e-01;5.328069e-01;9.849306e-01;7.636437e-01;1.180547e+00;7.801560e-01;1.284683e+00;5.788819e-01;1.259457e+00;5.046000e-01;1.284746e+00;5.832442e-01;1.357857e+00;6.269087e-01;1.456585e+00;7.062353e-01;1.562050e+00;7.437576e-01;1.610465e+00;8.003771e-01;1.731040e+00;6.720225e-01;1.664841e+00;4.777773e-01;1.571033e+00;4.442476e-01;1.599858e+00;4.801016e-01;1.617064e+00;4.383545e-01;1.585555e+00;4.945404e-01;1.535783e+00;3.885471e-01;1.372986e+00;2.936935e-01;1.165169e+00;1.810322e-01;9.533215e-01;1.133364e-01;7.713065e-01;9.091043e-02;6.171484e-01;1.351605e-01;1.106468e-01;1.763223e-01;1.808099e-01;8.794772e+01;7.052842e+02;1.907839e+02;8.530020e+02;5.995250e+02;1.201409e+03;1.308141e+03;2.077380e+03;1.688810e-01;3.387631e-01;4.211743e+02;1.174585e+03;1.109435e+00;4.041641e+00;1.962881e+06;1.663143e+06;2.642267e+00;6.662344e+00;6.938557e+01;9.136420e+01;1.311972e-01;-1.330708e-01;2.530279e-01;9.968067e-01;5.671287e-01;5.446916e-01;4.768559e+00;7.736437e+00;8.934628e+00;-2.090195e+01;7.724226e+00;-2.173449e+01;9.373759e+00;-2.595403e+01;7.095703e+00;-1.101143e+01;6.556266e+00;-7.333724e+00;1.096959e+01;7.599459e+00;1.106500e+01;4.644376e+00;8.264932e+00;2.686099e-01;7.597373e+00;-3.532108e+00;7.708382e+00;-7.549442e+00;7.021791e+00;-1.107467e+01;5.959257e+00;-7.580084e+00;7.030681e+00;1.277825e+00;5.334179e-04;-3.476188e-05;2.606849e-06;2.713060e-07;1.253025e-06;-3.385565e-07;1.314505e-06;-2.897705e-07;3.702872e-06;-7.621374e-07;1.392072e-03;1.608497e-04;1.189646e-01;1.624936e-02;8.173636e-02;4.649777e-03;5.677421e-03;7.069613e-04;6.338301e-03;-6.014109e-04;2.291161e-02;-1.047845e-03;4.346790e-02;6.406808e-04;5.584684e-02;2.338002e-03;4.213346e-02;4.113324e-03;4.941809e-02;5.454804e-03;1.268906e-01;6.069475e-03;1.562406e-01;5.884193e-03;1.705085e-01;1.022604e-02;1.359647e-01;7.534129e-03;1.239888e-01;4.253217e-03;1.375590e-01;3.473892e-03;1.540460e-01;5.498341e-03;1.520534e-01;7.439093e-03;1.789074e-01;5.549104e-03;1.822849e-01;4.205915e-03;1.520602e-01;4.542449e-03;1.191362e-01;4.431497e-03;1.126565e-01;6.321032e-03;1.141114e-01;7.222423e-03;9.279049e-02;6.409700e-03;1.118949e-01;4.345162e-03;9.838302e-02;4.192865e-03;6.424430e-02;4.138432e-03;4.390685e-02;2.885126e-03;2.844649e-02;2.934795e-03;2.237730e-02;1.838365e-03;2.751146e-02;2.878021e-03;4.118697e-02;3.982870e-03;3.254119e+01;-6.172851e-01;5.101845e+01;-3.129492e+00;1.894794e+02;-1.200117e+01;3.403792e+02;-2.078672e+01;5.997994e-02;4.659357e-03;1.151136e+02;-8.046376e+00;2.311316e-01;-2.204293e-02;5.027716e+05;-3.245650e+04;7.285773e-01;2.851679e-02;1.887949e+01;5.875632e-01;2.463767e-02;-2.876634e-03;6.929018e-02;-4.346657e-03;1.095069e-01;1.163043e-02;1.547600e+00;6.699851e-02;2.057815e+00;-1.307034e-01;2.308265e+00;-1.402321e-01;2.586870e+00;-1.699348e-01;2.162867e+00;-7.467756e-02;2.088627e+00;-6.515213e-02;2.705089e+00;2.918404e-02;2.530889e+00;6.090484e-02;2.529824e+00;-1.564855e-01;2.170210e+00;-1.853892e-01;2.109145e+00;-5.440142e-02;2.219234e+00;-1.376634e-02;2.071322e+00;-2.123831e-02;1.965947e+00;2.157404e-02
31.500000;5.450628e+01;2.016807e+02;5.913113e-02;8.232287e-01;5.211302e-02;3.436734e-02;4.403815e-02;3.109663e-02;1.007345e-01;1.524114e-01;2.185497e+01;2.161059e+00;6.187266e-01;1.506263e+00;4.060115e-01;1.115399e+00;2.671851e-02;4.121781e-02;3.054968e-02;7.006299e-02;5.341564e-02;1.321550e-01;1.217923e-01;3.033579e-01;1.726341e-01;4.728481e-01;1.778315e-01;5.727016e-01;2.309673e-01;7.292910e-01;4.866839e-01;9.141591e-01;5.043252e-01;9.355982e-01;7.836927e-01;1.145592e+00;6.492639e-01;1.189891e+00;5.781232e-01;1.204940e+00;6.119186e-01;1.273375e+00;6.636605e-01;1.343372e+00;8.019110e-01;1.495631e+00;7.937234e-01;1.535445e+00;8.649132e-01;1.599533e+00;7.728149e-01;1.601553e+00;5.500145e-01;1.580763e+00;5.298733e-01;1.620272e+00;5.129929e-01;1.587849e+00;4.623217e-01;1.531388e+00;4.678420e-01;1.463550e+00;4.092775e-01;1.324733e+00;3.227987e-01;1.132782e+00;2.093037e-01;9.476218e-01;1.276033e-01;7.572424e-01;9.637619e-02;6.047168e-01;1.393768e-01;1.260795e-01;2.024990e-01;2.074423e-01;9.235320e+01;6.983936e+02;1.944021e+02;8.837227e+02;6.702811e+02;1.344964e+03;1.242925e+03;2.290846e+03;1.784317e-01;3.400247e-01;4.202273e+02;1.243234e+03;8.273808e-01;4.323944e+00;1966303;1.747756e+06;1.805339e+00;5.467554e+00;3.499198e+01;6.175302e+01;1.133649e-01;-1.089587e-01;2.512214e-01;1.031021e+00;4.778111e-01;4.442455e-01;4.583208e+00;7.392797e+00;8.400458e+00;-2.157988e+01;7.847328e+00;-1.987607e+01;6.714029e+00;-2.640656e+01;8.345100e+00;-1.247457e+01;6.702994e+00;-9.321065e+00;1.224155e+01;3.798633e+00;1.117490e+01;-4.453789e-01;8.256191e+00;-2.316735e+00;9.702072e+00;-7.743423e+00;8.320317e+00;-8.902543e+00;6.863520e+00;-9.250270e+00;6.269841e+00;-8.496770e+00;6.485108e+00;-4.040599e+00;6.492009e-04;8.259738e-05;2.203978e-06;1.346023e-07;2.342103e-06;-1.561668e-07;2.041590e-06;-1.819375e-07;3.938851e-06;-2.285825e-07;9.477707e-04;8.884686e-06;1.284545e-01;1.485457e-02;8.937369e-02;1.092236e-02;5.080563e-03;5.120738e-04;6.620925e-03;-7.558571e-06;1.465258e-02;1.104014e-03;3.405154e-02;2.658862e-03;5.083183e-02;3.661269e-03;4.654595e-02;9.318826e-04;5.702958e-02;1.293513e-04;1.170100e-01;-1.109561e-03;1.200352e-01;1.234831e-02;1.719573e-01;1.576461e-02;1.379251e-01;1.358574e-02;1.191152e-01;1.482995e-02;1.362233e-01;1.932464e-02;1.522605e-01;1.612335e-02;1.775668e-01;1.807341e-02;1.845829e-01;1.728406e-02;1.937028e-01;2.608969e-02;1.871048e-01;2.543379e-02;1.457378e-01;1.175079e-02;1.408235e-01;8.761703e-03;1.280527e-01;1.342493e-02;1.134984e-01;1.404084e-02;1.118481e-01;1.333796e-02;1.086020e-01;1.556167e-02;7.902452e-02;9.669574e-03;5.220539e-02;5.853897e-03;3.287137e-02;3.136115e-03;2.409711e-02;2.210609e-03;2.819401e-02;1.883039e-04;5.098676e-02;8.132500e-03;3.182569e+01;1.105371e+00;6.596386e+01;2.684473e+00;2.303976e+02;2.153320e+00;3.679933e+02;5.986230e+00;5.185191e-02;3.675155e-03;1.285466e+02;2.124383e+00;2.320793e-01;-1.192416e-03;5.321226e+05;-3.425837e+03;5.373580e-01;-2.425214e-02;1.005675e+01;-2.525582e-01;2.126374e-02;-1.948821e-03;7.637868e-02;1.259213e-03;9.145664e-02;7.889071e-03;1.257130e+00;-3.927083e-02;2.078243e+00;-1.279341e-01;2.059589e+00;9.785777e-02;2.144150e+00;6.195569e-02;2.328478e+00;1.305466e-01;1.953558e+00;4.091054e-02;3.127028e+00;2.346631e-01;2.758228e+00;-6.367528e-02;2.867345e+00;-1.929764e-01;2.687951e+00;-1.135488e-01;2.166592e+00;-8.106522e-02;2.724888e+00;-1.357984e-01;2.128940e+00;-1.168523e-01;2.122786e+00;-3.311936e-02
32.000000;4.792097e+01;2.145941e+02;5.136510e-02;8.157232e-01;7.549921e-02;5.377019e-02;9.381952e-02;5.945282e-02;9.768440e-02;1.673041e-01;1.186619e+01;4.191731e+00;5.873728e-01;1.362467e+00;4.079988e-01;1.026759e+00;2.331817e-02;3.377473e-02;2.682486e-02;7.621315e-02;5.449232e-02;1.322713e-01;9.544450e-02;2.870065e-01;1.664203e-01;4.500776e-01;1.770136e-01;5.729800e-01;2.347242e-01;7.008071e-01;3.058767e-01;7.393312e-01;4.475489e-01;8.627585e-01;6.228926e-01;1.004826e+00;6.085324e-01;1.024893e+00;5.916184e-01;1.075121e+00;7.080997e-01;1.232430e+00;8.151894e-01;1.356617e+00;7.938967e-01;1.311921e+00;6.396487e-01;1.266583e+00;7.993104e-01;1.355104e+00;7.588384e-01;1.413232e+00;7.097114e-01;1.537921e+00;6.580463e-01;1.548331e+00;4.697146e-01;1.464020e+00;4.945529e-01;1.453420e+00;4.558087e-01;1.368049e+00;4.291815e-01;1.230183e+00;3.225643e-01;1.070307e+00;2.364781e-01;9.068187e-01;1.568499e-01;7.389792e-01;1.034634e-01;5.917355e-01;9.279522e-02;7.681938e-02;2.060174e-01;1.652291e-01;8.847850e+01;6.754248e+02;1.678210e+02;8.407998e+02;6.028970e+02;1.392050e+03;1.072825e+03;2.442870e+03;1.978514e-01;3.220943e-01;3.502029e+02;1.282388e+03;7.520361e-01;4.388369e+00;1.734032e+06;2.024612e+06;1.577625e+00;4.933846e+00;3.019601e+01;4.877312e+01;9.057981e-02;-7.591138e-02;2.055825e-01;1.047544e+00;3.677568e-01;3.008893e-01;4.384087e+00;6.316325e+00;9.117683e+00;-1.848189e+01;7.035543e+00;-1.741845e+01;4.741303e+00;-2.653293e+01;8.613743e+00;-1.225488e+01;6.045259e+00;-9.596161e+00;1.011394e+01;-1.403760e+00;9.358764e+00;-1.607076e+00;1.012119e+01;1.524580e+00;6.438459e+00;-1.150822e+01;6.822277e+00;-1.650978e+01;6.470738e+00;-1.225300e+01;7.405747e+00;-5.419578e+00;7.581352e+00;-4.694242e+00;1.077523e-03;2.560382e-05;1.886021e-06;-1.725354e-07;3.375904e-06;1.237624e-07;3.706654e-06;2.107479e-07;4.413141e-06;3.647061e-08;5.813831e-04;-1.477878e-05;1.238369e-01;-1.691188e-02;8.788379e-02;-5.741485e-03;4.703114e-03;-7.054083e-04;5.788784e-03;4.380196e-04;1.431622e-02;-4.055809e-04;2.793844e-02;-1.296494e-03;4.362062e-02;-2.962094e-03;4.891626e-02;-3.394893e-03;5.788499e-02;-3.967392e-03;9.017456e-02;-6.182840e-03;1.008490e-01;-5.412735e-03;1.380378e-01;-8.174338e-03;1.253660e-01;-6.409101e-03;1.205199e-01;-3.568404e-03;1.575696e-01;-3.526019e-03;1.791973e-01;-7.091801e-03;1.794555e-01;-9.966738e-03;1.328917e-01;-9.810218e-03;1.898750e-01;-9.625461e-03;1.838873e-01;-8.906050e-03;1.742078e-01;-9.844440e-03;1.778813e-01;-8.104257e-03;1.204817e-01;-7.712292e-03;1.279924e-01;-8.076896e-03;1.185519e-01;-5.845384e-03;1.071129e-01;-6.038483e-03;8.254175e-02;-5.157579e-03;5.903009e-02;-3.367533e-03;3.644037e-02;-2.883788e-03;2.494819e-02;-1.547787e-03;2.816610e-02;-2.916780e-03;4.752763e-02;-4.072111e-03;2.922233e+01;-8.613281e-02;6.840613e+01;-8.613281e-02;2.050612e+02;7.105957e+00;3.432272e+02;1.639395e+01;4.323528e-02;-5.145176e-03;1.139275e+02;6.181647e+00;2.226139e-01;1.250098e-02;4.797072e+05;3.275414e+04;4.806824e-01;-2.380550e-02;8.834188e+00;-5.635523e-01;1.923932e-02;2.880557e-03;6.716301e-02;3.691712e-03;7.964928e-02;-1.157916e-02;1.332798e+00;-7.345404e-02;2.267222e+00;1.310350e-01;2.027147e+00;1.477950e-02;1.786122e+00;8.480190e-02;2.245124e+00;1.051264e-01;1.927049e+00;1.210010e-01;3.173434e+00;-1.863834e-01;2.720647e+00;-1.045591e-01;2.947885e+00;6.429832e-02;2.504113e+00;7.128330e-02;2.546333e+00;-2.143992e-02;2.468208e+00;-2.001658e-02;2.128167e+00;5.502315e-02;2.305805e+00;5.893611e-02
32.500000;8.551363e+01;2.107615e+02;6.238779e-02;8.160318e-01;7.107610e-02;5.232347e-02;9.472647e-02;6.161629e-02;1.229070e-01;1.557194e-01;2.782803e+01;-2.373466e+00;5.876946e-01;1.337702e+00;4.056756e-01;1.076535e+00;2.537020e-02;3.601241e-02;3.036224e-02;7.378937e-02;5.534096e-02;1.435467e-01;9.418570e-02;2.905926e-01;1.723372e-01;4.483014e-01;1.599300e-01;5.834062e-01;2.163500e-01;7.111676e-01;5.430291e-01;8.932530e-01;6.808235e-01;1.073463e+00;5.706122e-01;1.041633e+00;6.622495e-01;1.134622e+00;6.058555e-01;1.170795e+00;6.900436e-01;1.269373e+00;7.754303e-01;1.415597e+00;7.954749e-01;1.441748e+00;6.257066e-01;1.414353e+00;7.193698e-01;1.471489e+00;6.891071e-01;1.489453e+00;6.664945e-01;1.510451e+00;5.919169e-01;1.492632e+00;4.353601e-01;1.496590e+00;5.134153e-01;1.480087e+00;4.730830e-01;1.411930e+00;4.263348e-01;1.267224e+00;3.056748e-01;1.093128e+00;2.228946e-01;9.020699e-01;1.432064e-01;7.424178e-01;9.148245e-02;6.005724e-01;9.970544e-02;7.693420e-02;1.777266e-01;1.445065e-01;9.810353e+01;6.662373e+02;1.692037e+02;8.245781e+02;5.941557e+02;1.347548e+03;1.245966e+03;2.370519e+03;1.876645e-01;3.029089e-01;3.830703e+02;1.262275e+03;9.484430e-01;4.247021e+00;1.979419e+06;2.148804e+06;2.325348e+00;5.663661e+00;6.751507e+01;6.953140e+01;9.822913e-02;-8.835930e-02;2.234429e-01;1.041013e+00;4.014153e-01;3.508172e-01;4.889952e+00;7.310872e+00;9.657125e+00;-1.763086e+01;6.853999e+00;-1.867772e+01;6.681619e+00;-2.449936e+01;6.311453e+00;-9.797793e+00;6.073466e+00;-9.832591e+00;9.769556e+00;-1.826899e+00;8.052219e+00;1.651899e+00;9.662717e+00;3.018446e+00;5.600616e+00;-9.389944e+00;6.913894e+00;-1.630976e+01;7.009583e+00;-1.450747e+01;8.974043e+00;-6.171901e+00;7.714144e+00;-4.261361e+00;1.164050e-03;5.932206e-06;2.068306e-06;4.299821e-10;3.097445e-06;-1.563521e-07;3.658713e-06;-1.418877e-07;5.024844e-06;-1.669148e-08;1.079274e-03;-9.756427e-06;1.188856e-01;-8.494818e-03;8.290170e-02;-5.772386e-03;4.859518e-03;-3.427049e-04;6.196586e-03;2.146637e-04;1.632336e-02;-9.253449e-04;2.589825e-02;-2.680369e-03;3.707742e-02;-3.774039e-03;5.132800e-02;-2.084412e-03;6.041671e-02;-5.984958e-04;1.216113e-01;2.698827e-03;1.359218e-01;-7.981371e-03;1.199426e-01;-1.060331e-02;1.328529e-01;-1.118049e-02;1.239506e-01;-1.191568e-02;1.439932e-01;-1.907909e-02;1.677974e-01;-1.258194e-02;1.812271e-01;3.052129e-03;1.307311e-01;-8.796407e-04;1.700290e-01;-1.765386e-02;1.590340e-01;-1.268406e-02;1.565838e-01;-4.342011e-05;1.602487e-01;4.322961e-04;1.169095e-01;-1.057557e-03;1.237988e-01;-8.944997e-03;1.062763e-01;-9.443112e-03;9.102358e-02;-1.132569e-02;6.951697e-02;-4.884219e-03;5.606813e-02;-2.508851e-03;3.362203e-02;-2.390295e-03;2.464002e-02;-1.044990e-03;3.129908e-02;-1.055571e-04;3.807611e-02;-6.494756e-03;2.487010e+01;-4.593750e-01;6.106371e+01;-5.024414e-01;1.809870e+02;4.177442e+00;3.487585e+02;2.583984e-01;5.422797e-02;-2.165780e-03;1.086129e+02;7.657480e-01;2.436057e-01;2.597914e-03;5.087766e+05;1.999971e+03;6.637942e-01;-2.429365e-03;1.931811e+01;-4.644226e-02;1.838030e-02;1.545293e-03;6.405170e-02;2.846881e-04;7.517446e-02;-6.228290e-03;1.433917e+00;-2.130305e-02;2.357974e+00;-6.053262e-03;2.125801e+00;5.820311e-03;1.980740e+00;1.684598e-02;1.981030e+00;-1.845969e-01;2.018007e+00;-1.300250e-01;3.309592e+00;-1.124336e-01;2.459553e+00;2.171161e-01;2.675359e+00;2.485424e-01;1.973770e+00;-8.779037e-02;2.338343e+00;2.686932e-02;2.181778e+00;1.824531e-01;2.457176e+00;9.583715e-02;1.735273e+00;-5.922930e-02
33.000000;1.004065e+02;2.666782e+02;5.911982e-02;8.493521e-01;5.172085e-02;4.849368e-02;4.949796e-02;3.842838e-02;1.378666e-01;1.861293e-01;2.614634e+01;3.858602e-01;4.361670e-01;1.480761e+00;2.757562e-01;1.101929e+00;1.917029e-02;3.991405e-02;2.396929e-02;6.141346e-02;3.599349e-02;1.322155e-01;7.904521e-02;2.600782e-01;1.528213e-01;4.128248e-01;1.402955e-01;5.622614e-01;1.802964e-01;7.253930e-01;4.744178e-01;9.310409e-01;6.009184e-01;1.138440e+00;3.517465e-01;1.039963e+00;4.890144e-01;1.092513e+00;4.460914e-01;1.145672e+00;3.397688e-01;1.130392e+00;4.048968e-01;1.256415e+00;6.540635e-01;1.495614e+00;5.097615e-01;1.580105e+00;4.290088e-01;1.484785e+00;4.721493e-01;1.600182e+00;4.530568e-01;1.580255e+00;4.623236e-01;1.664014e+00;4.008095e-01;1.649416e+00;4.105529e-01;1.553198e+00;3.629270e-01;1.440791e+00;3.366981e-01;1.317649e+00;2.456282e-01;1.136250e+00;1.896430e-01;9.459937e-01;1.214657e-01;7.615340e-01;8.458115e-02;6.131513e-01;7.734181e-02;5.958154e-02;8.737319e-02;1.339381e-01;8.040229e+01;6.679600e+02;1.559040e+02;7.833779e+02;4.896823e+02;1.230120e+03;9.404830e+02;2.141692e+03;1.214607e-01;2.671779e-01;3.006530e+02;1.166755e+03;8.563653e-01;3.893026e+00;1.595102e+06;1.499858e+06;2.183288e+00;5.710600e+00;6.638380e+01;7.208116e+01;7.490801e-02;-8.876638e-02;1.736003e-01;9.778811e-01;3.159211e-01;3.589838e-01;5.476952e+00;5.286264e+00;9.237123e+00;-2.370413e+01;5.880283e+00;-1.948027e+01;7.922493e+00;-2.705019e+01;8.466889e+00;-1.629819e+01;6.315242e+00;-1.304535e+01;8.785278e+00;2.896272e+00;1.015835e+01;1.087888e+01;1.043286e+01;8.480031e+00;6.610466e+00;-1.230508e+01;5.864220e+00;-1.363133e+01;8.698037e+00;-9.447854e+00;7.749304e+00;-6.568184e+00;6.634618e+00;-3.885423e+00;1.272627e-03;-1.692002e-04;1.610619e-06;1.556352e-07;2.443065e-06;-4.135669e-07;2.236541e-06;-4.495344e-07;4.876262e-06;-1.323835e-07;9.159612e-04;1.572188e-05;8.448280e-02;7.783089e-03;5.503641e-02;2.393610e-03;3.795513e-03;2.383136e-04;4.547920e-03;-4.234064e-04;1.243436e-02;2.045437e-04;1.948167e-02;3.740616e-04;3.267838e-02;4.431229e-04;4.903457e-02;6.649462e-04;5.556235e-02;2.634830e-03;9.716425e-02;5.543825e-03;1.186052e-01;2.211650e-03;7.066237e-02;1.115450e-03;9.731967e-02;1.406384e-03;8.717830e-02;1.893264e-03;7.210924e-02;5.431676e-03;8.167689e-02;2.166855e-03;1.258280e-01;1.646131e-03;1.022024e-01;5.574803e-03;9.986615e-02;5.474284e-03;1.132052e-01;9.778765e-04;1.092077e-01;5.391420e-03;1.060433e-01;2.095122e-03;1.154562e-01;1.893699e-03;1.050394e-01;3.839656e-03;8.582456e-02;4.538244e-03;8.066469e-02;2.905661e-03;6.483088e-02;1.678032e-03;5.163011e-02;8.319211e-04;3.790244e-02;8.045578e-04;2.713246e-02;4.918450e-04;1.845181e-02;7.993431e-04;2.125256e-02;9.702684e-04;1.806609e+01;-9.761719e-01;4.926019e+01;-9.187500e-01;1.525588e+02;-2.167676e+00;2.445232e+02;-1.362334e+01;4.554944e-02;8.705175e-04;7.901251e+01;-4.856197e+00;2.157658e-01;-7.737680e-03;3.587123e+05;-2.722575e+04;6.284819e-01;7.667742e-03;1.945853e+01;1.854600e-01;1.480467e-02;-4.634917e-04;4.515146e-02;-3.164160e-03;6.190026e-02;1.885360e-03;1.264104e+00;1.004785e-02;1.554524e+00;-1.372098e-01;1.720168e+00;-1.017242e-02;1.836761e+00;-1.108590e-01;1.891758e+00;-2.102048e-01;1.750989e+00;-2.171830e-01;2.800997e+00;3.324473e-02;2.084774e+00;2.379088e-01;2.039435e+00;1.739396e-01;1.856688e+00;4.244445e-02;1.937211e+00;9.239793e-02;2.027690e+00;4.263124e-02;2.213503e+00;-1.123127e-01;1.638114e+00;-1.250519e-01
33.500000;8.608149e+01;2.449490e+02;4.761852e-02;8.424858e-01;5.437763e-02;5.146474e-02;5.660409e-02;4.768126e-02;1.106691e-01;1.702836e-01;8.748475e+00;6.437672e+00;2.400664e-01;1.518253e+00;1.727629e-01;1.053398e+00;1.087880e-02;3.482111e-02;1.852556e-02;6.751700e-02;3.779658e-02;1.380301e-01;9.821729e-02;2.919627e-01;1.634769e-01;4.466612e-01;1.224474e-01;5.953070e-01;1.292637e-01;7.220017e-01;1.437239e-01;8.134381e-01;3.087838e-01;9.001397e-01;3.142754e-01;9.812335e-01;2.373062e-01;1.015546e+00;2.295596e-01;1.039889e+00;1.736606e-01;1.124794e+00;2.457662e-01;1.180393e+00;5.442883e-01;1.295645e+00;4.422413e-01;1.449760e+00;2.934454e-01;1.496574e+00;3.842993e-01;1.510391e+00;3.422161e-01;1.532444e+00;4.299124e-01;1.621173e+00;3.776579e-01;1.641880e+00;3.113767e-01;1.522808e+00;2.615328e-01;1.404548e+00;2.551796e-01;1.268002e+00;2.093412e-01;1.105261e+00;1.764117e-01;9.342688e-01;1.231422e-01;7.519546e-01;8.864518e-02;6.042542e-01;3.630564e-02;5.052721e-02;6.154722e-02;1.384123e-01;1.497337e+02;6.917900e+02;3.895858e+02;9.458818e+02;4.991605e+02;1.495696e+03;5.302781e+02;2.343817e+03;6.777572e-02;2.352334e-01;2.728188e+02;1.270058e+03;7.001235e-01;4.206532e+00;5.068995e+05;1.156789e+06;1.154206e+00;4.362640e+00;2.347384e+01;4.272260e+01;3.544111e-02;-5.876828e-02;1.376764e-01;1.016466e+00;1.538156e-01;2.351042e-01;4.452347e+00;4.126593e+00;5.453166e+00;-2.585335e+01;7.777332e+00;-1.367994e+01;6.991820e+00;-2.564557e+01;6.557017e+00;-2.210733e+01;6.122968e+00;-1.759804e+01;9.610290e+00;2.089788e-01;9.381021e+00;1.162875e+01;9.086857e+00;8.701493e+00;5.060005e+00;-1.483276e+01;9.305519e+00;-5.875763e+00;5.370557e+00;-6.429399e+00;9.187667e+00;-1.006929e+01;7.735024e+00;-2.716334e+00;1.175522e-03;-2.179066e-04;1.118992e-06;-2.215880e-07;2.429741e-06;-1.459197e-08;2.143159e-06;6.638806e-08;4.105430e-06;-8.083176e-08;4.880672e-04;-9.164757e-05;5.073910e-02;-6.718801e-03;3.354611e-02;-6.436174e-03;1.870144e-03;-2.290926e-04;2.667064e-03;2.622827e-04;1.013228e-02;5.086671e-04;1.824262e-02;1.181622e-03;3.061250e-02;9.326881e-05;3.930008e-02;-3.035948e-04;3.784246e-02;-1.597598e-03;3.760873e-02;-4.464269e-03;4.887341e-02;-6.246111e-03;6.005067e-02;-6.353756e-03;6.197688e-02;-7.006398e-03;4.207807e-02;-7.303106e-03;4.141713e-02;-2.998343e-03;5.054636e-02;-3.418959e-03;6.133930e-02;-2.532773e-02;5.226106e-02;-1.876814e-02;6.860535e-02;-7.922160e-03;7.296798e-02;-1.213083e-02;8.525632e-02;-1.453851e-02;8.766750e-02;-1.130856e-02;1.033662e-01;-1.256042e-02;8.566806e-02;-5.952985e-03;7.232304e-02;-4.391399e-03;6.702200e-02;-5.093764e-03;6.109015e-02;-5.057262e-03;5.192415e-02;-3.862053e-03;3.790640e-02;-1.406057e-03;2.678348e-02;-1.112086e-03;9.079789e-03;-3.502754e-05;1.301236e-02;-1.710067e-03;4.418270e+01;-1.679590e+00;7.503796e+01;9.043945e-01;1.247104e+02;3.014648e+00;1.276825e+02;1.102500e+01;2.216248e-02;-2.245490e-03;5.814980e+01;2.580582e+00;1.350557e-01;1.076882e-02;1.061849e+05;2.189967e+04;3.312393e-01;-6.396678e-03;7.588356e+00;-1.864722e-01;7.229960e-03;4.783428e-04;3.045016e-02;1.248860e-03;3.010746e-02;-1.986841e-03;1.183228e+00;4.500812e-02;7.954071e-01;1.786302e-01;9.709722e-01;1.603543e-01;1.246653e+00;9.785258e-02;1.605309e+00;3.491716e-02;1.346280e+00;4.860832e-02;1.953935e+00;-1.555888e-01;1.955119e+00;-6.080035e-02;1.652583e+00;-5.002172e-02;1.568926e+00;1.568399e-01;1.544978e+00;1.701228e-01;1.724164e+00;-1.211737e-01;1.599792e+00;-5.760419e-02;1.643856e+00;1.838623e-01
34.000000;5.087130e+01;1.671409e+02;4.465777e-02;7.687805e-01;1.019914e-01;8.394486e-02;7.073682e-02;7.208511e-02;1.548825e-01;1.852720e-01;2.482037e+01;-4.321875e+00;3.598466e-01;1.043486e+00;1.190603e-01;9.001369e-01;9.670326e-03;1.868116e-02;3.433689e-02;9.765306e-02;5.041922e-02;1.380653e-01;1.102240e-01;2.922316e-01;1.784071e-01;4.546549e-01;1.507750e-01;5.418378e-01;1.788879e-01;6.352990e-01;1.454559e-01;6.958200e-01;2.015830e-01;6.809588e-01;2.567396e-01;7.781180e-01;2.900228e-01;9.218242e-01;2.018249e-01;9.565749e-01;2.043591e-01;1.014143e+00;1.989202e-01;1.004789e+00;1.747287e-01;1.001046e+00;2.732320e-01;1.067101e+00;3.281214e-01;1.225381e+00;2.141200e-01;1.215409e+00;2.109922e-01;1.285507e+00;2.461513e-01;1.270867e+00;3.228959e-01;1.325845e+00;2.193796e-01;1.328167e+00;1.951861e-01;1.274396e+00;1.740236e-01;1.160528e+00;1.694087e-01;1.007266e+00;1.382008e-01;8.476434e-01;1.154328e-01;7.070389e-01;8.809438e-02;5.730496e-01;4.301788e-02;4.243366e-02;6.131695e-02;6.387994e-02;1.969106e+02;6.528867e+02;4.841395e+02;1.115707e+03;8.423934e+02;2.005028e+03;1.345861e+03;3.264864e+03;1.167536e-01;1.893896e-01;5.659316e+02;1.614406e+03;6.611698e-01;5.201419e+00;2515400;3.039771e+06;1.210218e+00;3.723938e+00;1.696010e+01;2.979003e+01;1.937075e-02;-2.012026e-02;3.432773e-01;1.217213e+00;6.569570e-02;6.461515e-02;5.938983e+00;5.325965e+00;6.493291e+00;-1.603406e+01;5.162484e+00;-8.981779e+00;5.520337e+00;-2.112736e+01;7.246659e+00;-1.810759e+01;7.015642e+00;-1.573738e+01;5.652369e+00;-6.620846e+00;7.180584e+00;3.269089e-01;5.668578e+00;1.774433e+00;7.877792e+00;-7.495936e+00;5.151984e+00;1.611372e-01;5.919823e+00;-6.124979e+00;8.836029e+00;-1.047485e+01;7.891968e+00;-4.171557e+00;6.158359e-04;1.724363e-05;1.400586e-06;-4.762833e-08;2.332968e-06;-1.420542e-07;2.499354e-06;8.347201e-08;5.065888e-06;-4.523040e-07;1.069199e-03;-1.171948e-05;6.170327e-02;-3.965014e-03;3.504691e-02;2.688635e-03;2.273716e-03;-2.573594e-05;5.373891e-03;-6.802716e-06;1.558590e-02;2.984216e-04;2.618464e-02;7.496921e-04;4.258145e-02;1.751246e-03;3.913707e-02;4.722348e-03;5.139539e-02;5.553668e-03;4.274172e-02;3.367610e-03;6.244239e-02;6.472480e-03;7.220741e-02;7.538507e-03;9.322137e-02;1.181957e-02;7.408937e-02;8.540202e-03;6.403665e-02;3.019705e-03;6.932634e-02;1.986711e-03;6.518325e-02;3.109455e-03;4.275119e-02;-4.078663e-06;5.883157e-02;-9.276652e-05;4.850699e-02;4.178487e-03;6.574894e-02;4.191653e-04;6.254189e-02;8.591418e-04;7.129209e-02;8.246060e-04;7.188173e-02;3.269179e-04;5.595556e-02;-9.745766e-04;5.007029e-02;1.489403e-03;4.588883e-02;1.131352e-03;4.639628e-02;1.640476e-03;3.007744e-02;1.087010e-03;2.411668e-02;8.976383e-05;1.525622e-02;1.060623e-03;1.436662e-02;-3.346805e-04;5.572769e+01;-1.406836e+00;1.133123e+02;-1.004883e+00;2.108178e+02;-5.742188e+00;2.898011e+02;-4.823438e+00;4.918237e-02;1.440540e-03;1.236770e+02;-2.282763e+00;1.500191e-01;-2.142549e-03;4.582343e+05;2.371359e+03;4.264927e-01;4.414315e-02;8.179531e+00;9.632494e-01;6.252148e-03;-7.447945e-05;7.353311e-02;-1.280877e-03;1.692037e-02;1.543297e-04;1.475584e+00;8.181018e-02;1.170278e+00;1.438526e-01;1.631202e+00;-7.091035e-02;1.499388e+00;-1.853282e-02;2.160913e+00;4.612542e-02;1.764926e+00;1.117627e-01;1.893739e+00;-1.671970e-02;2.119203e+00;-3.228008e-01;2.087689e+00;-1.523033e-01;1.949911e+00;8.952273e-02;1.768604e+00;8.104952e-02;2.179821e+00;5.344055e-03;1.907604e+00;-7.539371e-03;1.698365e+00;-2.913853e-02
34.500000;6.314579e+01;1.788969e+02;7.001497e-02;7.832196e-01;1.086122e-01;8.239781e-02;8.724412e-02;7.040317e-02;1.718589e-01;2.044318e-01;2.811889e+01;-5.263338e+00;5.545375e-01;1.103522e+00;4.473247e-01;1.077549e+00;2.594640e-02;2.799757e-02;4.364222e-02;8.817334e-02;5.512704e-02;1.348641e-01;1.379984e-01;3.171062e-01;1.785734e-01;4.843673e-01;2.903617e-01;6.374165e-01;3.672248e-01;7.829512e-01;5.000909e-01;8.937030e-01;8.871002e-01;1.115257e+00;1.016675e+00;1.154879e+00;7.828919e-01;1.188124e+00;7.353054e-01;1.248940e+00;6.646470e-01;1.223718e+00;6.958911e-01;1.281712e+00;7.534252e-01;1.363296e+00;7.624500e-01;1.328419e+00;6.896267e-01;1.328397e+00;6.920657e-01;1.456945e+00;5.512339e-01;1.487810e+00;6.101518e-01;1.545907e+00;5.590215e-01;1.472052e+00;4.461041e-01;1.482393e+00;4.148940e-01;1.434686e+00;3.311572e-01;1.290895e+00;2.561284e-01;1.097872e+00;1.875868e-01;9.137852e-01;1.268745e-01;7.434351e-01;9.145697e-02;6.073433e-01;1.699483e-01;1.231596e-01;1.240175e-01;7.922498e-02;1.421591e+02;5.967568e+02;4.204553e+02;8.861631e+02;1.037995e+03;1.611258e+03;1.728645e+03;2.886885e+03;1.811036e-01;2.435968e-01;6.745912e+02;1.416633e+03;1.195534e+00;4.774745e+00;2.718018e+06;3.089614e+06;2.632953e+00;5.236378e+00;6.164627e+01;5.990419e+01;1.042814e-01;-6.750970e-02;4.074556e-01;1.115103e+00;4.395504e-01;2.641381e-01;6.447191e+00;7.042937e+00;6.547088e+00;-1.301657e+01;6.767646e+00;-1.374793e+01;8.648367e+00;-2.625055e+01;6.801812e+00;-1.628900e+01;6.555782e+00;-1.293867e+01;1.056976e+01;-5.703708e+00;7.823269e+00;-3.511109e+00;6.291440e+00;2.543492e-01;7.261256e+00;-4.567450e+00;7.544876e+00;-6.212339e+00;7.095848e+00;-7.087676e+00;6.607913e+00;-8.696582e+00;5.416576e+00;-8.037748e+00;2.305454e-04;7.926010e-05;1.769534e-06;1.856829e-07;3.315182e-06;-7.210388e-07;3.183596e-06;1.328546e-07;5.745107e-06;-1.112777e-06;1.168956e-03;1.005785e-04;9.807339e-02;7.697041e-03;7.616280e-02;5.375526e-03;4.691868e-03;3.588722e-04;6.293922e-03;-5.143614e-04;1.577537e-02;2.033363e-05;3.302288e-02;1.327465e-03;4.386602e-02;2.832829e-03;5.242455e-02;4.581162e-03;7.263973e-02;6.133806e-03;8.394567e-02;6.095618e-03;1.739879e-01;1.022504e-02;1.958429e-01;5.371736e-03;1.299729e-01;4.312784e-03;1.341305e-01;4.683498e-03;1.459972e-01;3.763039e-03;1.532406e-01;2.541163e-03;1.730282e-01;8.558110e-03;1.322028e-01;1.038816e-02;1.232388e-01;8.535046e-03;1.414123e-01;1.012834e-02;1.092124e-01;7.949864e-03;1.171875e-01;1.155102e-02;1.035045e-01;8.730702e-03;1.023407e-01;5.625742e-03;9.784638e-02;4.607052e-03;7.457963e-02;3.794027e-03;6.043922e-02;3.318202e-03;4.773312e-02;2.630053e-03;2.977385e-02;1.653800e-03;2.258820e-02;4.050923e-04;3.703332e-02;3.000516e-03;2.540182e-02;7.085999e-04;3.860687e+01;-8.613281e-01;9.253443e+01;-4.349707e+00;2.187699e+02;-1.223086e+01;3.434508e+02;-1.826016e+01;5.719060e-02;1.670639e-03;1.288091e+02;-7.374035e+00;2.319160e-01;-1.786426e-02;5.215552e+05;-2.417583e+04;6.650664e-01;2.505001e-02;1.620756e+01;5.310040e-01;2.119853e-02;-1.006077e-03;7.829141e-02;-4.420924e-03;8.698066e-02;3.851524e-03;1.432211e+00;5.629076e-02;1.745856e+00;-1.646309e-03;1.799588e+00;2.018129e-03;2.107457e+00;-2.106888e-01;2.272231e+00;-1.713717e-01;2.041738e+00;-7.983486e-02;2.432984e+00;-2.343300e-02;2.418913e+00;-8.806137e-02;2.381226e+00;2.408180e-02;2.246661e+00;-1.234957e-01;2.269496e+00;-1.749551e-01;2.687916e+00;2.745632e-02;2.066540e+00;-7.035936e-02;1.599281e+00;-2.078036e-01
35.000000;3.921206e+01;2.140127e+02;5.526467e-02;8.486220e-01;5.947872e-02;2.856680e-02;7.356243e-02;3.340602e-02;1.341373e-01;1.499992e-01;1.682182e+01;6.807257e+00;4.157168e-01;1.535623e+00;3.963996e-01;1.203329e+00;1.971220e-02;4.308445e-02;2.290208e-02;5.454649e-02;4.983501e-02;1.432180e-01;1.095916e-01;3.538373e-01;1.303209e-01;5.422091e-01;2.341716e-01;7.369578e-01;2.849974e-01;9.265629e-01;4.552173e-01;9.922472e-01;8.582150e-01;1.203455e+00;9.894586e-01;1.214500e+00;7.458799e-01;1.220225e+00;7.145721e-01;1.270570e+00;6.075047e-01;1.369514e+00;6.418793e-01;1.445223e+00;7.209517e-01;1.478160e+00;6.602890e-01;1.672397e+00;5.868916e-01;1.697295e+00;6.649796e-01;1.661379e+00;5.229089e-01;1.666903e+00;5.232920e-01;1.807161e+00;4.832497e-01;1.773176e+00;3.881004e-01;1.638628e+00;3.872150e-01;1.498994e+00;3.055542e-01;1.356797e+00;2.334751e-01;1.193927e+00;1.968946e-01;1.002829e+00;1.153936e-01;7.855175e-01;8.178703e-02;6.348842e-01;1.670791e-01;2.950816e-01;1.099315e-01;1.245720e-01;9.660825e+01;5.100498e+02;1.234479e+02;5.890049e+02;4.414622e+02;8.946328e+02;9.158141e+02;2.000291e+03;1.474952e-01;2.826651e-01;2.717740e+02;9.640925e+02;7.662795e-01;3.810753e+00;1.215920e+06;1.277732e+06;2.399844e+00;5.519977e+00;5.884272e+01;6.586972e+01;8.961275e-02;-1.020056e-01;1.693920e-01;8.213356e-01;3.806478e-01;4.039418e-01;4.054417e+00;9.970686e+00;5.948469e+00;-1.380542e+01;1.005213e+01;-8.294701e+00;6.776385e+00;-2.803444e+01;8.337431e+00;-2.493774e+01;1.013875e+01;-2.189993e+01;1.382919e+01;-1.295540e+01;9.454431e+00;-7.801770e+00;6.237848e+00;-1.101481e+00;7.188668e+00;-1.114955e+01;1.032322e+01;-6.379104e+00;5.773629e+00;-9.926004e+00;7.900177e+00;-1.547473e+01;5.130904e+00;-8.046589e+00;2.097279e-04;7.384878e-05;1.707122e-06;-7.512656e-09;3.022235e-06;-4.576327e-07;2.467084e-06;2.234219e-07;5.706557e-06;-5.121171e-07;6.957875e-04;9.087539e-06;9.359500e-02;1.984107e-03;7.508090e-02;-3.872480e-03;4.422899e-03;-1.720770e-05;4.126810e-03;1.407156e-04;1.311150e-02;-2.537658e-04;2.576094e-02;-1.401166e-03;3.208807e-02;-2.178901e-03;4.189848e-02;-6.012960e-03;6.141163e-02;-7.945916e-03;7.845864e-02;-6.026741e-03;1.717609e-01;-9.533461e-03;1.901920e-01;-9.421133e-03;1.152634e-01;-1.362553e-02;1.226687e-01;-8.471437e-03;1.405685e-01;-7.130495e-03;1.512199e-01;-4.282801e-03;1.724910e-01;-3.857349e-03;1.411720e-01;-2.309289e-03;1.286002e-01;-9.244722e-04;1.514438e-01;-4.722618e-03;1.231817e-01;-3.531886e-03;1.226821e-01;-4.401212e-04;1.147440e-01;7.869966e-04;9.783899e-02;3.526149e-04;1.010138e-01;-1.380470e-03;7.483849e-02;-2.856904e-03;6.365285e-02;-1.533760e-03;4.975083e-02;-2.235533e-03;3.019047e-02;-1.348049e-03;2.393401e-02;-3.993431e-04;3.896075e-02;7.595613e-05;2.434251e-02;2.023051e-05;1.952648e+01;-9.761719e-01;2.824526e+01;-7.464844e-01;1.122538e+02;2.454785e+00;2.333524e+02;1.050820e+01;4.328606e-02;-6.075526e-04;6.532034e+01;1.276881e+00;2.104348e-01;-4.240836e-04;2.724433e+05;2.563918e+03;5.913297e-01;-4.712678e-02;1.485030e+01;-1.013759e+00;2.093981e-02;1.639269e-04;3.936501e-02;1.087027e-04;8.714970e-02;-8.616681e-04;9.271023e-01;-4.336066e-02;1.465361e+00;4.125944e-02;1.346689e+00;3.172522e-01;1.926560e+00;1.215344e-01;1.807456e+00;-5.815163e-02;1.863437e+00;-1.569871e-01;2.517363e+00;-1.788521e-01;2.331284e+00;8.766616e-03;2.081819e+00;-3.103420e-02;1.980280e+00;-1.323141e-01;2.293601e+00;1.258743e-01;2.349674e+00;5.172877e-02;2.167919e+00;-1.413727e-01;1.383461e+00;3.397298e-02
35.500000;8.881713e+01;1.675691e+02;7.799969e-02;8.122076e-01;2.325687e-02;1.122261e-02;1.305473e-02;7.578122e-03;1.394038e-01;1.178725e-01;4.410567e+01;-1.258069e+01;4.571246e-01;1.374577e+00;3.135326e-01;1.059819e+00;1.634408e-02;3.537044e-02;2.139743e-02;6.015747e-02;6.163273e-02;1.476708e-01;8.478785e-02;2.726141e-01;1.221749e-01;4.052394e-01;1.817484e-01;5.459126e-01;2.509926e-01;6.601123e-01;2.230313e-01;7.497302e-01;3.962218e-01;9.162743e-01;5.888429e-01;1.092624e+00;7.721230e-01;1.209044e+00;5.169972e-01;1.129836e+00;3.697602e-01;1.183614e+00;5.820608e-01;1.357323e+00;7.342542e-01;1.466970e+00;5.357948e-01;1.399631e+00;5.118273e-01;1.444138e+00;5.565348e-01;1.485365e+00;4.611141e-01;1.473557e+00;5.184913e-01;1.510468e+00;5.021659e-01;1.525015e+00;3.817866e-01;1.479938e+00;3.456021e-01;1.381470e+00;3.331099e-01;1.279025e+00;3.140141e-01;1.124816e+00;2.815253e-01;9.508998e-01;1.669616e-01;7.609956e-01;1.141274e-01;6.030112e-01;1.794068e-01;2.059404e-01;1.456222e-01;1.275198e-01;1.406689e+02;5.282812e+02;1.959367e+02;6.369521e+02;4.988276e+02;1.017946e+03;8.423726e+02;2.244621e+03;1.649117e-01;2.779632e-01;3.032500e+02;1.055669e+03;7.166625e-01;4.050526e+00;1.406441e+06;1.588667e+06;1.786658e+00;5.014683e+00;3.739748e+01;5.193815e+01;5.443543e-02;-6.897879e-02;2.032338e-01;8.771556e-01;2.171731e-01;2.516816e-01;4.785262e+00;9.378155e+00;7.786607e+00;-1.382455e+01;1.165257e+01;-6.827361e+00;6.922026e+00;-2.071138e+01;1.226437e+01;-2.045065e+01;1.253594e+01;-1.967596e+01;1.371372e+01;-1.196702e+01;1.027068e+01;-5.153247e+00;7.809979e+00;3.164540e-01;5.980598e+00;-1.443162e+01;1.314405e+01;-8.828799e+00;6.480151e+00;-8.172737e+00;1.282471e+01;-9.484829e+00;4.675911e+00;-4.235968e+00;2.858426e-04;6.292405e-05;1.463160e-06;-1.461620e-09;8.242907e-07;-8.381579e-08;4.778287e-07;-2.808216e-08;4.992598e-06;1.809559e-07;8.119559e-04;-1.341658e-06;8.844072e-02;8.459436e-03;5.164215e-02;5.873226e-03;3.387867e-03;3.140626e-04;3.849672e-03;9.813555e-05;2.418345e-02;7.472654e-04;2.459749e-02;7.520705e-04;2.893919e-02;4.060670e-04;3.553584e-02;6.465503e-04;3.760945e-02;-8.566990e-04;4.055675e-02;1.721677e-03;8.757292e-02;-1.079803e-03;1.310412e-01;9.454791e-03;1.189997e-01;1.763284e-02;1.147940e-01;2.016923e-02;7.898414e-02;8.700475e-03;1.160118e-01;5.045762e-03;1.410725e-01;5.936482e-03;1.257374e-01;9.044351e-03;1.063049e-01;1.133834e-02;1.047225e-01;9.400730e-03;9.254256e-02;9.120333e-03;8.692801e-02;1.329882e-04;8.199740e-02;3.164547e-03;6.433465e-02;8.440586e-03;6.711437e-02;9.405459e-03;5.688746e-02;8.177740e-03;5.216952e-02;5.943287e-03;5.082717e-02;4.960264e-03;3.460766e-02;2.449978e-03;2.543387e-02;1.848536e-03;2.406977e-02;-1.175676e-03;3.004530e-02;6.487456e-03;3.276854e+01;2.885449e+00;5.064694e+01;2.583984e+00;1.481584e+02;3.129492e+00;2.558396e+02;3.129492e+00;6.681515e-02;5.190988e-03;8.775351e+01;2.322598e+00;1.832849e-01;3.676578e-03;3.847443e+05;-1.879950e+03;5.131193e-01;-9.044140e-03;1.134259e+01;-1.662210e-01;1.159059e-02;-1.891406e-03;5.555259e-02;1.927524e-03;3.423123e-02;5.377688e-03;1.250295e+00;-2.971814e-02;2.017169e+00;-1.096592e-01;2.166970e+00;-1.519504e-01;1.569213e+00;1.028809e-01;1.899156e+00;3.219776e-01;2.288776e+00;1.888933e-01;2.818294e+00;2.848615e-01;1.974821e+00;5.032181e-02;2.476965e+00;-1.325002e-01;2.039087e+00;1.663592e-02;2.323854e+00;4.183675e-02;1.926050e+00;6.032885e-02;2.387205e+00;2.301435e-01;1.461145e+00;6.020322e-02
36.000000;1.168265e+02;1.709571e+02;7.307368e-02;7.877191e-01;6.175025e-02;4.358526e-02;9.952193e-02;5.067280e-02;1.436689e-01;1.435695e-01;4.375673e+01;-1.868249e+01;6.208522e-01;1.364076e+00;4.028112e-01;1.041835e+00;2.348510e-02;3.661443e-02;2.251817e-02;7.173847e-02;6.880125e-02;1.488334e-01;1.085777e-01;2.677793e-01;1.602623e-01;3.978562e-01;2.186867e-01;5.349454e-01;2.452424e-01;6.006435e-01;4.780138e-01;8.212285e-01;4.868378e-01;9.814988e-01;6.792637e-01;1.153364e+00;8.547490e-01;1.238422e+00;6.742972e-01;1.253169e+00;4.531661e-01;1.197536e+00;6.230611e-01;1.309801e+00;8.069389e-01;1.419657e+00;6.625977e-01;1.290771e+00;6.282809e-01;1.313449e+00;6.915849e-01;1.455767e+00;4.983230e-01;1.394194e+00;5.603135e-01;1.401826e+00;5.572225e-01;1.428972e+00;5.983760e-01;1.464557e+00;5.387626e-01;1.419146e+00;4.561861e-01;1.281278e+00;3.736550e-01;1.086296e+00;3.105207e-01;8.938265e-01;1.889137e-01;7.387767e-01;1.189289e-01;5.941249e-01;1.719547e-01;1.033685e-01;2.035180e-01;1.820945e-01;1.430694e+02;6.398232e+02;1.604980e+02;7.889766e+02;4.937657e+02;1.260841e+03;1.038026e+03;2.298311e+03;2.151890e-01;3.356642e-01;3.309883e+02;1.204413e+03;9.081126e-01;4.293846e+00;1.789919e+06;1.954639e+06;2.115755e+00;5.554691e+00;4.646732e+01;6.135485e+01;8.579145e-02;-8.657900e-02;2.056768e-01;9.981477e-01;3.300915e-01;3.115159e-01;4.453413e+00;8.195356e+00;9.582358e+00;-1.640720e+01;1.019252e+01;-1.544988e+01;8.130282e+00;-1.958801e+01;8.832150e+00;-7.534194e+00;7.587663e+00;-1.039598e+01;1.229229e+01;-2.649795e+00;7.209882e+00;1.148098e+00;1.115937e+01;2.604002e-01;1.140104e+01;-1.343667e+01;9.604466e+00;-1.542613e+01;7.503483e+00;-9.716544e+00;1.103404e+01;-2.665410e+00;4.929862e+00;-1.758777e+00;1.291196e-03;2.489900e-04;2.105995e-06;8.295017e-08;2.091401e-06;-9.674437e-08;4.085688e-06;-8.691509e-08;4.883881e-06;1.650801e-07;1.043979e-03;-3.644751e-06;1.257283e-01;7.075379e-03;7.228407e-02;5.293482e-03;5.443853e-03;4.143188e-04;6.319048e-03;-1.918619e-04;2.623783e-02;1.836097e-04;2.836294e-02;7.957274e-04;3.994898e-02;1.288378e-03;5.224154e-02;2.013892e-03;5.829246e-02;1.970705e-03;1.546057e-01;1.153930e-02;1.448433e-01;1.131729e-02;1.471236e-01;8.638622e-03;1.462157e-01;1.106390e-02;1.505486e-01;1.236547e-02;1.161289e-01;1.139116e-02;1.300273e-01;4.787762e-03;1.463515e-01;3.430129e-03;1.382197e-01;6.125765e-03;1.370047e-01;6.853983e-03;1.289895e-01;8.897821e-03;1.077118e-01;7.030488e-03;1.087034e-01;7.748726e-03;8.948440e-02;3.854067e-03;9.095393e-02;1.144479e-03;7.929805e-02;3.596043e-03;6.764503e-02;4.032710e-03;5.382079e-02;3.105205e-03;4.748431e-02;2.471828e-03;3.530969e-02;1.245171e-03;2.589220e-02;7.383233e-04;6.266914e-02;6.064575e-03;4.341533e-02;2.533199e-03;4.278412e+01;1.636523e+00;5.988861e+01;1.378125e+00;1.866981e+02;-2.655762e+00;3.577154e+02;-1.368076e+01;8.517487e-02;2.264072e-03;1.235909e+02;-1.994491e+00;3.076934e-01;-4.479638e-03;5.772234e+05;-1.220208e+04;7.221879e-01;4.020200e-02;1.602003e+01;9.758338e-01;1.999792e-02;-1.945970e-03;7.644197e-02;-4.183155e-04;6.940395e-02;7.573714e-03;1.480520e+00;4.890318e-02;2.549249e+00;-1.577210e-01;2.566980e+00;-3.177128e-01;2.115577e+00;-1.313497e-01;2.484343e+00;1.582262e-01;2.289379e+00;2.602126e-01;2.966337e+00;2.936751e-01;2.016753e+00;1.108942e-01;2.778490e+00;1.277710e-01;2.627934e+00;1.457739e-01;2.189090e+00;-2.194408e-01;1.895365e+00;-1.888472e-01;2.635281e+00;-3.768036e-02;1.497295e+00;-2.593456e-02
36.500000;7.779976e+01;2.064413e+02;5.435979e-02;8.342919e-01;6.010269e-02;4.496770e-02;1.007900e-01;5.745329e-02;1.266560e-01;1.660219e-01;1.643799e+01;4.699918e+00;4.851653e-01;1.612411e+00;3.093332e-01;1.080531e+00;1.988677e-02;4.638605e-02;1.922453e-02;5.919627e-02;5.478665e-02;1.386765e-01;1.081229e-01;2.821639e-01;1.748917e-01;4.434805e-01;1.928865e-01;5.905114e-01;1.695645e-01;7.348607e-01;5.091095e-01;9.557446e-01;4.263540e-01;9.851117e-01;5.773379e-01;1.091379e+00;5.263101e-01;1.174776e+00;6.307655e-01;1.316604e+00;4.450420e-01;1.264307e+00;3.118619e-01;1.193599e+00;4.364803e-01;1.249050e+00;5.771774e-01;1.393490e+00;5.657489e-01;1.447354e+00;5.257246e-01;1.499162e+00;4.009543e-01;1.510582e+00;5.187479e-01;1.608969e+00;4.897140e-01;1.623191e+00;5.117039e-01;1.528409e+00;4.687709e-01;1.424295e+00;3.706597e-01;1.280579e+00;2.759098e-01;1.101826e+00;2.188323e-01;9.053197e-01;1.418326e-01;7.455508e-01;9.273001e-02;6.048207e-01;2.072227e-01;1.684459e-01;1.818998e-01;2.589101e-01;1.190653e+02;6.922207e+02;1.283654e+02;8.413740e+02;3.115182e+02;1.125756e+03;8.355891e+02;1.770316e+03;1.730978e-01;3.609994e-01;2.484256e+02;1.089406e+03;7.574117e-01;4.020197e+00;1.410603e+06;1.101347e+06;2.234205e+00;6.779567e+00;5.568295e+01;9.294475e+01;8.309711e-02;-1.158360e-01;1.465964e-01;9.441750e-01;3.379060e-01;4.327482e-01;4.489265e+00;9.491681e+00;8.258595e+00;-2.212328e+01;7.604831e+00;-2.259756e+01;1.118762e+01;-2.708201e+01;8.778075e+00;-7.275319e+00;7.667322e+00;-5.220105e+00;9.499710e+00;-2.366818e+00;7.256548e+00;-1.289871e+00;1.084812e+01;2.185510e+00;1.243949e+01;-7.547259e+00;9.459240e+00;-8.467526e+00;7.057868e+00;-7.952135e+00;9.831883e+00;-7.389677e+00;5.999324e+00;-3.057037e+00;1.300811e-03;1.716882e-04;1.981481e-06;9.967746e-09;2.133115e-06;-2.272714e-08;4.295271e-06;-7.688359e-08;5.269153e-06;2.051528e-08;6.723026e-04;1.357476e-06;1.091156e-01;-1.207845e-02;6.349603e-02;-9.459712e-03;4.917007e-03;-4.964182e-04;5.154541e-03;-9.561600e-05;1.793054e-02;-1.178616e-03;2.847962e-02;-2.342556e-03;5.047375e-02;-3.369342e-03;5.417153e-02;-4.286098e-03;5.918425e-02;-4.050636e-03;1.589471e-01;-5.396652e-03;1.348353e-01;-8.292250e-03;1.208622e-01;-1.233873e-02;1.080267e-01;-1.951397e-02;1.141118e-01;-2.617063e-02;1.066389e-01;-1.421622e-02;8.795883e-02;-1.181685e-02;9.633254e-02;-1.233876e-02;1.009794e-01;-1.665997e-02;1.249591e-01;-1.950053e-02;1.081016e-01;-1.733707e-02;1.026110e-01;-1.155917e-02;1.198197e-01;-4.803694e-03;9.946973e-02;-2.762876e-03;8.735438e-02;-9.079381e-03;7.340232e-02;-1.230263e-02;6.156864e-02;-9.563657e-03;4.915790e-02;-6.947824e-03;3.509458e-02;-5.953548e-03;2.977512e-02;-2.430532e-03;2.665391e-02;-1.740261e-03;6.545440e-02;-1.117579e-03;4.051332e-02;-6.799232e-03;3.750264e+01;-1.492969e+00;4.416422e+01;-7.608398e-01;1.192731e+02;-8.613281e-01;2.727707e+02;1.923633e+00;6.569562e-02;-5.579402e-03;9.098055e+01;-1.401447e-01;2.718142e-01;9.257807e-04;4.335333e+05;4.810257e+03;6.347533e-01;2.560105e-03;1.462765e+01;-3.139573e-02;2.020234e-02;2.559537e-03;5.526304e-02;-3.683200e-04;7.794105e-02;-7.888321e-03;1.324132e+00;-2.067729e-02;2.074828e+00;6.807417e-02;2.139340e+00;-1.302417e-02;2.434369e+00;-1.708567e-01;2.420156e+00;-1.924875e-01;1.865639e+00;8.640327e-02;2.198744e+00;-2.188971e-01;2.191305e+00;2.644280e-02;2.482749e+00;2.338593e-01;2.738112e+00;3.777661e-02;2.044365e+00;1.319125e-01;1.656445e+00;9.095185e-02;2.278759e+00;-1.089316e-01;1.513648e+00;4.707545e-02
37.000000;9.016994e+00;1.808894e+02;3.450184e-02;8.512539e-01;2.478089e-02;1.630257e-02;3.468965e-02;1.860707e-02;1.061179e-01;1.463205e-01;3.791498e+00;1.036404e+01;2.959099e-01;1.450332e+00;1.773424e-01;1.021189e+00;1.384164e-02;4.055973e-02;5.827493e-03;4.870119e-02;4.057886e-02;1.271394e-01;1.195472e-01;2.899618e-01;2.102004e-01;4.635414e-01;1.435128e-01;5.562039e-01;1.155359e-01;7.368756e-01;3.173825e-01;8.802736e-01;2.787966e-01;9.051827e-01;4.475498e-01;1.031343e+00;3.704050e-01;1.127398e+00;5.187588e-01;1.093481e+00;4.035840e-01;1.107914e+00;2.392991e-01;1.058776e+00;2.898863e-01;1.195596e+00;3.802451e-01;1.258447e+00;3.881439e-01;1.302196e+00;2.332325e-01;1.379512e+00;2.868766e-01;1.463417e+00;4.090977e-01;1.582177e+00;3.521565e-01;1.627899e+00;2.332483e-01;1.473423e+00;2.150507e-01;1.373706e+00;2.161114e-01;1.239425e+00;1.641802e-01;1.058462e+00;1.231556e-01;8.963373e-01;1.005037e-01;7.289279e-01;7.830551e-02;5.933093e-01;1.377413e-01;1.650736e-01;1.719661e-01;1.658128e-01;1.172148e+02;6.314971e+02;1.445090e+02;7.724678e+02;1.354368e+02;9.401396e+02;3.101405e+02;1.260697e+03;1.235738e-01;2.789824e-01;1.019843e+02;9.314642e+02;3.112631e-01;3.843817e+00;299512;6.195104e+05;1.559025e+00;7.399975e+00;4.686016e+01;1.032685e+02;6.591076e-02;-8.334593e-02;7.444906e-02;8.404377e-01;2.801187e-01;3.156215e-01;4.927194e+00;1.117068e+01;8.593286e+00;-1.926551e+01;7.342348e+00;-2.218035e+01;1.188914e+01;-3.931718e+01;8.983959e+00;-1.558682e+01;5.170515e+00;-7.292415e-01;6.384595e+00;-5.734239e+00;7.417868e+00;-5.550346e-01;7.554441e+00;4.502342e+00;8.647243e+00;-8.267469e+00;5.902837e+00;-4.125595e+00;5.034516e+00;-4.182167e+00;6.266685e+00;-1.068052e+01;6.420282e+00;-6.609150e+00;3.230541e-04;2.645634e-06;1.167357e-06;-1.230004e-07;1.339382e-06;1.408405e-07;1.647582e-06;6.859834e-08;3.948448e-06;-9.681609e-08;1.411882e-04;8.401300e-07;5.724894e-02;-7.725334e-03;3.606381e-02;-3.982060e-03;2.359814e-03;-3.650760e-04;1.066671e-03;9.322246e-05;1.375029e-02;-4.933546e-04;2.953096e-02;-1.379762e-03;5.141263e-02;-2.292295e-03;4.216915e-02;4.370258e-05;3.788324e-02;-9.154400e-04;5.091177e-02;-1.112493e-02;5.962393e-02;-6.666725e-03;9.781027e-02;-6.074820e-03;5.565504e-02;-9.935237e-03;5.964132e-02;-1.208007e-02;5.938262e-02;-1.044234e-02;5.771113e-02;-2.071307e-03;7.665213e-02;-8.536452e-04;6.966928e-02;-5.903996e-03;8.483244e-02;-6.266216e-03;6.463966e-02;-5.319485e-03;6.780452e-02;-2.578602e-03;9.425353e-02;-6.056028e-03;8.811799e-02;-3.981323e-03;7.204387e-02;-2.906673e-03;6.366938e-02;-7.834389e-04;6.472287e-02;-2.075433e-03;4.882949e-02;-2.425858e-03;3.445161e-02;-3.176623e-04;2.920564e-02;-3.910968e-04;2.427084e-02;-2.415239e-04;2.479617e-02;-6.435109e-03;2.620590e-02;-2.911293e-03;2.472765e+01;-6.747071e-01;2.858215e+01;-2.871094e-02;2.515355e+01;-5.598633e-01;1.112991e+02;-1.134082e+00;3.437715e-02;-2.338842e-03;2.577694e+01;2.109873e-01;9.862433e-02;3.247800e-03;5.690361e+04;4.492231e+03;4.361694e-01;-1.822070e-02;1.198564e+01;-5.958399e-01;1.162833e-02;1.837841e-03;1.656648e-02;-1.354998e-04;4.772974e-02;-7.127725e-03;1.234982e+00;-3.402860e-02;1.419886e+00;9.292643e-02;1.506746e+00;6.412815e-02;2.214573e+00;-1.630320e-01;1.689558e+00;-1.820386e-01;1.698736e+00;-7.538915e-02;1.761938e+00;-1.997958e-01;1.999188e+00;-7.862303e-03;2.159065e+00;-2.164408e-02;2.150520e+00;-7.923794e-02;1.973836e+00;2.861919e-02;1.601174e+00;1.315959e-01;1.477363e+00;2.322798e-01;1.520874e+00;4.696903e-02
37.500000;4.602590e+01;1.985531e+02;5.044908e-02;8.147712e-01;6.995852e-02;5.727487e-02;5.431390e-02;4.797006e-02;1.478233e-01;2.097682e-01;1.611453e+01;3.643447e+00;2.258850e-01;1.132438e+00;1.026997e-01;9.455302e-01;8.764317e-03;2.773933e-02;1.918943e-02;5.650164e-02;5.063678e-02;1.332522e-01;1.466956e-01;3.127500e-01;2.422626e-01;4.953834e-01;1.646096e-01;5.795269e-01;1.373613e-01;6.610477e-01;1.464021e-01;7.228796e-01;1.129493e-01;7.997031e-01;1.182503e-01;8.235884e-01;1.933863e-01;8.364266e-01;2.901323e-01;9.242571e-01;2.128076e-01;9.936616e-01;3.344836e-01;1.085182e+00;2.580232e-01;1.142057e+00;2.539619e-01;1.213030e+00;2.550749e-01;1.263509e+00;2.246340e-01;1.296089e+00;2.265807e-01;1.359155e+00;2.807297e-01;1.356807e+00;3.482224e-01;1.407878e+00;2.315350e-01;1.406590e+00;1.839034e-01;1.335584e+00;1.815586e-01;1.195464e+00;1.429302e-01;1.040542e+00;1.162063e-01;8.873801e-01;9.977859e-02;7.288086e-01;7.125334e-02;5.832321e-01;7.169440e-02;1.091211e-01;3.431357e-02;3.723005e-02;5.927592e+01;5.671846e+02;8.187540e+01;6.894932e+02;2.919634e+02;9.190371e+02;7.928726e+02;1.462104e+03;1.170942e-01;2.215460e-01;2.354225e+02;9.434109e+02;5.449897e-01;4.068895e+00;9.710119e+05;1.169936e+06;2.003305e+00;6.835124e+00;4.615435e+01;8.197150e+01;2.230513e-02;-3.867143e-02;1.410772e-01;8.324843e-01;7.432046e-02;1.283207e-01;5.852275e+00;1.174494e+01;4.622520e+00;-1.040315e+01;4.266130e+00;-1.605051e+01;1.109988e+01;-3.742608e+01;6.360272e+00;-1.930241e+01;7.886595e+00;-6.806251e+00;5.291605e+00;-9.200597e+00;7.029359e+00;-1.069734e+00;7.801854e+00;2.108389e+00;5.703485e+00;-1.228278e+01;7.042687e+00;-1.001916e+01;8.263309e+00;-1.048413e+01;5.349502e+00;-1.062378e+01;5.656582e+00;-7.215858e+00;7.299116e-04;6.359524e-05;1.438697e-06;-6.710390e-08;1.891912e-06;8.238317e-09;1.678029e-06;1.313379e-08;5.084984e-06;2.033362e-07;6.193389e-04;-1.860338e-05;5.966690e-02;-3.915908e-03;3.895333e-02;1.332907e-03;1.965716e-03;-1.670388e-04;2.698131e-03;4.785840e-04;1.705763e-02;6.359426e-04;2.908869e-02;-1.515440e-04;4.928576e-02;-3.791629e-04;3.750159e-02;-1.500332e-03;2.784884e-02;-2.158719e-03;1.959534e-02;-1.774371e-03;3.365211e-02;-1.113947e-03;3.033365e-02;-1.843093e-03;5.302715e-02;2.576408e-03;7.410787e-02;5.610103e-03;6.546810e-02;3.174048e-03;9.888540e-02;4.925542e-03;9.845316e-02;3.525160e-03;9.833448e-02;4.599157e-03;9.287959e-02;7.293852e-03;9.022638e-02;3.243242e-03;7.946672e-02;4.026217e-03;7.619608e-02;3.958630e-04;8.149920e-02;-3.005950e-03;7.304712e-02;4.142302e-04;5.544532e-02;2.683501e-03;5.748230e-02;1.210268e-03;4.589429e-02;1.807224e-03;3.166802e-02;7.501551e-04;2.861318e-02;-5.880460e-04;2.092663e-02;2.998292e-04;1.300813e-02;-8.172346e-04;1.356276e-02;-3.566321e-04;1.315901e+01;1.263281e+00;2.518719e+01;2.899805e+00;6.003281e+01;1.078096e+01;1.456503e+02;2.146143e+01;4.357455e-02;-6.023349e-04;3.521985e+01;7.574152e+00;1.446481e-01;1.751925e-02;1.097542e+05;2.943059e+04;4.448507e-01;-2.367846e-02;1.091431e+01;-3.918897e-01;5.928464e-03;3.468379e-04;2.062506e-02;4.448544e-03;1.169703e-02;-1.389052e-03;1.117352e+00;-5.932421e-02;1.590843e+00;2.671801e-02;1.089630e+00;1.199800e-01;2.023984e+00;2.183015e-01;1.804012e+00;6.361683e-02;1.841072e+00;-1.338521e-01;1.708614e+00;8.310208e-02;2.044372e+00;-4.270192e-02;2.093772e+00;-1.206988e-01;1.710811e+00;6.789346e-02;1.881730e+00;-4.831716e-02;2.055042e+00;-9.131078e-02;1.474118e+00;-2.636171e-02;1.259082e+00;-5.230984e-02
38.000000;8.503546e+01;1.909402e+02;5.469838e-02;7.813365e-01;7.072744e-02;6.514443e-02;5.292454e-02;4.928026e-02;1.685953e-01;2.340163e-01;3.424753e+01;-1.260728e+01;4.064233e-01;1.048956e+00;3.322814e-01;1.055782e+00;1.989789e-02;2.685497e-02;2.620094e-02;6.495969e-02;8.270495e-02;1.631382e-01;1.551539e-01;3.264035e-01;2.404648e-01;5.038538e-01;2.058237e-01;6.205588e-01;2.629760e-01;6.916439e-01;5.128839e-01;8.071705e-01;7.379794e-01;1.002104e+00;4.964752e-01;9.568771e-01;5.792783e-01;1.022908e+00;4.044621e-01;1.161498e+00;5.103133e-01;1.205761e+00;5.231792e-01;1.324705e+00;4.643641e-01;1.325318e+00;6.268631e-01;1.457067e+00;5.300597e-01;1.490905e+00;5.664914e-01;1.496483e+00;4.812883e-01;1.492207e+00;4.661103e-01;1.422997e+00;5.183768e-01;1.411921e+00;4.581542e-01;1.478454e+00;4.346092e-01;1.417548e+00;3.350105e-01;1.279269e+00;2.677497e-01;1.117769e+00;1.601311e-01;9.150387e-01;1.370928e-01;7.545962e-01;9.563864e-02;6.041340e-01;1.132987e-01;9.032412e-02;6.014675e-02;4.756293e-02;1.207460e+02;5.347412e+02;1.198608e+02;6.989678e+02;4.982948e+02;1.039623e+03;1.232346e+03;1.887457e+03;1.884377e-01;2.863478e-01;3.651690e+02;1.029868e+03;8.245831e-01;4.254941e+00;1.668854e+06;1826719;2.484949e+00;6.799456e+00;5.265229e+01;8.292009e+01;8.533259e-02;-5.229202e-02;2.178027e-01;8.792796e-01;3.306555e-01;1.708996e-01;6.536106e+00;1.229782e+01;6.252091e+00;-8.086064e+00;6.142191e+00;-1.339613e+01;8.295984e+00;-2.527992e+01;6.923818e+00;-1.570129e+01;7.248724e+00;-1.230285e+01;8.142107e+00;-6.811496e+00;7.866542e+00;-3.847377e+00;7.004326e+00;-1.623709e+00;6.188789e+00;-9.572265e+00;8.092330e+00;-1.311503e+01;7.427081e+00;-1.525679e+01;6.637422e+00;-1.165698e+01;5.073903e+00;-7.650136e+00;7.180505e-04;4.946628e-05;1.967491e-06;8.364892e-08;1.739138e-06;-3.961207e-07;1.441882e-06;-1.801710e-07;5.420850e-06;-2.628252e-07;1.217562e-03;9.072156e-08;9.322301e-02;8.918434e-03;7.446249e-02;8.005372e-03;4.047156e-03;4.467869e-04;5.036429e-03;-4.560341e-05;2.958160e-02;9.309929e-04;3.487071e-02;1.812388e-03;5.475694e-02;2.961251e-03;5.532523e-02;8.209030e-04;7.396437e-02;2.486153e-03;9.738803e-02;1.028956e-02;1.597516e-01;1.431552e-02;1.208818e-01;1.038148e-02;1.589713e-01;1.018093e-02;1.069074e-01;9.180914e-03;1.220596e-01;1.180380e-02;1.408543e-01;9.019535e-03;1.383526e-01;9.452355e-03;1.554961e-01;1.819145e-02;1.441844e-01;1.431470e-02;1.474344e-01;1.619336e-02;1.287074e-01;1.036375e-02;1.081117e-01;7.728198e-03;1.196789e-01;8.554781e-03;1.062883e-01;1.137270e-02;9.647672e-02;8.118413e-03;6.980853e-02;7.589416e-03;5.756995e-02;5.792083e-03;3.329470e-02;2.167930e-03;3.133389e-02;2.110632e-03;2.274897e-02;2.006430e-03;2.486886e-02;1.248645e-03;1.648423e-02;1.765752e-03;3.049608e+01;1.076660e+00;4.377452e+01;-2.871094e-02;1.558410e+02;-6.029297e-01;3.381792e+02;4.306640e-02;6.630018e-02;2.647169e-03;1.010789e+02;-4.053114e-01;2.259537e-01;-7.887383e-03;4.658058e+05;-3.777263e+03;7.005199e-01;8.018388e-03;1.535160e+01;2.610070e-01;1.813746e-02;-2.353071e-03;6.097742e-02;-7.073273e-05;6.327490e-02;8.555504e-03;1.613910e+00;3.864674e-02;2.001009e+00;-1.991840e-02;2.029710e+00;7.407600e-02;2.254694e+00;1.940284e-01;2.327369e+00;8.665413e-02;2.434279e+00;-6.385341e-02;2.371288e+00;2.584734e-01;2.452392e+00;7.151759e-02;2.211348e+00;-5.002289e-02;1.868832e+00;1.013778e-01;2.541305e+00;-9.977462e-02;2.467460e+00;-1.606829e-01;2.262515e+00;-1.024227e-01;1.483970e+00;-1.704423e-02
38.500000;7.915868e+01;2.018812e+02;6.124878e-02;8.220840e-01;3.435813e-02;2.113184e-02;1.682434e-02;1.252841e-02;1.303708e-01;1.666450e-01;3.363162e+01;-6.237795e+00;5.333515e-01;1.407420e+00;3.539073e-01;1.165628e+00;2.158496e-02;3.854829e-02;2.290637e-02;5.929201e-02;8.187485e-02;1.557167e-01;1.258580e-01;3.196856e-01;1.903090e-01;4.974803e-01;2.050193e-01;6.323149e-01;3.321851e-01;8.444340e-01;4.968432e-01;9.582901e-01;7.707092e-01;1.039331e+00;5.077545e-01;1.082026e+00;5.439402e-01;1.184640e+00;3.730353e-01;1.197058e+00;5.345926e-01;1.278111e+00;5.108520e-01;1.374354e+00;5.280323e-01;1.488050e+00;7.156721e-01;1.666764e+00;6.923727e-01;1.703445e+00;6.363866e-01;1.653948e+00;5.777171e-01;1.735564e+00;5.981421e-01;1.770945e+00;5.365797e-01;1.681346e+00;4.904313e-01;1.581979e+00;4.765306e-01;1.518528e+00;3.870679e-01;1.375510e+00;3.091611e-01;1.184050e+00;1.912862e-01;9.693148e-01;1.548695e-01;7.828875e-01;1.134541e-01;6.305638e-01;2.082707e-01;2.533452e-01;1.104064e-01;1.216056e-01;1.121121e+02;4.768887e+02;1.456890e+02;6.405410e+02;5.488348e+02;1.114702e+03;1.085625e+03;2.032878e+03;1.801020e-01;3.382447e-01;3.447086e+02;1.006686e+03;7.716536e-01;4.052038e+00;1.551398e+06;1.485392e+06;2.487020e+00;5.784202e+00;5.446783e+01;7.117931e+01;8.979940e-02;-8.908285e-02;2.054352e-01;8.459930e-01;3.508770e-01;3.294300e-01;6.272823e+00;1.218063e+01;8.212716e+00;-1.260740e+01;5.891646e+00;-9.005378e+00;7.715093e+00;-2.219457e+01;1.018472e+01;-2.010461e+01;1.099565e+01;-2.010883e+01;9.313457e+00;-7.575902e+00;7.488646e+00;-3.966443e+00;8.195677e+00;-1.791167e+00;7.630878e+00;-9.436354e+00;1.035479e+01;-8.346823e+00;1.060875e+01;-8.471366e+00;6.891438e+00;-1.291224e+01;5.985595e+00;-9.517730e+00;1.574756e-04;5.971246e-05;1.641466e-06;-9.502535e-11;9.245151e-07;-2.659084e-07;4.134930e-07;-1.190559e-07;3.817686e-06;-4.697221e-07;1.055368e-03;1.453409e-05;9.714761e-02;9.129454e-03;7.623790e-02;-3.152610e-04;4.274881e-03;2.999699e-04;4.656510e-03;-1.672966e-04;2.775419e-02;-9.490211e-04;2.978363e-02;-7.897632e-04;4.591386e-02;1.821420e-04;5.092862e-02;-3.520939e-04;8.369959e-02;-2.299430e-04;1.055809e-01;2.862237e-03;1.727040e-01;1.694892e-03;1.310946e-01;3.305739e-03;1.640583e-01;-3.420983e-03;1.008613e-01;-3.886361e-03;1.265300e-01;-2.397842e-03;1.249332e-01;-2.363037e-03;1.348400e-01;-3.234180e-04;1.580486e-01;-2.149926e-03;1.626446e-01;-6.688102e-03;1.602618e-01;7.074733e-04;1.342649e-01;2.674676e-03;1.158119e-01;4.912300e-03;1.275231e-01;-1.844959e-04;1.116936e-01;-6.119437e-04;1.103519e-01;-1.196582e-03;8.665334e-02;-3.595307e-04;6.778861e-02;-9.969525e-04;4.074856e-02;8.372834e-04;3.220813e-02;1.052545e-03;2.552127e-02;4.739105e-04;4.715094e-02;3.956843e-03;2.824547e-02;2.145828e-03;3.256905e+01;-2.052832e+00;4.769581e+01;-3.574512e+00;1.759587e+02;-5.455078e-01;3.273788e+02;-1.145566e+01;6.295399e-02;2.682693e-03;1.027230e+02;-4.668123e+00;2.184626e-01;-1.244068e-02;4.567933e+05;-2.499646e+04;7.445850e-01;-7.487127e-03;1.762346e+01;8.041632e-03;2.061380e-02;-9.712981e-04;6.214025e-02;-3.320050e-03;7.214607e-02;2.464620e-03;1.633813e+00;2.187051e-02;1.731556e+00;-7.663275e-02;2.084899e+00;4.960063e-02;2.134760e+00;-1.139491e-01;2.527163e+00;-2.500314e-01;2.772687e+00;-1.303124e-01;2.698863e+00;-6.019719e-02;2.271756e+00;-1.096572e-02;2.276909e+00;7.668496e-02;2.224972e+00;-1.463800e-01;2.801966e+00;-1.576907e-01;2.593810e+00;5.311362e-02;2.358702e+00;-7.248540e-02;1.620158e+00;-1.337431e-01
39.000000;5.271989e+01;2.429360e+02;5.370892e-02;8.432378e-01;4.278350e-02;2.466710e-02;3.039234e-02;2.012682e-02;1.992871e-01;2.053808e-01;1.958113e+01;4.553047e+00;4.376169e-01;1.748585e+00;2.853605e-01;1.129494e+00;2.104147e-02;5.078091e-02;1.293521e-02;5.341144e-02;7.090224e-02;1.455725e-01;1.134340e-01;2.837344e-01;1.721436e-01;4.455274e-01;2.032698e-01;5.676561e-01;3.148664e-01;7.091750e-01;2.295368e-01;7.908757e-01;3.514270e-01;9.241015e-01;4.612426e-01;1.190789e+00;3.966354e-01;1.192841e+00;2.592826e-01;1.119094e+00;3.271651e-01;1.269911e+00;3.325019e-01;1.342585e+00;4.989885e-01;1.465933e+00;5.834568e-01;1.500194e+00;7.109595e-01;1.637567e+00;6.146824e-01;1.651014e+00;5.488356e-01;1.649024e+00;6.195228e-01;1.747933e+00;5.027276e-01;1.660065e+00;5.184534e-01;1.616960e+00;4.495481e-01;1.529537e+00;4.284740e-01;1.389824e+00;3.102613e-01;1.163404e+00;2.317677e-01;9.695182e-01;1.588269e-01;7.782226e-01;1.281199e-01;6.257960e-01;2.195874e-01;2.538336e-01;1.243100e-01;2.120537e-01;1.540509e+02;5.973311e+02;1.739382e+02;7.179170e+02;4.392675e+02;1.157194e+03;5.625428e+02;1.856306e+03;1.859792e-01;4.172843e-01;2.137015e+02;1.023393e+03;7.619841e-01;3.844418e+00;4.328804e+05;8.268512e+05;2.041424e+00;5.486628e+00;4.735284e+01;6.787296e+01;1.103946e-01;-1.361416e-01;1.321416e-01;8.717644e-01;4.511942e-01;5.159280e-01;6.077144e+00;1.019722e+01;7.281744e+00;-2.147339e+01;8.411785e+00;-1.199918e+01;6.881441e+00;-2.305677e+01;1.152317e+01;-1.774232e+01;1.376160e+01;-1.625110e+01;1.315752e+01;-2.836905e+00;8.157602e+00;5.135970e-01;1.030482e+01;2.117981e+00;8.853613e+00;-1.044659e+01;1.145805e+01;-1.100115e+01;1.066304e+01;-5.833105e+00;8.991402e+00;-7.059837e+00;9.956169e+00;-5.494211e+00;1.709423e-04;4.715933e-05;1.795219e-06;8.753691e-09;1.462624e-06;-9.501373e-08;1.096030e-06;-1.144353e-09;6.046858e-06;-3.023166e-07;6.887305e-04;3.113317e-06;1.165993e-01;3.265151e-03;6.542567e-02;-5.216717e-03;4.770864e-03;1.470460e-04;2.383057e-03;-7.029478e-05;2.238425e-02;-6.271148e-04;3.590582e-02;-3.311177e-04;4.765908e-02;5.061520e-04;4.814865e-02;6.092064e-05;5.064226e-02;-3.804398e-03;5.442376e-02;-1.067923e-02;8.922666e-02;-1.241799e-02;1.347900e-01;-4.867681e-03;1.264608e-01;-3.801484e-03;8.532696e-02;-6.698006e-03;9.626202e-02;-1.052198e-02;1.028323e-01;-8.311567e-03;1.503638e-01;-8.809743e-03;1.314223e-01;-1.786739e-02;1.564831e-01;-1.209864e-02;1.539934e-01;-9.878363e-03;1.182734e-01;-7.411397e-03;1.240589e-01;-4.670368e-03;1.076808e-01;-1.917240e-03;1.154864e-01;-2.777503e-03;1.027204e-01;-5.549581e-03;9.631821e-02;-3.261456e-03;6.528388e-02;-1.236828e-03;4.931363e-02;4.085681e-04;3.833701e-02;3.664908e-04;2.870547e-02;5.623270e-04;5.618116e-02;-1.925595e-03;4.014792e-02;1.188189e-03;2.804906e+01;1.291992e+00;4.164852e+01;1.320703e+00;1.208631e+02;1.220215e+00;1.171857e+02;1.507324e+00;6.836053e-02;-4.257114e-04;5.216283e+01;1.702289e+00;2.176224e-01;-2.484465e-03;1.375526e+05;1.062909e+03;5.548317e-01;-1.612261e-02;1.464045e+01;-4.366712e-01;2.244924e-02;-1.086844e-03;3.108356e-02;1.217043e-03;9.258281e-02;5.546898e-03;1.512772e+00;-8.418696e-02;2.214708e+00;-5.683581e-02;1.938162e+00;-6.408507e-02;2.124330e+00;-2.376315e-02;2.374929e+00;7.827282e-02;2.684755e+00;1.606345e-01;3.214873e+00;-3.140645e-02;2.487615e+00;-5.820411e-02;2.513993e+00;-1.173898e-01;2.323132e+00;-3.094431e-01;2.720883e+00;-1.502105e-01;2.666879e+00;5.881032e-03;2.469691e+00;2.029634e-01;2.069262e+00;1.096759e-01
39.500000;5.228337e+01;2.454614e+02;6.049158e-02;8.346186e-01;5.330196e-02;3.456423e-02;5.240658e-02;3.317386e-02;2.143033e-01;2.222949e-01;1.963306e+01;4.376955e+00;4.891318e-01;1.904370e+00;2.472468e-01;1.075626e+00;2.308710e-02;5.788608e-02;9.816563e-03;5.322625e-02;6.993686e-02;1.499100e-01;1.089885e-01;2.965854e-01;1.621287e-01;4.572370e-01;1.866365e-01;5.965042e-01;2.276232e-01;6.858667e-01;1.817937e-01;7.604903e-01;2.630614e-01;9.378980e-01;4.924081e-01;1.091555e+00;4.339675e-01;1.194560e+00;3.240098e-01;1.203707e+00;2.866388e-01;1.255564e+00;3.228886e-01;1.293095e+00;4.089395e-01;1.328681e+00;3.781901e-01;1.323915e+00;5.356420e-01;1.413798e+00;5.748950e-01;1.552484e+00;4.104930e-01;1.457939e+00;4.369678e-01;1.517401e+00;4.260917e-01;1.550077e+00;5.143535e-01;1.571651e+00;4.505192e-01;1.478588e+00;4.139808e-01;1.345940e+00;3.083496e-01;1.158555e+00;2.384357e-01;9.637970e-01;1.563633e-01;7.632521e-01;1.250169e-01;6.172171e-01;1.526321e-01;1.317702e-01;2.811861e-01;3.560123e-01;1.066459e+02;6.966709e+02;1.233043e+02;8.364932e+02;2.662730e+02;1.127479e+03;3.852248e+02;1.611832e+03;1.804267e-01;4.850222e-01;1.143480e+02;1.057108e+03;7.837858e-01;3.828215e+00;378781;6.995457e+05;1.514403e+00;5.804853e+00;3.380527e+01;6.817798e+01;1.227301e-01;-1.745409e-01;6.742938e-02;9.208650e-01;5.115015e-01;6.682069e-01;4.527525e+00;9.107727e+00;6.523084e+00;-2.381168e+01;7.693343e+00;-1.805818e+01;6.444519e+00;-2.508862e+01;9.812727e+00;-8.233615e+00;8.954562e+00;-6.629241e+00;1.250688e+01;2.787717e+00;1.087693e+01;-1.310427e+00;9.242352e+00;-1.392850e-01;8.845985e+00;-1.306159e+01;8.797865e+00;-1.541051e+01;8.664733e+00;-1.041739e+01;8.124950e+00;-2.519257e+00;8.005653e+00;-2.062246e+00;3.475097e-04;-3.061597e-05;2.040008e-06;-3.006429e-08;2.000965e-06;-6.259877e-08;2.064895e-06;2.293750e-08;7.130249e-06;-5.582807e-07;6.901600e-04;4.398736e-06;1.325164e-01;2.386343e-03;6.654032e-02;-3.387235e-04;5.826707e-03;1.082583e-04;1.909372e-03;-2.047116e-04;2.445097e-02;1.426621e-04;3.802555e-02;1.336399e-03;4.925947e-02;1.248645e-03;5.298407e-02;2.901984e-03;4.055065e-02;6.782879e-03;5.150901e-02;2.299574e-03;7.366613e-02;-2.109855e-04;1.348008e-01;-4.123821e-03;1.239897e-01;-3.134105e-03;7.903989e-02;-2.202069e-03;8.634032e-02;-2.111631e-03;1.100776e-01;-3.369464e-03;1.453538e-01;3.494675e-05;1.143905e-01;2.558101e-03;1.290177e-01;6.977971e-03;1.430012e-01;-3.929029e-03;1.129009e-01;-5.238747e-03;1.145167e-01;-2.390668e-03;1.025677e-01;5.592012e-04;1.250686e-01;-2.052724e-03;1.062252e-01;-1.607453e-03;9.982433e-02;-5.278350e-04;7.141745e-02;-7.427834e-04;5.930629e-02;-1.206376e-03;4.728321e-02;-6.888500e-04;3.196595e-02;-1.126164e-04;4.350407e-02;1.582658e-03;6.245939e-02;7.714794e-04;2.863049e+01;-4.019531e-01;3.771009e+01;-1.449902e+00;7.012819e+01;-8.900391e+00;9.421953e+01;-5.828321e+00;7.191944e-02;4.444965e-04;3.835313e+01;-3.205432e+00;2.252451e-01;-4.808449e-03;1.368526e+05;-3.677616e+03;4.636586e-01;1.170015e-02;1.181560e+01;1.189239e-01;3.007877e-02;-4.020931e-04;2.277970e-02;-1.719596e-03;1.246620e-01;1.963234e-03;1.491686e+00;3.982022e-02;2.205180e+00;2.897968e-02;2.156362e+00;-1.321137e-02;2.206572e+00;8.192026e-03;2.277394e+00;5.099310e-02;2.418958e+00;-4.445826e-02;3.659379e+00;-7.727648e-02;2.903692e+00;-5.713196e-02;2.168439e+00;-9.227112e-02;2.581316e+00;2.816218e-02;2.571006e+00;1.676048e-01;2.324344e+00;-2.608134e-02;2.606924e+00;-2.185411e-02;2.038499e+00;7.864795e-02
40.000000;7.379172e+01;2.094071e+02;6.781264e-02;8.159528e-01;6.846000e-02;3.958427e-02;6.249613e-02;3.402516e-02;2.001401e-01;1.992073e-01;2.801688e+01;-2.601790e+00;5.815865e-01;1.647615e+00;1.990772e-01;9.441118e-01;2.274930e-02;4.646211e-02;1.956077e-02;5.525447e-02;5.451078e-02;1.411997e-01;7.607588e-02;2.911227e-01;1.149259e-01;4.297648e-01;1.528347e-01;5.909064e-01;2.578436e-01;7.504866e-01;2.406405e-01;7.834566e-01;2.303094e-01;7.604099e-01;2.205724e-01;7.846352e-01;3.540899e-01;9.594398e-01;3.830048e-01;1.043319e+00;3.095590e-01;9.934792e-01;3.265327e-01;1.062023e+00;3.068054e-01;1.113676e+00;3.291112e-01;1.208784e+00;3.586271e-01;1.213752e+00;4.151189e-01;1.264868e+00;3.675294e-01;1.337247e+00;3.755962e-01;1.369792e+00;3.543834e-01;1.402667e+00;3.387094e-01;1.361311e+00;3.265035e-01;1.289420e+00;2.835553e-01;1.175581e+00;2.596307e-01;1.047281e+00;2.066342e-01;8.796226e-01;1.344334e-01;7.134637e-01;1.054668e-01;5.791985e-01;2.169084e-01;2.132698e-01;3.210083e-01;2.839574e-01;1.217299e+02;6.039346e+02;1.775638e+02;7.420342e+02;3.610924e+02;1.036608e+03;7.793643e+02;1.801181e+03;1.921938e-01;3.886712e-01;2.414048e+02;1.022445e+03;7.662230e-01;3.965285e+00;1.069377e+06;1.096706e+06;1.710714e+00;5.632082e+00;4.110189e+01;6.345653e+01;1.025840e-01;-1.196455e-01;1.590844e-01;8.818702e-01;4.116334e-01;4.562843e-01;4.519257e+00;1.070348e+01;7.891512e+00;-1.709634e+01;8.647696e+00;-1.348101e+01;5.557355e+00;-2.469754e+01;1.206480e+01;-1.156884e+01;1.165306e+01;-1.248132e+01;1.324218e+01;-5.536698e+00;8.637448e+00;-6.988787e+00;6.208310e+00;-3.087234e+00;8.129903e+00;-1.288857e+01;1.011643e+01;-5.778456e+00;1.012173e+01;-3.615163e+00;7.734008e+00;-3.932778e+00;4.830384e+00;-5.840432e+00;3.834481e-04;-7.231846e-05;1.884555e-06;1.786734e-08;2.161139e-06;-2.594409e-07;1.950196e-06;-4.870776e-08;6.870915e-06;-5.584926e-07;9.782265e-04;-4.587991e-06;1.096768e-01;-1.000926e-02;4.742106e-02;-1.635129e-03;4.978818e-03;-3.682821e-04;3.499576e-03;-4.094230e-05;2.134154e-02;-4.850739e-04;2.495593e-02;-8.814084e-05;3.345297e-02;-1.098703e-03;3.977619e-02;-7.598356e-04;4.540084e-02;3.508145e-03;5.170667e-02;3.222088e-03;1.025980e-01;1.050106e-02;7.214916e-02;-2.509827e-03;7.728133e-02;-4.627856e-03;7.178447e-02;1.621786e-03;7.551890e-02;5.928486e-03;8.505393e-02;7.534327e-04;8.967375e-02;-1.235023e-03;8.297906e-02;-3.780599e-04;8.765804e-02;-2.388053e-03;9.754682e-02;-7.451586e-03;8.857548e-02;-4.525577e-03;8.354946e-02;-6.612966e-03;9.549973e-02;-9.280390e-03;9.560341e-02;-7.111561e-03;8.105468e-02;-4.633426e-03;6.860277e-02;-3.409312e-03;5.910825e-02;-3.674135e-03;4.925366e-02;-2.905735e-03;3.790920e-02;-2.342577e-03;2.691550e-02;-2.530529e-03;2.996915e-02;7.687428e-04;6.289768e-02;-2.671853e-03;2.757766e+01;-1.607813e+00;3.606074e+01;-1.507324e+00;1.008675e+02;-1.062305e+00;1.895479e+02;-2.899805e+00;5.953837e-02;-7.066787e-04;5.710134e+01;-2.271595e+00;2.328136e-01;2.134637e-03;2.407310e+05;-3.583602e+02;6.751080e-01;8.458462e-02;1.865715e+01;2.595033e+00;2.551565e-02;2.283509e-03;3.527147e-02;-1.537618e-03;9.926125e-02;-8.549018e-03;1.353050e+00;1.190460e-01;1.535267e+00;9.496982e-02;2.198621e+00;-8.511626e-02;2.267867e+00;-4.007002e-02;2.325614e+00;-5.535658e-02;2.565930e+00;-1.929327e-01;3.107029e+00;-1.426892e-01;2.516042e+00;-6.234114e-02;1.938434e+00;9.277426e-02;2.403996e+00;2.127952e-01;2.281783e+00;1.647922e-01;2.159488e+00;1.124662e-02;1.963717e+00;-1.939947e-01;1.390977e+00;-1.464574e-01
40.500000;6.943254e+01;2.002261e+02;6.935114e-02;8.338919e-01;6.167025e-02;3.079350e-02;4.586857e-02;2.167483e-02;1.852348e-01;1.760840e-01;2.858048e+01;-1.161722e+00;4.075112e-01;1.470261e+00;2.386120e-01;1.014589e+00;1.715400e-02;4.182842e-02;2.138983e-02;4.906022e-02;4.334198e-02;1.331804e-01;5.657607e-02;2.933359e-01;1.078471e-01;4.479729e-01;1.505132e-01;6.169825e-01;2.580408e-01;7.884520e-01;3.356756e-01;8.643401e-01;7.728676e-01;9.450076e-01;2.938753e-01;8.562760e-01;2.249154e-01;8.794837e-01;2.758864e-01;9.881686e-01;4.766232e-01;1.102530e+00;4.341760e-01;1.157658e+00;5.088036e-01;1.245080e+00;4.724086e-01;1.369017e+00;4.984422e-01;1.467606e+00;4.674944e-01;1.422313e+00;4.151247e-01;1.462722e+00;4.313091e-01;1.468531e+00;4.147081e-01;1.519384e+00;3.543457e-01;1.482877e+00;3.088523e-01;1.359580e+00;2.579348e-01;1.225621e+00;1.989230e-01;1.052392e+00;1.896607e-01;8.971891e-01;1.325103e-01;7.366517e-01;1.003717e-01;5.969647e-01;2.612715e-01;3.694491e-01;1.128753e-01;1.158075e-01;9.312883e+01;5.150742e+02;1.442081e+02;6.066621e+02;4.027599e+02;8.561602e+02;7.935181e+02;1.867072e+03;1.643694e-01;2.945044e-01;2.618235e+02;9.124669e+02;8.191782e-01;3.687624e+00;1.064117e+06;1.104774e+06;2.728882e+00;6.047538e+00;7.658967e+01;7.889738e+01;6.647972e-02;-9.290250e-02;1.698121e-01;7.936327e-01;2.742921e-01;3.576776e-01;4.207477e+00;1.213387e+01;5.394060e+00;-1.393777e+01;8.458179e+00;-8.140137e+00;5.628593e+00;-2.364680e+01;9.753175e+00;-2.202602e+01;1.264367e+01;-2.417506e+01;1.032495e+01;-1.416955e+01;6.694407e+00;-6.384968e+00;8.377688e+00;-2.448724e+00;8.311792e+00;-9.837584e+00;1.067106e+01;-8.624876e-01;1.106667e+01;-4.341269e+00;8.479177e+00;-9.211308e+00;3.976930e+00;-7.431305e+00;2.178872e-04;-3.630672e-05;1.527898e-06;1.236353e-07;1.705923e-06;-3.272026e-07;9.450493e-07;-1.231763e-07;5.763580e-06;-6.592826e-07;9.766481e-04;2.081553e-06;7.940967e-02;-4.927024e-03;4.526170e-02;-5.299050e-04;3.840449e-03;-1.026217e-04;3.448294e-03;-1.475182e-04;1.609687e-02;3.054880e-04;1.693053e-02;3.095132e-04;2.465914e-02;6.421118e-04;2.756434e-02;-1.002507e-03;4.026634e-02;-4.279816e-03;7.223902e-02;-3.378764e-03;1.783424e-01;-1.658456e-03;8.168498e-02;1.383511e-03;6.531575e-02;1.024798e-03;6.782959e-02;1.441414e-03;9.193534e-02;3.576579e-03;8.155877e-02;4.144337e-03;1.108573e-01;-6.402272e-04;8.969346e-02;-5.146508e-03;7.326145e-02;-5.361745e-03;9.245957e-02;2.383939e-03;9.138474e-02;-1.704350e-03;9.975419e-02;-5.455026e-03;9.209163e-02;-3.546382e-03;7.822792e-02;6.286203e-04;8.611968e-02;1.486925e-03;5.936373e-02;1.861196e-03;4.177207e-02;1.535776e-04;3.833602e-02;2.540032e-04;3.139675e-02;-1.918462e-05;2.447925e-02;-1.180592e-03;3.751017e-02;-1.346084e-04;3.302122e-02;-2.197717e-03;2.252608e+01;-6.459961e-01;2.780052e+01;-1.205859e+00;1.057072e+02;-6.000586e+00;1.906703e+02;-3.646289e+00;4.668003e-02;-3.185967e-03;5.739390e+01;-2.281006e+00;2.092946e-01;-9.593619e-03;2.385028e+05;-1.778504e+03;7.283018e-01;9.743095e-03;2.127058e+01;1.175617e-01;1.826794e-02;5.380400e-04;3.522253e-02;-1.559902e-03;7.498594e-02;-1.106485e-03;1.201226e+00;1.862845e-02;1.305545e+00;8.292489e-02;1.958547e+00;1.301077e-01;2.001664e+00;1.376734e-01;1.861507e+00;4.830798e-02;2.338587e+00;-1.632635e-01;2.237335e+00;-1.396674e-01;1.818023e+00;-5.301781e-02;1.951492e+00;-7.343581e-02;1.918151e+00;8.848603e-02;2.227559e+00;-2.161021e-03;2.095302e+00;-1.012641e-01;1.859128e+00;5.909155e-02;1.328516e+00;2.403827e-03
41.000000;2.667971e+00;2.267960e+02;2.501382e-02;8.648534e-01;2.468980e-02;2.020264e-02;1.305779e-02;1.279245e-02;9.284425e-02;1.359157e-01;3.787617e+00;1.061988e+01;3.406827e-01;1.438935e+00;2.123142e-01;1.032078e+00;1.535411e-02;4.019300e-02;1.367026e-02;4.769589e-02;2.653555e-02;1.214870e-01;3.629484e-02;3.014820e-01;6.716605e-02;4.774926e-01;1.442665e-01;5.932810e-01;2.220105e-01;7.444338e-01;3.018446e-01;8.242873e-01;7.490139e-01;1.023790e+00;2.747838e-01;9.335047e-01;1.962204e-01;9.136516e-01;2.636642e-01;1.047181e+00;4.330049e-01;1.176287e+00;4.098938e-01;1.204187e+00;4.992465e-01;1.271973e+00;4.697363e-01;1.335687e+00;4.947585e-01;1.466111e+00;4.426394e-01;1.498292e+00;3.773345e-01;1.463736e+00;3.708860e-01;1.484677e+00;4.081344e-01;1.534703e+00;3.346262e-01;1.459744e+00;2.813439e-01;1.369072e+00;2.227701e-01;1.242469e+00;1.568059e-01;1.080444e+00;1.650420e-01;9.100304e-01;1.257935e-01;7.483096e-01;9.345527e-02;6.077047e-01;2.410167e-01;3.450654e-01;5.922178e-02;9.745361e-02;9.913332e+01;4.399951e+02;8.011574e+01;5.198115e+02;3.502436e+02;7.901250e+02;4.785851e+02;1.707152e+03;1.249203e-01;2.402367e-01;1.068247e+02;8.331094e+02;5.382751e-01;3.527930e+00;5.221447e+05;9.808748e+05;2.499803e+00;5.742050e+00;7.048342e+01;6.939947e+01;6.276377e-02;-8.435039e-02;6.370945e-02;7.278500e-01;2.685086e-01;3.298356e-01;3.086231e+00;1.210913e+01;6.890131e+00;-1.222971e+01;9.669180e+00;-4.099852e+00;6.095780e+00;-2.147012e+01;6.516707e+00;-2.702129e+01;9.219673e+00;-2.985546e+01;8.095353e+00;-1.817052e+01;7.419560e+00;-1.057379e+01;8.061454e+00;-6.283670e+00;8.233852e+00;-1.171045e+01;1.340744e+01;-4.375870e+00;8.410033e+00;-1.432457e+01;5.813909e+00;-1.510541e+01;5.649518e+00;-6.816780e+00;8.037942e-05;1.107897e-06;6.467407e-07;-1.076041e-07;7.811949e-07;-6.676213e-09;5.805080e-07;-3.358410e-08;3.714590e-06;-1.854120e-07;1.039050e-04;-3.938463e-06;5.144005e-02;-6.212920e-03;4.075063e-02;-2.072039e-03;2.513455e-03;-4.248605e-04;1.824219e-03;6.012850e-04;8.634004e-03;2.356992e-04;8.850746e-03;-5.454216e-04;1.505041e-02;-1.040651e-03;1.535064e-02;-2.298594e-03;2.877044e-02;-3.828541e-03;6.412728e-02;-4.204858e-03;1.543941e-01;-1.427839e-02;7.307809e-02;-2.993848e-03;5.736652e-02;-5.682547e-04;6.441413e-02;-4.291621e-03;7.976268e-02;-6.846857e-03;7.518111e-02;-1.944738e-03;1.064654e-01;1.908263e-04;8.582728e-02;-2.891517e-03;7.180832e-02;-4.831593e-03;9.481850e-02;-2.035318e-03;8.563352e-02;-1.561325e-03;9.577356e-02;6.302311e-04;9.040762e-02;-3.057939e-05;7.006633e-02;-2.450758e-04;8.130288e-02;6.747719e-04;6.188232e-02;-1.126135e-03;4.390195e-02;-1.635081e-04;4.220295e-02;-6.188080e-04;3.452958e-02;2.423037e-04;2.833552e-02;4.987994e-04;3.485707e-02;-1.334925e-03;1.179139e-02;-5.647714e-04;1.289370e+01;-3.186914e+00;1.251622e+01;-1.105371e+00;1.055058e+02;2.024121e+00;1.254045e+02;1.017803e+01;2.103535e-02;-3.107943e-03;3.541378e+01;2.275885e+00;1.228961e-01;1.598972e-02;7.846016e+04;1.851408e+04;4.586689e-01;-9.314436e-02;1.242690e+01;-2.810962e+00;1.410877e-02;1.585743e-03;1.981155e-02;7.325854e-04;6.219262e-02;-7.043273e-03;9.890127e-01;-6.555622e-02;1.129355e+00;1.054967e-01;1.473552e+00;1.901843e-01;1.294288e+00;1.561289e-01;1.768382e+00;4.438298e-02;1.645293e+00;-8.300619e-03;1.516218e+00;-1.337893e-01;1.489127e+00;-7.897962e-02;1.568938e+00;-1.101024e-01;1.907443e+00;-1.323316e-01;2.381739e+00;-9.976961e-02;1.853767e+00;-2.465504e-02;1.768348e+00;4.007120e-03;1.514466e+00;-1.497308e-02
41.500000;6.208924e+01;2.059489e+02;6.174717e-02;8.084185e-01;4.010389e-02;4.137854e-02;4.243449e-02;3.401200e-02;1.388487e-01;1.834771e-01;2.751254e+01;-2.326118e+00;3.231928e-01;9.704252e-01;1.116631e-01;8.949251e-01;1.183238e-02;2.112943e-02;2.487253e-02;7.028218e-02;4.784766e-02;1.299886e-01;4.466036e-02;2.508349e-01;7.565697e-02;3.861152e-01;9.805290e-02;4.724430e-01;1.608882e-01;5.671952e-01;1.336656e-01;6.673135e-01;1.938172e-01;8.029320e-01;1.506833e-01;8.626515e-01;2.075936e-01;9.174876e-01;2.021939e-01;9.383012e-01;2.012345e-01;9.815698e-01;2.401305e-01;1.020753e+00;2.877397e-01;1.086032e+00;2.536182e-01;1.074514e+00;3.369308e-01;1.142962e+00;3.351625e-01;1.236215e+00;2.340520e-01;1.253527e+00;2.754855e-01;1.311231e+00;3.172473e-01;1.314600e+00;2.366185e-01;1.300796e+00;2.147270e-01;1.262287e+00;2.171709e-01;1.153115e+00;1.779560e-01;1.009872e+00;1.564280e-01;8.410755e-01;1.204110e-01;7.092518e-01;8.539394e-02;5.749908e-01;1.733898e-01;1.251991e-01;3.641398e-02;3.561104e-02;1.145861e+02;4.431533e+02;1.640370e+02;5.917324e+02;6.382021e+02;1.094174e+03;1.161483e+03;2.181888e+03;6.496635e-02;1.653682e-01;3.852280e+02;1.048907e+03;7.796340e-01;4.253350e+00;1.702243e+06;2210400;1.747497e+00;5.159289e+00;2.764411e+01;4.709922e+01;2.914206e-02;-2.643185e-02;2.445604e-01;8.626801e-01;1.183803e-01;9.565818e-02;4.610835e+00;1.057247e+01;6.303501e+00;-6.132824e+00;8.631961e+00;-5.298704e+00;5.156001e+00;-2.010871e+01;9.874387e+00;-2.044131e+01;1.169244e+01;-2.066223e+01;9.234802e+00;-1.323332e+01;8.264128e+00;-8.436604e+00;5.852744e+00;-7.007639e+00;6.515270e+00;-1.294508e+01;1.125445e+01;-1.003247e+01;7.699000e+00;-1.542686e+01;5.784670e+00;-1.319820e+01;5.715153e+00;-7.526353e+00;3.002132e-04;-7.499762e-05;1.109865e-06;-2.831778e-08;1.051248e-06;1.256588e-07;1.051007e-06;1.613675e-07;3.736941e-06;1.974611e-07;6.689128e-04;-5.566377e-06;6.430946e-02;7.742473e-04;4.595520e-02;5.976071e-03;2.722890e-03;1.401973e-04;4.601873e-03;-2.683294e-05;1.512937e-02;-8.694632e-05;1.231655e-02;-7.946421e-04;1.829571e-02;-1.307923e-03;2.680012e-02;2.568191e-04;3.581293e-02;2.083732e-04;5.136415e-02;5.457257e-03;9.621965e-02;1.678401e-02;7.817707e-02;1.113280e-02;8.778232e-02;1.187577e-02;7.543951e-02;7.957056e-03;9.461312e-02;1.272156e-02;1.306373e-01;1.735694e-02;1.307518e-01;1.605048e-02;8.964249e-02;6.094046e-03;1.048939e-01;8.306219e-03;9.533112e-02;4.015590e-03;6.693473e-02;4.763988e-03;6.591994e-02;8.539707e-03;8.447691e-02;5.515088e-03;6.556154e-02;5.597057e-03;5.202495e-02;3.649608e-03;5.139844e-02;1.552257e-03;4.062806e-02;3.939294e-03;3.879784e-02;2.583919e-03;2.740824e-02;1.438503e-03;2.364716e-02;1.771010e-03;1.798277e-02;-3.972224e-03;8.849794e-03;2.887380e-04;3.052791e+01;2.153320e+00;4.829213e+01;2.052832e+00;2.089768e+02;2.727539e+00;3.000489e+02;-4.364062e+00;2.672436e-02;2.797369e-03;1.039930e+02;1.213687e+00;1.915787e-01;-1.653326e-03;4.709004e+05;1.984892e+02;5.342227e-01;4.364787e-02;9.800073e+00;1.050968e+00;9.705970e-03;-8.187385e-04;6.202265e-02;1.506621e-03;4.033444e-02;3.725551e-03;1.235529e+00;1.281145e-03;1.738776e+00;-8.875746e-02;2.022403e+00;-3.086162e-01;1.685607e+00;-1.752679e-01;2.230667e+00;1.001935e-01;1.879392e+00;2.346035e-01;1.660483e+00;2.242755e-01;1.793919e+00;2.372022e-01;1.765503e+00;1.973222e-01;1.891202e+00;-8.743472e-02;2.144097e+00;-2.352508e-01;1.858848e+00;-1.248397e-01;1.809378e+00;2.459209e-03;1.433714e+00;2.773282e-02
42.000000;7.503986e+01;1.901981e+02;6.541983e-02;7.783534e-01;4.474391e-02;4.462557e-02;4.368385e-02;3.620899e-02;1.619592e-01;2.078487e-01;3.290552e+01;-8.611277e+00;5.748756e-01;1.060232e+00;4.392791e-01;1.080144e+00;2.590285e-02;2.676624e-02;2.598214e-02;7.487781e-02;9.606758e-02;1.573112e-01;1.057498e-01;2.590373e-01;1.493668e-01;3.904589e-01;2.302887e-01;5.770186e-01;2.282852e-01;6.577431e-01;4.991966e-01;8.491334e-01;7.251378e-01;1.035117e+00;6.694192e-01;1.093637e+00;8.901176e-01;1.245740e+00;5.968106e-01;1.167722e+00;6.454024e-01;1.216177e+00;7.173513e-01;1.311123e+00;7.640588e-01;1.421345e+00;7.142851e-01;1.447092e+00;7.501856e-01;1.479468e+00;7.442348e-01;1.494432e+00;7.320971e-01;1.557776e+00;7.667336e-01;1.571692e+00;5.022436e-01;1.501953e+00;4.351600e-01;1.497672e+00;4.474675e-01;1.446401e+00;4.065779e-01;1.302999e+00;3.234963e-01;1.112819e+00;2.524714e-01;9.301385e-01;1.566666e-01;7.546285e-01;1.160954e-01;6.051005e-01;1.447110e-01;8.483289e-02;9.302451e-02;6.295606e-02;1.089332e+02;5.467998e+02;1.518575e+02;7.308369e+02;6.039012e+02;1.198395e+03;1.276153e+03;2.286252e+03;2.080028e-01;2.525451e-01;3.943743e+02;1.166005e+03;8.271623e-01;4.457398e+00;1.873050e+06;2.382382e+06;2.005416e+00;5.581672e+00;3.829826e+01;5.690683e+01;1.071182e-01;-6.363301e-02;2.355078e-01;9.621803e-01;4.072791e-01;2.312031e-01;5.372002e+00;9.947477e+00;8.627179e+00;-9.151281e+00;6.041947e+00;-1.257258e+01;6.865571e+00;-2.373986e+01;7.988644e+00;-1.582728e+01;8.979744e+00;-1.273310e+01;9.584332e+00;-2.096551e+00;6.588091e+00;-3.933938e-01;7.791884e+00;-3.329101e+00;5.510125e+00;-1.253627e+01;7.109146e+00;-1.336101e+01;7.677908e+00;-1.165528e+01;6.068054e+00;-7.662225e+00;5.255588e+00;-7.198848e+00;3.341643e-04;-4.814603e-05;1.497048e-06;8.431487e-08;9.870539e-07;1.357571e-07;1.051091e-06;1.474628e-07;4.919663e-06;-1.036841e-07;9.247397e-04;3.335248e-06;9.738233e-02;2.628785e-03;7.981820e-02;3.551011e-03;4.600368e-03;5.137485e-05;4.948817e-03;-1.926178e-04;3.045947e-02;-3.235718e-04;3.407361e-02;-7.294221e-04;4.688839e-02;-1.325173e-03;6.226011e-02;4.147838e-03;5.886510e-02;2.541230e-03;1.082491e-01;3.013979e-03;1.571462e-01;3.264237e-04;1.296616e-01;-1.865651e-04;1.674824e-01;-1.074262e-03;1.294725e-01;-1.169104e-03;1.446379e-01;-5.984547e-04;1.746399e-01;2.081549e-03;1.946326e-01;4.781642e-03;1.638379e-01;2.393478e-02;1.515248e-01;1.660365e-02;1.402157e-01;7.069540e-03;1.317931e-01;1.077490e-02;1.246666e-01;6.554480e-03;1.169758e-01;5.056443e-03;9.113400e-02;1.958251e-03;9.736240e-02;2.012122e-03;7.460576e-02;2.426307e-03;6.084191e-02;6.072875e-04;4.798795e-02;1.782742e-03;3.157629e-02;3.786703e-04;2.538508e-02;1.681009e-03;3.724555e-02;6.551943e-05;1.836949e-02;4.661110e-04;3.550621e+01;2.727539e+00;5.184148e+01;5.483789e+00;2.037732e+02;1.050820e+01;3.466948e+02;5.799609e+00;5.627964e-02;6.009570e-04;1.126472e+02;4.921789e+00;2.362423e-01;2.076362e-03;5.258944e+05;-2.764015e+03;5.777069e-01;-7.493272e-03;1.099818e+01;-3.953670e-02;2.086412e-02;-6.711596e-05;6.741048e-02;3.201098e-03;8.140462e-02;4.039496e-04;1.533861e+00;-6.813626e-02;2.125707e+00;-1.759296e-01;2.211312e+00;-2.022807e-02;2.397385e+00;-1.103470e-02;2.466052e+00;-2.801169e-01;2.576885e+00;-1.243727e-01;2.261050e+00;1.651362e-01;2.223636e+00;1.170298e-01;2.230199e+00;-1.800989e-03;1.902677e+00;3.159310e-02;2.156785e+00;1.451372e-01;2.076494e+00;2.760889e-01;2.001750e+00;1.215565e-01;1.607895e+00;8.460107e-02
42.500000;6.150064e+01;1.917890e+02;6.876600e-02;8.026889e-01;4.926413e-02;3.355104e-02;3.554007e-02;2.467308e-02;1.462238e-01;1.577880e-01;2.801288e+01;-2.016758e+00;5.966560e-01;1.324150e+00;4.765350e-01;1.148705e+00;2.571796e-02;3.551994e-02;3.064974e-02;7.348828e-02;9.601597e-02;1.541318e-01;1.074541e-01;2.771637e-01;1.533207e-01;4.124132e-01;2.421931e-01;6.153628e-01;2.179625e-01;6.847827e-01;5.993562e-01;9.690627e-01;7.811999e-01;1.107713e+00;6.669282e-01;1.146007e+00;9.120129e-01;1.278150e+00;6.641701e-01;1.240225e+00;7.872747e-01;1.341087e+00;9.505847e-01;1.487789e+00;9.142774e-01;1.567728e+00;8.969159e-01;1.653066e+00;8.121952e-01;1.607027e+00;7.636564e-01;1.606556e+00;7.819415e-01;1.664391e+00;7.933090e-01;1.641418e+00;5.118598e-01;1.587745e+00;4.490468e-01;1.536629e+00;4.767335e-01;1.482337e+00;4.078847e-01;1.334854e+00;3.229968e-01;1.144197e+00;2.454287e-01;9.503397e-01;1.491330e-01;7.610831e-01;1.130592e-01;6.150684e-01;1.829653e-01;1.668997e-01;1.267854e-01;1.272990e-01;8.701013e+01;6.205869e+02;1.807613e+02;7.906992e+02;6.078878e+02;1.288834e+03;1.300873e+03;2.334199e+03;2.096637e-01;3.021154e-01;4.072227e+02;1.213423e+03;8.268260e-01;4.273878e+00;2.297953e+06;2.133507e+06;1.676461e+00;5.275183e+00;3.523225e+01;5.673727e+01;1.032250e-01;-8.712978e-02;2.505708e-01;1.005029e+00;3.913942e-01;3.267679e-01;5.500268e+00;8.867550e+00;9.158533e+00;-1.585728e+01;5.304477e+00;-1.564628e+01;6.160395e+00;-2.484558e+01;8.584030e+00;-1.868619e+01;1.044265e+01;-1.701916e+01;8.669396e+00;1.032321e+00;8.738515e+00;4.904183e+00;1.011843e+01;3.551737e-01;5.961772e+00;-1.139002e+01;7.660398e+00;-1.073267e+01;6.820089e+00;-7.615092e+00;4.885717e+00;-4.171836e+00;5.818310e+00;-4.829622e+00;2.414334e-04;6.561409e-05;1.567656e-06;-9.942926e-08;1.106044e-06;2.789598e-07;5.310553e-07;1.061626e-07;4.454922e-06;-5.835566e-08;8.859786e-04;-8.089522e-06;1.030238e-01;-9.862848e-03;7.690735e-02;-8.232265e-03;4.562134e-03;-4.915920e-04;4.175988e-03;7.944066e-04;3.016659e-02;-1.907895e-04;3.461120e-02;-5.258059e-04;4.909904e-02;-9.974471e-04;6.211199e-02;-2.911599e-03;5.927245e-02;-2.993262e-03;1.198383e-01;-8.690585e-03;1.486408e-01;-1.759480e-02;1.093086e-01;-1.286301e-02;1.667906e-01;-1.106366e-02;1.449353e-01;-7.138446e-03;1.513911e-01;-1.526304e-02;1.640493e-01;-2.198694e-02;1.836853e-01;-2.183263e-02;1.876034e-01;-9.645996e-03;1.432697e-01;-1.328627e-02;1.345984e-01;-1.072696e-02;1.504844e-01;-8.963070e-03;1.315810e-01;-1.049626e-02;1.182852e-01;-7.235760e-03;9.069692e-02;-7.679306e-03;1.022815e-01;-5.843577e-03;7.491350e-02;-3.692938e-03;6.092136e-02;-4.313087e-03;4.861465e-02;-4.435139e-03;3.450506e-02;-2.363242e-03;2.728694e-02;-1.305228e-03;5.009782e-02;-1.471430e-03;2.653512e-02;-1.206931e-03;3.315133e+01;-2.296875e-01;5.882916e+01;1.737012e+00;1.653986e+02;1.662363e+01;2.936401e+02;3.663515e+01;5.930031e-02;-3.573114e-03;9.027304e+01;1.160261e+01;1.875947e-01;2.609765e-02;4.531829e+05;6.883257e+04;4.210023e-01;-6.122379e-02;8.255471e+00;-1.341554e+00;2.066261e-02;1.694135e-03;5.535682e-02;7.273897e-03;7.789507e-02;-7.113063e-03;1.533627e+00;-8.148372e-02;1.966792e+00;1.168547e-01;1.855821e+00;6.783703e-02;2.119590e+00;8.138242e-02;2.518777e+00;5.652506e-02;2.538151e+00;1.026673e-01;2.289672e+00;4.938279e-02;2.623250e+00;-1.020828e-01;2.571019e+00;-1.552663e-01;2.037372e+00;8.015265e-02;2.447979e+00;1.872852e-01;2.138270e+00;2.335543e-01;1.720809e+00;2.673434e-02;1.898843e+00;2.969788e-02
43.000000;9.994324e+01;2.058356e+02;7.080153e-02;8.087516e-01;7.551007e-02;4.680924e-02;4.318543e-02;3.021492e-02;1.375861e-01;1.423041e-01;3.133738e+01;-5.730299e+00;5.972684e-01;1.262253e+00;4.183999e-01;1.170088e+00;2.318856e-02;3.090644e-02;3.609742e-02;8.239229e-02;5.937899e-02;1.450180e-01;1.160763e-01;3.099488e-01;2.141178e-01;4.933059e-01;2.469687e-01;6.013120e-01;4.052665e-01;7.710704e-01;4.703995e-01;9.596743e-01;8.784695e-01;1.172847e+00;5.670948e-01;1.070412e+00;5.361415e-01;1.172637e+00;5.000469e-01;1.244148e+00;6.627295e-01;1.396390e+00;8.888506e-01;1.551852e+00;9.193273e-01;1.596155e+00;8.010542e-01;1.563768e+00;6.839483e-01;1.575404e+00;5.491828e-01;1.601782e+00;5.138094e-01;1.636068e+00;5.267222e-01;1.645245e+00;5.812168e-01;1.674249e+00;6.169783e-01;1.662908e+00;6.959701e-01;1.604566e+00;5.287469e-01;1.405959e+00;3.890608e-01;1.184891e+00;2.839051e-01;9.711071e-01;1.912087e-01;7.829272e-01;1.476823e-01;6.286370e-01;1.782932e-01;1.450030e-01;1.467559e-01;1.301941e-01;1.179746e+02;6.134092e+02;2.717936e+02;8.217070e+02;7.686118e+02;1.523689e+03;1.403824e+03;2.756824e+03;1.691686e-01;2.393615e-01;4.934992e+02;1.343767e+03;9.736078e-01;4.509935e+00;2.486056e+06;2.584318e+06;1.406802e+00;4.496489e+00;2.717856e+01;4.256101e+01;7.859317e-02;-6.651262e-02;3.038615e-01;1.074028e+00;3.285079e-01;2.696680e-01;5.788691e+00;7.234333e+00;7.962314e+00;-1.606324e+01;6.928886e+00;-1.333130e+01;7.295679e+00;-2.253936e+01;1.044617e+01;-1.654015e+01;9.130405e+00;-1.894828e+01;7.560456e+00;-3.577629e+00;1.214130e+01;1.701106e+00;9.691978e+00;8.992299e-02;6.011649e+00;-7.870739e+00;1.114754e+01;-9.708068e+00;1.004425e+01;-9.239366e+00;5.941800e+00;-5.334466e+00;5.421469e+00;-6.371956e+00;1.017758e-03;2.245618e-04;1.457192e-06;3.269959e-08;1.854008e-06;2.712671e-08;8.543989e-07;-5.592376e-08;3.567164e-06;-7.560879e-08;8.962795e-04;8.712090e-06;8.466284e-02;1.127007e-02;6.159177e-02;2.500107e-03;3.139954e-03;4.826721e-04;4.757902e-03;-1.909801e-04;1.917280e-02;9.128662e-06;2.285321e-02;1.923348e-03;4.158295e-02;3.450198e-03;4.557441e-02;-3.756909e-03;8.483279e-02;-2.663390e-03;8.641349e-02;8.479329e-04;1.468759e-01;1.262521e-02;1.037469e-01;7.801574e-03;1.181338e-01;1.346014e-02;1.150603e-01;1.067211e-02;1.291467e-01;1.115772e-02;1.543824e-01;6.961715e-03;1.871730e-01;-7.461163e-04;1.638478e-01;-2.011706e-02;1.461578e-01;-8.884110e-03;1.171194e-01;-1.053989e-03;1.174293e-01;-3.355007e-03;1.072995e-01;-5.373828e-04;9.410460e-02;8.158930e-03;9.403546e-02;8.659263e-03;1.060186e-01;1.112792e-02;8.635797e-02;5.193315e-03;6.958209e-02;4.922801e-03;5.478087e-02;5.906946e-04;4.051574e-02;-1.271183e-04;2.901427e-02;-1.318130e-03;4.575117e-02;1.469263e-04;2.993791e-02;2.784368e-03;3.812923e+01;1.205859e+00;7.597784e+01;-4.091309e+00;1.875444e+02;-9.445898e+00;2.904878e+02;-1.052256e+01;4.376042e-02;4.379261e-04;1.006073e+02;-4.586564e+00;1.602436e-01;-1.122741e-02;5.476659e+05;-1.300583e+04;4.016340e-01;9.464198e-03;7.359821e+00;1.439332e-01;1.237065e-02;-1.922624e-03;6.379497e-02;-2.311988e-03;4.313938e-02;8.902822e-03;1.239031e+00;4.210618e-02;1.693634e+00;-3.912877e-02;1.669885e+00;-1.315125e-01;1.801994e+00;-1.528184e-01;2.540179e+00;4.762231e-01;2.311720e+00;1.940576e-01;2.132643e+00;1.620648e-03;2.903520e+00;-1.804604e-02;2.780296e+00;6.794517e-02;2.101672e+00;-5.598083e-03;2.663745e+00;-2.871476e-01;2.263574e+00;-4.480348e-01;1.857257e+00;-1.876297e-01;1.992207e+00;-1.474702e-01
43.500000;9.050660e+01;2.264960e+02;6.842431e-02;8.183063e-01;7.437002e-02;5.365746e-02;4.443684e-02;4.016279e-02;1.324703e-01;1.617624e-01;2.664490e+01;-1.576344e+00;6.957135e-01;1.391123e+00;4.578958e-01;1.154411e+00;2.690410e-02;3.574539e-02;3.308717e-02;7.393298e-02;5.174511e-02;1.425301e-01;1.149648e-01;3.239250e-01;2.109925e-01;5.297251e-01;2.315028e-01;6.077047e-01;4.193665e-01;8.060172e-01;3.779425e-01;8.578869e-01;9.185528e-01;1.177020e+00;7.317728e-01;1.148140e+00;7.003834e-01;1.276745e+00;5.833409e-01;1.298093e+00;6.130383e-01;1.377439e+00;7.327883e-01;1.450205e+00;8.850073e-01;1.518828e+00;6.484441e-01;1.415032e+00;6.946179e-01;1.511787e+00;6.578428e-01;1.556727e+00;5.303749e-01;1.574319e+00;5.877148e-01;1.640120e+00;6.587921e-01;1.646779e+00;7.074603e-01;1.616240e+00;8.021727e-01;1.579414e+00;6.133259e-01;1.397506e+00;4.652123e-01;1.199748e+00;3.313177e-01;9.714935e-01;2.250763e-01;7.721847e-01;1.697526e-01;6.190827e-01;1.229764e-01;8.281261e-02;2.074896e-01;1.786635e-01;1.510705e+02;5.824014e+02;2.993271e+02;8.208457e+02;6.600860e+02;1.364344e+03;1.279709e+03;2.458087e+03;1.802478e-01;2.664099e-01;4.535514e+02;1.238874e+03;9.573756e-01;4.471084e+00;1.973754e+06;2.071940e+06;2.246920e+00;5.056859e+00;4.945401e+01;5.348075e+01;1.005602e-01;-8.930678e-02;2.757930e-01;1.002795e+00;4.283864e-01;3.678764e-01;6.205911e+00;8.782546e+00;7.024790e+00;-1.526257e+01;7.683973e+00;-1.250694e+01;9.122605e+00;-2.210007e+01;9.553714e+00;-8.600511e+00;7.736642e+00;-1.410757e+01;8.655219e+00;-6.288298e+00;9.450361e+00;-6.722058e+00;8.723177e+00;-3.150888e+00;8.325454e+00;-1.160339e+01;1.322647e+01;-1.670305e+01;1.228350e+01;-1.630394e+01;6.913245e+00;-9.894976e+00;4.161252e+00;-9.448522e+00;1.028536e-03;2.117963e-04;1.320147e-06;1.440669e-07;1.902045e-06;-2.021448e-07;1.267618e-06;-1.489989e-07;3.409107e-06;-2.100322e-07;6.610445e-04;1.462517e-05;9.746718e-02;1.823360e-02;7.266708e-02;1.251433e-02;3.593087e-03;7.414509e-04;5.417890e-03;-7.981859e-04;1.694703e-02;4.379775e-04;2.329664e-02;1.025714e-03;4.317690e-02;3.769180e-03;4.830085e-02;4.449840e-03;9.399580e-02;5.598024e-03;7.173633e-02;7.474485e-03;1.545046e-01;1.500539e-02;1.389980e-01;2.300311e-02;1.397887e-01;1.804345e-02;1.147831e-01;2.049197e-02;1.110440e-01;1.707299e-02;1.243607e-01;1.415253e-02;1.823388e-01;2.068876e-02;1.445642e-01;2.415163e-02;1.569121e-01;2.015701e-02;1.487603e-01;2.231098e-02;1.117020e-01;1.295917e-02;1.262098e-01;1.175122e-02;1.132080e-01;1.533940e-02;1.174298e-01;1.703486e-02;1.300489e-01;1.908979e-02;1.039688e-01;1.222225e-02;8.532296e-02;8.641033e-03;6.295680e-02;5.850396e-03;4.870339e-02;2.979970e-03;3.420975e-02;1.671374e-03;3.103525e-02;1.080750e-03;4.007453e-02;6.879401e-03;3.951428e+01;1.378125e+00;7.931066e+01;-7.751953e-01;1.390802e+02;-1.396787e+01;2.903836e+02;-3.718066e+01;4.857687e-02;1.650486e-03;9.522703e+01;-1.067014e+01;1.785834e-01;-2.241523e-02;5.076506e+05;-7.295980e+04;7.023494e-01;3.091836e-02;1.639388e+01;5.629467e-01;1.490778e-02;-3.077227e-03;6.038691e-02;-6.620024e-03;6.033563e-02;1.371834e-02;1.429996e+00;7.106199e-02;1.603281e+00;-1.831001e-01;1.530640e+00;-7.278115e-02;1.964633e+00;-1.252334e-01;2.347617e+00;1.267949e-01;2.433226e+00;-4.446959e-02;2.383331e+00;2.947271e-02;2.447881e+00;-2.217166e-02;2.831920e+00;-1.216818e-01;2.175665e+00;-1.767954e-01;2.951584e+00;-1.259455e-01;2.696965e+00;-1.573627e-01;2.031155e+00;-7.330644e-02;1.699126e+00;-6.638359e-02
44.000000;6.789822e+01;2.545196e+02;5.922843e-02;8.558307e-01;4.803178e-02;3.289712e-02;4.359392e-02;3.501459e-02;1.226330e-01;1.497995e-01;1.664320e+01;6.411261e+00;6.132350e-01;1.797995e+00;3.721736e-01;1.129590e+00;2.710952e-02;5.532944e-02;2.106891e-02;5.517385e-02;4.573920e-02;1.420998e-01;8.180856e-02;2.746404e-01;1.306515e-01;4.377014e-01;1.415323e-01;5.734193e-01;2.488623e-01;7.048714e-01;2.827514e-01;8.045186e-01;5.038144e-01;9.936303e-01;6.851168e-01;1.233170e+00;6.149175e-01;1.198279e+00;5.989152e-01;1.275448e+00;5.399541e-01;1.236749e+00;5.402511e-01;1.323259e+00;6.426718e-01;1.467214e+00;6.728546e-01;1.562303e+00;5.900530e-01;1.512214e+00;6.858968e-01;1.625665e+00;5.281509e-01;1.593582e+00;5.742451e-01;1.674929e+00;6.009132e-01;1.635153e+00;6.097101e-01;1.572424e+00;6.470542e-01;1.548234e+00;4.841762e-01;1.373649e+00;3.944928e-01;1.197269e+00;2.873578e-01;9.912966e-01;1.926907e-01;7.861989e-01;1.397891e-01;6.314295e-01;3.671508e-02;5.857899e-02;2.052191e-01;2.904418e-01;1.560895e+02;6.645146e+02;2.031316e+02;7.997432e+02;3.117093e+02;1.115707e+03;8.862830e+02;1.818264e+03;1.562086e-01;3.523897e-01;2.556228e+02;1.072171e+03;9.536488e-01;3.763330e+00;1.345722e+06;1.055534e+06;2.243961e+00;6.016745e+00;5.296991e+01;7.516811e+01;1.234606e-01;-1.695915e-01;1.568913e-01;9.221491e-01;5.518395e-01;7.156636e-01;6.161538e+00;8.478487e+00;8.390486e+00;-2.133597e+01;6.479024e+00;-1.719326e+01;8.181040e+00;-2.450441e+01;6.889422e+00;-7.188319e+00;7.509505e+00;-9.519168e+00;1.446695e+01;3.595675e+00;1.051812e+01;-9.867471e-01;8.139208e+00;-4.839536e+00;9.993452e+00;-2.055830e+01;1.135708e+01;-2.374815e+01;1.180398e+01;-1.737321e+01;9.781746e+00;-6.846344e+00;1.076037e+01;-4.773540e+00;8.166566e-04;5.979691e-05;1.498496e-06;-2.394665e-08;1.302892e-06;-7.346671e-08;1.320151e-06;-1.444861e-08;2.802758e-06;-2.538023e-07;5.579137e-04;-3.872347e-06;1.165887e-01;-2.524785e-03;7.214038e-02;-4.533083e-03;4.970142e-03;-1.829267e-04;4.432823e-03;7.281432e-05;1.688841e-02;1.577932e-04;2.472279e-02;-2.107944e-03;3.457862e-02;-3.443549e-03;4.370022e-02;-1.404506e-03;6.853183e-02;1.641600e-03;6.907440e-02;2.503361e-04;1.049918e-01;-1.498885e-02;1.253401e-01;-8.417641e-03;1.240508e-01;-1.137836e-02;1.262599e-01;-6.050510e-03;1.132744e-01;-1.036222e-02;1.003845e-01;-8.772618e-03;1.370873e-01;-3.139019e-03;1.411514e-01;4.996120e-03;1.317870e-01;-3.472612e-03;1.626555e-01;-1.827320e-03;1.216014e-01;-2.466848e-03;1.294178e-01;-5.212814e-03;1.271384e-01;-1.042617e-02;1.250411e-01;-1.055683e-02;1.294149e-01;-1.201938e-02;1.089993e-01;-6.001526e-03;8.556698e-02;-8.361964e-04;6.314553e-02;-3.286164e-04;5.069462e-02;-9.222770e-04;3.789499e-02;-7.702127e-04;1.227968e-02;3.315071e-04;4.763724e-02;-9.929847e-06;3.408789e+01;1.062305e+00;5.986726e+01;1.277637e+00;8.038272e+01;6.345117e+00;2.202894e+02;6.546094e+00;5.554387e-02;2.043329e-04;6.856229e+01;2.581666e+00;2.021412e-01;4.444778e-03;3.384173e+05;2.364282e+03;6.903862e-01;-1.100497e-02;1.731613e+01;-1.382640e-01;2.421129e-02;1.010598e-03;4.309886e-02;1.524408e-03;1.056446e-01;-4.650173e-03;1.763046e+00;-8.412572e-02;1.696532e+00;-1.025540e-01;1.541586e+00;-4.128513e-02;1.951145e+00;6.810685e-02;2.050338e+00;-2.191385e-01;2.598195e+00;-4.194737e-02;3.128828e+00;2.242797e-01;2.186863e+00;1.178433e-02;2.551890e+00;8.773422e-02;2.775988e+00;7.222920e-02;3.240906e+00;3.409336e-01;2.394432e+00;4.667332e-01;2.472195e+00;1.626043e-01;2.050652e+00;3.453730e-03
44.500000;7.123023e+01;2.510011e+02;4.415011e-02;8.735816e-01;3.599148e-02;2.058175e-02;3.912683e-02;2.117518e-02;1.060386e-01;1.134815e-01;1.685037e+01;9.118386e+00;3.307111e-01;2.059047e+00;2.502566e-01;1.115780e+00;1.739958e-02;6.891287e-02;8.387230e-03;4.579743e-02;5.016251e-02;1.453127e-01;9.390556e-02;2.838161e-01;1.430787e-01;4.259486e-01;1.592561e-01;6.063198e-01;1.964574e-01;7.126948e-01;2.914466e-01;9.277264e-01;3.232283e-01;9.856272e-01;5.252733e-01;1.149101e+00;3.134269e-01;1.104053e+00;4.127555e-01;1.192076e+00;3.903416e-01;1.245476e+00;3.895950e-01;1.330392e+00;4.623311e-01;1.425621e+00;6.090687e-01;1.532389e+00;4.074624e-01;1.525615e+00;5.245754e-01;1.600452e+00;4.311287e-01;1.596097e+00;4.675390e-01;1.634750e+00;4.969931e-01;1.626910e+00;4.999205e-01;1.586905e+00;5.149838e-01;1.515039e+00;3.702406e-01;1.342434e+00;3.074447e-01;1.154657e+00;2.401327e-01;9.611329e-01;1.569113e-01;7.750527e-01;1.140306e-01;6.246945e-01;1.905571e-01;1.614569e-01;1.326883e-01;3.307786e-01;8.704388e+01;7.194961e+02;5.511453e+01;7.665820e+02;2.567379e+02;9.981357e+02;3.797910e+02;1.514502e+03;1.708713e-01;4.234033e-01;1.306255e+02;9.869224e+02;7.176989e-01;3.310189e+00;2.166629e+05;4.927877e+05;1.660915e+00;6.471783e+00;3.925958e+01;8.600924e+01;9.987435e-02;-2.261019e-01;7.658520e-02;8.834164e-01;4.495971e-01;9.460083e-01;5.500871e+00;7.673132e+00;4.329598e+00;-2.688543e+01;4.896726e+00;-2.053192e+01;5.903819e+00;-2.775827e+01;6.366361e+00;-1.173118e+01;6.147234e+00;-8.220435e+00;1.083394e+01;1.079147e+01;9.992086e+00;6.908968e+00;9.631363e+00;-1.190165e+00;1.300135e+01;-1.986099e+01;1.301246e+01;-2.181044e+01;1.114762e+01;-1.244587e+01;9.075086e+00;-4.190812e+00;1.055192e+01;-3.166212e+00;8.160749e-04;-3.873690e-05;1.493848e-06;-2.325274e-08;1.188988e-06;-7.314344e-08;1.344491e-06;-1.248021e-08;2.949129e-06;-2.712852e-07;5.599256e-04;1.853090e-06;9.610615e-02;-2.357610e-03;5.197740e-02;-8.632517e-03;4.571378e-03;5.890045e-05;1.632358e-03;1.801461e-05;1.930181e-02;-4.570316e-04;3.318865e-02;-8.650948e-04;4.812513e-02;-3.592062e-03;5.306266e-02;-3.420688e-03;6.250126e-02;-5.309282e-03;7.217630e-02;-4.200614e-03;6.318171e-02;-9.971476e-03;9.176791e-02;-1.325323e-02;7.130595e-02;-1.222740e-02;9.621852e-02;-1.961650e-02;1.015750e-01;-1.851141e-02;8.798333e-02;-9.186615e-03;1.000587e-01;-1.076114e-02;1.174293e-01;-1.487059e-02;9.751771e-02;-1.125221e-02;1.195685e-01;-1.805640e-02;1.058773e-01;-6.291236e-03;1.076754e-01;-7.465614e-03;1.091210e-01;-8.274357e-03;1.003960e-01;-1.188362e-02;1.035309e-01;-1.246224e-02;8.970287e-02;-9.722481e-03;7.208770e-02;-6.847738e-03;5.414298e-02;-3.900985e-03;4.150517e-02;-1.157553e-03;3.154757e-02;-8.879069e-04;5.060158e-02;1.009054e-03;4.086585e-02;-3.954983e-03;2.453778e+01;1.435547e-01;1.622867e+01;0;5.987865e+01;-2.009766e+00;7.229500e+01;-2.727539e+00;6.821334e-02;-1.027567e-04;2.540089e+01;-6.676610e-01;2.097518e-01;-5.788058e-03;4.732980e+04;-1.251561e+03;4.270215e-01;1.460148e-02;1.061181e+01;4.105631e-01;2.553235e-02;-4.336086e-04;1.623808e-02;-3.852228e-04;1.142187e-01;1.562767e-03;1.590473e+00;-6.194279e-02;1.547811e+00;-6.484266e-02;1.772202e+00;-6.477240e-03;1.793241e+00;-1.805391e-02;2.135445e+00;-1.776477e-01;2.471624e+00;6.083248e-02;3.332341e+00;2.155692e-01;3.013519e+00;3.202739e-01;2.174067e+00;1.596728e-01;3.095047e+00;-1.961381e-02;3.134739e+00;-5.711321e-02;2.036260e+00;1.086218e-01;2.473940e+00;7.199159e-02;2.316232e+00;-6.706826e-05
45.000000;2.122074e+01;2.143740e+02;4.032275e-02;8.534770e-01;5.363943e-02;3.408362e-02;4.698164e-02;3.058036e-02;1.518450e-01;1.427598e-01;4.892267e+00;1.106830e+01;6.371737e-01;1.810971e+00;2.280320e-01;9.458254e-01;2.793152e-02;5.835039e-02;1.393644e-02;5.021794e-02;5.351650e-02;1.334390e-01;9.421174e-02;2.982216e-01;1.616741e-01;4.462465e-01;2.019216e-01;5.857035e-01;3.052073e-01;7.081058e-01;3.653935e-01;8.371385e-01;3.664621e-01;8.707625e-01;3.237908e-01;8.653573e-01;3.229783e-01;9.557004e-01;3.240670e-01;9.939216e-01;4.114934e-01;1.101027e+00;3.558492e-01;1.076807e+00;3.866323e-01;1.111172e+00;4.218596e-01;1.161684e+00;3.664359e-01;1.238919e+00;3.249076e-01;1.239165e+00;3.456123e-01;1.308410e+00;3.141067e-01;1.312600e+00;3.821343e-01;1.373286e+00;4.186909e-01;1.387144e+00;3.648478e-01;1.272743e+00;2.707401e-01;1.162612e+00;2.620502e-01;1.014827e+00;2.054686e-01;8.554026e-01;1.409982e-01;7.073668e-01;1.055811e-01;5.736999e-01;2.009380e-01;2.235193e-01;1.754649e-01;2.676614e-01;8.845241e+01;6.972451e+02;6.245454e+01;7.687354e+02;1.889299e+02;9.366943e+02;6.139814e+02;1.626905e+03;2.089738e-01;3.738691e-01;1.655650e+02;9.982916e+02;6.385126e-01;3.617781e+00;9.687024e+05;8.606532e+05;1.870542e+00;6.546751e+00;4.473845e+01;8.256798e+01;1.269319e-01;-1.875088e-01;9.695710e-02;8.876253e-01;5.457185e-01;7.750008e-01;4.472913e+00;9.082132e+00;9.451697e+00;-2.229269e+01;5.956570e+00;-1.958864e+01;5.901623e+00;-2.859314e+01;5.830868e+00;-1.202900e+01;6.110642e+00;-7.325617e+00;1.077940e+01;8.980464e+00;1.269690e+01;6.946149e+00;9.757983e+00;-1.505149e+00;1.090254e+01;-1.696659e+01;1.038454e+01;-1.679804e+01;7.749281e+00;-1.216103e+01;7.060597e+00;-8.834831e+00;5.813913e+00;-8.164971e+00;3.182859e-04;-2.015861e-05;1.135887e-06;-2.664621e-08;1.790530e-06;5.068510e-08;1.589870e-06;9.417249e-08;4.097075e-06;4.079684e-08;1.285388e-04;-4.099810e-06;9.449175e-02;-5.923276e-03;4.356512e-02;1.639731e-03;4.142015e-03;4.387108e-05;2.751064e-03;-2.960444e-04;2.087800e-02;9.561400e-05;3.225669e-02;2.889499e-03;5.138518e-02;4.951045e-03;5.831779e-02;3.837493e-03;8.428648e-02;3.973355e-03;7.760888e-02;4.927056e-03;7.297618e-02;1.590660e-02;6.348608e-02;1.867036e-03;6.339318e-02;4.648944e-03;7.304000e-02;2.324888e-03;1.066465e-01;3.430082e-03;7.350586e-02;3.465554e-03;6.681306e-02;-5.464193e-05;6.920936e-02;-6.016267e-03;6.623267e-02;-1.143687e-03;6.123427e-02;-2.703056e-04;7.850078e-02;-1.313092e-03;7.402387e-02;3.565715e-03;7.455787e-02;2.703293e-04;7.114527e-02;-3.854738e-04;7.147885e-02;-1.784826e-03;5.470160e-02;-1.066326e-03;5.696074e-02;-3.908034e-03;4.379705e-02;6.895646e-07;3.147497e-02;1.604456e-03;2.379617e-02;8.173363e-04;5.576286e-02;1.417064e-04;3.879452e-02;-2.631972e-03;2.228006e+01;-1.492969e+00;1.602612e+01;-1.421191e+00;5.235166e+01;-9.460254e+00;1.758457e+02;-1.326445e+01;6.865863e-02;1.104015e-03;4.245855e+01;-5.383471e+00;1.862240e-01;-1.552170e-02;2.199866e+05;-6.340297e+03;4.944920e-01;1.054654e-01;1.241190e+01;2.646144e+00;2.083757e-02;-3.175715e-04;2.534688e-02;-3.216912e-03;9.482186e-02;8.963467e-05;1.281810e+00;1.744268e-01;1.218778e+00;2.550475e-01;1.832788e+00;1.324522e-02;1.797509e+00;-3.005129e-02;2.034508e+00;-2.974401e-02;2.240118e+00;1.360172e-01;2.730674e+00;-2.216652e-01;2.999698e+00;-3.027446e-02;2.379391e+00;-5.462546e-02;2.799670e+00;-9.573597e-02;2.667583e+00;-2.387653e-01;1.823009e+00;-3.787120e-01;1.879639e+00;-2.474246e-01;1.855098e+00;-6.107680e-02
45.500000;6.377452e+01;2.700804e+02;4.394766e-02;8.675899e-01;5.060013e-02;3.066959e-02;4.760961e-02;2.934275e-02;1.460735e-01;1.388052e-01;5.110058e+00;1.125039e+01;6.124940e-01;1.770131e+00;2.768610e-01;1.058102e+00;2.940623e-02;6.475712e-02;1.597540e-02;4.390652e-02;6.023322e-02;1.410491e-01;9.697756e-02;2.859791e-01;1.427725e-01;4.522666e-01;1.810416e-01;5.943599e-01;3.093415e-01;6.870961e-01;3.404377e-01;8.705866e-01;4.853505e-01;1.046938e+00;3.047914e-01;9.439666e-01;3.892811e-01;1.086010e+00;4.218515e-01;1.154896e+00;4.389847e-01;1.223620e+00;4.321567e-01;1.235041e+00;5.003922e-01;1.359633e+00;4.580689e-01;1.329479e+00;4.808536e-01;1.391733e+00;4.687126e-01;1.447984e+00;4.305795e-01;1.475724e+00;3.808980e-01;1.486258e+00;4.046773e-01;1.505629e+00;4.671539e-01;1.574171e+00;4.326541e-01;1.488656e+00;3.203879e-01;1.317150e+00;2.715730e-01;1.123029e+00;2.042112e-01;9.264476e-01;1.441420e-01;7.542641e-01;1.093481e-01;6.086974e-01;1.323797e-01;1.839903e-01;1.760629e-01;2.431794e-01;7.295898e+01;6.748506e+02;6.911812e+01;7.308369e+02;1.622675e+02;8.255830e+02;6.881752e+02;1.358602e+03;1.739416e-01;3.479263e-01;1.880757e+02;9.138359e+02;8.277358e-01;3.155242e+00;1.004702e+06;7.661769e+05;3.025941e+00;8.308809e+00;9.557696e+01;1.332852e+02;1.333842e-01;-2.284133e-01;1.109382e-01;8.362754e-01;5.609461e-01;9.302477e-01;4.329656e+00;1.044104e+01;8.999472e+00;-2.002517e+01;6.362091e+00;-2.115013e+01;6.897187e+00;-3.140551e+01;6.044742e+00;-1.135989e+01;6.238807e+00;-7.852514e+00;9.210646e+00;8.687085e+00;1.095306e+01;6.329724e+00;8.656104e+00;-2.414315e+00;9.804913e+00;-1.252754e+01;8.059612e+00;-1.783936e+01;7.823047e+00;-1.884582e+01;7.322788e+00;-1.369307e+01;5.873531e+00;-1.015076e+01;4.573619e-04;1.286221e-04;8.226782e-07;1.746916e-08;1.565467e-06;8.568262e-10;1.452934e-06;2.244265e-09;3.707107e-06;7.866271e-08;1.126263e-04;-2.964112e-06;9.259987e-02;-3.829175e-04;4.489895e-02;-1.146633e-04;4.113246e-03;-2.863730e-05;2.359560e-03;-5.605946e-05;2.338669e-02;3.400445e-04;2.978534e-02;1.106507e-03;3.728577e-02;1.428876e-03;5.188688e-02;7.132748e-04;8.769114e-02;1.738359e-03;6.293831e-02;-6.569088e-04;7.234612e-02;-4.888024e-04;4.446203e-02;-5.128870e-03;7.471544e-02;-3.384219e-03;9.585748e-02;2.343076e-03;1.055553e-01;5.081343e-03;7.200656e-02;5.329686e-04;6.459398e-02;-3.196537e-04;8.635562e-02;-1.384888e-03;9.037713e-02;-4.098868e-03;8.283036e-02;-9.037178e-04;8.955096e-02;8.245308e-04;7.298137e-02;1.335397e-03;7.042319e-02;-2.322047e-03;8.540817e-02;1.769303e-07;8.603638e-02;-1.273998e-03;6.758705e-02;1.689272e-03;5.805780e-02;1.683945e-03;4.376779e-02;1.423028e-04;3.193853e-02;-1.280523e-03;2.383941e-02;-6.988093e-04;3.203526e-02;-1.175858e-03;4.165759e-02;2.587687e-04;1.715629e+01;-1.220215e+00;9.329950e+00;-8.613281e-01;3.957739e+01;-1.234570e+00;1.745282e+02;1.866211e-01;5.526612e-02;3.713104e-04;3.964047e+01;-7.590055e-01;1.515706e-01;-2.663484e-03;2.182941e+05;6.313737e+02;6.355298e-01;-1.662274e-03;2.248868e+01;-1.301190e-01;2.259229e-02;1.963837e-04;2.374399e-02;-5.885340e-04;9.451600e-02;-6.503682e-04;1.365773e+00;5.518188e-02;1.324226e+00;9.856690e-02;1.729691e+00;3.390547e-02;1.862730e+00;2.256211e-02;1.897471e+00;1.631006e-01;2.281885e+00;-5.780280e-02;2.215683e+00;-1.279527e-01;2.369882e+00;-1.808455e-01;3.032207e+00;8.414584e-02;2.514369e+00;1.683267e-01;2.407908e+00;-5.791891e-02;1.760506e+00;-1.079110e-01;1.657863e+00;-9.039328e-02;1.758382e+00;-5.034894e-02
46.000000;9.133549e+00;3.353123e+02;2.148717e-02;8.984729e-01;1.565965e-02;1.034159e-02;2.962956e-02;1.111565e-02;7.331439e-02;9.638394e-02;3.230920e+00;1.403691e+01;3.048519e-01;2.015577e+00;1.830860e-01;1.099349e+00;1.358181e-02;8.037131e-02;6.394608e-03;3.547619e-02;6.220761e-02;1.454972e-01;1.024383e-01;2.713436e-01;1.180417e-01;4.059911e-01;1.337691e-01;5.764822e-01;1.867977e-01;6.563372e-01;2.446520e-01;8.994414e-01;3.834881e-01;1.078512e+00;1.574038e-01;9.970098e-01;2.817064e-01;1.109487e+00;3.119874e-01;1.201473e+00;3.034443e-01;1.254003e+00;3.120629e-01;1.337627e+00;4.034394e-01;1.456649e+00;2.975274e-01;1.451556e+00;3.262818e-01;1.492904e+00;3.626607e-01;1.528296e+00;3.213578e-01;1.588879e+00;2.858284e-01;1.598931e+00;3.200865e-01;1.594884e+00;3.575071e-01;1.588380e+00;3.718860e-01;1.512744e+00;2.708851e-01;1.356244e+00;1.835166e-01;1.153762e+00;1.251814e-01;9.472815e-01;9.177175e-02;7.646825e-01;7.285019e-02;6.146747e-01;1.115431e-01;1.778973e-01;1.254614e-01;2.949702e-01;1.574920e+01;6.543223e+02;5.738795e+01;6.915029e+02;8.016010e+01;7.301191e+02;2.253717e+02;1.069626e+03;1.586746e-01;3.921753e-01;7.302412e+01;8.197617e+02;3.548819e-01;2.557724e+00;1.788772e+05;3.246007e+05;2.722435e+00;8.829059e+00;8.988702e+01;1.483021e+02;8.104420e-02;-3.024605e-01;4.786115e-02;7.812470e-01;3.249400e-01;1.211140e+00;4.254244e+00;9.700260e+00;5.030422e+00;-2.452760e+01;4.915551e+00;-2.472491e+01;5.377958e+00;-3.525941e+01;8.924188e+00;-8.874265e+00;6.122103e+00;-9.874473e+00;6.094710e+00;9.573109e+00;1.036973e+01;1.243338e+01;8.782150e+00;5.651130e+00;7.114806e+00;-8.209693e+00;6.245728e+00;-1.987250e+01;8.171126e+00;-1.913056e+01;5.513430e+00;-1.622781e+01;4.992173e+00;-1.172777e+01;4.224365e-04;8.489910e-05;7.457480e-07;-1.483841e-08;4.143254e-07;-3.708007e-08;8.277898e-07;-8.192381e-08;2.696092e-06;3.754316e-08;1.285801e-04;-6.802683e-06;6.556998e-02;-3.806897e-03;3.108192e-02;-5.775420e-03;3.969711e-03;-3.431516e-04;1.375738e-03;3.597884e-04;2.356389e-02;-2.830637e-04;3.396402e-02;-2.793309e-03;2.783928e-02;-4.946416e-03;3.713586e-02;-4.290536e-03;6.673843e-02;-6.418752e-03;4.751282e-02;-1.262917e-02;4.162658e-02;-1.795243e-02;3.384100e-02;-5.784754e-03;6.563491e-02;-4.978735e-03;8.286284e-02;-3.840380e-03;6.461585e-02;-6.074843e-03;5.947178e-02;-5.158054e-03;5.528912e-02;-6.564721e-03;8.913795e-02;-5.886787e-03;8.754703e-02;-4.953297e-03;8.888812e-02;-6.821086e-03;9.661261e-02;-7.907205e-03;6.303004e-02;-8.179375e-03;7.400236e-02;-6.380390e-03;7.559121e-02;-6.796893e-03;7.530313e-02;-5.520297e-03;6.327122e-02;-5.737262e-03;4.787057e-02;-4.220531e-03;3.843084e-02;-2.606817e-03;2.630595e-02;-2.144370e-03;1.784987e-02;-1.291423e-03;4.219149e-02;-1.016175e-03;3.122155e-02;1.766310e-04;9.080058e+00;1.693945e+00;1.605424e+01;3.517090e+00;2.612924e+01;4.464551e+00;5.865626e+01;8.570215e+00;6.405947e-02;-1.795545e-03;2.187108e+01;5.115661e+00;1.332122e-01;1.416865e-02;5.060369e+04;1.104760e+04;6.293637e-01;-7.636826e-02;2.336800e+01;-2.304612e+00;2.628871e-02;1.216615e-03;1.424515e-02;3.360294e-03;1.030331e-01;-4.311577e-03;1.351300e+00;-1.285793e-01;1.390438e+00;-1.542593e-01;1.908648e+00;-4.463575e-02;2.038546e+00;1.443054e-01;2.322159e+00;2.056619e-01;2.113134e+00;7.589884e-02;2.098041e+00;3.878532e-02;2.452985e+00;-2.013891e-02;3.107584e+00;-9.761133e-04;2.255428e+00;1.135644e-01;1.955678e+00;2.057417e-01;1.992409e+00;2.170565e-01;1.391441e+00;1.959460e-01;1.372259e+00;1.180051e-01
46.500000;1.567389e+02;2.191434e+02;1.140460e-01;8.018131e-01;9.242043e-03;5.384021e-03;6.964112e-03;4.404285e-03;1.013038e-01;7.441863e-02;5.010844e+01;-2.486718e+01;7.212597e-01;1.399829e+00;1.539876e-01;8.696945e-01;3.606382e-02;4.691011e-02;5.921299e-02;8.250441e-02;7.279689e-02;1.387132e-01;1.294655e-01;2.728471e-01;1.377467e-01;3.807348e-01;1.022216e-01;4.765576e-01;1.659976e-01;6.129037e-01;2.092860e-01;5.991837e-01;2.472438e-01;6.483275e-01;2.390152e-01;7.477476e-01;2.253753e-01;7.942455e-01;2.559970e-01;8.658813e-01;1.974056e-01;9.029690e-01;2.149531e-01;9.740705e-01;3.225476e-01;1.015966e+00;2.919591e-01;1.138210e+00;2.364020e-01;1.165520e+00;2.233945e-01;1.203882e+00;2.857740e-01;1.268700e+00;2.760155e-01;1.309713e+00;3.187030e-01;1.351903e+00;2.972444e-01;1.297602e+00;2.772324e-01;1.217837e+00;2.388309e-01;1.127927e+00;1.522174e-01;9.804240e-01;1.254420e-01;8.420300e-01;9.328235e-02;7.040359e-01;7.525936e-02;5.741245e-01;1.243594e-01;9.436940e-02;1.715503e-01;1.719729e-01;2.214950e+02;7.548105e+02;6.129754e+02;1.073502e+03;1.302639e+03;1.606521e+03;2.131098e+03;2.657341e+03;1.981448e-01;2.875359e-01;8.735212e+02;1.450341e+03;1.715235e+00;3.984034e+00;3.212954e+06;2683971;2.811899e+00;5.771996e+00;6.056001e+01;6.963251e+01;1.622510e-01;-1.607878e-01;5.217099e-01;1.152606e+00;6.541005e-01;6.341806e-01;5.758275e+00;4.799246e+00;9.228596e+00;-1.848844e+01;1.032134e+01;-1.773117e+01;1.263606e+01;-2.593785e+01;8.413785e+00;-4.874012e+00;8.151629e+00;-5.184908e+00;7.982457e+00;6.731455e+00;1.246433e+01;9.694882e+00;9.200198e+00;2.927478e+00;4.901479e+00;-8.302588e+00;8.295072e+00;-1.305658e+01;7.453669e+00;-1.085985e+01;5.830231e+00;-1.130422e+01;5.854042e+00;-8.058251e+00;1.326091e-04;1.870126e-05;1.710739e-06;-4.535950e-08;1.346167e-07;7.894769e-09;1.270846e-07;4.467118e-09;2.764511e-06;-6.107047e-08;9.325191e-04;-1.173359e-05;6.535520e-02;-1.305435e-02;3.334824e-02;-4.652103e-04;3.764610e-03;-6.059223e-04;8.355674e-03;2.186949e-04;2.789132e-02;-4.488607e-05;5.052688e-02;-1.439759e-04;5.351202e-02;1.278631e-03;3.795016e-02;2.054576e-03;7.727695e-02;6.690654e-03;6.496659e-02;5.287222e-03;6.658804e-02;3.949990e-03;6.967631e-02;2.901554e-03;6.183922e-02;1.619718e-03;6.469952e-02;-1.125256e-03;5.308495e-02;1.402824e-04;5.572769e-02;-3.836592e-04;4.113357e-02;-5.442675e-03;6.091954e-02;-4.648104e-03;5.611723e-02;-2.399186e-03;7.310829e-02;-1.136579e-03;8.265691e-02;-3.839946e-03;5.334868e-02;-2.882715e-03;7.166787e-02;-2.481572e-03;5.473677e-02;-3.807754e-03;4.600832e-02;-3.674179e-03;4.716577e-02;-3.044347e-03;3.801219e-02;-2.649290e-03;3.413585e-02;-3.898698e-04;2.421687e-02;1.303650e-03;1.819118e-02;7.722545e-04;4.040682e-02;1.728017e-04;1.458294e-02;-3.099606e-03;7.257804e+01;-3.588867e-01;1.332873e+02;2.067188e+00;2.437775e+02;8.685059e+00;3.841537e+02;1.167100e+01;6.932948e-02;-5.679193e-05;1.680174e+02;5.001207e+00;2.698554e-01;1.639020e-02;5.607566e+05;2.884438e+04;6.775586e-01;2.640729e-03;1.580633e+01;8.586447e-02;2.039866e-02;2.945889e-03;1.037414e-01;2.925618e-03;7.704182e-02;-1.319890e-02;1.866858e+00;1.164964e-02;1.689404e+00;2.015283e-01;2.440268e+00;2.358094e-02;2.666693e+00;8.086962e-02;2.790625e+00;-1.619848e-01;2.166568e+00;3.404824e-02;1.869004e+00;-1.725761e-01;2.443524e+00;-9.729741e-02;2.315452e+00;-7.712745e-02;1.711832e+00;-1.256601e-03;2.239081e+00;1.561319e-01;2.229386e+00;1.046759e-01;1.505537e+00;5.975731e-02;1.195160e+00;9.658620e-02
47.000000;1.490643e+02;2.076989e+02;1.083082e-01;7.925700e-01;1.661161e-02;1.071602e-02;1.317594e-02;9.062036e-03;9.128310e-02;7.898995e-02;4.876371e+01;-2.673147e+01;7.090651e-01;1.399764e+00;4.927633e-01;1.125767e+00;3.137618e-02;4.302870e-02;5.629568e-02;8.656336e-02;6.894137e-02;1.464864e-01;1.305352e-01;3.031980e-01;1.980069e-01;4.784964e-01;2.307877e-01;6.173414e-01;4.813431e-01;7.654161e-01;8.484532e-01;1.037811e+00;7.107950e-01;1.072997e+00;1.221064e+00;1.235516e+00;1.140931e+00;1.314552e+00;1.136111e+00;1.325759e+00;1.047559e+00;1.378820e+00;6.660933e-01;1.354363e+00;8.269601e-01;1.420844e+00;6.994427e-01;1.461506e+00;7.388279e-01;1.507809e+00;7.018879e-01;1.515786e+00;5.964296e-01;1.518600e+00;6.028708e-01;1.543458e+00;5.100277e-01;1.566526e+00;4.980522e-01;1.534490e+00;4.538401e-01;1.448716e+00;3.817055e-01;1.289358e+00;3.213852e-01;1.119374e+00;2.280077e-01;9.384798e-01;1.281266e-01;7.622573e-01;9.276602e-02;6.119671e-01;1.515642e-01;1.412367e-01;2.512587e-01;2.143673e-01;2.198195e+02;7.806504e+02;5.860628e+02;1.133077e+03;1.228918e+03;1.733279e+03;2.109398e+03;2.694091e+03;2.463104e-01;3.603081e-01;8.417983e+02;1.502296e+03;1.555323e+00;4.266218e+00;3.192209e+06;2.711842e+06;3.189063e+00;5.987411e+00;7.435335e+01;7.978677e+01;1.260589e-01;-1.285026e-01;5.013300e-01;1.186540e+00;5.243757e-01;5.068874e-01;5.454467e+00;4.671936e+00;1.002611e+01;-1.875038e+01;1.069774e+01;-1.849195e+01;1.153045e+01;-2.439046e+01;8.263284e+00;-7.567291e+00;9.211959e+00;-5.259831e+00;6.880922e+00;4.996519e+00;1.284004e+01;3.396297e+00;8.581123e+00;-1.835594e+00;6.681592e+00;-9.272282e+00;8.672774e+00;-9.539968e+00;9.019227e+00;-1.157147e+01;8.039783e+00;-1.064512e+01;5.562238e+00;-5.912498e+00;1.691284e-04;9.286566e-05;1.790475e-06;1.832963e-09;3.937476e-07;-3.967327e-08;3.187554e-07;-2.259320e-08;2.056394e-06;-1.457662e-07;9.316228e-04;7.334218e-06;9.187633e-02;1.660997e-03;7.417541e-02;1.669872e-03;4.667917e-03;1.530440e-04;8.738633e-03;2.009322e-04;2.579107e-02;6.413377e-04;5.062510e-02;1.002341e-03;6.091074e-02;1.589000e-05;4.527730e-02;1.207389e-03;1.448006e-01;4.619004e-04;1.464557e-01;2.107054e-03;1.342248e-01;4.711670e-03;2.933407e-01;5.001230e-03;2.183775e-01;-2.465185e-03;1.793476e-01;-7.156182e-04;1.738308e-01;6.105035e-03;1.300153e-01;7.546817e-03;1.767857e-01;2.333611e-03;1.149212e-01;8.175897e-04;1.169499e-01;1.817805e-03;1.333553e-01;2.384223e-03;1.072151e-01;3.429222e-03;1.015747e-01;1.816230e-03;1.012159e-01;1.182029e-03;8.752460e-02;1.345316e-03;6.786103e-02;5.502087e-04;5.622969e-02;1.839688e-03;4.824403e-02;8.383107e-04;4.052438e-02;-4.955217e-04;2.218587e-02;-1.212656e-04;2.018117e-02;5.934787e-05;2.984564e-02;8.777096e-05;5.151865e-02;4.322418e-04;7.422210e+01;-1.033594e+00;1.385080e+02;3.158203e-01;2.552970e+02;6.747071e-01;4.011070e+02;-1.909277e+00;6.627838e-02;2.706741e-03;1.749170e+02;-7.021133e-01;3.009186e-01;-5.032047e-03;597899;-2.141053e+03;8.361735e-01;1.406406e-02;2.090199e+01;4.913145e-01;2.267337e-02;-5.725397e-04;1.076938e-01;-4.593285e-04;9.918642e-02;2.588189e-03;1.806298e+00;2.055888e-02;1.989660e+00;8.966056e-03;2.228253e+00;-3.400153e-02;2.598569e+00;-9.112006e-03;2.760074e+00;-3.107249e-02;2.210498e+00;-2.730362e-02;2.030210e+00;-2.184774e-02;2.893393e+00;5.035270e-02;2.311891e+00;1.731828e-01;2.063885e+00;8.573257e-02;2.711355e+00;-1.496659e-01;2.364238e+00;-1.812928e-01;2.427790e+00;3.059606e-03;1.625927e+00;1.757948e-01
47.500000;3.726796e+01;3.163473e+02;5.661563e-02;8.495771e-01;4.496907e-02;3.465514e-02;5.949753e-02;3.721919e-02;9.807985e-02;1.617642e-01;5.764695e+00;7.837508e+00;5.649235e-01;1.611909e+00;4.760274e-01;1.197571e+00;2.675627e-02;4.950178e-02;3.046189e-02;6.326279e-02;9.915202e-02;1.515123e-01;1.394366e-01;3.237115e-01;2.064875e-01;5.177415e-01;2.379163e-01;6.551836e-01;4.913003e-01;8.399817e-01;8.113196e-01;1.128654e+00;6.328256e-01;1.206379e+00;1.175450e+00;1.373100e+00;1.119237e+00;1.389688e+00;1.106112e+00;1.427942e+00;1.057823e+00;1.501439e+00;7.111481e-01;1.491073e+00;8.520203e-01;1.599654e+00;7.206107e-01;1.594813e+00;7.412871e-01;1.602045e+00;7.109765e-01;1.613314e+00;5.666747e-01;1.619200e+00;6.449469e-01;1.672817e+00;5.367177e-01;1.620879e+00;4.996070e-01;1.560567e+00;4.621101e-01;1.461116e+00;3.986964e-01;1.319420e+00;3.275154e-01;1.153446e+00;2.325141e-01;9.476324e-01;1.341574e-01;7.565286e-01;9.987665e-02;6.090036e-01;1.465054e-01;1.482386e-01;2.382091e-01;2.639680e-01;1.181566e+02;7.016953e+02;2.799445e+02;9.105674e+02;6.730791e+02;1.308214e+03;1.110679e+03;1.882863e+03;2.291071e-01;4.089701e-01;4.388996e+02;1.178373e+03;1.004154e+00;3.734332e+00;1.639342e+06;1.304066e+06;2.717652e+00;6.505456e+00;7.160166e+01;9.117245e+01;1.163833e-01;-1.429452e-01;2.594067e-01;9.905024e-01;4.877845e-01;5.635363e-01;6.180658e+00;6.438068e+00;8.132297e+00;-2.295084e+01;8.019445e+00;-2.049010e+01;8.410770e+00;-2.636599e+01;8.620341e+00;-1.164410e+01;8.809469e+00;-1.040205e+01;8.046465e+00;3.705498e+00;1.199034e+01;5.010471e+00;9.004742e+00;1.381223e+00;9.593683e+00;-1.486702e+01;1.184818e+01;-1.589761e+01;1.068693e+01;-1.561034e+01;8.480901e+00;-1.426926e+01;6.968083e+00;-6.471529e+00;1.020440e-03;2.850596e-05;1.340826e-06;-1.750552e-08;1.276533e-06;6.918695e-09;1.610914e-06;2.120960e-08;3.065780e-06;-2.094225e-08;1.262779e-04;5.282515e-08;9.827111e-02;2.434167e-03;7.900534e-02;1.377396e-03;4.850897e-03;-8.737302e-05;5.730474e-03;5.377929e-04;2.819515e-02;-5.416654e-04;3.806887e-02;-1.618395e-03;4.543775e-02;-2.954953e-03;5.063187e-02;-2.274100e-03;1.391097e-01;-6.604615e-03;1.461935e-01;9.548062e-04;1.289121e-01;-6.962976e-03;2.916714e-01;-7.229146e-03;2.222783e-01;-1.874848e-03;1.858692e-01;2.344502e-03;1.988633e-01;1.019958e-03;1.614766e-01;-2.030502e-03;2.101398e-01;3.483576e-03;1.537884e-01;9.480761e-03;1.384593e-01;9.544662e-03;1.449016e-01;8.475315e-03;1.145453e-01;5.017180e-03;1.205431e-01;4.763264e-03;1.135010e-01;7.319197e-03;9.132338e-02;6.479355e-03;7.278895e-02;4.118322e-03;6.880110e-02;1.326271e-03;5.904961e-02;1.747805e-03;4.804439e-02;4.588277e-04;2.477065e-02;3.252560e-04;2.360678e-02;1.044452e-03;2.771559e-02;-8.111699e-04;5.563848e-02;3.205181e-04;3.892227e+01;-1.722656e-01;7.785777e+01;3.273047e+00;1.727290e+02;6.617871e+00;2.807195e+02;1.200117e+01;6.758080e-02;-1.293287e-03;1.069308e+02;3.876196e+00;2.370199e-01;1.375480e-02;4.586059e+05;-6.346189e+03;7.571432e-01;-4.537892e-02;2.114976e+01;-8.869699e-01;2.323490e-02;2.769060e-04;6.561854e-02;1.836206e-03;1.034258e-01;-1.150517e-03;1.671687e+00;-1.307687e-01;2.022839e+00;-2.164448e-01;1.801043e+00;6.636710e-02;2.058279e+00;3.546534e-02;2.396619e+00;-5.107550e-02;2.155459e+00;-8.281560e-02;2.503951e+00;-1.463478e-02;2.712386e+00;4.847909e-02;2.446242e+00;-2.391265e-02;2.574599e+00;3.638088e-02;3.199472e+00;7.664094e-02;3.210423e+00;-8.097894e-02;2.660346e+00;-1.390911e-01;2.249965e+00;-7.666636e-02
48.000000;9.843941e+01;3.129322e+02;6.599250e-02;8.090969e-01;5.687658e-02;5.752612e-02;6.847319e-02;5.719529e-02;1.174355e-01;2.006152e-01;1.208576e+01;2.187677e+00;4.771871e-01;1.178052e+00;3.853329e-01;1.027331e+00;1.992510e-02;2.758662e-02;3.777445e-02;8.667801e-02;1.046254e-01;1.452460e-01;1.604790e-01;3.259953e-01;2.477789e-01;4.978593e-01;2.691028e-01;5.821773e-01;5.021151e-01;8.545858e-01;3.765714e-01;7.918216e-01;4.711378e-01;8.228549e-01;7.967538e-01;1.045969e+00;1.157196e+00;1.253741e+00;9.376346e-01;1.273678e+00;6.096752e-01;1.171105e+00;6.560019e-01;1.223420e+00;7.611350e-01;1.322189e+00;7.481481e-01;1.338918e+00;5.588915e-01;1.318426e+00;4.977930e-01;1.396975e+00;4.642980e-01;1.417506e+00;5.129873e-01;1.472056e+00;4.141073e-01;1.428814e+00;3.573142e-01;1.377354e+00;3.087436e-01;1.294517e+00;2.751593e-01;1.181554e+00;2.108328e-01;1.030488e+00;1.483629e-01;8.620309e-01;9.910354e-02;7.056363e-01;8.957723e-02;5.756966e-01;5.463115e-02;4.370120e-02;2.426812e-01;1.728979e-01;1.262037e+02;6.826025e+02;4.105918e+02;1.038331e+03;9.920892e+02;1.783093e+03;1.637307e+03;2.843388e+03;1.808721e-01;2.632367e-01;6.314829e+02;1.491940e+03;1.076429e+00;4.532728e+00;2.743835e+06;2.697076e+06;2.357887e+00;5.169523e+00;5.698030e+01;6.234201e+01;6.443356e-02;-5.217814e-02;3.779150e-01;1.168311e+00;2.713033e-01;2.022312e-01;8.117922e+00;5.336936e+00;8.089295e+00;-1.841151e+01;6.643173e+00;-1.528341e+01;5.457687e+00;-2.156259e+01;7.495274e+00;-1.172729e+01;7.628018e+00;-1.035972e+01;8.245652e+00;-2.261806e+00;9.200144e+00;1.490809e-01;8.775164e+00;-1.026084e+00;1.085873e+01;-1.544282e+01;1.104483e+01;-1.571188e+01;1.066706e+01;-1.396774e+01;7.141544e+00;-1.383020e+01;8.077001e+00;-9.783778e+00;2.346344e-03;8.444734e-05;1.478437e-06;-1.051149e-07;1.452098e-06;3.560800e-08;1.867366e-06;4.277303e-08;3.736724e-06;7.870546e-08;3.564412e-04;-6.939460e-06;9.746197e-02;-3.925689e-03;7.678948e-02;-8.229695e-04;3.974575e-03;-2.553388e-04;7.844334e-03;4.725372e-04;2.896749e-02;-4.489299e-06;3.863649e-02;2.291279e-04;5.323484e-02;1.173322e-03;6.073882e-02;-8.250551e-06;1.329861e-01;3.873445e-04;8.982950e-02;5.079570e-04;9.616382e-02;-3.642254e-03;1.482224e-01;-5.043000e-03;2.542982e-01;-1.536057e-03;1.796371e-01;-5.484311e-03;1.474864e-01;-8.687212e-03;1.466098e-01;-1.002539e-02;1.723559e-01;-4.270902e-04;1.754817e-01;1.205733e-03;1.296176e-01;-5.573251e-04;1.144753e-01;-3.061860e-04;1.066746e-01;-1.045518e-03;1.110626e-01;1.597710e-03;9.434921e-02;1.857634e-03;8.011644e-02;2.504180e-03;6.517816e-02;2.950030e-03;6.165301e-02;1.021676e-03;5.333342e-02;9.074677e-04;4.128036e-02;8.706657e-04;2.407783e-02;1.857283e-04;2.172493e-02;-2.869743e-05;1.771924e-02;-3.734564e-05;5.142027e-02;-1.168328e-03;4.212213e+01;-4.163086e-01;1.250287e+02;2.383008e+00;2.443313e+02;1.091016e+01;3.898229e+02;2.436123e+01;5.315060e-02;-3.279467e-03;1.500724e+02;6.881233e+00;2.449864e-01;2.279598e-02;6.598552e+05;2.953755e+04;6.038218e-01;-5.112019e-02;1.429949e+01;-9.753266e-01;1.330034e-02;7.120471e-04;9.081459e-02;3.336688e-03;5.883050e-02;-3.183737e-03;1.824818e+00;-2.902008e-02;2.017930e+00;1.295364e-01;1.881349e+00;2.696421e-01;2.011175e+00;5.358250e-02;1.936822e+00;-9.143032e-02;2.021192e+00;-6.128015e-02;2.652981e+00;-5.597268e-02;2.229470e+00;-1.115053e-01;2.339486e+00;-2.489840e-01;3.185387e+00;-2.298217e-01;3.182323e+00;1.564346e-01;2.995608e+00;2.295952e-01;2.166079e+00;-4.688841e-02;2.157123e+00;-2.759168e-01
48.500000;1.258227e+02;2.948078e+02;7.140161e-02;8.199599e-01;6.869681e-02;6.555062e-02;7.205568e-02;5.999224e-02;1.088256e-01;1.590393e-01;1.966906e+01;5.580743e-01;6.760741e-01;1.491176e+00;4.068065e-01;1.195580e+00;3.033645e-02;4.196295e-02;4.274411e-02;7.949988e-02;6.737614e-02;1.508037e-01;1.296479e-01;3.190586e-01;2.250741e-01;4.779017e-01;2.841361e-01;6.593862e-01;4.937822e-01;8.331046e-01;3.919650e-01;9.468383e-01;5.939346e-01;1.046221e+00;1.187670e+00;1.490323e+00;1.145367e+00;1.531713e+00;9.033350e-01;1.403318e+00;5.708980e-01;1.356988e+00;6.725382e-01;1.457441e+00;8.203329e-01;1.565142e+00;6.885468e-01;1.508231e+00;5.540883e-01;1.576071e+00;4.974725e-01;1.614300e+00;4.347939e-01;1.587888e+00;4.334690e-01;1.640034e+00;4.128480e-01;1.671997e+00;4.764350e-01;1.681493e+00;4.078842e-01;1.567225e+00;3.497792e-01;1.417574e+00;2.276438e-01;1.178579e+00;1.541582e-01;9.804738e-01;1.022644e-01;7.873211e-01;9.787956e-02;6.356508e-01;5.672577e-02;6.913753e-02;2.480632e-01;2.314757e-01;1.831454e+02;7.548105e+02;5.076612e+02;1.092021e+03;1.059901e+03;1.718637e+03;1.806969e+03;2.799460e+03;1.931462e-01;3.092445e-01;7.038932e+02;1.489807e+03;1.301914e+00;4.391536e+00;2.859748e+06;2.486211e+06;2.378112e+00;5.226144e+00;5.220247e+01;6.221611e+01;1.225374e-01;-1.197495e-01;4.058505e-01;1.170406e+00;5.146587e-01;5.011358e-01;6.831691e+00;4.722948e+00;7.365764e+00;-2.029633e+01;6.931506e+00;-1.573598e+01;7.109548e+00;-2.421830e+01;6.574423e+00;-1.063195e+01;6.136376e+00;-8.540852e+00;9.742899e+00;1.230355e+00;1.241968e+01;1.900961e+00;8.706491e+00;-4.716435e+00;1.059567e+01;-1.692558e+01;8.721544e+00;-1.429142e+01;7.890598e+00;-1.048185e+01;8.929464e+00;-8.802214e+00;8.621072e+00;-9.499148e+00;2.531816e-03;2.266456e-04;1.199949e-06;4.060367e-08;1.684083e-06;3.055658e-08;1.908054e-06;6.641874e-08;2.836147e-06;-6.168071e-09;5.760955e-04;7.830031e-06;9.417427e-02;1.110073e-02;7.760916e-02;-1.964691e-04;4.086428e-03;5.000833e-04;6.984509e-03;-6.422272e-04;1.806066e-02;6.966168e-04;3.262369e-02;1.514807e-03;5.177685e-02;1.884452e-03;6.050057e-02;8.551126e-04;1.286601e-01;3.506120e-04;9.745346e-02;-3.372108e-03;1.172188e-01;4.252739e-03;2.168576e-01;3.271759e-03;2.566962e-01;1.415376e-03;1.749887e-01;1.414051e-03;1.312421e-01;2.961652e-03;1.313628e-01;5.271321e-03;1.636406e-01;-4.765172e-03;1.534052e-01;-6.801845e-03;1.244692e-01;-1.479966e-03;1.191934e-01;-9.342053e-04;1.095231e-01;1.768742e-03;1.080456e-01;-2.504818e-03;8.710439e-02;-5.361887e-03;9.073497e-02;-4.553741e-03;7.926488e-02;-2.031708e-03;6.427044e-02;1.214552e-03;5.001340e-02;1.165216e-03;4.218471e-02;2.857317e-04;2.876206e-02;-3.576607e-04;2.436846e-02;-1.267841e-03;1.698672e-02;1.278613e-03;5.186341e-02;3.671167e-03;5.700500e+01;1.248926e+00;1.338743e+02;-4.234863e+00;2.167225e+02;-1.040771e+01;3.578982e+02;-1.415449e+01;3.987959e-02;3.806088e-03;1.451458e+02;-6.291748e+00;2.237936e-01;-1.604678e-02;5.823936e+05;-1.938278e+04;5.292130e-01;1.491651e-02;1.201097e+01;2.789801e-01;1.818071e-02;-1.818110e-03;8.572587e-02;-3.274373e-03;7.763248e-02;7.863201e-03;1.442374e+00;8.043939e-02;1.785141e+00;-5.743568e-02;1.668700e+00;-7.191250e-02;1.974291e+00;-6.317679e-02;1.962560e+00;5.438705e-02;1.981226e+00;8.862263e-02;2.491685e+00;2.347783e-01;2.572700e+00;-4.126350e-02;2.550798e+00;1.787862e-02;3.025187e+00;7.239589e-03;2.470999e+00;-1.734914e-01;1.920711e+00;-2.900706e-02;2.052660e+00;1.462563e-01;1.528574e+00;1.242968e-01
49.000000;8.718841e+01;2.626654e+02;5.542862e-02;8.569317e-01;6.650074e-02;4.621145e-02;6.603928e-02;4.192197e-02;6.452091e-02;9.932653e-02;1.713318e+01;6.538623e+00;5.638422e-01;1.773599e+00;3.266996e-01;1.131081e+00;2.720433e-02;5.570987e-02;3.067419e-02;5.982867e-02;5.334201e-02;1.398047e-01;9.754255e-02;2.881464e-01;1.435564e-01;4.535516e-01;1.994985e-01;6.032447e-01;1.790819e-01;7.028224e-01;3.449980e-01;8.389331e-01;5.237620e-01;1.094628e+00;1.036172e+00;1.384712e+00;5.199941e-01;1.162395e+00;4.036314e-01;1.165208e+00;5.886676e-01;1.322987e+00;6.223380e-01;1.437322e+00;6.975895e-01;1.497707e+00;4.526257e-01;1.450820e+00;4.875410e-01;1.519225e+00;4.744426e-01;1.548198e+00;4.080905e-01;1.554268e+00;4.274236e-01;1.598105e+00;4.384949e-01;1.602390e+00;5.410294e-01;1.619036e+00;4.669528e-01;1.510042e+00;4.655209e-01;1.388892e+00;3.003139e-01;1.172261e+00;2.086744e-01;9.609096e-01;1.360220e-01;7.719443e-01;1.062340e-01;6.205533e-01;4.966381e-02;6.839442e-02;1.589258e-01;2.503064e-01;1.912890e+02;7.751953e+02;4.248588e+02;9.589453e+02;7.231505e+02;1.245624e+03;1.279099e+03;1.914732e+03;1.610851e-01;3.500291e-01;5.257764e+02;1.190888e+03;1.119565e+00;3.727543e+00;1657831;1.192924e+06;2.059392e+00;6.232082e+00;4.747424e+01;7.940096e+01;1.232698e-01;-1.722342e-01;2.933535e-01;1.000263e+00;5.412217e-01;7.353886e-01;5.369968e+00;6.783927e+00;7.564550e+00;-2.329449e+01;7.303913e+00;-1.948387e+01;7.033395e+00;-2.690079e+01;7.705147e+00;-1.044283e+01;5.564343e+00;-7.632133e+00;1.004488e+01;4.230515e+00;1.442442e+01;1.531809e+00;9.836134e+00;-6.694528e+00;9.094190e+00;-2.209041e+01;1.092281e+01;-2.025063e+01;7.204953e+00;-1.259526e+01;8.400106e+00;-6.481349e+00;8.274471e+00;-5.991467e+00;1.406683e-03;1.118325e-04;9.922337e-07;8.521720e-08;1.718192e-06;2.980291e-08;1.729888e-06;4.668130e-08;1.555243e-06;3.723151e-09;4.649315e-04;8.558275e-06;9.086202e-02;8.810840e-03;5.399093e-02;3.842597e-03;4.194131e-03;4.111628e-04;4.064857e-03;-6.021668e-04;1.242530e-02;-2.105448e-04;2.543852e-02;-1.256610e-03;3.953036e-02;-5.546087e-04;4.359983e-02;4.287547e-04;4.767120e-02;7.418658e-04;7.855359e-02;2.359292e-03;1.050287e-01;4.575818e-03;1.821662e-01;7.168964e-03;8.945417e-02;3.811356e-03;1.056558e-01;5.388115e-03;1.555386e-01;7.826976e-03;1.186834e-01;6.416532e-03;1.279902e-01;5.950869e-03;9.280708e-02;7.439787e-03;9.929016e-02;8.088134e-03;1.038386e-01;5.899473e-03;1.076384e-01;5.882124e-03;1.037445e-01;5.309035e-03;8.334921e-02;5.388670e-03;9.076516e-02;4.364137e-03;8.248291e-02;3.686785e-03;9.373411e-02;4.453292e-03;6.959619e-02;2.634600e-03;4.922963e-02;2.200725e-03;3.619899e-02;1.457184e-03;2.608022e-02;4.567797e-04;1.347911e-02;2.157668e-04;3.887878e-02;2.092079e-03;6.251374e+01;5.742188e-01;8.742244e+01;-4.995703e+00;1.147740e+02;-1.290557e+01;2.055957e+02;-2.182031e+01;3.851647e-02;3.966086e-03;8.815278e+01;-7.815103e+00;1.850417e-01;-2.127661e-02;2.836268e+05;-3.088886e+04;4.994691e-01;3.611320e-02;1.203588e+01;6.583415e-01;2.161822e-02;-1.361779e-03;5.141967e-02;-4.041757e-03;9.559319e-02;5.874849e-03;1.206942e+00;2.629495e-02;1.913113e+00;-1.690624e-01;1.636452e+00;-1.864153e-01;1.745664e+00;-1.534852e-01;2.103449e+00;9.709630e-03;2.051534e+00;-2.661926e-03;2.474193e+00;6.593722e-02;3.363605e+00;3.776529e-02;2.581635e+00;7.683558e-02;2.926489e+00;6.141034e-02;3.131706e+00;-4.759025e-02;2.159965e+00;-1.113042e-01;2.249464e+00;3.000378e-02;1.825546e+00;2.147072e-01
49.500000;6.203266e+01;2.369043e+02;6.717820e-02;8.619020e-01;3.267112e-02;1.865183e-02;2.192618e-02;1.340556e-02;5.450656e-02;7.968831e-02;2.515787e+01;4.955652e+00;5.010883e-01;1.667279e+00;2.647955e-01;1.035190e+00;2.576514e-02;5.380303e-02;2.382732e-02;5.560091e-02;5.156878e-02;1.359364e-01;9.988257e-02;2.698481e-01;1.530859e-01;4.461614e-01;1.774360e-01;5.528073e-01;1.797826e-01;7.211677e-01;2.861092e-01;8.303823e-01;4.142641e-01;9.654339e-01;5.321736e-01;1.083288e+00;4.100683e-01;1.075970e+00;4.794497e-01;1.189506e+00;5.733748e-01;1.196893e+00;5.221391e-01;1.275952e+00;5.813521e-01;1.386821e+00;5.056613e-01;1.389197e+00;4.723201e-01;1.364615e+00;4.428302e-01;1.418089e+00;4.517408e-01;1.508104e+00;4.200050e-01;1.476581e+00;3.619984e-01;1.420229e+00;3.962245e-01;1.382198e+00;3.508431e-01;1.339187e+00;3.789801e-01;1.216183e+00;2.688994e-01;1.069130e+00;1.778710e-01;8.811457e-01;1.239285e-01;7.303868e-01;7.936339e-02;5.897253e-01;8.641842e-02;7.657868e-02;1.881463e-01;2.692316e-01;1.230762e+02;7.370098e+02;1.286237e+02;8.584570e+02;4.389699e+02;1.098337e+03;9.345635e+02;1.624896e+03;1.498053e-01;3.163279e-01;2.909973e+02;1.070990e+03;9.455974e-01;3.560256e+00;1.404871e+06;1.008824e+06;2.383341e+00;7.602631e+00;6.548617e+01;1.161873e+02;1.173464e-01;-1.592714e-01;1.692527e-01;9.393237e-01;5.246893e-01;6.811292e-01;5.002774e+00;9.250385e+00;9.263878e+00;-2.335582e+01;6.939496e+00;-2.410005e+01;5.561708e+00;-2.781494e+01;7.246485e+00;-1.089097e+01;5.318469e+00;-5.820513e+00;1.020605e+01;2.551685e+00;1.289395e+01;-3.960137e+00;1.020200e+01;-8.367487e+00;1.014509e+01;-1.988895e+01;1.368121e+01;-1.573487e+01;1.037833e+01;-7.526437e+00;9.340557e+00;-6.549641e+00;7.430385e+00;-9.974597e+00;2.174431e-04;1.855444e-05;1.345119e-06;3.501843e-08;8.956369e-07;-4.796649e-08;6.034568e-07;-3.702104e-08;1.504203e-06;-3.733977e-08;5.704884e-04;6.142298e-06;9.877754e-02;-1.072950e-03;5.129121e-02;-2.588339e-04;4.331638e-03;1.969502e-04;4.333823e-03;-7.596374e-05;1.404567e-02;-3.721122e-04;2.654736e-02;-1.647075e-03;3.823052e-02;-2.929992e-03;3.647019e-02;-2.300193e-03;5.061460e-02;-9.037297e-05;7.140923e-02;-7.563886e-04;8.540768e-02;-1.190594e-03;1.000351e-01;3.564082e-03;8.406093e-02;7.761002e-04;1.184631e-01;-4.459028e-03;1.615807e-01;-4.999131e-03;1.077829e-01;-1.023796e-03;1.107908e-01;6.736255e-03;1.073281e-01;1.881716e-03;1.053517e-01;-4.779036e-03;9.035038e-02;1.978520e-03;1.041879e-01;-2.933820e-04;9.840696e-02;8.579397e-04;8.043768e-02;2.310644e-03;8.581523e-02;7.759394e-04;7.529220e-02;3.045422e-03;8.886585e-02;-6.228709e-04;6.720117e-02;-2.237417e-03;4.337759e-02;-1.135464e-03;3.317809e-02;-4.017369e-04;2.028174e-02;5.823050e-04;2.607003e-02;-4.687475e-04;4.470821e-02;-1.343633e-03;4.069701e+01;9.043945e-01;4.094489e+01;1.866211e-01;1.248137e+02;-3.488379e+00;2.276225e+02;-8.972168e+00;5.181742e-02;-3.226684e-03;7.399296e+01;-1.652454e+00;2.085082e-01;-1.441459e-02;3.368253e+05;-4.172336e+03;6.244600e-01;4.199563e-02;1.664250e+01;1.066688e+00;2.043043e-02;-1.435348e-03;4.443281e-02;-7.310254e-04;8.864610e-02;7.895336e-03;1.182782e+00;-1.415010e-02;2.183667e+00;-5.665932e-02;1.913802e+00;-1.215407e-01;1.728109e+00;-7.828487e-02;2.077829e+00;-3.496454e-02;1.860197e+00;4.139037e-02;2.673441e+00;-1.707595e-02;3.392364e+00;1.419852e-01;2.689121e+00;3.325391e-02;3.352261e+00;-4.565634e-02;3.313867e+00;2.586696e-02;2.078275e+00;3.053732e-01;2.041967e+00;2.468037e-01;2.271167e+00;-6.710464e-02
50.000000;6.416400e+01;2.504710e+02;6.529509e-02;8.734438e-01;1.363879e-02;1.111182e-02;7.967174e-03;6.900600e-03;5.609977e-02;8.424567e-02;2.541223e+01;6.349049e+00;4.452111e-01;1.802853e+00;2.051250e-01;1.041368e+00;2.431369e-02;6.422439e-02;2.431416e-02;4.865205e-02;4.862311e-02;1.426710e-01;1.036773e-01;2.981301e-01;1.489251e-01;4.442364e-01;1.805917e-01;5.873417e-01;1.712142e-01;7.295898e-01;2.394961e-01;8.875408e-01;3.007317e-01;9.016024e-01;4.162114e-01;1.063302e+00;3.873334e-01;1.083764e+00;4.220421e-01;1.104260e+00;3.667052e-01;1.122511e+00;3.739672e-01;1.228613e+00;4.970509e-01;1.347361e+00;4.130245e-01;1.334916e+00;3.522159e-01;1.405307e+00;3.568787e-01;1.498023e+00;3.400998e-01;1.495198e+00;3.011117e-01;1.511308e+00;2.806168e-01;1.522431e+00;2.696539e-01;1.445486e+00;2.763919e-01;1.376348e+00;2.105026e-01;1.229110e+00;1.495218e-01;1.074851e+00;1.012859e-01;8.937417e-01;9.697054e-02;7.418729e-01;6.499948e-02;6.060422e-01;1.091107e-01;1.272312e-01;1.659989e-01;2.482572e-01;6.797947e+01;7.657207e+02;9.243974e+01;8.551553e+02;4.459712e+02;1.021535e+03;9.757187e+02;1.466842e+03;1.393604e-01;3.021117e-01;2.997480e+02;1.031884e+03;9.624243e-01;3.179106e+00;1.413618e+06;8.316094e+05;2.203470e+00;8.554394e+00;5.972006e+01;1.437517e+02;1.110932e-01;-2.115614e-01;1.721902e-01;9.215330e-01;5.010350e-01;9.047593e-01;4.729112e+00;9.155618e+00;7.824104e+00;-2.542394e+01;6.328334e+00;-2.475174e+01;5.569417e+00;-3.030173e+01;5.994652e+00;-1.470226e+01;3.830654e+00;-5.379404e+00;8.072310e+00;6.545358e+00;1.156575e+01;2.988694e+00;9.022128e+00;-3.958835e+00;7.933630e+00;-1.894365e+01;1.038762e+01;-1.388340e+01;6.243890e+00;-1.351729e+00;1.135751e+01;5.090744e-01;7.821823e+00;-7.336603e+00;1.557039e-04;-3.234595e-07;1.147047e-06;4.658456e-08;2.536268e-07;-1.942472e-08;1.670773e-07;-1.114925e-08;1.319393e-06;1.007667e-08;5.683198e-04;-1.775313e-06;7.503444e-02;-1.867092e-03;4.004661e-02;-2.091721e-03;3.188045e-03;-6.744477e-05;3.789953e-03;-2.650542e-04;1.472458e-02;-4.910223e-04;2.436055e-02;1.998536e-03;3.026173e-02;1.875047e-03;3.986350e-02;8.345819e-04;4.257658e-02;1.734664e-03;5.933752e-02;2.636670e-03;5.978113e-02;-1.944776e-03;7.318480e-02;-5.348193e-03;7.306872e-02;-1.934264e-03;8.286887e-02;2.224031e-03;9.509348e-02;-1.788265e-03;7.174726e-02;-4.321774e-03;8.730097e-02;-8.021476e-03;9.255265e-02;-6.612406e-03;9.137630e-02;-7.135768e-03;7.023583e-02;-4.406988e-03;8.072872e-02;-4.649030e-03;7.233369e-02;-3.593550e-03;6.702535e-02;-2.103685e-03;7.019920e-02;-3.097966e-03;6.600785e-02;-1.474522e-03;5.166417e-02;-3.002854e-03;3.917271e-02;-2.663147e-03;2.933793e-02;-1.938905e-03;2.632497e-02;-1.116058e-03;1.886827e-02;-4.363632e-05;2.665526e-02;2.839033e-03;3.356932e-02;-1.227475e-03;2.253859e+01;-1.679590e+00;2.777397e+01;-1.378125e+00;1.156160e+02;-1.837500e+00;2.233606e+02;-6.416894e+00;4.776371e-02;-2.611931e-03;6.976446e+01;-2.663925e+00;1.748112e-01;6.184381e-04;3.179643e+05;-5.695217e+03;5.498224e-01;2.154855e-02;1.576587e+01;4.170234e-01;1.506026e-02;5.128136e-04;4.146346e-02;-1.764651e-03;6.416631e-02;-2.564674e-03;9.783760e-01;7.671034e-02;1.673813e+00;1.084446e-01;1.639820e+00;9.580800e-03;1.490766e+00;-1.113215e-01;1.524825e+00;-1.256592e-01;1.441999e+00;-3.358668e-03;2.159817e+00;-1.241983e-01;2.109244e+00;-5.702268e-02;2.254708e+00;-5.835667e-02;2.548255e+00;2.195290e-02;2.207316e+00;-1.438152e-02;1.776600e+00;-1.279986e-02;1.748643e+00;-1.295183e-01;1.958647e+00;-2.022071e-01
50.500000;7.746905e+01;2.422171e+02;7.274732e-02;8.326429e-01;5.216596e-02;3.796456e-02;7.088806e-02;4.222362e-02;1.307548e-01;1.590217e-01;2.288172e+01;2.258230e+00;5.625440e-01;1.481797e+00;1.390990e-01;9.192147e-01;3.035717e-02;4.777705e-02;2.434459e-02;5.711892e-02;5.916091e-02;1.425201e-01;8.190925e-02;2.938964e-01;1.137305e-01;4.228179e-01;1.131092e-01;5.610065e-01;1.666627e-01;6.677625e-01;2.061645e-01;7.211876e-01;1.886826e-01;7.764348e-01;2.487403e-01;8.238409e-01;2.379523e-01;8.888529e-01;2.343681e-01;9.581988e-01;1.584190e-01;1.045613e+00;2.498985e-01;1.071498e+00;3.322885e-01;1.078528e+00;2.280391e-01;1.121711e+00;2.623815e-01;1.205537e+00;3.471186e-01;1.260286e+00;2.443189e-01;1.272334e+00;2.317233e-01;1.319000e+00;2.807528e-01;1.378416e+00;2.315717e-01;1.346449e+00;2.325272e-01;1.272231e+00;1.564365e-01;1.153338e+00;1.318644e-01;1.002690e+00;9.376367e-02;8.494490e-01;8.315862e-02;6.967609e-01;7.298239e-02;5.692234e-01;9.655626e-02;1.011245e-01;1.014457e-01;1.216250e-01;1.148890e+02;6.942305e+02;9.877929e+01;8.074951e+02;4.222088e+02;1.018521e+03;9.599645e+02;1.563311e+03;8.971768e-02;2.413628e-01;2.940205e+02;1.040138e+03;1.103160e+00;3.659116e+00;1.357307e+06;1.159254e+06;2.106248e+00;7.623819e+00;5.713886e+01;1.089808e+02;1.334599e-01;-1.445113e-01;1.673580e-01;9.156624e-01;6.029485e-01;6.135676e-01;4.530906e+00;9.612484e+00;9.514236e+00;-1.950117e+01;5.787888e+00;-2.174924e+01;7.024836e+00;-2.951450e+01;7.448736e+00;-1.373374e+01;4.414075e+00;-6.258061e+00;9.346632e+00;2.219837e+00;1.025004e+01;1.598339e+00;5.561192e+00;-2.326742e+00;6.851779e+00;-1.675585e+01;7.950174e+00;-1.479935e+01;7.251916e+00;-5.380187e+00;1.087067e+01;-2.656423e-01;6.377936e+00;-4.167484e+00;5.835828e-04;1.388531e-05;7.732262e-07;-8.141002e-08;1.005861e-06;1.810910e-08;1.643883e-06;2.830524e-08;1.909846e-06;2.783398e-07;5.945758e-04;-1.161386e-05;4.647047e-02;-1.467220e-02;2.391854e-02;-3.918643e-03;1.921821e-03;-7.547015e-04;3.503160e-03;4.011086e-04;1.777659e-02;-2.736383e-04;2.432680e-02;2.924355e-04;3.002845e-02;9.587892e-04;3.537202e-02;4.691692e-04;3.826872e-02;-2.865084e-03;4.020104e-02;-5.086598e-03;4.154280e-02;-2.863051e-03;3.786637e-02;-4.660015e-03;4.818941e-02;-3.998277e-03;5.059943e-02;-1.340759e-03;4.052188e-02;-1.692288e-03;4.570008e-02;-6.064955e-03;5.539201e-02;-9.779539e-03;4.973612e-02;-7.718419e-03;5.186940e-02;-5.411107e-03;4.759684e-02;-1.194055e-02;5.871329e-02;-8.880161e-03;4.486314e-02;-7.247612e-03;5.236545e-02;-6.164545e-03;5.148567e-02;-4.290191e-03;5.206561e-02;-5.887505e-03;3.897273e-02;-3.291974e-03;3.298604e-02;-2.196314e-03;2.543004e-02;1.391604e-04;2.148803e-02;-8.607847e-04;2.040117e-02;-1.230918e-03;1.736874e-02;-1.111460e-03;9.639530e-03;-2.759018e-03;2.896611e+01;-4.019531e-01;3.811749e+01;0;1.263787e+02;1.335059e+00;2.127963e+02;5.340234e+00;2.613199e-02;-1.490858e-03;7.515986e+01;3.237724e+00;1.397721e-01;1.576241e-02;2.778875e+05;2.475451e+04;4.261469e-01;-3.901540e-02;1.043608e+01;-1.218752e+00;8.160544e-03;3.328949e-03;4.461759e-02;1.936397e-03;4.022495e-02;-1.594068e-02;1.155081e+00;1.682622e-02;1.299307e+00;2.757554e-01;1.688214e+00;7.082662e-02;1.572865e+00;8.408773e-02;1.488895e+00;1.638852e-01;1.273582e+00;6.739056e-02;1.660474e+00;-1.954173e-01;1.427942e+00;-2.747874e-01;1.491951e+00;-1.203319e-01;1.958064e+00;-5.160057e-02;1.779111e+00;7.918281e-02;1.711869e+00;-1.984130e-01;1.839298e+00;-1.759277e-01;1.442285e+00;1.017744e-01
51.000000;1.043076e+02;2.498306e+02;5.548974e-02;7.912501e-01;5.936820e-02;6.516638e-02;8.176084e-02;7.165272e-02;1.394278e-01;2.075881e-01;2.530707e+01;-4.997015e+00;4.471990e-01;1.057265e+00;3.660317e-01;1.017252e+00;2.393761e-02;2.680067e-02;3.326504e-02;7.840514e-02;8.461452e-02;1.487820e-01;1.609521e-01;2.952112e-01;3.060736e-01;4.696862e-01;3.120113e-01;5.986943e-01;5.018317e-01;7.494228e-01;6.907015e-01;8.663036e-01;9.160271e-01;1.034821e+00;5.885575e-01;9.659880e-01;5.910706e-01;1.027406e+00;5.183362e-01;1.091734e+00;7.053173e-01;1.223280e+00;7.304899e-01;1.268623e+00;7.284068e-01;1.291924e+00;5.400165e-01;1.286649e+00;5.260828e-01;1.334089e+00;5.611694e-01;1.362119e+00;4.327347e-01;1.409813e+00;4.555369e-01;1.430801e+00;3.549586e-01;1.419506e+00;3.298523e-01;1.424793e+00;2.769007e-01;1.349019e+00;1.903031e-01;1.208532e+00;1.565837e-01;1.031507e+00;1.102971e-01;8.661239e-01;9.457299e-02;7.161806e-01;7.994526e-02;5.775450e-01;1.370440e-01;8.329538e-02;9.451283e-02;6.126870e-02;1.092163e+02;6.787266e+02;3.407379e+02;8.798467e+02;8.105830e+02;1.346830e+03;1.497312e+03;2.457082e+03;1.727663e-01;2.319146e-01;5.439852e+02;1.304631e+03;1.011970e+00;4.417403e+00;2.091148e+06;2.446284e+06;2.785988e+00;6.032493e+00;8.381787e+01;7.770627e+01;9.646213e-02;-5.908232e-02;3.219573e-01;1.068094e+00;3.989744e-01;2.303492e-01;7.882033e+00;7.965120e+00;6.121251e+00;-1.419940e+01;5.609963e+00;-1.953688e+01;6.932299e+00;-2.745229e+01;6.834492e+00;-9.780642e+00;5.869395e+00;-5.178440e+00;7.097213e+00;-9.414593e-01;7.812285e+00;-1.407436e+00;7.074465e+00;-2.309448e+00;6.949200e+00;-1.158385e+01;8.177666e+00;-1.285325e+01;7.394375e+00;-8.768192e+00;7.865254e+00;-4.625628e+00;5.951889e+00;-4.002341e+00;8.164197e-04;-1.197006e-04;1.077545e-06;-6.507156e-08;1.261554e-06;-1.308041e-07;2.048373e-06;-1.660300e-07;2.721366e-06;1.836066e-07;7.333352e-04;1.885732e-06;7.951182e-02;-1.515381e-03;6.695128e-02;2.295145e-03;4.205226e-03;-5.145382e-05;6.797125e-03;1.617536e-04;2.127676e-02;2.605862e-04;3.632862e-02;-1.579485e-03;6.070485e-02;-8.635608e-04;6.775592e-02;-3.456695e-04;9.739373e-02;3.814101e-03;1.789869e-01;8.879208e-03;2.173130e-01;8.009291e-04;1.098102e-01;2.766353e-03;1.079300e-01;1.942689e-03;1.024726e-01;3.889025e-03;1.711547e-01;3.703185e-03;1.299968e-01;3.770720e-03;1.357421e-01;6.164324e-03;1.205750e-01;5.080524e-03;1.081093e-01;6.243951e-03;1.171514e-01;4.066680e-03;9.036903e-02;3.638371e-03;1.012843e-01;7.454065e-04;7.894962e-02;-7.977987e-06;6.719322e-02;2.914618e-03;7.254138e-02;2.265261e-05;4.884524e-02;1.517903e-03;3.534554e-02;3.037526e-03;3.296721e-02;6.370135e-05;2.821381e-02;-1.068346e-05;2.606246e-02;-8.412885e-04;4.131986e-02;9.824926e-04;1.940188e-02;-3.542266e-05;3.148988e+01;-2.871094e-02;1.119480e+02;-6.029297e-01;2.352295e+02;-9.905273e-01;3.512091e+02;1.263281e+00;4.159240e-02;8.390203e-04;1.414782e+02;-2.661039e-01;2.523437e-01;-3.843194e-03;5.068330e+05;-4.573583e+02;6.886066e-01;-8.280877e-03;1.999998e+01;-9.069943e-02;1.853586e-02;1.332330e-04;8.298030e-02;-2.505525e-04;7.859981e-02;-3.002177e-04;1.681096e+00;-1.335854e-02;1.533624e+00;-4.254166e-02;2.023125e+00;3.458702e-03;1.858741e+00;4.128723e-02;2.008783e+00;4.890278e-02;1.669247e+00;-1.074105e-01;1.828558e+00;4.457299e-02;1.963250e+00;5.701538e-02;1.965370e+00;1.429923e-01;2.527382e+00;2.217334e-01;2.443620e+00;1.503951e-01;1.979870e+00;4.093717e-02;2.395306e+00;4.660155e-02;1.649392e+00;5.884039e-03
51.500000;1.179911e+02;2.897432e+02;7.481263e-02;8.193130e-01;6.776476e-02;6.316458e-02;7.742566e-02;6.782594e-02;1.337095e-01;1.667972e-01;2.645096e+01;-2.776061e+00;6.106977e-01;1.281403e+00;4.358571e-01;1.193292e+00;3.022369e-02;3.827796e-02;4.586764e-02;8.202822e-02;7.882581e-02;1.404912e-01;1.721530e-01;2.928198e-01;3.188305e-01;4.887487e-01;3.530608e-01;6.106477e-01;5.142413e-01;7.581038e-01;6.919627e-01;9.313326e-01;1.005752e+00;1.239591e+00;1.081149e+00;1.412972e+00;7.759851e-01;1.289734e+00;5.999641e-01;1.177216e+00;7.564936e-01;1.304009e+00;9.745106e-01;1.545064e+00;1.006113e+00;1.675809e+00;6.206513e-01;1.519006e+00;6.120738e-01;1.617727e+00;6.812921e-01;1.749084e+00;4.840998e-01;1.655613e+00;4.983031e-01;1.707702e+00;3.979064e-01;1.670455e+00;5.387911e-01;1.720439e+00;3.740136e-01;1.588522e+00;3.322615e-01;1.389302e+00;2.131494e-01;1.163782e+00;1.553124e-01;9.656511e-01;1.126810e-01;7.852741e-01;8.272042e-02;6.264980e-01;1.397354e-01;7.394934e-02;1.321744e-01;1.180066e-01;1.221312e+02;7.407422e+02;5.314025e+02;1.046514e+03;1.113091e+03;1.647290e+03;1.720491e+03;2.833195e+03;1.876650e-01;2.698354e-01;7.056941e+02;1.484203e+03;1.471654e+00;4.156984e+00;2.613012e+06;2.690258e+06;2.866458e+00;5.232301e+00;8.585122e+01;6.946600e+01;1.170202e-01;-1.073282e-01;4.066304e-01;1.171621e+00;5.031015e-01;4.481953e-01;8.109443e+00;3.405118e+00;8.521432e+00;-2.009224e+01;7.298546e+00;-1.741990e+01;6.451151e+00;-2.834027e+01;5.118071e+00;-9.786723e+00;6.817115e+00;-5.865904e+00;1.012009e+01;4.726976e+00;1.039428e+01;5.918253e+00;7.706868e+00;-4.870326e-01;1.120837e+01;-1.351108e+01;1.275541e+01;-1.863319e+01;5.626866e+00;-1.157781e+01;1.254939e+01;-1.486810e+00;8.252501e+00;-2.544854e+00;1.521386e-03;-9.263523e-05;1.195183e-06;6.355294e-08;1.328623e-06;-2.548531e-07;1.797456e-06;-3.436589e-07;2.844532e-06;-8.422317e-08;7.335710e-04;8.769114e-06;9.710717e-02;1.358867e-02;8.708865e-02;4.699367e-03;5.224463e-03;6.597764e-04;8.406283e-03;-2.263795e-04;1.882472e-02;2.778667e-04;3.805790e-02;4.448903e-04;6.532331e-02;1.400022e-03;8.096748e-02;2.061835e-03;1.087651e-01;4.087534e-03;1.935508e-01;7.874496e-03;2.386373e-01;2.290613e-03;2.385629e-01;7.291673e-03;1.533099e-01;1.179294e-02;1.449093e-01;6.127215e-03;1.922025e-01;5.477433e-03;2.120956e-01;6.650646e-03;2.381702e-01;1.283306e-02;1.635589e-01;1.119847e-02;1.530600e-01;9.064798e-03;1.715704e-01;7.676418e-03;1.145266e-01;4.550270e-03;1.177989e-01;3.884390e-03;9.561447e-02;3.341865e-03;1.206553e-01;3.051134e-03;1.007870e-01;2.339470e-03;9.303765e-02;9.573615e-04;5.513531e-02;3.204446e-03;4.146006e-02;1.977131e-03;3.101806e-02;1.167953e-03;2.519721e-02;1.159595e-03;4.462305e-02;5.803080e-04;2.891076e-02;2.386430e-03;4.394814e+01;4.306641e-01;1.506174e+02;0;2.752210e+02;-1.076660e+00;4.032398e+02;-1.952344e+00;4.125509e-02;2.283411e-03;1.751863e+02;-2.774096e+00;3.121787e-01;-1.499622e-02;6.140639e+05;-2.409521e+04;7.265632e-01;1.809533e-02;2.070104e+01;5.803446e-01;2.446959e-02;-2.668215e-03;1.026236e-01;-1.672850e-03;1.058490e-01;1.243632e-02;1.861700e+00;-3.325149e-02;1.848148e+00;-2.530045e-01;2.064268e+00;-4.216657e-02;2.093237e+00;-3.155064e-02;1.996535e+00;-1.068959e-01;2.041255e+00;-1.189097e-01;2.572801e+00;1.944900e-01;2.900848e+00;2.246993e-01;2.304523e+00;4.134281e-03;2.847707e+00;-7.489607e-02;3.384778e+00;-8.434588e-02;1.856651e+00;-7.336835e-04;3.132169e+00;1.404765e-01;2.261255e+00;-8.385798e-03
52.000000;1.033429e+02;2.647605e+02;7.432372e-02;8.354417e-01;6.355599e-02;4.607630e-02;6.888179e-02;5.219398e-02;1.250231e-01;1.482291e-01;2.274474e+01;1.864656e+00;5.506939e-01;1.425567e+00;3.792892e-01;1.117525e+00;2.683770e-02;4.214798e-02;4.186148e-02;6.876669e-02;6.785581e-02;1.435315e-01;1.274212e-01;3.234983e-01;1.792236e-01;4.899348e-01;3.017251e-01;6.509483e-01;4.287790e-01;7.963871e-01;3.536521e-01;8.648118e-01;6.536047e-01;1.100433e+00;1.061629e+00;1.244537e+00;6.824592e-01;1.146269e+00;4.988732e-01;1.160603e+00;4.525171e-01;1.224009e+00;7.966477e-01;1.366270e+00;9.011255e-01;1.452246e+00;6.375278e-01;1.471903e+00;6.360271e-01;1.526077e+00;6.840218e-01;1.566810e+00;5.192727e-01;1.549786e+00;4.583060e-01;1.549233e+00;4.506948e-01;1.576191e+00;6.048849e-01;1.551606e+00;4.703467e-01;1.473964e+00;4.301056e-01;1.349682e+00;2.819546e-01;1.147704e+00;2.037757e-01;9.481446e-01;1.344890e-01;7.629946e-01;9.716924e-02;6.180797e-01;9.439403e-02;7.582345e-02;1.152973e-01;1.224915e-01;1.622750e+02;6.643711e+02;4.876330e+02;9.242051e+02;1.007684e+03;1.374967e+03;1.488888e+03;2.337932e+03;1.426359e-01;2.712890e-01;6.359420e+02;1.273034e+03;1.347284e+00;3.935362e+00;2.214828e+06;1.942850e+06;2.069016e+00;5.317834e+00;5.001637e+01;6.023374e+01;1.072866e-01;-1.125367e-01;3.677354e-01;1.029920e+00;4.781848e-01;4.782672e-01;7.220789e+00;5.239299e+00;9.370340e+00;-1.930805e+01;7.406409e+00;-1.402724e+01;6.207791e+00;-2.678109e+01;7.488410e+00;-1.299682e+01;9.765266e+00;-1.253011e+01;1.612722e+01;-4.624637e-02;1.193095e+01;3.131362e+00;7.695354e+00;-5.427501e-01;1.014330e+01;-1.559760e+01;1.268718e+01;-2.137944e+01;8.013476e+00;-1.514397e+01;1.532638e+01;-6.370051e+00;8.998580e+00;-4.215896e+00;1.472010e-03;2.064971e-06;1.274238e-06;8.375250e-08;1.312617e-06;-1.224345e-07;1.621621e-06;-1.536604e-07;3.200528e-06;-6.254700e-08;5.996313e-04;3.390039e-06;1.067494e-01;8.124703e-03;7.737733e-02;2.376701e-03;5.438465e-03;4.016794e-04;7.129508e-03;-2.716050e-04;2.118367e-02;2.388859e-04;3.046619e-02;9.818741e-04;4.486886e-02;1.040946e-03;6.744023e-02;-1.590105e-04;1.027796e-01;-4.350066e-03;1.072619e-01;-9.955334e-03;1.333746e-01;6.758743e-03;2.271330e-01;5.877220e-03;1.391846e-01;8.441640e-03;1.410529e-01;3.706199e-03;1.204213e-01;3.802523e-03;1.837836e-01;4.026096e-03;2.156223e-01;2.636810e-03;1.637752e-01;6.063039e-03;1.560849e-01;3.869461e-03;1.611040e-01;2.028882e-03;1.215226e-01;1.830165e-03;9.822098e-02;1.273946e-03;1.062000e-01;3.905109e-03;1.263700e-01;3.404564e-03;1.065888e-01;6.478603e-03;1.155909e-01;3.074710e-03;7.353032e-02;1.987083e-03;5.169351e-02;2.675507e-03;3.425128e-02;9.894362e-04;2.699197e-02;1.167140e-03;2.955174e-02;-3.250052e-03;2.606100e-02;1.975690e-03;4.414922e+01;1.134082e+00;1.193793e+02;8.613281e-01;2.208958e+02;-2.009766e-01;3.329306e+02;-2.727539e-01;3.857726e-02;5.254441e-04;1.410929e+02;4.288947e-01;2.844422e-01;-4.280419e-03;5.078398e+05;-1.843763e+03;5.541970e-01;-5.145866e-03;1.590341e+01;-1.212543e-01;2.436111e-02;-2.098992e-03;8.266745e-02;4.675822e-04;1.067921e-01;9.513861e-03;1.660685e+00;7.488092e-03;2.131385e+00;-4.593520e-02;2.035569e+00;-6.025180e-04;2.188692e+00;5.439489e-02;2.282769e+00;8.826091e-02;2.452688e+00;9.218425e-03;3.514711e+00;1.381217e-01;2.899889e+00;6.858124e-02;2.389036e+00;-1.123096e-01;2.624509e+00;-2.131670e-01;3.346987e+00;-2.649780e-01;2.101828e+00;-2.004297e-01;3.093091e+00;-6.341135e-02;2.624366e+00;3.810279e-02
52.500000;3.779170e+01;2.264475e+02;6.384097e-02;8.344870e-01;3.236416e-02;2.642861e-02;4.057471e-02;2.817203e-02;1.424019e-01;1.610198e-01;1.290966e+01;6.381861e+00;4.784058e-01;1.344565e+00;2.924591e-01;1.014437e+00;2.337590e-02;3.811471e-02;3.173538e-02;6.206979e-02;6.527426e-02;1.497075e-01;1.239900e-01;3.340870e-01;1.810020e-01;4.988552e-01;3.080980e-01;6.926246e-01;4.661649e-01;8.965765e-01;3.807769e-01;9.154226e-01;5.565286e-01;1.008999e+00;5.052564e-01;9.371820e-01;6.382464e-01;1.103640e+00;4.505260e-01;1.151938e+00;4.301558e-01;1.185332e+00;4.830297e-01;1.186458e+00;4.916154e-01;1.196842e+00;5.668761e-01;1.321794e+00;5.081540e-01;1.321440e+00;4.237485e-01;1.317745e+00;4.415148e-01;1.389672e+00;3.107471e-01;1.371818e+00;3.782541e-01;1.404018e+00;3.075248e-01;1.328891e+00;3.514778e-01;1.286801e+00;3.232319e-01;1.183403e+00;2.422197e-01;1.035719e+00;1.718578e-01;8.658143e-01;1.161343e-01;7.116339e-01;8.783434e-02;5.789579e-01;1.177806e-01;1.267840e-01;8.016884e-02;8.583184e-02;1.347339e+02;5.819707e+02;3.327502e+02;7.855312e+02;7.181059e+02;1.163654e+03;1.236941e+03;2.022973e+03;1.382687e-01;2.793629e-01;4.668808e+02;1.096146e+03;1.029011e+00;4.053576e+00;1.618735e+06;1.606793e+06;2.825105e+00;6.590241e+00;7.798386e+01;9.184951e+01;9.235919e-02;-9.208754e-02;2.650354e-01;9.178221e-01;4.088644e-01;3.800802e-01;6.945271e+00;1.036716e+01;7.012746e+00;-1.466092e+01;7.685154e+00;-1.418271e+01;5.790452e+00;-2.695165e+01;7.480871e+00;-1.700470e+01;7.692136e+00;-1.613353e+01;1.241723e+01;-6.304235e+00;7.584999e+00;-4.013103e+00;7.526000e+00;-2.654893e+00;7.227509e+00;-1.240022e+01;1.049356e+01;-1.484071e+01;1.000784e+01;-1.278597e+01;1.057072e+01;-9.563563e+00;6.306517e+00;-7.143610e+00;4.471529e-04;-2.750403e-05;1.371598e-06;-6.682742e-09;8.133635e-07;-1.351254e-08;9.980636e-07;-4.620381e-09;4.057586e-06;5.659954e-09;3.486784e-04;-2.134627e-06;1.222255e-01;-3.020944e-03;7.295106e-02;-3.022962e-05;5.946898e-03;-2.092869e-04;6.678593e-03;-1.769968e-04;1.973941e-02;4.469012e-05;2.646135e-02;1.698936e-03;4.207346e-02;2.071307e-03;6.359825e-02;-2.331263e-04;1.113395e-01;2.159178e-03;1.029735e-01;-1.480862e-03;1.370130e-01;2.808370e-03;1.194602e-01;-2.508648e-03;1.584094e-01;1.799179e-03;1.234664e-01;-6.225840e-04;1.125980e-01;-1.779091e-03;1.139824e-01;-1.396080e-03;1.220417e-01;-3.036256e-03;1.431741e-01;-3.081905e-03;1.343551e-01;-1.858960e-03;1.173451e-01;-6.469128e-04;1.191115e-01;2.428170e-03;9.609086e-02;2.853689e-03;1.121900e-01;2.964231e-03;8.607024e-02;3.869951e-04;9.111309e-02;5.762235e-04;9.099206e-02;-3.555357e-04;6.653990e-02;-1.824555e-03;4.842204e-02;-1.639608e-03;3.506372e-02;-1.426971e-04;2.838669e-02;2.989146e-05;3.187846e-02;2.395085e-03;2.014766e-02;-1.310327e-03;3.647345e+01;-2.756250e+00;9.586874e+01;-2.871094e-02;1.873828e+02;8.613281e-01;2.981971e+02;-5.024414e+00;4.509922e-02;2.819436e-04;1.120340e+02;-1.416236e+00;2.725104e-01;9.956787e-03;406452;-7.092577e+00;8.730899e-01;1.832320e-02;2.663895e+01;5.627160e-01;2.424843e-02;1.245128e-03;6.264181e-02;-1.056155e-03;1.058806e-01;-6.211589e-03;1.538410e+00;1.514311e-01;2.051208e+00;1.630079e-01;2.287462e+00;9.860839e-02;2.020812e+00;4.308581e-05;2.552620e+00;-7.085420e-02;2.147421e+00;1.034526e-02;2.944771e+00;-2.340725e-01;2.277846e+00;-1.802506e-01;2.481471e+00;-6.841497e-02;2.371451e+00;1.283844e-02;2.557605e+00;7.582609e-02;2.306265e+00;3.754281e-02;2.442264e+00;-1.765850e-01;2.174695e+00;-1.855887e-01
53.000000;7.720154e+01;2.138688e+02;7.298934e-02;8.208541e-01;2.883906e-02;2.041499e-02;2.908576e-02;1.913575e-02;1.405299e-01;1.356898e-01;2.980266e+01;-3.257231e+00;4.930174e-01;1.306200e+00;2.958812e-01;9.869317e-01;2.107115e-02;3.523326e-02;3.043980e-02;6.517006e-02;5.636023e-02;1.379941e-01;9.572968e-02;2.673924e-01;1.571963e-01;4.172725e-01;2.507055e-01;5.634578e-01;3.796425e-01;7.527066e-01;3.608957e-01;8.315375e-01;4.784590e-01;8.347110e-01;4.751587e-01;9.337915e-01;7.407392e-01;1.133858e+00;4.760377e-01;1.092708e+00;4.241425e-01;1.084015e+00;5.576596e-01;1.172897e+00;5.186746e-01;1.254683e+00;5.978033e-01;1.341393e+00;4.342891e-01;1.283869e+00;4.361315e-01;1.334859e+00;4.492742e-01;1.368728e+00;3.804506e-01;1.424356e+00;3.616010e-01;1.413690e+00;2.940242e-01;1.388059e+00;2.526392e-01;1.293727e+00;2.373751e-01;1.168943e+00;1.985995e-01;1.013067e+00;1.452838e-01;8.650678e-01;1.204747e-01;7.104129e-01;8.675486e-02;5.770281e-01;1.653151e-01;1.801604e-01;1.113331e-01;1.066635e-01;1.145023e+02;5.569922e+02;3.259355e+02;8.182617e+02;6.647136e+02;1.268306e+03;1.206446e+03;2.043645e+03;1.396631e-01;2.781311e-01;4.489373e+02;1.112172e+03;9.000414e-01;4.204436e+00;1.633995e+06;1.546606e+06;2.714247e+00;6.310489e+00;7.110860e+01;8.815387e+01;7.198663e-02;-7.707816e-02;2.535229e-01;9.287723e-01;3.189215e-01;3.066996e-01;6.622474e+00;1.119796e+01;7.248984e+00;-1.609275e+01;7.887193e+00;-1.480380e+01;6.445328e+00;-2.622638e+01;7.897604e+00;-1.846825e+01;7.337466e+00;-1.627027e+01;5.454900e+00;-6.648630e+00;8.516564e+00;-2.422175e+00;8.238037e+00;-2.519948e+00;6.996109e+00;-9.639631e+00;7.784364e+00;-5.624031e+00;8.035325e+00;-4.117464e+00;7.155195e+00;-7.102061e+00;4.889913e+00;-1.077434e+01;1.551206e-04;2.644717e-05;1.551971e-06;-9.210215e-08;7.911043e-07;-3.224886e-08;7.979317e-07;-3.125462e-08;3.362621e-06;-1.778799e-07;7.898633e-04;-1.034254e-05;1.010204e-01;-1.547938e-02;6.029666e-02;-6.567536e-03;4.613362e-03;-7.235828e-04;5.901669e-03;8.924162e-04;1.737414e-02;-3.715552e-04;2.742355e-02;-1.500872e-03;4.071603e-02;-3.553147e-03;5.841652e-02;-2.320085e-03;7.939366e-02;-3.645181e-03;8.155117e-02;-4.110216e-03;1.150620e-01;-1.006086e-02;1.023216e-01;-8.659774e-03;1.539621e-01;-1.201121e-02;1.137191e-01;-1.270647e-02;1.114570e-01;-1.235113e-02;1.247633e-01;-9.430857e-03;1.147130e-01;-7.967260e-03;1.266111e-01;-1.485837e-02;9.458200e-02;-1.196713e-02;8.372653e-02;-7.877392e-03;8.893513e-02;-6.663959e-03;9.353941e-02;-5.319616e-03;9.562644e-02;-8.081004e-03;7.876836e-02;-5.560413e-03;7.345489e-02;-8.166224e-03;6.575745e-02;-5.700381e-03;5.037922e-02;-5.055026e-03;3.546005e-02;-2.561177e-03;3.056425e-02;-6.567290e-05;2.201569e-02;-1.909586e-04;3.375015e-02;-8.007217e-04;2.408898e-02;-2.929679e-03;3.711630e+01;-7.464844e-01;9.742858e+01;1.478613e+00;1.815539e+02;1.724092e+01;2.942939e+02;3.472588e+01;4.767485e-02;-3.102398e-03;1.079267e+02;1.092090e+01;2.469451e-01;2.574268e-02;3.711248e+05;5.564344e+04;8.264291e-01;-4.594443e-02;2.338063e+01;-8.920335e-01;1.723184e-02;2.835082e-03;6.023304e-02;6.282305e-03;7.384432e-02;-1.258979e-02;1.575585e+00;-1.302010e-01;2.004642e+00;1.592318e-01;2.311753e+00;1.010051e-01;1.882898e+00;5.759142e-02;2.696758e+00;-6.757054e-02;2.100949e+00;6.552107e-02;1.756209e+00;-1.501637e-01;2.400793e+00;2.619416e-02;2.651968e+00;8.477200e-02;2.126116e+00;1.246387e-01;2.426195e+00;2.183625e-01;2.387074e+00;2.395318e-01;1.829108e+00;2.263920e-01;1.636245e+00;1.626050e-02
53.500000;9.238127e+01;2.543511e+02;7.443904e-02;8.418784e-01;3.361506e-02;2.213333e-02;3.532114e-02;2.083538e-02;1.052057e-01;1.148192e-01;2.860093e+01;-1.639597e-01;5.654836e-01;1.506279e+00;3.763364e-01;1.144956e+00;2.554583e-02;4.493410e-02;3.140185e-02;6.036407e-02;6.042674e-02;1.367675e-01;9.384664e-02;2.653343e-01;1.774106e-01;4.568526e-01;2.574193e-01;6.126782e-01;2.619884e-01;6.444514e-01;3.876953e-01;9.638590e-01;6.753440e-01;1.108510e+00;1.132899e+00;1.264151e+00;8.265142e-01;1.316551e+00;5.531461e-01;1.310090e+00;5.304112e-01;1.376832e+00;7.070616e-01;1.410298e+00;7.839760e-01;1.517649e+00;6.333596e-01;1.585890e+00;6.319361e-01;1.551757e+00;6.800967e-01;1.588367e+00;5.120921e-01;1.604337e+00;4.650083e-01;1.624783e+00;4.193905e-01;1.603470e+00;3.745537e-01;1.556681e+00;2.923754e-01;1.458494e+00;2.903538e-01;1.324842e+00;2.232348e-01;1.142917e+00;1.369326e-01;9.460174e-01;1.220926e-01;7.725209e-01;8.705536e-02;6.247569e-01;3.120269e-01;3.138692e-01;1.618295e-01;1.839514e-01;1.094647e+02;6.019248e+02;2.992625e+02;8.240039e+02;7.651791e+02;1.310080e+03;1.269101e+03;2.032734e+03;1.785707e-01;3.041604e-01;4.797808e+02;1.135080e+03;1.032739e+00;3.921374e+00;1.852402e+06;1.414530e+06;2.156089e+00;6.167730e+00;5.188415e+01;8.620313e+01;1.012452e-01;-1.211644e-01;2.740796e-01;9.527775e-01;4.287476e-01;4.977489e-01;6.087265e+00;9.263802e+00;8.032141e+00;-2.147863e+01;8.423481e+00;-1.807011e+01;6.320683e+00;-2.683545e+01;8.190729e+00;-1.631605e+01;8.598498e+00;-1.325986e+01;8.033913e+00;-3.357354e+00;8.407177e+00;1.354538e+00;7.500805e+00;-6.418878e-02;8.962425e+00;-9.811287e+00;9.222332e+00;-7.458901e+00;8.866239e+00;-6.202917e+00;9.533390e+00;-1.002159e+01;6.607015e+00;-1.219120e+01;9.990000e-04;2.537889e-04;1.319811e-06;2.270095e-08;8.265627e-07;8.610026e-09;9.144488e-07;1.600284e-08;2.158428e-06;-1.146208e-07;7.172422e-04;-1.943202e-06;8.412626e-02;4.537379e-03;6.821387e-02;2.458820e-04;4.039302e-03;1.850808e-04;4.363455e-03;1.233308e-04;2.107733e-02;5.596682e-04;3.113023e-02;-7.497917e-04;4.263646e-02;-1.795957e-03;5.632795e-02;1.401118e-04;4.231884e-02;-4.700948e-03;5.223241e-02;-3.789352e-05;1.434405e-01;-1.128800e-04;2.494066e-01;-6.184453e-03;1.396077e-01;-1.197343e-02;1.080453e-01;4.276830e-03;1.023743e-01;8.958607e-03;1.668112e-01;-2.839673e-03;1.734616e-01;-2.699255e-03;1.274486e-01;1.870823e-03;1.220526e-01;2.511324e-03;1.253611e-01;-1.427322e-03;8.387910e-02;4.117084e-03;1.034409e-01;4.767223e-04;8.835927e-02;4.707963e-05;9.782255e-02;2.190098e-03;7.630914e-02;3.524703e-03;7.988167e-02;7.331691e-03;5.145894e-02;1.954019e-03;3.212113e-02;8.680652e-04;2.889058e-02;4.936090e-04;1.916591e-02;-4.058777e-04;4.642917e-02;6.627180e-03;3.121197e-02;6.020969e-03;3.163235e+01;6.029297e-01;8.367345e+01;-1.808789e+00;1.690749e+02;2.583984e+00;2.544976e+02;2.655762e+00;5.645660e-02;-9.267884e-04;8.841467e+01;1.171704e+00;2.230598e-01;-4.039374e-03;3.295466e+05;1.406039e+03;5.084087e-01;-2.790091e-02;1.205859e+01;-7.410976e-01;1.846006e-02;-1.030609e-03;4.956003e-02;7.016875e-04;7.573129e-02;5.473723e-03;1.410714e+00;-1.203461e-01;1.689049e+00;-1.258459e-01;1.804021e+00;-3.314018e-02;1.660557e+00;1.792110e-02;2.609886e+00;1.372398e-01;2.367188e+00;-3.532961e-02;2.006733e+00;8.907588e-02;2.533805e+00;3.905366e-02;2.279080e+00;2.182246e-01;2.655508e+00;3.527962e-01;2.780452e+00;1.333377e-01;2.490926e+00;-1.433332e-01;2.023326e+00;-3.242519e-01;1.874810e+00;-9.192862e-02
54.000000;1.151857e+02;2.880804e+02;5.800737e-02;8.553497e-01;2.775174e-02;2.372961e-02;3.717378e-02;2.641109e-02;1.218906e-01;1.689543e-01;5.257186e+00;9.089214e+00;5.499234e-01;1.517747e+00;3.696507e-01;1.099474e+00;2.558381e-02;4.439145e-02;2.897158e-02;6.401990e-02;5.251763e-02;1.383842e-01;9.744237e-02;2.936559e-01;1.767050e-01;4.454311e-01;2.514864e-01;6.340499e-01;2.987367e-01;6.873903e-01;3.932993e-01;8.732919e-01;6.641668e-01;1.075747e+00;1.128544e+00;1.195451e+00;7.446615e-01;1.192435e+00;5.678344e-01;1.197706e+00;6.070800e-01;1.290522e+00;6.993876e-01;1.307043e+00;8.260918e-01;1.372089e+00;6.589624e-01;1.444647e+00;6.871805e-01;1.525883e+00;6.728420e-01;1.516744e+00;5.209656e-01;1.547687e+00;4.558659e-01;1.521708e+00;4.461869e-01;1.558715e+00;4.059834e-01;1.522636e+00;4.545110e-01;1.450504e+00;4.228074e-01;1.324310e+00;2.791059e-01;1.145179e+00;1.751056e-01;9.388762e-01;1.317706e-01;7.711135e-01;9.496910e-02;6.151316e-01;3.452555e-01;3.372124e-01;2.141730e-01;2.207415e-01;8.593208e+01;6.279082e+02;2.853187e+02;7.865361e+02;7.566694e+02;1.371091e+03;1.173826e+03;1.935979e+03;1.737874e-01;2.945442e-01;4.466009e+02;1.153470e+03;9.969385e-01;3.893121e+00;1.637315e+06;1368577;2.275363e+00;5.889179e+00;5.391146e+01;7.549803e+01;1.049401e-01;-1.189755e-01;2.529527e-01;9.652607e-01;4.488516e-01;5.051215e-01;5.699405e+00;6.841802e+00;8.899200e+00;-2.115169e+01;7.610754e+00;-1.904092e+01;5.975326e+00;-2.884508e+01;7.853288e+00;-1.506119e+01;8.693063e+00;-1.225951e+01;8.117361e+00;-8.042357e-01;8.526115e+00;1.217058e+00;7.395158e+00;1.439862e+00;1.453059e+01;-4.979155e+00;1.073471e+01;-6.341994e+00;7.250290e+00;-1.200507e+01;1.236224e+01;-1.536327e+01;9.373490e+00;-1.188301e+01;1.600468e-03;-5.107969e-05;8.922107e-07;5.014971e-08;6.213996e-07;-6.109385e-09;1.003473e-06;-1.072813e-09;2.713422e-06;7.575802e-08;8.307345e-05;1.360050e-06;9.527365e-02;7.123961e-04;7.166422e-02;3.985010e-04;4.331107e-03;3.030355e-05;4.004394e-03;-3.222474e-04;1.761052e-02;6.644572e-04;2.855054e-02;1.994833e-03;4.095995e-02;3.294107e-03;5.579821e-02;1.806722e-03;7.363042e-02;2.025177e-03;5.272634e-02;-3.027898e-04;1.422835e-01;1.057748e-03;2.490855e-01;1.777446e-03;1.377399e-01;1.486208e-03;9.478632e-02;-8.578712e-04;9.258223e-02;2.138178e-03;1.652266e-01;8.182708e-04;1.889851e-01;-2.286868e-04;1.399916e-01;5.433067e-05;1.516116e-01;-2.020305e-03;1.386830e-01;-3.765531e-04;1.073957e-01;1.723161e-03;1.009674e-01;1.214473e-03;9.558372e-02;-8.771730e-04;9.916301e-02;-2.663418e-03;9.957437e-02;-1.139601e-03;9.651098e-02;-3.985378e-04;6.490765e-02;8.674365e-04;4.428409e-02;-2.730707e-04;3.144955e-02;-8.558335e-04;2.245964e-02;-5.676646e-04;5.316013e-02;4.542303e-05;4.030159e-02;1.722494e-06;2.793819e+01;-5.598633e-01;6.856216e+01;-9.331055e-01;1.482038e+02;-1.544648e+01;2.160761e+02;-2.014072e+01;4.932817e-02;1.272022e-04;7.721904e+01;-6.863672e+00;2.013784e-01;-7.007172e-03;2.857068e+05;-2.535460e+04;5.580714e-01;1.143183e-02;1.249993e+01;9.517422e-02;1.985016e-02;-2.365970e-05;4.286280e-02;-4.052035e-03;8.490624e-02;8.544329e-05;1.321394e+00;1.012867e-01;1.620747e+00;1.035000e-01;1.552457e+00;1.330718e-02;1.615887e+00;1.250001e-02;2.268568e+00;5.852585e-02;2.316389e+00;9.338812e-02;2.088056e+00;5.261096e-02;2.530747e+00;-1.670429e-01;2.366955e+00;-2.857717e-02;3.014654e+00;-9.967395e-02;2.828880e+00;-1.787716e-01;2.283099e+00;-8.090446e-02;2.503906e+00;-9.564522e-03;2.246865e+00;7.898866e-02
54.500000;1.259592e+02;2.739946e+02;4.776585e-02;8.518174e-01;4.518909e-02;3.570051e-02;6.131614e-02;4.059401e-02;1.327848e-01;1.894408e-01;4.501457e+00;9.081883e+00;5.888384e-01;1.588296e+00;3.582567e-01;1.055297e+00;2.586158e-02;4.568719e-02;1.781435e-02;6.151298e-02;4.375544e-02;1.373827e-01;7.274243e-02;2.995098e-01;9.944517e-02;4.121025e-01;1.912543e-01;5.653803e-01;2.880595e-01;7.436809e-01;3.235397e-01;7.736403e-01;3.536069e-01;8.849714e-01;5.591047e-01;1.078709e+00;5.302947e-01;1.065957e+00;7.101490e-01;1.154852e+00;6.683242e-01;1.184832e+00;6.654615e-01;1.283389e+00;7.347232e-01;1.358329e+00;7.759816e-01;1.416778e+00;7.529769e-01;1.493943e+00;6.322527e-01;1.460140e+00;5.836098e-01;1.488341e+00;4.928837e-01;1.480603e+00;5.213739e-01;1.525301e+00;5.150315e-01;1.499202e+00;5.531188e-01;1.438537e+00;5.297059e-01;1.329636e+00;3.517814e-01;1.118407e+00;2.136537e-01;9.123409e-01;1.429223e-01;7.400658e-01;1.044542e-01;5.916989e-01;2.806063e-01;2.480165e-01;2.514220e-01;2.679339e-01;1.063666e+02;6.583418e+02;1.215612e+02;7.650029e+02;3.335196e+02;1.148868e+03;4.932785e+02;1.690356e+03;1.824028e-01;3.035036e-01;1.640744e+02;1.067500e+03;6.780504e-01;3.882352e+00;7.718126e+05;1.025250e+06;3.289217e+00;6.062930e+00;1.329549e+02;8.557183e+01;1.140892e-01;-1.242231e-01;9.505692e-02;9.211830e-01;4.666891e-01;5.180018e-01;5.196800e+00;8.095638e+00;9.699823e+00;-2.067180e+01;6.257954e+00;-1.904399e+01;6.228279e+00;-2.866880e+01;8.360182e+00;-1.305715e+01;8.939459e+00;-1.294710e+01;9.402028e+00;7.027285e-01;1.099010e+01;4.086372e-01;1.087076e+01;-4.453857e-01;1.506324e+01;-7.869572e+00;1.150301e+01;-7.377811e+00;8.115639e+00;-1.015119e+01;1.236370e+01;-1.185621e+01;1.035912e+01;-7.158822e+00;1.775261e-03;-8.755537e-05;9.277869e-07;-7.876191e-08;1.245491e-06;2.837316e-08;1.812438e-06;3.442567e-09;2.960313e-06;1.169984e-07;8.797029e-05;-8.242191e-06;9.700914e-02;-1.464139e-02;5.914024e-02;-6.477604e-03;3.869695e-03;-6.261281e-04;2.790597e-03;4.128244e-04;1.624101e-02;-7.066956e-04;2.363193e-02;-1.323080e-03;2.985824e-02;-1.883193e-03;4.396007e-02;-2.787896e-03;7.304104e-02;-1.020966e-03;6.570761e-02;-7.636716e-03;6.615902e-02;-8.368875e-03;8.294994e-02;-2.951417e-03;1.106428e-01;-1.866791e-03;1.359498e-01;-1.282359e-02;1.189840e-01;-1.620645e-02;1.497124e-01;-5.959867e-03;1.446583e-01;-9.276952e-03;1.535065e-01;-1.177453e-02;1.532022e-01;-1.261596e-02;1.233440e-01;-7.211980e-03;1.133908e-01;-1.309101e-02;1.020470e-01;-7.962187e-03;1.074643e-01;-9.504892e-03;9.627693e-02;-7.122217e-03;1.041491e-01;-8.777038e-03;9.085619e-02;-1.002898e-02;6.686125e-02;-3.781235e-03;4.827385e-02;-2.230758e-03;3.407863e-02;-1.044398e-03;2.293716e-02;-4.600338e-04;5.743109e-02;-9.568785e-03;5.471227e-02;-7.113077e-03;2.253980e+01;1.650879e+00;3.418590e+01;2.842383e+00;7.713312e+01;-2.469141e+00;1.294919e+02;1.432676e+01;5.621886e-02;-1.370206e-03;4.415038e+01;3.984663e+00;1.738240e-01;1.162332e-02;1.805203e+05;2.571908e+04;9.978227e-01;-1.487910e-02;4.313811e+01;-4.666248e-01;1.796298e-02;2.443284e-03;2.637353e-02;2.638515e-03;6.635482e-02;-1.165948e-02;1.380932e+00;-1.457120e-02;2.014785e+00;2.529569e-01;1.622416e+00;1.271160e-03;1.941890e+00;-7.557150e-03;2.179636e+00;-1.114245e-02;2.218903e+00;1.937969e-01;2.372795e+00;3.602089e-02;2.441123e+00;-1.528967e-02;3.265144e+00;-1.286377e-01;2.760689e+00;-2.637618e-01;2.631093e+00;-9.262799e-02;2.320644e+00;1.990756e-01;2.537718e+00;4.143342e-01;2.150610e+00;1.666289e-01
55.000000;9.963931e+01;2.455896e+02;5.336241e-02;8.346396e-01;7.962218e-02;6.626549e-02;1.033881e-01;7.429757e-02;1.416027e-01;1.884444e-01;8.589555e+00;6.503072e+00;6.748677e-01;1.568299e+00;4.475660e-01;1.176280e+00;2.755452e-02;4.394508e-02;2.784251e-02;7.023683e-02;6.785625e-02;1.467352e-01;1.192892e-01;2.944269e-01;1.483516e-01;4.367206e-01;2.515484e-01;5.934448e-01;2.200409e-01;7.049732e-01;3.793516e-01;8.282789e-01;5.130014e-01;1.028821e+00;5.821277e-01;1.182421e+00;7.128944e-01;1.269219e+00;1.082071e+00;1.456791e+00;9.189231e-01;1.467528e+00;8.118318e-01;1.508695e+00;8.325826e-01;1.616893e+00;8.503934e-01;1.583232e+00;9.855383e-01;1.689671e+00;8.241433e-01;1.735602e+00;6.334013e-01;1.660040e+00;5.316510e-01;1.628505e+00;5.576549e-01;1.622906e+00;5.193695e-01;1.606337e+00;4.850011e-01;1.540693e+00;4.659285e-01;1.405848e+00;3.442284e-01;1.189845e+00;2.065347e-01;9.690099e-01;1.482664e-01;7.933273e-01;9.371006e-02;6.233262e-01;2.139746e-01;1.265926e-01;2.940223e-01;2.906017e-01;1.016727e+02;7.549541e+02;1.370459e+02;8.802773e+02;6.441273e+02;1.347404e+03;1.189432e+03;2.336353e+03;2.002020e-01;3.065996e-01;3.805424e+02;1.274302e+03;8.562058e-01;4.236266e+00;1.847896e+06;1.761683e+06;3.508986e+00;5.794354e+00;1.360290e+02;8.444904e+01;1.137081e-01;-1.208377e-01;2.223005e-01;1.056066e+00;4.526712e-01;4.924927e-01;5.968891e+00;6.601474e+00;9.916818e+00;-2.100883e+01;5.205865e+00;-2.049373e+01;5.814439e+00;-2.699862e+01;6.104355e+00;-8.648252e+00;8.039845e+00;-6.926064e+00;9.632667e+00;5.167394e+00;1.110386e+01;-2.647032e-01;9.900815e+00;-3.467080e+00;9.033081e+00;-1.185151e+01;1.015886e+01;-1.090876e+01;7.270073e+00;-7.098200e+00;8.623405e+00;-1.959867e+00;6.393948e+00;-2.423246e+00;1.992685e-03;3.894986e-05;9.150126e-07;1.759473e-08;2.004501e-06;8.282183e-08;2.671432e-06;1.072098e-07;3.038929e-06;-1.613411e-07;1.915834e-04;3.745100e-06;9.730388e-02;9.291021e-03;7.072603e-02;3.686508e-03;3.971708e-03;2.871188e-04;3.937300e-03;-2.422524e-04;2.120709e-02;-3.739662e-04;3.247675e-02;-1.566363e-03;4.051395e-02;-2.489103e-03;5.145905e-02;1.736060e-04;4.829554e-02;2.188359e-03;7.793394e-02;5.308032e-03;1.100938e-01;9.836222e-03;9.582845e-02;3.566458e-03;1.531437e-01;-4.683259e-04;2.281173e-01;1.584549e-03;1.761994e-01;2.280878e-03;1.694345e-01;4.431702e-03;1.543972e-01;1.016953e-02;1.475270e-01;1.878192e-02;1.936870e-01;9.206745e-03;1.433906e-01;5.053392e-03;1.119671e-01;5.077422e-03;1.019708e-01;5.996695e-03;1.099962e-01;6.544213e-03;9.724693e-02;2.628220e-03;9.261404e-02;3.267698e-03;7.985058e-02;2.659445e-03;6.576848e-02;7.445302e-04;4.478826e-02;6.132709e-04;3.450127e-02;5.908745e-04;2.263001e-02;4.318332e-05;4.795401e-02;4.832025e-04;6.217544e-02;1.673550e-03;2.744914e+01;1.162793e+00;3.922311e+01;-1.148437e-01;1.639033e+02;7.766309e+00;2.521135e+02;-6.718359e+00;5.810085e-02;2.385367e-03;8.590222e+01;-3.678237e-01;1.881647e-01;-6.906195e-03;3.754416e+05;-2.289649e+04;1.060005e+00;2.830719e-03;4.418985e+01;1.590791e-01;1.808141e-02;-6.640590e-04;5.018242e-02;-2.228800e-04;6.409696e-02;2.820337e-03;1.603071e+00;-7.288691e-02;1.756527e+00;-2.958813e-01;1.742186e+00;-9.313540e-02;1.887053e+00;-8.267177e-03;2.130341e+00;-1.879592e-01;2.483031e+00;-2.369747e-01;2.621805e+00;1.625283e-01;2.564265e+00;3.404918e-01;2.956980e+00;1.189909e-01;2.786790e+00;4.393646e-02;2.840514e+00;1.699607e-01;2.063840e+00;1.263824e-01;2.335516e+00;-1.110693e-02;1.720090e+00;-1.361184e-02
55.500000;9.625560e+01;2.306772e+02;5.140506e-02;8.105609e-01;8.906829e-02;7.222761e-02;1.134152e-01;8.633698e-02;1.355411e-01;1.981563e-01;1.651762e+01;7.451580e-01;5.321009e-01;1.276441e+00;3.883956e-01;1.055135e+00;2.053787e-02;2.912328e-02;2.725585e-02;8.554800e-02;6.318499e-02;1.398849e-01;1.323214e-01;2.878836e-01;1.622916e-01;4.229703e-01;2.175880e-01;5.795214e-01;2.045603e-01;6.896970e-01;3.818563e-01;8.199918e-01;5.935251e-01;9.711708e-01;3.931399e-01;8.987995e-01;6.412177e-01;1.022601e+00;9.827075e-01;1.211310e+00;8.626006e-01;1.249367e+00;7.377928e-01;1.274652e+00;7.418289e-01;1.371711e+00;7.194195e-01;1.477614e+00;8.351034e-01;1.548970e+00;7.203315e-01;1.515118e+00;5.326567e-01;1.505276e+00;4.452241e-01;1.502763e+00;4.524566e-01;1.507052e+00;3.944443e-01;1.451247e+00;3.698363e-01;1.382723e+00;3.315555e-01;1.250217e+00;2.783384e-01;1.084113e+00;1.896180e-01;9.175305e-01;1.512930e-01;7.492900e-01;9.031713e-02;6.020288e-01;5.920534e-02;4.556607e-02;2.557073e-01;1.732178e-01;1.010788e+02;7.223672e+02;2.654408e+02;9.642568e+02;7.049473e+02;1.783236e+03;1.237629e+03;2.835636e+03;1.656389e-01;2.578806e-01;4.142890e+02;1.471648e+03;8.375816e-01;4.704630e+00;1.864056e+06;2.329002e+06;2.107972e+00;4.577926e+00;4.716531e+01;4.680403e+01;7.019474e-02;-5.681899e-02;2.410503e-01;1.156005e+00;2.898704e-01;2.252450e-01;4.712389e+00;3.939446e+00;7.675794e+00;-1.932295e+01;7.315808e+00;-1.656322e+01;5.779693e+00;-2.375323e+01;1.044417e+01;-1.511981e+01;9.867617e+00;-1.033770e+01;7.126899e+00;7.191589e+00;9.984980e+00;3.240466e+00;9.839583e+00;-1.319532e+00;7.773263e+00;-6.460999e+00;1.012330e+01;-3.202420e+00;5.879851e+00;-5.749678e+00;8.530409e+00;-4.013163e+00;5.048481e+00;-3.674506e+00;1.688518e-03;-1.405375e-04;1.044696e-06;4.573175e-08;2.060180e-06;-1.860395e-07;2.637004e-06;-2.160270e-07;3.263063e-06;-2.833417e-07;4.516408e-04;8.111168e-06;9.953229e-02;5.624813e-03;6.943978e-02;4.818879e-03;4.184724e-03;1.276798e-04;5.125423e-03;-2.078609e-04;1.833258e-02;1.281175e-04;3.548409e-02;2.552922e-03;4.198891e-02;3.829325e-03;5.051409e-02;4.603223e-03;5.506964e-02;3.279548e-03;8.317646e-02;5.868518e-03;1.414062e-01;5.764989e-03;8.795795e-02;5.976228e-03;1.345397e-01;1.766125e-03;1.997499e-01;4.194962e-03;1.599418e-01;3.493549e-03;1.407216e-01;4.478759e-03;1.609403e-01;5.870769e-03;1.551188e-01;1.010092e-02;1.728871e-01;1.013786e-02;1.233873e-01;5.071431e-03;1.156283e-01;4.733905e-03;1.137020e-01;1.479527e-02;1.115178e-01;1.242126e-02;9.680620e-02;3.576859e-03;8.748118e-02;2.912782e-03;7.659885e-02;4.387148e-03;6.776368e-02;3.055897e-03;4.970790e-02;1.950625e-03;3.438226e-02;-9.950495e-05;2.780888e-02;4.393517e-04;1.725334e-02;6.724599e-04;4.628284e-02;7.703814e-04;2.649770e+01;-1.650879e+00;9.075910e+01;-1.851856e+00;1.871050e+02;9.819140e+00;2.949904e+02;1.004883e-01;3.963123e-02;7.188962e-04;1.073165e+02;-2.250187e-01;2.139186e-01;1.272107e-03;4.156563e+05;-1.673339e+04;6.305045e-01;-1.066276e-02;1.461941e+01;-7.845756e-03;1.746402e-02;-2.094233e-04;6.248922e-02;-8.944146e-04;7.310920e-02;9.019495e-04;1.422765e+00;3.133623e-02;1.359475e+00;-1.136672e-01;1.761670e+00;1.764783e-01;1.768299e+00;8.919872e-02;2.763469e+00;-2.342658e-01;2.841236e+00;-3.220119e-01;2.470654e+00;-2.058084e-02;2.912055e+00;1.147712e-01;2.730885e+00;-5.479947e-03;2.638764e+00;-1.480507e-01;3.109416e+00;8.348672e-02;1.881328e+00;-2.453934e-02;1.961181e+00;-3.280517e-01;1.662338e+00;2.904301e-03
56.000000;9.653690e+01;2.119197e+02;6.846466e-02;8.147546e-01;6.597620e-02;4.145381e-02;8.289924e-02;4.742358e-02;1.429297e-01;1.732735e-01;3.338270e+01;-7.209520e+00;5.426553e-01;1.345240e+00;3.585272e-01;1.080824e+00;2.185232e-02;3.164794e-02;3.788238e-02;8.436508e-02;5.406630e-02;1.422258e-01;1.055916e-01;3.124678e-01;1.995204e-01;5.108944e-01;2.077052e-01;6.131826e-01;3.574818e-01;7.969248e-01;4.111353e-01;8.791957e-01;6.894895e-01;1.073100e+00;5.616153e-01;1.050403e+00;8.210862e-01;1.202576e+00;8.259359e-01;1.284219e+00;8.571222e-01;1.362671e+00;6.122249e-01;1.274351e+00;6.873225e-01;1.381598e+00;6.032036e-01;1.438034e+00;7.569139e-01;1.543982e+00;5.377598e-01;1.434212e+00;3.566080e-01;1.441493e+00;3.986889e-01;1.514781e+00;3.349508e-01;1.499871e+00;2.859324e-01;1.454620e+00;2.696255e-01;1.371686e+00;2.391860e-01;1.230678e+00;1.904216e-01;1.068873e+00;1.465824e-01;8.976292e-01;1.089495e-01;7.245200e-01;8.339266e-02;5.972264e-01;7.650142e-02;6.559464e-02;2.327252e-01;1.784361e-01;2.739380e+02;7.489248e+02;5.843649e+02;1.125612e+03;9.074620e+02;1.887313e+03;1.346318e+03;2.758547e+03;1.914138e-01;2.856819e-01;6.342866e+02;1.506176e+03;1.037993e+00;4.767506e+00;1.814560e+06;2037715;2.156714e+00;4.657421e+00;4.451198e+01;5.036102e+01;7.939493e-02;-6.732438e-02;3.514669e-01;1.161582e+00;3.109283e-01;2.584940e-01;6.544795e+00;5.867012e+00;6.578798e+00;-1.969712e+01;8.405435e+00;-1.340233e+01;4.865119e+00;-2.097743e+01;1.049203e+01;-1.538843e+01;8.739668e+00;-1.217302e+01;6.974870e+00;4.200133e+00;9.779870e+00;1.230814e+00;1.031666e+01;-4.256901e+00;8.383974e+00;-9.124928e+00;9.355288e+00;-4.051089e+00;7.101669e+00;-1.017762e+01;7.097347e+00;-1.205745e+01;4.930106e+00;-6.444703e+00;7.401109e-04;3.495443e-05;1.243551e-06;-9.672301e-09;1.319425e-06;-2.672621e-07;1.593734e-06;-3.491546e-07;3.806940e-06;2.104960e-07;6.376949e-04;-3.331105e-06;1.016218e-01;-1.184786e-04;7.118227e-02;-1.587223e-03;4.147991e-03;4.212578e-05;6.963996e-03;-2.616528e-04;1.424102e-02;3.962487e-04;2.865524e-02;5.573857e-04;4.420574e-02;1.344353e-03;5.143972e-02;9.376192e-04;8.165308e-02;-1.328179e-03;1.003359e-01;-2.250207e-03;1.670907e-01;-6.171022e-03;1.122030e-01;7.944552e-04;1.443722e-01;3.191885e-03;1.546827e-01;1.270202e-03;1.557701e-01;-1.326702e-03;1.271389e-01;-5.172663e-04;1.537759e-01;-6.208817e-03;1.516476e-01;-1.010649e-02;1.466194e-01;-4.039612e-03;1.224906e-01;-8.383895e-04;1.034043e-01;-2.880370e-03;1.214460e-01;-3.568149e-03;1.065374e-01;-2.284243e-03;8.464403e-02;5.217714e-04;7.386588e-02;-2.559505e-03;6.892013e-02;-1.876032e-03;5.470384e-02;-1.317095e-03;4.329267e-02;-1.273473e-03;2.989080e-02;-1.582072e-03;2.627324e-02;-1.540895e-04;2.307398e-02;-2.323091e-04;3.690296e-02;9.643954e-05;7.879851e+01;2.296875e-01;1.455247e+02;5.024414e-01;2.082562e+02;-6.847558e+00;2.980196e+02;-3.890332e+00;4.770083e-02;2.666149e-03;1.385985e+02;-1.848285e+00;2.599846e-01;1.016886e-03;3.783988e+05;-3.064526e+03;6.479999e-01;2.158691e-02;1.363880e+01;4.049979e-01;1.776148e-02;-1.618243e-04;7.787526e-02;-9.081835e-04;7.123169e-02;1.267945e-04;1.451809e+00;9.321824e-02;1.411726e+00;3.374670e-02;2.080129e+00;2.974631e-02;1.603502e+00;1.429943e-02;2.842347e+00;1.684011e-01;2.543667e+00;1.872706e-01;2.029099e+00;-1.037537e-01;2.696499e+00;-2.456188e-01;2.909535e+00;-2.294110e-01;2.639108e+00;-1.611812e-01;2.732044e+00;-1.218007e-01;1.827190e+00;-1.184292e-01;1.918190e+00;-9.806068e-02;1.544947e+00;1.464091e-03
56.500000;9.518583e+01;2.053130e+02;7.646339e-02;8.075165e-01;4.474805e-02;3.611662e-02;4.811290e-02;3.611982e-02;1.535214e-01;1.634684e-01;3.711182e+01;-1.030000e+01;5.913116e-01;1.421558e+00;3.658509e-01;1.080864e+00;2.322532e-02;3.522396e-02;4.142917e-02;8.048753e-02;5.467385e-02;1.408265e-01;1.024021e-01;2.938358e-01;2.201563e-01;4.970956e-01;2.325814e-01;5.927817e-01;4.243008e-01;8.149335e-01;3.922691e-01;8.682318e-01;6.210740e-01;9.742231e-01;5.932587e-01;1.102247e+00;8.139812e-01;1.206895e+00;8.259136e-01;1.281905e+00;8.442833e-01;1.338778e+00;6.260078e-01;1.302039e+00;6.647311e-01;1.362260e+00;6.096907e-01;1.387546e+00;8.248467e-01;1.491736e+00;5.836043e-01;1.467250e+00;3.655430e-01;1.472003e+00;4.370071e-01;1.562855e+00;3.456309e-01;1.525675e+00;2.970733e-01;1.478120e+00;2.854728e-01;1.383471e+00;2.499301e-01;1.251311e+00;1.927272e-01;1.080164e+00;1.478722e-01;8.913513e-01;1.108732e-01;7.362309e-01;8.194729e-02;5.986970e-01;1.076960e-01;8.263563e-02;2.442546e-01;2.154210e-01;2.799411e+02;7.375840e+02;5.724664e+02;1.090585e+03;9.952293e+02;1.733423e+03;1.409248e+03;2.744335e+03;1.985127e-01;3.251150e-01;6.747163e+02;1.465184e+03;1.069977e+00;4.693497e+00;2.157678e+06;2070955;1.807394e+00;4.605886e+00;3.403736e+01;4.870889e+01;8.342408e-02;-8.032598e-02;3.769904e-01;1.141643e+00;3.400861e-01;3.164511e-01;6.949270e+00;6.692334e+00;7.662849e+00;-2.040859e+01;7.505005e+00;-1.332941e+01;5.077250e+00;-2.229344e+01;7.635681e+00;-1.165767e+01;6.726865e+00;-8.282855e+00;7.145803e+00;7.438211e-01;8.395641e+00;-2.102318e+00;9.061600e+00;-5.526730e+00;1.042056e+01;-1.114568e+01;1.103356e+01;-7.931280e+00;8.992454e+00;-1.180631e+01;8.753334e+00;-1.393344e+01;6.512485e+00;-8.245272e+00;6.620926e-04;-2.423023e-06;1.193417e-06;-1.140056e-07;7.792397e-07;-1.030642e-07;8.334857e-07;-8.184846e-08;3.439091e-06;2.119112e-07;7.014169e-04;-3.664432e-05;9.714220e-02;9.126542e-04;6.616583e-02;4.889545e-04;3.857096e-03;7.841700e-05;7.249447e-03;-1.083397e-04;1.433800e-02;5.698440e-04;2.282084e-02;-1.059400e-03;4.692378e-02;-1.198444e-03;5.291007e-02;4.822834e-04;8.761545e-02;2.298665e-03;1.139388e-01;2.260512e-03;1.379683e-01;1.337852e-03;1.208427e-01;4.699354e-03;1.412134e-01;2.741851e-03;1.669526e-01;1.515616e-03;1.633347e-01;1.284617e-03;1.456113e-01;2.269153e-03;1.345103e-01;4.190042e-03;1.306925e-01;8.017648e-04;1.536671e-01;-4.768832e-03;1.283302e-01;3.641407e-04;9.026595e-02;1.925519e-03;1.014610e-01;-2.771611e-03;8.513446e-02;-3.389147e-03;6.781377e-02;8.682440e-04;6.347826e-02;1.943705e-03;6.018066e-02;-2.255257e-03;4.460739e-02;-7.715218e-04;3.354217e-02;-6.794753e-04;2.999949e-02;2.667037e-04;2.367899e-02;-2.133402e-04;4.050427e-02;1.392178e-03;4.319987e-02;-8.710832e-05;7.857683e+01;-1.019238e+00;1.310030e+02;-7.177734e-02;2.368354e+02;-1.040771e+01;3.150800e+02;-7.149024e+00;4.856660e-02;2.654471e-03;1.476908e+02;-3.284160e+00;2.528517e-01;-1.003441e-03;4.490229e+05;-4.086581e+03;5.733091e-01;1.729762e-02;1.091421e+01;2.949300e-01;1.586109e-02;-4.152102e-04;8.366698e-02;-1.846670e-03;6.461631e-02;1.249613e-04;1.602450e+00;4.900859e-02;1.468503e+00;5.550820e-03;1.858440e+00;-5.536066e-02;1.641035e+00;-5.241240e-02;2.064471e+00;1.022476e-01;2.151587e+00;1.550506e-01;2.114753e+00;-7.324227e-02;2.887871e+00;7.578908e-04;2.811794e+00;7.228024e-02;3.158222e+00;6.868837e-02;3.247489e+00;-1.060141e-02;2.340790e+00;1.188097e-01;3.210014e+00;1.929391e-01;2.470144e+00;-5.842566e-03
57.000000;7.399084e+01;2.307005e+02;7.106654e-02;8.121969e-01;4.352429e-02;4.149170e-02;4.538886e-02;4.032043e-02;1.412966e-01;1.718535e-01;2.580669e+01;-2.137705e+00;5.230793e-01;1.470868e+00;3.029267e-01;1.046731e+00;2.305061e-02;3.982655e-02;3.081369e-02;6.545226e-02;5.487682e-02;1.389311e-01;9.874912e-02;2.869956e-01;1.569327e-01;4.544091e-01;1.722457e-01;5.897897e-01;2.943398e-01;7.600983e-01;2.685001e-01;8.363753e-01;6.022102e-01;1.010580e+00;5.839859e-01;1.087123e+00;2.959981e-01;9.803554e-01;4.108938e-01;1.103952e+00;5.303823e-01;1.199544e+00;7.015634e-01;1.360417e+00;6.131399e-01;1.344472e+00;5.715720e-01;1.393751e+00;6.130992e-01;1.385390e+00;4.891728e-01;1.436969e+00;4.117898e-01;1.474447e+00;4.624230e-01;1.498727e+00;4.105743e-01;1.495819e+00;3.698513e-01;1.456955e+00;3.999352e-01;1.373919e+00;3.564672e-01;1.262634e+00;2.634295e-01;1.081226e+00;1.718115e-01;8.904724e-01;1.210093e-01;7.234567e-01;8.668292e-02;5.881911e-01;1.120059e-01;1.023595e-01;1.531418e-01;1.745201e-01;1.048334e+02;6.240322e+02;2.231643e+02;8.165391e+02;6.810543e+02;1.282230e+03;1.107688e+03;2.234572e+03;1.773650e-01;3.567995e-01;4.305822e+02;1.184024e+03;9.676786e-01;4.266044e+00;1.837165e+06;1.584033e+06;1.510551e+00;5.237598e+00;3.098081e+01;5.837796e+01;8.810799e-02;-9.598096e-02;2.510248e-01;9.804971e-01;3.893001e-01;3.846657e-01;5.785493e+00;8.592191e+00;8.567833e+00;-2.021982e+01;5.975894e+00;-1.483844e+01;5.537325e+00;-2.493973e+01;6.372006e+00;-1.371989e+01;6.664168e+00;-1.230752e+01;7.009937e+00;-8.781364e-01;8.789410e+00;-4.535632e-01;8.134604e+00;-1.233207e+00;1.040867e+01;-9.726374e+00;1.372611e+01;-1.142013e+01;1.110072e+01;-1.259166e+01;8.420472e+00;-1.210032e+01;8.308498e+00;-6.354863e+00;6.699272e-04;-3.609642e-05;1.025732e-06;2.035795e-08;8.519104e-07;-6.207048e-08;8.999581e-07;-2.321076e-08;2.341732e-06;7.861150e-08;5.549208e-04;8.920902e-08;9.691858e-02;1.672137e-03;5.770354e-02;8.120355e-04;4.418668e-03;1.033593e-04;5.289299e-03;-2.280174e-05;1.915503e-02;7.452737e-04;3.152521e-02;1.425736e-03;4.439927e-02;1.818369e-03;4.619608e-02;2.583026e-03;6.968174e-02;3.669804e-03;9.443377e-02;2.212851e-03;1.217702e-01;-1.028326e-03;1.234264e-01;-4.336216e-03;7.061610e-02;4.861664e-03;1.215751e-01;7.775060e-03;1.237399e-01;6.050096e-03;1.613969e-01;-1.772961e-03;1.227936e-01;1.399050e-03;1.196621e-01;-3.227459e-03;1.369445e-01;8.311643e-04;1.087425e-01;1.359807e-04;9.462046e-02;-1.102794e-03;1.114235e-01;-1.760811e-03;9.097284e-02;-1.556423e-03;7.501946e-02;-1.062162e-03;7.598690e-02;5.235302e-04;7.312047e-02;-2.243104e-04;5.481704e-02;2.355589e-04;3.613992e-02;9.927008e-04;3.002775e-02;1.414306e-03;2.456089e-02;5.101930e-04;4.338028e-02;2.551434e-03;3.496639e-02;1.552757e-03;2.493121e+01;-1.665234e+00;5.889158e+01;3.158203e-01;1.645287e+02;1.808789e+00;2.639919e+02;-3.215625e+00;5.297248e-02;-9.912740e-04;9.819928e+01;-1.248691e+00;2.228249e-01;5.180438e-04;3.987556e+05;-3.131998e+03;4.322844e-01;1.055321e-02;8.892698e+00;4.144589e-01;1.803333e-02;-3.243278e-04;5.755359e-02;-8.395282e-04;7.641249e-02;1.619205e-03;1.390861e+00;8.730409e-02;1.913993e+00;9.061614e-02;1.812278e+00;-1.525493e-02;2.102433e+00;4.457566e-02;2.191248e+00;5.028239e-02;1.942505e+00;-2.744092e-02;2.273183e+00;-9.580673e-02;2.822284e+00;-7.101819e-02;2.502026e+00;4.755915e-02;3.099375e+00;2.632884e-01;3.510418e+00;1.791750e-01;2.680612e+00;6.938926e-02;3.146317e+00;2.393632e-02;2.881573e+00;-6.449990e-02
57.500000;3.658621e+01;2.294355e+02;5.849474e-02;8.432188e-01;3.754586e-02;3.131274e-02;4.874674e-02;3.035683e-02;1.052559e-01;1.297322e-01;1.211147e+01;7.034072e+00;4.431784e-01;1.578748e+00;2.735008e-01;1.052019e+00;1.815272e-02;4.405585e-02;1.388709e-02;4.870244e-02;6.180257e-02;1.435355e-01;8.330546e-02;3.273588e-01;1.054656e-01;4.972525e-01;1.375763e-01;6.440259e-01;1.955509e-01;7.700827e-01;1.848746e-01;8.014153e-01;5.750943e-01;1.016714e+00;5.235586e-01;1.010872e+00;3.733543e-01;1.063277e+00;3.853720e-01;1.119976e+00;5.060056e-01;1.210772e+00;6.417938e-01;1.323288e+00;5.451128e-01;1.332036e+00;5.251818e-01;1.385182e+00;5.488316e-01;1.398796e+00;4.471155e-01;1.447395e+00;3.997421e-01;1.475173e+00;3.949489e-01;1.439932e+00;3.885444e-01;1.474161e+00;3.547018e-01;1.460516e+00;3.801842e-01;1.397254e+00;3.358021e-01;1.263415e+00;2.474960e-01;1.100123e+00;1.634267e-01;9.128521e-01;1.131986e-01;7.418454e-01;8.676437e-02;5.952443e-01;1.663045e-01;2.003717e-01;1.304765e-01;1.817553e-01;1.382672e+02;5.244053e+02;1.324389e+02;6.584854e+02;2.490158e+02;9.674150e+02;5.624724e+02;1.686480e+03;1.667469e-01;3.314146e-01;1.731198e+02;9.220258e+02;6.562665e-01;3.958027e+00;8.137426e+05;8.758451e+05;1.549680e+00;6.212724e+00;3.268404e+01;7.771202e+01;7.152762e-02;-1.031150e-01;1.160233e-01;8.128975e-01;3.235774e-01;4.118150e-01;4.424747e+00;1.302214e+01;9.179252e+00;-1.791536e+01;7.124195e+00;-1.424735e+01;6.037500e+00;-2.381817e+01;6.779380e+00;-1.604221e+01;8.031474e+00;-1.905898e+01;9.392741e+00;-8.113362e+00;9.024551e+00;-6.537166e+00;7.198549e+00;-4.217302e+00;7.798805e+00;-1.091370e+01;1.136068e+01;-1.111993e+01;9.494701e+00;-1.267979e+01;6.365139e+00;-1.120423e+01;7.511996e+00;-8.939399e+00;3.306569e-04;-3.080777e-05;8.849440e-07;1.151728e-08;1.011604e-06;5.204242e-08;1.344813e-06;1.723731e-08;1.944130e-06;4.542032e-09;2.298530e-04;3.087897e-05;8.606899e-02;-4.170430e-03;5.139093e-02;-3.160561e-03;3.518975e-03;-1.185331e-04;3.629209e-03;2.312926e-04;2.237827e-02;1.185367e-03;3.064893e-02;1.664648e-04;3.806788e-02;-4.174976e-04;4.172754e-02;-3.478887e-03;5.173337e-02;-5.752616e-03;4.371576e-02;-4.647799e-03;1.155696e-01;-3.461000e-03;1.018571e-01;-4.524595e-03;7.156210e-02;-1.509449e-03;9.818073e-02;-2.212313e-03;1.033958e-01;-1.770983e-04;1.290458e-01;-2.289648e-03;1.051913e-01;-3.807008e-03;1.139201e-01;-6.346583e-03;1.252369e-01;-7.364856e-05;1.015901e-01;-2.791589e-03;9.074309e-02;-5.251015e-03;1.043826e-01;-1.006438e-02;8.799328e-02;-7.022483e-03;7.448110e-02;-4.870270e-03;7.023364e-02;-4.764463e-03;6.825823e-02;-2.147391e-03;5.158195e-02;-3.099350e-03;3.532389e-02;-2.564726e-03;2.679349e-02;-1.289365e-03;2.282986e-02;-9.632800e-04;3.026989e-02;-1.645482e-03;3.061027e-02;-4.096419e-04;2.513207e+01;-1.708301e+00;3.546625e+01;-1.550391e+00;9.767024e+01;2.153320e-01;1.821531e+02;-3.387891e+00;5.787534e-02;-1.660369e-03;5.393143e+01;-1.494591e+00;1.777134e-01;3.855141e-03;2.191620e+05;3.436887e+03;5.270761e-01;4.336131e-03;1.089131e+01;1.042644e-02;1.391495e-02;4.631059e-04;3.297639e-02;-1.128297e-03;5.661646e-02;-8.886193e-04;1.114093e+00;5.895757e-02;2.071200e+00;1.194965e-01;1.724184e+00;5.904813e-02;1.909115e+00;1.696767e-01;2.381551e+00;1.598747e-01;2.256834e+00;7.747323e-02;2.157489e+00;6.453021e-02;2.154091e+00;-6.404437e-02;2.007152e+00;-1.178418e-01;2.594413e+00;1.624805e-02;2.517088e+00;-9.239937e-02;2.074358e+00;-1.428452e-01;1.743674e+00;-4.956463e-02;1.977794e+00;-2.701675e-02
58.000000;2.641601e+01;2.324855e+02;5.651508e-02;8.400227e-01;6.362209e-02;5.816940e-02;6.587403e-02;5.494564e-02;1.201402e-01;1.490517e-01;5.417558e+00;8.376791e+00;4.844689e-01;1.416937e+00;3.244299e-01;1.020980e+00;2.263502e-02;4.111513e-02;2.891764e-02;5.567901e-02;7.000963e-02;1.381103e-01;9.253939e-02;2.804379e-01;1.348716e-01;4.180140e-01;1.803176e-01;5.783607e-01;2.388213e-01;6.799870e-01;4.796316e-01;8.822300e-01;8.442418e-01;1.064749e+00;3.883921e-01;9.187928e-01;4.529027e-01;1.033446e+00;4.629770e-01;1.075983e+00;7.265785e-01;1.211377e+00;5.607286e-01;1.203159e+00;4.558396e-01;1.220732e+00;5.122830e-01;1.301020e+00;4.831335e-01;1.335906e+00;5.416096e-01;1.409976e+00;4.848031e-01;1.443952e+00;5.075314e-01;1.483049e+00;4.423509e-01;1.473520e+00;3.983374e-01;1.447020e+00;3.861835e-01;1.392362e+00;2.995554e-01;1.225268e+00;2.317629e-01;1.070231e+00;1.633225e-01;9.056871e-01;1.314052e-01;7.480945e-01;1.087438e-01;6.040193e-01;2.220736e-01;2.389163e-01;1.135417e-01;1.283167e-01;1.331961e+02;5.163662e+02;1.781134e+02;6.856172e+02;5.499472e+02;1.077234e+03;1.168784e+03;1.869226e+03;1.576370e-01;2.899082e-01;3.861512e+02;9.994036e+02;1.015561e+00;3.895421e+00;1.752339e+06;1.408782e+06;2.765701e+00;6.817235e+00;7.151066e+01;9.597823e+01;9.437547e-02;-1.004771e-01;2.357088e-01;8.571539e-01;4.139069e-01;4.142188e-01;5.479231e+00;1.159237e+01;8.647507e+00;-1.518529e+01;7.792427e+00;-1.388431e+01;7.733332e+00;-2.565643e+01;6.678606e+00;-1.788282e+01;8.704618e+00;-1.716150e+01;8.792996e+00;-8.571017e+00;9.496969e+00;-5.389937e+00;1.188573e+01;-2.122800e+00;1.040895e+01;-7.010416e+00;7.828372e+00;-8.330091e+00;8.937717e+00;-1.306501e+01;7.134583e+00;-1.209967e+01;4.427077e+00;-1.098097e+01;6.953820e-04;-1.155150e-05;1.045520e-06;-1.857578e-08;1.332954e-06;6.484112e-10;1.581536e-06;3.103588e-09;2.926812e-06;-5.953264e-08;1.146009e-04;2.708680e-07;9.743562e-02;-2.909761e-03;6.376848e-02;8.140493e-04;4.574475e-03;-7.141447e-05;6.186788e-03;-4.610730e-05;2.419610e-02;-8.618277e-04;2.591311e-02;-1.270604e-04;3.810835e-02;5.258530e-04;4.463501e-02;-1.241139e-03;4.921272e-02;-9.260639e-04;8.954743e-02;6.348304e-04;1.758396e-01;4.414249e-03;9.701633e-02;3.740156e-03;8.748434e-02;-2.782851e-03;1.016171e-01;-3.456737e-03;1.555480e-01;1.907748e-04;1.215734e-01;5.659933e-03;1.202793e-01;2.511224e-03;1.280629e-01;3.110563e-03;1.159080e-01;3.435678e-03;1.144793e-01;1.622848e-03;1.038240e-01;9.422947e-04;1.098142e-01;1.404083e-03;9.305822e-02;2.569912e-04;7.950956e-02;-1.515396e-04;7.718223e-02;1.755534e-03;5.884854e-02;1.473798e-03;4.340732e-02;6.436385e-04;3.233742e-02;-3.592001e-04;2.829730e-02;-2.921800e-04;2.294030e-02;-9.585771e-04;4.652249e-02;-1.371990e-03;2.699177e-02;-2.428523e-03;2.691418e+01;1.306348e+00;5.054760e+01;-1.564746e+00;1.674422e+02;-3.588867e+00;2.966590e+02;-2.253808e+00;5.227957e-02;1.113135e-04;9.826010e+01;-8.414512e-01;2.709387e-01;-7.809907e-03;4.036664e+05;5.877407e+02;7.964955e-01;2.383118e-02;2.149498e+01;4.690346e-01;1.922595e-02;1.953334e-04;5.888943e-02;-5.198750e-04;8.310583e-02;-9.148618e-04;1.439720e+00;-5.241817e-02;2.224906e+00;-7.012773e-03;1.686918e+00;-1.232119e-03;2.217255e+00;-8.553637e-02;2.308629e+00;-1.453202e-01;2.221484e+00;-1.159911e-01;2.055338e+00;1.364716e-02;2.392209e+00;6.814049e-02;2.928095e+00;1.097468e-01;2.614107e+00;-4.867415e-02;2.349099e+00;-1.486249e-01;2.310850e+00;-1.479222e-01;1.846561e+00;-5.289901e-02;1.424032e+00;6.149497e-03
58.500000;2.467172e+01;2.315707e+02;6.166069e-02;8.378342e-01;6.292510e-02;5.495527e-02;5.627482e-02;4.726386e-02;1.370884e-01;1.786179e-01;5.711172e+00;8.740016e+00;4.938595e-01;1.439886e+00;3.351976e-01;1.071932e+00;2.580402e-02;4.456784e-02;3.038334e-02;5.694886e-02;7.682119e-02;1.443697e-01;9.830189e-02;2.796261e-01;1.617157e-01;4.324171e-01;1.871226e-01;5.832191e-01;2.410238e-01;7.090929e-01;4.846239e-01;8.902698e-01;8.566135e-01;1.129425e+00;4.055339e-01;1.006086e+00;3.475195e-01;9.999993e-01;4.377832e-01;1.144082e+00;7.133942e-01;1.279513e+00;5.298238e-01;1.280360e+00;4.224582e-01;1.293297e+00;4.988593e-01;1.419348e+00;4.936105e-01;1.476142e+00;6.087392e-01;1.514949e+00;5.367432e-01;1.514294e+00;5.150807e-01;1.583046e+00;4.983113e-01;1.568820e+00;4.193274e-01;1.507323e+00;3.909531e-01;1.425311e+00;3.303424e-01;1.290212e+00;2.632835e-01;1.114427e+00;1.941782e-01;9.264084e-01;1.500602e-01;7.494381e-01;1.154289e-01;6.087620e-01;1.844160e-01;1.890435e-01;7.392720e-02;1.037595e-01;1.075165e+02;5.786689e+02;1.508280e+02;6.963838e+02;5.523621e+02;1.039049e+03;1.211616e+03;1.834485e+03;1.466904e-01;2.921564e-01;3.769935e+02;1.017164e+03;1.126878e+00;3.700552e+00;1.766223e+06;1413573;2.873236e+00;6.991140e+00;7.494534e+01;1.002549e+02;1.114767e-01;-1.206970e-01;2.218446e-01;8.753173e-01;4.786175e-01;4.904242e-01;4.740344e+00;1.025476e+01;6.929239e+00;-1.574986e+01;7.482667e+00;-1.375791e+01;8.090783e+00;-2.775417e+01;7.535907e+00;-1.993209e+01;8.322743e+00;-1.611413e+01;7.385992e+00;-4.393202e+00;8.218804e+00;-1.550407e+00;1.140108e+01;3.086618e+00;9.633497e+00;-3.858887e+00;7.575765e+00;-9.115841e+00;9.308135e+00;-1.726891e+01;7.210914e+00;-1.557559e+01;3.911589e+00;-7.722660e+00;6.346817e-04;-2.264258e-05;1.167763e-06;5.440395e-09;1.193659e-06;-4.731055e-08;1.100042e-06;5.238984e-09;3.248275e-06;9.570296e-08;1.035798e-04;-6.157124e-07;9.219003e-02;-2.274055e-03;6.285217e-02;-1.967492e-03;4.914932e-03;-1.034781e-04;6.319549e-03;3.398841e-04;2.681262e-02;-1.735775e-03;2.751051e-02;-1.712799e-03;4.123171e-02;-2.167443e-03;4.645190e-02;-1.842435e-03;5.438943e-02;-1.572723e-03;9.149194e-02;-3.063204e-03;1.768958e-01;-2.451259e-03;9.445167e-02;-4.221512e-03;7.789307e-02;-3.092367e-03;9.819819e-02;-9.521594e-04;1.498030e-01;-1.877013e-03;1.149172e-01;-1.915354e-03;1.102517e-01;-3.714825e-03;1.149023e-01;-4.528935e-03;1.118915e-01;-5.137186e-03;1.132313e-01;-2.076788e-03;1.050657e-01;-1.340707e-03;1.080634e-01;-2.354929e-03;1.064658e-01;-2.424716e-03;8.444521e-02;3.421868e-04;7.691383e-02;-1.887604e-04;6.463857e-02;-7.298155e-04;4.914707e-02;-4.803119e-04;3.671841e-02;-1.469378e-04;2.978808e-02;-1.146488e-03;2.240383e-02;-6.225295e-04;4.477173e-02;-4.305933e-04;1.657169e-02;-1.682823e-04;2.368283e+01;3.689355e+00;4.456131e+01;2.770606e+00;1.610043e+02;4.493262e+00;3.064274e+02;1.482920e+01;4.342714e-02;-1.322493e-03;9.824815e+01;5.447798e+00;2.791722e-01;4.539918e-03;4.122896e+05;1.405666e+04;8.080986e-01;-1.478045e-02;2.214480e+01;-2.920377e-01;2.178179e-02;1.749205e-04;5.797080e-02;3.698798e-03;9.457482e-02;-2.697538e-04;1.487789e+00;-1.092889e-01;1.950295e+00;-4.570182e-02;1.791068e+00;-5.710523e-02;2.266273e+00;-8.473893e-02;2.271874e+00;-1.702083e-02;2.031988e+00;-2.037297e-02;1.963127e+00;-7.160019e-02;2.464604e+00;-7.706659e-02;2.799321e+00;1.013635e-01;2.330014e+00;1.086423e-01;2.542092e+00;1.312240e-02;2.768569e+00;-9.078467e-02;2.100822e+00;5.632224e-02;1.532261e+00;7.880760e-02
59.000000;1.350052e+02;1.915156e+02;8.750218e-02;7.804542e-01;7.565992e-02;5.259076e-02;7.946730e-02;4.960028e-02;1.366566e-01;1.347770e-01;4.323063e+01;-1.800565e+01;5.176474e-01;1.179295e+00;2.246122e-01;9.706961e-01;2.409525e-02;2.982033e-02;3.874029e-02;8.101159e-02;8.156376e-02;1.429313e-01;1.066815e-01;2.749929e-01;1.636628e-01;4.302153e-01;1.783167e-01;5.599633e-01;2.411108e-01;6.795276e-01;2.385297e-01;6.993898e-01;3.237629e-01;7.638258e-01;2.701417e-01;8.857258e-01;3.070511e-01;9.680740e-01;3.429881e-01;1.006572e+00;3.541237e-01;1.061739e+00;3.448870e-01;1.134206e+00;3.148029e-01;1.195750e+00;4.323876e-01;1.289867e+00;4.258265e-01;1.338019e+00;4.435967e-01;1.366807e+00;4.015336e-01;1.407647e+00;3.608144e-01;1.427056e+00;3.887656e-01;1.455268e+00;3.039027e-01;1.409324e+00;2.450679e-01;1.310321e+00;2.403691e-01;1.197685e+00;2.098269e-01;1.046827e+00;1.697436e-01;8.780566e-01;1.294910e-01;7.224404e-01;8.949428e-02;5.858676e-01;1.043233e-01;1.018726e-01;6.843753e-02;7.467920e-02;1.670707e+02;6.142705e+02;3.777501e+02;8.419482e+02;8.264554e+02;1.522828e+03;1.467685e+03;2.680597e+03;1.305137e-01;2.225962e-01;5.605179e+02;1.332822e+03;1.208503e+00;4.564141e+00;2228845;2.530162e+06;2.368647e+00;5.225555e+00;4.982176e+01;5.938049e+01;9.069629e-02;-6.674880e-02;3.288293e-01;1.057787e+00;3.759734e-01;2.537417e-01;6.311375e+00;7.900232e+00;6.023215e+00;-1.439408e+01;6.571678e+00;-1.087491e+01;8.407617e+00;-2.351793e+01;8.572233e+00;-1.804341e+01;9.281113e+00;-1.503614e+01;7.173980e+00;-5.629847e+00;6.972887e+00;-3.888548e+00;7.697405e+00;3.360298e-01;7.093879e+00;-5.752122e+00;6.922655e+00;-6.619644e+00;1.028390e+01;-1.135592e+01;1.055841e+01;-9.510036e+00;4.781013e+00;-4.566001e+00;1.921607e-04;-5.230313e-05;1.065872e-06;-5.488403e-08;1.048843e-06;1.975645e-08;1.386548e-06;3.530656e-08;2.518228e-06;2.778843e-08;7.007600e-04;-3.797242e-05;7.520115e-02;-4.179363e-03;5.323039e-02;8.372302e-04;2.739361e-03;-2.341868e-04;4.766169e-03;2.375913e-04;2.998912e-02;1.031917e-03;3.074141e-02;9.990202e-04;4.164720e-02;6.648794e-04;4.637696e-02;9.870335e-04;5.148489e-02;-2.717131e-03;5.466209e-02;-2.589477e-05;5.510279e-02;-5.075842e-04;6.219767e-02;1.399107e-03;1.028156e-01;1.650167e-03;1.113597e-01;3.395080e-03;9.549308e-02;2.054739e-04;9.366637e-02;1.037529e-03;1.025216e-01;6.502625e-03;1.104075e-01;6.080441e-03;9.845711e-02;2.652759e-03;8.877405e-02;2.296083e-03;9.773500e-02;7.677607e-04;8.950613e-02;1.666990e-03;9.428300e-02;1.101082e-03;8.111418e-02;1.452712e-03;5.706511e-02;-2.058157e-03;5.257785e-02;-1.701825e-03;5.029825e-02;-1.720109e-03;3.795458e-02;-1.234793e-03;2.866826e-02;-2.168925e-03;2.188625e-02;1.176772e-05;1.601996e-02;-1.056661e-03;1.526982e-02;-2.824366e-04;5.734389e+01;-1.105371e+00;1.159633e+02;7.321289e-01;2.026012e+02;3.029004e+00;3.029816e+02;9.747363e+00;3.982015e-02;-1.131752e-03;1.246044e+02;2.486921e+00;1.726126e-01;1.700498e-02;4.689862e+05;1.134208e+04;4.931976e-01;-4.356918e-02;1.022505e+01;-1.065800e+00;1.168927e-02;7.202448e-04;7.232518e-02;1.223496e-03;4.840870e-02;-3.428726e-03;1.590052e+00;8.557268e-03;1.749071e+00;3.702016e-02;1.654812e+00;1.240515e-01;2.164019e+00;1.597869e-01;2.261834e+00;1.229292e-01;2.325438e+00;1.412643e-01;2.142476e+00;5.898879e-02;2.306060e+00;7.190351e-02;1.639378e+00;-1.227621e-01;1.767239e+00;-8.959827e-02;2.119151e+00;3.202729e-02;2.386978e+00;1.839983e-01;1.967876e+00;1.337779e-01;1.512965e+00;6.608471e-02
59.500000;1.513460e+02;1.809435e+02;8.846907e-02;7.650870e-01;7.661353e-02;4.962141e-02;8.098946e-02;4.972218e-02;1.744708e-01;1.370814e-01;4.680444e+01;-3.004650e+01;5.962248e-01;1.120395e+00;4.097995e-01;1.050762e+00;2.616857e-02;2.755656e-02;3.669347e-02;8.883598e-02;8.013690e-02;1.448410e-01;1.464615e-01;2.860137e-01;2.515668e-01;4.593080e-01;2.024178e-01;5.581796e-01;2.609419e-01;6.665710e-01;3.511169e-01;7.836039e-01;6.620236e-01;9.278131e-01;8.017575e-01;1.161103e+00;6.213703e-01;1.183210e+00;6.025410e-01;1.142870e+00;4.947853e-01;1.152655e+00;6.875317e-01;1.280830e+00;7.924244e-01;1.414339e+00;6.536476e-01;1.350564e+00;6.214435e-01;1.366788e+00;6.129504e-01;1.433177e+00;5.435592e-01;1.469716e+00;5.811713e-01;1.500958e+00;5.616882e-01;1.504911e+00;5.228631e-01;1.482911e+00;5.409204e-01;1.406913e+00;4.106682e-01;1.259732e+00;3.026801e-01;1.092604e+00;2.451815e-01;9.193129e-01;1.720708e-01;7.580321e-01;1.060024e-01;6.128522e-01;4.262155e-02;3.729783e-02;1.308000e-01;9.958115e-02;1.764410e+02;6.613564e+02;3.473663e+02;9.181758e+02;8.037233e+02;1.647146e+03;1.343942e+03;2.986655e+03;1.416137e-01;2.283194e-01;5.126021e+02;1.465531e+03;1.159718e+00;4.805138e+00;2179845;3.027897e+06;1.835531e+00;4.689720e+00;3.617962e+01;4.590524e+01;9.966704e-02;-6.568187e-02;2.946188e-01;1.147254e+00;4.439175e-01;2.682182e-01;6.287637e+00;6.121388e+00;8.706311e+00;-1.499768e+01;6.723468e+00;-1.297271e+01;7.312572e+00;-2.226839e+01;6.143970e+00;-1.348868e+01;5.838241e+00;-9.580085e+00;7.148536e+00;-2.759013e+00;7.540604e+00;-1.682872e+00;6.774158e+00;-4.114007e+00;1.212372e+01;-1.441095e+01;1.041649e+01;-1.105281e+01;7.824339e+00;-6.033545e+00;6.676468e+00;-2.077242e+00;4.595271e+00;-3.561538e+00;2.031303e-04;-3.595455e-05;1.147034e-06;7.662643e-08;9.159897e-07;-3.550690e-08;1.344318e-06;-5.458039e-08;2.697233e-06;-5.177570e-07;8.629737e-04;1.778648e-06;1.090052e-01;3.368853e-03;7.562587e-02;3.964759e-03;4.181846e-03;1.669212e-04;5.660237e-03;-7.684556e-04;2.828610e-02;1.684402e-03;3.471966e-02;4.373962e-03;5.174465e-02;5.226420e-03;5.631222e-02;8.891751e-03;6.573407e-02;1.119621e-02;7.458445e-02;6.834751e-03;1.166877e-01;5.973828e-03;1.283826e-01;9.786272e-04;1.465200e-01;8.969625e-04;1.538617e-01;2.377185e-03;1.240146e-01;5.217925e-03;1.410922e-01;8.914424e-03;1.494091e-01;5.736470e-03;1.436753e-01;5.192547e-03;1.395179e-01;3.677072e-03;1.232062e-01;2.951769e-03;1.151690e-01;4.261602e-03;1.160535e-01;7.208037e-03;1.009416e-01;5.847844e-03;9.536821e-02;1.319554e-03;9.671549e-02;1.314522e-03;6.691897e-02;1.125859e-03;5.808089e-02;1.081566e-03;4.892795e-02;8.988749e-04;3.612812e-02;-2.461157e-04;2.474885e-02;1.476934e-04;1.152528e-02;1.366683e-03;2.520272e-02;2.218412e-04;5.893825e+01;-3.158203e+00;1.167687e+02;-3.660645e+00;2.144248e+02;-6.876269e+00;3.238560e+02;-1.652314e+01;5.140520e-02;1.865788e-03;1.328980e+02;-6.840529e+00;2.057021e-01;-1.285435e-02;5.534319e+05;-2.001238e+04;4.625444e-01;2.975150e-02;9.703453e+00;5.908023e-01;1.549052e-02;-2.835837e-04;7.694021e-02;-4.537815e-03;6.750458e-02;1.053873e-03;1.620606e+00;1.244117e-01;2.190759e+00;2.195359e-02;1.988529e+00;5.397497e-02;2.186307e+00;4.037607e-02;2.358184e+00;-3.375567e-02;2.293424e+00;-1.189506e-01;2.031378e+00;-1.771603e-01;2.195243e+00;-2.035173e-02;2.092261e+00;1.161220e-01;2.282641e+00;-6.243671e-02;1.990364e+00;-4.222849e-02;2.227814e+00;1.395940e-01;1.924229e+00;7.857608e-02;1.443534e+00;1.695608e-02
60.000000;7.340678e+01;2.136788e+02;7.149161e-02;8.425384e-01;2.635529e-02;1.847958e-02;3.008361e-02;2.035980e-02;1.536034e-01;1.429484e-01;3.211363e+01;-1.339119e+00;5.357851e-01;1.503469e+00;4.062068e-01;1.171610e+00;2.409983e-02;4.430622e-02;2.397208e-02;5.358151e-02;6.728932e-02;1.473875e-01;1.269204e-01;3.614507e-01;2.162129e-01;5.648440e-01;2.166915e-01;6.532386e-01;3.220461e-01;8.048353e-01;3.561661e-01;9.437422e-01;7.147074e-01;1.207915e+00;8.105145e-01;1.270672e+00;6.569896e-01;1.303029e+00;5.770528e-01;1.302779e+00;5.214321e-01;1.311859e+00;6.812212e-01;1.430277e+00;7.761980e-01;1.523196e+00;6.774628e-01;1.527075e+00;6.848416e-01;1.561491e+00;6.515552e-01;1.595360e+00;5.932208e-01;1.614367e+00;5.716922e-01;1.631473e+00;5.855260e-01;1.651795e+00;5.492830e-01;1.601474e+00;5.824027e-01;1.530811e+00;4.576001e-01;1.385685e+00;3.082733e-01;1.157910e+00;2.355112e-01;9.621210e-01;1.666421e-01;7.863840e-01;1.051723e-01;6.306905e-01;8.844069e-02;1.049304e-01;1.224288e-01;1.446609e-01;1.749248e+02;5.799609e+02;1.678065e+02;6.993984e+02;4.146141e+02;9.500449e+02;7.931221e+02;1.725240e+03;1.369542e-01;2.965627e-01;2.984507e+02;9.856344e+02;9.140084e-01;3.838625e+00;1.338854e+06;1255626;1.732145e+00;6.369255e+00;4.039210e+01;7.751395e+01;9.973600e-02;-1.152779e-01;1.923205e-01;8.569956e-01;4.370775e-01;4.693089e-01;5.102391e+00;1.122316e+01;9.682247e+00;-1.656976e+01;7.176697e+00;-1.420441e+01;6.881095e+00;-2.381750e+01;8.022691e+00;-1.550135e+01;8.676187e+00;-1.239547e+01;1.049403e+01;-3.706044e+00;1.005447e+01;-2.263768e+00;9.278008e+00;-7.161919e+00;1.094709e+01;-1.953228e+01;9.602011e+00;-1.843731e+01;1.016700e+01;-1.254055e+01;9.694030e+00;-9.233439e+00;5.760704e+00;-8.322903e+00;1.413512e-04;-1.416948e-06;1.069477e-06;8.600201e-08;5.182202e-07;-5.325714e-08;5.605342e-07;-8.435527e-08;2.632935e-06;-5.248878e-07;5.075821e-04;4.296135e-05;1.247445e-01;5.396418e-03;8.236582e-02;2.775605e-04;5.089117e-03;2.589381e-04;4.372264e-03;-2.510707e-04;2.219222e-02;-6.970965e-04;2.828051e-02;-1.887671e-03;4.576176e-02;-2.344635e-03;5.022359e-02;-3.890266e-04;7.281808e-02;5.040355e-03;8.312816e-02;9.119109e-04;1.529042e-01;1.834970e-03;1.411177e-01;-8.534439e-04;1.484990e-01;1.333239e-03;1.517221e-01;-8.553216e-03;1.266150e-01;-6.817462e-03;1.436704e-01;-2.571758e-03;1.458142e-01;-4.328547e-03;1.641997e-01;-4.671699e-03;1.858338e-01;-3.461492e-03;1.537981e-01;-1.250219e-03;1.416731e-01;8.080075e-03;1.276563e-01;4.365905e-03;1.242388e-01;9.647980e-03;1.059179e-01;1.505489e-03;1.195653e-01;3.273908e-03;9.287204e-02;2.745634e-03;5.631067e-02;1.323201e-03;4.935803e-02;2.472134e-03;4.026539e-02;2.064797e-03;2.673829e-02;4.432406e-04;2.221490e-02;1.762161e-03;2.846848e-02;-7.440444e-05;3.732008e+01;-1.435547e-02;3.975511e+01;-5.885742e-01;9.541419e+01;-3.545801e+00;1.731332e+02;-9.675586e+00;5.355120e-02;-1.662335e-03;6.099005e+01;-2.797337e+00;2.034795e-01;-1.516950e-02;340030;-1.168453e+04;5.098940e-01;2.217261e-02;1.216538e+01;5.911512e-01;2.028755e-02;-7.969090e-04;3.755331e-02;-1.572515e-03;8.632126e-02;4.105323e-03;1.030683e+00;1.439290e-02;2.514530e+00;6.084808e-03;1.989454e+00;-1.505550e-02;2.115177e+00;-2.148577e-01;2.563699e+00;-2.076966e-01;2.148654e+00;-6.462947e-02;2.357000e+00;-9.397252e-02;2.493261e+00;-4.754775e-03;2.683624e+00;6.341039e-02;2.571039e+00;-2.011967e-01;2.054846e+00;-1.678829e-01;2.381972e+00;-1.506878e-02;2.313195e+00;3.416464e-02;1.614935e+00;-5.654458e-02
60.500000;6.006378e+00;2.298839e+02;4.282553e-02;8.519017e-01;2.537591e-02;2.177592e-02;2.450109e-02;1.887943e-02;1.139386e-01;1.368812e-01;4.265196e+00;9.435850e+00;3.825583e-01;1.346628e+00;2.368920e-01;1.049661e+00;1.740738e-02;3.678842e-02;1.322928e-02;5.089191e-02;4.940080e-02;1.371056e-01;9.676888e-02;3.120567e-01;1.260300e-01;4.772385e-01;1.938525e-01;6.066142e-01;3.481265e-01;8.122413e-01;3.198684e-01;8.927858e-01;5.082799e-01;9.722482e-01;3.802970e-01;9.595954e-01;4.920403e-01;1.113572e+00;3.661583e-01;1.112258e+00;4.183661e-01;1.167790e+00;3.787183e-01;1.208358e+00;3.697944e-01;1.258210e+00;4.811757e-01;1.330880e+00;5.279594e-01;1.415214e+00;4.193445e-01;1.451317e+00;4.213240e-01;1.499065e+00;3.441944e-01;1.526279e+00;4.312305e-01;1.571539e+00;3.001236e-01;1.467655e+00;3.293913e-01;1.405497e+00;3.019820e-01;1.261196e+00;1.785322e-01;1.079651e+00;1.158834e-01;9.050547e-01;9.707509e-02;7.481374e-01;7.162835e-02;5.996384e-01;1.132027e-01;1.592919e-01;7.098845e-02;7.799703e-02;1.497203e+02;4.570781e+02;1.434164e+02;5.648877e+02;1.403353e+02;7.833779e+02;5.398472e+02;1.505171e+03;1.128092e-01;2.486212e-01;1.137073e+02;8.445071e+02;5.369622e-01;3.741072e+00;928410;1.147085e+06;1.688506e+00;6.770614e+00;4.038282e+01;8.260677e+01;6.971985e-02;-7.528665e-02;7.436419e-02;7.472137e-01;2.844836e-01;2.932110e-01;3.338854e+00;1.306334e+01;8.205343e+00;-1.122231e+01;7.156614e+00;-9.832497e+00;7.375561e+00;-2.393901e+01;9.479327e+00;-2.009023e+01;9.002822e+00;-1.554332e+01;9.480484e+00;-1.056674e+01;9.172981e+00;-7.652512e+00;8.683970e+00;-7.969955e+00;8.010962e+00;-1.709470e+01;9.684915e+00;-1.583230e+01;1.037814e+01;-1.392624e+01;8.553372e+00;-1.357786e+01;4.995897e+00;-1.247710e+01;7.851863e-05;5.963783e-06;7.529543e-07;-8.134575e-08;5.693116e-07;5.980240e-08;5.641683e-07;5.023547e-08;2.303033e-06;2.261917e-07;8.087742e-05;-7.401194e-07;9.528333e-02;-2.596614e-03;6.178241e-02;-2.217793e-03;3.686476e-03;-1.306489e-04;3.444566e-03;5.793651e-04;1.614086e-02;-1.309484e-03;1.935122e-02;-3.643233e-03;2.815279e-02;-4.116544e-03;3.293464e-02;-6.528723e-03;6.941719e-02;-9.570858e-03;7.836074e-02;-5.505206e-03;1.160334e-01;-4.123168e-03;9.043009e-02;1.473646e-03;1.163876e-01;2.966910e-03;1.157702e-01;5.287605e-04;1.063582e-01;-1.395449e-03;9.662698e-02;-3.580946e-03;1.012081e-01;-2.826285e-03;1.415415e-01;4.456470e-04;1.623656e-01;-1.382253e-05;1.231949e-01;-1.232166e-03;1.231963e-01;-1.887878e-03;1.050622e-01;-4.948440e-03;1.191148e-01;-5.445931e-03;7.991329e-02;3.219953e-04;8.692956e-02;-1.806182e-03;7.585002e-02;-9.990315e-04;3.909998e-02;-2.347138e-03;3.531497e-02;-1.543446e-03;3.232766e-02;8.767906e-05;2.259799e-02;-6.633290e-04;3.096102e-02;-1.103793e-03;1.884036e-02;-1.680277e-04;3.873124e+01;6.459961e-01;4.200072e+01;1.004883e+00;5.403864e+01;2.598340e+00;1.546676e+02;1.665234e+00;3.731317e-02;-1.043593e-03;3.953276e+01;1.808352e+00;1.606264e-01;5.677488e-03;2.546978e+05;5.800078e+03;4.845230e-01;-9.475107e-03;1.112402e+01;-2.696737e-01;1.407929e-02;2.267671e-04;2.659524e-02;1.159993e-03;5.711319e-02;-9.029332e-04;9.822124e-01;-4.055288e-02;2.232568e+00;-2.452966e-02;1.775741e+00;-7.064532e-03;2.080189e+00;9.406764e-03;2.377161e+00;6.955626e-03;2.318970e+00;6.556138e-02;2.367713e+00;6.014492e-02;2.396613e+00;-3.142599e-02;2.327851e+00;-2.195553e-01;2.403279e+00;-6.933042e-03;2.328521e+00;3.093034e-02;2.288513e+00;-7.013062e-02;2.113257e+00;-1.990439e-02;1.715660e+00;-7.853033e-02
61.000000;4.620588e+01;2.376533e+02;6.359374e-02;8.207868e-01;3.940385e-02;3.689304e-02;3.770640e-02;3.029758e-02;1.280853e-01;1.628134e-01;1.626056e+01;4.402261e+00;4.957421e-01;1.242152e+00;3.871599e-01;1.052158e+00;2.244457e-02;3.354993e-02;3.035091e-02;6.708743e-02;3.691195e-02;1.317600e-01;5.379826e-02;2.454475e-01;8.276006e-02;3.844426e-01;1.263137e-01;5.230379e-01;2.903038e-01;6.743894e-01;3.587691e-01;8.148172e-01;5.110707e-01;8.879638e-01;1.053440e+00;1.224153e+00;6.168776e-01;1.133197e+00;4.777506e-01;1.106547e+00;5.905438e-01;1.187305e+00;7.132202e-01;1.299104e+00;9.531647e-01;1.436980e+00;5.710722e-01;1.372529e+00;6.203409e-01;1.436790e+00;8.185125e-01;1.522663e+00;5.712832e-01;1.478762e+00;4.912991e-01;1.520040e+00;5.210132e-01;1.528608e+00;4.337881e-01;1.465067e+00;4.581835e-01;1.415502e+00;3.616425e-01;1.255616e+00;2.506133e-01;1.081869e+00;1.738475e-01;9.014198e-01;1.201751e-01;7.355566e-01;8.133156e-02;5.925312e-01;1.137414e-01;1.064320e-01;1.104930e-01;8.878275e-02;1.939850e+02;5.331621e+02;2.023960e+02;6.752812e+02;5.451892e+02;1.043499e+03;1.267638e+03;2.156335e+03;1.494933e-01;2.534561e-01;4.001251e+02;1.077240e+03;9.610085e-01;4.017268e+00;2.236600e+06;2.051160e+06;1.995608e+00;6.168182e+00;4.392766e+01;7.323748e+01;8.593326e-02;-7.373374e-02;2.512437e-01;9.033478e-01;3.712986e-01;3.003162e-01;4.477996e+00;1.006653e+01;1.092017e+01;-1.331125e+01;8.174515e+00;-1.150041e+01;7.804502e+00;-2.289520e+01;9.618279e+00;-1.650736e+01;8.105519e+00;-1.068972e+01;1.049701e+01;-6.564029e+00;8.584327e+00;-5.892646e+00;5.792343e+00;-8.827898e+00;6.938357e+00;-1.891388e+01;1.046676e+01;-1.462870e+01;8.404115e+00;-9.816355e+00;1.019313e+01;-7.392564e+00;7.016727e+00;-9.213037e+00;2.399044e-04;1.949630e-05;8.863015e-07;-1.603360e-08;7.557302e-07;3.755463e-08;7.249352e-07;7.428043e-08;2.576363e-06;7.917337e-08;3.617418e-04;-5.455623e-06;1.040494e-01;2.508922e-03;7.848145e-02;6.949846e-04;4.697209e-03;1.293545e-04;6.706854e-03;2.607704e-05;1.402594e-02;7.739485e-04;1.811786e-02;6.458890e-04;2.667077e-02;1.041520e-03;3.620040e-02;4.974412e-04;6.742792e-02;-6.418620e-05;9.363507e-02;2.058585e-03;1.168705e-01;2.033121e-03;2.048345e-01;4.133160e-03;1.278599e-01;-2.515116e-03;1.338220e-01;5.353202e-03;1.580862e-01;5.767674e-03;1.466861e-01;2.527516e-03;2.015807e-01;1.117570e-03;1.359312e-01;6.745424e-03;1.416684e-01;4.777270e-03;1.755184e-01;3.845414e-03;1.211536e-01;-6.065767e-03;1.068327e-01;-2.033372e-03;1.130349e-01;-6.506248e-03;8.828226e-02;-9.873053e-04;8.937269e-02;-1.329725e-03;6.657884e-02;-1.493905e-03;4.878774e-02;4.417791e-04;3.779436e-02;-1.944811e-03;2.915365e-02;-5.485522e-04;2.154653e-02;-2.009454e-04;2.656713e-02;-7.852300e-04;2.118862e-02;1.138309e-03;4.578399e+01;2.368652e+00;4.820329e+01;1.335059e+00;1.345387e+02;5.885742e-01;3.486215e+02;3.703711e+00;4.312757e-02;2.836376e-03;1.037538e+02;1.247514e+00;2.325636e-01;-2.891858e-03;5.949902e+05;-1.085480e+03;5.865887e-01;7.519190e-03;1.292757e+01;3.037847e-01;1.754583e-02;-6.240674e-04;6.361999e-02;1.066732e-03;7.742168e-02;2.280385e-03;1.247167e+00;-7.921803e-03;2.329820e+00;-1.220491e-01;1.920845e+00;-6.117928e-02;1.673167e+00;1.072341e-01;2.068514e+00;1.208537e-01;2.111162e+00;5.632519e-02;2.111537e+00;1.791541e-01;2.100727e+00;1.096773e-01;1.760553e+00;6.244892e-03;2.453884e+00;1.272927e-01;2.921700e+00;1.105878e-01;2.132423e+00;1.620168e-02;2.465712e+00;-1.476362e-03;2.043565e+00;1.024284e-01
61.500000;1.051390e+02;2.927585e+02;7.511239e-02;8.383527e-01;4.006165e-02;3.705958e-02;4.450610e-02;3.535878e-02;1.015948e-01;1.443295e-01;1.671015e+01;5.991775e+00;5.598623e-01;1.580953e+00;4.023084e-01;1.142282e+00;2.524749e-02;4.964699e-02;3.321566e-02;5.769589e-02;5.439350e-02;1.412877e-01;8.153307e-02;2.539341e-01;1.157272e-01;3.995161e-01;1.780178e-01;5.631483e-01;2.855847e-01;6.712480e-01;4.043290e-01;9.768066e-01;5.043988e-01;1.086860e+00;1.089707e+00;1.297992e+00;6.306646e-01;1.205064e+00;4.850676e-01;1.334000e+00;5.969158e-01;1.450624e+00;7.249265e-01;1.418867e+00;1.026159e+00;1.615287e+00;6.459377e-01;1.567529e+00;6.377916e-01;1.546415e+00;8.287137e-01;1.638832e+00;5.861978e-01;1.593143e+00;5.198112e-01;1.576470e+00;4.844911e-01;1.561345e+00;4.849939e-01;1.571266e+00;4.802630e-01;1.477869e+00;3.757399e-01;1.330039e+00;2.707387e-01;1.129109e+00;1.773574e-01;9.345517e-01;1.209900e-01;7.502548e-01;8.838914e-02;6.078718e-01;3.195346e-01;2.784640e-01;1.758297e-01;2.184738e-01;1.457942e+02;6.411152e+02;1.410548e+02;7.543799e+02;5.092753e+02;1.119583e+03;1.267931e+03;1.987658e+03;1.629702e-01;3.253203e-01;3.875635e+02;1.086272e+03;1.044119e+00;3.720264e+00;2.308834e+06;1507185;2.073402e+00;6.930692e+00;4.796582e+01;9.968713e+01;9.862159e-02;-1.397911e-01;2.296497e-01;9.373308e-01;4.302264e-01;5.817819e-01;4.395673e+00;9.320445e+00;1.100485e+01;-2.332410e+01;7.786544e+00;-2.007194e+01;7.387388e+00;-2.522128e+01;5.717152e+00;-1.268101e+01;4.835795e+00;-7.471395e+00;7.914973e+00;-1.289283e-01;8.755306e+00;5.602335e-01;8.887783e+00;-3.931408e+00;1.339518e+01;-1.310152e+01;1.171876e+01;-1.098113e+01;7.001890e+00;-9.624126e+00;1.390388e+01;-8.945520e+00;9.290546e+00;-1.064148e+01;1.324882e-03;-2.564716e-05;9.836309e-07;3.197060e-08;8.369399e-07;-4.534978e-08;1.017935e-06;1.599878e-09;2.129945e-06;-1.796507e-07;3.635935e-04;2.059658e-06;1.105588e-01;6.778222e-03;8.219238e-02;6.078354e-04;5.143837e-03;2.817235e-04;5.949431e-03;-4.905518e-04;1.991198e-02;4.309979e-04;3.272921e-02;2.758787e-03;3.985515e-02;1.796313e-03;5.817058e-02;3.052889e-03;7.016248e-02;1.112232e-02;8.820320e-02;8.487103e-04;1.178250e-01;1.586386e-05;2.115261e-01;6.056479e-04;1.311184e-01;-9.566600e-04;1.328655e-01;-2.644280e-03;1.637457e-01;-3.087620e-03;1.540488e-01;-1.105351e-03;2.202267e-01;-8.079438e-04;1.375937e-01;-3.023951e-03;1.378370e-01;8.260554e-04;1.791587e-01;1.676778e-04;1.259457e-01;-9.762804e-04;1.126039e-01;-7.635082e-04;1.045538e-01;1.743577e-03;1.087018e-01;-6.410457e-04;1.055586e-01;1.547595e-03;8.491909e-02;2.879234e-04;5.610774e-02;1.960740e-03;4.067014e-02;1.438145e-03;2.866878e-02;8.881768e-04;2.323849e-02;3.189353e-04;4.364766e-02;2.942811e-03;4.257816e-02;1.151087e-03;4.199660e+01;5.885742e-01;4.105488e+01;7.321289e-01;1.305464e+02;-9.331055e-01;3.222186e+02;-4.694238e+00;5.302827e-02;3.377588e-03;9.952584e+01;-1.139199e+00;2.276693e-01;-3.813262e-03;5.546169e+05;-9.036946e+03;5.585960e-01;3.538497e-02;1.272334e+01;1.194211e+00;2.218275e-02;-7.769618e-04;6.132177e-02;-3.316853e-04;1.004104e-01;2.326772e-03;1.505917e+00;5.197883e-02;2.466250e+00;-5.612791e-02;1.799919e+00;-1.088587e-01;1.766402e+00;-8.832635e-02;2.027545e+00;-1.875763e-02;1.721587e+00;-7.697575e-02;1.857120e+00;5.805086e-02;2.582707e+00;8.062725e-02;1.844018e+00;1.318494e-01;2.555383e+00;1.644483e-01;2.579063e+00;1.130621e-01;2.054005e+00;-2.575196e-02;3.033155e+00;-4.223589e-04;2.219290e+00;3.511393e-02
62.000000;1.072829e+02;2.788030e+02;5.443356e-02;8.573378e-01;3.964083e-02;3.432743e-02;4.411586e-02;3.418365e-02;1.258535e-01;1.468602e-01;4.312040e+00;9.299706e+00;4.354608e-01;1.608325e+00;2.681482e-01;1.089770e+00;2.136560e-02;4.640233e-02;2.321590e-02;5.614765e-02;5.895633e-02;1.448012e-01;9.740730e-02;2.940095e-01;1.077735e-01;4.206301e-01;2.181754e-01;6.349925e-01;2.913328e-01;7.525403e-01;4.037787e-01;9.123610e-01;4.019267e-01;9.708339e-01;5.346003e-01;1.041718e+00;5.088654e-01;1.109563e+00;5.967714e-01;1.244491e+00;5.991020e-01;1.337748e+00;5.025291e-01;1.331703e+00;7.017369e-01;1.425411e+00;6.380436e-01;1.486016e+00;5.774954e-01;1.522725e+00;4.160733e-01;1.476619e+00;3.814358e-01;1.520482e+00;3.754919e-01;1.525620e+00;3.193872e-01;1.512248e+00;3.115875e-01;1.505786e+00;2.757463e-01;1.430368e+00;2.210830e-01;1.299585e+00;1.827184e-01;1.130510e+00;1.179245e-01;9.331778e-01;7.209740e-02;7.590417e-01;6.698703e-02;6.110432e-01;3.040384e-01;3.099349e-01;1.857479e-01;2.323174e-01;1.047138e+02;6.352295e+02;1.573529e+02;7.730420e+02;3.720220e+02;1.202271e+03;9.322914e+02;1.920475e+03;1.340610e-01;2.960115e-01;2.675983e+02;1.080814e+03;8.449224e-01;3.897948e+00;1.302340e+06;1.140405e+06;2.198894e+00;6.558342e+00;5.287126e+01;9.219381e+01;8.744588e-02;-1.169469e-01;1.549717e-01;9.295750e-01;3.768055e-01;4.857122e-01;4.600318e+00;9.449050e+00;8.620405e+00;-2.374399e+01;6.319940e+00;-2.074067e+01;6.128976e+00;-2.540421e+01;9.804750e+00;-1.521442e+01;8.413180e+00;-1.280495e+01;7.010189e+00;-2.101986e+00;8.625453e+00;6.326671e-01;9.664252e+00;-1.636928e+00;1.129378e+01;-8.794881e+00;8.762335e+00;-6.802744e+00;7.854457e+00;-8.150967e+00;1.242393e+01;-9.722208e+00;9.766307e+00;-9.549482e+00;1.433015e-03;8.116625e-05;9.119064e-07;2.135388e-08;9.632564e-07;1.607842e-08;1.073350e-06;5.445461e-09;2.971194e-06;-1.001090e-07;6.775211e-05;2.415091e-06;8.245929e-02;4.755160e-03;5.061421e-02;2.805895e-03;3.474580e-03;5.741501e-05;2.552829e-03;1.131267e-04;1.999025e-02;-1.032242e-03;3.401582e-02;-7.797706e-04;3.756310e-02;-1.243789e-03;6.576116e-02;2.498916e-03;7.569453e-02;-9.979003e-04;6.351425e-02;-4.432903e-03;7.620576e-02;-1.104641e-03;1.038442e-01;4.263630e-03;1.082917e-01;5.073098e-03;1.026777e-01;1.078632e-02;1.133989e-01;8.510444e-03;1.223143e-01;5.966562e-04;1.473677e-01;8.908241e-03;1.212931e-01;4.332146e-03;1.216190e-01;2.908428e-03;9.243678e-02;-1.935480e-03;8.562899e-02;1.536212e-03;8.926384e-02;4.356688e-03;7.940798e-02;3.486332e-03;8.106288e-02;4.648411e-03;7.836049e-02;7.823084e-03;7.016835e-02;6.952888e-03;4.824205e-02;3.437874e-03;3.779902e-02;2.668611e-03;2.316400e-02;9.367274e-04;1.967288e-02;7.553507e-04;4.577401e-02;-2.188323e-04;4.315532e-02;4.396058e-03;3.082944e+01;7.177734e-02;4.719359e+01;1.004883e-01;8.063959e+01;3.861621e+00;1.561739e+02;2.985938e+00;4.016346e-02;-1.028120e-03;4.229348e+01;1.896671e+00;1.463850e-01;7.616342e-03;2.232110e+05;1.444316e+03;4.533784e-01;-3.584727e-02;1.102214e+01;-9.485361e-01;1.597106e-02;-3.896303e-04;2.448228e-02;1.155468e-03;7.276492e-02;1.351976e-03;1.332658e+00;-6.642512e-02;2.065847e+00;-6.880908e-02;1.585468e+00;-9.041904e-02;1.767787e+00;-4.190757e-02;2.270092e+00;1.239804e-01;2.042613e+00;-1.564441e-01;2.185086e+00;-1.738814e-01;2.626841e+00;-2.162474e-01;2.273411e+00;-1.157454e-01;2.466747e+00;-3.656691e-02;2.353749e+00;2.197976e-02;2.059604e+00;4.706413e-02;2.538728e+00;-4.111630e-02;2.241499e+00;5.697880e-02
62.500000;9.344022e+01;2.099135e+02;7.331260e-02;8.274943e-01;6.294478e-02;5.016269e-02;6.425070e-02;4.668954e-02;1.518601e-01;1.551134e-01;2.891444e+01;-1.706844e+00;5.531579e-01;1.470278e+00;2.913457e-01;1.001447e+00;2.471887e-02;3.954263e-02;2.393397e-02;6.980978e-02;5.196755e-02;1.376996e-01;8.128306e-02;2.952489e-01;9.648062e-02;4.197777e-01;2.235190e-01;5.817692e-01;2.389284e-01;6.903920e-01;3.655910e-01;7.461355e-01;4.323082e-01;8.761218e-01;5.241180e-01;1.019909e+00;4.729499e-01;9.868019e-01;6.292510e-01;1.024016e+00;6.231869e-01;1.100339e+00;5.174345e-01;1.211367e+00;6.734290e-01;1.277780e+00;6.653318e-01;1.325294e+00;5.907567e-01;1.369506e+00;4.125669e-01;1.349640e+00;3.802095e-01;1.366341e+00;3.988636e-01;1.422220e+00;4.551474e-01;1.462020e+00;3.590536e-01;1.433072e+00;3.360872e-01;1.376828e+00;2.846228e-01;1.243519e+00;2.122293e-01;1.083473e+00;1.205636e-01;8.983057e-01;7.803418e-02;7.438356e-01;6.630683e-02;5.962019e-01;2.150073e-01;1.642993e-01;1.919608e-01;1.911962e-01;1.082554e+02;6.481494e+02;1.333449e+02;8.142422e+02;3.849323e+02;1.256678e+03;9.807184e+02;2.302187e+03;1.307440e-01;2.730734e-01;2.655980e+02;1.199816e+03;9.066435e-01;4.258950e+00;1.509099e+06;1.759812e+06;2.503116e+00;5.617856e+00;6.411420e+01;6.927805e+01;9.781082e-02;-9.741480e-02;1.534971e-01;9.994859e-01;4.310247e-01;4.069372e-01;4.041930e+00;7.904404e+00;9.473440e+00;-1.959186e+01;6.047296e+00;-1.820817e+01;7.249771e+00;-2.493165e+01;1.068270e+01;-1.409224e+01;8.564442e+00;-1.464662e+01;8.902188e+00;-1.071052e+00;9.086614e+00;3.111314e+00;9.237033e+00;-2.112521e+00;8.449279e+00;-1.164089e+01;6.942697e+00;-1.014171e+01;7.489570e+00;-9.218959e+00;7.491497e+00;-6.330740e+00;6.376021e+00;-4.118768e+00;8.481064e-04;1.598819e-06;8.218889e-07;-8.147063e-08;1.201329e-06;1.055999e-07;1.314638e-06;9.091214e-08;3.118284e-06;2.988128e-08;3.893983e-04;-6.746078e-05;7.873395e-02;-7.522960e-03;4.398882e-02;-1.798621e-03;3.271735e-03;-3.219634e-04;3.513789e-03;4.240363e-04;1.775532e-02;-5.711113e-04;2.480898e-02;-3.128771e-03;3.348344e-02;-2.244998e-03;5.291266e-02;-4.415967e-03;6.122310e-02;-1.235271e-02;6.791695e-02;-1.113937e-03;7.502225e-02;-1.000018e-03;8.912037e-02;-2.839511e-03;9.985512e-02;-2.730417e-03;1.108336e-01;-1.067946e-03;1.135640e-01;-1.155311e-03;1.128432e-01;-4.103814e-03;1.213413e-01;-2.695816e-03;1.156472e-01;-2.826660e-05;1.176177e-01;-1.454338e-03;8.649951e-02;-1.200951e-03;6.781301e-02;-1.124531e-04;7.075757e-02;-9.096682e-05;7.866700e-02;1.731074e-04;7.050432e-02;-8.299571e-05;5.994082e-02;-6.927160e-04;5.115645e-02;-5.819068e-04;4.041090e-02;-1.083296e-03;3.112402e-02;-1.057177e-03;2.375235e-02;-8.251226e-04;1.781969e-02;-3.067319e-04;4.605014e-02;-3.210321e-03;3.490153e-02;-1.259308e-03;3.100620e+01;1.751367e+00;5.005161e+01;1.866211e+00;9.268179e+01;5.211035e+00;2.028865e+02;1.958086e+01;3.922670e-02;-4.306400e-03;5.642710e+01;6.374191e+00;1.783673e-01;1.188029e-02;2.925131e+05;2.323450e+04;5.554996e-01;-5.472058e-02;1.409360e+01;-1.508521e+00;1.217447e-02;8.363018e-04;3.320396e-02;3.848484e-03;5.096265e-02;-2.475228e-03;1.093006e+00;-1.436360e-01;1.953592e+00;1.017204e-02;1.555371e+00;5.961246e-02;1.796800e+00;1.109440e-02;2.209243e+00;4.790882e-02;2.159523e+00;1.459872e-01;2.691961e+00;1.701769e-01;2.214471e+00;8.201332e-02;2.399433e+00;-7.133684e-02;2.199968e+00;-9.878621e-02;2.404176e+00;-7.548888e-02;2.170001e+00;-3.488360e-02;2.373231e+00;-4.599255e-03;2.087295e+00;3.186935e-02
63.000000;1.132377e+02;1.892012e+02;8.102895e-02;7.982233e-01;6.053188e-02;4.489393e-02;6.635378e-02;4.236637e-02;1.482430e-01;1.467389e-01;3.897025e+01;-1.282793e+01;5.835398e-01;1.413763e+00;3.153934e-01;1.020348e+00;2.672647e-02;4.079758e-02;3.164746e-02;6.871504e-02;9.359319e-02;1.531048e-01;1.347257e-01;2.870142e-01;1.666228e-01;4.411230e-01;2.325491e-01;5.734952e-01;2.935500e-01;7.050482e-01;3.758302e-01;8.253049e-01;4.955802e-01;9.797066e-01;5.613942e-01;1.006198e+00;5.678667e-01;1.043276e+00;5.126057e-01;1.099818e+00;5.251750e-01;1.154030e+00;5.157147e-01;1.187211e+00;5.904055e-01;1.275155e+00;5.624661e-01;1.295896e+00;5.156804e-01;1.338519e+00;4.693020e-01;1.408161e+00;4.709643e-01;1.451584e+00;4.585403e-01;1.482029e+00;5.332382e-01;1.511193e+00;4.425482e-01;1.448336e+00;3.612783e-01;1.354700e+00;3.222011e-01;1.235360e+00;2.402642e-01;1.060685e+00;1.424562e-01;8.836090e-01;1.066983e-01;7.320122e-01;8.353050e-02;5.964850e-01;2.170927e-01;1.518729e-01;1.731581e-01;1.539014e-01;1.085376e+02;6.698262e+02;2.228039e+02;8.165391e+02;5.940719e+02;1.234714e+03;1.212876e+03;2.222801e+03;1.592293e-01;3.083434e-01;4.213156e+02;1.201220e+03;1.033100e+00;4.182174e+00;1.823108e+06;1908042;3.216463e+00;6.567074e+00;7.976253e+01;9.024279e+01;1.075398e-01;-1.072830e-01;2.444899e-01;1.001065e+00;4.796643e-01;4.361927e-01;5.777931e+00;8.077111e+00;8.893723e+00;-1.837345e+01;7.354694e+00;-1.856681e+01;9.418529e+00;-2.646992e+01;7.773870e+00;-1.295102e+01;7.360870e+00;-8.674560e+00;8.029494e+00;1.157472e+00;7.657999e+00;5.311049e+00;7.074380e+00;1.259331e+00;9.448648e+00;-1.021684e+01;6.551364e+00;-1.210070e+01;7.271104e+00;-1.093969e+01;7.053751e+00;-6.787682e+00;6.682980e+00;-3.320128e+00;7.063935e-04;-2.794825e-05;9.310568e-07;-2.403673e-08;9.969839e-07;1.187082e-07;1.272016e-06;1.379555e-07;1.860816e-06;9.281289e-08;6.458882e-04;-2.652029e-06;9.116898e-02;-5.197143e-03;5.490380e-02;-1.875982e-03;4.611933e-03;-5.479898e-05;5.352844e-03;-1.099773e-04;3.348703e-02;3.342061e-04;4.906179e-02;7.085764e-04;5.874630e-02;2.124494e-03;6.102078e-02;-1.539387e-03;6.282359e-02;1.340884e-03;7.371280e-02;6.775642e-03;1.012426e-01;1.509825e-03;1.045447e-01;-4.316294e-03;1.157757e-01;5.274198e-03;1.097110e-01;-1.246772e-03;1.146098e-01;-2.490036e-03;1.142538e-01;1.767069e-03;1.024703e-01;-9.418854e-03;1.081389e-01;-1.024973e-02;1.158679e-01;-3.915092e-03;9.387168e-02;9.758176e-04;8.476839e-02;-9.059342e-05;7.867111e-02;-6.309381e-03;9.424936e-02;-5.479279e-03;9.778309e-02;-3.743118e-03;6.624233e-02;-7.541224e-03;6.030118e-02;-7.092658e-03;5.125092e-02;-2.784912e-03;3.427233e-02;-1.761176e-03;2.628276e-02;-6.742397e-04;2.175666e-02;-9.335558e-04;4.827472e-02;3.072322e-04;3.302997e-02;-3.922118e-03;3.168575e+01;-9.474609e-01;7.756072e+01;-2.871094e-01;1.491413e+02;-3.172559e+00;2.705858e+02;-5.713477e+00;5.737610e-02;1.633127e-03;9.867838e+01;-2.310654e+00;2.299970e-01;-1.505835e-03;3.784860e+05;-2.002128e+03;6.977317e-01;5.836672e-02;1.882475e+01;1.823216e+00;2.002616e-02;2.763295e-04;6.088768e-02;-1.383390e-03;8.473252e-02;-2.061475e-03;1.552626e+00;9.950797e-02;1.913089e+00;9.606093e-02;1.955197e+00;2.348643e-02;2.843822e+00;7.580533e-03;2.508500e+00;-3.324277e-02;2.191390e+00;2.210221e-01;2.813561e+00;1.558832e-01;2.264254e+00;8.244845e-02;2.222216e+00;1.323210e-01;2.198365e+00;1.630592e-01;2.096761e+00;-7.283350e-03;2.385270e+00;-1.433575e-01;2.329700e+00;1.861475e-02;1.892295e+00;-7.681944e-02
63.500000;1.013369e+02;1.960316e+02;6.541564e-02;7.998973e-01;7.391644e-02;5.566201e-02;7.875766e-02;5.088113e-02;1.589448e-01;1.840629e-01;3.145230e+01;-5.646864e+00;5.882422e-01;1.532712e+00;3.474486e-01;1.160519e+00;2.553941e-02;4.519695e-02;3.247657e-02;6.627488e-02;1.007523e-01;1.719281e-01;1.573306e-01;3.269825e-01;1.984538e-01;4.881378e-01;2.314722e-01;6.492168e-01;2.924352e-01;7.662191e-01;4.101092e-01;9.109621e-01;5.008005e-01;1.069737e+00;7.135903e-01;1.281148e+00;6.668367e-01;1.265530e+00;5.532181e-01;1.265309e+00;5.036936e-01;1.315165e+00;6.471090e-01;1.467017e+00;6.829364e-01;1.546078e+00;5.759157e-01;1.515323e+00;6.185223e-01;1.594521e+00;6.058093e-01;1.651445e+00;5.212473e-01;1.669132e+00;5.135722e-01;1.687398e+00;5.351581e-01;1.663887e+00;4.374023e-01;1.589325e+00;3.767699e-01;1.499208e+00;3.239017e-01;1.348168e+00;2.270528e-01;1.132426e+00;1.550629e-01;9.285561e-01;1.158688e-01;7.531771e-01;9.363560e-02;6.174957e-01;1.350291e-01;1.273180e-01;1.564782e-01;1.760414e-01;1.059153e+02;6.979629e+02;2.203244e+02;8.370674e+02;6.514141e+02;1.241892e+03;1.241516e+03;2.101641e+03;2.135838e-01;4.018665e-01;4.411418e+02;1.186451e+03;8.975989e-01;4.150011e+00;1.989744e+06;1.727940e+06;2.868411e+00;6.613680e+00;7.381107e+01;9.214224e+01;1.039296e-01;-1.228151e-01;2.604051e-01;9.943364e-01;4.324136e-01;4.708084e-01;6.236416e+00;9.955603e+00;7.718879e+00;-1.858233e+01;7.653198e+00;-1.572588e+01;8.466480e+00;-2.388459e+01;7.082310e+00;-1.015771e+01;6.364802e+00;-3.338358e+00;8.563916e+00;4.714544e+00;8.959736e+00;5.858447e+00;6.693061e+00;1.571527e+00;7.857863e+00;-9.901220e+00;8.664627e+00;-1.317019e+01;6.003886e+00;-8.981748e+00;7.430252e+00;-3.807086e+00;6.399361e+00;-1.136190e+00;9.196397e-04;9.513571e-05;1.063524e-06;1.096508e-07;1.332362e-06;1.307170e-07;1.534550e-06;2.112558e-07;2.646765e-06;-2.123717e-07;5.784551e-04;6.600645e-05;1.219669e-01;7.858013e-03;7.796168e-02;1.677096e-03;5.505596e-03;3.086423e-04;6.576214e-03;-3.122953e-04;3.589564e-02;-2.176552e-04;5.699970e-02;4.646347e-04;7.204848e-02;4.679193e-04;6.994756e-02;1.359360e-03;7.401636e-02;3.633989e-03;1.016513e-01;5.953619e-03;1.212799e-01;3.102252e-03;1.690920e-01;-1.580580e-03;1.391361e-01;-1.398251e-03;1.245712e-01;4.196879e-03;1.319752e-01;5.787170e-03;1.510172e-01;2.474312e-03;1.604937e-01;2.247884e-03;1.498550e-01;3.742189e-03;1.620245e-01;2.247703e-03;1.471866e-01;1.938680e-03;1.163988e-01;2.370942e-03;1.139737e-01;2.404769e-03;1.253855e-01;7.980890e-04;1.105630e-01;9.161743e-05;8.174311e-02;9.521177e-04;7.721668e-02;3.861010e-04;6.344598e-02;7.330147e-04;4.485784e-02;9.673289e-04;3.101836e-02;5.604773e-04;2.634910e-02;-8.006261e-05;4.230499e-02;3.226508e-03;3.944032e-02;1.379542e-03;3.563076e+01;-6.747071e-01;7.925683e+01;-1.737012e+00;1.890957e+02;-3.732422e+00;3.299669e+02;-1.319268e+01;6.925007e-02;4.153353e-03;1.180479e+02;-4.294780e+00;2.322657e-01;-1.178249e-02;4.985689e+05;-1.930415e+04;6.924531e-01;1.324221e-02;1.946481e+01;3.340263e-01;2.468614e-02;-7.939019e-04;7.466486e-02;-2.605536e-03;1.043765e-01;3.008060e-03;1.640398e+00;6.563897e-02;2.254190e+00;-7.010095e-02;2.412509e+00;1.215813e-02;2.883548e+00;-2.140184e-03;2.552482e+00;-3.430134e-02;2.360980e+00;-9.574673e-02;3.079526e+00;-1.003808e-01;2.992304e+00;4.717984e-02;2.190108e+00;2.367240e-01;2.412329e+00;1.181888e-01;2.168646e+00;5.251087e-03;2.054241e+00;-1.862967e-02;2.251006e+00;-1.040581e-01;1.912253e+00;-7.396063e-02
64.000000;1.462441e+02;2.266981e+02;7.188185e-02;8.062564e-01;7.674505e-02;5.522771e-02;7.732224e-02;5.006231e-02;1.553489e-01;1.726834e-01;3.474686e+01;-9.013363e+00;5.426126e-01;1.618746e+00;3.450415e-01;1.132115e+00;2.457473e-02;4.649821e-02;2.933092e-02;6.696775e-02;8.564515e-02;1.593199e-01;1.226384e-01;3.148821e-01;1.779202e-01;4.915573e-01;1.962808e-01;6.061109e-01;2.369692e-01;7.435851e-01;3.643896e-01;8.699026e-01;4.904554e-01;1.015939e+00;8.445552e-01;1.295464e+00;6.689134e-01;1.215922e+00;5.802353e-01;1.231417e+00;4.612767e-01;1.238455e+00;7.045464e-01;1.427601e+00;7.593371e-01;1.544302e+00;5.834456e-01;1.527989e+00;5.666979e-01;1.535039e+00;5.895505e-01;1.616304e+00;4.709472e-01;1.581947e+00;5.104974e-01;1.625254e+00;4.915829e-01;1.616290e+00;3.716179e-01;1.551190e+00;3.670711e-01;1.478161e+00;3.007149e-01;1.316183e+00;1.950288e-01;1.134273e+00;1.283268e-01;9.381020e-01;9.912923e-02;7.521092e-01;8.617026e-02;6.076822e-01;1.267518e-01;1.292706e-01;1.659057e-01;2.018743e-01;1.236221e+02;6.803057e+02;2.453038e+02;8.281670e+02;5.814306e+02;1.223660e+03;1.036486e+03;2.193085e+03;2.052466e-01;4.186905e-01;3.733827e+02;1.169870e+03;9.226344e-01;4.147817e+00;1.629126e+06;1.481796e+06;1.951578e+00;5.599573e+00;5.262745e+01;6.880659e+01;1.028751e-01;-1.254197e-01;2.201813e-01;9.746392e-01;4.252031e-01;4.799367e-01;5.006716e+00;9.594169e+00;7.390335e+00;-1.924775e+01;6.870042e+00;-1.143334e+01;6.518837e+00;-2.234885e+01;9.519349e+00;-1.130324e+01;9.312935e+00;-6.943723e+00;1.104452e+01;4.239901e+00;1.037860e+01;4.880306e+00;6.917378e+00;1.596460e-01;1.001928e+01;-1.225226e+01;1.079550e+01;-1.327643e+01;6.748279e+00;-1.052901e+01;9.538823e+00;-5.507070e+00;7.397228e+00;-2.919344e+00;9.337941e-04;1.059108e-04;1.166715e-06;2.437721e-08;1.372508e-06;1.121721e-08;1.522435e-06;9.451825e-08;2.688918e-06;-4.537954e-07;6.325734e-04;4.772529e-06;1.170661e-01;5.030187e-04;7.236959e-02;-1.519834e-03;4.663816e-03;6.196770e-05;5.895962e-03;-3.552535e-05;2.832236e-02;-5.168429e-04;4.343919e-02;-1.286412e-03;6.515659e-02;-2.845305e-03;6.253757e-02;-4.724289e-03;7.177795e-02;-7.369131e-03;9.354834e-02;-1.028942e-02;1.045397e-01;-2.677153e-03;1.664761e-01;5.071175e-03;1.204479e-01;-7.791207e-03;1.341215e-01;-1.599734e-02;1.210535e-01;-1.113654e-02;1.415663e-01;2.578112e-03;1.639125e-01;5.062539e-03;1.463726e-01;-3.405258e-03;1.413088e-01;-1.486600e-03;1.404385e-01;-1.311740e-03;1.061104e-01;-2.243005e-03;1.069378e-01;4.939721e-03;1.123556e-01;3.212137e-03;9.156627e-02;1.277754e-03;8.346859e-02;1.971613e-03;7.030569e-02;3.680252e-03;5.333671e-02;1.429892e-03;4.195584e-02;2.146609e-03;3.139372e-02;9.529864e-04;2.411747e-02;1.241785e-03;4.077225e-02;-1.483532e-03;4.286222e-02;-3.631114e-06;4.420050e+01;9.474609e-01;8.830111e+01;1.866211e-01;1.816226e+02;-7.177734e-01;2.947877e+02;3.344824e+00;6.622157e-02;-2.945241e-03;1.132703e+02;1.128046e+00;2.363810e-01;-1.473084e-02;4.394979e+05;1.051216e+03;4.845401e-01;-3.282308e-02;1.288599e+01;-1.262890e+00;2.107272e-02;-2.356347e-04;7.045921e-02;7.369155e-04;9.029120e-02;1.891425e-03;1.498976e+00;-1.780637e-01;1.934513e+00;-1.059573e-01;2.207524e+00;3.427493e-02;2.442511e+00;3.155475e-03;2.185409e+00;5.216103e-03;2.277320e+00;-1.513175e-02;3.078863e+00;1.413553e-01;3.090129e+00;2.429123e-01;2.212308e+00;4.616589e-02;2.902575e+00;-3.411312e-01;2.401368e+00;-2.994792e-01;2.052110e+00;-2.404999e-02;2.691646e+00;1.201689e-01;2.108632e+00;1.387419e-01
64.500000;1.424852e+02;2.280738e+02;7.432862e-02;7.840799e-01;6.100938e-02;4.941495e-02;5.089512e-02;4.080425e-02;1.731071e-01;1.845142e-01;3.610598e+01;-1.278562e+01;5.016463e-01;1.315157e+00;3.450502e-01;9.956632e-01;2.222561e-02;3.322811e-02;3.002149e-02;7.774502e-02;9.621225e-02;1.402533e-01;1.262846e-01;2.822957e-01;1.805094e-01;4.361722e-01;2.499688e-01;5.605472e-01;2.491376e-01;6.928311e-01;2.996032e-01;7.442181e-01;4.885911e-01;8.601009e-01;8.102623e-01;1.063906e+00;6.028569e-01;1.038327e+00;5.119621e-01;1.060851e+00;5.012248e-01;1.124182e+00;6.457596e-01;1.180671e+00;6.773228e-01;1.245363e+00;5.893757e-01;1.306560e+00;6.051241e-01;1.367169e+00;5.383143e-01;1.384764e+00;5.424572e-01;1.403263e+00;5.636861e-01;1.435984e+00;4.354893e-01;1.419492e+00;3.350463e-01;1.379880e+00;3.112780e-01;1.305456e+00;2.698042e-01;1.196836e+00;2.087675e-01;1.057628e+00;1.391935e-01;8.931765e-01;1.020520e-01;7.229267e-01;8.414224e-02;5.843916e-01;7.388590e-02;7.134701e-02;1.259730e-01;1.166425e-01;1.233799e+02;6.485801e+02;2.672846e+02;8.405127e+02;6.030148e+02;1.347835e+03;1.091761e+03;2.599201e+03;1.719843e-01;3.081769e-01;3.957180e+02;1.285691e+03;1.024447e+00;4.441094e+00;1.884176e+06;2.171290e+06;1.699332e+00;4.995472e+00;3.611062e+01;5.200964e+01;8.346601e-02;-7.217979e-02;2.330474e-01;1.038896e+00;3.488491e-01;2.709261e-01;4.458698e+00;7.120583e+00;8.358601e+00;-1.715812e+01;6.231207e+00;-1.129372e+01;7.606781e+00;-2.260086e+01;9.534607e+00;-1.409771e+01;7.367999e+00;-9.720029e+00;1.036251e+01;1.947094e+00;9.618166e+00;1.847140e+00;7.231276e+00;-7.589728e-01;1.146878e+01;-1.222988e+01;1.096422e+01;-1.210246e+01;5.830867e+00;-1.275849e+01;8.233308e+00;-7.853752e+00;7.797026e+00;-4.315411e+00;5.457678e-04;4.999092e-05;1.317610e-06;1.559693e-08;1.174667e-06;1.012509e-08;1.049357e-06;-1.718841e-08;2.864639e-06;-7.226309e-08;6.889993e-04;-1.511909e-06;1.081154e-01;-4.697166e-03;7.190152e-02;2.547588e-04;4.389560e-03;-1.775265e-04;6.637632e-03;-1.041824e-04;3.309598e-02;3.723929e-04;4.539120e-02;2.349392e-04;6.257153e-02;2.985417e-04;7.875716e-02;1.217748e-04;6.831359e-02;-1.227124e-03;7.852755e-02;-3.960156e-03;1.052064e-01;3.144508e-04;1.515411e-01;2.722366e-03;1.145277e-01;3.567116e-03;1.250790e-01;-8.349284e-04;1.312947e-01;-3.155272e-03;1.393100e-01;5.081687e-04;1.420771e-01;3.249610e-03;1.292193e-01;-1.343616e-03;1.280291e-01;-6.629139e-04;1.196796e-01;2.006135e-03;1.235401e-01;-1.329562e-03;1.217911e-01;3.344510e-05;9.550866e-02;1.222002e-03;8.223898e-02;9.796217e-04;8.294874e-02;-1.513678e-04;6.304117e-02;1.065701e-03;4.949060e-02;2.911345e-04;3.833832e-02;6.649645e-05;2.894258e-02;8.090324e-04;2.552677e-02;1.425719e-03;2.437212e-02;-2.908287e-03;3.003755e-02;-1.197172e-03;4.523331e+01;6.316406e-01;9.828703e+01;1.047949e+00;1.948467e+02;1.564746e+00;3.132905e+02;1.105371e+00;5.707515e-02;-2.841159e-03;1.226965e+02;1.282114e+00;2.601430e-01;4.155640e-03;4.838611e+05;8.913827e+03;4.923410e-01;2.522164e-02;9.884232e+00;4.808409e-01;1.680457e-02;5.425362e-04;7.397520e-02;8.854502e-04;7.138855e-02;-2.121338e-03;1.662394e+00;5.497751e-03;1.975029e+00;7.189180e-02;1.738524e+00;-3.469556e-02;2.665219e+00;3.367065e-02;2.660286e+00;1.117579e-04;1.894213e+00;1.134039e-01;3.134048e+00;8.832127e-02;2.527569e+00;-6.371266e-02;2.214332e+00;-1.799069e-01;2.920899e+00;-1.262113e-01;2.455694e+00;-3.054453e-02;2.061149e+00;4.294323e-02;2.604284e+00;5.485998e-02;2.343733e+00;7.109119e-02
65.000000;8.647572e+01;2.182830e+02;7.374525e-02;8.011537e-01;5.999782e-02;5.587414e-02;5.993133e-02;5.102463e-02;1.636987e-01;1.852218e-01;2.805416e+01;-2.662826e+00;4.826387e-01;1.342076e+00;3.312106e-01;1.056412e+00;2.153658e-02;3.594906e-02;3.193847e-02;7.516503e-02;8.014677e-02;1.398996e-01;1.210054e-01;2.858432e-01;1.872226e-01;4.319040e-01;2.336470e-01;5.922416e-01;2.309883e-01;7.116837e-01;3.355131e-01;8.339167e-01;5.761782e-01;1.044359e+00;6.008371e-01;1.076153e+00;5.718257e-01;1.105881e+00;6.931161e-01;1.193838e+00;5.929957e-01;1.239518e+00;6.025418e-01;1.337110e+00;7.105367e-01;1.414128e+00;5.875969e-01;1.387852e+00;6.246030e-01;1.409064e+00;4.785187e-01;1.408349e+00;5.310996e-01;1.482793e+00;5.504477e-01;1.504637e+00;4.559879e-01;1.490424e+00;3.327709e-01;1.443925e+00;2.887970e-01;1.375054e+00;2.586324e-01;1.248506e+00;1.955256e-01;1.067398e+00;1.496226e-01;9.074299e-01;1.066431e-01;7.377493e-01;8.255544e-02;5.970568e-01;6.084197e-02;5.467596e-02;1.361601e-01;1.361347e-01;9.054193e+01;6.546094e+02;1.921712e+02;8.429531e+02;6.139736e+02;1.337355e+03;1.237625e+03;2.319270e+03;1.377014e-01;2.808039e-01;4.118428e+02;1.248239e+03;1.060897e+00;4.247027e+00;2107047;2.104122e+06;2.930957e+00;6.432350e+00;7.984184e+01;8.887766e+01;7.745162e-02;-7.989733e-02;2.381827e-01;1.029807e+00;3.338148e-01;3.163458e-01;5.032392e+00;8.436333e+00;9.342284e+00;-1.812486e+01;7.556640e+00;-1.641930e+01;7.096577e+00;-2.332499e+01;6.029194e+00;-1.183469e+01;5.621602e+00;-7.430747e+00;7.119513e+00;2.064573e+00;1.012601e+01;2.159724e+00;9.768745e+00;-3.689946e-01;9.642170e+00;-1.126287e+01;9.702291e+00;-1.273550e+01;6.288799e+00;-1.359237e+01;1.067906e+01;-9.285068e+00;7.967669e+00;-5.436357e+00;6.445891e-04;-1.659448e-04;1.257091e-06;-6.102673e-08;1.188796e-06;2.377548e-08;1.110409e-06;-1.061625e-08;2.951949e-06;-1.206067e-07;5.563161e-04;-9.875999e-07;1.053296e-01;-2.489365e-03;6.892899e-02;-4.925014e-04;4.906450e-03;-3.174666e-04;7.336036e-03;2.136559e-04;2.966095e-02;1.725178e-04;4.051363e-02;3.495423e-04;5.352667e-02;-2.192955e-04;7.317731e-02;9.586283e-04;6.864557e-02;2.962545e-03;9.345576e-02;4.137743e-03;1.291356e-01;-3.042255e-03;1.388984e-01;-1.048676e-02;1.111601e-01;-4.529893e-03;1.334797e-01;3.342222e-03;1.376442e-01;1.849441e-03;1.371557e-01;-5.874572e-03;1.575847e-01;-3.838923e-04;1.244704e-01;5.713970e-03;1.288858e-01;-3.057743e-03;1.090469e-01;-4.398439e-04;1.166293e-01;2.673771e-03;1.226538e-01;-2.029314e-03;1.004118e-01;3.805576e-04;7.831657e-02;8.555471e-04;7.108460e-02;9.255616e-04;6.081574e-02;-1.671163e-03;4.730274e-02;-2.458477e-03;3.875372e-02;-1.181952e-03;2.743781e-02;-6.783342e-04;2.453508e-02;-1.073607e-03;1.907052e-02;4.008533e-04;2.877103e-02;-3.061186e-04;3.063645e+01;-1.119727e+00;6.802682e+01;6.172851e-01;2.011309e+02;7.909863e+00;3.431514e+02;3.273047e+00;5.249162e-02;-8.401172e-05;1.234574e+02;2.111676e+00;2.960835e-01;1.949967e-02;5.405748e+05;4.041532e+03;7.517527e-01;-3.251406e-02;2.010820e+01;-6.848222e-01;1.818584e-02;1.468774e-03;7.393020e-02;9.365170e-04;7.501950e-02;-5.620236e-03;1.535634e+00;7.377797e-02;2.198489e+00;7.067364e-02;2.050804e+00;5.465227e-02;2.493349e+00;6.577938e-02;2.406996e+00;-1.703295e-02;1.709630e+00;-1.204286e-01;2.566629e+00;-2.466168e-01;2.558654e+00;-6.189343e-02;2.430821e+00;1.158307e-01;2.521613e+00;2.445204e-01;2.541643e+00;2.550495e-01;2.108793e+00;1.303922e-01;2.239359e+00;-8.893947e-02;2.090762e+00;-2.370679e-01
65.500000;8.214477e+01;2.231367e+02;5.968104e-02;8.338912e-01;5.667884e-02;5.021447e-02;8.183569e-02;5.684027e-02;1.102634e-01;1.556434e-01;2.221100e+01;2.913208e+00;3.166050e-01;1.524049e+00;1.929222e-01;1.085304e+00;1.585524e-02;3.974367e-02;2.445577e-02;6.637188e-02;7.568224e-02;1.526432e-01;1.377168e-01;3.020792e-01;1.836791e-01;4.568863e-01;1.064927e-01;5.931667e-01;1.646157e-01;7.302239e-01;2.064999e-01;8.775229e-01;5.023029e-01;1.052258e+00;3.470286e-01;1.000363e+00;4.536514e-01;1.095663e+00;6.220874e-01;1.212708e+00;4.587393e-01;1.194806e+00;4.510288e-01;1.340449e+00;5.571585e-01;1.486444e+00;3.893469e-01;1.500912e+00;3.356079e-01;1.427050e+00;2.171212e-01;1.494756e+00;2.446540e-01;1.556301e+00;2.929300e-01;1.564523e+00;2.975540e-01;1.608487e+00;1.995796e-01;1.497741e+00;1.876590e-01;1.409486e+00;1.701656e-01;1.271158e+00;1.301355e-01;1.102573e+00;1.185832e-01;9.230382e-01;8.303002e-02;7.583165e-01;7.116773e-02;6.083598e-01;1.107254e-01;6.931984e-02;1.221455e-01;1.704510e-01;6.840723e+01;6.567627e+02;2.416825e+02;8.891777e+02;5.475330e+02;1.388461e+03;9.131745e+02;2.042353e+03;1.764774e-01;3.096246e-01;3.356636e+02;1.184166e+03;8.536955e-01;4.128423e+00;1.391532e+06;1.261176e+06;2.831716e+00;6.290438e+00;7.658054e+01;8.805426e+01;6.805069e-02;-8.349518e-02;1.877603e-01;9.838852e-01;2.757467e-01;3.139972e-01;4.883843e+00;8.751841e+00;7.810339e+00;-2.239787e+01;8.902708e+00;-1.604587e+01;7.344549e+00;-2.245402e+01;8.004678e+00;-1.438342e+01;8.222904e+00;-1.035895e+01;6.239073e+00;7.756622e-01;9.871308e+00;7.226423e+00;1.010713e+01;5.386548e+00;7.141518e+00;-1.302389e+01;8.727953e+00;-1.249474e+01;9.078625e+00;-8.699819e+00;1.009215e+01;-7.723662e+00;6.014011e+00;-6.763325e+00;8.850903e-04;-1.136159e-04;9.800693e-07;-5.499576e-08;1.191880e-06;-1.062522e-07;1.767670e-06;-1.059048e-07;2.613750e-06;-2.985850e-07;4.012866e-04;4.670527e-06;7.714146e-02;3.485227e-03;4.126914e-02;6.591044e-04;4.178902e-03;5.624355e-05;5.054660e-03;2.355758e-04;2.575541e-02;-4.609707e-04;4.205020e-02;-2.970385e-04;4.751261e-02;-7.653556e-07;4.021960e-02;-3.302040e-04;5.674946e-02;1.747941e-03;6.891674e-02;2.377408e-03;1.093403e-01;-3.492816e-03;8.331824e-02;-2.036902e-03;8.198898e-02;-2.242485e-03;1.121605e-01;-2.243608e-03;9.929890e-02;-5.430372e-04;9.790508e-02;5.307891e-05;1.188733e-01;-7.311602e-04;8.658563e-02;3.821661e-03;7.554026e-02;5.623571e-03;6.383319e-02;1.472910e-03;6.830855e-02;1.799589e-03;7.068920e-02;2.856513e-03;7.967065e-02;4.257611e-03;6.269983e-02;2.632488e-03;5.333933e-02;8.747451e-04;5.061591e-02;1.165827e-03;3.829062e-02;8.566340e-04;3.533216e-02;2.352238e-04;2.329236e-02;-3.005558e-04;2.184034e-02;4.107161e-05;4.225352e-02;6.243096e-04;2.896122e-02;9.825187e-04;2.548855e+01;-9.187500e-01;7.263499e+01;6.603516e+00;1.552377e+02;8.268750e+00;2.434141e+02;9.101367e+00;6.446828e-02;-2.099992e-04;9.321198e+01;4.150904e+00;2.608052e-01;3.330646e-03;3.346826e+05;-3.234052e+03;6.485544e-01;-4.823630e-02;1.848452e+01;-8.256318e-01;1.891265e-02;-4.118235e-05;5.443328e-02;1.853169e-03;5.992180e-02;1.213149e-04;1.281697e+00;-6.344067e-02;2.006056e+00;-1.012533e-01;2.220110e+00;1.495887e-01;2.415789e+00;3.956361e-02;2.135265e+00;-1.349753e-01;2.148540e+00;-2.096512e-01;2.446597e+00;-9.794819e-02;2.553564e+00;1.045978e-01;2.123913e+00;4.819837e-02;2.082747e+00;-1.644323e-02;2.271049e+00;1.466496e-01;2.242105e+00;1.044051e-01;1.664048e+00;-5.408313e-02;1.604099e+00;-4.017236e-02
66.000000;9.302556e+01;2.430878e+02;5.255762e-02;8.160610e-01;6.288330e-02;5.565601e-02;7.758217e-02;5.497123e-02;1.215773e-01;1.783239e-01;1.548431e+01;2.472178e+00;2.320670e-01;1.430452e+00;1.099085e-01;1.004076e+00;1.011971e-02;3.271246e-02;1.617523e-02;6.960569e-02;8.962406e-02;1.528420e-01;1.484389e-01;3.030163e-01;1.669369e-01;4.462286e-01;1.034164e-01;5.884072e-01;1.263005e-01;7.099438e-01;1.284802e-01;7.631879e-01;4.145595e-01;9.023638e-01;3.622964e-01;9.580799e-01;1.962037e-01;9.635730e-01;2.726341e-01;1.010303e+00;2.600538e-01;1.113427e+00;2.121165e-01;1.145473e+00;2.817574e-01;1.174780e+00;2.927139e-01;1.350363e+00;2.312047e-01;1.370813e+00;2.003656e-01;1.419255e+00;2.116044e-01;1.449093e+00;2.168251e-01;1.468174e+00;2.114161e-01;1.522881e+00;2.127609e-01;1.438975e+00;2.233731e-01;1.340267e+00;2.069193e-01;1.221440e+00;1.448929e-01;1.065203e+00;1.266090e-01;8.963994e-01;8.213007e-02;7.354329e-01;7.210044e-02;5.960491e-01;1.117705e-01;6.782071e-02;7.680344e-02;1.333076e-01;1.212060e+02;6.653760e+02;4.020344e+02;1.036896e+03;4.990067e+02;1.471866e+03;5.359799e+02;2.195812e+03;1.930479e-01;3.011356e-01;2.777938e+02;1.263729e+03;7.004704e-01;4.328697e+00;5.989686e+05;1.191356e+06;1.410082e+00;4.855397e+00;2.316438e+01;5.005132e+01;4.123230e-02;-5.340263e-02;1.473486e-01;1.013152e+00;1.010276e-01;1.700310e-01;3.727611e+00;7.408946e+00;6.187182e+00;-2.226618e+01;8.782469e+00;-9.398090e+00;8.230652e+00;-1.944675e+01;9.476827e+00;-2.003241e+01;7.672487e+00;-1.473074e+01;7.362079e+00;-1.256989e+00;7.626441e+00;8.010519e+00;8.074053e+00;5.023499e+00;5.541330e+00;-1.372389e+01;1.033830e+01;-6.700096e+00;7.434420e+00;-4.345200e+00;5.276925e+00;-5.516728e+00;7.501237e+00;-2.924267e+00;8.244137e-04;1.021469e-04;7.874805e-07;2.064684e-08;1.333006e-06;-1.156921e-07;1.733964e-06;-9.772506e-08;3.052388e-06;8.767917e-08;3.361194e-04;-5.207085e-06;7.171649e-02;-5.369396e-03;3.424183e-02;-3.041213e-03;3.154141e-03;-1.620241e-04;3.239381e-03;-2.015622e-06;3.086486e-02;-4.098278e-05;4.956008e-02;2.865504e-04;5.485703e-02;5.977238e-04;4.037629e-02;1.168345e-04;4.043790e-02;-9.184443e-04;2.705135e-02;-3.081833e-03;9.316653e-02;-1.227768e-03;8.994418e-02;-1.445774e-03;6.811809e-02;-1.901942e-03;9.717701e-02;-2.449353e-03;9.696008e-02;-1.135825e-03;7.027652e-02;-3.632633e-03;4.857721e-02;-1.213279e-02;4.787253e-02;-1.044183e-02;5.677669e-02;-1.595378e-03;6.304993e-02;-4.174629e-03;7.116471e-02;-3.188039e-03;5.777427e-02;-8.325331e-03;6.227604e-02;-7.366305e-03;6.884688e-02;-5.178365e-03;6.322195e-02;-5.138985e-03;6.632564e-02;-2.498272e-03;4.042263e-02;-1.405881e-03;3.548222e-02;-2.261492e-03;1.999425e-02;-5.220451e-04;2.050641e-02;-8.713858e-06;4.189305e-02;-2.824365e-04;2.952808e-02;-1.536870e-03;4.552217e+01;2.583984e-01;1.051053e+02;-1.378125e+00;1.229870e+02;-6.818848e+00;1.813564e+02;2.828027e+00;7.034908e-02;-1.124645e-03;8.113754e+01;-1.203673e+00;2.036138e-01;-3.764604e-03;2.012640e+05;5.368734e+03;3.471810e-01;1.682671e-02;6.730473e+00;1.252488e-01;1.426592e-02;3.858560e-04;4.578741e-02;-7.047567e-04;2.472730e-02;-1.679006e-03;1.306337e+00;9.296549e-03;2.002489e+00;1.008605e-01;2.013825e+00;4.204844e-02;2.250433e+00;1.020799e-02;3.026881e+00;-1.152663e-01;2.381621e+00;2.926314e-02;2.685755e+00;3.868407e-02;2.167876e+00;-1.167303e-01;1.576931e+00;-1.305694e-01;1.642363e+00;9.728801e-02;2.259309e+00;-6.124116e-03;1.945364e+00;-1.753748e-01;1.372771e+00;7.698756e-03;1.311290e+00;2.312377e-01
66.500000;1.426543e+02;1.684420e+02;8.188340e-02;7.403691e-01;7.589860e-02;5.077924e-02;7.486854e-02;4.861296e-02;1.327540e-01;1.250554e-01;4.822860e+01;-3.381729e+01;3.407987e-01;1.049268e+00;1.844182e-01;9.286465e-01;1.135856e-02;2.049499e-02;5.971880e-02;1.172147e-01;8.721188e-02;1.403164e-01;1.486750e-01;2.831122e-01;2.184711e-01;4.220085e-01;1.516834e-01;5.082287e-01;1.692461e-01;5.923492e-01;1.440929e-01;6.318194e-01;4.430678e-01;7.744053e-01;3.940703e-01;8.432628e-01;2.488398e-01;8.970520e-01;3.496384e-01;9.784847e-01;3.088335e-01;1.054072e+00;2.999267e-01;1.063127e+00;3.224584e-01;1.073819e+00;3.186331e-01;1.123528e+00;3.136637e-01;1.248412e+00;2.563781e-01;1.253533e+00;3.119497e-01;1.310872e+00;3.485424e-01;1.358375e+00;2.897626e-01;1.345253e+00;2.826683e-01;1.402641e+00;2.914852e-01;1.345144e+00;2.551049e-01;1.227877e+00;1.841064e-01;1.059300e+00;1.463943e-01;8.857685e-01;9.129459e-02;7.266604e-01;7.447579e-02;5.953876e-01;5.119901e-02;3.471100e-02;7.615546e-02;6.963974e-02;3.757433e+02;8.254395e+02;7.978316e+02;1.407841e+03;1.290814e+03;2.235577e+03;2.146103e+03;3.717779e+03;1.662083e-01;2.265227e-01;9.288875e+02;1.871345e+03;1.171542e+00;5.133210e+00;3486519;3.898596e+06;1.759830e+00;4.017550e+00;2.557011e+01;3.482125e+01;2.494575e-02;-2.501926e-02;5.736465e-01;1.385573e+00;7.712383e-02;6.992473e-02;6.588494e+00;3.841941e+00;6.731574e+00;-1.561246e+01;7.540869e+00;-6.093138e+00;7.862599e+00;-1.504661e+01;1.144325e+01;-1.605548e+01;7.034120e+00;-1.403086e+01;5.919465e+00;-2.709345e+00;6.659533e+00;2.743406e+00;6.337750e+00;-8.753282e-01;6.798078e+00;-8.697786e+00;8.410311e+00;-4.389323e+00;7.639098e+00;-7.225509e+00;5.004910e+00;-5.601931e+00;7.886492e+00;-5.542798e-01;5.903303e-04;-1.834330e-06;8.322977e-07;-9.193622e-08;1.029767e-06;3.222287e-08;9.172962e-07;6.025886e-08;2.353921e-06;1.891649e-08;4.306066e-04;-6.544884e-05;9.325404e-02;-8.334164e-03;5.890977e-02;-7.856042e-04;2.961116e-03;-2.275515e-04;4.927084e-03;1.463971e-03;3.099376e-02;6.665025e-05;5.020498e-02;-3.333114e-04;7.158813e-02;-5.424715e-04;4.732695e-02;1.566679e-04;4.359342e-02;-2.426628e-03;4.985211e-02;-2.411532e-03;9.452531e-02;2.326589e-03;9.998080e-02;2.900203e-03;9.538211e-02;2.723664e-03;1.279789e-01;4.068074e-03;1.109053e-01;1.717362e-03;9.801883e-02;-1.243859e-03;1.094508e-01;-4.603053e-04;9.816951e-02;-2.922520e-03;9.478837e-02;-4.509363e-03;8.826921e-02;-1.667678e-03;1.087862e-01;-1.080374e-03;1.019146e-01;-2.779576e-03;7.165488e-02;-6.292222e-03;7.598933e-02;-4.889332e-03;8.514509e-02;-1.873750e-03;7.631355e-02;-8.634318e-04;4.680062e-02;-7.158489e-04;3.646921e-02;4.603108e-04;2.243201e-02;4.465022e-04;1.959033e-02;-2.795654e-04;1.780843e-02;-9.874598e-04;2.756575e-02;-1.220878e-03;8.090009e+01;5.297168e+00;1.618840e+02;4.378418e+00;2.404422e+02;1.546084e+01;4.387946e+02;4.130068e+01;6.037255e-02;-1.643672e-03;1.725704e+02;1.477447e+01;2.023057e-01;2.002987e-02;7.159186e+05;8.416443e+04;3.492874e-01;-9.792764e-03;5.954129e+00;-1.917742e-01;7.735312e-03;3.265260e-04;1.074508e-01;9.962565e-03;1.812797e-02;-1.087281e-03;1.534559e+00;-9.015802e-02;2.162120e+00;1.076176e-01;2.158656e+00;-1.108197e-01;2.094140e+00;8.217498e-02;2.793082e+00;1.823624e-01;2.002162e+00;1.816915e-01;2.177751e+00;2.103651e-02;2.028758e+00;-2.133722e-01;1.890492e+00;-1.043516e-01;1.994258e+00;4.385173e-02;2.306442e+00;-8.514659e-02;1.806926e+00;-6.220158e-02;1.254493e+00;6.330726e-02;1.629447e+00;1.777220e-02
67.000000;1.287632e+02;1.378418e+02;1.108733e-01;7.527913e-01;6.672034e-02;3.325466e-02;7.251949e-02;3.690916e-02;1.114132e-01;8.226278e-02;5.323940e+01;-4.030313e+01;6.530178e-01;1.162893e+00;5.080622e-01;1.153073e+00;2.659110e-02;2.955472e-02;7.062691e-02;1.198224e-01;9.158019e-02;1.458167e-01;1.858571e-01;3.154287e-01;3.148313e-01;5.218999e-01;3.891045e-01;6.156897e-01;7.475050e-01;8.668900e-01;8.022273e-01;1.041813e+00;1.150714e+00;1.172294e+00;1.034457e+00;1.349941e+00;1.235145e+00;1.428445e+00;8.835461e-01;1.386945e+00;6.090475e-01;1.256745e+00;8.199064e-01;1.410158e+00;7.778668e-01;1.502106e+00;8.388226e-01;1.439723e+00;6.641853e-01;1.518653e+00;7.313671e-01;1.579011e+00;6.523487e-01;1.547371e+00;5.862098e-01;1.603456e+00;4.838761e-01;1.507659e+00;4.390254e-01;1.536268e+00;3.775272e-01;1.459740e+00;3.253065e-01;1.331594e+00;2.647532e-01;1.139125e+00;1.926640e-01;9.354488e-01;1.225295e-01;7.561463e-01;9.769291e-02;6.115281e-01;1.110580e-01;8.207930e-02;2.497914e-01;1.425625e-01;3.851693e+02;8.944893e+02;8.600600e+02;1.424780e+03;1.510053e+03;2.315250e+03;2.581123e+03;3.990677e+03;2.189866e-01;2.550179e-01;1.093277e+03;1.963272e+03;1.526587e+00;5.088960e+00;4.041118e+06;4.637752e+06;3.136793e+00;4.829145e+00;6.763644e+01;5.818401e+01;9.011815e-02;-7.166106e-02;6.618409e-01;1.463621e+00;3.624180e-01;2.724310e-01;7.962808e+00;3.949737e+00;9.114143e+00;-1.543726e+01;1.030491e+01;-1.171272e+01;1.172414e+01;-1.797578e+01;1.087975e+01;-1.209695e+01;7.182110e+00;-1.081059e+01;7.392576e+00;-1.789973e-01;7.127215e+00;-2.691098e-01;5.640446e+00;-3.119056e+00;6.944201e+00;-7.830320e+00;7.859561e+00;-7.858310e+00;6.273203e+00;-7.950920e+00;5.867122e+00;-5.276778e+00;7.181910e+00;-4.547536e+00;3.831110e-04;-7.776684e-05;9.206536e-07;2.983044e-08;7.257183e-07;8.262656e-08;8.932890e-07;8.556093e-08;1.668359e-06;-2.530906e-07;3.996931e-04;5.475576e-06;9.407607e-02;8.925672e-03;8.261146e-02;2.556530e-03;3.006988e-03;4.487489e-04;6.561749e-03;-1.958932e-04;2.761987e-02;-5.105468e-04;4.496026e-02;-1.021644e-03;7.197776e-02;-5.370194e-04;8.300282e-02;-4.847124e-05;1.462552e-01;7.484980e-04;1.604435e-01;2.608678e-03;2.722606e-01;1.859976e-03;1.519773e-01;4.606482e-03;2.125925e-01;1.461929e-03;1.633731e-01;1.755015e-03;1.251642e-01;3.812677e-03;1.421007e-01;4.190244e-03;1.458875e-01;7.317225e-03;1.657322e-01;4.231757e-03;1.256812e-01;3.732256e-03;1.293021e-01;4.653357e-03;1.409848e-01;2.377976e-05;1.208059e-01;6.995543e-03;9.295036e-02;4.552823e-03;9.129485e-02;3.004798e-03;7.998862e-02;3.070861e-03;6.644261e-02;3.303451e-03;5.046179e-02;1.788529e-03;3.699709e-02;3.501847e-03;2.691580e-02;9.338350e-04;2.375868e-02;4.338853e-04;2.591320e-02;1.660906e-03;5.431775e-02;1.937417e-03;8.400591e+01;8.326172e-01;1.631605e+02;6.459961e-01;2.591300e+02;-1.091016e+00;4.756955e+02;-7.622754e+00;5.129306e-02;1.319089e-03;1.875492e+02;-1.381706e+00;2.030221e-01;-7.321662e-03;772232;-9.406638e+03;7.251822e-01;2.455720e-02;1.784040e+01;7.876501e-01;9.149281e-03;-1.639791e-03;1.177355e-01;-5.638399e-04;3.170400e-02;6.517366e-03;1.455023e+00;-2.253748e-02;1.866568e+00;-1.675091e-01;2.130381e+00;-2.014858e-01;2.660928e+00;-1.590714e-01;2.722882e+00;-2.663989e-02;2.067856e+00;-2.859860e-02;1.940961e+00;5.580216e-02;1.908107e+00;-1.953728e-02;1.898442e+00;1.626888e-02;2.380742e+00;-3.831683e-02;2.700533e+00;4.101658e-02;1.981357e+00;1.176905e-01;1.612672e+00;6.178169e-03;1.689932e+00;-1.431969e-01
67.500000;1.107241e+02;1.834420e+02;1.030486e-01;8.087442e-01;3.358406e-02;2.083017e-02;3.665695e-02;2.027140e-02;1.451928e-01;1.170679e-01;4.712756e+01;-1.812923e+01;5.919104e-01;1.511085e+00;4.796172e-01;1.206716e+00;2.517734e-02;4.628644e-02;5.190315e-02;7.347821e-02;8.882866e-02;1.607905e-01;1.713309e-01;3.488511e-01;2.661532e-01;5.480200e-01;3.724329e-01;7.358178e-01;7.434164e-01;1.008977e+00;7.831252e-01;1.207949e+00;1.151657e+00;1.412740e+00;9.937577e-01;1.462622e+00;1.218058e+00;1.532921e+00;8.601201e-01;1.429320e+00;5.970674e-01;1.385299e+00;7.970942e-01;1.462144e+00;7.692961e-01;1.489522e+00;7.945183e-01;1.506376e+00;6.409501e-01;1.535337e+00;7.181692e-01;1.624555e+00;6.045324e-01;1.608439e+00;5.074484e-01;1.627267e+00;4.072843e-01;1.593363e+00;4.105309e-01;1.531286e+00;3.428760e-01;1.453453e+00;2.954030e-01;1.299538e+00;2.396475e-01;1.116059e+00;1.737503e-01;9.359856e-01;1.107658e-01;7.543850e-01;8.823164e-02;6.035884e-01;1.671512e-01;1.984324e-01;2.406208e-01;1.919730e-01;2.322963e+02;7.243770e+02;5.501530e+02;1.059003e+03;1.131734e+03;1.472871e+03;2.057840e+03;2.371667e+03;2.144491e-01;3.495307e-01;8.256857e+02;1.329792e+03;1.389777e+00;4.188469e+00;3.150729e+06;2203491;3.641290e+00;7.335526e+00;8.810534e+01;1.156113e+02;8.969928e-02;-1.260668e-01;4.930285e-01;1.079837e+00;3.577332e-01;4.871642e-01;6.668123e+00;9.313850e+00;8.909485e+00;-1.789886e+01;1.119248e+01;-1.740631e+01;1.379262e+01;-2.530704e+01;1.056569e+01;-1.384249e+01;7.876442e+00;-7.490565e+00;7.451126e+00;1.278906e+00;7.311539e+00;-1.373165e+00;6.667243e+00;-1.689473e+00;7.024291e+00;-8.272661e+00;9.144036e+00;-7.816181e+00;7.727461e+00;-7.767504e+00;6.604094e+00;-6.850742e+00;4.983862e+00;-6.851137e+00;1.349403e-04;3.135808e-05;1.020296e-06;1.755190e-07;5.681939e-07;-2.300810e-08;6.856537e-07;1.080694e-08;2.006365e-06;-4.586016e-07;4.923522e-04;6.796131e-05;9.998932e-02;1.337908e-02;7.554505e-02;4.419946e-03;4.036791e-03;6.722797e-04;7.193559e-03;-1.878559e-03;2.855683e-02;4.517689e-05;4.473823e-02;2.937879e-03;5.754339e-02;4.261354e-03;8.809969e-02;3.148339e-03;1.562293e-01;6.191785e-03;1.668910e-01;6.005699e-03;2.808303e-01;1.163144e-02;1.481781e-01;4.699851e-03;2.128228e-01;2.554460e-03;1.486450e-01;-7.386787e-04;1.282249e-01;7.942367e-03;1.384221e-01;6.173483e-03;1.354634e-01;4.173983e-03;1.546080e-01;5.457933e-03;1.125428e-01;5.350376e-03;1.268902e-01;8.669298e-03;1.356194e-01;7.092314e-03;1.057014e-01;3.383270e-03;9.844527e-02;5.605798e-03;9.537187e-02;5.995734e-03;6.731234e-02;4.967938e-03;5.161753e-02;4.306794e-03;4.641694e-02;3.236160e-03;3.923300e-02;3.659584e-04;2.396883e-02;7.455628e-04;2.137316e-02;7.143273e-04;4.578438e-02;3.181313e-03;5.961780e-02;1.407463e-03;6.320120e+01;-4.694238e+00;1.091634e+02;-1.215908e+01;1.987711e+02;-2.826592e+01;3.471073e+02;-6.047959e+01;6.142107e-02;2.757970e-03;1.451032e+02;-2.257397e+01;2.506795e-01;-4.004716e-02;4.897071e+05;-9.509133e+04;9.143295e-01;8.147942e-02;2.383286e+01;1.805858e+00;1.582818e-02;-2.426308e-03;8.960018e-02;-1.397210e-02;5.619388e-02;1.023883e-02;1.368013e+00;1.985477e-01;1.482689e+00;-3.387237e-02;2.645242e+00;-9.179702e-02;3.145991e+00;-2.503897e-01;2.866786e+00;-1.594443e-01;2.476337e+00;-1.098414e-01;2.274064e+00;2.125516e-02;2.068294e+00;3.232019e-03;2.020798e+00;6.908526e-02;2.443934e+00;5.286230e-02;3.057228e+00;-1.825183e-01;2.475091e+00;-1.900230e-01;2.083501e+00;-1.185255e-01;1.526985e+00;-1.296893e-02
68.000000;8.296357e+01;2.001765e+02;8.469941e-02;8.375113e-01;3.073541e-02;1.767287e-02;2.772657e-02;1.507422e-02;1.296894e-01;1.188098e-01;3.785466e+01;-3.491266e+00;3.589546e-01;1.625809e+00;1.757232e-01;1.018713e+00;1.867047e-02;5.181944e-02;3.276536e-02;5.359285e-02;7.279751e-02;1.491739e-01;1.229784e-01;3.206002e-01;1.409365e-01;4.632904e-01;1.880900e-01;6.654525e-01;3.290648e-01;8.329328e-01;3.507076e-01;8.665631e-01;5.601799e-01;9.942220e-01;3.125800e-01;9.343472e-01;3.471198e-01;1.094790e+00;2.695756e-01;1.010044e+00;3.683704e-01;1.169710e+00;3.122384e-01;1.171425e+00;3.704343e-01;1.251684e+00;2.981358e-01;1.315024e+00;2.601418e-01;1.294837e+00;3.061074e-01;1.345145e+00;2.936721e-01;1.440449e+00;2.291765e-01;1.434241e+00;2.483409e-01;1.461133e+00;1.952907e-01;1.436302e+00;1.637627e-01;1.351526e+00;1.366775e-01;1.207298e+00;1.292925e-01;1.059995e+00;1.108730e-01;8.903283e-01;6.789415e-02;7.337855e-01;5.471035e-02;5.922314e-01;1.737281e-01;3.234480e-01;8.241756e-02;1.218633e-01;1.298249e+02;5.805352e+02;2.950695e+02;7.888330e+02;6.390773e+02;1.042494e+03;1.119160e+03;1.506606e+03;1.625931e-01;3.355937e-01;4.537285e+02;9.599503e+02;9.492874e-01;3.783102e+00;1.486202e+06;9.734369e+05;3.109767e+00;8.466898e+00;8.866118e+01;1.423183e+02;7.748175e-02;-1.381039e-01;2.642014e-01;8.455932e-01;3.201509e-01;5.392238e-01;5.180737e+00;1.365128e+01;5.858209e+00;-1.607934e+01;9.023237e+00;-1.709228e+01;1.103056e+01;-2.908844e+01;9.357549e+00;-1.885384e+01;1.061741e+01;-1.367372e+01;6.671958e+00;-3.322082e+00;5.629394e+00;-1.523174e+00;6.825990e+00;1.184718e-01;8.455644e+00;-1.018762e+01;8.523275e+00;-9.728389e+00;8.940722e+00;-6.221522e+00;7.659621e+00;-3.159625e+00;3.309430e+00;-5.795987e+00;1.137623e-04;2.770624e-06;8.836798e-07;-7.332905e-08;5.572311e-07;1.735763e-08;5.102269e-07;4.546617e-08;2.056333e-06;-1.388020e-07;4.117282e-04;-3.065090e-06;9.394063e-02;-1.031460e-02;4.546598e-02;-3.878211e-03;3.796210e-03;-4.469130e-04;5.851132e-03;4.633409e-04;2.643664e-02;1.522343e-04;4.231447e-02;9.680341e-05;4.803417e-02;-5.679184e-04;4.810861e-02;-1.293425e-03;6.649115e-02;-3.136691e-03;6.822681e-02;-4.048108e-03;8.816223e-02;-4.792172e-03;5.590027e-02;-7.596359e-03;8.481374e-02;-4.048998e-03;7.250964e-02;-1.614383e-04;9.607707e-02;-5.080235e-03;8.854540e-02;-8.032208e-03;1.053238e-01;-9.019456e-03;9.468196e-02;-4.018083e-03;9.220323e-02;-6.305244e-03;8.912132e-02;-8.020828e-03;9.748052e-02;-6.026998e-03;8.227345e-02;-6.582687e-03;8.325274e-02;-4.895587e-03;7.195991e-02;-3.050669e-03;6.074559e-02;-3.224941e-03;3.730763e-02;-4.379380e-03;3.924690e-02;-2.765467e-03;3.559509e-02;-3.689608e-03;2.067301e-02;-6.728293e-04;1.843243e-02;3.267732e-04;4.822211e-02;-1.366358e-03;3.118859e-02;-2.020951e-03;4.292423e+01;-2.612695e+00;6.498310e+01;-1.162793e+00;1.472909e+02;2.009766e-01;2.610728e+02;-1.263281e+00;6.486110e-02;9.342671e-06;1.073609e+02;1.291160e-01;2.121917e-01;8.031259e-03;3.743202e+05;1.424332e+04;7.972518e-01;-1.814234e-02;2.353324e+01;-7.336767e-01;1.519924e-02;1.623494e-03;6.692499e-02;-2.265814e-04;5.509004e-02;-6.470502e-03;1.175292e+00;3.791939e-02;1.637377e+00;2.695130e-01;2.394747e+00;1.570829e-01;2.796838e+00;7.356814e-02;2.227468e+00;9.492694e-03;2.419716e+00;-3.443429e-02;2.052515e+00;-1.958035e-01;1.782088e+00;-5.377484e-02;2.034769e+00;-9.054285e-02;2.200433e+00;2.336404e-02;2.465922e+00;4.596673e-02;2.271239e+00;-8.417444e-03;2.018395e+00;-8.381754e-02;1.375017e+00;-8.224451e-02
68.500000;1.702212e+02;2.302725e+02;9.705652e-02;8.219231e-01;3.980782e-02;1.963067e-02;3.593212e-02;1.653203e-02;1.384423e-01;1.210302e-01;4.421674e+01;-1.346842e+01;4.937241e-01;1.329441e+00;2.349679e-01;9.989035e-01;2.288290e-02;3.740212e-02;4.837224e-02;7.088058e-02;7.254501e-02;1.384872e-01;1.121771e-01;2.672545e-01;1.498812e-01;3.993936e-01;2.007855e-01;5.207497e-01;3.182931e-01;7.441281e-01;4.936052e-01;8.599076e-01;3.639897e-01;8.201793e-01;2.895606e-01;8.090445e-01;3.347172e-01;9.440044e-01;3.314879e-01;1.030765e+00;3.682674e-01;1.041864e+00;4.675643e-01;1.248402e+00;5.477116e-01;1.383516e+00;4.510106e-01;1.299938e+00;3.728375e-01;1.368123e+00;3.328226e-01;1.356075e+00;4.062195e-01;1.451742e+00;3.850981e-01;1.467659e+00;3.551837e-01;1.466390e+00;2.982937e-01;1.463079e+00;2.607276e-01;1.357383e+00;2.175101e-01;1.233920e+00;1.912629e-01;1.074656e+00;1.317237e-01;8.891951e-01;1.025851e-01;7.354276e-01;7.783573e-02;6.002065e-01;1.913740e-01;2.385312e-01;6.153095e-02;7.725689e-02;1.404387e+02;5.413447e+02;4.005407e+02;8.354883e+02;9.532906e+02;1.428226e+03;1.743901e+03;2.370375e+03;1.381388e-01;2.413388e-01;6.516523e+02;1.224744e+03;1.256016e+00;4.248701e+00;2.809597e+06;2.379459e+06;3.162965e+00;6.356031e+00;8.512511e+01;8.959753e+01;8.318788e-02;-8.695484e-02;3.895774e-01;9.947905e-01;3.455831e-01;3.427138e-01;7.653255e+00;9.739948e+00;6.615167e+00;-1.376425e+01;8.119658e+00;-1.137775e+01;1.092918e+01;-2.297286e+01;9.038099e+00;-1.930658e+01;1.018366e+01;-1.895787e+01;6.469219e+00;-7.803298e+00;6.807897e+00;-1.218302e+00;1.268460e+01;2.583843e+00;1.349644e+01;-5.885987e+00;1.095970e+01;-5.813433e+00;7.828547e+00;-2.151159e+00;6.557607e+00;-1.872069e+00;7.792373e+00;-8.629457e+00;5.633789e-05;-1.834175e-07;9.025142e-07;1.359767e-08;6.294538e-07;-8.466289e-08;5.761929e-07;-8.634893e-08;1.944705e-06;-1.484197e-07;4.968254e-04;-1.364668e-07;7.382412e-02;-7.037977e-03;5.424276e-02;-2.119403e-03;2.329952e-03;-3.884663e-04;6.899572e-03;-4.976064e-05;2.150885e-02;-2.425336e-04;2.964389e-02;-3.243464e-03;3.522216e-02;-4.885203e-03;4.037649e-02;-4.484660e-03;4.951032e-02;-2.436838e-04;8.650985e-02;3.262986e-03;5.762919e-02;-8.264267e-03;6.369775e-02;-7.109832e-03;7.498050e-02;-5.118658e-04;8.897467e-02;3.940054e-03;9.405925e-02;-1.066015e-02;9.692155e-02;4.132941e-03;1.138054e-01;6.127865e-03;1.273558e-01;-5.374195e-03;1.064100e-01;-2.944586e-03;1.006143e-01;-7.978003e-03;1.066211e-01;-4.160646e-03;1.127289e-01;-2.820702e-03;9.579977e-02;-2.750179e-03;7.002243e-02;-1.056203e-03;6.098248e-02;-3.090764e-03;4.708253e-02;-2.891754e-03;5.005293e-02;-8.807400e-05;2.777950e-02;2.812618e-04;2.614911e-02;-9.800497e-05;2.051349e-02;4.915274e-05;2.827579e-02;-3.221071e-05;1.691567e-02;-4.679385e-04;4.738544e+01;-1.291992e+00;1.163229e+02;-9.618164e-01;2.259372e+02;1.406836e+00;3.870536e+02;7.034180e+00;4.656284e-02;-2.339078e-03;1.524838e+02;1.183150e+00;2.097842e-01;-6.787386e-04;6.808376e+05;5.521123e+03;5.993958e-01;-2.726075e-02;1.759398e+01;-9.405844e-01;6.691282e-03;1.896511e-03;9.657957e-02;5.296699e-04;2.845280e-02;-8.136918e-03;1.185299e+00;-1.509866e-01;1.776720e+00;-7.869755e-02;1.749578e+00;-2.053430e-02;2.415753e+00;1.059237e-01;2.463886e+00;-8.991367e-03;2.590560e+00;-1.794849e-01;1.676835e+00;-1.712739e-01;1.391447e+00;1.662776e-01;2.394284e+00;3.175244e-01;2.122301e+00;2.348421e-01;1.926078e+00;3.671649e-01;1.875552e+00;3.545276e-01;1.796015e+00;1.675607e-01;1.535858e+00;-2.551254e-01
69.000000;2.417021e+02;2.624055e+02;1.136495e-01;7.854499e-01;4.657356e-02;2.222526e-02;4.208713e-02;1.814836e-02;1.391319e-01;9.843670e-02;5.102090e+01;-3.715125e+01;3.568063e-01;9.901600e-01;3.229636e-01;1.034494e+00;1.349624e-02;2.150805e-02;5.752743e-02;9.953137e-02;8.869439e-02;1.495167e-01;1.690483e-01;2.753640e-01;2.386843e-01;4.019912e-01;4.710217e-01;6.299126e-01;6.147656e-01;7.938578e-01;5.828037e-01;8.985043e-01;2.971801e-01;7.374575e-01;4.968354e-01;9.159673e-01;5.427373e-01;9.990863e-01;3.993696e-01;1.071454e+00;8.206476e-01;1.330431e+00;7.038413e-01;1.369640e+00;6.189969e-01;1.302308e+00;5.512931e-01;1.298682e+00;4.862531e-01;1.383155e+00;4.552146e-01;1.416424e+00;4.957160e-01;1.477628e+00;4.712836e-01;1.490347e+00;4.467847e-01;1.518803e+00;3.786898e-01;1.459641e+00;3.295000e-01;1.386092e+00;2.735951e-01;1.256504e+00;2.228868e-01;1.087730e+00;1.420721e-01;9.030725e-01;1.180778e-01;7.398367e-01;9.367229e-02;6.034393e-01;1.566007e-01;1.343941e-01;8.279490e-02;6.950668e-02;2.459220e+02;5.792432e+02;6.253301e+02;9.979922e+02;1.199197e+03;2.106091e+03;2.334329e+03;3.612410e+03;1.084234e-01;1.874622e-01;8.392613e+02;1.648961e+03;1.437609e+00;4.715159e+00;3.911689e+06;4257383;1.886125e+00;4.463586e+00;2.930582e+01;4.140400e+01;3.227815e-02;-2.924998e-02;5.195233e-01;1.249924e+00;1.344655e-01;1.032409e-01;5.159393e+00;3.364851e+00;9.252843e+00;-1.408315e+01;9.569038e+00;-9.075145e+00;9.304639e+00;-1.570779e+01;8.978999e+00;-1.374835e+01;1.241920e+01;-1.776055e+01;1.146984e+01;-1.253966e+01;1.097758e+01;-1.937207e+00;1.360841e+01;8.873956e+00;1.121389e+01;6.505733e+00;8.235218e+00;3.858696e+00;8.207981e+00;1.873800e+00;1.041865e+01;-9.060354e-01;1.434721e+01;-9.280724e+00;6.328452e-05;-1.950537e-06;1.143840e-06;8.099866e-08;6.668405e-07;-1.652854e-07;5.846478e-07;-1.736217e-07;1.448285e-06;-3.506211e-07;6.315985e-04;4.627754e-06;8.462211e-02;9.440695e-03;7.219119e-02;7.968234e-03;2.804056e-03;3.590051e-04;1.073453e-02;-3.672210e-04;2.884809e-02;-4.377152e-05;5.660824e-02;-2.346744e-04;7.875796e-02;-1.821386e-05;1.165311e-01;7.183265e-03;1.191215e-01;1.208542e-02;1.047075e-01;9.132944e-03;8.124874e-02;-5.508044e-04;1.231304e-01;1.004621e-02;1.079846e-01;1.529431e-02;1.078367e-01;-1.786458e-04;1.676266e-01;1.555289e-02;1.381908e-01;1.723880e-02;1.256851e-01;1.155815e-02;1.537913e-01;1.698055e-02;1.275050e-01;9.072787e-03;1.235877e-01;1.126559e-02;1.260146e-01;1.500184e-02;1.276471e-01;1.101891e-02;1.043037e-01;9.895922e-03;7.734589e-02;9.948702e-03;6.821773e-02;8.916220e-03;4.582683e-02;6.706423e-03;5.092383e-02;6.311763e-03;2.500518e-02;3.743539e-03;2.767461e-02;1.186364e-03;2.243736e-02;5.957928e-05;2.239468e-02;5.759547e-03;1.444531e-02;3.534106e-03;9.962986e+01;-4.737305e-01;2.184028e+02;-1.880566e+00;3.844940e+02;5.297168e+00;7.071232e+02;2.942871e+00;4.149469e-02;-3.723458e-05;2.684067e+02;-3.566564e-03;3.002485e-01;-7.136104e-03;1.156254e+06;-1.108700e+04;4.878153e-01;-1.265449e-02;6.901746e+00;2.283093e-02;5.595673e-03;-1.204152e-03;1.694287e-01;-1.228755e-04;1.752503e-02;5.227361e-03;2.004777e+00;-8.448543e-02;2.381436e+00;-2.430486e-01;2.417422e+00;-4.310331e-02;2.375197e+00;5.776190e-03;2.375785e+00;4.834123e-02;2.892961e+00;-2.297058e-01;2.039710e+00;-2.634540e-01;1.889576e+00;-1.953308e-01;2.528524e+00;1.091360e-01;2.195097e+00;1.898604e-01;1.713440e+00;2.121977e-01;2.211484e+00;3.166680e-01;2.325697e+00;3.827843e-01;1.986071e+00;2.412414e-01
69.500000;1.879151e+02;3.721294e+02;9.636661e-02;8.442063e-01;2.983757e-02;1.547580e-02;2.717791e-02;1.272449e-02;6.479836e-02;7.974911e-02;4.400375e+01;-1.018491e+01;4.618995e-01;1.403300e+00;2.644290e-01;1.108451e+00;1.896918e-02;4.026591e-02;5.327965e-02;6.894810e-02;8.465321e-02;1.563736e-01;1.924578e-01;3.300359e-01;2.704760e-01;4.968387e-01;4.136198e-01;8.080863e-01;5.589513e-01;9.473251e-01;3.578087e-01;9.017056e-01;2.815031e-01;8.387470e-01;4.327114e-01;1.142951e+00;4.979699e-01;1.214272e+00;3.143126e-01;1.064541e+00;7.685650e-01;1.539158e+00;6.117417e-01;1.437404e+00;4.898227e-01;1.316689e+00;5.180576e-01;1.482489e+00;3.933490e-01;1.410415e+00;3.887278e-01;1.500502e+00;4.003097e-01;1.565884e+00;3.571914e-01;1.538477e+00;3.435245e-01;1.538099e+00;2.965059e-01;1.493793e+00;2.724193e-01;1.431691e+00;2.204102e-01;1.295428e+00;1.771861e-01;1.096322e+00;1.198991e-01;9.125835e-01;1.034328e-01;7.529873e-01;7.418612e-02;6.069376e-01;3.027464e-01;4.351884e-01;1.524701e-01;1.937060e-01;2.261946e+02;5.186631e+02;5.717510e+02;7.354307e+02;1.141495e+03;1.589581e+03;2.275014e+03;2.524553e+03;1.512714e-01;2.584218e-01;8.050242e+02;1.221355e+03;1.248898e+00;3.803091e+00;3803703;2.387208e+06;1.758667e+00;5.526956e+00;2.905487e+01;6.509631e+01;6.258312e-02;-8.983602e-02;5.026001e-01;9.911094e-01;2.437754e-01;3.306655e-01;5.439281e+00;6.374169e+00;8.934539e+00;-1.944091e+01;8.439242e+00;-1.258134e+01;8.478474e+00;-1.781367e+01;7.170632e+00;-1.540633e+01;1.213101e+01;-2.650522e+01;1.359470e+01;-2.561434e+01;1.156276e+01;-1.104843e+01;8.897005e+00;8.775570e+00;8.388834e+00;1.072264e+01;7.473543e+00;7.471044e+00;1.213814e+01;1.102803e+01;1.471080e+01;1.269831e+01;1.556995e+01;1.987070e+00;6.779967e-05;-4.130534e-06;1.041187e-06;-1.084382e-07;4.763558e-07;-5.643319e-08;4.106686e-07;-6.862956e-08;1.238553e-06;-1.290999e-08;3.982559e-04;-1.526498e-06;7.618627e-02;-4.349544e-04;5.871234e-02;-3.441823e-03;2.515792e-03;-3.302243e-05;9.135980e-03;7.333081e-04;3.230260e-02;1.260299e-04;7.311052e-02;3.002238e-04;1.023337e-01;5.119615e-04;1.116895e-01;8.778532e-04;1.130004e-01;-4.982115e-03;6.535657e-02;-8.886601e-03;1.073648e-01;-4.438656e-03;1.157994e-01;4.605904e-04;9.631630e-02;-4.975032e-03;1.076733e-01;-7.032680e-03;1.539659e-01;-1.626743e-04;1.205170e-01;-1.060089e-02;9.378744e-02;-1.367368e-02;1.202852e-01;-3.314950e-03;1.123800e-01;-6.361092e-03;1.008110e-01;-4.909278e-03;9.324229e-02;-6.941887e-03;8.307143e-02;-2.827424e-03;7.076541e-02;-2.112759e-03;6.080807e-02;-2.442837e-03;6.280679e-02;-7.711101e-04;4.451475e-02;-1.820372e-03;3.758665e-02;-3.179833e-03;2.841585e-02;-1.507658e-03;2.841143e-02;-5.672927e-04;1.988641e-02;-2.552112e-04;3.151334e-02;-6.882835e-04;1.933677e-02;2.639892e-04;8.849549e+01;-7.464844e-01;1.866843e+02;1.320703e+00;3.170769e+02;1.909277e+00;5.977932e+02;3.502734e+00;5.998179e-02;2.529940e-03;2.230952e+02;1.304332e+00;2.694901e-01;8.961982e-03;9.421884e+05;8.889909e+03;4.937057e-01;-8.342873e-03;8.008367e+00;-1.300468e-01;7.362620e-03;2.342787e-05;1.405571e-01;6.178109e-04;2.579520e-02;-8.982524e-04;1.982095e+00;5.677072e-02;2.208322e+00;1.254927e-01;2.472281e+00;7.393669e-02;2.408791e+00;2.809979e-02;2.067760e+00;1.110159e-01;2.962716e+00;7.902378e-02;2.905753e+00;-1.585478e-01;1.813046e+00;-1.961946e-01;2.146654e+00;-3.416555e-01;2.190458e+00;-1.119086e-01;1.881530e+00;-1.897736e-02;2.879604e+00;1.503432e-02;3.017782e+00;1.282973e-01;2.014818e+00;3.844945e-01
70.000000;1.983451e+02;2.979046e+02;1.122754e-01;7.948735e-01;4.411332e-02;2.501136e-02;3.163476e-02;1.931847e-02;1.475565e-01;1.179783e-01;4.882911e+01;-2.064027e+01;5.393519e-01;1.257751e+00;2.750483e-01;1.008386e+00;2.275313e-02;3.427218e-02;6.980088e-02;9.816452e-02;1.163279e-01;1.567530e-01;2.335889e-01;3.429353e-01;3.108329e-01;5.138141e-01;3.028682e-01;5.863165e-01;4.845153e-01;7.084717e-01;4.373009e-01;7.745271e-01;5.821581e-01;9.602763e-01;5.437465e-01;9.985411e-01;5.925764e-01;1.063239e+00;4.366930e-01;1.117617e+00;5.235031e-01;1.107408e+00;4.837438e-01;1.133125e+00;4.493141e-01;1.233027e+00;4.951571e-01;1.299141e+00;3.192090e-01;1.308525e+00;3.403261e-01;1.362811e+00;3.718124e-01;1.403116e+00;2.980466e-01;1.434322e+00;2.495913e-01;1.425150e+00;2.682398e-01;1.429210e+00;2.570613e-01;1.358083e+00;2.111328e-01;1.235493e+00;1.514338e-01;1.059012e+00;1.085469e-01;8.859637e-01;9.221809e-02;7.291407e-01;5.510013e-02;5.920079e-01;3.473204e-01;3.584148e-01;1.614271e-01;1.650435e-01;4.860529e+02;7.163379e+02;9.674083e+02;1.156189e+03;1.582135e+03;2.092597e+03;2.803063e+03;3.461534e+03;1.800460e-01;2.587096e-01;1.186333e+03;1.673319e+03;1.605778e+00;4.542641e+00;4297957;3.678545e+06;2.236073e+00;4.685744e+00;3.911763e+01;5.221220e+01;6.985977e-02;-7.715047e-02;7.343741e-01;1.260854e+00;2.687794e-01;2.769158e-01;7.919947e+00;4.294868e+00;8.443172e+00;-1.631343e+01;8.335814e+00;-8.975819e+00;9.357309e+00;-1.508919e+01;1.003494e+01;-1.135512e+01;1.473701e+01;-2.126250e+01;1.470269e+01;-2.201342e+01;5.994618e+00;-1.352766e+01;8.773488e+00;-2.155524e-01;9.748760e+00;4.249363e+00;8.892753e+00;3.315955e+00;1.327848e+01;7.979504e+00;1.520735e+01;9.243921e+00;9.769270e+00;2.378212e+00;5.640917e-04;-1.186213e-04;9.704934e-07;-3.715575e-09;6.003888e-07;-4.505976e-08;4.729074e-07;1.416817e-08;2.003208e-06;9.330580e-08;3.818059e-04;-1.504931e-06;8.095278e-02;-2.009739e-03;6.192027e-02;1.962793e-03;2.961641e-03;-2.591875e-05;9.742955e-03;-2.191994e-05;3.874572e-02;2.418980e-05;7.939388e-02;3.879406e-03;1.044850e-01;7.925962e-03;6.541598e-02;2.392434e-04;1.052565e-01;1.240922e-02;9.367832e-02;1.398134e-02;1.528982e-01;3.060245e-02;1.264756e-01;1.582859e-02;1.744686e-01;1.979299e-02;1.508451e-01;1.818379e-02;8.489722e-02;-6.342216e-03;9.298272e-02;-4.607957e-03;9.330254e-02;-2.536924e-03;8.354400e-02;-8.426188e-03;8.845522e-02;-4.587413e-03;8.894658e-02;-5.426634e-03;7.497589e-02;-9.625273e-03;6.722348e-02;-6.602768e-03;5.378097e-02;-6.329022e-03;5.839070e-02;-6.850140e-03;6.000818e-02;-4.819216e-03;5.164064e-02;-2.191921e-03;3.826308e-02;-2.333865e-03;2.884648e-02;-6.615697e-04;2.764827e-02;-1.383110e-05;1.626168e-02;-4.796310e-04;2.938669e-02;-3.826592e-03;2.579559e-02;-5.612673e-04;1.364149e+02;1.392480e+00;2.223855e+02;3.976465e+00;3.544807e+02;-4.019531e+00;6.264621e+02;-4.938281e+00;6.773853e-02;3.489484e-05;2.574865e+02;-6.953668e-01;2.733764e-01;1.076525e-03;9.507737e+05;-2.956257e+03;5.394421e-01;5.433512e-02;1.016683e+01;1.290592e+00;9.016343e-03;8.923676e-05;1.633032e-01;-2.057940e-05;3.254588e-02;-1.863879e-04;2.016536e+00;1.330803e-01;1.733563e+00;1.341984e-01;2.262302e+00;-1.047686e-01;2.675076e+00;-7.861846e-02;2.472794e+00;6.542163e-02;2.846889e+00;2.795101e-01;2.889781e+00;3.243833e-01;1.630656e+00;5.958184e-02;2.114403e+00;-2.346245e-01;1.832484e+00;-2.632348e-01;2.024711e+00;-2.177417e-01;2.617152e+00;-2.964302e-01;2.444094e+00;-3.947302e-01;1.647078e+00;-3.332226e-01
70.500000;1.365718e+02;1.962301e+02;1.062919e-01;7.842622e-01;5.775915e-02;3.782349e-02;5.316176e-02;3.421802e-02;1.483994e-01;1.346550e-01;4.835312e+01;-2.142839e+01;5.129676e-01;1.182247e+00;3.676117e-01;1.062084e+00;2.421576e-02;3.238601e-02;6.590828e-02;1.093361e-01;1.134691e-01;1.505262e-01;2.110243e-01;3.176940e-01;3.016200e-01;4.979587e-01;2.716396e-01;5.219598e-01;6.243473e-01;7.474566e-01;7.105777e-01;9.762228e-01;8.731884e-01;1.215744e+00;1.021977e+00;1.340773e+00;1.046693e+00;1.247530e+00;7.929401e-01;1.253551e+00;5.018334e-01;1.062730e+00;5.942773e-01;1.178244e+00;5.366494e-01;1.301003e+00;4.553555e-01;1.272462e+00;3.983673e-01;1.358940e+00;4.515965e-01;1.425734e+00;4.395641e-01;1.406317e+00;3.508072e-01;1.467287e+00;3.183900e-01;1.487188e+00;2.727295e-01;1.446852e+00;2.247252e-01;1.369657e+00;2.091199e-01;1.240299e+00;1.395823e-01;1.081167e+00;1.166554e-01;9.152094e-01;8.713537e-02;7.360718e-01;5.759266e-02;5.956130e-01;1.731082e-01;1.471505e-01;1.238362e-01;9.284148e-02;4.376464e+02;8.211328e+02;8.623811e+02;1.327163e+03;1.590490e+03;2.175858e+03;2.928407e+03;3.553409e+03;1.586351e-01;2.450424e-01;1.146471e+03;1.797379e+03;1.576235e+00;4.733173e+00;4.328258e+06;4.089192e+06;3.765332e+00;5.990243e+00;8.605085e+01;8.649652e+01;7.636535e-02;-7.365969e-02;6.951963e-01;1.355893e+00;3.349452e-01;2.981693e-01;8.641937e+00;4.579977e+00;7.450864e+00;-1.497582e+01;1.142322e+01;-1.301537e+01;1.487951e+01;-2.275521e+01;1.160640e+01;-1.286474e+01;7.623006e+00;-9.015964e+00;9.335690e+00;-3.003714e+00;9.720959e+00;-1.682006e+00;8.619204e+00;-2.491273e+00;7.357224e+00;-6.469919e+00;7.794537e+00;-7.311552e+00;5.614364e+00;-4.229745e+00;6.022303e+00;-2.805281e+00;5.220156e+00;-5.823113e+00;6.052884e-04;-1.530733e-04;8.986047e-07;1.853981e-08;9.276616e-07;-6.194043e-08;9.018902e-07;-1.190106e-08;1.861074e-06;2.694964e-08;3.792233e-04;-3.999799e-06;7.959119e-02;-4.848514e-03;6.464345e-02;-1.289106e-03;3.218440e-03;-2.242408e-04;9.784762e-03;2.781557e-04;3.662348e-02;-3.224296e-04;6.608145e-02;-4.668792e-04;8.298209e-02;-1.239453e-03;6.991455e-02;-8.760625e-04;1.240644e-01;-2.436222e-03;1.113590e-01;-2.896178e-03;1.470842e-01;-1.235740e-03;1.385140e-01;-2.958533e-03;2.189470e-01;-3.695103e-03;1.735059e-01;-2.236193e-03;1.057456e-01;-3.176333e-03;1.104134e-01;-3.925704e-03;1.122508e-01;-2.485691e-03;9.574737e-02;-1.245872e-03;9.230380e-02;-6.164447e-04;9.736089e-02;-9.557102e-04;1.007273e-01;6.595566e-04;6.964932e-02;-8.203234e-04;6.392338e-02;-1.494102e-03;6.426150e-02;-2.143385e-03;5.566028e-02;5.014170e-06;5.143015e-02;-3.929931e-04;3.184036e-02;8.666503e-04;2.662542e-02;7.437499e-04;2.094460e-02;4.417570e-05;1.419386e-02;-2.165250e-04;2.890688e-02;-2.396040e-03;3.075774e-02;-1.217473e-03;1.374462e+02;1.794434e+00;2.233352e+02;5.885742e-01;3.683998e+02;1.178584e+01;6.432923e+02;3.250078e+01;5.536831e-02;-2.919872e-03;2.623611e+02;9.835069e+00;2.768832e-01;1.634613e-02;9.785629e+05;5.254727e+04;6.157539e-01;-4.091067e-02;1.386283e+01;-7.051514e-01;9.526064e-03;4.870840e-04;1.655536e-01;6.422326e-03;4.138980e-02;-1.128649e-03;1.858127e+00;-1.054017e-01;1.839089e+00;2.714471e-02;2.429582e+00;-6.399422e-02;2.658893e+00;-1.433780e-01;2.494850e+00;-1.090724e-01;2.526527e+00;1.183182e-01;1.732477e+00;3.348239e-01;1.828873e+00;1.469096e-01;1.963589e+00;2.879607e-02;1.715661e+00;-1.297764e-01;2.235176e+00;-1.993865e-01;1.627082e+00;-2.343705e-01;1.563393e+00;-2.005740e-01;1.409956e+00;-1.231778e-01
71.000000;2.982530e+01;2.364221e+02;4.588814e-02;8.698794e-01;4.469760e-02;2.926153e-02;4.824020e-02;2.813964e-02;7.017352e-02;1.174484e-01;4.826402e+00;1.185883e+01;3.844315e-01;1.617782e+00;3.081571e-01;1.175727e+00;1.742545e-02;5.190083e-02;3.165697e-02;5.216805e-02;5.967394e-02;1.468029e-01;1.507577e-01;3.478159e-01;2.450209e-01;5.505577e-01;2.738907e-01;7.225484e-01;4.810973e-01;9.706907e-01;5.562611e-01;1.091719e+00;7.324764e-01;1.309180e+00;8.959743e-01;1.400325e+00;9.177731e-01;1.432723e+00;7.214160e-01;1.309720e+00;4.278357e-01;1.284643e+00;5.096971e-01;1.416768e+00;5.159927e-01;1.489368e+00;4.471937e-01;1.471246e+00;3.996706e-01;1.491417e+00;4.319612e-01;1.548659e+00;4.825253e-01;1.647464e+00;3.795955e-01;1.624208e+00;3.636754e-01;1.636003e+00;2.918343e-01;1.552078e+00;2.426064e-01;1.430577e+00;1.887595e-01;1.287911e+00;1.210362e-01;1.114119e+00;1.113695e-01;9.307368e-01;8.312806e-02;7.561950e-01;5.347175e-02;6.054367e-01;1.682528e-01;2.916975e-01;1.211046e-01;1.246134e-01;8.921621e+01;5.946035e+02;1.191763e+02;7.579688e+02;5.827711e+02;1.013783e+03;1.283695e+03;1.513210e+03;1.374462e-01;2.969567e-01;4.138626e+02;9.710450e+02;8.310843e-01;3.634957e+00;2.080916e+06;1212853;3.095206e+00;8.669203e+00;8.697541e+01;1.447245e+02;5.999316e-02;-1.350705e-01;2.495473e-01;8.627883e-01;2.543015e-01;5.530506e-01;6.185128e+00;1.264775e+01;5.842230e+00;-1.693790e+01;7.420185e+00;-1.890626e+01;7.017842e+00;-3.384425e+01;6.044866e+00;-2.204631e+01;5.368134e+00;-1.133789e+01;7.626593e+00;-2.563611e+00;8.517061e+00;2.268167e-01;6.956175e+00;-1.991513e-01;8.254806e+00;-1.258161e+01;7.957894e+00;-1.342410e+01;6.557755e+00;-7.261246e+00;5.821326e+00;-3.751426e+00;4.587915e+00;-6.876281e+00;2.618096e-04;-1.291799e-05;6.596474e-07;-9.765813e-09;8.402825e-07;-8.858016e-09;8.729536e-07;-1.762038e-08;1.546883e-06;-2.933304e-08;7.273408e-05;2.563648e-06;6.816826e-02;-5.063455e-04;4.716558e-02;-8.393032e-03;2.722979e-03;3.579747e-05;5.068043e-03;-1.885865e-04;2.097248e-02;9.343092e-05;3.510668e-02;-3.885380e-03;4.398012e-02;-8.154623e-03;5.935475e-02;-3.873588e-03;8.175729e-02;-1.917693e-02;7.521019e-02;-1.955386e-02;1.029267e-01;-2.878667e-02;7.368452e-02;-2.388053e-02;1.475747e-01;-3.145667e-02;1.361585e-01;-1.850763e-02;1.001704e-01;-1.036257e-02;8.950592e-02;-1.156397e-02;1.076666e-01;-6.591588e-03;1.192236e-01;-5.622151e-03;8.971414e-02;-4.102750e-03;8.599119e-02;-3.858944e-03;1.039345e-01;-3.399759e-03;7.704366e-02;-2.077513e-03;7.674769e-02;-1.145042e-03;7.923673e-02;-2.185905e-03;7.663251e-02;-3.373647e-03;4.944156e-02;-2.459668e-03;2.720034e-02;-1.751818e-03;2.885275e-02;-1.727889e-03;2.268419e-02;-9.538656e-04;1.786274e-02;1.407343e-04;3.178886e-02;4.531955e-03;3.091076e-02;-2.730684e-03;2.228106e+01;-1.722656e+00;2.934526e+01;-4.163086e+00;1.304283e+02;-2.770606e+00;2.459764e+02;-9.043945e-01;5.326049e-02;-1.071892e-03;7.999302e+01;-2.192324e+00;2.032741e-01;-3.120734e-03;3.889954e+05;-4.722157e+02;8.673244e-01;-1.999748e-03;2.584866e+01;-1.043090e-01;1.031343e-02;-1.791610e-04;4.706089e-02;-1.770495e-03;4.517426e-02;5.982241e-05;1.084003e+00;-8.349897e-03;1.331872e+00;3.554660e-02;2.066519e+00;9.270690e-02;2.361885e+00;-5.938140e-02;2.174369e+00;-2.178829e-01;1.730361e+00;-9.391154e-02;1.389204e+00;-5.346740e-02;1.874299e+00;8.853243e-02;1.946518e+00;1.438260e-01;2.132510e+00;-4.774497e-03;2.349579e+00;7.582793e-02;1.551968e+00;1.867634e-01;1.534610e+00;1.379286e-01;1.376507e+00;1.751821e-01
71.500000;8.980915e+01;1.789320e+02;9.646683e-02;8.189425e-01;2.175161e-02;1.483620e-02;2.051721e-02;1.277700e-02;8.526121e-02;9.014030e-02;4.342498e+01;-1.057030e+01;4.879537e-01;1.374125e+00;2.584555e-01;1.005784e+00;2.165640e-02;4.026785e-02;6.157849e-02;7.808768e-02;7.335696e-02;1.452391e-01;1.620509e-01;3.166578e-01;2.485299e-01;4.726755e-01;3.211644e-01;6.403095e-01;3.726452e-01;7.276115e-01;2.685617e-01;7.101655e-01;4.633363e-01;8.834629e-01;3.054049e-01;8.317108e-01;4.574937e-01;1.008103e+00;3.781538e-01;1.067058e+00;3.950905e-01;1.125419e+00;4.202787e-01;1.179663e+00;4.407361e-01;1.232713e+00;4.104860e-01;1.296826e+00;4.099503e-01;1.339710e+00;3.879165e-01;1.376205e+00;4.789203e-01;1.470741e+00;4.045317e-01;1.481827e+00;4.055267e-01;1.489563e+00;3.946223e-01;1.455063e+00;3.197024e-01;1.363411e+00;2.155542e-01;1.227374e+00;1.698585e-01;1.074123e+00;1.209362e-01;8.886638e-01;1.005956e-01;7.432609e-01;7.754893e-02;6.028252e-01;2.159511e-01;2.651362e-01;7.238055e-02;7.265502e-02;3.200484e+02;6.358037e+02;7.622210e+02;9.931113e+02;1.283157e+03;1.474594e+03;2.161622e+03;2.428228e+03;1.576320e-01;2.612519e-01;9.464837e+02;1.316227e+03;1.331672e+00;4.331143e+00;3.224143e+06;2.553134e+06;3.965647e+00;7.340319e+00;9.888412e+01;1.153443e+02;6.913655e-02;-9.564237e-02;5.705692e-01;1.052506e+00;2.829459e-01;3.690478e-01;9.301899e+00;1.114625e+01;5.143377e+00;-1.138990e+01;7.565762e+00;-1.277040e+01;1.079649e+01;-2.845443e+01;9.851441e+00;-2.052735e+01;5.754035e+00;-1.365866e+01;5.228672e+00;-9.042318e+00;5.369262e+00;-4.993620e+00;4.650170e+00;-2.167430e+00;8.528831e+00;-1.084164e+01;8.725906e+00;-1.042878e+01;8.165640e+00;-5.499499e+00;5.511724e+00;-4.247347e+00;3.825912e+00;-6.206843e+00;9.560453e-05;2.762726e-05;6.827124e-07;-7.521737e-08;4.218810e-07;6.495208e-10;4.253980e-07;2.830004e-09;1.561760e-06;-4.516040e-09;4.354754e-04;-5.823781e-05;9.529451e-02;-1.027771e-03;6.236337e-02;1.149873e-03;3.231077e-03;-3.207864e-05;5.419910e-03;9.226506e-04;2.660783e-02;-5.242481e-05;3.671897e-02;-8.572066e-06;5.138979e-02;1.366738e-05;6.195275e-02;-6.396858e-04;5.575199e-02;-2.004226e-04;6.377070e-02;-3.350447e-04;8.907562e-02;-1.124290e-03;6.288401e-02;1.548495e-03;9.164407e-02;1.356282e-03;1.157808e-01;9.779257e-04;1.185745e-01;2.212780e-03;1.034700e-01;2.590345e-03;1.121085e-01;2.627920e-03;1.265875e-01;6.728030e-04;1.173249e-01;2.696252e-03;1.097319e-01;2.828279e-03;9.891527e-02;4.065937e-03;9.414634e-02;1.207179e-03;8.950547e-02;2.139548e-03;1.132834e-01;2.919053e-03;1.020460e-01;-2.915906e-04;5.361937e-02;1.330336e-03;3.900408e-02;1.002723e-03;3.225674e-02;1.088370e-03;2.696008e-02;9.821835e-04;2.308263e-02;2.886390e-04;3.110014e-02;-6.893191e-05;2.440250e-02;4.181291e-06;4.972478e+01;1.106807e+01;1.229694e+02;2.433252e+01;2.097095e+02;2.988809e+01;3.746778e+02;2.489238e+01;5.990317e-02;-5.438735e-05;1.512916e+02;1.977983e+01;1.854203e-01;1.838475e-02;6.835751e+05;2.711693e+04;8.756219e-01;-1.099729e-02;2.590443e+01;-5.244576e-02;1.033741e-02;2.168416e-05;9.561846e-02;1.176762e-02;3.721943e-02;-7.333944e-05;1.638885e+00;-6.693158e-02;1.607283e+00;1.421638e-02;1.593244e+00;1.683958e-01;1.991142e+00;2.244438e-01;2.510142e+00;1.693380e-01;1.670103e+00;7.123700e-02;1.873719e+00;-9.191402e-02;1.947096e+00;-1.019540e-01;1.915277e+00;-1.861028e-02;2.081932e+00;-3.418621e-02;2.065298e+00;7.699274e-03;1.919495e+00;1.005888e-02;1.539254e+00;7.754850e-02;1.390967e+00;2.125011e-02
72.000000;2.259916e+02;2.312828e+02;1.087840e-01;7.756603e-01;3.612396e-02;1.806444e-02;3.787032e-02;1.752847e-02;1.014474e-01;8.231167e-02;5.136556e+01;-3.364879e+01;4.023376e-01;1.079054e+00;2.854680e-01;9.828675e-01;1.781233e-02;2.691418e-02;6.961169e-02;1.059902e-01;1.126798e-01;1.590241e-01;2.001985e-01;2.898147e-01;2.693837e-01;4.176793e-01;3.146272e-01;5.270541e-01;4.325099e-01;6.743642e-01;8.469679e-01;9.419000e-01;4.306336e-01;7.715881e-01;3.911946e-01;7.970482e-01;4.611782e-01;9.068981e-01;6.633068e-01;1.124703e+00;3.966940e-01;1.074373e+00;5.319126e-01;1.172429e+00;7.369538e-01;1.306827e+00;3.989115e-01;1.248477e+00;4.684307e-01;1.356446e+00;3.900165e-01;1.352417e+00;3.899573e-01;1.367247e+00;3.348754e-01;1.394023e+00;3.285071e-01;1.391068e+00;3.612824e-01;1.422796e+00;2.927710e-01;1.360945e+00;2.080951e-01;1.217671e+00;1.713459e-01;1.056034e+00;1.179902e-01;8.896891e-01;1.027639e-01;7.355052e-01;8.197284e-02;5.985333e-01;2.224926e-01;2.110900e-01;7.656500e-02;6.164368e-02;4.149386e+02;7.492119e+02;9.670452e+02;1.291992e+03;1.662671e+03;2.109680e+03;2.505172e+03;3.588437e+03;1.755106e-01;2.265942e-01;1.165119e+03;1.770563e+03;1.659690e+00;4.752281e+00;3.826290e+06;4.034122e+06;3.639765e+00;5.650077e+00;7.787992e+01;7.560124e+01;4.892514e-02;-4.845865e-02;7.102147e-01;1.323231e+00;1.852171e-01;1.698404e-01;9.344826e+00;4.728238e+00;7.856801e+00;-1.218571e+01;9.170476e+00;-1.040161e+01;1.178356e+01;-2.038757e+01;1.053869e+01;-1.578706e+01;8.693544e+00;-1.594918e+01;7.170671e+00;-9.822472e+00;8.166427e+00;-2.911739e-01;1.270005e+01;4.628215e+00;1.205047e+01;2.110567e+00;8.793985e+00;-2.894839e-01;6.937579e+00;-1.624943e+00;5.822041e+00;-5.869741e+00;1.124300e+01;-1.246314e+01;9.775167e-05;-1.787590e-05;1.001518e-06;-1.212149e-07;4.356879e-07;-7.431448e-08;4.927940e-07;-8.712089e-08;1.316754e-06;-3.878573e-08;6.486326e-04;-6.547396e-05;1.063229e-01;-1.055768e-02;7.385709e-02;-2.004746e-03;3.340143e-03;-5.180645e-04;9.429262e-03;1.815445e-03;3.634497e-02;3.540979e-04;5.839971e-02;1.154237e-03;7.810806e-02;6.567042e-04;8.967384e-02;-3.727836e-03;7.281514e-02;-6.474668e-03;1.549021e-01;-6.186577e-03;8.168419e-02;-4.199721e-03;1.157265e-01;-2.609757e-03;1.111057e-01;-4.635554e-03;1.414986e-01;-4.329264e-03;1.316202e-01;-3.867067e-04;1.167931e-01;-2.467891e-03;1.423815e-01;-4.571700e-03;1.245749e-01;-1.403537e-03;1.350976e-01;-8.936742e-04;1.274721e-01;-1.131036e-03;1.136381e-01;-4.697275e-04;9.214771e-02;-1.198811e-03;8.951798e-02;-2.732804e-03;1.155354e-01;-2.484625e-03;9.002396e-02;-9.495288e-04;5.540467e-02;-1.736883e-03;4.352123e-02;-2.774962e-04;3.177118e-02;-5.871815e-04;2.816738e-02;-1.564676e-04;2.213101e-02;-6.769896e-04;3.075156e-02;-6.935528e-03;2.525663e-02;-4.608918e-04;1.038959e+02;9.158789e+00;2.257524e+02;2.104512e+01;3.543895e+02;3.995127e+01;5.299551e+02;6.326455e+01;6.015455e-02;-1.159926e-03;2.455973e+02;2.942654e+01;2.881981e-01;3.862498e-02;9.223406e+05;1.053277e+05;6.282108e-01;-8.813135e-02;1.388802e+01;-1.764620e+00;9.517732e-03;1.495057e-03;1.545237e-01;1.814034e-02;2.697083e-02;-5.764716e-03;2.100812e+00;-2.281492e-01;1.924145e+00;2.526027e-02;1.950582e+00;1.661038e-01;2.014305e+00;3.479612e-01;2.413232e+00;2.545882e-01;2.474459e+00;9.644289e-02;2.337182e+00;6.620849e-02;2.313125e+00;-1.844426e-02;3.375471e+00;-2.681723e-02;2.566787e+00;1.256777e-01;2.315556e+00;2.388686e-02;2.094829e+00;-1.493543e-01;1.493166e+00;-1.401952e-01;2.168905e+00;-8.805793e-02
72.500000;2.142198e+02;3.754409e+02;1.067386e-01;8.379123e-01;4.001094e-02;2.231484e-02;3.950682e-02;1.993607e-02;1.003688e-01;9.358782e-02;4.580761e+01;-1.475814e+01;5.050144e-01;1.304688e+00;3.066278e-01;1.168459e+00;2.229086e-02;3.830046e-02;6.639725e-02;7.414336e-02;1.044032e-01;1.575950e-01;2.100454e-01;3.118895e-01;2.904300e-01;4.689930e-01;4.678975e-01;7.982785e-01;7.163643e-01;1.100658e+00;8.412769e-01;1.259708e+00;3.985842e-01;8.811007e-01;4.379317e-01;1.114718e+00;5.859548e-01;1.326804e+00;6.367045e-01;1.244603e+00;7.042406e-01;1.479223e+00;7.549520e-01;1.582585e+00;7.011397e-01;1.548926e+00;4.871943e-01;1.582417e+00;4.341972e-01;1.529973e+00;4.174431e-01;1.574876e+00;5.012748e-01;1.650973e+00;3.499250e-01;1.587663e+00;3.483365e-01;1.566596e+00;3.154284e-01;1.530576e+00;2.375264e-01;1.421423e+00;2.187778e-01;1.304354e+00;1.639741e-01;1.098655e+00;1.104758e-01;9.165910e-01;8.500089e-02;7.445359e-01;6.125560e-02;5.962073e-01;4.256654e-01;5.017167e-01;1.183544e-01;1.344760e-01;3.613715e+02;6.652324e+02;8.831843e+02;1029;1.674793e+03;1.709019e+03;2.488627e+03;3.043934e+03;1.634877e-01;2.243963e-01;1.150608e+03;1.475429e+03;1.731714e+00;3.994429e+00;4.136345e+06;3073665;2.507782e+00;5.582436e+00;4.616391e+01;7.042710e+01;7.446741e-02;-9.024750e-02;7.140566e-01;1.145294e+00;3.105352e-01;3.572429e-01;6.829257e+00;4.322651e+00;8.412115e+00;-1.913627e+01;8.453135e+00;-1.206221e+01;7.992030e+00;-1.814074e+01;9.250109e+00;-1.776902e+01;1.165049e+01;-2.495710e+01;1.389620e+01;-1.967103e+01;1.222726e+01;-6.159544e+00;1.161483e+01;8.157752e+00;9.880507e+00;1.145224e+01;1.003023e+01;1.028982e+01;1.534857e+01;1.087683e+01;1.773845e+01;5.336327e+00;1.658517e+01;-6.661345e+00;1.042231e-04;-2.714726e-05;1.067484e-06;1.558904e-07;5.240390e-07;-1.369661e-07;5.092730e-07;-1.358646e-07;1.498664e-06;-1.793061e-07;5.428097e-04;6.284113e-05;8.385131e-02;1.069887e-02;6.481294e-02;2.917884e-03;2.887239e-03;4.864667e-04;1.098566e-02;-1.834341e-03;3.198162e-02;3.226065e-04;6.430779e-02;9.116911e-04;8.932504e-02;2.267095e-03;1.098095e-01;4.619705e-03;1.438140e-01;4.752192e-03;1.690785e-01;4.122109e-03;7.827382e-02;6.923349e-03;1.147463e-01;3.972086e-03;1.219881e-01;2.867461e-03;1.258118e-01;4.386005e-03;1.586279e-01;3.476605e-03;1.484596e-01;1.277657e-03;1.247073e-01;6.840826e-03;1.078564e-01;4.032002e-03;1.013862e-01;3.508781e-03;9.424923e-02;3.506778e-03;1.083867e-01;2.881257e-03;7.664859e-02;5.521568e-03;7.280896e-02;2.801837e-03;8.604640e-02;1.443697e-03;6.183680e-02;3.411190e-03;5.776479e-02;1.672073e-03;4.593346e-02;-2.502862e-05;3.044257e-02;2.487550e-04;2.537591e-02;-5.845133e-05;1.718665e-02;1.811281e-04;3.906898e-02;8.724848e-03;2.733343e-02;1.354912e-03;9.825118e+01;-1.297734e+01;2.094216e+02;-2.731846e+01;3.496377e+02;-4.725820e+01;5.374438e+02;-6.312099e+01;5.173834e-02;1.470062e-03;2.428133e+02;-3.275714e+01;3.328153e-01;-4.444620e-02;9.167735e+05;-9.096988e+04;5.823365e-01;5.077508e-02;1.102223e+01;7.415849e-01;9.430670e-03;-1.360204e-03;1.531052e-01;-2.028425e-02;3.279240e-02;5.310494e-03;1.754474e+00;1.645121e-01;1.676338e+00;-1.485434e-01;2.054946e+00;-7.582978e-02;2.028038e+00;-1.076039e-01;2.334707e+00;-2.489490e-01;2.691037e+00;-3.124261e-01;2.559563e+00;-2.743054e-01;2.085368e+00;-1.497938e-01;3.348580e+00;1.691890e-02;2.785305e+00;1.604277e-01;2.406643e+00;2.056621e-01;2.172087e+00;3.139547e-01;2.333269e+00;1.920514e-01;2.457916e+00;4.905910e-02
73.000000;2.019974e+02;3.267657e+02;1.199317e-01;8.294821e-01;2.826997e-02;1.480802e-02;3.771451e-02;1.537193e-02;7.925665e-02;6.755032e-02;5.000729e+01;-1.641107e+01;4.511703e-01;1.320546e+00;2.808903e-01;1.059339e+00;2.121291e-02;4.093217e-02;6.815629e-02;7.381079e-02;6.065761e-02;1.412477e-01;1.488740e-01;2.985322e-01;2.149353e-01;4.552754e-01;4.452604e-01;7.175916e-01;7.307737e-01;9.142747e-01;5.224816e-01;8.754626e-01;2.370287e-01;8.313359e-01;3.769048e-01;1.025597e+00;5.838131e-01;1.141230e+00;3.022492e-01;1.044574e+00;7.431337e-01;1.312381e+00;7.504917e-01;1.342648e+00;4.082738e-01;1.254465e+00;5.353064e-01;1.380098e+00;3.499289e-01;1.371779e+00;4.008023e-01;1.459004e+00;5.108767e-01;1.531495e+00;3.571752e-01;1.530081e+00;3.266171e-01;1.522278e+00;2.924824e-01;1.456568e+00;1.960670e-01;1.374124e+00;2.096985e-01;1.252079e+00;1.609223e-01;1.081178e+00;1.085951e-01;9.017179e-01;7.941403e-02;7.356618e-01;5.794676e-02;5.921445e-01;4.276063e-01;5.809716e-01;1.080391e-01;1.198366e-01;3.770354e+02;6.101074e+02;8.137243e+02;9.180322e+02;1.415849e+03;1.436408e+03;2.201180e+03;2.489095e+03;1.207618e-01;2.132038e-01;1.015825e+03;1.289041e+03;1.768289e+00;3.709709e+00;3.497680e+06;2.516352e+06;2.773997e+00;6.157230e+00;5.362957e+01;8.109504e+01;7.180735e-02;-9.776896e-02;6.256587e-01;1.013349e+00;3.082058e-01;3.837471e-01;5.424550e+00;5.258421e+00;8.021902e+00;-1.759265e+01;6.874473e+00;-7.601316e+00;6.894114e+00;-1.770086e+01;1.069241e+01;-1.982457e+01;1.474371e+01;-2.778439e+01;1.581734e+01;-2.671239e+01;6.938040e+00;-1.574194e+01;7.387359e+00;4.812787e+00;1.205126e+01;1.174204e+01;1.013048e+01;1.212779e+01;1.371782e+01;1.626912e+01;1.365080e+01;1.479877e+01;7.762750e+00;4.438477e+00;5.085329e-04;-1.006890e-04;8.516722e-07;-2.596764e-08;4.292176e-07;-2.077891e-08;5.687031e-07;3.476441e-08;1.228840e-06;-1.199494e-07;3.867005e-04;7.347320e-07;6.499931e-02;7.739080e-05;4.613077e-02;5.084354e-04;2.529431e-03;-4.147647e-07;8.684082e-03;3.521040e-04;2.087536e-02;-8.570083e-04;5.145719e-02;-1.363924e-03;7.236140e-02;-9.303198e-04;7.414930e-02;-1.851460e-03;1.277364e-01;-8.519123e-04;8.340749e-02;5.267122e-04;7.552848e-02;1.760046e-03;6.911857e-02;-1.298546e-03;9.399779e-02;2.191923e-04;8.322630e-02;1.893739e-03;1.362222e-01;-9.767796e-04;1.343192e-01;1.410228e-03;6.921032e-02;3.095995e-03;6.410798e-02;-2.227144e-03;6.400044e-02;1.142510e-03;6.135943e-02;5.633020e-04;9.003893e-02;8.452382e-04;7.916085e-02;1.657495e-03;6.323569e-02;2.708954e-03;6.812396e-02;1.837803e-03;5.063983e-02;1.004060e-03;5.433716e-02;2.230278e-03;4.519624e-02;9.498453e-04;2.762663e-02;1.122124e-03;1.953759e-02;1.862052e-04;1.457308e-02;4.226620e-04;4.199506e-02;-3.455332e-06;1.767058e-02;6.557501e-06;6.885858e+01;3.775488e+00;1.366081e+02;6.302051e+00;2.539913e+02;2.928516e+00;4.431901e+02;1.823145e+00;4.647481e-02;9.600699e-05;1.818333e+02;3.133080e+00;2.622108e-01;8.830767e-04;7.525779e+05;-1.475159e+04;5.936688e-01;-9.575374e-04;1.179919e+01;-3.793103e-04;7.459881e-03;-3.397347e-07;1.148289e-01;1.728233e-03;3.017771e-02;-3.429988e-07;1.402238e+00;-3.388968e-02;1.414109e+00;-2.995214e-03;1.932155e+00;9.491076e-03;1.907527e+00;-9.267458e-03;2.226691e+00;6.800970e-02;2.608071e+00;2.618173e-02;2.527510e+00;-4.318938e-02;1.659018e+00;-2.894136e-02;1.743146e+00;-3.293234e-03;2.374030e+00;-1.045243e-02;2.048164e+00;-7.817499e-02;2.221171e+00;-3.551061e-02;2.789093e+00;6.754737e-02;2.060821e+00;5.436523e-02
73.500000;1.802952e+02;2.761107e+02;1.133815e-01;8.074779e-01;3.905342e-02;2.254757e-02;4.915613e-02;2.537591e-02;7.478461e-02;7.167584e-02;4.873254e+01;-1.838356e+01;6.069934e-01;1.466086e+00;3.889639e-01;1.105965e+00;3.004928e-02;4.874632e-02;6.748672e-02;8.024187e-02;7.770588e-02;1.525713e-01;1.497573e-01;3.322865e-01;2.282416e-01;5.215190e-01;2.195344e-01;5.299286e-01;2.855078e-01;6.141811e-01;3.808316e-01;7.818319e-01;9.855626e-01;1.321347e+00;1.413430e+00;1.542541e+00;9.174796e-01;1.265028e+00;6.867736e-01;1.224723e+00;5.915793e-01;1.145848e+00;6.233332e-01;1.296169e+00;7.543567e-01;1.497889e+00;5.425436e-01;1.311433e+00;4.421595e-01;1.421750e+00;5.222008e-01;1.507896e+00;4.176919e-01;1.435829e+00;4.317988e-01;1.536611e+00;3.925125e-01;1.552701e+00;4.411871e-01;1.545424e+00;3.571332e-01;1.450368e+00;4.108322e-01;1.312726e+00;2.746617e-01;1.140409e+00;1.780060e-01;9.467233e-01;9.528209e-02;7.569286e-01;6.986487e-02;6.104172e-01;3.140624e-01;2.395272e-01;1.869538e-01;1.678336e-01;4.415977e+02;7.889766e+02;8.802431e+02;1.112549e+03;1.409372e+03;1.552831e+03;2.251886e+03;2.493976e+03;2.661152e-01;3.369589e-01;1.048515e+03;1.418887e+03;1.807783e+00;3.744533e+00;3.291452e+06;2.420599e+06;2.813792e+00;6.394301e+00;5.478299e+01;8.442038e+01;1.395820e-01;-1.487585e-01;6.358003e-01;1.117838e+00;5.284209e-01;5.607536e-01;6.311385e+00;4.287409e+00;8.193919e+00;-1.790822e+01;9.940785e+00;-1.028027e+01;8.455435e+00;-1.959469e+01;1.153032e+01;-1.104679e+01;1.640767e+01;-1.401118e+01;2.387171e+01;-6.375087e+00;1.614630e+01;-2.479977e+00;8.681184e+00;8.535913e-01;2.278701e+01;-6.960875e+00;2.126500e+01;-8.843328e+00;1.467818e+01;-8.734083e-01;1.083770e+01;8.732763e+00;7.234157e+00;2.757140e+00;7.079805e-04;-6.434562e-05;9.000154e-07;-1.855113e-08;6.527426e-07;-4.439869e-08;9.219729e-07;4.242863e-08;1.130398e-06;-9.268182e-08;3.896517e-04;-3.159874e-06;9.300948e-02;1.427696e-03;7.097223e-02;-3.451076e-04;3.903622e-03;-9.915298e-05;8.808870e-03;2.438902e-04;2.356272e-02;6.126203e-04;5.023881e-02;6.061121e-04;7.227179e-02;-7.302965e-04;4.887707e-02;-2.452539e-03;6.378201e-02;3.224199e-03;8.624869e-02;6.682242e-03;1.993697e-01;-3.890887e-03;2.375173e-01;-1.971520e-03;2.010413e-01;-3.860026e-04;2.173683e-01;-1.190336e-03;1.805944e-01;5.849332e-03;1.045408e-01;2.542750e-03;1.234941e-01;-5.025626e-03;1.060805e-01;2.629675e-03;9.697770e-02;3.707136e-03;9.046248e-02;-2.595594e-03;1.012013e-01;-1.056924e-03;9.838776e-02;-4.659994e-03;7.648229e-02;-1.474792e-03;7.510304e-02;-2.886678e-03;6.951152e-02;-3.098201e-03;8.145726e-02;-1.317708e-03;5.600000e-02;4.288935e-04;3.439362e-02;-1.046008e-03;1.921592e-02;-7.853587e-04;1.741498e-02;-6.872889e-04;6.068267e-02;-6.705994e-03;5.225791e-02;5.855500e-04;9.313942e+01;1.894922e+00;1.691262e+02;3.761133e+00;2.584372e+02;7.579688e+00;4.395952e+02;6.144141e+00;8.584672e-02;1.748456e-03;1.949989e+02;4.078913e+00;2.730009e-01;1.501334e-02;6.729692e+05;2.688310e+03;6.266288e-01;-1.320670e-02;1.297615e+01;-2.469902e-01;2.149367e-02;5.060287e-04;1.201949e-01;2.984711e-03;7.365499e-02;-2.008982e-03;1.811809e+00;5.135016e-03;1.454216e+00;-2.127774e-02;2.142320e+00;-7.418083e-02;2.104836e+00;9.725299e-04;1.895210e+00;1.953735e-01;2.411066e+00;2.525159e-01;2.587964e+00;4.501385e-01;2.891137e+00;3.080662e-01;2.125511e+00;9.030659e-02;2.964138e+00;-9.052098e-02;2.814532e+00;-1.652788e-01;2.255810e+00;-3.301344e-01;2.716440e+00;-2.118681e-01;2.104407e+00;4.004208e-02
74.000000;1.083392e+02;2.857943e+02;7.414906e-02;8.375155e-01;5.174769e-02;3.597617e-02;5.992305e-02;3.753466e-02;1.363168e-01;1.472228e-01;2.881054e+01;-1.642155e+00;5.418977e-01;1.624294e+00;3.814490e-01;1.144489e+00;2.817982e-02;5.012275e-02;3.992401e-02;6.388007e-02;9.025905e-02;1.516008e-01;1.750275e-01;3.170818e-01;2.502857e-01;4.936981e-01;2.296888e-01;5.755822e-01;2.630861e-01;7.483606e-01;3.517748e-01;9.642375e-01;1.002901e+00;1.264956e+00;1.429132e+00;1.556725e+00;8.961306e-01;1.325345e+00;6.596635e-01;1.290674e+00;5.750315e-01;1.303233e+00;6.024480e-01;1.378312e+00;7.599154e-01;1.500251e+00;5.404532e-01;1.487577e+00;5.634210e-01;1.538701e+00;5.360799e-01;1.538537e+00;4.105619e-01;1.511622e+00;4.359803e-01;1.546193e+00;4.159247e-01;1.560958e+00;4.749296e-01;1.537719e+00;3.973179e-01;1.443678e+00;4.275638e-01;1.311689e+00;2.906463e-01;1.124715e+00;1.970064e-01;9.318277e-01;1.072566e-01;7.490279e-01;8.899457e-02;6.044133e-01;2.008448e-01;1.440632e-01;1.850496e-01;2.224150e-01;3.273071e+02;7.634238e+02;6.631353e+02;1.020817e+03;1.074607e+03;1.430666e+03;1.693751e+03;2.204569e+03;2.882729e-01;4.151193e-01;7.958512e+02;1.294164e+03;1.241593e+00;3.803988e+00;2.630039e+06;1.611593e+06;1.846901e+00;5.814186e+00;3.576672e+01;6.857385e+01;1.388697e-01;-1.507558e-01;4.858767e-01;1.063726e+00;5.264637e-01;5.568742e-01;5.629004e+00;5.018694e+00;6.842552e+00;-2.371194e+01;7.682669e+00;-1.786143e+01;7.542884e+00;-2.307908e+01;7.799952e+00;-9.407045e+00;7.691975e+00;-8.506456e+00;1.200401e+01;6.042629e+00;1.019160e+01;7.376283e+00;1.017627e+01;2.604472e+00;1.682333e+01;-1.234734e+01;1.650398e+01;-1.440903e+01;7.051520e+00;-1.180938e+01;1.463364e+01;-2.658082e+00;9.743252e+00;-2.833969e+00;5.652813e-04;4.103357e-05;1.072232e-06;1.554447e-07;9.276243e-07;-1.355885e-07;1.180285e-06;-6.295879e-08;2.527297e-06;-7.641179e-08;4.372793e-04;5.967071e-05;1.127939e-01;1.365077e-02;7.625485e-02;4.343560e-03;5.002992e-03;6.160077e-04;7.380620e-03;-2.046107e-03;2.886172e-02;4.006094e-04;6.043208e-02;4.140007e-04;7.908034e-02;1.566037e-03;7.343434e-02;3.137414e-03;8.033741e-02;4.196560e-03;9.654117e-02;3.313893e-03;1.913714e-01;5.884097e-03;2.394110e-01;1.358191e-02;2.047241e-01;8.422302e-03;2.176944e-01;4.380722e-03;1.876992e-01;5.986772e-03;1.170587e-01;7.516074e-03;1.308384e-01;7.756072e-03;1.311229e-01;5.088819e-03;1.414564e-01;6.294013e-03;1.046148e-01;8.926624e-03;1.211324e-01;6.063450e-03;1.034142e-01;5.807868e-03;8.428055e-02;2.757333e-03;8.298463e-02;2.730906e-03;7.916116e-02;3.924252e-03;8.550206e-02;2.891599e-03;5.942912e-02;1.650985e-03;4.081051e-02;-7.966138e-05;2.664866e-02;1.685521e-05;2.332396e-02;3.030772e-04;7.459798e-02;4.456791e-04;6.342488e-02;2.298382e-03;7.545927e+01;-9.575098e+00;1.467826e+02;-2.400234e+01;2.134031e+02;-4.134375e+01;3.480141e+02;-5.776641e+01;1.083221e-01;3.605896e-03;1.608580e+02;-2.913757e+01;2.660326e-01;-4.221666e-02;5.306241e+05;-8.926580e+04;5.099900e-01;5.180116e-02;1.034516e+01;8.856809e-01;2.645753e-02;-2.083737e-03;9.836560e-02;-1.731865e-02;8.786619e-02;8.970655e-03;1.729515e+00;1.548021e-01;2.044054e+00;-2.391674e-01;2.295141e+00;-2.108650e-01;2.344843e+00;-2.464234e-01;2.069926e+00;-1.366746e-01;2.256677e+00;4.999534e-02;2.861892e+00;2.451996e-01;3.132242e+00;1.583485e-01;2.443599e+00;4.770164e-02;3.262793e+00;-1.446749e-01;3.203012e+00;-2.101205e-01;2.178339e+00;-2.248892e-02;2.734647e+00;6.244938e-02;2.038549e+00;1.138175e-01
74.500000;7.595600e+01;2.525340e+02;6.520516e-02;8.384218e-01;4.663892e-02;3.052696e-02;5.232079e-02;2.792069e-02;1.396040e-01;1.558591e-01;2.623079e+01;-6.893201e-01;3.823339e-01;1.484691e+00;2.134978e-01;1.007379e+00;1.917184e-02;3.943237e-02;1.484658e-02;6.105694e-02;7.406462e-02;1.413590e-01;1.494130e-01;2.903112e-01;1.732600e-01;4.386551e-01;1.923684e-01;5.736459e-01;2.208979e-01;7.480959e-01;2.733276e-01;8.718899e-01;2.728791e-01;8.379109e-01;6.343345e-01;9.741695e-01;4.304560e-01;9.615952e-01;2.544599e-01;1.084525e+00;3.327425e-01;1.152837e+00;4.488538e-01;1.186187e+00;5.490188e-01;1.233478e+00;4.184197e-01;1.357074e+00;5.085219e-01;1.392288e+00;4.174187e-01;1.375963e+00;3.609791e-01;1.452607e+00;3.447279e-01;1.443526e+00;3.485643e-01;1.452853e+00;3.077152e-01;1.409308e+00;3.160955e-01;1.348918e+00;2.956752e-01;1.225828e+00;2.220449e-01;1.056882e+00;1.476727e-01;8.744868e-01;9.835059e-02;7.210283e-01;8.301729e-02;5.864378e-01;1.487432e-01;1.478450e-01;1.223447e-01;1.701426e-01;1.210106e+02;6.403975e+02;2.064543e+02;8.471162e+02;3.649537e+02;1.277780e+03;4.682726e+02;1.949186e+03;1.965884e-01;3.493040e-01;1.869557e+02;1.133909e+03;7.465531e-01;3.901146e+00;7.148922e+05;1.124632e+06;1.792656e+00;5.858754e+00;4.027090e+01;6.857948e+01;8.732539e-02;-8.835094e-02;1.043172e-01;9.547552e-01;3.778254e-01;3.322931e-01;3.586614e+00;6.567055e+00;7.436084e+00;-2.467644e+01;8.670577e+00;-1.863482e+01;7.949654e+00;-2.298520e+01;5.995261e+00;-1.461105e+01;7.158301e+00;-1.361327e+01;1.015536e+01;-3.372117e-01;7.199935e+00;6.052637e+00;9.626802e+00;7.612323e+00;1.205368e+01;-2.431660e+00;1.106555e+01;-5.913333e+00;6.936362e+00;-9.705956e+00;1.154439e+01;-7.981231e+00;8.691426e+00;-6.751975e+00;2.930857e-04;1.495830e-05;1.130166e-06;7.439378e-09;8.344385e-07;-4.930793e-08;9.277200e-07;-2.225025e-08;2.643060e-06;6.051509e-09;4.708347e-04;2.181759e-06;9.943070e-02;1.990414e-03;5.109146e-02;3.540142e-03;4.631379e-03;1.288486e-04;3.373337e-03;-1.090955e-04;2.752443e-02;5.268192e-04;5.539406e-02;1.071627e-03;6.321339e-02;1.486347e-03;7.277332e-02;1.930788e-03;6.646423e-02;-1.952290e-03;7.069886e-02;-5.041708e-03;6.769678e-02;6.124166e-03;1.099015e-01;1.434550e-02;9.914926e-02;8.897739e-03;8.523773e-02;3.588502e-03;9.416556e-02;9.325063e-04;1.115090e-01;8.620140e-03;1.187051e-01;1.124439e-02;1.035725e-01;2.441865e-03;1.391859e-01;-4.749614e-04;9.986471e-02;5.144445e-03;1.048372e-01;3.129883e-03;9.016778e-02;6.695166e-03;8.658481e-02;6.144490e-03;7.492276e-02;5.330347e-03;6.913175e-02;4.720992e-03;6.199650e-02;3.144893e-03;4.615828e-02;1.699679e-03;3.693734e-02;1.118210e-03;2.846599e-02;6.222260e-04;2.173138e-02;5.519607e-04;5.303765e-02;-9.518424e-05;4.045464e-02;1.866423e-03;3.879944e+01;1.622168e+00;7.668430e+01;4.019531e-01;1.015020e+02;5.455078e-01;1.460247e+02;-3.761133e+00;7.966530e-02;6.380052e-05;6.610873e+01;-2.956910e-01;2.148195e-01;-2.718428e-03;2.348386e+05;-3.013916e+03;4.369381e-01;1.209553e-02;9.695790e+00;3.167989e-01;2.075086e-02;-5.682938e-04;4.013753e-02;-2.768113e-05;7.659827e-02;2.200367e-03;1.324382e+00;1.726261e-02;2.264832e+00;-6.103845e-02;2.544864e+00;-5.982298e-02;2.630234e+00;-1.747438e-02;2.242175e+00;2.385012e-02;2.163842e+00;-1.263920e-02;2.556071e+00;-6.963787e-02;2.440045e+00;4.911787e-02;2.793252e+00;4.591141e-02;3.179931e+00;-6.147192e-02;2.668772e+00;-4.365752e-02;1.990541e+00;6.983631e-02;2.389656e+00;4.014668e-03;2.504251e+00;-7.189973e-02
75.000000;1.010632e+02;3.229091e+02;5.866124e-02;8.544523e-01;4.102013e-02;3.161506e-02;2.928220e-02;2.188495e-02;9.334804e-02;1.292099e-01;1.676559e+01;6.632361e+00;3.758945e-01;1.574370e+00;2.085722e-01;1.056608e+00;1.981730e-02;4.926851e-02;1.763066e-02;5.110355e-02;6.737165e-02;1.479108e-01;1.208706e-01;3.014416e-01;1.231159e-01;4.497325e-01;4.234602e-01;7.765195e-01;3.492187e-01;8.883554e-01;2.262809e-01;8.435113e-01;2.823244e-01;8.562715e-01;6.327426e-01;1.031821e+00;4.328269e-01;1.073799e+00;2.687506e-01;1.028255e+00;4.152400e-01;1.143990e+00;4.583194e-01;1.231777e+00;5.351881e-01;1.348330e+00;3.599692e-01;1.346361e+00;3.635131e-01;1.392107e+00;4.247963e-01;1.472112e+00;3.445806e-01;1.547626e+00;3.592967e-01;1.538104e+00;3.184600e-01;1.510347e+00;2.771365e-01;1.482048e+00;2.944348e-01;1.402382e+00;2.764241e-01;1.290114e+00;2.116224e-01;1.103512e+00;1.483770e-01;9.128155e-01;9.196725e-02;7.501932e-01;6.449874e-02;6.023785e-01;5.032598e-01;4.545273e-01;1.196897e-01;1.645951e-01;1.580992e+02;5.887178e+02;2.150660e+02;6.985371e+02;4.406977e+02;9.987100e+02;7.044953e+02;1.534025e+03;1.385224e-01;3.157759e-01;2.798914e+02;9.472109e+02;9.540708e-01;3.372822e+00;8.309948e+05;8.746369e+05;1.928830e+00;6.961088e+00;4.527679e+01;9.395889e+01;8.803844e-02;-1.292337e-01;1.866417e-01;8.295212e-01;3.670227e-01;5.028602e-01;3.843210e+00;8.724775e+00;9.393474e+00;-2.165821e+01;1.026600e+01;-1.486910e+01;7.306799e+00;-2.371611e+01;1.024634e+01;-2.048947e+01;1.174921e+01;-2.077195e+01;1.316252e+01;-7.563395e+00;1.134917e+01;-1.160264e+00;8.997905e+00;4.823413e+00;1.248783e+01;-2.392623e-01;1.327678e+01;-1.534868e+00;1.449270e+01;1.201523e+00;1.077451e+01;2.779752e+00;7.545302e+00;-2.277592e+00;5.191744e-04;9.717833e-05;9.983889e-07;-2.448953e-08;7.374188e-07;1.808450e-08;5.256766e-07;1.659754e-08;1.690987e-06;1.017978e-08;3.084242e-04;1.674000e-06;9.120903e-02;-3.592263e-03;4.998574e-02;-1.616221e-03;4.328155e-03;-1.240152e-04;3.456190e-03;-1.041824e-04;2.568318e-02;2.416582e-05;4.695898e-02;6.565286e-04;4.890731e-02;-3.489588e-04;9.801231e-02;1.568415e-03;8.833363e-02;1.416976e-03;6.967186e-02;1.451626e-03;6.425897e-02;-3.124924e-03;1.083656e-01;-1.087094e-02;9.513714e-02;-5.801428e-03;7.883302e-02;-3.072040e-03;1.053360e-01;-1.450433e-03;1.095890e-01;-4.323915e-03;1.233100e-01;-6.962369e-03;8.299029e-02;-3.061646e-03;1.046786e-01;-3.035052e-03;1.072589e-01;-5.733595e-03;8.727053e-02;-4.840910e-03;8.833969e-02;-3.736527e-03;8.355403e-02;2.031524e-03;8.062334e-02;3.489200e-03;7.076358e-02;2.052855e-03;6.418400e-02;-4.568450e-04;4.631540e-02;-1.377785e-03;3.978518e-02;1.192340e-03;2.458120e-02;1.481056e-03;1.634472e-02;8.109602e-04;8.786274e-02;8.726078e-03;2.901405e-02;-1.589709e-03;3.381145e+01;-3.359180e+00;5.198008e+01;-3.603223e+00;8.978360e+01;-3.474023e+00;1.703994e+02;-9.158789e+00;5.618840e-02;-1.667126e-03;6.125392e+01;-3.584795e+00;2.240162e-01;-3.687179e-03;2.668713e+05;1.176077e+03;4.910845e-01;6.492048e-03;1.190595e+01;-2.583508e-02;1.926737e-02;7.227442e-04;3.796340e-02;-2.949140e-03;7.430598e-02;-4.080655e-03;1.048599e+00;2.837987e-02;2.156990e+00;2.072372e-01;2.463854e+00;1.535163e-01;2.339779e+00;-5.110034e-03;2.721668e+00;-1.738730e-01;2.434349e+00;-3.112561e-01;2.098605e+00;-4.210143e-01;2.189818e+00;-2.072180e-01;2.636576e+00;5.706506e-03;3.166854e+00;2.946926e-01;2.262733e+00;4.028282e-01;2.518933e+00;1.802968e-01;2.191985e+00;1.201187e-01;2.422796e+00;-1.427376e-03
75.500000;1.310823e+02;3.136722e+02;7.004423e-02;8.281910e-01;1.150470e-01;7.639940e-02;1.245579e-01;7.690429e-02;1.550440e-01;1.666513e-01;1.641150e+01;5.582524e+00;5.226400e-01;1.455075e+00;3.913437e-01;1.083506e+00;2.361041e-02;4.623275e-02;3.217788e-02;5.835601e-02;7.495178e-02;1.468461e-01;1.554822e-01;3.130910e-01;2.374492e-01;4.664638e-01;4.722034e-01;6.975737e-01;4.252790e-01;7.605085e-01;3.011341e-01;7.742976e-01;4.625162e-01;9.840116e-01;1.051835e+00;1.248710e+00;6.847455e-01;1.186085e+00;6.016797e-01;1.161790e+00;5.957360e-01;1.216128e+00;6.048431e-01;1.293318e+00;7.160578e-01;1.361714e+00;5.951826e-01;1.355612e+00;5.737247e-01;1.426510e+00;6.795439e-01;1.520738e+00;5.924912e-01;1.512291e+00;5.935429e-01;1.549774e+00;4.743447e-01;1.503730e+00;5.423554e-01;1.531769e+00;4.887897e-01;1.444720e+00;4.271525e-01;1.308314e+00;3.272294e-01;1.117399e+00;2.382159e-01;9.419523e-01;1.152983e-01;7.470722e-01;8.630291e-02;6.007378e-01;5.163786e-01;4.790363e-01;1.487997e-01;1.430447e-01;1.453870e+02;5.594326e+02;2.121625e+02;6.757119e+02;5.761857e+02;9.618164e+02;1.245081e+03;1.686768e+03;1.911617e-01;3.005685e-01;4.313132e+02;9.817039e+02;1.227273e+00;3.553007e+00;2.139078e+06;1.553528e+06;2.000399e+00;6.765290e+00;4.351820e+01;8.588477e+01;8.767866e-02;-1.232176e-01;2.838339e-01;8.504772e-01;3.369470e-01;4.652976e-01;4.340269e+00;8.867717e+00;9.127192e+00;-1.722782e+01;8.380447e+00;-1.370681e+01;7.168591e+00;-2.350844e+01;1.245172e+01;-2.017407e+01;1.368364e+01;-2.101579e+01;1.543950e+01;-8.273814e+00;1.102056e+01;-3.837069e+00;8.080564e+00;2.714152e+00;1.300133e+01;-3.430491e-01;1.439448e+01;-6.929156e-01;1.495959e+01;1.953182e+00;8.838136e+00;5.034240e+00;5.076938e+00;-6.075964e-01;1.082413e-03;-7.094988e-05;8.408521e-07;-6.190481e-08;2.144399e-06;1.342988e-07;2.258583e-06;1.468609e-07;2.397604e-06;1.739983e-08;3.053185e-04;-2.575901e-06;1.088242e-01;-2.957773e-03;8.138520e-02;-1.173494e-03;4.835736e-03;-1.070460e-04;5.454971e-03;7.445206e-05;2.704955e-02;7.951448e-04;5.391461e-02;9.196268e-04;7.533005e-02;2.263653e-03;9.541115e-02;-2.919315e-04;8.532462e-02;1.495138e-03;6.597047e-02;8.020516e-03;8.495020e-02;2.481265e-04;1.976911e-01;-9.648628e-03;1.494464e-01;-4.536906e-03;1.787391e-01;-2.376453e-03;1.614139e-01;3.962213e-03;1.231668e-01;-2.607519e-03;1.596694e-01;-7.439054e-03;1.382490e-01;-2.781058e-03;1.169346e-01;1.128043e-03;1.499124e-01;-8.473649e-04;1.399729e-01;-3.415385e-03;1.257230e-01;-2.768120e-03;9.806427e-02;-1.923854e-03;1.137422e-01;-2.473380e-03;1.016727e-01;-2.547390e-03;8.753833e-02;-2.984941e-03;7.276022e-02;-2.533086e-03;5.544164e-02;-2.969816e-04;2.744877e-02;-1.626073e-04;2.040088e-02;2.913495e-04;9.408944e-02;1.930005e-04;4.195702e-02;-1.997491e-03;2.162131e+01;-2.052832e+00;3.141442e+01;-1.521680e+00;1.405760e+02;-2.871094e+00;3.011820e+02;-2.727539e-01;6.531813e-02;1.285492e-03;9.250726e+01;-1.250555e+00;2.373738e-01;2.220569e-03;5.452015e+05;7.175001e+02;5.379789e-01;1.056918e-02;1.160343e+01;1.871548e-01;2.064420e-02;4.038233e-04;5.772838e-02;-9.048072e-04;7.670841e-02;-2.038327e-03;1.413154e+00;4.024498e-02;2.095790e+00;1.190015e-01;2.194150e+00;5.217220e-02;2.240237e+00;1.355915e-03;2.887504e+00;-1.689906e-02;2.588325e+00;5.031616e-02;2.583949e+00;8.831496e-03;2.734999e+00;-1.270003e-02;2.392525e+00;-1.622620e-02;2.999820e+00;7.290187e-02;2.486494e+00;-1.385840e-02;2.355290e+00;-1.731260e-01;2.352646e+00;-7.340287e-02;1.777206e+00;4.567498e-02
76.000000;1.004061e+02;2.612533e+02;6.079859e-02;8.160144e-01;1.159650e-01;9.254545e-02;1.281512e-01;1.047125e-01;1.542973e-01;1.996881e-01;1.588454e+01;3.876469e+00;4.881669e-01;1.347946e+00;3.911434e-01;1.053307e+00;2.154505e-02;3.914337e-02;3.036286e-02;6.053918e-02;6.801828e-02;1.382618e-01;1.479432e-01;3.003835e-01;2.389715e-01;4.613445e-01;1.619085e-01;4.815370e-01;2.565654e-01;5.997877e-01;3.481018e-01;7.883881e-01;4.731477e-01;1.036446e+00;1.029808e+00;1.290007e+00;6.971241e-01;1.126555e+00;5.959622e-01;1.214760e+00;5.343443e-01;1.250003e+00;5.940220e-01;1.342824e+00;7.218137e-01;1.322505e+00;5.871720e-01;1.330620e+00;6.070257e-01;1.410480e+00;6.934620e-01;1.444348e+00;5.925065e-01;1.421251e+00;6.027834e-01;1.505150e+00;4.824903e-01;1.491911e+00;5.442870e-01;1.475396e+00;5.011214e-01;1.399997e+00;4.322697e-01;1.244598e+00;3.322829e-01;1.084305e+00;2.404749e-01;9.033940e-01;1.183606e-01;7.280487e-01;8.971421e-02;5.936691e-01;2.132736e-01;1.444921e-01;1.330300e-01;1.280897e-01;1.087747e+02;6.339375e+02;1.700602e+02;7.743340e+02;5.057606e+02;1.062879e+03;1.133677e+03;1.835490e+03;1.695468e-01;3.093043e-01;3.698242e+02;1.070487e+03;1.072168e+00;3.766397e+00;2.072526e+06;1.531456e+06;2.706546e+00;7.312273e+00;6.781345e+01;9.885410e+01;8.188908e-02;-9.026099e-02;2.310168e-01;9.261141e-01;3.290265e-01;3.460195e-01;4.196654e+00;8.575882e+00;7.539510e+00;-1.906755e+01;6.535142e+00;-2.015356e+01;6.863169e+00;-2.442684e+01;9.175378e+00;-1.342994e+01;1.135589e+01;-1.269744e+01;1.354402e+01;-2.097743e+00;1.128223e+01;6.311551e+00;9.322577e+00;6.917804e+00;1.243062e+01;-4.227891e+00;1.369174e+01;-9.583312e+00;1.168998e+01;-1.156021e+01;9.561831e+00;-4.069926e+00;6.871425e+00;-4.118456e-01;1.122331e-03;-9.314570e-05;8.188061e-07;-1.810596e-08;2.288922e-06;-7.996909e-09;2.431894e-06;1.920813e-10;2.597105e-06;-8.307659e-08;3.048126e-04;1.186787e-07;1.075028e-01;5.454123e-03;8.136334e-02;4.377288e-03;4.878855e-03;1.902030e-04;5.060717e-03;1.040565e-04;2.411112e-02;4.661064e-04;4.610429e-02;2.920521e-04;7.261802e-02;1.983766e-03;4.551917e-02;1.096269e-03;5.827745e-02;5.184209e-05;8.719229e-02;-3.810411e-04;9.195855e-02;3.950925e-04;2.073443e-01;1.024489e-02;1.548322e-01;1.298993e-02;1.810308e-01;8.502539e-03;1.541314e-01;6.169534e-03;1.406700e-01;5.980524e-03;1.637683e-01;1.424490e-02;1.432913e-01;6.105001e-03;1.352847e-01;9.280301e-03;1.391278e-01;9.766404e-03;1.408238e-01;9.436778e-03;1.292199e-01;7.800539e-03;1.006272e-01;2.871173e-03;1.026316e-01;-1.166618e-03;9.914824e-02;-3.249407e-04;8.083889e-02;2.736195e-04;6.668846e-02;2.822422e-03;5.151426e-02;2.321080e-03;2.869993e-02;1.409697e-03;2.171079e-02;1.177623e-03;5.778639e-02;-7.937757e-03;4.122080e-02;2.788583e-03;2.179799e+01;3.660645e+00;4.653046e+01;3.675000e+00;1.358397e+02;4.163086e+00;2.862273e+02;6.861914e+00;5.079003e-02;1.327920e-03;8.839220e+01;3.455862e+00;2.216535e-01;5.985747e-03;5.083987e+05;-2.296378e+03;6.355391e-01;8.005243e-04;1.582833e+01;1.866064e-01;2.026326e-02;-9.835374e-04;5.462127e-02;2.917356e-03;8.147299e-02;4.505264e-03;1.439681e+00;1.917694e-02;1.740358e+00;-1.537941e-01;2.218987e+00;-1.588106e-01;2.238246e+00;8.401771e-02;2.296407e+00;2.130662e-01;2.325623e+00;3.474499e-01;2.836177e+00;3.288171e-01;2.918772e+00;1.444160e-01;2.613893e+00;-1.250675e-02;2.762216e+00;-2.830687e-01;2.777924e+00;-2.978300e-01;2.359724e+00;-1.677977e-01;2.477495e+00;-8.676315e-02;2.539455e+00;7.918174e-03
76.500000;4.254583e+01;2.806249e+02;4.158862e-02;8.466415e-01;5.712442e-02;4.804809e-02;6.901868e-02;5.058978e-02;1.081171e-01;1.793935e-01;3.872642e+00;8.291378e+00;3.911488e-01;1.450865e+00;2.396979e-01;1.044517e+00;1.709786e-02;4.109708e-02;1.609832e-02;5.595868e-02;6.444484e-02;1.372112e-01;1.075340e-01;2.852849e-01;1.295055e-01;4.381925e-01;1.298987e-01;5.461504e-01;2.576754e-01;7.393892e-01;2.852550e-01;8.985164e-01;2.696375e-01;8.597692e-01;5.758076e-01;1.051479e+00;4.954102e-01;1.063654e+00;3.433468e-01;1.098776e+00;4.610752e-01;1.266413e+00;4.819921e-01;1.297346e+00;5.671312e-01;1.315892e+00;4.125802e-01;1.359496e+00;5.225963e-01;1.451257e+00;4.907620e-01;1.443493e+00;4.426283e-01;1.497707e+00;4.411503e-01;1.501705e+00;3.039084e-01;1.511948e+00;3.191098e-01;1.443632e+00;3.321843e-01;1.367577e+00;3.250065e-01;1.248340e+00;2.380752e-01;1.084965e+00;1.741725e-01;9.025910e-01;1.280429e-01;7.474695e-01;8.074544e-02;5.991850e-01;1.441140e-01;1.449240e-01;1.325463e-01;1.725773e-01;1.111521e+02;6.778652e+02;2.590764e+02;8.578828e+02;3.562486e+02;1.154610e+03;5.226605e+02;1.631068e+03;1.544551e-01;3.343362e-01;2.276199e+02;1.057765e+03;6.811644e-01;3.595999e+00;7.210698e+05;8.738738e+05;2.441363e+00;7.521992e+00;6.328959e+01;1.062682e+02;7.431162e-02;-9.030873e-02;1.289042e-01;9.192418e-01;2.800189e-01;3.477139e-01;3.614409e+00;9.077602e+00;5.427534e+00;-2.253497e+01;6.951248e+00;-2.163769e+01;6.412816e+00;-2.345819e+01;7.920006e+00;-1.328067e+01;1.052343e+01;-1.294984e+01;1.025883e+01;-3.194537e+00;1.154702e+01;6.676755e+00;9.365356e+00;8.482369e+00;9.623785e+00;-4.144442e+00;1.108063e+01;-1.059528e+01;9.935513e+00;-1.692927e+01;1.028376e+01;-1.086641e+01;9.099442e+00;-3.162758e+00;6.047435e-04;7.333427e-05;8.561464e-07;1.655633e-08;1.087779e-06;-1.218137e-07;1.039253e-06;-1.249175e-07;2.133645e-06;-7.450307e-08;1.309156e-04;-1.094167e-05;1.019266e-01;5.875949e-04;5.847856e-02;-2.331539e-04;4.547499e-03;1.725522e-05;3.803656e-03;4.372638e-04;2.365370e-02;-8.918890e-04;3.341378e-02;-1.737240e-03;3.701650e-02;-2.694643e-03;4.037945e-02;7.853724e-04;6.788640e-02;-1.416702e-03;9.669129e-02;-7.191648e-03;6.282236e-02;-3.934787e-03;1.255658e-01;2.811118e-03;9.748935e-02;3.917725e-03;9.146799e-02;3.948572e-03;1.104093e-01;-4.309237e-03;1.429882e-01;-4.975023e-04;1.512908e-01;-3.270162e-03;1.245114e-01;-3.256435e-03;1.644975e-01;-5.240682e-03;1.147492e-01;3.440432e-03;1.140725e-01;8.668215e-03;1.048760e-01;2.965538e-03;8.107208e-02;-4.591414e-03;8.177276e-02;4.967335e-04;8.571637e-02;3.202918e-04;8.178002e-02;2.090164e-03;5.251311e-02;1.628692e-03;4.279131e-02;9.342085e-04;3.663456e-02;6.065343e-04;2.200213e-02;3.567485e-04;5.692036e-02;7.635607e-04;3.872388e-02;1.023458e-03;4.393336e+01;0;9.164395e+01;9.474609e-01;9.411274e+01;3.258691e+00;1.651499e+02;3.158203e-01;6.048441e-02;-9.170646e-04;6.367453e+01;1.315882e+00;2.405772e-01;-4.661802e-04;2.424308e+05;3.310612e+03;6.024740e-01;-1.253332e-02;1.570909e+01;-2.823495e-01;1.938471e-02;-7.885710e-05;3.768839e-02;8.600256e-04;7.449260e-02;8.647928e-04;1.018222e+00;-3.631631e-02;1.707071e+00;-3.400740e-02;2.211340e+00;-3.538045e-02;2.080139e+00;3.290293e-03;2.763760e+00;-1.805254e-02;2.701749e+00;7.602031e-03;2.742692e+00;-2.038700e-02;3.039653e+00;-1.805224e-01;2.772007e+00;7.331070e-02;2.895272e+00;9.666014e-02;2.955782e+00;-4.240048e-02;2.623376e+00;1.000966e-01;2.697253e+00;1.271015e-01;2.902864e+00;-4.492208e-02
77.000000;1.000613e+02;3.287281e+02;4.600630e-02;8.553944e-01;4.362238e-02;3.048826e-02;4.914667e-02;2.758827e-02;1.040837e-01;1.543136e-01;1.264456e+01;7.250401e+00;4.128635e-01;1.449418e+00;2.419821e-01;1.042540e+00;2.025774e-02;4.383154e-02;2.628481e-02;5.707609e-02;7.096695e-02;1.457872e-01;1.189056e-01;3.044816e-01;1.530038e-01;4.550974e-01;3.870078e-01;7.272626e-01;4.383692e-01;8.864811e-01;2.640571e-01;8.397558e-01;2.265251e-01;7.957247e-01;5.414172e-01;9.496668e-01;4.884422e-01;1.058399e+00;3.706717e-01;1.015723e+00;4.805541e-01;1.115847e+00;4.924903e-01;1.154423e+00;5.836989e-01;1.310522e+00;4.622780e-01;1.359669e+00;4.844280e-01;1.393041e+00;4.429861e-01;1.459404e+00;4.519589e-01;1.537452e+00;4.207884e-01;1.530679e+00;2.921404e-01;1.497201e+00;2.993322e-01;1.472414e+00;2.846830e-01;1.407473e+00;2.990063e-01;1.299211e+00;2.147573e-01;1.100718e+00;1.498042e-01;9.204377e-01;1.173827e-01;7.588854e-01;7.851181e-02;6.102885e-01;4.452073e-01;4.368845e-01;1.348851e-01;1.523445e-01;1.708074e+02;5.779512e+02;3.500697e+02;7.644287e+02;6.316080e+02;1.085273e+03;1.079140e+03;1.697965e+03;1.761877e-01;3.033803e-01;4.232118e+02;1.027773e+03;1.032623e+00;3.471942e+00;1.509291e+06;1.326361e+06;2.011615e+00;6.800552e+00;4.486489e+01;8.897851e+01;8.240572e-02;-1.071195e-01;2.650621e-01;8.739052e-01;2.970773e-01;3.979294e-01;3.926968e+00;8.352717e+00;8.481691e+00;-1.827941e+01;9.023177e+00;-1.380517e+01;6.309960e+00;-2.324542e+01;1.301963e+01;-2.244391e+01;1.220308e+01;-2.212589e+01;1.127852e+01;-1.090188e+01;1.075067e+01;-3.527213e+00;9.261735e+00;2.498990e+00;9.908880e+00;-2.748147e+00;1.494289e+01;-1.888153e+00;2.164481e+01;-1.163779e+00;1.519810e+01;-2.573372e+00;7.752934e+00;-5.809605e+00;5.776082e-04;-7.877416e-05;8.206998e-07;4.409366e-09;8.422889e-07;-1.704414e-08;9.335344e-07;-3.721048e-08;1.857459e-06;-2.004641e-08;2.343224e-04;-4.017416e-06;1.061436e-01;-1.235943e-02;5.955423e-02;-6.740252e-03;4.522736e-03;-5.894394e-04;5.705868e-03;5.052910e-04;2.663382e-02;-7.096347e-04;3.890206e-02;1.692830e-03;3.917409e-02;2.067813e-03;8.094748e-02;-4.806562e-03;9.865596e-02;-4.653808e-03;8.055780e-02;-3.589258e-03;6.239712e-02;5.921198e-04;1.083718e-01;-1.087260e-02;9.737972e-02;-1.562571e-02;1.095146e-01;-9.899602e-03;1.192972e-01;-9.717835e-03;1.356127e-01;-8.739394e-03;1.348031e-01;-1.585888e-02;1.134163e-01;-8.066868e-03;1.446923e-01;-1.322364e-02;1.169921e-01;-1.273520e-02;1.234328e-01;-1.186511e-02;9.116321e-02;-1.188293e-02;7.900441e-02;-9.622262e-03;8.943553e-02;-5.136981e-03;8.237706e-02;-5.584386e-03;8.337937e-02;-3.783022e-03;5.666193e-02;-3.359206e-03;4.120602e-02;-4.459620e-03;3.617936e-02;-3.005791e-03;2.481966e-02;-2.401048e-03;7.163118e-02;-9.218512e-04;3.723892e-02;-3.439131e-03;4.623660e+01;-5.182324e+00;1.055929e+02;-3.273047e+00;1.832257e+02;5.598633e-01;3.365990e+02;1.396787e+01;6.781746e-02;-2.798967e-03;1.270129e+02;1.459999e+00;2.987624e-01;1.682275e-02;4.773379e+05;3.049636e+04;5.875849e-01;-3.463707e-02;1.259732e+01;-8.593345e-01;1.831210e-02;2.258956e-03;7.659266e-02;-2.329373e-05;6.405422e-02;-9.138306e-03;1.240168e+00;-1.756624e-02;1.721452e+00;2.707067e-01;1.947765e+00;1.993899e-01;1.884368e+00;4.246650e-02;3.167557e+00;-9.797759e-02;2.744005e+00;-2.001801e-01;2.301095e+00;-1.622130e-01;2.734828e+00;-1.065720e-01;2.644566e+00;-9.091740e-02;3.121670e+00;-1.257939e-02;2.779483e+00;-7.449409e-02;2.709274e+00;-1.014881e-01;2.642565e+00;-2.177389e-01;2.405630e+00;-2.077212e-01
77.500000;1.087492e+02;3.148321e+02;4.885006e-02;8.421689e-01;3.865154e-02;2.942950e-02;4.762213e-02;2.611846e-02;1.200528e-01;1.738310e-01;1.242840e+01;5.796012e+00;4.576583e-01;1.431905e+00;2.935134e-01;1.077371e+00;2.276025e-02;4.313854e-02;2.580183e-02;5.767700e-02;6.958420e-02;1.500820e-01;1.178996e-01;3.038412e-01;1.537212e-01;4.556375e-01;4.032536e-01;6.708979e-01;4.468353e-01;7.919988e-01;2.805302e-01;8.008794e-01;4.562470e-01;9.439054e-01;8.231750e-01;1.120006e+00;6.070705e-01;1.143639e+00;5.516360e-01;1.192786e+00;4.839249e-01;1.169124e+00;6.522970e-01;1.282305e+00;6.493289e-01;1.406544e+00;6.227923e-01;1.432857e+00;5.787009e-01;1.459665e+00;5.191126e-01;1.494277e+00;4.558374e-01;1.510298e+00;3.938977e-01;1.532498e+00;3.837175e-01;1.515877e+00;3.428004e-01;1.501548e+00;2.760449e-01;1.428389e+00;2.350542e-01;1.287758e+00;2.185323e-01;1.125338e+00;1.630864e-01;9.332021e-01;1.039067e-01;7.485000e-01;7.532121e-02;6.098040e-01;4.629620e-01;3.977182e-01;1.314287e-01;1.390462e-01;1.454460e+02;5.205293e+02;2.562319e+02;6.821719e+02;6.209354e+02;1.022971e+03;1.153615e+03;1.828887e+03;1.992984e-01;3.246564e-01;4.042919e+02;1.025467e+03;1.183211e+00;3.696955e+00;1.766360e+06;1.734478e+06;2.542678e+00;6.587546e+00;6.479742e+01;8.764715e+01;9.511928e-02;-1.092056e-01;2.508755e-01;8.660747e-01;3.698041e-01;4.010044e-01;3.855962e+00;8.507265e+00;1.046330e+01;-1.544312e+01;8.572184e+00;-1.229750e+01;6.657157e+00;-2.426760e+01;1.118427e+01;-2.317838e+01;1.100165e+01;-2.212978e+01;1.222803e+01;-9.996954e+00;8.048224e+00;-5.769916e+00;7.473213e+00;-1.710204e+00;1.011407e+01;-6.032273e+00;1.548739e+01;-2.223898e+00;1.826740e+01;3.145076e+00;1.205083e+01;3.184382e-01;6.818312e+00;-6.186342e+00;5.845572e-04;-5.815265e-05;7.300353e-07;5.205446e-09;7.209302e-07;-4.089294e-08;8.940411e-07;-4.832760e-08;2.255140e-06;-6.643080e-08;2.046077e-04;1.255526e-05;1.095510e-01;-8.597877e-04;6.844929e-02;-6.418896e-04;5.212658e-03;-5.266292e-06;5.141489e-03;-2.855883e-04;2.728750e-02;-9.265276e-04;3.975943e-02;-1.625816e-03;4.261430e-02;-1.521307e-03;7.694668e-02;-3.900090e-03;9.035774e-02;-2.851672e-03;6.715684e-02;-1.076323e-03;1.196357e-01;5.594933e-04;1.851807e-01;2.494308e-03;1.419927e-01;-1.513506e-03;1.567591e-01;-5.322966e-03;1.333846e-01;-2.678049e-03;1.460819e-01;-2.659346e-04;1.249732e-01;5.133942e-03;1.314816e-01;-1.315133e-03;1.426097e-01;-6.701600e-04;1.378805e-01;-2.703898e-04;1.299384e-01;-1.023401e-02;8.608925e-02;-2.728833e-03;8.641380e-02;5.122833e-03;9.806394e-02;1.498030e-03;7.817490e-02;1.007717e-03;5.761673e-02;2.152173e-03;5.158620e-02;4.522683e-04;4.089138e-02;4.356187e-04;2.803595e-02;9.925305e-04;2.275351e-02;3.626785e-04;6.359469e-02;-1.792099e-03;3.341824e-02;-1.089587e-03;3.212837e+01;1.952344e+00;7.216076e+01;0;1.841659e+02;-2.985938e+00;3.369469e+02;1.665234e+00;6.311651e-02;6.430608e-04;1.224065e+02;2.368886e-01;2.834426e-01;-4.223400e-03;4.966853e+05;2.428799e+03;7.060654e-01;1.613882e-03;1.749610e+01;-4.814422e-02;2.422954e-02;-4.549949e-05;7.309918e-02;2.382138e-04;9.466549e-02;4.591668e-04;1.359740e+00;-6.130722e-02;1.998918e+00;-1.591131e-02;2.126920e+00;-7.135966e-02;2.177241e+00;-1.069392e-01;2.464686e+00;-6.403438e-03;2.418401e+00;-1.295668e-02;2.679553e+00;-4.154290e-02;2.098287e+00;1.167679e-01;2.477299e+00;-1.219301e-01;2.784087e+00;-2.215683e-01;3.091286e+00;4.356952e-02;2.669493e+00;4.075783e-02;2.708468e+00;-1.078013e-02;2.254144e+00;7.717761e-02
78.000000;8.209375e+01;2.921745e+02;5.050309e-02;8.510984e-01;3.747136e-02;2.660115e-02;3.998370e-02;2.193687e-02;1.148176e-01;1.603764e-01;4.442874e+00;7.958332e+00;4.432638e-01;1.609286e+00;2.796315e-01;1.086215e+00;2.034565e-02;4.569548e-02;1.834912e-02;5.821114e-02;6.847930e-02;1.450024e-01;1.119610e-01;2.813567e-01;1.151374e-01;4.276501e-01;2.804881e-01;5.791968e-01;3.027046e-01;7.333336e-01;2.253457e-01;8.717249e-01;4.369399e-01;9.465454e-01;8.157683e-01;1.145260e+00;5.784324e-01;1.146840e+00;5.306289e-01;1.222557e+00;4.245676e-01;1.250097e+00;5.915721e-01;1.391459e+00;6.390377e-01;1.418842e+00;6.449023e-01;1.534867e+00;5.573959e-01;1.462115e+00;5.209238e-01;1.499824e+00;4.289927e-01;1.498913e+00;3.465500e-01;1.498582e+00;3.746555e-01;1.549970e+00;3.396646e-01;1.514187e+00;3.212434e-01;1.420981e+00;2.887444e-01;1.285877e+00;2.485903e-01;1.129488e+00;1.899889e-01;9.402195e-01;1.165227e-01;7.469172e-01;8.194591e-02;5.997891e-01;4.528756e-01;3.060041e-01;1.568997e-01;2.171691e-01;1.353911e+02;5.887178e+02;2.361631e+02;7.889766e+02;4.726105e+02;1.245050e+03;7.078960e+02;1.825298e+03;1.858490e-01;3.575933e-01;2.451734e+02;1.089962e+03;8.951445e-01;3.874890e+00;1.282073e+06;1336212;2.871891e+00;6.266317e+00;7.094714e+01;8.364233e+01;9.195261e-02;-1.129175e-01;1.499230e-01;9.188884e-01;3.722325e-01;4.424570e-01;3.998082e+00;7.788542e+00;1.012245e+01;-2.028741e+01;7.165941e+00;-1.727023e+01;7.370398e+00;-2.439892e+01;6.977201e+00;-1.856422e+01;1.082635e+01;-2.150566e+01;1.147296e+01;-4.471444e+00;9.701110e+00;1.364838e+00;8.476369e+00;1.845368e+00;1.013635e+01;-8.832456e+00;1.228716e+01;-3.345001e+00;1.016458e+01;-1.573260e+00;8.081530e+00;-4.146406e+00;8.766249e+00;-8.976871e+00;4.283274e-04;1.290930e-04;7.215188e-07;3.728782e-08;6.310303e-07;-1.609665e-08;6.892954e-07;-6.304750e-09;2.230117e-06;-2.851116e-08;6.805181e-05;5.073357e-06;9.536254e-02;6.596270e-03;6.163438e-02;1.533468e-03;4.502776e-03;5.190103e-04;2.548512e-03;-6.819098e-04;2.598626e-02;2.489679e-04;4.123319e-02;-2.987987e-03;3.891410e-02;-4.834878e-03;5.265794e-02;5.933742e-03;6.125986e-02;8.426975e-03;4.982598e-02;6.049071e-03;1.149087e-01;-3.606781e-03;1.850918e-01;-3.277087e-04;1.311447e-01;2.675363e-03;1.427981e-01;-9.138559e-04;1.168339e-01;3.354084e-03;1.373189e-01;5.524938e-03;1.355213e-01;-1.832461e-04;1.432054e-01;2.667510e-03;1.441077e-01;1.651718e-03;1.450082e-01;8.483171e-04;1.154922e-01;5.539376e-03;7.175000e-02;5.032430e-03;7.902629e-02;2.399615e-03;8.934247e-02;-7.275523e-04;8.024856e-02;5.521867e-05;7.289149e-02;2.444352e-04;5.972327e-02;4.126832e-04;4.570103e-02;6.638608e-04;3.056356e-02;8.137220e-04;2.257348e-02;9.101601e-04;5.764620e-02;1.403380e-02;4.302649e-02;6.650198e-04;2.947491e+01;1.952344e+00;6.562208e+01;-1.435547e-01;1.029264e+02;-4.507617e+00;1.382226e+02;-2.301182e+01;5.569575e-02;5.307810e-04;4.858838e+01;-5.330328e+00;1.878352e-01;-2.750228e-02;2.603378e+05;-3.019169e+04;6.001112e-01;7.085775e-02;1.588698e+01;1.650695e+00;2.313263e-02;-1.937029e-03;2.731919e-02;-3.006011e-03;9.634937e-02;8.715463e-03;1.144884e+00;-1.647430e-02;1.931176e+00;-1.569821e-01;2.199625e+00;-1.180264e-01;2.750456e+00;-1.120284e-01;1.897250e+00;-1.893343e-01;2.532772e+00;-2.039762e-01;3.121381e+00;-2.123975e-01;2.340777e+00;-1.270556e-02;2.647764e+00;2.359460e-01;2.598489e+00;3.246231e-01;2.712965e+00;4.223495e-01;2.397401e+00;4.106186e-01;2.401535e+00;2.524582e-01;2.230920e+00;1.761678e-01
78.500000;1.135413e+02;3.809129e+02;5.566977e-02;8.651158e-01;4.291349e-02;2.924789e-02;4.266912e-02;2.501580e-02;6.880604e-02;1.225569e-01;1.662183e+01;6.429336e+00;3.126270e-01;1.572227e+00;1.507781e-01;9.829331e-01;1.559937e-02;5.180487e-02;1.884612e-02;4.353112e-02;5.868994e-02;1.438190e-01;1.219267e-01;2.914873e-01;1.306012e-01;4.189411e-01;2.574551e-01;6.868326e-01;2.933207e-01;7.969421e-01;2.164266e-01;7.876862e-01;5.091714e-01;8.569979e-01;3.396899e-01;8.822290e-01;1.799481e-01;9.257436e-01;3.419121e-01;1.001467e+00;2.338017e-01;1.085046e+00;2.708374e-01;1.121941e+00;3.101616e-01;1.151556e+00;4.496652e-01;1.310448e+00;3.471226e-01;1.305795e+00;3.028163e-01;1.348088e+00;3.265572e-01;1.427921e+00;2.667554e-01;1.432659e+00;2.402248e-01;1.418913e+00;1.873787e-01;1.386323e+00;2.399110e-01;1.332571e+00;2.166900e-01;1.198568e+00;1.717351e-01;1.040256e+00;1.415496e-01;8.825279e-01;1.037056e-01;7.297314e-01;7.954195e-02;5.917709e-01;6.382258e-01;7.433323e-01;1.418425e-01;1.618155e-01;1.090731e+02;5.241182e+02;2.547380e+02;6.442734e+02;5.420112e+02;9.654053e+02;7.073202e+02;1.293858e+03;1.250663e-01;3.107952e-01;2.926274e+02;8.712086e+02;9.687995e-01;3.132755e+00;6.302579e+05;8.298116e+05;3.219516e+00;8.012862e+00;7.617756e+01;1.208291e+02;7.448053e-02;-1.342717e-01;1.893186e-01;7.710718e-01;3.291631e-01;5.444816e-01;3.767872e+00;8.429387e+00;7.058483e+00;-1.854548e+01;6.525594e+00;-1.424470e+01;6.522705e+00;-2.457545e+01;8.072410e+00;-2.576293e+01;9.609660e+00;-3.005716e+01;1.477935e+01;-1.471969e+01;1.097327e+01;-3.390043e+00;9.985927e+00;6.290859e+00;1.333847e+01;1.029828e+00;9.691051e+00;7.785886e+00;1.172804e+01;1.065617e+01;9.223969e+00;4.439518e+00;1.091111e+01;-4.458717e+00;4.428094e-04;8.660570e-05;7.604175e-07;2.886744e-08;6.460019e-07;-3.738438e-08;6.966287e-07;-2.831358e-08;1.213679e-06;-1.696507e-08;2.984207e-04;-4.523674e-06;8.243313e-02;-2.334325e-03;4.264896e-02;-6.441156e-05;4.079205e-03;-9.114626e-05;2.607260e-03;-1.434871e-04;2.150830e-02;-1.876923e-04;4.396159e-02;4.646087e-04;4.486375e-02;9.643422e-04;5.782172e-02;3.616410e-03;6.560406e-02;-4.881704e-06;3.711120e-02;-4.924279e-03;1.160468e-01;1.292312e-02;8.774266e-02;9.108900e-04;6.372046e-02;-4.384804e-03;9.502236e-02;4.131726e-03;8.393972e-02;-3.899485e-03;8.931841e-02;-5.722626e-03;8.977062e-02;1.151313e-04;1.031360e-01;4.048717e-03;9.767129e-02;5.709769e-03;1.061634e-01;-5.698131e-03;8.031663e-02;6.750896e-04;6.156610e-02;-1.559595e-03;5.793605e-02;-2.707243e-03;4.975880e-02;-8.763208e-04;6.220036e-02;3.705617e-04;6.340341e-02;-2.799436e-03;5.108227e-02;-1.128408e-03;3.636457e-02;-8.653323e-04;2.894694e-02;-1.952386e-04;2.393712e-02;-6.515976e-04;1.090444e-01;1.510469e-03;3.771542e-02;-1.213118e-03;2.109471e+01;-3.560156e+00;5.990463e+01;-2.440430e+00;9.163219e+01;-2.813672e+00;1.590805e+02;-4.062598e+00;4.114049e-02;-2.961139e-03;4.760475e+01;-2.945545e+00;1.808370e-01;-9.523017e-04;2.142024e+05;-2.953533e+03;6.888587e-01;1.055543e-02;1.822229e+01;1.440089e-01;1.764530e-02;4.378172e-04;2.742578e-02;-2.212264e-03;7.645075e-02;-2.583508e-03;9.031743e-01;3.704548e-02;1.541144e+00;4.857468e-02;2.232755e+00;9.082781e-02;2.547174e+00;4.628333e-02;1.791545e+00;-2.136907e-01;2.716381e+00;-2.258144e-01;2.964806e+00;-6.647900e-02;1.827257e+00;-1.214789e-01;2.379488e+00;-2.432147e-01;2.439229e+00;-6.497787e-02;2.172179e+00;4.152457e-02;2.886319e+00;1.315473e-01;1.838421e+00;1.157507e-01;2.033234e+00;1.114166e-01
79.000000;1.085168e+02;3.872026e+02;6.765443e-02;8.373973e-01;4.671249e-02;4.082722e-02;3.652026e-02;3.298774e-02;8.146028e-02;1.591956e-01;1.952054e+01;1.353722e+00;3.174194e-01;1.244126e+00;1.527235e-01;9.471776e-01;2.049876e-02;3.917184e-02;3.630810e-02;5.572814e-02;4.598094e-02;1.304277e-01;1.154978e-01;2.822325e-01;1.422488e-01;4.103281e-01;1.963436e-01;5.663264e-01;2.352758e-01;5.895938e-01;2.264715e-01;6.438329e-01;5.407307e-01;9.424226e-01;3.523262e-01;9.155046e-01;2.207159e-01;9.315150e-01;3.069275e-01;1.040436e+00;2.534137e-01;1.040270e+00;2.447547e-01;1.058330e+00;2.537977e-01;1.106560e+00;3.044409e-01;1.146041e+00;4.074744e-01;1.291995e+00;3.162900e-01;1.318670e+00;3.291775e-01;1.364450e+00;3.112187e-01;1.393459e+00;2.441165e-01;1.376310e+00;2.165325e-01;1.364936e+00;2.202522e-01;1.311197e+00;1.824451e-01;1.183705e+00;1.539710e-01;1.026855e+00;1.261460e-01;8.709506e-01;1.119456e-01;7.279606e-01;8.055083e-02;5.923110e-01;6.211776e-01;5.410326e-01;5.040385e-02;6.261759e-02;1.156373e+02;4.873682e+02;3.365667e+02;6.134092e+02;7.894787e+02;9.309521e+02;1.377565e+03;1.623029e+03;1.290358e-01;2.395984e-01;5.451483e+02;9.379252e+02;1.162806e+00;3.352915e+00;2166143;1690632;2.870619e+00;7.845207e+00;7.262235e+01;1.088971e+02;8.423326e-02;-9.086166e-02;3.452095e-01;8.114171e-01;3.706945e-01;3.579585e-01;4.405929e+00;8.104110e+00;5.033820e+00;-1.489039e+01;7.429924e+00;-1.416131e+01;6.261135e+00;-2.396953e+01;9.878124e+00;-2.557747e+01;1.556940e+01;-2.441341e+01;1.467631e+01;-1.441650e+01;6.092148e+00;-8.564185e+00;1.226130e+01;-9.631966e-01;1.192585e+01;-3.426807e-01;1.127354e+01;4.414583e+00;1.356421e+01;8.687802e+00;9.914846e+00;8.255821e+00;1.102500e+01;5.147525e+00;3.249708e-04;-7.714451e-05;7.419189e-07;-1.396498e-08;5.628966e-07;-2.530328e-08;3.629768e-07;-3.084141e-08;1.026283e-06;-3.109899e-09;3.581346e-04;-4.806676e-06;8.181385e-02;4.620110e-04;4.790793e-02;3.877519e-03;4.333982e-03;-6.829889e-05;6.681973e-03;1.748551e-04;1.744809e-02;6.366381e-05;4.166724e-02;1.486462e-03;5.142079e-02;2.296725e-03;3.580087e-02;-4.738028e-03;4.611858e-02;-4.903168e-03;7.005718e-02;7.469790e-03;1.415957e-01;1.175368e-02;1.020190e-01;1.087480e-02;7.326627e-02;5.319417e-03;9.761317e-02;1.028017e-02;1.071691e-01;1.061497e-02;7.964306e-02;1.986502e-03;7.369648e-02;7.817746e-03;8.991054e-02;3.328827e-03;9.940099e-02;3.797317e-03;9.997211e-02;4.569388e-03;8.386781e-02;2.133786e-03;8.643324e-02;1.790035e-03;6.824159e-02;5.869465e-03;5.562890e-02;7.154148e-03;5.851028e-02;3.130978e-03;4.602487e-02;2.684290e-03;3.677851e-02;1.889491e-03;2.941475e-02;2.593076e-03;2.576203e-02;1.256577e-03;2.300974e-02;2.953847e-04;9.151349e-02;-1.352953e-02;1.837654e-02;7.352656e-04;2.385385e+01;2.153320e+00;7.905506e+01;2.454785e+00;2.167753e+02;2.756250e+00;3.614965e+02;6.603516e+00;4.493638e-02;5.783703e-03;1.335281e+02;2.841556e+00;2.515967e-01;9.098021e-03;5.744511e+05;2.776384e+03;8.318536e-01;1.659969e-02;2.088191e+01;6.042228e-01;1.689840e-02;3.384034e-04;8.140215e-02;2.354000e-03;7.105636e-02;-2.228351e-03;1.250268e+00;3.219070e-02;1.549839e+00;-3.072061e-02;2.487020e+00;-1.581451e-01;2.157845e+00;-6.038770e-02;2.003470e+00;2.389495e-01;2.532336e+00;4.046475e-01;2.456752e+00;3.522924e-01;1.561498e+00;1.330833e-01;1.769297e+00;-7.246923e-02;1.925684e+00;-2.456210e-01;2.537165e+00;-3.168901e-01;2.464957e+00;-4.935229e-01;1.852617e+00;-2.378748e-01;1.876850e+00;-8.839000e-02
79.500000;7.647910e+01;3.187551e+02;6.289673e-02;8.383600e-01;7.787943e-02;6.373575e-02;5.669402e-02;4.963570e-02;8.457302e-02;1.748641e-01;1.202370e+01;3.334340e+00;4.707203e-01;1.462732e+00;2.599002e-01;1.104781e+00;2.155714e-02;4.084729e-02;3.080674e-02;6.583396e-02;6.773458e-02;1.358881e-01;1.282031e-01;2.915612e-01;1.691009e-01;4.681867e-01;1.922883e-01;5.037667e-01;2.954823e-01;6.808869e-01;3.760830e-01;8.830175e-01;3.998838e-01;1.021898e+00;6.976885e-01;1.179469e+00;4.733219e-01;1.158186e+00;3.075678e-01;1.221908e+00;4.085793e-01;1.192352e+00;5.690383e-01;1.322498e+00;7.135276e-01;1.501745e+00;6.370951e-01;1.538993e+00;4.522295e-01;1.442046e+00;5.122995e-01;1.550790e+00;4.335009e-01;1.572050e+00;3.465838e-01;1.595260e+00;3.099204e-01;1.596694e+00;3.453358e-01;1.560195e+00;3.588558e-01;1.473499e+00;3.008993e-01;1.345891e+00;2.210308e-01;1.157328e+00;1.692953e-01;9.497334e-01;1.077198e-01;7.657756e-01;7.897765e-02;6.146820e-01;1.255306e-01;1.402620e-01;1.406377e-01;1.549486e-01;1.431104e+02;6.016377e+02;3.131025e+02;7.625625e+02;7.571339e+02;1.223660e+03;1.210008e+03;1.934687e+03;2.354396e-01;3.084411e-01;4.930687e+02;1.109670e+03;9.002869e-01;3.868285e+00;2131373;1.616113e+06;2.553527e+00;6.603480e+00;6.276972e+01;8.305780e+01;1.003305e-01;-9.635320e-02;3.069159e-01;9.392329e-01;3.724733e-01;3.509974e-01;4.919474e+00;6.672049e+00;7.379283e+00;-2.091856e+01;6.958607e+00;-2.079351e+01;5.592221e+00;-2.697868e+01;9.781433e+00;-1.976205e+01;1.364759e+01;-1.453067e+01;1.181971e+01;2.772640e-01;9.685670e+00;1.077532e+00;1.007220e+01;-1.649009e+00;7.438210e+00;-1.248967e+01;1.086808e+01;-6.940200e+00;1.113819e+01;-1.614107e+00;1.253686e+01;-3.594000e-01;1.401907e+01;-4.405688e-01;4.976970e-04;-5.784795e-05;6.988099e-07;1.361399e-08;1.046004e-06;-8.416260e-08;7.060053e-07;-6.670822e-08;1.269295e-06;-4.913906e-08;2.101008e-04;5.373837e-06;9.361912e-02;4.847195e-03;5.843050e-02;-5.543364e-04;4.866600e-03;8.543208e-05;6.408938e-03;7.873524e-05;2.514242e-02;1.200861e-04;4.966069e-02;-2.003630e-04;6.221165e-02;-1.396776e-03;5.555624e-02;-3.442842e-03;5.947564e-02;1.264291e-03;9.215502e-02;5.517489e-03;1.059961e-01;-1.617261e-02;1.676283e-01;-8.875009e-03;1.189243e-01;-5.760175e-04;1.024304e-01;-4.078524e-03;1.221894e-01;-1.454223e-03;1.342118e-01;-3.247341e-04;1.791352e-01;-1.166967e-03;1.338520e-01;6.917023e-03;1.014971e-01;-3.121927e-03;1.422875e-01;2.214957e-03;1.045688e-01;5.747900e-03;8.361179e-02;2.169087e-03;7.052269e-02;-9.858395e-04;8.570322e-02;1.463150e-04;8.738089e-02;1.231211e-03;7.706282e-02;1.471082e-03;5.286745e-02;1.727959e-03;4.111935e-02;5.457439e-04;2.461572e-02;-1.237976e-03;2.290860e-02;-4.520751e-04;4.052488e-02;-7.726770e-04;2.978561e-02;2.743094e-03;2.531085e+01;2.440430e+00;7.830533e+01;3.201270e+00;2.164021e+02;1.128340e+01;3.366327e+02;8.785547e+00;7.862066e-02;3.185903e-04;1.301836e+02;5.567010e+00;2.336135e-01;6.317717e-03;5.419508e+05;2.752867e+03;7.109908e-01;-3.503342e-02;1.645277e+01;-5.006266e-01;2.650064e-02;-2.222157e-04;7.968329e-02;3.448094e-03;8.538154e-02;1.705395e-03;1.593521e+00;-7.851996e-02;1.711588e+00;-1.185418e-01;2.122136e+00;-3.054054e-03;1.794613e+00;-2.526145e-02;2.344338e+00;1.091558e-01;2.677608e+00;1.018143e-01;2.715679e+00;2.587566e-01;2.129129e+00;1.747928e-01;2.113288e+00;2.509939e-01;2.583322e+00;3.460610e-02;3.005745e+00;5.353465e-02;1.867138e+00;9.736197e-02;2.932011e+00;-1.778935e-01;1.732618e+00;-4.198108e-01
80.000000;8.648567e+01;3.469654e+02;4.603728e-02;8.701916e-01;7.675473e-02;4.990000e-02;6.449585e-02;4.168409e-02;7.500569e-02;1.279852e-01;5.192558e+00;9.780293e+00;2.999355e-01;1.690733e+00;2.444225e-01;1.123458e+00;1.460368e-02;5.471097e-02;1.790773e-02;4.484253e-02;7.032672e-02;1.514280e-01;1.427026e-01;3.058359e-01;2.004001e-01;4.711743e-01;4.213531e-01;7.540612e-01;3.042437e-01;9.366139e-01;2.807754e-01;9.785095e-01;4.146338e-01;8.849334e-01;7.272455e-01;1.082126e+00;4.726588e-01;1.131124e+00;4.091886e-01;1.105386e+00;3.535534e-01;1.284860e+00;5.370412e-01;1.367632e+00;7.150279e-01;1.506613e+00;6.510864e-01;1.564752e+00;3.517253e-01;1.528053e+00;4.806899e-01;1.571649e+00;4.259885e-01;1.582911e+00;3.499454e-01;1.609042e+00;3.079116e-01;1.579793e+00;3.447452e-01;1.552750e+00;3.553225e-01;1.464867e+00;3.115642e-01;1.332693e+00;2.341134e-01;1.143655e+00;1.630193e-01;9.404224e-01;8.790325e-02;7.635434e-01;7.341531e-02;6.154864e-01;4.497966e-01;4.705067e-01;1.309578e-01;1.937993e-01;1.311150e+02;5.914453e+02;1.683551e+02;6.738457e+02;5.234542e+02;1.018233e+03;6.174964e+02;1.302185e+03;2.233789e-01;3.429364e-01;2.823359e+02;9.089969e+02;9.503710e-01;3.224926e+00;3.528987e+05;6.567117e+05;3.178745e+00;8.056042e+00;7.838595e+01;1.227262e+02;8.375316e-02;-1.454485e-01;1.882462e-01;8.075696e-01;3.038605e-01;5.382304e-01;4.546481e+00;7.099215e+00;6.873408e+00;-2.239496e+01;7.135361e+00;-1.968642e+01;4.737026e+00;-2.804695e+01;1.021765e+01;-2.525296e+01;1.423569e+01;-2.357058e+01;1.704041e+01;-4.627478e+00;1.334332e+01;1.933255e+00;6.975606e+00;5.138749e+00;1.559554e+01;-4.900716e+00;1.649989e+01;1.166219e+00;1.299097e+01;4.014351e+00;1.337949e+01;1.590098e+00;1.338536e+01;-2.634407e+00;6.088589e-04;9.080346e-05;6.907269e-07;1.095685e-08;1.029484e-06;-8.789931e-08;9.681933e-07;-5.810202e-08;1.122428e-06;-2.302852e-08;6.555182e-05;2.720483e-06;8.678272e-02;-1.748061e-03;5.083914e-02;-3.474489e-03;4.352794e-03;-9.824521e-05;2.105799e-03;-1.788863e-04;2.459608e-02;4.848054e-04;5.156364e-02;-1.580110e-04;6.761981e-02;-1.023673e-03;8.774688e-02;1.962129e-03;8.221041e-02;3.995102e-04;6.800821e-02;-1.023414e-02;7.147857e-02;-6.030885e-03;1.514288e-01;-8.358123e-03;1.097775e-01;-5.175917e-03;9.492800e-02;-7.845485e-03;9.315616e-02;-1.057570e-02;1.269156e-01;-4.911076e-03;1.762259e-01;-3.871767e-03;1.319959e-01;-1.512682e-03;8.712202e-02;-2.154170e-04;1.306220e-01;-2.483476e-03;9.803476e-02;-4.688065e-03;7.422554e-02;-5.094660e-03;6.635192e-02;-5.702569e-03;8.420826e-02;-4.683647e-03;8.313600e-02;-2.005125e-03;7.741829e-02;-1.893138e-03;5.481425e-02;-2.206479e-03;3.925179e-02;-2.594124e-03;2.266254e-02;-1.371377e-03;2.104046e-02;-5.476060e-04;5.657725e-02;7.047200e-03;3.211524e-02;-9.606371e-04;1.954137e+01;-2.583984e+00;1.863481e+01;-2.454785e+00;8.391666e+01;-3.186914e+00;9.561317e+01;-5.469434e+00;7.945145e-02;-5.963348e-03;3.683455e+01;-2.565042e+00;1.582449e-01;-6.593634e-03;9.316727e+04;-2.950471e+02;5.873249e-01;-3.802558e-02;1.499845e+01;-1.298314e+00;2.586379e-02;5.413852e-04;2.275639e-02;-2.269346e-03;8.141904e-02;-2.437817e-03;1.338089e+00;-1.389566e-02;1.662635e+00;8.586141e-02;1.511962e+00;2.009767e-01;1.467523e+00;1.277217e-01;2.097604e+00;-1.998705e-01;2.778230e+00;-4.184403e-01;2.995241e+00;-2.730772e-01;2.604255e+00;-4.375577e-02;2.139614e+00;6.969633e-03;2.693379e+00;2.328902e-01;2.873724e+00;2.919818e-01;2.232638e+00;3.607651e-01;3.253639e+00;2.370509e-01;2.029794e+00;2.240628e-01
80.500000;1.045134e+02;3.728844e+02;6.827290e-02;8.410614e-01;6.605549e-02;5.391968e-02;6.808238e-02;5.208429e-02;1.122741e-01;1.421300e-01;1.695657e+01;5.497211e+00;3.260508e-01;1.301361e+00;1.626825e-01;9.549237e-01;1.747179e-02;3.941554e-02;2.920499e-02;5.329932e-02;1.034260e-01;1.525162e-01;1.989976e-01;3.137318e-01;2.327010e-01;4.482377e-01;4.163640e-01;7.426856e-01;3.635980e-01;7.367992e-01;1.896880e-01;7.147468e-01;2.841355e-01;8.131835e-01;3.070066e-01;8.496020e-01;3.159591e-01;9.341423e-01;4.154297e-01;9.969036e-01;2.457429e-01;1.064974e+00;1.697322e-01;1.077017e+00;2.867827e-01;1.103809e+00;3.906274e-01;1.174072e+00;3.511014e-01;1.390529e+00;3.043998e-01;1.334505e+00;2.985134e-01;1.320936e+00;3.335497e-01;1.372115e+00;2.525259e-01;1.360375e+00;2.110174e-01;1.334536e+00;2.020979e-01;1.276392e+00;2.205005e-01;1.160009e+00;1.915773e-01;1.014066e+00;1.143828e-01;8.506155e-01;9.755101e-02;7.090489e-01;7.650910e-02;5.824661e-01;4.619045e-01;4.904567e-01;9.642148e-02;8.639269e-02;9.679036e+01;4.622461e+02;1.597201e+02;5.811094e+02;5.464100e+02;9.388477e+02;1.010617e+03;1.549386e+03;1.431111e-01;2.353839e-01;3.504077e+02;9.097701e+02;1.156527e+00;3.351001e+00;1.487239e+06;1455535;3.042891e+00;7.615572e+00;7.300507e+01;1.026416e+02;6.243221e-02;-8.538704e-02;2.232918e-01;7.863080e-01;2.309043e-01;3.049226e-01;4.163901e+00;7.252487e+00;6.168069e+00;-1.561884e+01;6.619985e+00;-1.382588e+01;7.221545e+00;-2.351831e+01;7.504352e+00;-3.021141e+01;1.129398e+01;-3.121893e+01;1.478279e+01;-1.435957e+01;1.146061e+01;-6.738623e+00;1.098136e+01;-1.156049e+00;1.215692e+01;1.958842e+00;1.004373e+01;8.162369e+00;1.120519e+01;7.883763e+00;1.069777e+01;8.307459e+00;1.124015e+01;7.622258e+00;7.995174e-04;5.893533e-05;7.034633e-07;-4.256884e-08;8.050384e-07;7.253013e-08;9.338325e-07;4.783723e-08;1.225946e-06;-1.157959e-07;2.734521e-04;-7.073686e-06;6.482037e-02;-9.839765e-03;4.156171e-02;-1.185140e-03;2.676882e-03;-3.317510e-04;4.024920e-03;4.715293e-04;3.424205e-02;1.583947e-04;6.829534e-02;1.964322e-04;7.522968e-02;1.294274e-03;7.425776e-02;6.945148e-04;6.646494e-02;-3.239892e-03;3.723229e-02;-2.971292e-03;6.186285e-02;7.973756e-04;8.097187e-02;-1.618043e-04;8.669358e-02;-8.608556e-04;1.069459e-01;-1.687544e-03;5.333436e-02;7.416180e-04;4.912540e-02;-4.241707e-04;8.337917e-02;-4.839717e-03;9.838325e-02;-1.006874e-02;8.701623e-02;-1.007728e-03;6.742202e-02;-2.940000e-03;7.587021e-02;-4.814156e-03;8.070935e-02;-2.792080e-03;7.574940e-02;4.007735e-04;5.263658e-02;2.970212e-04;4.459898e-02;9.545754e-05;5.819537e-02;-1.008454e-03;4.508792e-02;-5.399375e-04;2.469663e-02;6.296091e-04;2.289548e-02;6.535264e-04;1.973229e-02;5.837295e-04;5.129902e-02;-1.596425e-03;2.490220e-02;-3.110574e-03;2.153607e+01;-2.296875e+00;3.175174e+01;5.455078e-01;1.012068e+02;2.253808e+00;2.046018e+02;2.093027e+01;5.218072e-02;-5.065730e-04;6.665826e+01;4.220215e+00;1.532490e-01;1.139520e-02;3.674337e+05;3.327114e+04;5.507707e-01;-1.034849e-02;1.279287e+01;-1.962127e-01;9.502796e-03;8.494670e-04;4.276640e-02;2.333426e-03;2.821521e-02;-3.708464e-03;1.148286e+00;6.468943e-03;1.414834e+00;2.249450e-01;1.783493e+00;1.160748e-01;2.005529e+00;1.105943e-01;2.276824e+00;-2.572967e-02;2.756727e+00;-4.871815e-02;2.386464e+00;-1.738719e-01;2.187305e+00;-2.449276e-01;2.128984e+00;-2.669524e-01;2.294267e+00;6.329706e-02;2.007188e+00;-4.039327e-02;2.404586e+00;-2.532103e-01;2.318095e+00;8.700754e-02;2.188721e+00;3.915836e-01
81.000000;1.088654e+02;3.033343e+02;5.728036e-02;8.144900e-01;6.075224e-02;5.817026e-02;5.998116e-02;5.165195e-02;1.327175e-01;1.846806e-01;1.901420e+01;5.367566e-01;4.754729e-01;1.151669e+00;3.734752e-01;1.061625e+00;2.291078e-02;3.020270e-02;2.583611e-02;7.044595e-02;1.188709e-01;1.545058e-01;1.884201e-01;3.359824e-01;2.068627e-01;4.999589e-01;1.065995e-01;4.878344e-01;1.463200e-01;5.550652e-01;1.836474e-01;6.814817e-01;3.877182e-01;1.018678e+00;8.784815e-01;1.228277e+00;8.165905e-01;1.209124e+00;6.747374e-01;1.228111e+00;6.646158e-01;1.171954e+00;6.482741e-01;1.266862e+00;6.665716e-01;1.332816e+00;5.388122e-01;1.308290e+00;6.320305e-01;1.413808e+00;7.536622e-01;1.521936e+00;4.827363e-01;1.452928e+00;5.889644e-01;1.512836e+00;5.325301e-01;1.521316e+00;5.851224e-01;1.538690e+00;5.009043e-01;1.445631e+00;4.858671e-01;1.320863e+00;3.454702e-01;1.123731e+00;2.553064e-01;9.366354e-01;1.294235e-01;7.385854e-01;8.796775e-02;5.963479e-01;2.039724e-01;1.228964e-01;1.511671e-01;9.170578e-02;1.471558e+02;4.823438e+02;1.608245e+02;6.352295e+02;5.095649e+02;1.066324e+03;1.145307e+03;2.144707e+03;2.054486e-01;2.562098e-01;3.367066e+02;1.096992e+03;9.969140e-01;3.997062e+00;1.931579e+06;2.489433e+06;2.160830e+00;5.914749e+00;4.615659e+01;6.026081e+01;9.725516e-02;-6.554333e-02;2.127686e-01;9.124345e-01;3.831703e-01;2.400483e-01;4.410367e+00;7.357817e+00;8.634276e+00;-1.130951e+01;7.335567e+00;-1.281344e+01;6.466637e+00;-2.149309e+01;1.183017e+01;-2.160997e+01;1.466445e+01;-2.055334e+01;1.642533e+01;-7.033350e+00;8.083027e+00;-7.166999e+00;9.271692e+00;-8.869487e+00;1.087297e+01;-8.814338e+00;1.236784e+01;-6.018389e+00;1.216955e+01;-4.570403e+00;1.116991e+01;2.142718e+00;1.059964e+01;4.504543e+00;8.084588e-04;-3.017643e-05;6.953437e-07;-3.018719e-08;8.035295e-07;-1.029746e-08;8.474092e-07;-1.663997e-08;1.952202e-06;-1.543551e-07;3.373079e-04;-1.091723e-06;8.184870e-02;6.577437e-03;6.663199e-02;4.923005e-03;3.696301e-03;2.230328e-04;4.646440e-03;2.960443e-04;3.873282e-02;6.694670e-04;6.508867e-02;-2.976908e-04;6.768987e-02;-6.884822e-04;3.431478e-02;-1.505745e-03;3.290911e-02;-1.724415e-03;4.266101e-02;1.738334e-03;8.859889e-02;-1.087881e-03;1.658514e-01;1.081953e-02;1.958596e-01;9.325098e-03;2.031018e-01;4.232013e-03;1.862622e-01;2.086659e-03;1.278932e-01;6.116584e-03;1.275605e-01;1.084575e-02;1.145097e-01;6.227986e-03;1.129232e-01;7.118564e-03;1.024829e-01;1.445868e-02;8.738634e-02;1.274989e-02;1.117928e-01;1.087729e-02;1.003003e-01;8.097062e-03;9.675185e-02;7.476890e-03;8.260958e-02;8.287305e-03;1.003874e-01;5.027507e-03;7.938419e-02;1.887933e-03;5.236516e-02;2.489450e-03;2.635077e-02;1.756045e-03;1.800773e-02;1.014280e-03;3.497390e-02;-7.473194e-03;4.256769e-02;2.129188e-03;2.959084e+01;3.775488e+00;4.322165e+01;3.445312e+00;1.236555e+02;3.861621e+00;3.200420e+02;9.015234e+00;4.999272e-02;3.734264e-03;9.263783e+01;3.979336e+00;1.849459e-01;4.915219e-03;5.620633e+05;-1.357068e+03;5.563785e-01;-2.113110e-02;1.283514e+01;-3.204689e-01;1.587185e-02;-1.275738e-03;6.047660e-02;3.145111e-03;6.036706e-02;6.009919e-03;1.442092e+00;-1.726773e-02;1.933201e+00;-1.061829e-01;2.164303e+00;-3.889194e-02;2.202164e+00;1.874247e-02;2.815311e+00;3.038520e-01;2.982267e+00;4.627224e-01;2.673033e+00;4.707617e-01;1.983536e+00;1.558963e-01;2.391482e+00;-1.244963e-01;2.176107e+00;-3.578482e-01;1.844912e+00;-4.306566e-01;2.164944e+00;-1.702690e-01;2.312621e+00;6.859573e-02;2.090889e+00;-1.496965e-01
81.500000;9.684942e+01;2.509161e+02;5.701628e-02;8.154037e-01;4.341231e-02;3.817419e-02;3.723764e-02;3.006987e-02;1.727594e-01;2.095026e-01;2.492776e+01;-4.813569e+00;5.577527e-01;1.349447e+00;3.917610e-01;1.112271e+00;2.516156e-02;3.656604e-02;2.174955e-02;6.719577e-02;1.074465e-01;1.598973e-01;1.383766e-01;3.141346e-01;1.498291e-01;4.730070e-01;1.559274e-01;5.070623e-01;2.142245e-01;6.746131e-01;2.761878e-01;8.698887e-01;3.833309e-01;9.517100e-01;9.505885e-01;1.210282e+00;8.116132e-01;1.266654e+00;6.182429e-01;1.261881e+00;6.749682e-01;1.330606e+00;7.440121e-01;1.424176e+00;7.452485e-01;1.458246e+00;5.656137e-01;1.426058e+00;6.418856e-01;1.434210e+00;7.925667e-01;1.536771e+00;5.943969e-01;1.554131e+00;6.615426e-01;1.577542e+00;5.993716e-01;1.608266e+00;6.581199e-01;1.610268e+00;5.639598e-01;1.485731e+00;5.126010e-01;1.339570e+00;3.737730e-01;1.140469e+00;2.869413e-01;9.512922e-01;1.467740e-01;7.526510e-01;9.601670e-02;5.999281e-01;1.312227e-01;9.796926e-02;1.858229e-01;1.682758e-01;1.791670e+02;6.105381e+02;2.164905e+02;7.773486e+02;4.196034e+02;1.172268e+03;9.622549e+02;2.037328e+03;2.451487e-01;3.543778e-01;2.628530e+02;1.147123e+03;8.026254e-01;4.084696e+00;1.800782e+06;1.973429e+06;1.881093e+00;5.898493e+00;4.399649e+01;6.403974e+01;1.117828e-01;-8.956184e-02;1.631926e-01;9.622895e-01;4.415142e-01;3.387641e-01;4.469974e+00;8.114264e+00;1.061324e+01;-1.537978e+01;8.170306e+00;-1.620683e+01;5.095092e+00;-2.104904e+01;1.054947e+01;-1.175369e+01;1.068310e+01;-1.226174e+01;1.387685e+01;-1.470285e+00;1.174601e+01;-1.200703e+00;1.109356e+01;-3.719395e+00;1.007429e+01;-1.104094e+01;1.218413e+01;-1.090083e+01;6.610480e+00;-1.180330e+01;1.235344e+01;-5.404541e+00;8.919631e+00;-5.652125e+00;4.982720e-04;-1.628512e-05;1.118603e-06;1.718713e-08;8.027951e-07;-1.385795e-07;7.100782e-07;-1.172939e-07;2.449281e-06;-4.173624e-07;4.700224e-04;5.058882e-06;9.812620e-02;1.558984e-02;7.029416e-02;8.669300e-03;4.611538e-03;7.315289e-04;4.187367e-03;-6.824137e-04;3.042664e-02;2.119343e-03;4.267243e-02;2.430975e-03;4.420238e-02;1.955836e-03;4.821661e-02;3.381504e-03;5.439510e-02;2.594291e-03;9.079206e-02;6.028395e-04;9.103258e-02;5.338129e-03;1.736472e-01;2.111484e-02;1.914034e-01;1.333754e-02;1.875056e-01;4.689358e-03;2.006633e-01;6.175939e-03;1.639507e-01;1.225942e-02;1.494060e-01;1.970850e-02;1.294963e-01;1.357631e-02;1.408232e-01;1.122016e-02;1.272789e-01;1.438296e-02;1.148565e-01;1.507422e-02;1.366051e-01;1.812500e-02;1.234191e-01;1.371645e-02;1.244557e-01;1.298069e-02;1.010656e-01;9.744149e-03;1.023326e-01;7.636559e-03;8.187027e-02;5.910737e-03;5.914701e-02;3.660963e-03;3.202615e-02;2.590136e-03;1.924031e-02;1.075000e-03;4.970740e-02;8.740989e-04;5.338421e-02;4.663336e-03;4.571006e+01;3.689355e+00;5.825304e+01;-1.205859e+00;1.075947e+02;-1.106807e+01;2.811482e+02;-2.655762e+01;5.315378e-02;5.797300e-03;8.117310e+01;-7.433124e+00;2.518816e-01;-2.060618e-02;4.879207e+05;-3.995219e+04;5.605415e-01;3.172316e-02;1.376222e+01;6.006947e-01;2.311732e-02;-3.278441e-03;5.280181e-02;-3.903988e-03;9.855188e-02;1.293440e-02;1.481670e+00;8.845951e-02;2.497842e+00;-1.487050e-01;2.544023e+00;-2.993674e-02;2.120232e+00;2.988069e-02;2.719984e+00;2.901130e-01;2.880815e+00;2.926876e-01;3.198225e+00;2.387059e-01;3.444919e+00;2.989724e-01;2.765223e+00;1.712428e-01;2.690009e+00;-1.734184e-01;3.030369e+00;-1.591311e-01;1.999944e+00;6.645577e-02;2.963698e+00;6.396867e-02;1.924722e+00;-1.219337e-01
82.000000;7.625475e+01;2.520291e+02;6.115209e-02;8.227118e-01;4.965929e-02;3.477298e-02;3.642131e-02;2.708507e-02;1.724538e-01;1.951827e-01;2.364996e+01;-2.013516e+00;4.937366e-01;1.629840e+00;2.890229e-01;1.093217e+00;2.221012e-02;4.570922e-02;1.472738e-02;6.232300e-02;1.079658e-01;1.599647e-01;1.430885e-01;2.923740e-01;1.340017e-01;4.238860e-01;1.602688e-01;5.624835e-01;2.470629e-01;7.540854e-01;2.962108e-01;9.413209e-01;2.443219e-01;8.969455e-01;7.848907e-01;1.150769e+00;4.971040e-01;1.092656e+00;2.935686e-01;1.148200e+00;4.257748e-01;1.281311e+00;5.906352e-01;1.382817e+00;6.288326e-01;1.439495e+00;4.903801e-01;1.496646e+00;5.532504e-01;1.527117e+00;5.148566e-01;1.468881e+00;5.416957e-01;1.566314e+00;5.762087e-01;1.594034e+00;4.757829e-01;1.587893e+00;4.607807e-01;1.507725e+00;4.499052e-01;1.442385e+00;3.623032e-01;1.283249e+00;3.319615e-01;1.129431e+00;2.356134e-01;9.317833e-01;1.545943e-01;7.588972e-01;9.586054e-02;6.029676e-01;1.710019e-01;1.778459e-01;1.650881e-01;2.389320e-01;1.300047e+02;6.622178e+02;2.661434e+02;8.745352e+02;3.190638e+02;1.245193e+03;4.240590e+02;1.800606e+03;1.884292e-01;4.017582e-01;1.836673e+02;1.115959e+03;6.383264e-01;3.938745e+00;8.075775e+05;1.059544e+06;1.487975e+00;6.098414e+00;3.186990e+01;7.191821e+01;1.054378e-01;-1.169443e-01;1.030974e-01;9.488330e-01;4.262723e-01;4.481001e-01;4.246055e+00;8.627525e+00;6.795685e+00;-2.209133e+01;7.941061e+00;-1.879099e+01;5.918327e+00;-2.060853e+01;8.629128e+00;-1.105505e+01;9.378571e+00;-1.368825e+01;1.146381e+01;-6.165301e-01;1.141955e+01;4.401232e+00;1.076955e+01;3.811755e+00;1.071310e+01;-6.932096e+00;1.133874e+01;-6.627900e+00;7.727940e+00;-1.141712e+01;1.348469e+01;-8.365745e+00;8.070201e+00;-8.390135e+00;2.380309e-04;-1.896305e-05;1.167779e-06;-6.695853e-08;8.705843e-07;-6.089174e-08;5.784023e-07;-5.338013e-08;2.298191e-06;-3.562602e-07;4.582052e-04;-2.776057e-05;1.035768e-01;1.979748e-03;5.877009e-02;-1.850924e-03;4.734799e-03;-3.325312e-05;3.960110e-03;3.309398e-04;2.881202e-02;7.020514e-04;4.228184e-02;2.205200e-03;3.750630e-02;2.357267e-03;4.665965e-02;4.436215e-03;6.289216e-02;3.790955e-03;1.049656e-01;1.981220e-04;6.372039e-02;-2.280002e-04;1.445491e-01;-3.432289e-03;9.407051e-02;-1.385391e-03;7.658514e-02;1.525931e-03;1.193817e-01;4.950379e-03;1.483621e-01;-6.449191e-04;1.613986e-01;-9.143623e-03;1.376839e-01;-6.943711e-03;1.718187e-01;-5.489431e-03;1.331070e-01;-8.930138e-03;1.233760e-01;-6.844197e-03;1.282797e-01;-5.639370e-03;1.190168e-01;-3.352098e-03;1.101701e-01;-4.601649e-03;9.548616e-02;-4.887966e-03;8.411780e-02;-2.072644e-03;8.464740e-02;-7.521966e-04;5.310645e-02;-2.282324e-03;3.457151e-02;-1.183747e-03;2.098216e-02;-4.764191e-04;6.526098e-02;4.465728e-03;4.610856e-02;2.118067e-03;4.407900e+01;-2.009766e+00;9.664128e+01;-7.177734e-02;9.046741e+01;2.641406e+00;1.355132e+02;-1.579102e-01;5.239768e-02;2.119093e-03;5.773970e+01;-2.563312e-01;2.371549e-01;1.621704e-02;2.673330e+05;1.396344e+03;4.707456e-01;-1.040882e-02;1.110675e+01;-1.763302e-01;2.321831e-02;1.898234e-04;3.358907e-02;-3.554149e-04;1.010721e-01;-3.913648e-03;1.244017e+00;7.796963e-02;2.598666e+00;1.500644e-02;2.674956e+00;-5.990609e-03;2.038098e+00;1.410617e-03;2.382533e+00;-2.141923e-02;2.464739e+00;-1.170975e-01;3.282371e+00;-2.636830e-01;3.661558e+00;-1.169074e-01;3.010963e+00;1.526031e-01;3.235413e+00;2.484438e-01;3.250628e+00;1.659154e-01;2.167764e+00;-8.498243e-03;3.205302e+00;-1.799783e-01;2.360128e+00;-6.756380e-04
82.500000;1.165598e+02;3.207630e+02;6.249198e-02;8.409907e-01;5.095792e-02;3.871529e-02;5.036516e-02;3.372056e-02;1.139929e-01;1.533049e-01;2.102276e+01;4.005791e+00;4.045451e-01;1.726684e+00;2.350046e-01;1.067887e+00;2.018577e-02;5.615992e-02;2.185852e-02;5.149786e-02;8.239849e-02;1.541227e-01;1.281453e-01;3.043000e-01;1.522689e-01;4.297106e-01;2.755517e-01;7.092122e-01;3.769077e-01;9.125313e-01;2.359550e-01;8.694404e-01;2.700180e-01;8.519073e-01;7.195853e-01;1.049530e+00;4.318732e-01;1.033528e+00;3.129514e-01;1.020920e+00;3.820657e-01;1.183122e+00;4.588403e-01;1.251062e+00;5.257215e-01;1.315879e+00;4.563009e-01;1.390943e+00;4.996961e-01;1.411286e+00;4.051522e-01;1.442159e+00;3.826926e-01;1.530479e+00;4.517430e-01;1.592847e+00;3.477862e-01;1.555630e+00;3.233536e-01;1.504767e+00;3.415006e-01;1.462462e+00;2.848272e-01;1.339440e+00;2.658542e-01;1.146328e+00;1.737847e-01;9.321970e-01;1.190569e-01;7.607846e-01;7.900985e-02;6.104739e-01;6.234001e-01;6.625590e-01;1.476679e-01;2.090918e-01;1.276080e+02;5.493838e+02;3.025864e+02;7.170557e+02;5.751811e+02;1.009907e+03;8.467630e+02;1.481915e+03;1.556581e-01;3.855989e-01;3.496739e+02;9.404188e+02;1.020238e+00;3.400906e+00;1155975;9.627721e+05;1.991388e+00;6.868688e+00;4.271519e+01;8.952586e+01;9.760299e-02;-1.632662e-01;2.194818e-01;8.195539e-01;3.820713e-01;5.948552e-01;4.109119e+00;9.521989e+00;8.421360e+00;-1.747174e+01;8.429376e+00;-1.286194e+01;6.839313e+00;-2.285729e+01;9.302554e+00;-1.593038e+01;1.433460e+01;-2.334090e+01;1.575894e+01;-9.793451e+00;1.163715e+01;-1.658178e+00;8.593721e+00;5.790571e+00;1.186288e+01;4.838699e-01;1.388700e+01;2.411171e+00;1.732012e+01;8.453587e-01;1.400290e+01;-8.797693e-01;8.573837e+00;-3.703624e+00;6.406385e-04;-4.756692e-05;8.501243e-07;-7.669629e-08;8.794516e-07;-7.254974e-08;9.105676e-07;-4.611104e-08;1.796637e-06;-2.221377e-08;3.648489e-04;-3.681764e-05;1.086423e-01;-1.105470e-02;5.351056e-02;-1.009488e-02;4.463477e-03;-5.068146e-04;5.018157e-03;4.635928e-04;2.218910e-02;-2.009519e-03;3.847222e-02;-3.505095e-04;4.857639e-02;1.299348e-03;6.170503e-02;-4.351449e-03;9.065862e-02;-3.225077e-03;7.497229e-02;-2.549031e-03;7.066058e-02;-1.567709e-03;1.285516e-01;-2.122223e-02;8.889472e-02;-1.384629e-02;1.110539e-01;-3.708992e-03;1.068327e-01;-9.517957e-03;1.169077e-01;-1.516334e-02;1.324959e-01;-2.149260e-02;1.032949e-01;-1.624143e-02;1.438168e-01;-1.313582e-02;1.163565e-01;-1.518084e-02;1.007568e-01;-1.825372e-02;1.028270e-01;-2.025820e-02;8.943282e-02;-1.730479e-02;8.505265e-02;-1.762805e-02;7.897114e-02;-1.567609e-02;7.619680e-02;-1.085951e-02;7.625157e-02;-9.243445e-03;4.375988e-02;-6.631506e-03;3.022224e-02;-3.622092e-03;2.040520e-02;-7.259467e-04;9.068743e-02;7.240126e-04;4.277254e-02;-3.986213e-03;2.279809e+01;-3.301758e+00;9.467161e+01;-1.880566e+00;1.706264e+02;2.210742e+00;2.757422e+02;7.306933e+00;5.880663e-02;-3.055001e-03;1.050349e+02;5.350749e-01;2.777761e-01;1.474826e-02;4.205827e+05;1.736930e+04;6.407663e-01;-1.074070e-02;1.447046e+01;-3.012632e-01;2.064640e-02;2.753746e-03;6.253671e-02;-2.576292e-04;8.023199e-02;-1.211077e-02;1.302884e+00;1.651181e-02;2.118303e+00;1.811899e-01;1.977543e+00;4.994338e-02;2.018521e+00;-5.981393e-02;2.641931e+00;-2.163133e-01;3.073317e+00;-1.316608e-01;3.074741e+00;-2.851006e-01;2.408085e+00;-2.640171e-01;2.632441e+00;-8.891317e-02;3.028921e+00;1.270755e-01;2.875794e+00;7.925612e-02;2.905645e+00;1.759085e-04;3.010730e+00;-1.935801e-01;2.349023e+00;-9.791546e-02
83.000000;1.393340e+02;2.878710e+02;7.210344e-02;8.029012e-01;5.983445e-02;6.713435e-02;6.443426e-02;6.056933e-02;1.333791e-01;1.869016e-01;2.403629e+01;9.279156e-01;4.304918e-01;1.572912e+00;2.632403e-01;1.026411e+00;2.289465e-02;5.118182e-02;2.691703e-02;5.509448e-02;5.841524e-02;1.467824e-01;1.132628e-01;3.029348e-01;1.844243e-01;4.675176e-01;3.145407e-01;6.453362e-01;4.384382e-01;7.601566e-01;2.799277e-01;7.821056e-01;4.385615e-01;9.463280e-01;8.285351e-01;1.077658e+00;7.221895e-01;1.134358e+00;5.336575e-01;1.118335e+00;5.276405e-01;1.171162e+00;5.095491e-01;1.232087e+00;5.952057e-01;1.293616e+00;3.698243e-01;1.251695e+00;3.614009e-01;1.279871e+00;3.536635e-01;1.371635e+00;3.497972e-01;1.420164e+00;3.835630e-01;1.471902e+00;3.911919e-01;1.472280e+00;3.507456e-01;1.436561e+00;3.139759e-01;1.369950e+00;2.954420e-01;1.251605e+00;2.025329e-01;1.066820e+00;1.173562e-01;8.852258e-01;8.852147e-02;7.316898e-01;7.255796e-02;5.989045e-01;6.507610e-01;6.143691e-01;1.445630e-01;1.612191e-01;1.333081e+02;5.212471e+02;1.916151e+02;6.418330e+02;5.597678e+02;9.450205e+02;1.133574e+03;1.690213e+03;2.149700e-01;4.254884e-01;3.660320e+02;9.500752e+02;1.183737e+00;3.585482e+00;1641834;1.447108e+06;2.569799e+00;6.926495e+00;5.945935e+01;9.198627e+01;1.033028e-01;-1.447399e-01;2.292130e-01;8.216365e-01;3.960444e-01;4.964968e-01;3.845432e+00;1.004701e+01;8.716240e+00;-1.272064e+01;8.950165e+00;-1.066778e+01;7.776701e+00;-2.245864e+01;1.006942e+01;-1.380917e+01;1.570684e+01;-2.091710e+01;1.418259e+01;-1.143803e+01;1.106075e+01;-2.505342e+00;9.694687e+00;4.425991e+00;1.269125e+01;-1.535959e+00;1.597873e+01;-1.407157e+00;1.571004e+01;2.101374e+00;1.143798e+01;-3.654471e-02;6.998942e+00;-2.987497e+00;7.085588e-04;-8.051025e-05;8.965632e-07;4.255035e-09;9.106752e-07;-4.699809e-08;9.921841e-07;-2.394687e-08;2.067750e-06;-7.040695e-08;3.717833e-04;2.448458e-05;1.225820e-01;-8.026819e-03;6.810416e-02;-4.278233e-03;4.998605e-03;-3.589906e-04;5.592694e-03;-2.042076e-04;2.094706e-02;-1.631722e-03;3.941743e-02;-2.388675e-03;5.515707e-02;-2.785891e-03;6.568862e-02;-5.464762e-03;8.684298e-02;-6.284706e-03;7.345012e-02;-1.791533e-03;1.109653e-01;-2.212513e-03;1.528287e-01;-1.092935e-02;1.605855e-01;-9.743245e-03;1.635056e-01;-7.838827e-03;1.462546e-01;-1.022854e-02;1.257890e-01;-9.011712e-03;1.341750e-01;-1.841220e-03;1.021681e-01;4.408584e-03;1.074729e-01;-4.696447e-03;1.090313e-01;-7.684526e-03;1.117276e-01;-7.416298e-03;1.211300e-01;-6.237925e-03;1.144836e-01;-6.770620e-03;1.002260e-01;-3.738326e-03;9.285547e-02;-3.578066e-03;8.617671e-02;-3.666902e-03;5.694997e-02;-2.050047e-04;3.881099e-02;4.004452e-04;3.025944e-02;2.875287e-04;2.388518e-02;-1.838329e-04;8.123943e-02;-3.806599e-03;5.190703e-02;-3.285626e-03;2.484750e+01;3.732422e-01;5.140910e+01;-9.474609e-01;1.785901e+02;1.851856e+00;3.285704e+02;6.991113e+00;6.597136e-02;-3.608650e-03;1.097078e+02;2.175928e+00;2.987081e-01;-2.257397e-03;4.936323e+05;1.047593e+04;8.350880e-01;-7.691375e-03;1.930732e+01;-2.717982e-01;2.291403e-02;1.673797e-03;6.562731e-02;1.230107e-03;8.534782e-02;-4.869614e-03;1.532726e+00;-1.098996e-01;2.292611e+00;9.558911e-03;2.499669e+00;-3.519217e-02;2.527211e+00;4.496477e-02;2.935398e+00;-5.051373e-02;3.411778e+00;-6.920811e-02;2.976547e+00;1.111116e-01;2.284003e+00;2.587253e-01;2.835431e+00;-8.890400e-03;2.695201e+00;-1.342256e-01;2.718296e+00;1.841981e-02;2.842900e+00;-5.052738e-02;2.570765e+00;-1.541555e-01;1.974462e+00;-1.732659e-01
83.500000;6.396133e+01;2.267243e+02;6.001642e-02;7.862949e-01;5.562739e-02;7.050138e-02;6.686095e-02;7.247557e-02;1.224121e-01;2.065518e-01;1.547913e+01;2.769435e+00;4.564717e-01;1.537686e+00;2.822223e-01;1.056962e+00;2.370391e-02;4.528333e-02;2.008806e-02;6.084656e-02;7.427368e-02;1.454978e-01;1.188305e-01;3.078636e-01;1.743678e-01;4.872670e-01;1.637615e-01;5.186830e-01;2.129395e-01;6.160862e-01;2.807499e-01;7.694356e-01;4.015360e-01;1.014564e+00;8.427643e-01;1.278186e+00;7.518606e-01;1.235857e+00;5.754634e-01;1.240836e+00;5.147526e-01;1.230113e+00;5.149778e-01;1.313746e+00;6.841555e-01;1.398652e+00;4.149634e-01;1.333232e+00;4.835204e-01;1.446950e+00;4.164033e-01;1.432782e+00;4.382929e-01;1.437450e+00;4.375973e-01;1.479145e+00;4.508675e-01;1.484443e+00;4.137649e-01;1.441639e+00;3.637159e-01;1.366709e+00;3.416552e-01;1.221588e+00;2.287603e-01;1.051557e+00;1.679411e-01;8.913646e-01;1.104916e-01;7.375195e-01;7.961203e-02;5.998430e-01;1.237746e-01;1.196583e-01;1.599034e-01;1.895930e-01;1.372473e+02;6.190078e+02;1.296549e+02;7.502168e+02;3.072962e+02;1.065319e+03;8.203760e+02;1.855014e+03;2.229296e-01;4.459407e-01;2.031480e+02;1.056902e+03;8.229124e-01;3.962814e+00;1.398141e+06;1.425423e+06;2.613211e+00;7.016877e+00;6.324721e+01;9.472040e+01;1.133324e-01;-1.188883e-01;1.162390e-01;9.134059e-01;4.568316e-01;4.172474e-01;4.793319e+00;1.035137e+01;9.918394e+00;-1.630113e+01;1.059515e+01;-1.793090e+01;8.071495e+00;-2.220787e+01;7.525672e+00;-1.051917e+01;9.247979e+00;-1.053743e+01;1.097513e+01;-1.749702e+00;1.105032e+01;3.295800e+00;9.309324e+00;6.882232e-01;1.106650e+01;-1.137525e+01;9.133883e+00;-1.348154e+01;6.006830e+00;-9.982615e+00;8.487576e+00;-7.575213e+00;7.415839e+00;-4.395721e+00;5.572451e-04;1.887330e-05;7.962230e-07;-8.710723e-09;9.000579e-07;-1.955785e-08;1.095741e-06;-3.881933e-09;2.033126e-06;-8.045847e-09;2.766801e-04;-3.518221e-06;1.208697e-01;-5.070159e-04;7.058815e-02;1.461596e-03;5.585923e-03;-8.830481e-05;4.491918e-03;-4.295797e-05;2.386421e-02;1.613519e-03;3.674253e-02;2.044344e-05;4.617051e-02;-1.745415e-03;4.835673e-02;2.117503e-03;4.997442e-02;3.066513e-03;7.844917e-02;3.666306e-03;1.002550e-01;-5.582714e-03;1.668608e-01;-3.598683e-03;1.642574e-01;-1.525154e-03;1.594237e-01;-2.184791e-03;1.391720e-01;8.572553e-03;1.283353e-01;7.105357e-03;1.655376e-01;2.515083e-03;1.256068e-01;5.903727e-03;1.435672e-01;2.654022e-04;1.105362e-01;1.312600e-03;1.211172e-01;1.381410e-03;1.264970e-01;8.156674e-04;1.216061e-01;1.904360e-03;1.187052e-01;2.508206e-03;1.054440e-01;3.036741e-03;1.002004e-01;3.145930e-03;6.458699e-02;1.578864e-03;5.195240e-02;1.164860e-03;3.467718e-02;9.626064e-04;2.666141e-02;-1.941919e-05;4.507845e-02;-1.183120e-03;5.556944e-02;6.508455e-04;3.217552e+01;2.469141e+00;3.599865e+01;4.392774e+00;1.011351e+02;1.650879e+00;2.235661e+02;-3.675000e+00;6.967350e-02;-7.224776e-04;6.481202e+01;2.129190e+00;2.241030e-01;6.472868e-04;3.492869e+05;-2.617018e+03;7.444487e-01;7.672992e-03;1.778312e+01;5.760643e-02;2.729364e-02;2.527089e-04;3.870042e-02;1.716861e-03;1.048049e-01;-1.053531e-04;1.611808e+00;-1.986366e-03;2.521456e+00;-7.386979e-02;2.722931e+00;-6.260234e-02;2.311434e+00;1.632251e-01;2.468393e+00;1.919570e-01;2.972349e+00;2.839733e-02;2.877156e+00;-2.842092e-03;3.082935e+00;1.089622e-01;2.732072e+00;1.721092e-01;2.876711e+00;1.367140e-01;2.811193e+00;-2.303141e-02;2.186465e+00;-8.680051e-02;2.479361e+00;4.281158e-03;2.200955e+00;8.601941e-02
84.000000;1.153218e+02;2.745862e+02;7.211518e-02;8.187118e-01;4.919916e-02;4.629363e-02;5.920796e-02;4.944163e-02;1.085853e-01;1.604707e-01;2.575330e+01;-1.613828e+00;3.944101e-01;1.580255e+00;2.139064e-01;1.044180e+00;2.109509e-02;4.668451e-02;2.148084e-02;5.935374e-02;7.765992e-02;1.437105e-01;1.385355e-01;2.884910e-01;1.589373e-01;4.353222e-01;2.752909e-01;6.412868e-01;3.381645e-01;8.236903e-01;2.946976e-01;8.723779e-01;2.329809e-01;8.051635e-01;5.682573e-01;1.027029e+00;4.602069e-01;1.081377e+00;4.599730e-01;1.118504e+00;4.672673e-01;1.185274e+00;4.759986e-01;1.219285e+00;5.482064e-01;1.276742e+00;3.895618e-01;1.370729e+00;5.019389e-01;1.459168e+00;4.078589e-01;1.485287e+00;4.265412e-01;1.526823e+00;3.577030e-01;1.486037e+00;3.416258e-01;1.487147e+00;3.371457e-01;1.473304e+00;2.840750e-01;1.371035e+00;2.851232e-01;1.251538e+00;1.957845e-01;1.074249e+00;1.519128e-01;9.045275e-01;1.139410e-01;7.396676e-01;7.356288e-02;6.009225e-01;4.213730e-01;3.094709e-01;1.412190e-01;1.960670e-01;1.216079e+02;6.076670e+02;2.878191e+02;8.010352e+02;3.974022e+02;1.121880e+03;6.705717e+02;1.703420e+03;1.724057e-01;3.897129e-01;2.855952e+02;1.053021e+03;8.944048e-01;3.829713e+00;1.091970e+06;1.214501e+06;2.383007e+00;7.117659e+00;5.682779e+01;9.606886e+01;1.002543e-01;-1.198903e-01;1.711699e-01;9.044576e-01;4.099078e-01;4.476852e-01;5.162297e+00;9.366544e+00;8.234041e+00;-1.904461e+01;1.018769e+01;-1.818896e+01;8.334030e+00;-2.335286e+01;1.024553e+01;-1.696041e+01;1.132933e+01;-1.651911e+01;1.028970e+01;-4.450685e+00;1.099847e+01;5.498868e-01;7.638064e+00;9.810381e-01;1.244378e+01;-5.136143e+00;1.306308e+01;-5.626527e+00;1.136993e+01;-5.993502e+00;1.237241e+01;-6.430314e+00;6.498808e+00;-3.493059e+00;4.418207e-04;6.452270e-05;8.705146e-07;6.572380e-08;7.775858e-07;-1.325390e-07;9.814455e-07;-9.165818e-08;1.529786e-06;-1.718765e-07;4.072427e-04;2.636265e-06;1.123811e-01;4.040725e-03;5.889891e-02;3.708041e-03;5.320528e-03;4.081799e-04;5.256889e-03;-3.393802e-04;2.072564e-02;1.834422e-03;3.409013e-02;4.168120e-03;4.131659e-02;4.589429e-03;6.305365e-02;7.313161e-03;8.203197e-02;1.055882e-02;8.513657e-02;3.945465e-03;5.494006e-02;2.450717e-03;1.261073e-01;5.596697e-03;1.002459e-01;8.209570e-03;1.176064e-01;5.208804e-03;1.119915e-01;3.184172e-03;1.217449e-01;3.210109e-03;1.496983e-01;3.705240e-03;1.115806e-01;1.157561e-03;1.596309e-01;2.477253e-03;1.169146e-01;4.435711e-03;1.173097e-01;6.897752e-03;1.006910e-01;5.650839e-03;8.963323e-02;5.339202e-03;1.050025e-01;1.909932e-03;8.758511e-02;6.568240e-04;8.834619e-02;1.517111e-03;6.119089e-02;2.718544e-04;4.551867e-02;1.023916e-03;3.133920e-02;6.915131e-04;2.191592e-02;4.048933e-04;7.721978e-02;1.490072e-02;4.764772e-02;-2.268811e-04;3.915305e+01;-2.110254e+00;9.422322e+01;-2.426074e+00;1.028042e+02;-8.211329e+00;1.991752e+02;-1.399658e+01;6.263275e-02;1.720313e-03;7.968940e+01;-5.899477e+00;2.517465e-01;-1.466566e-02;3.334336e+05;-1.309998e+04;6.418055e-01;3.488313e-02;1.496163e+01;9.255881e-01;2.455227e-02;-1.962628e-03;4.896213e-02;-3.968528e-03;9.734047e-02;7.923167e-03;1.375607e+00;1.260546e-01;2.132496e+00;9.706852e-02;2.136970e+00;1.468579e-01;2.041154e+00;-4.178858e-02;2.568434e+00;-1.640626e-01;2.951314e+00;-9.626051e-02;2.631611e+00;-1.940061e-01;2.964846e+00;-3.070751e-01;2.437056e+00;-8.132612e-02;2.973238e+00;9.117678e-02;3.056688e+00;2.073073e-01;2.733448e+00;3.380509e-01;2.943058e+00;2.566794e-01;2.086887e+00;7.509433e-02
84.500000;1.306372e+02;3.079840e+02;7.040381e-02;8.301680e-01;4.951042e-02;4.317041e-02;4.760521e-02;3.767924e-02;1.221658e-01;1.495858e-01;2.539224e+01;8.790709e-01;3.990107e-01;1.415277e+00;1.885725e-01;9.803187e-01;2.053220e-02;4.320958e-02;2.381905e-02;5.508566e-02;6.403989e-02;1.418563e-01;1.588401e-01;3.068947e-01;2.395581e-01;4.641709e-01;3.118724e-01;6.131495e-01;4.113217e-01;7.583941e-01;3.197820e-01;7.894080e-01;3.472421e-01;8.640683e-01;4.113489e-01;8.638691e-01;3.632624e-01;9.259081e-01;3.434021e-01;1.009293e+00;4.668724e-01;1.081646e+00;4.497262e-01;1.108477e+00;3.852583e-01;1.168155e+00;3.522362e-01;1.245654e+00;3.923739e-01;1.275025e+00;3.739433e-01;1.374498e+00;4.309956e-01;1.450492e+00;3.398857e-01;1.417407e+00;3.167107e-01;1.420184e+00;2.832613e-01;1.427099e+00;2.620231e-01;1.332027e+00;2.620690e-01;1.217603e+00;1.922053e-01;1.055876e+00;1.300423e-01;8.767968e-01;1.015651e-01;7.183586e-01;6.592850e-02;5.819756e-01;5.851486e-01;5.514305e-01;1.195053e-01;1.311159e-01;1.250990e+02;5.044512e+02;3.146010e+02;6.962402e+02;4.934984e+02;9.876562e+02;8.542396e+02;1.507755e+03;1.667555e-01;3.338650e-01;3.536963e+02;9.526915e+02;1.111031e+00;3.597229e+00;1.086604e+06;1.320478e+06;2.270580e+00;6.885272e+00;5.130130e+01;8.671752e+01;8.272025e-02;-1.061129e-01;2.221249e-01;8.178040e-01;3.367182e-01;3.937744e-01;4.757335e+00;9.165429e+00;9.071315e+00;-1.407275e+01;8.980958e+00;-1.089078e+01;8.427805e+00;-2.239733e+01;1.044963e+01;-2.169712e+01;1.201630e+01;-2.303420e+01;1.109063e+01;-1.045835e+01;8.823460e+00;-3.250168e+00;8.593353e+00;2.030164e+00;1.080897e+01;6.358019e-01;1.673490e+01;1.842390e+00;2.018515e+01;1.145479e+00;1.658771e+01;-2.368256e+00;7.652879e+00;-5.133454e+00;5.037039e-04;-9.314320e-05;9.130187e-07;6.614704e-08;8.233729e-07;-8.630910e-08;8.227681e-07;-6.502803e-08;1.540906e-06;-7.917330e-08;3.538137e-04;3.707998e-05;1.044391e-01;-7.819236e-04;5.234331e-02;9.318581e-04;4.368420e-03;8.424062e-05;4.977200e-03;-3.352230e-04;1.965456e-02;-1.823416e-03;3.505682e-02;-2.048874e-03;4.746274e-02;-1.952289e-03;5.676651e-02;-2.282822e-03;7.846770e-02;-2.426210e-03;7.274032e-02;-2.170305e-03;7.633145e-02;4.946392e-03;9.054149e-02;5.216022e-03;8.625340e-02;4.309591e-03;1.090485e-01;6.006327e-03;1.179530e-01;-2.499744e-03;1.205954e-01;-3.362097e-03;1.105478e-01;3.241928e-03;8.558009e-02;6.284237e-04;1.261326e-01;1.488873e-03;1.106717e-01;3.816176e-03;1.092998e-01;4.124127e-03;8.491641e-02;2.502204e-03;7.675793e-02;1.905961e-03;8.001471e-02;1.226659e-03;7.871166e-02;1.312732e-03;8.085956e-02;6.104282e-04;6.013238e-02;1.166519e-03;3.310756e-02;6.379797e-04;2.388877e-02;-4.814522e-04;2.027921e-02;1.351519e-04;8.365547e-02;-1.066152e-04;3.441230e-02;-8.377925e-04;3.641187e+01;-5.455078e-01;9.356226e+01;-3.287402e+00;1.117713e+02;-1.909277e+00;2.162812e+02;7.464844e-01;6.970765e-02;1.717384e-04;8.357198e+01;-1.097323e+00;2.564870e-01;-6.033030e-03;3.201349e+05;4.898912e+03;6.426992e-01;1.970109e-02;1.496135e+01;6.915772e-01;1.639106e-02;-4.340079e-04;5.141032e-02;-6.395154e-04;6.518625e-02;1.907125e-03;1.166014e+00;-4.553546e-03;1.889122e+00;-1.073757e-02;2.110509e+00;-6.474777e-02;2.298910e+00;-1.575683e-01;2.527308e+00;-1.373521e-01;2.722425e+00;-8.524451e-03;2.545695e+00;8.597559e-02;2.151738e+00;-1.742540e-02;2.393868e+00;-1.193340e-01;2.819983e+00;-6.954060e-02;2.932919e+00;-3.213318e-02;3.376609e+00;-5.696486e-02;2.954633e+00;-9.443964e-02;1.820022e+00;-1.376850e-01
85.000000;8.370462e+01;2.917327e+02;5.252312e-02;8.259223e-01;6.482669e-02;5.379755e-02;4.829124e-02;4.067699e-02;1.351018e-01;1.929971e-01;4.934895e+00;7.077758e+00;4.810967e-01;1.623791e+00;2.545083e-01;1.096041e+00;1.839320e-02;4.713217e-02;1.846572e-02;5.506299e-02;6.688117e-02;1.449840e-01;1.412036e-01;3.167531e-01;2.254340e-01;4.919618e-01;1.855297e-01;5.578720e-01;2.542795e-01;6.700290e-01;2.523107e-01;7.912059e-01;3.993602e-01;9.744875e-01;5.929362e-01;1.100162e+00;4.837877e-01;1.098399e+00;4.649091e-01;1.219186e+00;4.338471e-01;1.198386e+00;5.036078e-01;1.322308e+00;4.584218e-01;1.430568e+00;6.110154e-01;1.518247e+00;4.516969e-01;1.462687e+00;4.775539e-01;1.526729e+00;4.304393e-01;1.531518e+00;4.106251e-01;1.607740e+00;4.168858e-01;1.604218e+00;3.346347e-01;1.536224e+00;3.298978e-01;1.487522e+00;3.311650e-01;1.353544e+00;2.729823e-01;1.187977e+00;2.086705e-01;9.719021e-01;1.268408e-01;7.767690e-01;8.881572e-02;6.156923e-01;5.081213e-01;3.879814e-01;1.904004e-01;2.216024e-01;1.604201e+02;5.703428e+02;2.921732e+02;7.728984e+02;5.148450e+02;1.104940e+03;7.884121e+02;1.583839e+03;2.125562e-01;4.138871e-01;3.340385e+02;1.009511e+03;1.049518e+00;3.831696e+00;7.415074e+05;1.061685e+06;2.499316e+00;6.329044e+00;5.306170e+01;7.838204e+01;7.718035e-02;-1.148057e-01;2.125011e-01;8.590730e-01;2.792738e-01;3.951434e-01;4.998895e+00;9.149414e+00;8.997020e+00;-1.648964e+01;7.241453e+00;-1.220888e+01;6.831560e+00;-2.176971e+01;9.629478e+00;-1.696327e+01;1.249151e+01;-1.947711e+01;1.357375e+01;-6.272946e+00;6.975107e+00;-2.522711e+00;8.286644e+00;1.816084e+00;1.248877e+01;-6.205481e+00;1.696784e+01;-3.633765e+00;1.950669e+01;-1.214582e+00;1.366698e+01;-3.931059e+00;8.561327e+00;-6.908367e+00;4.828116e-04;-9.428830e-05;6.975328e-07;-1.735011e-08;9.529329e-07;-1.021888e-08;8.163258e-07;-1.161088e-08;1.794997e-06;-3.875185e-08;5.937726e-05;-1.566024e-06;1.167009e-01;1.009667e-03;6.301330e-02;-1.479279e-03;4.638270e-03;-2.998994e-04;3.093330e-03;4.960947e-04;2.618835e-02;-1.962209e-03;3.848955e-02;-4.249947e-03;5.032542e-02;-2.657433e-03;3.874037e-02;-4.940234e-03;4.712395e-02;-8.303973e-03;5.643357e-02;-4.729841e-03;9.533595e-02;-2.723759e-03;1.554042e-01;-1.555003e-03;1.284561e-01;-5.179372e-03;1.306699e-01;-1.592680e-03;1.126552e-01;-1.740712e-03;1.345250e-01;-7.377412e-04;1.245640e-01;-2.062845e-03;1.400581e-01;1.390717e-03;1.207122e-01;-5.605168e-04;1.248469e-01;-5.564648e-04;9.799653e-02;1.167925e-03;8.340728e-02;-1.448233e-03;8.958606e-02;-2.362420e-03;8.298680e-02;1.623863e-03;8.354405e-02;3.746622e-03;9.453664e-02;1.326626e-03;7.273794e-02;2.360616e-04;5.429001e-02;5.484232e-04;3.418101e-02;-7.189143e-04;2.292901e-02;-4.192326e-04;5.086479e-02;-1.528946e-02;4.959857e-02;2.548676e-03;2.893784e+01;4.091309e+00;5.043582e+01;1.099629e+01;9.834225e+01;1.373818e+01;1.912610e+02;1.841807e+01;8.110436e-02;-1.283354e-03;6.725532e+01;9.928756e+00;2.129457e-01;2.112972e-02;2.324448e+05;8.344112e+03;6.227455e-01;-5.127762e-02;1.451129e+01;-1.070320e+00;2.078902e-02;1.732959e-03;4.057525e-02;6.194538e-03;6.367769e-02;-6.561619e-03;1.340942e+00;-1.289682e-01;1.686537e+00;-1.419386e-01;2.176183e+00;-7.727031e-02;2.278314e+00;4.270269e-02;2.270405e+00;1.354297e-01;2.844061e+00;4.334551e-02;3.343157e+00;1.371962e-01;2.085898e+00;4.616786e-02;2.295730e+00;-7.515046e-02;3.028678e+00;-2.270391e-01;3.190294e+00;-2.760132e-01;3.079137e+00;-2.007679e-01;2.384045e+00;-1.255576e-01;2.170063e+00;-1.212796e-01
85.500000;1.039575e+02;3.407823e+02;5.064638e-02;8.448874e-01;9.307570e-02;5.445007e-02;6.839805e-02;3.921704e-02;1.237170e-01;1.734177e-01;5.734923e+00;8.288107e+00;2.770838e-01;1.857102e+00;2.366655e-01;1.105694e+00;1.667621e-02;5.973778e-02;2.191505e-02;4.918619e-02;5.761664e-02;1.399596e-01;1.006702e-01;2.695028e-01;1.410351e-01;4.173356e-01;1.909589e-01;6.438793e-01;3.594755e-01;8.758368e-01;1.912950e-01;9.466894e-01;3.474264e-01;8.540727e-01;6.231795e-01;1.043903e+00;4.660173e-01;1.145486e+00;4.764698e-01;1.172223e+00;3.945643e-01;1.253750e+00;4.581951e-01;1.389403e+00;4.805822e-01;1.405980e+00;5.818046e-01;1.561413e+00;4.213774e-01;1.489363e+00;4.695069e-01;1.561485e+00;3.352778e-01;1.566808e+00;3.395360e-01;1.601337e+00;3.697896e-01;1.587456e+00;2.936802e-01;1.536300e+00;3.150811e-01;1.449183e+00;3.149709e-01;1.328342e+00;2.855995e-01;1.158637e+00;2.194220e-01;9.615954e-01;1.352323e-01;7.709157e-01;9.139297e-02;6.171808e-01;8.472411e-01;7.723514e-01;1.662814e-01;2.789152e-01;1.505135e+02;6.244629e+02;3.950182e+02;8.489824e+02;5.576433e+02;1.128196e+03;8.117973e+02;1.568335e+03;1.814286e-01;4.382213e-01;3.903788e+02;1.022969e+03;1.181267e+00;3.601986e+00;4.421335e+05;7.302834e+05;3.565471e+00;7.226841e+00;9.397498e+01;1.165540e+02;9.476756e-02;-1.727587e-01;2.421227e-01;8.703983e-01;4.248911e-01;6.780223e-01;4.432334e+00;8.363410e+00;4.093175e+00;-2.151016e+01;5.658458e+00;-1.488013e+01;6.653432e+00;-2.164702e+01;1.052104e+01;-1.948935e+01;1.512198e+01;-2.558080e+01;1.743796e+01;-1.038222e+01;9.176477e+00;-3.340226e+00;8.845006e+00;5.854310e+00;1.579146e+01;-2.364127e+00;1.542230e+01;1.605799e+00;1.365296e+01;3.253941e+00;9.439264e+00;-2.135520e+00;8.031485e+00;-7.153824e+00;5.913897e-04;1.080225e-04;6.164649e-07;1.289468e-08;1.475203e-06;1.357758e-08;1.109520e-06;1.163234e-08;1.660368e-06;-1.172385e-07;7.294927e-05;1.419810e-06;1.038038e-01;5.554519e-03;5.831326e-02;-1.351390e-04;4.268102e-03;3.855132e-04;2.814822e-03;-1.201814e-04;2.382975e-02;5.441490e-04;3.739839e-02;1.455564e-03;4.716792e-02;1.747282e-03;4.842323e-02;1.615494e-03;7.886434e-02;3.069860e-03;5.685943e-02;2.660896e-03;8.722685e-02;-3.772973e-05;1.537922e-01;-8.326987e-04;1.279785e-01;2.075055e-03;1.167352e-01;8.131879e-04;1.020383e-01;-3.589476e-04;1.230805e-01;1.881277e-04;1.195042e-01;8.489253e-05;1.337157e-01;-2.094911e-03;1.088515e-01;2.789910e-04;1.263853e-01;-3.493959e-03;8.583532e-02;-2.776882e-03;7.611586e-02;-5.558316e-04;8.269320e-02;-1.978808e-03;7.844305e-02;-1.227878e-03;7.300517e-02;-1.211193e-03;8.466634e-02;-8.490168e-04;7.138966e-02;-6.105467e-04;5.629877e-02;-6.860959e-04;3.493376e-02;-2.695761e-06;2.053624e-02;-1.329916e-03;8.835625e-02;1.633305e-02;4.930108e-02;1.336590e-03;3.140145e+01;-1.909277e+00;6.680988e+01;-2.627051e+00;8.678070e+01;-5.871387e+00;1.445926e+02;-1.296299e+01;6.480375e-02;1.126197e-03;6.182890e+01;-5.572815e+00;1.794003e-01;-1.721229e-02;1.567733e+05;-2.109602e+04;6.034309e-01;2.425662e-02;1.626051e+01;6.188586e-01;2.138375e-02;-1.804194e-03;3.692059e-02;-3.788185e-03;7.468560e-02;7.656034e-03;1.256923e+00;1.886342e-02;1.302407e+00;-4.265216e-02;1.948044e+00;5.480442e-02;2.159430e+00;-1.757001e-02;2.457656e+00;-1.494574e-01;3.348140e+00;-2.369426e-01;3.263267e+00;-1.918534e-01;2.325675e+00;-1.249632e-01;2.412059e+00;1.459816e-01;2.774741e+00;1.462348e-01;2.743387e+00;3.695246e-01;2.324766e+00;3.706489e-01;2.212401e+00;2.370782e-01;2.156554e+00;1.484990e-02
86.000000;1.403529e+02;3.668382e+02;6.515644e-02;8.367515e-01;9.425089e-02;6.153745e-02;7.950229e-02;5.266277e-02;1.434255e-01;1.536980e-01;2.657918e+01;-3.201015e-01;2.614577e-01;1.543983e+00;1.001273e-01;9.574936e-01;2.016971e-02;5.330356e-02;2.222124e-02;4.412824e-02;6.202337e-02;1.443179e-01;1.455213e-01;2.946214e-01;1.982601e-01;4.353849e-01;1.926257e-01;6.479421e-01;4.075926e-01;8.000067e-01;3.222941e-01;7.776447e-01;4.460698e-01;9.698499e-01;3.620829e-01;9.375619e-01;2.184741e-01;9.243397e-01;2.422729e-01;9.787766e-01;2.150824e-01;1.075140e+00;2.171996e-01;1.102643e+00;2.251835e-01;1.096542e+00;2.704932e-01;1.192687e+00;2.396678e-01;1.289613e+00;3.230578e-01;1.333135e+00;2.462845e-01;1.342347e+00;1.690053e-01;1.336577e+00;1.314781e-01;1.351236e+00;1.565669e-01;1.360851e+00;1.843597e-01;1.276795e+00;1.520441e-01;1.139101e+00;1.434004e-01;9.839326e-01;1.236823e-01;8.330641e-01;8.760301e-02;6.984841e-01;6.595609e-02;5.722426e-01;8.226830e-01;8.824500e-01;1.068040e-01;1.317499e-01;1.311354e+02;5.137822e+02;3.340809e+02;6.653760e+02;4.574391e+02;8.519971e+02;8.043275e+02;1.322856e+03;1.441490e-01;3.530759e-01;3.300976e+02;8.486541e+02;1.070026e+00;3.207812e+00;9.071148e+05;840502;2.930638e+00;8.531612e+00;8.296795e+01;1.381204e+02;1.037520e-01;-1.497998e-01;2.048889e-01;7.551470e-01;4.757937e-01;6.077247e-01;3.771188e+00;1.039313e+01;6.696857e+00;-1.607275e+01;5.597010e+00;-1.226807e+01;6.878901e+00;-2.117140e+01;9.614551e+00;-2.505408e+01;1.264262e+01;-3.073654e+01;1.458847e+01;-1.645778e+01;8.696941e+00;-5.671680e+00;1.046002e+01;3.419172e+00;1.355008e+01;2.935974e+00;1.272559e+01;7.452258e+00;1.254762e+01;6.230197e+00;7.610666e+00;3.925064e+00;1.129852e+01;2.838968e-01;6.866509e-04;1.967915e-05;8.772390e-07;2.975089e-08;1.569837e-06;-8.632564e-08;1.301895e-06;-4.606194e-08;1.816319e-06;-3.509735e-07;4.199352e-04;2.106993e-06;6.743884e-02;-1.482995e-03;3.007109e-02;1.102642e-03;3.717240e-03;2.236846e-04;4.782327e-03;-4.305870e-04;2.089605e-02;1.115388e-03;4.678709e-02;3.439990e-03;6.062921e-02;4.091397e-03;4.636807e-02;-1.147339e-03;8.186930e-02;5.968799e-03;6.802127e-02;1.139454e-02;1.056535e-01;4.545205e-03;7.924146e-02;2.606184e-03;6.386116e-02;4.242545e-03;7.170589e-02;7.015496e-03;7.396072e-02;9.596078e-03;6.284641e-02;6.234000e-03;6.409484e-02;9.542004e-04;7.592207e-02;-9.436812e-03;6.606581e-02;-4.101535e-03;7.947946e-02;-3.363427e-03;5.835957e-02;-4.362695e-03;5.548974e-02;-3.339707e-05;4.962831e-02;-8.799870e-04;5.770764e-02;-2.300292e-03;5.855120e-02;-2.837849e-03;4.808006e-02;-1.511935e-04;4.583674e-02;-1.255428e-03;3.246290e-02;-1.832237e-03;2.308697e-02;-7.978883e-04;2.003498e-02;-3.503791e-05;1.301532e-01;6.103705e-03;2.538820e-02;-2.291781e-03;3.223211e+01;-3.301758e+00;5.312882e+01;-9.847852e+00;1.071410e+02;-1.185762e+01;2.126856e+02;-1.577666e+01;5.165252e-02;1.600737e-03;7.019168e+01;-9.060556e+00;2.521292e-01;-1.663530e-02;2.904322e+05;-8.837474e+03;6.924319e-01;7.291047e-02;1.818696e+01;1.715716e+00;1.826031e-02;-1.234410e-03;4.408914e-02;-5.351793e-03;8.091711e-02;5.330367e-03;1.104908e+00;1.403153e-01;1.891392e+00;7.817658e-02;2.013655e+00;-1.088800e-01;2.088827e+00;-1.370990e-01;2.798011e+00;-6.561977e-02;3.599978e+00;-1.654386e-02;2.806811e+00;-1.708450e-01;2.414851e+00;-5.704000e-02;2.371716e+00;1.204651e-01;2.869195e+00;2.701315e-01;2.522213e+00;4.823859e-02;2.710193e+00;-8.733571e-02;2.373538e+00;-1.700933e-03;2.108464e+00;1.466365e-01
86.500000;1.429101e+02;3.245802e+02;5.498284e-02;8.305033e-01;9.002248e-02;8.104871e-02;7.578079e-02;6.677252e-02;1.357933e-01;1.596502e-01;2.592228e+01;-1.315895e+00;3.535950e-01;1.602881e+00;1.703037e-01;1.028818e+00;1.820341e-02;5.367045e-02;1.800644e-02;4.374276e-02;6.526666e-02;1.490500e-01;1.381338e-01;3.210306e-01;1.799763e-01;4.780998e-01;1.133969e-01;5.517510e-01;2.146997e-01;6.889139e-01;3.811085e-01;8.396619e-01;4.337062e-01;1.083821e+00;3.440191e-01;1.048499e+00;3.971051e-01;1.034564e+00;2.948907e-01;1.107480e+00;3.074208e-01;1.126922e+00;2.380123e-01;1.150766e+00;3.631809e-01;1.285121e+00;3.054875e-01;1.249125e+00;2.886888e-01;1.399978e+00;3.466181e-01;1.420285e+00;3.835285e-01;1.452035e+00;2.827653e-01;1.463617e+00;2.710069e-01;1.482476e+00;2.704280e-01;1.453332e+00;2.285366e-01;1.401792e+00;2.175367e-01;1.260727e+00;2.027093e-01;1.068436e+00;1.458668e-01;9.005373e-01;8.920698e-02;7.364491e-01;7.146802e-02;5.947923e-01;6.104880e-01;7.284265e-01;9.879066e-02;1.240051e-01;6.902861e+01;4.893779e+02;9.770360e+01;5.826885e+02;3.153845e+02;7.813682e+02;6.380345e+02;1.262133e+03;1.511195e-01;3.840632e-01;1.880986e+02;7.911243e+02;7.665334e-01;3.289202e+00;8.757722e+05;7.766445e+05;2.325249e+00;8.438210e+00;6.408163e+01;1.289838e+02;8.972264e-02;-1.477299e-01;1.180816e-01;7.255471e-01;3.721643e-01;5.628815e-01;3.107631e+00;1.284514e+01;6.732339e+00;-1.488834e+01;6.172256e+00;-1.276921e+01;5.856526e+00;-2.442311e+01;9.020192e+00;-2.530746e+01;1.090634e+01;-2.624937e+01;1.002631e+01;-1.045818e+01;8.380198e+00;-3.048276e+00;8.690058e+00;1.415613e+00;9.764493e+00;1.856994e+00;1.019060e+01;2.182845e+00;9.754786e+00;-9.883847e-01;7.381166e+00;-2.273997e-01;1.108361e+01;-1.205430e+00;8.962420e-04;-1.096677e-04;8.349032e-07;-4.035542e-08;1.272558e-06;-1.047574e-07;1.118470e-06;-6.509170e-08;1.793984e-06;-3.250368e-07;4.188589e-04;1.252693e-06;8.082115e-02;-6.916387e-03;3.920693e-02;-3.139112e-03;4.168380e-03;-4.509338e-04;4.827689e-03;2.873520e-04;2.360914e-02;2.450910e-04;4.714119e-02;-4.784910e-04;5.740754e-02;-5.390496e-04;3.668903e-02;-1.500029e-03;5.700180e-02;-5.206343e-03;7.694551e-02;-4.764578e-03;1.072668e-01;-3.420011e-05;8.363978e-02;8.117423e-04;8.355325e-02;-4.364251e-03;6.558444e-02;-5.319543e-03;7.545120e-02;-3.609963e-03;6.578737e-02;-3.789009e-03;9.135642e-02;-7.849763e-03;8.442616e-02;-5.422620e-03;9.605408e-02;-6.705245e-03;1.016962e-01;-4.985052e-03;9.805468e-02;-5.628653e-03;7.939440e-02;-5.329234e-03;7.837152e-02;-2.181324e-03;8.133019e-02;-3.205845e-03;7.140447e-02;-3.276714e-03;5.698439e-02;-3.546717e-03;5.069327e-02;-2.139193e-03;3.111443e-02;-1.659175e-03;2.182325e-02;-1.089051e-03;1.938463e-02;-4.969205e-05;1.540163e-01;-1.653573e-02;2.973979e-02;-1.683989e-03;2.653423e+01;1.937988e+00;3.330373e+01;2.196387e+00;1.046984e+02;1.937988e+00;2.136232e+02;3.517090e+00;5.638572e-02;-2.303219e-03;6.562098e+01;2.827689e+00;2.674333e-01;7.979913e-03;2.903401e+05;7.423134e+03;8.360929e-01;-1.454984e-02;2.250632e+01;-7.506251e-01;2.161627e-02;2.202559e-03;4.169578e-02;2.128220e-03;8.816971e-02;-9.001528e-03;9.790047e-01;7.490580e-03;2.021039e+00;8.902498e-02;2.226620e+00;3.085411e-04;1.699329e+00;1.068259e-02;2.805772e+00;1.717822e-01;3.494164e+00;3.248138e-01;2.985090e+00;2.400983e-01;2.477642e+00;2.200321e-01;1.978245e+00;-5.358391e-02;2.896343e+00;-1.550042e-01;2.702133e+00;-3.906747e-01;2.919191e+00;-4.120098e-01;2.167547e+00;-1.659448e-01;2.069153e+00;9.763037e-02
87.000000;1.227322e+02;3.707933e+02;4.758222e-02;8.596265e-01;8.555830e-02;7.498918e-02;8.411226e-02;6.069529e-02;8.334072e-02;1.542776e-01;4.082989e+00;9.698451e+00;3.167228e-01;1.732026e+00;1.838665e-01;1.054237e+00;1.538593e-02;6.352943e-02;1.618180e-02;3.450114e-02;4.165205e-02;1.342222e-01;8.583974e-02;2.805398e-01;1.297440e-01;4.367152e-01;2.277067e-01;6.276433e-01;2.701833e-01;8.315487e-01;2.849829e-01;9.409118e-01;3.032531e-01;8.452105e-01;2.690729e-01;9.107890e-01;3.798512e-01;1.092532e+00;2.944362e-01;1.085826e+00;2.943049e-01;1.195632e+00;2.364497e-01;1.224774e+00;3.921649e-01;1.349000e+00;3.346376e-01;1.351799e+00;3.294303e-01;1.408461e+00;3.080024e-01;1.437232e+00;3.613737e-01;1.504340e+00;2.856017e-01;1.545704e+00;2.759645e-01;1.534789e+00;2.605509e-01;1.495347e+00;2.099781e-01;1.432293e+00;2.131969e-01;1.314966e+00;1.912228e-01;1.124130e+00;1.363041e-01;9.354023e-01;9.377078e-02;7.579085e-01;6.184706e-02;6.124423e-01;5.648425e-01;1.115178e+00;9.338124e-02;1.361551e-01;7.409132e+01;4.865068e+02;1.344128e+02;5.531162e+02;3.752893e+02;6.836074e+02;7.244122e+02;1.048236e+03;1.501116e-01;3.445645e-01;2.614052e+02;7.328799e+02;7.876101e-01;2.904417e+00;8.574685e+05;6.275766e+05;2.305534e+00;8.919659e+00;6.241241e+01;1.431432e+02;7.354010e-02;-1.962980e-01;1.663953e-01;6.844003e-01;3.062373e-01;7.506254e-01;3.402293e+00;1.239658e+01;4.299772e+00;-1.581596e+01;4.468040e+00;-1.318668e+01;2.922283e+00;-2.726818e+01;8.560721e+00;-2.717830e+01;1.399943e+01;-3.028386e+01;1.070586e+01;-1.431134e+01;8.721839e+00;-4.442468e+00;5.337918e+00;3.978782e+00;7.622452e+00;6.284719e+00;9.886437e+00;5.450651e+00;1.084184e+01;2.528718e+00;7.353407e+00;-6.477232e-02;7.206642e+00;-3.595134e+00;1.005753e-03;1.002788e-04;5.071186e-07;4.725817e-09;1.213514e-06;9.895169e-09;1.315456e-06;8.647982e-09;1.292296e-06;3.319575e-08;6.371889e-05;3.341908e-07;7.616372e-02;-2.315468e-04;4.028420e-02;-1.087884e-03;3.454113e-03;2.261542e-05;3.634728e-03;-1.392038e-04;1.758835e-02;-8.482985e-04;3.098683e-02;-2.962684e-03;3.935858e-02;-5.138871e-03;5.091177e-02;1.221575e-03;6.261721e-02;-3.862693e-03;5.505669e-02;-9.877733e-03;7.304516e-02;-3.964792e-03;6.898484e-02;-2.644709e-03;8.730532e-02;-1.152207e-03;6.838079e-02;-3.270274e-03;6.147376e-02;-6.895778e-03;6.123460e-02;-3.252131e-03;9.348321e-02;-2.060361e-04;7.330127e-02;5.826583e-03;9.379070e-02;2.838126e-03;9.707167e-02;8.600403e-04;1.031988e-01;-2.585545e-04;8.660793e-02;2.216580e-03;8.106785e-02;2.975140e-03;7.731041e-02;2.382023e-03;6.323969e-02;-3.582539e-04;5.803978e-02;-1.156009e-03;4.651095e-02;3.937015e-04;3.055533e-02;-3.563641e-04;2.395576e-02;-2.840515e-04;1.518233e-02;-5.093137e-04;1.301323e-01;7.696533e-03;2.780372e-02;-1.210796e-04;1.724241e+01;-8.182617e-01;4.292213e+01;-1.148438e+00;1.290537e+02;-2.024121e+00;2.419135e+02;-2.440430e+00;5.157114e-02;-3.008977e-03;8.188889e+01;-9.433249e-01;2.315312e-01;-6.983460e-03;2.724112e+05;5.371295e+02;8.327950e-01;-2.419430e-02;2.219937e+01;-7.701547e-01;1.826031e-02;-1.428241e-04;5.001495e-02;-9.187356e-04;7.184577e-02;-3.941559e-04;1.108418e+00;-5.347424e-02;1.496433e+00;-1.443549e-02;1.558996e+00;1.145606e-01;1.223364e+00;2.694871e-02;2.423102e+00;-3.843094e-02;3.103866e+00;-1.553399e-01;2.546574e+00;-1.244586e-01;2.006989e+00;-3.599375e-02;1.519227e+00;-4.023904e-02;2.166037e+00;8.174467e-02;2.372215e+00;3.045249e-01;2.818908e+00;2.718307e-01;1.927324e+00;1.075018e-01;1.725908e+00;7.148919e-02
87.500000;7.579539e+01;4.314939e+02;4.452645e-02;8.790531e-01;5.055648e-02;4.175490e-02;6.325581e-02;3.365185e-02;8.367517e-02;1.276045e-01;4.065409e+00;1.200266e+01;2.134871e-01;1.649033e+00;1.228894e-01;1.006536e+00;1.296523e-02;6.305425e-02;1.592449e-02;2.977072e-02;4.509989e-02;1.331946e-01;8.363912e-02;2.774122e-01;1.175731e-01;4.202998e-01;2.063681e-01;6.492686e-01;2.563568e-01;7.615575e-01;1.667050e-01;7.742966e-01;2.076829e-01;7.391550e-01;2.100440e-01;9.011724e-01;1.705515e-01;1.017989e+00;2.524421e-01;1.021819e+00;1.763751e-01;1.187053e+00;1.961963e-01;1.197538e+00;2.442029e-01;1.275746e+00;2.503354e-01;1.362909e+00;2.939141e-01;1.333136e+00;2.167938e-01;1.385905e+00;1.773172e-01;1.442369e+00;2.120147e-01;1.462323e+00;1.720219e-01;1.469705e+00;1.494761e-01;1.442874e+00;1.372936e-01;1.363599e+00;1.443559e-01;1.236433e+00;1.076219e-01;1.082477e+00;8.403185e-02;8.955464e-01;7.684342e-02;7.388070e-01;4.079210e-02;5.973655e-01;4.093080e-01;1.249569e+00;3.597428e-02;1.113135e-01;6.338212e+01;4.494697e+02;1.243368e+02;5.008623e+02;3.718543e+02;5.826885e+02;7.025851e+02;9.376992e+02;9.448251e-02;2.666535e-01;2.605281e+02;6.711336e+02;7.056412e-01;2.562981e+00;8.582603e+05;5.901889e+05;1.829789e+00;9.341778e+00;4.713940e+01;1.520938e+02;5.598303e-02;-1.911403e-01;1.652660e-01;6.358666e-01;2.296914e-01;7.158709e-01;3.294105e+00;1.185614e+01;3.679138e+00;-1.590736e+01;3.877319e+00;-1.158853e+01;4.996322e+00;-2.358887e+01;7.110118e+00;-2.672530e+01;1.210707e+01;-3.712650e+01;1.046452e+01;-2.424940e+01;6.152410e+00;-9.590032e+00;4.250639e+00;2.237272e+00;5.343372e+00;7.424775e+00;7.475142e+00;1.039497e+01;1.080055e+01;1.265160e+01;6.388724e+00;8.392744e+00;4.279587e+00;8.473757e-01;5.577559e-04;1.324402e-04;3.919726e-07;5.060938e-08;7.726446e-07;1.618259e-08;1.041139e-06;1.489582e-08;1.038704e-06;-1.903815e-08;4.801952e-05;1.229903e-07;4.859806e-02;6.899502e-03;2.738719e-02;3.246835e-03;2.008050e-03;3.941827e-04;3.078493e-03;-4.302091e-04;1.633489e-02;-9.703884e-04;3.035721e-02;-6.752328e-04;4.019968e-02;-3.219890e-04;4.593494e-02;1.852481e-03;5.240144e-02;4.500455e-03;3.300131e-02;3.848026e-03;8.029770e-02;1.525276e-03;6.546383e-02;6.968215e-04;5.547698e-02;9.259114e-04;7.925281e-02;5.391858e-03;4.591669e-02;2.917357e-03;4.999858e-02;4.645601e-03;5.575483e-02;6.330158e-03;5.342472e-02;6.137913e-03;6.493596e-02;6.408734e-03;5.207203e-02;7.077359e-03;5.631303e-02;6.894107e-03;6.076209e-02;7.379464e-03;5.287311e-02;5.484382e-03;4.863779e-02;3.670780e-03;4.088973e-02;3.725322e-03;4.024699e-02;2.447541e-03;3.176571e-02;1.668914e-03;2.597733e-02;1.816680e-03;2.417012e-02;7.841144e-04;1.207374e-02;2.560532e-04;5.602829e-02;1.301595e-02;1.093162e-02;9.036359e-04;1.189627e+01;-2.339942e+00;3.703276e+01;-2.268164e+00;1.222186e+02;-2.583984e+00;2.350545e+02;-3.990820e+00;3.710974e-02;1.171125e-04;7.724036e+01;-3.016488e+00;1.942638e-01;-6.313007e-03;2.673963e+05;-7.319611e+03;6.101361e-01;5.337178e-03;1.426750e+01;4.238070e-01;8.643478e-03;-1.779064e-03;4.683043e-02;-2.310102e-03;4.184312e-02;6.547735e-03;1.201655e+00;1.277936e-02;1.346797e+00;-7.886489e-02;1.316293e+00;-2.553766e-03;1.504454e+00;-4.252566e-02;2.111296e+00;-1.830307e-01;2.558936e+00;-3.601278e-01;2.645829e+00;-2.697579e-01;1.457817e+00;-2.070407e-01;1.517982e+00;-1.507942e-02;1.675753e+00;5.619487e-02;1.903336e+00;2.569224e-01;2.527665e+00;2.820671e-01;1.609346e+00;1.533603e-01;1.407993e+00;-6.059629e-03
88.000000;4.336533e+00;4.532704e+02;1.812370e-02;8.870276e-01;3.977329e-02;4.122156e-02;2.189476e-02;2.536357e-02;6.954785e-02;1.203531e-01;3.332446e+00;1.246049e+01;1.294229e-01;1.671927e+00;6.631652e-02;9.871228e-01;4.390314e-03;6.437910e-02;2.544330e-03;2.521542e-02;4.175976e-02;1.359366e-01;7.836135e-02;2.800700e-01;1.088007e-01;4.283061e-01;2.910164e-02;5.568378e-01;2.701584e-02;6.701385e-01;5.835584e-02;7.621787e-01;4.013286e-01;8.993243e-01;2.112985e-01;9.310787e-01;1.422329e-01;9.815373e-01;2.753639e-01;1.067224e+00;1.136584e-01;1.127790e+00;1.208657e-01;1.178406e+00;1.210581e-01;1.224297e+00;1.164811e-01;1.286633e+00;1.726692e-01;1.289328e+00;1.405930e-01;1.348925e+00;1.334850e-01;1.414751e+00;1.393751e-01;1.429499e+00;1.476500e-01;1.434723e+00;1.292837e-01;1.416271e+00;9.764153e-02;1.320076e+00;8.418366e-02;1.204822e+00;8.400768e-02;1.060744e+00;9.398033e-02;8.936108e-01;5.798530e-02;7.326972e-01;3.986144e-02;5.899886e-01;1.757892e-01;1.250654e+00;4.131589e-02;1.192925e-01;0;4.306641e+02;1.428279e+01;4.664092e+02;5.597602e+01;4.975605e+02;1.804123e+02;7.908428e+02;9.365992e-02;2.629363e-01;3.134273e+01;6.048765e+02;3.165290e-01;2.435898e+00;5.323590e+04;3.760055e+05;1.291595e+00;9.957303e+00;3.648187e+01;1.678315e+02;2.652501e-02;-1.921595e-01;2.101365e-02;5.937756e-01;1.098823e-01;7.059996e-01;2.150426e+00;1.280742e+01;2.485742e+00;-1.639979e+01;4.291687e+00;-1.294184e+01;4.982766e+00;-2.314927e+01;4.280632e+00;-2.784589e+01;6.059084e+00;-3.897822e+01;7.079594e+00;-2.706294e+01;4.140639e+00;-1.087238e+01;4.620596e+00;3.828015e+00;5.097945e+00;6.938991e+00;6.012748e+00;1.134656e+01;7.280871e+00;1.473089e+01;4.764570e+00;1.030742e+01;3.444617e+00;1.243051e+00;6.456881e-05;1.054362e-06;2.471332e-07;9.024706e-10;4.560284e-07;1.256675e-09;2.351390e-07;-4.046710e-10;8.922652e-07;-1.790314e-08;4.338335e-05;-3.980648e-07;4.150327e-02;-1.931406e-03;1.959362e-02;-1.007915e-03;1.084035e-03;-8.093708e-05;5.105461e-04;1.133787e-05;1.465013e-02;-3.377125e-04;2.680354e-02;1.469647e-04;3.729716e-02;1.225131e-03;9.069599e-03;-6.807992e-04;6.674528e-03;-6.670488e-04;1.748825e-02;-2.148975e-04;9.674456e-02;3.950255e-04;5.299898e-02;-2.432728e-04;4.586249e-02;-2.429220e-03;7.683033e-02;-3.029465e-03;3.886970e-02;-7.112267e-04;3.910913e-02;-1.411264e-03;3.656384e-02;-2.275131e-03;3.330851e-02;-2.934566e-03;5.701684e-02;1.258451e-04;4.451029e-02;6.440862e-04;4.490611e-02;1.047530e-03;4.777675e-02;-3.391639e-03;4.968232e-02;-2.692777e-03;4.385339e-02;-4.917923e-03;3.103805e-02;-2.047171e-03;3.007052e-02;-6.083733e-04;3.072938e-02;-5.370201e-04;2.837844e-02;3.246439e-04;1.835197e-02;-2.962102e-04;1.195506e-02;-6.893138e-04;4.383601e-02;-3.406444e-03;1.662988e-02;-3.423528e-04;0;0;5.215601e+00;0;2.147540e+01;1.148437e-01;7.481528e+01;-1.234570e+00;3.597445e-02;1.205359e-04;1.210153e+01;-9.329013e-02;1.047079e-01;6.600787e-04;1.859856e+04;-1.559105e+02;4.222480e-01;1.486508e-02;1.118794e+01;4.031654e-01;6.883357e-03;5.001390e-04;7.919558e-03;-3.393076e-05;3.027277e-02;-2.326623e-03;7.998703e-01;1.778608e-02;9.481952e-01;1.697133e-02;1.241996e+00;-1.762753e-02;1.344032e+00;4.652372e-02;1.600273e+00;-4.169859e-02;1.839369e+00;-1.739640e-02;2.481493e+00;1.160472e-02;1.533053e+00;-8.162601e-02;1.642923e+00;6.212880e-02;1.565997e+00;-2.051810e-02;1.703102e+00;-1.164885e-01;1.826551e+00;-6.547053e-02;1.349581e+00;-1.740454e-02;1.283132e+00;-2.678333e-02
88.500000;1.124403e+02;4.153918e+02;6.147027e-02;8.427108e-01;5.039498e-02;6.085661e-02;3.055076e-02;3.891381e-02;1.057194e-01;1.807324e-01;2.219063e+01;2.582532e+00;3.738047e-01;1.403796e+00;1.416593e-01;9.479974e-01;2.075032e-02;4.744659e-02;3.880670e-02;4.841774e-02;3.290254e-02;1.270770e-01;6.541375e-02;2.605453e-01;1.245317e-01;4.105373e-01;1.134178e-01;4.743908e-01;1.599870e-01;5.694388e-01;1.799797e-01;7.059226e-01;5.799756e-01;1.049479e+00;4.624797e-01;1.013153e+00;1.978174e-01;9.377913e-01;3.183910e-01;1.116888e+00;2.548152e-01;1.022745e+00;2.929953e-01;1.100526e+00;1.905683e-01;1.085489e+00;2.350097e-01;1.133062e+00;2.129622e-01;1.251286e+00;2.088389e-01;1.282800e+00;2.140501e-01;1.328282e+00;1.956915e-01;1.355247e+00;2.111245e-01;1.384184e+00;1.971610e-01;1.361886e+00;1.570446e-01;1.280367e+00;1.615997e-01;1.182587e+00;1.395163e-01;1.032820e+00;1.172066e-01;8.788810e-01;7.920266e-02;7.186072e-01;4.965690e-02;5.839395e-01;5.226033e-01;7.472129e-01;5.616514e-02;8.174360e-02;8.332741e+01;4.827744e+02;1.940853e+02;5.818271e+02;6.012582e+02;8.379287e+02;1.431850e+03;1.516655e+03;1.037070e-01;2.435583e-01;4.751019e+02;8.791638e+02;1.206882e+00;3.198554e+00;2.273245e+06;1.530634e+06;3.219233e+00;8.790210e+00;8.069636e+01;1.384173e+02;7.482201e-02;-1.235194e-01;3.040049e-01;7.771182e-01;2.706971e-01;4.457394e-01;4.891580e+00;1.030939e+01;3.151951e+00;-1.466365e+01;4.473491e+00;-1.638089e+01;5.223703e+00;-2.592845e+01;6.915882e+00;-2.509588e+01;1.343428e+01;-2.879481e+01;1.129110e+01;-1.814998e+01;6.539579e+00;-7.684700e+00;5.314054e+00;4.465094e+00;6.401890e+00;6.033223e+00;1.042683e+01;7.988487e+00;1.114030e+01;6.867214e+00;6.898491e+00;4.109902e+00;5.126155e+00;-9.555867e-02;3.113277e-04;5.569537e-05;4.895107e-07;-1.454093e-08;5.313059e-07;-1.899193e-08;2.980284e-07;8.127297e-10;1.261944e-06;9.495556e-08;2.829132e-04;-1.516458e-06;5.452102e-02;-7.017631e-03;2.825714e-02;1.325085e-04;2.341004e-03;-3.813831e-04;4.777276e-03;2.692114e-04;9.695322e-03;5.532793e-04;1.860082e-02;8.656047e-04;3.761842e-02;1.921039e-04;1.946372e-02;-1.037641e-03;2.242377e-02;1.325978e-03;3.271173e-02;2.099474e-03;1.161078e-01;5.135660e-03;9.480894e-02;5.182305e-03;5.581107e-02;2.903566e-03;8.630812e-02;3.334445e-06;5.677302e-02;5.383482e-04;7.860806e-02;-2.105551e-03;4.696298e-02;-1.375557e-03;4.813380e-02;-6.423028e-04;5.476296e-02;1.922891e-03;6.591184e-02;-2.033966e-03;6.755339e-02;-3.628841e-04;5.219149e-02;-1.337005e-03;5.709378e-02;-2.713850e-03;4.970308e-02;2.156176e-04;3.382012e-02;-1.192015e-03;3.720677e-02;-2.027671e-03;3.524261e-02;-5.860716e-04;2.758272e-02;-1.160912e-03;1.524880e-02;-7.021802e-04;1.270853e-02;-2.153404e-04;4.735374e-02;-1.261017e-02;1.654174e-02;-9.428324e-04;1.284425e+01;1.708301e+00;4.550456e+01;2.182031e+00;1.368315e+02;2.081543e+00;2.959555e+02;1.363770e+00;3.598980e-02;-8.698308e-04;9.220923e+01;2.049739e+00;2.035988e-01;4.180277e-03;4.532936e+05;3.161299e+03;6.918792e-01;1.619858e-02;1.994643e+01;1.363926e-01;8.674786e-03;1.721197e-03;5.622537e-02;1.766089e-03;3.428091e-02;-6.387013e-03;1.073824e+00;-2.559295e-02;1.105810e+00;-4.824854e-03;1.390764e+00;-1.183257e-01;1.465215e+00;-7.564998e-02;1.920060e+00;5.127874e-02;1.993982e+00;2.993873e-01;2.080578e+00;2.412167e-01;1.626488e+00;1.876393e-01;1.874905e+00;3.074502e-02;1.839104e+00;1.700753e-02;2.181464e+00;-1.232123e-01;2.052222e+00;-2.145597e-01;1.382904e+00;-1.609892e-01;1.480026e+00;-5.336668e-02
89.000000;1.163531e+02;3.578790e+02;5.507713e-02;7.995959e-01;6.224199e-02;7.355387e-02;6.423242e-02;6.147039e-02;1.126134e-01;2.286706e-01;2.110990e+01;-1.203638e+00;2.888922e-01;1.054458e+00;1.596822e-01;9.566169e-01;1.650053e-02;2.652434e-02;3.694399e-02;7.474049e-02;4.620340e-02;1.288806e-01;1.252915e-01;3.039972e-01;2.236350e-01;4.699990e-01;1.773167e-01;4.868993e-01;3.081921e-01;5.838611e-01;2.419721e-01;6.747707e-01;5.474380e-01;1.017009e+00;4.920622e-01;1.049931e+00;2.558431e-01;9.584260e-01;3.049475e-01;1.058198e+00;2.950264e-01;1.024873e+00;3.368907e-01;1.103200e+00;2.225763e-01;1.105889e+00;2.594894e-01;1.141472e+00;2.284497e-01;1.245791e+00;2.391275e-01;1.297080e+00;2.541030e-01;1.351463e+00;2.394364e-01;1.379941e+00;2.521343e-01;1.409778e+00;2.284514e-01;1.382685e+00;2.027047e-01;1.304743e+00;1.825699e-01;1.187811e+00;1.687424e-01;1.039811e+00;1.218705e-01;8.675318e-01;1.075534e-01;7.163674e-01;6.415025e-02;5.816340e-01;3.419420e-01;1.789197e-01;3.372621e-02;3.897085e-02;1.062439e+02;5.930244e+02;2.082817e+02;7.486377e+02;6.929171e+02;1.213468e+03;1.589343e+03;2.397938e+03;1.130395e-01;2.194168e-01;5.136890e+02;1.224142e+03;1.182481e+00;4.023458e+00;2.489756e+06;2.765023e+06;3.948676e+00;6.940998e+00;9.627395e+01;9.281699e+01;5.073221e-02;-4.474427e-02;3.212903e-01;1.010808e+00;1.886115e-01;1.599428e-01;6.388633e+00;6.952328e+00;3.809234e+00;-1.294298e+01;5.605123e+00;-1.755910e+01;5.773013e+00;-2.528971e+01;6.666480e+00;-1.700239e+01;1.258722e+01;-1.257420e+01;1.162679e+01;-4.909018e+00;8.331541e+00;-1.356389e+00;7.228517e+00;2.528709e+00;1.105789e+01;-2.026373e+00;1.602066e+01;-5.618393e+00;1.506844e+01;-6.256537e+00;8.023104e+00;-3.243271e+00;4.504756e+00;-1.648585e+00;6.640844e-04;3.012924e-06;6.331074e-07;-2.174296e-08;6.478480e-07;-2.927315e-08;7.050115e-07;-6.983079e-09;1.542858e-06;3.515283e-08;2.844377e-04;-2.250755e-07;5.751491e-02;-5.922514e-03;3.628783e-02;4.623816e-04;2.816859e-03;-2.791788e-04;5.811416e-03;2.328043e-04;1.437713e-02;7.870823e-05;3.030612e-02;3.870767e-03;4.909795e-02;6.778916e-03;3.859180e-02;1.494448e-03;6.099336e-02;5.715457e-04;5.003607e-02;1.175493e-03;1.172825e-01;5.886153e-03;1.100322e-01;4.817709e-03;7.217850e-02;-4.031382e-04;8.153456e-02;-9.194899e-04;7.345945e-02;-8.753073e-04;9.494041e-02;2.276299e-04;5.928709e-02;-2.266955e-03;6.859519e-02;-5.839420e-04;6.400542e-02;1.422536e-04;7.793392e-02;-1.082616e-03;7.835278e-02;-4.238332e-03;6.053478e-02;-1.686535e-03;6.021881e-02;3.456369e-04;5.981353e-02;2.671812e-04;4.628182e-02;6.557412e-04;4.452274e-02;-1.439366e-03;3.918718e-02;-8.905639e-04;2.834716e-02;-5.212993e-04;2.433791e-02;2.964876e-04;1.583808e-02;3.207904e-04;3.583455e-02;-1.070949e-02;8.506013e-03;-9.330128e-04;2.392846e+01;2.296875e+00;6.260532e+01;2.296875e+00;1.930463e+02;2.469141e+00;3.560570e+02;5.598633e-01;4.028705e-02;-8.526158e-04;1.158435e+02;1.308365e+00;2.687227e-01;2.680364e-03;5.562021e+05;2.840453e+03;8.856592e-01;1.908091e-02;2.494324e+01;1.660719e-01;8.335278e-03;1.200528e-03;7.041873e-02;1.172334e-03;3.533702e-02;-3.782933e-03;1.428154e+00;3.169233e-02;1.380774e+00;1.250808e-01;2.022297e+00;-6.417482e-03;1.946138e+00;-1.617218e-02;2.092361e+00;1.074510e-01;2.245342e+00;3.037147e-01;2.225941e+00;2.391179e-01;1.960413e+00;1.907630e-01;2.232622e+00;-1.582503e-01;1.999828e+00;-3.574401e-01;2.554827e+00;-4.602560e-01;2.528335e+00;-5.332555e-01;1.616544e+00;-2.753684e-01;1.361994e+00;-5.185991e-02
89.500000;7.131763e+01;2.835529e+02;5.035596e-02;8.029874e-01;6.208166e-02;6.171058e-02;6.682900e-02;5.480884e-02;1.091551e-01;2.145964e-01;4.410388e+00;5.286866e+00;2.370561e-01;1.008080e+00;1.695791e-01;1.006332e+00;9.952287e-03;2.266486e-02;2.380545e-02;7.148022e-02;6.333288e-02;1.404361e-01;1.364800e-01;3.432563e-01;2.449880e-01;5.400416e-01;2.221846e-01;6.096794e-01;4.147096e-01;7.722912e-01;3.102734e-01;7.794608e-01;3.578134e-01;8.614069e-01;3.252829e-01;9.191028e-01;3.418807e-01;1.043847e+00;2.975042e-01;1.037995e+00;3.048345e-01;1.097593e+00;3.088782e-01;1.151432e+00;2.714552e-01;1.216066e+00;2.860091e-01;1.265004e+00;2.790025e-01;1.307814e+00;2.890140e-01;1.375817e+00;2.541384e-01;1.403726e+00;2.370830e-01;1.454661e+00;2.805770e-01;1.477316e+00;2.684396e-01;1.448717e+00;2.452171e-01;1.376907e+00;1.959858e-01;1.229011e+00;1.665393e-01;1.075295e+00;1.407603e-01;9.037006e-01;1.107563e-01;7.410819e-01;8.083933e-02;5.929840e-01;8.614024e-02;6.233965e-02;4.224363e-02;3.542744e-02;1.461448e+02;5.574229e+02;2.045478e+02;6.926514e+02;5.701006e+02;1.071349e+03;1.262865e+03;2.095324e+03;1.242629e-01;2.121906e-01;4.199209e+02;1.115463e+03;8.360184e-01;4.105955e+00;1.853708e+06;2.439778e+06;3.123049e+00;6.495432e+00;7.060770e+01;7.199853e+01;2.434287e-02;-2.867399e-02;2.688747e-01;9.323553e-01;8.518519e-02;9.328622e-02;6.474033e+00;9.249558e+00;6.692590e+00;-8.377007e+00;6.597196e+00;-1.383696e+01;5.555233e+00;-2.278358e+01;6.663156e+00;-1.377549e+01;7.809547e+00;-9.128703e+00;9.547215e+00;-4.332704e+00;1.015320e+01;-3.993364e+00;9.802462e+00;-4.959197e+00;8.915117e+00;-1.331400e+01;1.242088e+01;-1.667979e+01;1.119686e+01;-1.637657e+01;7.312027e+00;-8.641481e+00;6.917527e+00;-5.435285e+00;5.844633e-04;-5.747174e-05;7.070136e-07;-1.150793e-08;7.467243e-07;2.397204e-08;7.649552e-07;4.003424e-08;1.749720e-06;2.192625e-08;5.631563e-05;-1.623519e-06;8.129440e-02;-8.555946e-04;5.409421e-02;9.181711e-04;2.766625e-03;-4.712669e-05;4.658381e-03;-1.259970e-07;2.218185e-02;1.612732e-04;3.025183e-02;-7.017442e-04;4.631154e-02;-3.927530e-04;5.548950e-02;2.050255e-03;9.377760e-02;-1.069364e-05;8.124177e-02;2.852898e-03;8.870263e-02;-5.628495e-03;8.870583e-02;-3.247528e-03;1.160516e-01;5.050872e-03;1.087871e-01;3.260328e-03;1.181685e-01;6.438312e-03;1.109675e-01;5.195358e-03;9.953941e-02;5.106485e-03;1.048789e-01;1.736051e-03;9.875595e-02;-1.353210e-03;9.650584e-02;2.676622e-03;8.573076e-02;3.173690e-04;6.937201e-02;-3.378052e-04;8.089772e-02;5.740372e-05;8.384108e-02;-7.584214e-04;6.012953e-02;-1.333921e-03;5.535077e-02;1.082379e-03;4.416845e-02;5.442919e-04;3.420762e-02;5.364015e-04;2.715069e-02;3.956760e-04;1.908054e-02;1.750423e-04;2.071467e-02;5.153593e-04;1.762947e-02;4.358913e-05;3.421260e+01;-1.263281e+00;5.364141e+01;-9.761719e-01;1.560813e+02;4.737305e-01;2.718100e+02;1.981055e+00;5.042100e-02;1.359854e-03;8.756253e+01;-2.756715e-01;2.503518e-01;1.013696e-02;4.521237e+05;5.147751e+03;8.031073e-01;-1.917219e-02;1.965021e+01;-5.541299e-01;7.484676e-03;1.418233e-04;5.308168e-02;-4.298946e-04;2.275073e-02;-7.217470e-04;1.312136e+00;5.784095e-02;1.931527e+00;1.194026e-01;2.051945e+00;3.934446e-02;1.940589e+00;1.109072e-01;2.303463e+00;9.003357e-02;2.049994e+00;-8.394168e-02;2.391221e+00;-2.062661e-01;2.117930e+00;-2.240454e-01;2.142538e+00;-1.711862e-01;2.098168e+00;-1.189663e-01;3.234315e+00;-2.886871e-02;2.376786e+00;1.657792e-02;1.701353e+00;1.204749e-02;1.506280e+00;-5.782758e-02
90.000000;6.566080e+01;2.051225e+02;6.097781e-02;7.847446e-01;7.353564e-02;5.465213e-02;6.933793e-02;4.276272e-02;1.249977e-01;1.881771e-01;2.525922e+01;-4.291928e+00;2.699433e-01;1.027730e+00;2.110554e-01;1.022519e+00;9.475530e-03;2.213317e-02;2.011230e-02;7.363064e-02;8.605444e-02;1.494138e-01;1.153721e-01;2.947657e-01;1.931647e-01;4.612870e-01;2.093233e-01;5.826084e-01;3.664779e-01;7.569627e-01;3.057607e-01;8.538328e-01;2.416475e-01;8.100439e-01;2.183843e-01;8.516157e-01;3.584700e-01;1.067651e+00;3.660743e-01;1.145303e+00;4.512073e-01;1.195814e+00;3.855593e-01;1.215453e+00;3.596461e-01;1.269732e+00;3.889918e-01;1.335873e+00;4.021057e-01;1.378190e+00;4.211589e-01;1.429988e+00;3.262097e-01;1.434616e+00;2.992731e-01;1.457945e+00;3.253443e-01;1.490065e+00;3.152698e-01;1.465219e+00;2.759181e-01;1.384599e+00;2.311255e-01;1.242614e+00;1.608678e-01;1.066132e+00;1.443034e-01;9.064595e-01;1.058450e-01;7.419261e-01;8.864319e-02;5.973732e-01;9.921829e-02;8.873118e-02;5.771441e-02;4.619451e-02;1.168306e+02;4.748789e+02;1.711709e+02;6.548965e+02;3.375189e+02;1.022396e+03;9.803123e+02;2.031873e+03;1.374390e-01;2.224866e-01;2.974396e+02;1.061356e+03;7.262395e-01;4.426202e+00;1.500044e+06;2.389255e+06;2.017318e+00;6.008438e+00;3.645089e+01;5.820343e+01;2.374838e-02;-2.770763e-02;1.904304e-01;8.872562e-01;6.866279e-02;8.194122e-02;4.141223e+00;1.134719e+01;6.133447e+00;-6.638472e+00;6.186212e+00;-1.164429e+01;6.100376e+00;-2.014560e+01;6.740806e+00;-1.311084e+01;6.597064e+00;-1.206486e+01;8.083117e+00;-1.134332e+01;7.273505e+00;-1.111121e+01;6.251434e+00;-1.004317e+01;8.518016e+00;-1.178054e+01;1.257476e+01;-1.111606e+01;9.407530e+00;-1.473869e+01;5.476763e+00;-1.174043e+01;5.842710e+00;-1.239309e+01;1.231921e-04;3.635590e-06;7.342131e-07;1.578612e-08;7.191402e-07;-1.145290e-07;5.104746e-07;-4.078360e-08;1.649560e-06;-1.252280e-07;4.017571e-04;-6.824971e-07;9.353232e-02;3.940403e-03;6.596166e-02;4.122689e-03;2.903706e-03;5.212661e-05;4.712178e-03;-4.270596e-05;3.162236e-02;1.563672e-04;2.295583e-02;-2.551626e-03;3.663557e-02;-4.531629e-03;5.287869e-02;1.267390e-03;8.928483e-02;7.124283e-03;8.779256e-02;5.243109e-03;5.989235e-02;-4.971293e-03;7.610785e-02;-8.095308e-04;1.204983e-01;4.678817e-03;1.491988e-01;1.400852e-02;1.645818e-01;2.381149e-02;1.364762e-01;1.357226e-02;1.255573e-01;1.025701e-02;1.260211e-01;6.315411e-03;1.330340e-01;5.825194e-03;1.250202e-01;4.890030e-03;9.809748e-02;6.682057e-03;8.501883e-02;4.047147e-03;8.917336e-02;3.389656e-03;8.794829e-02;3.425160e-03;7.310154e-02;1.895687e-03;5.859287e-02;2.428315e-03;4.198056e-02;1.316370e-03;3.181557e-02;4.377492e-05;2.228964e-02;-3.201993e-04;1.771486e-02;-3.842227e-06;3.146896e-02;1.394278e-03;2.214248e-02;2.515178e-03;3.443222e+01;-1.679590e+00;4.648442e+01;3.531445e+00;8.639609e+01;4.708594e+00;2.582095e+02;5.182324e+00;5.573671e-02;1.538047e-04;7.321580e+01;2.291470e+00;1.905493e-01;1.077555e-02;4.693093e+05;-9.330349e+02;5.727369e-01;-3.642845e-02;1.098539e+01;-5.612145e-01;8.304934e-03;-1.628279e-04;4.556715e-02;1.494901e-03;1.800851e-02;8.298871e-04;1.198129e+00;9.347954e-03;1.994174e+00;-1.340348e-01;1.726841e+00;-4.714457e-02;1.982449e+00;8.949359e-02;2.446293e+00;1.753982e-01;2.343727e+00;-5.317928e-02;2.601781e+00;-2.958542e-01;2.188659e+00;-3.121824e-01;2.151139e+00;-9.863612e-03;2.161292e+00;3.157886e-01;3.160449e+00;3.848052e-01;2.075685e+00;2.575875e-01;1.949007e+00;-2.280946e-03;1.762789e+00;-1.174704e-01
90.500000;6.754339e+01;2.103474e+02;6.009268e-02;7.933366e-01;7.283813e-02;5.374597e-02;6.883683e-02;4.245375e-02;1.330315e-01;2.145387e-01;2.499751e+01;-5.345994e+00;2.317778e-01;1.070150e+00;2.007874e-01;1.045771e+00;8.072822e-03;2.238986e-02;2.175493e-02;7.069539e-02;7.476095e-02;1.446512e-01;8.796243e-02;2.569579e-01;1.448297e-01;3.966327e-01;1.434260e-01;5.656202e-01;2.688487e-01;7.501819e-01;2.506222e-01;8.671063e-01;1.755089e-01;8.597510e-01;2.102923e-01;9.949496e-01;2.983794e-01;1.070446e+00;4.316245e-01;1.155222e+00;5.937114e-01;1.275835e+00;3.993294e-01;1.293175e+00;3.411615e-01;1.305807e+00;3.512764e-01;1.361038e+00;3.876693e-01;1.410705e+00;4.149398e-01;1.461537e+00;3.583135e-01;1.483763e+00;3.550680e-01;1.519915e+00;3.078198e-01;1.512767e+00;2.716192e-01;1.480416e+00;2.341431e-01;1.397747e+00;2.251346e-01;1.269845e+00;1.663143e-01;1.085179e+00;1.523584e-01;9.137543e-01;1.031715e-01;7.504462e-01;8.206799e-02;6.066045e-01;8.909851e-02;9.840731e-02;5.742558e-02;5.599508e-02;8.628329e+01;4.982783e+02;1.828055e+02;7.005469e+02;2.832014e+02;1.111544e+03;9.121946e+02;2.086137e+03;1.086890e-01;2.106660e-01;2.778223e+02;1.102084e+03;7.160836e-01;4.488253e+00;1.387970e+06;2.174501e+06;1.888451e+00;5.989201e+00;3.467640e+01;5.874903e+01;1.918817e-02;-2.628325e-02;1.722498e-01;9.227287e-01;6.624423e-02;8.645490e-02;3.712783e+00;1.037225e+01;4.563468e+00;-1.075454e+01;6.541407e+00;-1.622297e+01;7.411877e+00;-2.209971e+01;5.955401e+00;-1.313638e+01;5.702841e+00;-1.244654e+01;8.208675e+00;-1.452667e+01;7.755787e+00;-1.245966e+01;6.103667e+00;-5.629852e+00;6.810359e+00;-3.327077e+00;7.827048e+00;-2.384748e+00;7.618614e+00;-7.450649e+00;8.034588e+00;-7.946119e+00;6.515079e+00;-1.136601e+01;1.207067e-04;4.938364e-06;6.448761e-07;-4.544624e-08;6.427284e-07;-1.103043e-07;4.542246e-07;-5.866734e-08;1.801078e-06;-1.798417e-07;4.173731e-04;-1.850366e-05;7.580791e-02;-5.571462e-04;5.654093e-02;-3.183671e-03;2.396607e-03;-5.419194e-05;4.426678e-03;2.620307e-05;2.823918e-02;-5.319041e-04;2.658956e-02;-5.445911e-04;4.371637e-02;-8.128022e-04;3.825228e-02;-1.782964e-03;6.419667e-02;-3.431583e-03;6.433414e-02;-7.363705e-03;5.215397e-02;-2.224567e-03;6.850819e-02;-1.758800e-03;8.232796e-02;-9.474258e-03;1.304344e-01;-1.089851e-02;1.572820e-01;-1.084146e-02;1.235244e-01;-5.183433e-03;1.197672e-01;-5.264769e-03;1.126036e-01;-2.787384e-03;1.306856e-01;-2.963490e-03;1.201234e-01;-4.645471e-03;1.014023e-01;-1.706242e-03;1.041901e-01;-3.768810e-03;7.853682e-02;-2.118686e-03;7.282238e-02;-1.295718e-03;6.686465e-02;4.855961e-04;5.470226e-02;-6.407725e-04;3.489352e-02;-1.213445e-03;2.889018e-02;-1.033657e-03;2.069565e-02;-4.557089e-04;1.411756e-02;-5.183214e-04;2.782472e-02;-9.530846e-04;1.970245e-02;-1.509826e-04;2.971705e+01;1.607813e+00;6.516854e+01;1.607813e+00;7.765736e+01;8.756836e-01;2.346430e+02;3.072070e+00;4.356873e-02;-1.543687e-03;7.208155e+01;2.195810e+00;1.749319e-01;1.964550e-04;4.050858e+05;3.772710e+03;4.748443e-01;-1.795718e-02;9.179816e+00;-3.266995e-01;6.535771e-03;1.031460e-04;4.526085e-02;1.563185e-03;1.622571e-02;-3.555875e-04;1.122925e+00;-6.845593e-02;1.513724e+00;-7.244664e-02;1.682885e+00;2.302952e-02;2.245488e+00;-1.077053e-02;2.081762e+00;-1.769250e-02;2.140690e+00;9.975788e-03;2.503169e+00;1.649090e-01;2.054220e+00;1.754927e-01;1.918478e+00;6.811626e-02;2.132113e+00;-1.183509e-02;2.603039e+00;-8.527584e-02;2.050407e+00;6.027173e-02;1.918044e+00;1.857722e-01;1.813106e+00;1.266865e-01
91.000000;9.562308e+01;2.309154e+02;5.640678e-02;7.951885e-01;6.550298e-02;5.857566e-02;5.017342e-02;4.567425e-02;1.624678e-01;2.284336e-01;2.674033e+01;-5.039911e+00;2.193249e-01;1.102796e+00;1.849243e-01;1.032251e+00;7.133233e-03;2.375543e-02;1.714488e-02;6.576594e-02;5.836735e-02;1.505959e-01;9.659845e-02;2.913917e-01;1.594038e-01;4.378048e-01;1.407704e-01;5.934795e-01;2.613636e-01;7.026057e-01;2.314025e-01;7.831442e-01;1.660750e-01;8.934247e-01;2.106855e-01;1.072677e+00;2.422557e-01;1.028007e+00;3.862281e-01;1.080000e+00;5.176307e-01;1.184073e+00;3.235540e-01;1.219813e+00;2.939281e-01;1.292606e+00;3.351851e-01;1.315535e+00;3.573928e-01;1.382782e+00;3.759348e-01;1.435106e+00;3.428036e-01;1.463675e+00;3.820939e-01;1.508020e+00;3.783849e-01;1.500663e+00;2.992240e-01;1.454176e+00;2.528283e-01;1.396127e+00;2.401178e-01;1.280246e+00;1.892801e-01;1.097217e+00;1.526606e-01;9.198469e-01;1.040605e-01;7.490562e-01;9.360743e-02;6.064648e-01;8.052069e-02;8.043858e-02;5.470949e-02;5.833808e-02;1.270993e+02;6.095332e+02;1.771501e+02;7.477764e+02;3.548594e+02;1.116568e+03;8.490610e+02;1.921049e+03;1.305804e-01;2.348088e-01;2.759222e+02;1.113382e+03;6.816242e-01;4.312836e+00;1.024158e+06;1.878141e+06;1.779737e+00;6.257400e+00;3.199560e+01;6.191320e+01;1.771016e-02;-2.811226e-02;1.713672e-01;9.435022e-01;5.710404e-02;8.863214e-02;4.412050e+00;9.746556e+00;4.362710e+00;-1.228569e+01;5.759783e+00;-1.861190e+01;6.850685e+00;-2.267031e+01;6.651150e+00;-1.072959e+01;7.448170e+00;-8.539050e+00;1.110968e+01;-7.698434e+00;9.679819e+00;-7.027305e+00;5.458899e+00;-3.208798e+00;8.191525e+00;-5.581127e+00;8.916530e+00;-5.033781e+00;5.528166e+00;-4.008362e+00;6.380619e+00;-1.956157e+00;6.891506e+00;-4.090912e+00;4.286572e-04;1.049281e-04;6.288938e-07;-3.906866e-08;8.534059e-07;3.000312e-08;5.795421e-07;3.892934e-08;2.649241e-06;5.866861e-08;3.332498e-04;-1.737656e-06;7.133035e-02;-5.798198e-03;4.981412e-02;-6.008027e-03;2.244839e-03;-2.127190e-04;3.444132e-03;1.735954e-04;2.265641e-02;2.093724e-04;3.521904e-02;-1.838894e-03;5.386279e-02;-3.720715e-03;4.401441e-02;-3.499946e-03;5.072750e-02;-9.122855e-03;5.669108e-02;-7.421454e-03;5.953707e-02;-1.161388e-03;6.190787e-02;-3.089333e-03;6.323618e-02;-5.592766e-03;8.919927e-02;-1.439908e-02;1.068658e-01;-2.276716e-02;9.823816e-02;-1.492756e-02;1.094315e-01;-1.102113e-02;1.068820e-01;-7.076919e-03;1.171051e-01;-6.981308e-03;1.184765e-01;-6.752539e-03;9.583091e-02;-8.766389e-03;1.082613e-01;-5.386169e-03;9.322441e-02;-6.073138e-03;8.156210e-02;-5.068611e-03;6.171451e-02;-3.781893e-03;5.510151e-02;-2.210442e-03;3.896530e-02;-2.165356e-03;3.424306e-02;-1.281400e-03;2.148509e-02;-1.388453e-03;1.671490e-02;-9.232012e-04;2.037678e-02;-1.673008e-03;1.689754e-02;-2.453059e-03;3.242842e+01;2.856738e+00;5.807088e+01;-2.497852e+00;1.059150e+02;-2.383008e+00;1.895219e+02;3.588867e-01;4.409559e-02;-9.744127e-04;6.311937e+01;9.101387e-01;2.074601e-01;-1.465810e-03;2.953252e+05;9.704320e+03;4.259408e-01;-2.779785e-03;8.366963e+00;-4.659159e-01;5.408769e-03;5.078891e-04;3.917710e-02;8.371916e-04;1.334085e-02;-2.191935e-03;1.331640e+00;-6.108283e-02;1.559701e+00;3.564847e-02;2.001154e+00;-6.574485e-02;2.295336e+00;-5.761566e-02;2.033263e+00;-2.140687e-02;1.763591e+00;1.118572e-01;2.182311e+00;3.594497e-01;1.689089e+00;3.192503e-01;1.851799e+00;4.951011e-02;2.363251e+00;-1.755152e-01;2.502433e+00;-1.396628e-01;1.810064e+00;6.624889e-02;1.764733e+00;1.646061e-01;1.794519e+00;2.256004e-01
91.500000;1.087762e+02;2.349411e+02;5.498132e-02;7.852281e-01;7.446823e-02;6.349803e-02;6.693476e-02;5.589945e-02;1.559898e-01;2.062570e-01;2.790734e+01;-6.914879e+00;2.154762e-01;1.088072e+00;1.706468e-01;1.026289e+00;7.565421e-03;2.425135e-02;1.550607e-02;6.308642e-02;6.829644e-02;1.552115e-01;1.007036e-01;3.010855e-01;1.527228e-01;4.532356e-01;1.384785e-01;5.674074e-01;3.885392e-01;7.052625e-01;3.229753e-01;7.876435e-01;2.608354e-01;9.731746e-01;2.161142e-01;9.822602e-01;1.711321e-01;9.624637e-01;2.078310e-01;1.056870e+00;2.487743e-01;1.135537e+00;2.534924e-01;1.219484e+00;2.769327e-01;1.259772e+00;3.333813e-01;1.329982e+00;3.397481e-01;1.391613e+00;3.595288e-01;1.432990e+00;3.062209e-01;1.459727e+00;3.495266e-01;1.502733e+00;3.960809e-01;1.521570e+00;3.089739e-01;1.487163e+00;2.616398e-01;1.388686e+00;2.162153e-01;1.255509e+00;1.762557e-01;1.089921e+00;1.367873e-01;9.142407e-01;1.030054e-01;7.425426e-01;9.307308e-02;6.074420e-01;8.455615e-02;6.777198e-02;4.544965e-02;4.898550e-02;1.209868e+02;6.458525e+02;1.244698e+02;7.459102e+02;3.291447e+02;1.043212e+03;7.577662e+02;1.801755e+03;1.340060e-01;2.722559e-01;2.427894e+02;1.092890e+03;6.517338e-01;4.162969e+00;9.433315e+05;1.791428e+06;2.107618e+00;6.610794e+00;4.433947e+01;6.919915e+01;1.992647e-02;-2.998696e-02;1.524031e-01;9.361758e-01;6.532592e-02;9.019849e-02;4.336127e+00;9.801341e+00;5.150011e+00;-1.167653e+01;6.245602e+00;-1.798308e+01;6.123720e+00;-2.212287e+01;7.591928e+00;-1.128161e+01;7.346596e+00;-6.335661e+00;6.590474e+00;-1.136242e+00;6.228413e+00;7.865037e-01;6.872236e+00;-9.253513e-01;7.910008e+00;-8.771069e+00;8.454419e+00;-9.668447e+00;6.725534e+00;-7.273607e+00;4.545453e+00;-1.969221e+00;4.900085e+00;-3.563161e-01;6.316123e-04;8.914118e-05;6.970385e-07;6.551930e-08;9.305515e-07;-8.183829e-08;8.512743e-07;-6.604428e-08;2.457448e-06;-3.626428e-08;3.575051e-04;1.998071e-05;6.799006e-02;-9.923361e-05;4.870803e-02;1.229780e-03;2.558622e-03;2.357468e-05;2.718228e-03;-1.249685e-04;2.302033e-02;1.692926e-03;3.485361e-02;2.389194e-03;5.171758e-02;1.418809e-03;4.657416e-02;7.205451e-04;8.776168e-02;2.710063e-04;7.782403e-02;3.499007e-04;8.374906e-02;3.804087e-04;5.613027e-02;-1.509680e-03;4.813474e-02;-5.890443e-04;7.136125e-02;3.490534e-03;7.867371e-02;2.253017e-03;9.084199e-02;3.081551e-04;9.559427e-02;1.069530e-03;1.014053e-01;7.628878e-04;1.016099e-01;2.140262e-03;1.087560e-01;2.875286e-03;8.592033e-02;1.086480e-03;9.092516e-02;3.296687e-03;1.002748e-01;3.599843e-03;8.876236e-02;1.295482e-03;6.745437e-02;4.959410e-04;5.166817e-02;1.577645e-03;4.318527e-02;9.077399e-04;3.554161e-02;7.481735e-04;2.333048e-02;3.069210e-04;1.998962e-02;6.356405e-04;2.382853e-02;-1.534850e-04;1.390867e-02;1.052145e-05;3.291404e+01;2.153320e-01;3.045448e+01;-3.301758e-01;9.492851e+01;-4.306641e-01;1.708838e+02;-2.454785e+00;4.901723e-02;5.800628e-04;5.545900e+01;-8.507033e-01;2.108182e-01;-9.108596e-03;2.650546e+05;-4.602675e+03;6.261550e-01;9.657929e-03;1.396724e+01;1.660345e-01;6.810544e-03;-2.722505e-05;3.480738e-02;-5.535574e-04;2.104484e-02;2.321970e-04;1.454074e+00;3.033353e-04;1.597584e+00;3.097407e-02;1.958400e+00;6.348391e-02;2.016369e+00;6.449920e-02;2.131500e+00;5.332292e-02;1.955690e+00;9.369329e-02;2.324624e+00;1.113884e-01;1.936398e+00;1.368759e-01;2.005035e+00;1.415855e-01;2.345447e+00;4.641725e-02;2.469004e+00;-5.146093e-02;1.769891e+00;-6.983990e-02;1.663772e+00;-1.323575e-01;1.647649e+00;9.076116e-02
92.000000;1.194526e+02;2.489805e+02;5.695625e-02;7.914003e-01;5.340251e-02;3.779037e-02;5.866028e-02;3.858843e-02;1.364765e-01;1.790217e-01;2.957463e+01;-9.815942e+00;2.689777e-01;1.083009e+00;2.015632e-01;1.044041e+00;1.036907e-02;2.448572e-02;2.585039e-02;7.000882e-02;9.406381e-02;1.578087e-01;1.349119e-01;3.008425e-01;1.788262e-01;4.558302e-01;1.642639e-01;5.772451e-01;3.963502e-01;7.420755e-01;3.329225e-01;8.138062e-01;2.919631e-01;9.097545e-01;4.252170e-01;9.726387e-01;3.719277e-01;1.077825e+00;3.650851e-01;1.139538e+00;3.804633e-01;1.167494e+00;3.646828e-01;1.220537e+00;3.065284e-01;1.263458e+00;3.336904e-01;1.354679e+00;3.169302e-01;1.410840e+00;3.253500e-01;1.443038e+00;3.482193e-01;1.490871e+00;3.045299e-01;1.511597e+00;3.091745e-01;1.527473e+00;2.825632e-01;1.512963e+00;2.593241e-01;1.413374e+00;2.606383e-01;1.287944e+00;1.912168e-01;1.112169e+00;1.576670e-01;9.248526e-01;1.138161e-01;7.507483e-01;7.353114e-02;6.056603e-01;9.221908e-02;7.000734e-02;8.282851e-02;6.111046e-02;1.057381e+02;6.304922e+02;1.921538e+02;7.828037e+02;4.857769e+02;1.097619e+03;1.132706e+03;2.084988e+03;1.752021e-01;2.634244e-01;3.699705e+02;1.168141e+03;8.792740e-01;4.144308e+00;1.662715e+06;2.188164e+06;2.525040e+00;6.451359e+00;5.080379e+01;6.849080e+01;3.105043e-02;-3.318345e-02;2.294674e-01;9.825435e-01;7.357323e-02;9.610461e-02;5.008255e+00;8.604876e+00;4.393584e+00;-1.126163e+01;6.371984e+00;-1.734697e+01;6.180965e+00;-2.360887e+01;8.307044e+00;-1.157723e+01;7.238594e+00;-5.946576e+00;7.449211e+00;3.359430e-01;8.061939e+00;6.071776e-01;9.332902e+00;-2.368037e+00;8.175859e+00;-9.155989e+00;9.923066e+00;-8.592740e+00;8.015955e+00;-8.321298e+00;4.983256e+00;-4.306022e+00;8.292968e+00;-2.135189e+00;6.566324e-04;-6.536739e-05;8.717550e-07;1.647081e-08;6.361186e-07;-1.084214e-07;7.738994e-07;-1.214622e-07;1.462191e-06;-2.262290e-07;4.565744e-04;-1.357365e-06;9.752734e-02;3.496935e-03;5.968167e-02;6.005303e-03;3.651281e-03;1.132271e-04;5.013744e-03;-2.973042e-05;3.208195e-02;1.838090e-03;4.609209e-02;4.163471e-03;5.757978e-02;4.986687e-03;4.871130e-02;3.710662e-03;9.558837e-02;4.217890e-03;8.661874e-02;1.753151e-03;8.686071e-02;1.861452e-03;1.007912e-01;5.789115e-03;9.383896e-02;4.392901e-03;9.740490e-02;1.941640e-03;1.056693e-01;7.799524e-03;1.091273e-01;8.353745e-03;8.746950e-02;1.008929e-02;1.118663e-01;9.513119e-03;1.102102e-01;7.519202e-03;1.015152e-01;8.537035e-03;1.106282e-01;1.498383e-02;9.029669e-02;9.545718e-03;9.150457e-02;7.855598e-03;9.386173e-02;8.981378e-03;7.302871e-02;8.259122e-03;7.606649e-02;7.495060e-03;5.619762e-02;5.526278e-03;3.883097e-02;3.230110e-03;2.952090e-02;2.095527e-03;2.036434e-02;1.698328e-03;2.848912e-02;5.701363e-04;3.332608e-02;4.042542e-04;2.949083e+01;-1.019238e+00;5.592445e+01;-2.871094e-02;1.641797e+02;-9.474609e-01;3.325759e+02;3.904687e+00;6.959219e-02;3.038039e-03;1.067222e+02;-2.802328e-01;2.657753e-01;1.542939e-03;4.741772e+05;-2.973057e+03;7.861905e-01;-2.020555e-02;1.585869e+01;-2.401230e-01;1.188601e-02;-2.902893e-04;6.427203e-02;-5.793247e-04;2.442623e-02;6.626154e-04;1.606562e+00;4.242396e-03;1.538803e+00;5.127017e-02;2.250537e+00;1.835273e-01;2.011056e+00;5.110992e-02;2.165162e+00;6.691896e-02;2.067839e+00;9.103802e-02;2.379778e+00;5.370132e-02;2.136778e+00;4.171757e-03;2.107127e+00;-1.752464e-02;1.984391e+00;-5.019726e-02;2.627958e+00;-5.261490e-02;2.102484e+00;6.972791e-02;1.486850e+00;8.434358e-02;2.006836e+00;-9.262010e-03
92.500000;1.530862e+02;2.449441e+02;5.968443e-02;7.767232e-01;5.951301e-02;4.558070e-02;5.113004e-02;3.533300e-02;1.629126e-01;1.795482e-01;3.775839e+01;-2.111966e+01;2.760061e-01;1.014680e+00;2.078608e-01;1.012513e+00;1.000042e-02;2.034615e-02;2.648263e-02;8.737087e-02;1.024819e-01;1.551046e-01;1.480567e-01;3.045874e-01;1.923184e-01;4.586338e-01;1.798862e-01;5.800034e-01;2.904288e-01;7.029124e-01;3.226912e-01;8.149534e-01;2.906806e-01;8.332781e-01;4.403573e-01;9.391041e-01;3.800721e-01;1.054152e+00;4.001219e-01;1.129800e+00;3.913822e-01;1.126804e+00;3.334575e-01;1.118248e+00;2.961246e-01;1.232278e+00;3.413968e-01;1.289187e+00;3.379826e-01;1.346301e+00;3.372225e-01;1.405323e+00;3.784655e-01;1.458921e+00;3.067290e-01;1.465387e+00;3.062945e-01;1.480309e+00;2.998175e-01;1.431634e+00;2.946894e-01;1.378055e+00;3.100758e-01;1.267455e+00;2.343703e-01;1.099419e+00;1.747911e-01;9.140931e-01;1.293605e-01;7.428177e-01;8.293397e-02;5.965827e-01;5.937262e-02;3.587393e-02;8.331826e-02;5.452595e-02;1.257699e+02;6.708311e+02;2.162246e+02;8.545811e+02;7.258649e+02;1.360324e+03;1.430534e+03;2.734286e+03;1.809509e-01;2.261942e-01;4.605533e+02;1.380720e+03;9.205312e-01;4.540022e+00;1.894587e+06;3059558;2.131503e+00;5.230644e+00;3.576178e+01;4.594169e+01;3.027309e-02;-2.419964e-02;2.833138e-01;1.112983e+00;5.075639e-02;5.982081e-02;6.135999e+00;6.265331e+00;4.263418e+00;-1.086917e+01;6.249033e+00;-1.593578e+01;5.975151e+00;-2.216669e+01;6.963374e+00;-8.114211e+00;6.126892e+00;-2.616864e+00;7.229014e+00;2.246544e+00;7.611311e+00;-2.777468e+00;8.701060e+00;-6.433617e+00;7.821849e+00;-1.187029e+01;9.143025e+00;-8.978300e+00;7.278949e+00;-7.105232e+00;8.077491e+00;-4.477023e+00;9.172326e+00;-3.071096e+00;5.739742e-04;-4.571084e-05;8.461042e-07;-1.829565e-08;5.410373e-07;-3.851825e-08;4.896002e-07;-1.452288e-08;1.273785e-06;-3.572768e-07;5.687007e-04;-8.258305e-07;1.012467e-01;-3.108672e-04;6.859892e-02;7.414782e-04;3.549255e-03;-4.362947e-05;6.291282e-03;2.020660e-04;3.785309e-02;-7.788638e-04;5.640800e-02;4.754448e-04;6.957502e-02;3.791388e-03;5.693485e-02;3.253949e-03;6.949452e-02;6.608981e-03;8.799218e-02;3.588793e-03;8.235866e-02;-1.239801e-03;1.016625e-01;-1.202195e-03;1.032852e-01;1.072576e-03;1.056384e-01;-9.317785e-04;1.191743e-01;1.651968e-04;1.142091e-01;1.784230e-03;9.175361e-02;1.652697e-03;1.258436e-01;3.922073e-04;1.222344e-01;-8.823228e-04;1.139372e-01;9.455922e-04;1.261705e-01;5.426912e-04;9.974428e-02;-3.395072e-04;9.574296e-02;-2.037103e-04;9.355690e-02;1.624433e-03;7.944609e-02;-1.781700e-04;9.187291e-02;-4.983034e-04;6.504279e-02;9.575644e-04;4.133623e-02;-4.631832e-05;3.111284e-02;-5.925365e-04;2.013144e-02;-6.838041e-04;2.380173e-02;4.057292e-04;3.302876e-02;-1.469485e-05;2.806768e+01;-3.919043e+00;6.367521e+01;-2.670117e+00;2.122903e+02;-1.435547e-02;4.232674e+02;7.120313e+00;7.210758e-02;-3.421463e-04;1.337008e+02;-4.449219e-01;2.648049e-01;1.354087e-02;5.994085e+05;9.164053e+03;6.162462e-01;-2.648909e-02;1.030736e+01;-4.692038e-01;1.150500e-02;8.734212e-05;8.147789e-02;-1.079585e-03;1.596895e-02;-4.689485e-04;1.735308e+00;3.516853e-02;1.451563e+00;8.315219e-02;2.398307e+00;1.384038e-01;2.079995e+00;3.742825e-02;2.252785e+00;8.926249e-03;2.197405e+00;-8.378373e-02;2.022684e+00;-2.085458e-01;1.923547e+00;-2.648165e-01;2.306911e+00;-1.523728e-01;2.071608e+00;-5.214899e-02;2.301223e+00;1.269204e-01;2.068874e+00;3.670958e-02;1.859432e+00;-4.329567e-02;1.954503e+00;-1.564787e-01
93.000000;1.335141e+02;2.322053e+02;5.383914e-02;7.655043e-01;7.684244e-02;7.610644e-02;9.171676e-02;6.536531e-02;1.483357e-01;2.017467e-01;3.507513e+01;-1.426706e+01;2.041477e-01;9.631828e-01;1.746868e-01;1.002534e+00;6.166658e-03;1.772513e-02;2.820260e-02;9.091837e-02;7.778125e-02;1.453497e-01;1.325267e-01;2.924108e-01;2.024840e-01;4.531955e-01;1.691129e-01;5.460581e-01;2.856178e-01;6.836972e-01;3.128527e-01;7.916159e-01;3.586628e-01;8.744883e-01;4.767467e-01;9.867182e-01;3.428012e-01;9.826876e-01;3.202280e-01;1.049158e+00;2.480960e-01;1.119111e+00;2.352222e-01;1.158292e+00;2.582365e-01;1.238652e+00;2.915300e-01;1.274439e+00;3.195573e-01;1.337964e+00;2.978085e-01;1.398772e+00;3.278913e-01;1.444515e+00;2.860047e-01;1.458718e+00;2.946352e-01;1.473823e+00;2.735955e-01;1.429160e+00;2.798295e-01;1.367889e+00;2.492788e-01;1.235815e+00;2.128506e-01;1.077348e+00;1.781989e-01;9.012645e-01;1.531167e-01;7.446965e-01;9.903736e-02;6.000571e-01;3.013731e-02;2.607397e-02;2.961945e-02;3.305806e-02;1.913280e+02;6.210176e+02;3.364702e+02;8.482646e+02;9.140912e+02;1.480336e+03;1.565043e+03;2.901527e+03;1.159171e-01;1.980619e-01;5.421890e+02;1.426126e+03;7.915249e-01;4.740909e+00;2.182545e+06;3410291;1.552596e+00;4.715764e+00;2.024358e+01;3.645700e+01;1.299703e-02;-1.629530e-02;3.350252e-01;1.127665e+00;2.507383e-02;4.086831e-02;6.229321e+00;5.983344e+00;6.126165e+00;-9.894923e+00;8.411142e+00;-1.307830e+01;6.620595e+00;-1.834875e+01;5.841934e+00;-7.290409e+00;8.313706e+00;-3.196921e+00;9.260545e+00;4.256755e-02;7.727297e+00;-3.807824e+00;5.976431e+00;-5.647853e+00;7.009486e+00;-1.224405e+01;6.709022e+00;-1.145056e+01;6.400724e+00;-9.461297e+00;9.018045e+00;-5.554655e+00;8.464097e+00;-4.692757e+00;5.984225e-04;1.006204e-04;6.178121e-07;-3.765874e-09;7.944166e-07;3.314717e-08;1.117946e-06;-2.059467e-09;1.359062e-06;-2.060334e-07;4.714757e-04;6.233280e-08;7.082681e-02;-2.655494e-03;5.963078e-02;-5.732860e-03;2.290250e-03;-1.305343e-04;6.453025e-03;8.062486e-05;2.856558e-02;-2.744924e-03;4.187000e-02;-5.406851e-03;5.487975e-02;-6.356536e-03;5.525673e-02;-4.165376e-03;6.602047e-02;-3.542710e-03;8.097558e-02;-2.161887e-03;9.605715e-02;-3.938962e-03;1.061759e-01;-8.193777e-03;9.566390e-02;-3.505441e-03;9.221133e-02;-4.193795e-03;9.009815e-02;-9.516153e-03;9.085069e-02;-7.104889e-03;8.655006e-02;-6.853933e-03;1.119146e-01;-9.237351e-03;1.146576e-01;-6.861011e-03;1.038234e-01;-5.219784e-03;1.160436e-01;-1.176584e-02;8.991576e-02;-9.299304e-03;8.592437e-02;-7.142847e-03;7.838757e-02;-6.077316e-03;7.057162e-02;-7.472636e-03;7.086078e-02;-7.598689e-03;5.197756e-02;-5.163446e-03;3.989794e-02;-2.302914e-03;3.513339e-02;-1.757288e-03;1.996585e-02;-1.470740e-03;1.135114e-02;-4.725842e-04;1.146747e-02;-3.881493e-04;3.264198e+01;5.311524e-01;8.950851e+01;1.952344e+00;2.422568e+02;5.799609e+00;4.088356e+02;1.180020e+01;4.858933e-02;-2.857375e-03;1.400510e+02;4.405900e+00;2.240763e-01;1.192912e-02;600659;1.523397e+04;4.037968e-01;-9.823900e-03;5.978727e+00;-1.726921e-01;5.352415e-03;3.168421e-04;8.604161e-02;2.805259e-03;8.729372e-03;-7.417864e-04;1.577261e+00;-7.977755e-02;1.463246e+00;-1.161088e-01;2.072097e+00;-1.044607e-01;1.954488e+00;-6.715056e-02;2.096004e+00;-1.481059e-01;2.277118e+00;-1.394239e-01;2.119241e+00;-1.274714e-01;2.029875e+00;-6.705393e-02;1.913960e+00;2.495925e-02;1.959260e+00;9.905994e-02;1.858554e+00;1.038560e-01;1.802526e+00;5.647283e-03;2.071958e+00;7.364738e-02;1.624993e+00;-5.047609e-02
93.500000;1.245906e+02;2.319073e+02;5.645590e-02;7.701980e-01;7.095132e-02;7.543674e-02;8.712549e-02;6.966689e-02;1.482440e-01;2.079057e-01;3.327150e+01;-1.173263e+01;1.874325e-01;9.729952e-01;1.630493e-01;1.023687e+00;5.486669e-03;1.830422e-02;3.201307e-02;8.849207e-02;5.801422e-02;1.344185e-01;1.071144e-01;2.723784e-01;1.734724e-01;4.262845e-01;1.667434e-01;5.856379e-01;3.129019e-01;7.158104e-01;1.812427e-01;7.730376e-01;3.531943e-01;9.627132e-01;4.671448e-01;1.042696e+00;3.755617e-01;1.006498e+00;2.810873e-01;1.057940e+00;2.566173e-01;1.163776e+00;3.014107e-01;1.232538e+00;2.846929e-01;1.242340e+00;2.996076e-01;1.321331e+00;3.205242e-01;1.378485e+00;2.682981e-01;1.405789e+00;2.874479e-01;1.442333e+00;2.599220e-01;1.468721e+00;2.857264e-01;1.471788e+00;3.039514e-01;1.476969e+00;2.645499e-01;1.417952e+00;2.208886e-01;1.263534e+00;1.839736e-01;1.088523e+00;1.712671e-01;9.049452e-01;1.538448e-01;7.541057e-01;1.043749e-01;6.053178e-01;2.131645e-02;2.355122e-02;3.009183e-02;3.332619e-02;1.622797e+02;5.953213e+02;3.269772e+02;8.633379e+02;8.660217e+02;1.430810e+03;1.534029e+03;2.768739e+03;1.020207e-01;1.930359e-01;5.112375e+02;1.390819e+03;9.594097e-01;4.617826e+00;2.280207e+06;3.283425e+06;1.715593e+00;4.997113e+00;2.278370e+01;4.063391e+01;1.044054e-02;-1.632436e-02;3.084224e-01;1.107421e+00;2.421805e-02;4.533019e-02;4.753008e+00;5.886838e+00;5.936037e+00;-1.088319e+01;8.798697e+00;-1.444092e+01;8.481287e+00;-2.098538e+01;6.620628e+00;-1.052692e+01;9.063097e+00;-8.301147e+00;8.677830e+00;-2.396129e+00;7.582596e+00;-2.969214e+00;5.687846e+00;-4.560977e+00;5.891097e+00;-8.354445e+00;8.203539e+00;-1.032197e+01;9.886306e+00;-9.294179e+00;7.843410e+00;-4.476720e+00;8.552856e+00;-2.534799e+00;6.971512e-04;1.278515e-04;5.996326e-07;-2.151979e-08;8.963218e-07;-2.020889e-08;1.146138e-06;-4.408403e-08;1.624574e-06;9.070754e-08;3.959730e-04;4.307963e-07;6.668433e-02;2.093892e-04;5.301298e-02;-1.208242e-03;1.983198e-03;1.454451e-05;6.313277e-03;-3.187202e-05;2.054572e-02;-2.270958e-04;2.899267e-02;-2.398488e-03;3.700852e-02;-4.888647e-03;5.089229e-02;-4.018703e-03;7.899345e-02;-6.470985e-03;5.980107e-02;-2.151108e-03;8.805211e-02;9.037532e-04;1.115384e-01;1.628293e-03;1.042175e-01;1.796615e-03;8.706121e-02;7.080655e-04;8.104528e-02;4.588854e-04;9.640045e-02;-1.580347e-03;9.034593e-02;-6.851788e-04;1.029543e-01;5.793252e-04;1.086123e-01;-1.133807e-03;9.573466e-02;-2.889849e-03;1.083356e-01;-1.308318e-03;8.855815e-02;-1.053736e-03;8.031060e-02;-1.795139e-03;8.512601e-02;-2.897979e-03;7.152470e-02;-2.954261e-04;5.135789e-02;-1.067102e-03;3.762766e-02;-1.982880e-03;3.678495e-02;-6.538603e-04;3.502204e-02;-1.724366e-04;2.028504e-02;1.818702e-04;7.401361e-03;-4.456466e-04;1.149481e-02;3.786693e-04;3.162891e+01;4.464551e+00;8.887292e+01;3.316113e+00;2.298892e+02;1.291992e+00;3.945286e+02;-3.287402e+00;3.886301e-02;-1.733052e-04;1.346580e+02;1.839502e+00;2.360547e-01;-7.000086e-03;628822;-6.313903e+03;3.935278e-01;1.372577e-02;5.702371e+00;2.442283e-01;3.851258e-03;-3.552144e-05;8.287983e-02;2.061763e-03;7.532696e-03;4.760022e-05;1.410449e+00;-6.047829e-02;1.462004e+00;-1.700615e-01;1.810023e+00;-2.138106e-01;1.986800e+00;-8.408134e-02;2.025332e+00;-2.354970e-03;2.383325e+00;6.062110e-02;2.344421e+00;1.146309e-01;2.080630e+00;1.720534e-01;1.852249e+00;8.111686e-02;1.432701e+00;6.777193e-02;1.801530e+00;-3.498221e-02;2.019182e+00;1.522007e-02;1.856554e+00;7.845471e-02;1.945480e+00;1.370265e-01
94.000000;1.255829e+02;2.525323e+02;5.606121e-02;7.727989e-01;5.198407e-02;5.262393e-02;4.796875e-02;4.627341e-02;1.465894e-01;2.067894e-01;3.278620e+01;-1.305307e+01;1.794685e-01;9.714360e-01;1.659330e-01;1.021830e+00;4.495710e-03;1.766079e-02;3.356605e-02;9.306248e-02;6.259552e-02;1.412431e-01;1.252277e-01;2.978139e-01;2.069162e-01;4.611006e-01;1.654602e-01;6.095909e-01;3.502906e-01;7.878990e-01;1.718094e-01;8.184790e-01;2.813168e-01;8.867871e-01;2.205881e-01;8.915440e-01;3.240069e-01;1.034127e+00;2.458015e-01;1.056218e+00;2.830013e-01;1.117899e+00;3.209518e-01;1.215911e+00;3.135714e-01;1.228317e+00;3.068290e-01;1.309032e+00;3.194735e-01;1.347078e+00;3.144418e-01;1.400827e+00;3.226515e-01;1.445644e+00;3.187197e-01;1.494307e+00;3.574362e-01;1.489381e+00;3.685878e-01;1.481272e+00;3.115903e-01;1.411482e+00;3.070247e-01;1.268342e+00;2.197394e-01;1.096213e+00;1.998108e-01;9.187829e-01;1.561069e-01;7.497209e-01;1.141268e-01;6.085712e-01;2.254020e-02;2.192415e-02;3.802591e-02;3.616504e-02;1.366695e+02;6.414023e+02;2.406163e+02;8.709463e+02;9.145131e+02;1.593888e+03;1.678858e+03;2.975171e+03;8.952934e-02;1.906073e-01;5.365193e+02;1.471583e+03;9.914951e-01;4.713325e+00;2.249742e+06;3.452394e+06;1.945676e+00;4.880687e+00;2.705866e+01;3.993263e+01;7.501488e-03;-1.464418e-02;3.257209e-01;1.161741e+00;1.999380e-02;4.313820e-02;5.954648e+00;4.857778e+00;5.242557e+00;-1.195871e+01;6.620885e+00;-1.675372e+01;6.912253e+00;-2.413200e+01;5.618916e+00;-1.311582e+01;7.080224e+00;-9.874777e+00;6.054005e+00;-3.085481e+00;5.816062e+00;-3.235637e+00;7.079124e+00;-3.328131e+00;3.140887e+00;-5.130673e+00;7.572616e+00;-7.718246e+00;9.512034e+00;-6.495599e+00;5.972685e+00;-2.665215e+00;5.950548e+00;-7.847133e-01;5.443894e-04;-1.893267e-05;5.972851e-07;-1.784565e-08;6.727851e-07;-4.561414e-08;5.590261e-07;-1.387783e-09;1.712042e-06;1.230668e-07;4.177584e-04;3.006033e-07;6.296034e-02;4.973273e-04;5.213519e-02;1.428566e-03;1.692491e-03;2.808431e-05;5.765412e-03;3.381204e-04;2.186857e-02;7.106508e-04;3.629139e-02;3.776906e-03;5.293742e-02;6.312124e-03;5.315002e-02;2.387875e-03;8.813509e-02;3.942134e-03;5.630887e-02;2.744252e-03;6.068713e-02;1.494953e-03;6.675377e-02;1.412520e-03;1.008036e-01;1.040951e-03;8.016521e-02;4.466897e-03;9.893958e-02;2.643800e-03;1.108888e-01;1.438441e-03;1.060892e-01;2.587858e-03;9.734041e-02;1.116897e-03;9.166028e-02;1.421479e-03;1.027241e-01;-1.899604e-03;1.115639e-01;-6.941197e-04;9.353770e-02;4.810317e-04;9.407776e-02;7.285270e-04;9.087551e-02;-1.897277e-04;7.668096e-02;4.075705e-04;6.486955e-02;1.472804e-03;4.061841e-02;1.422020e-04;3.441900e-02;-8.726823e-04;2.757639e-02;9.008696e-06;2.180161e-02;5.997173e-05;7.231981e-03;3.978822e-04;1.455902e-02;1.328900e-04;2.932209e+01;-3.387891e+00;5.759548e+01;-4.263574e+00;1.941416e+02;-3.488379e+00;3.731930e+02;-4.206152e+00;3.561736e-02;1.502269e-03;1.183198e+02;-3.592347e+00;2.179678e-01;-1.022190e-03;5.995309e+05;-1.289467e+03;4.269821e-01;-1.964787e-03;7.077983e+00;-1.115447e-02;3.043219e-03;-7.049012e-05;7.403909e-02;-2.666022e-03;6.524989e-03;6.290539e-06;1.385768e+00;7.818972e-02;1.584651e+00;1.503298e-01;1.820810e+00;1.130520e-01;2.228156e+00;6.137338e-02;2.057652e+00;3.133196e-02;2.300577e+00;-1.169982e-01;1.943804e+00;-7.251111e-02;2.089358e+00;-4.306297e-02;2.270047e+00;-7.031740e-02;9.738850e-01;-1.298574e-03;1.790951e+00;-1.613061e-02;2.125047e+00;-3.122227e-02;1.629581e+00;-1.866252e-01;1.729642e+00;-8.526228e-02
94.500000;9.633245e+01;2.692785e+02;5.073100e-02;7.725689e-01;6.887186e-02;6.529742e-02;4.600846e-02;4.589481e-02;1.352886e-01;2.486276e-01;2.052049e+01;-3.068161e+00;2.445694e-01;9.770681e-01;2.032090e-01;1.016097e+00;9.123580e-03;1.824156e-02;3.571609e-02;1.018040e-01;5.964937e-02;1.432390e-01;1.254525e-01;2.955119e-01;2.190646e-01;4.477199e-01;1.441217e-01;5.218124e-01;2.691008e-01;6.642797e-01;1.509369e-01;7.522669e-01;4.795872e-01;8.797284e-01;4.699609e-01;9.412895e-01;2.861921e-01;9.927993e-01;2.722957e-01;1.024191e+00;2.992081e-01;1.107751e+00;3.336524e-01;1.228003e+00;3.144379e-01;1.269181e+00;3.494973e-01;1.305480e+00;3.576086e-01;1.369069e+00;3.489620e-01;1.425710e+00;3.690351e-01;1.474821e+00;3.735409e-01;1.500180e+00;3.552938e-01;1.510944e+00;3.436170e-01;1.482250e+00;3.492996e-01;1.397725e+00;3.262494e-01;1.283254e+00;2.438801e-01;1.094934e+00;2.260817e-01;9.328377e-01;1.627430e-01;7.594273e-01;1.157898e-01;6.141133e-01;2.170970e-02;1.569806e-02;3.766607e-02;3.766236e-02;1.344067e+02;6.722666e+02;2.634248e+02;9.137256e+02;9.425627e+02;1.766584e+03;1.676548e+03;3.257974e+03;9.633055e-02;1.956688e-01;5.507992e+02;1.588366e+03;1.090808e+00;4.842103e+00;2432849;3885952;1.812235e+00;4.404807e+00;2.790996e+01;3.396663e+01;2.017247e-02;-1.850749e-02;3.377047e-01;1.232559e+00;8.079849e-02;6.097780e-02;5.692265e+00;3.312871e+00;5.684865e+00;-1.196005e+01;6.405903e+00;-1.460283e+01;6.484660e+00;-2.021697e+01;5.095198e+00;-1.127998e+01;6.079123e+00;-7.129901e+00;7.602300e+00;-1.100303e-01;8.666281e+00;1.608365e+00;8.289235e+00;1.243575e+00;6.020909e+00;-6.021187e+00;7.980548e+00;-1.256001e+01;8.456812e+00;-1.107520e+01;4.706806e+00;-5.274665e+00;7.111550e+00;-1.431618e+00;5.271664e-04;-2.857321e-05;5.550555e-07;-1.705456e-08;9.043989e-07;5.307200e-08;7.680432e-07;7.438292e-08;1.973273e-06;-7.276984e-08;3.084402e-04;-4.717650e-06;6.223744e-02;-3.821030e-03;4.821668e-02;-2.209228e-03;2.040733e-03;-1.378829e-04;5.615064e-03;1.232426e-03;1.963593e-02;-8.381150e-04;3.242551e-02;-8.919794e-04;5.119142e-02;-8.849278e-04;4.502320e-02;-4.589653e-04;6.202305e-02;-8.607015e-04;4.402545e-02;-1.873375e-03;9.547869e-02;-4.115395e-03;9.936193e-02;-4.760033e-03;8.521956e-02;-3.178633e-03;8.665327e-02;-2.325860e-03;9.865241e-02;-3.226354e-03;1.030540e-01;-2.896349e-03;1.023018e-01;-4.072416e-03;1.022286e-01;-3.151288e-03;9.079131e-02;-1.569559e-03;1.072891e-01;-2.403708e-03;1.114999e-01;-4.472881e-03;8.892402e-02;-3.195837e-03;8.223128e-02;-2.419375e-03;7.652801e-02;-1.396824e-03;7.959305e-02;-2.488178e-03;6.801564e-02;-1.741124e-03;4.295489e-02;-1.564780e-03;3.811451e-02;-1.165318e-03;2.632144e-02;-6.742137e-04;1.977572e-02;-8.137555e-04;6.915160e-03;-1.053878e-04;1.409514e-02;-5.139760e-04;2.933149e+01;1.579102e-01;6.973076e+01;7.105957e+00;2.118605e+02;2.282520e+01;3.509069e+02;4.547813e+01;3.502858e-02;-1.316188e-03;1.165388e+02;1.559486e+01;2.477139e-01;2.371824e-02;545326;7.834580e+04;4.656536e-01;-4.554905e-02;8.233188e+00;-6.125168e-01;5.029955e-03;1.680133e-04;7.115836e-02;9.603310e-03;1.993024e-02;-3.620787e-04;1.298483e+00;-1.028073e-01;1.842460e+00;4.901520e-02;1.799722e+00;7.083407e-02;2.178805e+00;8.609127e-02;2.056777e+00;1.550481e-02;1.892721e+00;-4.016180e-02;1.530504e+00;-1.817818e-02;2.272514e+00;8.467876e-03;2.317954e+00;-1.045383e-02;1.580200e+00;2.625544e-02;2.004992e+00;3.788748e-02;2.174380e+00;-5.918775e-02;1.434579e+00;-4.944158e-02;1.853580e+00;-6.984728e-02
95.000000;1.418898e+02;1.944820e+02;8.296686e-02;7.591992e-01;9.026960e-02;6.638291e-02;6.821380e-02;4.738795e-02;1.588475e-01;1.702104e-01;4.706172e+01;-2.687867e+01;4.888153e-01;1.085304e+00;3.772934e-01;1.132242e+00;2.479327e-02;2.522985e-02;6.411027e-02;1.247291e-01;7.963984e-02;1.468405e-01;1.365623e-01;2.988145e-01;2.392206e-01;4.739786e-01;2.823907e-01;5.933869e-01;4.152926e-01;7.332442e-01;6.096472e-01;8.906575e-01;1.171437e+00;1.241852e+00;1.080216e+00;1.301435e+00;5.725666e-01;1.111932e+00;6.172854e-01;1.236556e+00;6.470016e-01;1.335282e+00;6.595353e-01;1.392539e+00;5.310763e-01;1.421303e+00;5.224521e-01;1.471773e+00;4.811172e-01;1.525956e+00;4.460735e-01;1.551178e+00;4.002998e-01;1.576087e+00;4.303558e-01;1.605569e+00;4.056602e-01;1.632356e+00;3.510258e-01;1.566910e+00;3.611888e-01;1.473916e+00;3.291369e-01;1.350128e+00;2.509028e-01;1.154804e+00;1.953698e-01;9.593797e-01;1.393162e-01;7.716821e-01;1.088849e-01;6.207426e-01;5.608027e-02;2.679410e-02;1.527473e-01;7.793512e-02;3.379222e+02;8.745352e+02;7.477956e+02;1.350132e+03;1.382124e+03;2.302904e+03;2.164709e+03;3.890763e+03;2.149874e-01;2.501731e-01;9.293357e+02;1.968945e+03;1.577871e+00;5.104703e+00;3.262740e+06;4692221;2.705588e+00;4.505269e+00;5.808168e+01;4.538229e+01;1.072513e-01;-5.632168e-02;5.589955e-01;1.465629e+00;4.011421e-01;2.074880e-01;6.395436e+00;1.189992e+00;6.589300e+00;-1.468885e+01;7.175344e+00;-1.265219e+01;7.893283e+00;-1.700915e+01;6.896352e+00;-8.012059e+00;5.303989e+00;-6.074833e+00;7.512047e+00;7.339255e-01;8.558836e+00;3.348925e+00;8.069407e+00;2.957439e+00;7.531742e+00;-6.503541e+00;8.160710e+00;-1.414111e+01;7.739404e+00;-1.416527e+01;5.109984e+00;-7.720835e+00;8.225931e+00;-1.563062e+00;5.929835e-04;9.309998e-05;6.804859e-07;5.886894e-08;9.801038e-07;-5.055753e-08;8.932180e-07;3.652250e-08;1.619341e-06;-1.671867e-07;2.688399e-04;4.350856e-06;9.167257e-02;1.002684e-02;8.245920e-02;3.852800e-03;4.014301e-03;6.837402e-04;7.800832e-03;-6.288738e-04;2.580656e-02;-4.412063e-04;4.205649e-02;-3.179408e-03;6.574216e-02;-4.810627e-03;6.981099e-02;-1.359771e-03;9.398731e-02;-1.696075e-03;1.657935e-01;-7.655840e-04;2.676896e-01;7.806477e-03;1.775868e-01;2.352895e-02;1.174528e-01;1.265724e-02;1.560863e-01;2.346517e-03;1.577887e-01;4.842382e-04;1.457366e-01;7.369123e-03;1.185760e-01;1.121939e-02;1.345830e-01;3.483979e-03;1.195709e-01;5.386671e-03;1.284556e-01;1.133842e-02;1.156115e-01;3.973205e-03;1.107973e-01;8.122633e-03;1.018805e-01;4.344985e-03;9.593946e-02;2.452674e-03;9.929488e-02;1.298318e-03;9.199134e-02;5.153414e-04;5.696276e-02;2.251768e-03;4.586658e-02;1.964177e-03;3.008545e-02;1.020617e-03;2.525334e-02;8.607567e-04;1.405018e-02;-4.399885e-04;4.067465e-02;1.794659e-03;9.475477e+01;3.847266e+00;1.854880e+02;2.225098e+00;3.263629e+02;-2.828027e+00;4.807358e+02;-1.559004e+01;5.126445e-02;2.667011e-04;2.153274e+02;-2.043360e+00;3.056391e-01;-2.833373e-02;7.439843e+05;-2.392434e+04;7.254595e-01;5.364969e-02;1.635577e+01;1.431089e+00;1.948456e-02;-3.131065e-03;1.314128e-01;-4.738695e-04;6.982029e-02;1.314452e-02;1.760570e+00;-7.967880e-02;1.873937e+00;-2.671829e-01;1.849285e+00;-2.221127e-01;1.992162e+00;-1.339072e-01;2.641099e+00;-2.720027e-02;1.915961e+00;1.934990e-01;1.809199e+00;3.134938e-01;2.351245e+00;2.393399e-01;2.628864e+00;1.652237e-01;2.087955e+00;-2.111731e-01;1.942883e+00;-2.420833e-01;2.172444e+00;-8.180870e-02;1.646457e+00;1.871660e-01;2.020781e+00;2.348866e-01
95.500000;1.461690e+02;1.656911e+02;9.615819e-02;7.628445e-01;7.750879e-02;4.611540e-02;8.416077e-02;5.206265e-02;1.407754e-01;1.032375e-01;5.123495e+01;-3.781129e+01;4.972319e-01;1.284719e+00;3.572270e-01;1.136085e+00;2.762791e-02;3.355980e-02;6.809890e-02;1.179617e-01;8.318854e-02;1.584990e-01;1.430871e-01;3.217465e-01;2.212756e-01;4.957745e-01;2.800298e-01;6.308327e-01;4.139353e-01;8.425607e-01;6.256047e-01;1.025427e+00;1.125009e+00;1.148329e+00;1.117223e+00;1.336848e+00;6.496408e-01;1.261722e+00;5.984676e-01;1.322230e+00;6.544741e-01;1.263211e+00;6.744934e-01;1.322712e+00;6.267860e-01;1.424998e+00;4.882205e-01;1.442112e+00;4.477601e-01;1.461347e+00;4.429409e-01;1.542609e+00;3.437657e-01;1.564336e+00;3.867897e-01;1.625870e+00;3.610729e-01;1.625436e+00;3.082739e-01;1.545114e+00;3.001671e-01;1.435088e+00;2.946748e-01;1.305884e+00;2.134899e-01;1.130014e+00;1.486951e-01;9.367700e-01;1.177564e-01;7.585461e-01;9.803318e-02;6.102003e-01;9.027427e-02;6.608669e-02;1.643316e-01;1.229678e-01;3.334556e+02;8.841533e+02;7.423284e+02;1.369225e+03;1.409650e+03;2.242468e+03;2.283213e+03;3.611405e+03;2.285142e-01;3.162268e-01;9.839567e+02;1.883533e+03;1.687869e+00;4.973104e+00;3397573;3.984184e+06;3.291249e+00;5.238925e+00;7.325767e+01;6.517499e+01;1.238717e-01;-8.550540e-02;5.900230e-01;1.412128e+00;4.998967e-01;3.209297e-01;7.322927e+00;2.169358e+00;7.078941e+00;-1.766153e+01;8.675580e+00;-1.459512e+01;1.021998e+01;-2.035627e+01;7.800913e+00;-7.647308e+00;6.149209e+00;-2.966433e+00;8.252567e+00;1.390945e+00;7.657599e+00;1.880113e+00;7.543345e+00;1.484620e+00;1.087543e+01;-7.654386e+00;1.001018e+01;-8.281758e+00;7.778437e+00;-7.838417e+00;7.803127e+00;-6.990817e+00;8.415751e+00;-5.878491e+00;4.830362e-04;2.682404e-05;8.020415e-07;6.891316e-08;6.868219e-07;-1.377685e-07;9.744834e-07;-6.732385e-08;1.212566e-06;-2.095842e-07;3.916960e-04;7.331656e-06;1.034925e-01;5.997946e-03;8.308301e-02;1.833820e-03;4.861245e-03;2.796580e-04;8.671478e-03;-1.299320e-03;2.917498e-02;3.194915e-04;5.046175e-02;4.802332e-04;6.733777e-02;4.242108e-04;7.974473e-02;3.179750e-04;1.042518e-01;2.786591e-03;1.741917e-01;4.950046e-03;2.566268e-01;3.584772e-03;1.772915e-01;8.859278e-03;1.330885e-01;6.708464e-03;1.585050e-01;1.117417e-03;1.625931e-01;1.530520e-03;1.503833e-01;1.642336e-03;1.298602e-01;1.889465e-03;1.282362e-01;-9.350008e-04;1.126982e-01;4.910174e-04;1.248074e-01;1.489955e-03;1.067434e-01;2.466108e-03;1.089689e-01;2.174957e-03;1.007838e-01;1.887216e-03;9.299178e-02;2.057281e-03;8.494710e-02;1.083818e-03;8.642038e-02;1.141238e-03;5.418025e-02;7.974852e-04;4.555536e-02;3.961937e-04;2.874247e-02;8.077294e-06;2.516649e-02;1.016662e-05;1.899290e-02;1.742213e-03;5.063473e-02;1.817198e-04;9.441360e+01;-1.679590e+00;1.846101e+02;-6.962402e+00;3.312454e+02;-2.375830e+01;4.980556e+02;-5.193809e+01;7.221889e-02;1.297512e-03;2.225199e+02;-1.779342e+01;3.021061e-01;-3.196079e-02;7.778231e+05;-8.567652e+04;7.706042e-01;7.641525e-02;1.812335e+01;1.296908e+00;2.352663e-02;-5.189149e-04;1.355812e-01;-1.099408e-02;9.055668e-02;2.208175e-03;1.916634e+00;1.172149e-01;1.860928e+00;-2.057057e-02;2.297370e+00;-1.033461e-01;2.156426e+00;-2.806738e-01;2.782193e+00;-1.090199e-01;2.234720e+00;1.536399e-01;2.274630e+00;9.490717e-02;2.151672e+00;6.029245e-02;2.503784e+00;4.495941e-02;2.410358e+00;-4.638345e-02;2.025636e+00;6.950311e-02;2.038418e+00;1.796041e-01;2.093111e+00;5.457406e-02;2.051307e+00;-8.095470e-02
96.000000;1.138423e+02;1.971612e+02;8.701628e-02;7.982636e-01;5.413280e-02;3.588693e-02;6.745834e-02;3.918673e-02;1.858165e-01;1.499155e-01;4.268233e+01;-1.621853e+01;4.668363e-01;1.451375e+00;2.731635e-01;1.051125e+00;2.713112e-02;4.202778e-02;4.023423e-02;8.041824e-02;5.202055e-02;1.376730e-01;9.759899e-02;3.058858e-01;1.345053e-01;4.602313e-01;1.668840e-01;5.924149e-01;2.435122e-01;7.347320e-01;3.353466e-01;8.795921e-01;7.784179e-01;1.081784e+00;6.600691e-01;1.089473e+00;4.851173e-01;1.082539e+00;2.954925e-01;1.038122e+00;3.195707e-01;1.093984e+00;5.199168e-01;1.249421e+00;5.826086e-01;1.356713e+00;5.155835e-01;1.370585e+00;5.281836e-01;1.417843e+00;3.860193e-01;1.427490e+00;3.560937e-01;1.472755e+00;3.561961e-01;1.498686e+00;3.475191e-01;1.486734e+00;4.052443e-01;1.484303e+00;4.175855e-01;1.414856e+00;3.641741e-01;1.272777e+00;2.779939e-01;1.103373e+00;2.151594e-01;9.237565e-01;1.508845e-01;7.547629e-01;9.220625e-02;5.987571e-01;8.421966e-02;9.112775e-02;1.173954e-01;1.240277e-01;1.205082e+02;6.599209e+02;2.684386e+02;8.864502e+02;7.392509e+02;1.376689e+03;1.428063e+03;2.280366e+03;1.584501e-01;3.179851e-01;5.014276e+02;1.284760e+03;1.418220e+00;4.147798e+00;2.092969e+06;2.251039e+06;2.657813e+00;6.056492e+00;5.812860e+01;7.133507e+01;1.261963e-01;-1.133720e-01;2.933614e-01;1.046542e+00;5.626583e-01;4.612114e-01;4.323248e+00;5.520136e+00;6.635655e+00;-1.689124e+01;7.775418e+00;-1.583697e+01;9.708958e+00;-2.498814e+01;7.614415e+00;-1.415935e+01;1.028399e+01;-7.390521e+00;1.021062e+01;3.670075e+00;1.031421e+01;5.581699e+00;6.481125e+00;2.340157e+00;1.107378e+01;-1.053327e+01;1.323079e+01;-1.095818e+01;1.206564e+01;-1.049276e+01;8.853264e+00;-8.868232e+00;6.735186e+00;-8.512512e+00;3.114069e-04;-4.936495e-05;9.073643e-07;-7.939649e-08;5.173148e-07;-9.622752e-08;8.089907e-07;-7.436729e-08;1.614452e-06;-2.196062e-07;4.676236e-04;-5.136902e-06;1.045878e-01;-1.131697e-02;5.697760e-02;-7.742615e-03;4.969761e-03;-7.287558e-04;7.740286e-03;9.556563e-04;2.052154e-02;-2.270435e-04;3.506520e-02;-4.175329e-04;4.159934e-02;-1.643541e-03;6.292539e-02;-2.196913e-03;7.433598e-02;-5.363842e-03;7.459444e-02;-5.264855e-03;1.587909e-01;-1.126316e-02;1.200357e-01;-2.809094e-02;1.123162e-01;-1.835588e-02;8.785862e-02;-7.847865e-03;9.854426e-02;-6.050676e-03;1.203190e-01;-1.426164e-02;1.238816e-01;-1.917435e-02;1.129920e-01;-7.576026e-03;1.034754e-01;-9.596024e-03;1.007527e-01;-1.234587e-02;8.008055e-02;-6.707417e-03;9.703534e-02;-1.071035e-02;8.996855e-02;-7.591613e-03;8.350325e-02;-5.901637e-03;7.919398e-02;-4.517766e-03;7.546718e-02;-5.121822e-03;5.252489e-02;-4.581799e-03;4.257384e-02;-3.244098e-03;2.952615e-02;-1.961970e-03;1.808118e-02;-1.293360e-03;2.192803e-02;-1.047095e-04;4.073691e-02;-1.831505e-03;3.658547e+01;1.004883e-01;8.436321e+01;2.325586e+00;2.022191e+02;1.391045e+01;3.572707e+02;2.931387e+01;6.612646e-02;-1.880075e-03;1.309622e+02;9.730022e+00;3.008333e-01;3.447217e-02;5.804624e+05;4.461064e+04;6.258396e-01;-6.443336e-02;1.314644e+01;-1.563346e+00;2.231929e-02;3.238623e-03;7.796729e-02;5.524389e-03;9.704044e-02;-1.328337e-02;1.392523e+00;-2.818945e-02;1.996324e+00;1.306175e-01;2.326662e+00;1.740972e-01;2.858164e+00;1.482050e-01;2.107415e+00;-4.258462e-02;2.362428e+00;-9.108205e-02;2.874424e+00;-1.945183e-01;2.674843e+00;-1.653156e-01;2.006962e+00;-8.847605e-02;2.307778e+00;1.707510e-01;2.308442e+00;1.599404e-01;2.676189e+00;-9.326252e-02;2.348393e+00;-2.269468e-01;2.053836e+00;-1.601855e-01
96.500000;7.242423e+01;2.042630e+02;7.816368e-02;8.086280e-01;4.650512e-02;3.281626e-02;3.412803e-02;2.386829e-02;1.939143e-01;2.018838e-01;3.111945e+01;-4.250957e+00;5.196643e-01;1.419307e+00;3.341934e-01;1.075947e+00;2.660311e-02;4.063009e-02;3.646731e-02;7.630511e-02;4.923989e-02;1.271835e-01;1.164610e-01;3.084028e-01;2.069838e-01;4.917670e-01;3.096485e-01;6.817074e-01;6.562214e-01;8.895594e-01;4.602042e-01;8.519291e-01;8.063709e-01;1.120206e+00;4.717605e-01;9.937918e-01;4.037506e-01;1.033553e+00;5.145305e-01;1.080034e+00;4.595606e-01;1.203092e+00;5.621848e-01;1.320075e+00;5.377076e-01;1.369607e+00;5.728436e-01;1.425143e+00;6.297306e-01;1.488078e+00;4.017353e-01;1.431299e+00;4.947061e-01;1.521193e+00;3.750495e-01;1.470303e+00;4.051252e-01;1.486451e+00;4.606439e-01;1.504927e+00;4.444265e-01;1.443095e+00;3.970398e-01;1.305751e+00;2.980812e-01;1.125259e+00;2.355886e-01;9.351283e-01;1.574849e-01;7.593275e-01;9.103751e-02;6.077614e-01;2.779642e-01;2.030764e-01;1.056736e-01;1.065071e-01;1.328186e+02;5.872822e+02;2.260127e+02;7.724678e+02;7.277936e+02;1.347261e+03;1.555060e+03;2.438276e+03;1.465233e-01;2.876938e-01;5.122108e+02;1.251081e+03;1.280685e+00;4.170419e+00;2.549370e+06;2.606950e+06;2.512011e+00;5.830035e+00;4.896528e+01;6.478484e+01;1.151443e-01;-1.074541e-01;3.123834e-01;1.016945e+00;4.987874e-01;4.407294e-01;5.081890e+00;6.897644e+00;6.059317e+00;-1.370720e+01;6.030788e+00;-1.364153e+01;8.578608e+00;-2.371258e+01;6.450189e+00;-1.902057e+01;1.048927e+01;-1.755883e+01;1.340153e+01;-4.405009e+00;1.306843e+01;3.277767e-01;5.997058e+00;8.233131e-01;7.026863e+00;-1.015359e+01;1.106111e+01;-1.293442e+01;1.110720e+01;-1.266224e+01;7.206866e+00;-9.022625e+00;5.911982e+00;-7.928277e+00;2.995285e-05;-8.752284e-07;8.445272e-07;-2.844108e-08;4.181743e-07;-8.773583e-08;3.019629e-07;-6.910114e-08;1.826837e-06;-1.629118e-07;3.705594e-04;-3.223876e-06;1.131909e-01;9.278712e-03;7.282946e-02;6.514523e-03;5.076854e-03;2.676109e-04;8.039734e-03;-7.294029e-05;1.845648e-02;2.577676e-03;2.886616e-02;3.232190e-03;5.476843e-02;3.936471e-03;7.953285e-02;4.979669e-03;1.531366e-01;3.541961e-03;1.057765e-01;2.720731e-03;1.699369e-01;6.971954e-03;1.091699e-01;2.057569e-03;1.270868e-01;3.778478e-03;1.359849e-01;1.284528e-02;1.240558e-01;1.465227e-02;1.468207e-01;1.133170e-02;1.460002e-01;5.790198e-03;1.208378e-01;1.175220e-02;1.326677e-01;1.350136e-02;1.031188e-01;1.113903e-02;1.069012e-01;1.152511e-02;1.001977e-01;7.853334e-03;9.913145e-02;9.338757e-03;9.547099e-02;6.978096e-03;8.903551e-02;5.031569e-03;8.380751e-02;4.965679e-03;5.930234e-02;3.303063e-03;4.561596e-02;2.259954e-03;3.010935e-02;2.303275e-03;1.936087e-02;1.010045e-03;5.955642e-02;3.232407e-03;3.070828e-02;3.131873e-03;4.253625e+01;-8.756836e-01;7.925579e+01;-8.039063e-01;2.098202e+02;1.062305e+00;4.269507e+02;7.594043e+00;5.219937e-02;6.449027e-03;1.443257e+02;5.513620e-01;3.085820e-01;1.592695e-02;774256;5.358321e+02;6.701602e-01;-4.394133e-02;1.318269e+01;-6.738042e-01;2.112143e-02;-1.275630e-03;8.931798e-02;-4.945047e-05;8.993799e-02;2.156677e-03;1.446634e+00;8.268870e-02;2.053359e+00;3.600360e-03;1.916935e+00;1.800411e-01;2.766841e+00;2.300466e-01;1.999365e+00;5.751212e-02;2.781905e+00;-1.603321e-01;2.987576e+00;-1.621149e-01;3.187544e+00;-2.211916e-01;2.228394e+00;-7.652959e-02;1.996771e+00;4.333919e-02;2.685194e+00;-5.988877e-02;2.772570e+00;-1.578015e-01;2.360452e+00;-7.580721e-02;2.091455e+00;6.448641e-02
97.000000;7.471297e+00;2.310483e+02;5.316373e-02;8.317415e-01;3.818592e-02;3.138147e-02;3.059180e-02;2.639920e-02;1.475336e-01;2.195678e-01;4.796341e+00;7.056672e+00;4.119290e-01;1.388917e+00;2.765796e-01;1.072686e+00;1.946732e-02;3.730007e-02;3.148693e-02;6.851726e-02;6.255819e-02;1.379998e-01;1.235173e-01;3.067721e-01;2.063860e-01;4.947965e-01;3.056132e-01;6.586022e-01;6.391927e-01;9.602798e-01;4.759247e-01;9.667442e-01;3.733822e-01;8.947843e-01;3.352273e-01;9.640237e-01;4.437257e-01;1.140285e+00;5.661749e-01;1.277290e+00;5.428564e-01;1.284140e+00;4.752486e-01;1.266426e+00;4.765728e-01;1.308591e+00;4.875208e-01;1.369925e+00;5.203927e-01;1.419054e+00;4.469383e-01;1.455075e+00;4.852292e-01;1.506290e+00;3.306736e-01;1.488759e+00;3.432527e-01;1.497829e+00;3.195428e-01;1.465902e+00;2.675236e-01;1.390076e+00;2.451622e-01;1.261415e+00;1.936543e-01;1.090771e+00;1.562928e-01;9.228395e-01;1.045038e-01;7.497938e-01;6.744237e-02;6.113657e-01;4.608126e-01;3.784270e-01;1.064469e-01;1.030297e-01;1.176114e+02;5.037334e+02;1.992185e+02;6.561885e+02;6.986548e+02;1.165521e+03;1.450784e+03;2.220935e+03;1.587684e-01;2.908433e-01;4.847764e+02;1.100117e+03;9.915441e-01;4.138227e+00;2.263801e+06;2.237178e+06;2.645152e+00;6.100285e+00;5.587964e+01;6.942087e+01;7.718349e-02;-8.122393e-02;3.046049e-01;9.101756e-01;2.958429e-01;3.019640e-01;5.446044e+00;9.618122e+00;7.223067e+00;-9.856510e+00;7.175150e+00;-1.201457e+01;5.302656e+00;-2.366206e+01;7.381035e+00;-2.209963e+01;8.125803e+00;-2.104950e+01;7.494987e+00;-1.280992e+01;7.612128e+00;-9.062173e+00;7.065527e+00;-3.923664e+00;7.369272e+00;-8.179233e+00;1.003687e+01;-9.336412e+00;8.189073e+00;-9.332253e+00;6.367167e+00;-9.324717e+00;7.505681e+00;-1.073153e+01;5.424039e-05;7.811913e-06;5.727552e-07;2.883588e-08;4.584217e-07;-2.686503e-08;3.313158e-07;-2.357464e-08;1.890628e-06;-1.642023e-07;5.188559e-05;3.709598e-06;9.734688e-02;1.177109e-02;6.754618e-02;7.633610e-03;4.212728e-03;5.304859e-04;6.400699e-03;-9.035022e-04;1.928241e-02;1.290303e-03;2.698381e-02;8.079443e-04;4.972025e-02;1.492660e-03;7.236615e-02;1.965336e-03;1.507384e-01;6.536490e-03;1.126243e-01;9.966626e-03;9.531676e-02;3.386029e-03;9.048996e-02;5.914407e-03;1.242668e-01;9.655033e-03;1.544636e-01;9.358218e-03;1.405029e-01;1.428050e-02;1.412586e-01;7.893506e-03;1.301522e-01;2.085848e-02;1.157018e-01;1.814401e-02;1.334917e-01;1.062855e-02;1.173672e-01;1.008141e-02;1.208904e-01;9.689267e-03;8.436098e-02;1.028850e-02;8.837994e-02;1.051078e-02;8.751696e-02;8.328875e-03;7.008904e-02;8.337171e-03;6.012805e-02;6.392689e-03;5.098169e-02;5.010123e-03;4.256812e-02;3.748480e-03;2.639661e-02;2.704966e-03;1.727571e-02;1.203511e-03;9.562003e-02;1.036872e-02;2.484911e-02;3.353281e-03;3.200046e+01;-3.014648e+00;5.195225e+01;-5.110547e+00;1.798219e+02;-1.337930e+01;3.999286e+02;-2.349990e+01;5.234936e-02;4.271787e-03;1.239431e+02;-1.081662e+01;2.443625e-01;-2.062161e-02;6.954292e+05;-4.189569e+04;7.480711e-01;3.415964e-02;1.618268e+01;7.470677e-01;1.667323e-02;-1.970545e-03;7.799450e-02;-6.731697e-03;6.152975e-02;6.849017e-03;1.456546e+00;1.360533e-01;2.075200e+00;4.218789e-03;1.656387e+00;-4.456641e-02;1.873707e+00;-1.645040e-02;2.285152e+00;-3.720561e-02;2.573360e+00;-1.506956e-01;2.338157e+00;-1.677848e-01;2.566582e+00;-3.213621e-02;2.169442e+00;9.156803e-02;2.019045e+00;1.342344e-01;2.626244e+00;2.971150e-01;2.193389e+00;2.897831e-01;1.859833e+00;6.313203e-02;2.078474e+00;-1.849041e-01
97.500000;9.487234e+01;2.592148e+02;5.678598e-02;8.333253e-01;4.329908e-02;3.586438e-02;4.083062e-02;3.452872e-02;1.101094e-01;1.931145e-01;1.907511e+01;2.592518e+00;3.941285e-01;1.513250e+00;2.278734e-01;1.075028e+00;1.701924e-02;3.951643e-02;2.803716e-02;7.077979e-02;6.335984e-02;1.396734e-01;8.808145e-02;2.813571e-01;1.364444e-01;4.423278e-01;1.461568e-01;5.302703e-01;2.691067e-01;6.358364e-01;3.715733e-01;8.476991e-01;2.778977e-01;8.624368e-01;4.664336e-01;1.068322e+00;4.647197e-01;1.148407e+00;5.087024e-01;1.238834e+00;4.880023e-01;1.262811e+00;5.386616e-01;1.335137e+00;5.756817e-01;1.450105e+00;6.783739e-01;1.521618e+00;4.095631e-01;1.427561e+00;4.227370e-01;1.478281e+00;4.021027e-01;1.494530e+00;3.963686e-01;1.587981e+00;3.336100e-01;1.555274e+00;2.887599e-01;1.504398e+00;2.990962e-01;1.445838e+00;2.034996e-01;1.277664e+00;1.833481e-01;1.119608e+00;1.501542e-01;9.340395e-01;1.011237e-01;7.529999e-01;6.603061e-02;6.077222e-01;4.423332e-01;2.706908e-01;1.957085e-01;2.061721e-01;1.835846e+02;6.039346e+02;3.778402e+02;8.485518e+02;7.519087e+02;1.329316e+03;1.160250e+03;2.039625e+03;1.559948e-01;3.424876e-01;4.721395e+02;1.176399e+03;9.207651e-01;4.147135e+00;1.542360e+06;1.686446e+06;2.345953e+00;5.880910e+00;4.905151e+01;6.607258e+01;6.984992e-02;-8.308421e-02;2.901711e-01;9.646461e-01;2.627271e-01;3.097198e-01;5.454964e+00;8.174973e+00;1.116651e+01;-1.490098e+01;8.855017e+00;-1.393940e+01;5.999954e+00;-2.117539e+01;1.262925e+01;-1.435198e+01;9.453523e+00;-1.544884e+01;9.017569e+00;-1.031184e+01;9.791651e+00;-5.348869e+00;7.686286e+00;-3.296720e+00;1.108880e+01;-1.347916e+01;1.081603e+01;-1.276079e+01;8.909230e+00;-1.005717e+01;7.416139e+00;-1.126421e+01;7.696628e+00;-1.349599e+01;5.972417e-04;1.563151e-04;5.983688e-07;4.176963e-08;6.112699e-07;-6.740875e-09;5.763855e-07;-1.245020e-08;1.512867e-06;-1.191119e-07;2.577863e-04;3.385682e-07;1.070084e-01;-1.180549e-03;6.452000e-02;-2.958178e-03;4.445359e-03;-8.952063e-05;4.964476e-03;1.216931e-04;1.821376e-02;-2.715030e-03;1.999054e-02;-3.193988e-03;2.830227e-02;-3.484065e-03;3.995284e-02;-3.980824e-03;5.798632e-02;-5.965902e-03;7.800616e-02;1.625636e-03;8.858884e-02;-4.878498e-04;1.543289e-01;-8.793768e-03;1.254718e-01;-4.153618e-03;1.374099e-01;-1.089209e-02;1.284139e-01;-1.036717e-02;1.375108e-01;-9.183869e-03;1.544448e-01;1.669234e-03;1.751323e-01;3.520447e-04;1.223838e-01;-9.623866e-03;1.213852e-01;-5.724300e-03;1.142604e-01;-5.409281e-03;1.127808e-01;1.139045e-03;1.028032e-01;-2.044556e-03;9.351723e-02;1.179022e-03;9.704695e-02;4.287196e-03;6.377957e-02;-9.646619e-04;5.066403e-02;2.077421e-04;4.411234e-02;7.249985e-04;3.179426e-02;-8.949796e-04;1.828547e-02;-2.177423e-04;9.053428e-02;-1.366941e-03;4.677960e-02;8.437556e-05;3.061661e+01;1.306348e+00;8.202416e+01;1.291992e-01;1.401199e+02;8.397949e+00;2.884902e+02;4.478906e+00;5.174587e-02;-5.610571e-03;9.063213e+01;3.527128e+00;2.166028e-01;-8.135391e-03;3.684817e+05;2.943847e+03;6.286203e-01;-2.406913e-02;1.422008e+01;-4.651288e-01;1.767871e-02;6.207802e-04;5.289590e-02;2.165688e-03;6.390491e-02;7.531234e-04;1.154264e+00;-1.725199e-01;2.357326e+00;-1.525702e-01;1.972674e+00;-1.043814e-01;1.765074e+00;-9.223498e-02;2.232486e+00;3.619808e-02;2.253090e+00;-4.551909e-02;2.537658e+00;1.000454e-01;2.704566e+00;3.248406e-01;1.917235e+00;9.659050e-02;2.454310e+00;-2.433239e-01;2.728458e+00;-7.112282e-02;2.369529e+00;-2.468183e-02;1.970917e+00;-1.200941e-01;1.967365e+00;-3.408993e-01
98.000000;1.492753e+02;3.224377e+02;6.481005e-02;8.420176e-01;4.348863e-02;4.196030e-02;4.556473e-02;4.002233e-02;1.048505e-01;1.856054e-01;1.905628e+01;2.647317e+00;3.470965e-01;1.723480e+00;1.777596e-01;1.056364e+00;1.350296e-02;4.423958e-02;2.457572e-02;7.239985e-02;4.494383e-02;1.331813e-01;7.649942e-02;2.577754e-01;9.643640e-02;3.901828e-01;1.945174e-01;5.587592e-01;3.822353e-01;6.449778e-01;3.357252e-01;8.124663e-01;3.577735e-01;9.230017e-01;4.454541e-01;9.959204e-01;3.653251e-01;1.031857e+00;4.064199e-01;1.127223e+00;3.337822e-01;1.256809e+00;5.245335e-01;1.421637e+00;5.291359e-01;1.433029e+00;6.640318e-01;1.488018e+00;3.247028e-01;1.404626e+00;3.232698e-01;1.432931e+00;3.291986e-01;1.491418e+00;4.166639e-01;1.542554e+00;2.915974e-01;1.516222e+00;3.013158e-01;1.501533e+00;3.247842e-01;1.427692e+00;2.108351e-01;1.282349e+00;1.712665e-01;1.106980e+00;1.558736e-01;9.296192e-01;1.011676e-01;7.588299e-01;7.002607e-02;5.958799e-01;2.087401e-01;2.010253e-01;2.178537e-01;3.632169e-01;2.068455e+02;7.441875e+02;3.350180e+02;1.046514e+03;5.752743e+02;1.691361e+03;1.035048e+03;2.153895e+03;1.189524e-01;3.700764e-01;3.863159e+02;1.348539e+03;8.522849e-01;4.164458e+00;1514201;1.417889e+06;1.640388e+00;5.126725e+00;2.945714e+01;5.453523e+01;4.758767e-02;-9.334256e-02;2.269986e-01;1.086879e+00;2.046964e-01;3.812093e-01;4.524261e+00;3.730772e+00;8.256492e+00;-2.534093e+01;7.420153e+00;-1.991798e+01;5.759275e+00;-1.925330e+01;7.515044e+00;-7.085869e+00;9.944178e+00;-1.497808e+01;1.123766e+01;-7.692723e+00;1.374074e+01;4.627782e+00;1.133624e+01;8.756720e+00;1.285420e+01;-1.203930e+01;7.629733e+00;-1.363804e+01;8.363870e+00;-1.210310e+01;8.610286e+00;-1.204270e+01;1.086209e+01;-1.536358e+01;8.423502e-04;-1.653227e-05;5.722195e-07;1.514215e-08;6.399733e-07;-1.784261e-08;7.161813e-07;-7.270204e-09;1.180763e-06;1.670649e-08;2.568860e-04;-2.428989e-06;1.015828e-01;-1.339941e-04;5.628317e-02;-1.578732e-03;3.966632e-03;-1.648339e-04;4.460011e-03;3.896447e-04;1.409845e-02;2.356681e-04;2.437170e-02;2.255410e-03;3.109676e-02;1.610467e-03;5.348870e-02;4.468976e-03;9.281439e-02;2.104311e-04;5.762387e-02;-5.514776e-03;8.603133e-02;1.894985e-03;1.430334e-01;-9.446262e-05;9.609377e-02;-4.539043e-03;1.135737e-01;-5.118669e-03;9.767658e-02;-1.162997e-02;1.306499e-01;-2.330715e-03;1.475158e-01;-8.661654e-03;1.598762e-01;-6.991604e-03;1.128466e-01;2.423181e-03;1.031158e-01;-1.223643e-03;9.761686e-02;-3.073182e-03;1.121972e-01;-3.821925e-03;9.329699e-02;-2.787272e-03;8.914567e-02;6.285629e-05;9.991752e-02;-1.137129e-03;7.453965e-02;1.097609e-03;4.812674e-02;8.545868e-04;4.392469e-02;-3.563833e-04;3.164900e-02;2.966206e-04;2.061289e-02;8.226266e-04;5.865424e-02;-7.988509e-03;5.965195e-02;9.488713e-04;7.348006e+01;1.492969e+00;9.978976e+01;5.512500e+00;1.316727e+02;9.130078e+00;2.349107e+02;6.388184e+00;4.299519e-02;-1.595657e-04;9.118325e+01;5.372698e+00;1.919175e-01;1.293269e-02;332674;5.453660e+03;3.607385e-01;-2.810180e-02;7.277859e+00;-5.430081e-01;1.507718e-02;9.423338e-04;5.391332e-02;3.319578e-03;5.972109e-02;-3.503457e-03;1.166209e+00;-6.429197e-02;2.066579e+00;-4.329255e-02;1.923674e+00;1.026300e-02;1.655415e+00;5.582783e-02;2.101989e+00;1.597829e-02;2.213815e+00;-9.041132e-02;2.594209e+00;9.818882e-02;3.287738e+00;1.425698e-01;2.249878e+00;-3.752966e-02;2.429788e+00;-1.092833e-01;2.644570e+00;-1.519707e-01;2.195181e+00;-1.755075e-01;2.161652e+00;-6.050467e-02;2.089146e+00;1.478886e-01
98.500000;1.579585e+02;2.635620e+02;7.104918e-02;8.281707e-01;5.330441e-02;3.895726e-02;4.794774e-02;3.579373e-02;1.250381e-01;1.654035e-01;2.937734e+01;-2.343846e+00;4.356796e-01;1.631269e+00;2.013950e-01;1.028267e+00;1.657914e-02;3.985473e-02;3.992647e-02;8.279920e-02;4.141498e-02;1.386836e-01;8.632789e-02;2.735587e-01;1.116202e-01;4.022151e-01;2.450467e-01;6.444984e-01;3.705128e-01;7.801101e-01;4.141323e-01;8.905277e-01;4.508668e-01;9.852976e-01;2.131799e-01;8.930767e-01;3.267513e-01;1.002274e+00;4.149261e-01;1.094232e+00;4.476661e-01;1.190161e+00;5.178902e-01;1.254480e+00;4.763356e-01;1.257037e+00;5.242641e-01;1.343989e+00;4.813833e-01;1.433429e+00;3.670484e-01;1.450634e+00;3.168537e-01;1.435834e+00;3.610276e-01;1.453637e+00;3.154252e-01;1.471484e+00;2.925344e-01;1.444288e+00;2.645718e-01;1.350972e+00;2.194894e-01;1.245690e+00;1.680785e-01;1.064390e+00;1.344332e-01;8.990302e-01;9.516350e-02;7.414932e-01;6.041306e-02;5.939186e-01;1.777922e-01;2.166508e-01;2.275089e-01;3.042784e-01;2.372859e+02;7.480635e+02;5.233583e+02;1.193083e+03;8.524651e+02;1.899372e+03;1.545778e+03;2.654039e+03;1.547249e-01;3.422302e-01;6.131097e+02;1.523046e+03;1.020615e+00;4.489183e+00;2579056;2.211984e+06;1.463202e+00;4.455972e+00;2.321212e+01;4.272099e+01;5.531886e-02;-8.202739e-02;3.680052e-01;1.187110e+00;2.272428e-01;3.241675e-01;4.824497e+00;2.734788e+00;7.446139e+00;-2.381336e+01;7.421885e+00;-1.818927e+01;6.636362e+00;-2.002563e+01;8.442701e+00;-1.423836e+01;9.949396e+00;-1.871465e+01;9.089268e+00;-4.516577e+00;1.229694e+01;5.813916e+00;1.280834e+01;7.771403e+00;9.496034e+00;-6.722529e+00;8.228436e+00;-7.063251e+00;7.977369e+00;-1.203911e+01;6.407299e+00;-1.229301e+01;1.120048e+01;-1.179906e+01;5.526065e-04;-1.619676e-04;4.761027e-07;-2.926671e-08;5.707142e-07;-8.760524e-08;5.772216e-07;-5.518737e-08;1.646113e-06;2.985533e-08;2.610765e-04;8.578947e-07;8.715016e-02;2.157119e-03;4.393001e-02;2.442740e-03;2.895196e-03;6.782014e-05;4.761914e-03;-1.375662e-04;1.353457e-02;9.424631e-04;2.541280e-02;1.059048e-03;3.420723e-02;1.625083e-03;6.052016e-02;3.462008e-03;9.403580e-02;5.432892e-03;7.676027e-02;-1.552920e-03;8.430697e-02;-9.335236e-04;5.064806e-02;8.886383e-03;7.075108e-02;3.951681e-03;1.105847e-01;5.980581e-03;9.429596e-02;3.005157e-03;1.051051e-01;5.585298e-03;9.642330e-02;9.887533e-04;8.800096e-02;-4.672200e-05;1.202290e-01;5.813765e-03;1.015227e-01;3.929364e-03;9.313439e-02;5.403865e-03;9.672196e-02;3.747118e-03;9.030729e-02;4.620192e-03;7.931998e-02;-2.541180e-03;7.226817e-02;-2.387195e-03;7.203979e-02;2.724372e-03;5.350207e-02;1.484821e-03;3.801503e-02;4.624892e-04;2.837348e-02;9.424803e-04;1.985388e-02;9.250138e-04;4.259858e-02;4.397732e-04;5.219238e-02;1.155674e-03;8.222765e+01;2.871094e-01;1.399198e+02;8.613281e-02;1.686717e+02;-6.201562e+00;2.599909e+02;-7.177734e-01;4.400769e-02;4.090253e-03;1.170368e+02;-1.559386e+00;1.752221e-01;5.157382e-03;4.092472e+05;-1.909811e+03;3.350666e-01;1.175312e-02;5.653399e+00;1.733960e-01;1.171674e-02;-3.923610e-04;7.038506e-02;-8.503753e-04;4.288213e-02;-4.094868e-04;1.247399e+00;7.523143e-02;1.370107e+00;4.396569e-02;1.694268e+00;1.349830e-02;2.108406e+00;4.227539e-02;2.191388e+00;-6.148579e-02;2.343106e+00;2.390986e-02;2.160704e+00;-3.257670e-02;2.804194e+00;-1.424288e-01;2.493335e+00;3.285092e-03;1.992475e+00;1.955597e-01;2.304174e+00;1.104337e-01;2.153104e+00;1.248871e-01;1.866602e+00;7.573807e-02;2.314706e+00;2.877441e-01
99.000000;7.730414e+01;1.797757e+02;7.078873e-02;7.877867e-01;6.580856e-02;5.328348e-02;7.987799e-02;5.584681e-02;1.751814e-01;2.012002e-01;3.533068e+01;-1.031050e+01;4.651136e-01;1.342334e+00;2.408143e-01;9.655514e-01;1.764085e-02;3.038719e-02;4.106735e-02;9.429201e-02;7.194217e-02;1.482634e-01;1.007947e-01;2.884935e-01;1.299694e-01;4.224674e-01;2.316038e-01;5.777956e-01;2.353776e-01;7.119220e-01;4.150842e-01;7.853417e-01;4.546042e-01;8.753719e-01;2.973842e-01;9.058459e-01;3.800068e-01;9.851096e-01;4.680151e-01;1.036814e+00;4.602881e-01;1.036245e+00;4.522325e-01;1.062698e+00;5.128605e-01;1.157379e+00;4.931267e-01;1.229033e+00;5.105351e-01;1.319521e+00;3.955980e-01;1.365261e+00;3.593696e-01;1.375201e+00;3.804695e-01;1.403201e+00;3.754550e-01;1.415736e+00;2.624921e-01;1.365328e+00;2.441258e-01;1.297082e+00;2.354308e-01;1.187805e+00;1.943051e-01;1.022948e+00;1.353082e-01;8.519932e-01;1.114404e-01;6.995183e-01;8.353902e-02;5.779642e-01;1.918065e-01;1.644205e-01;1.607271e-01;1.526560e-01;1.833132e+02;6.662373e+02;5.392327e+02;1.112836e+03;9.649313e+02;1.884012e+03;1.623535e+03;3.137531e+03;1.846548e-01;3.117518e-01;6.489562e+02;1.576126e+03;1.060976e+00;4.901482e+00;2.646930e+06;3099606;2.239326e+00;4.477763e+00;4.176847e+01;4.338530e+01;5.807604e-02;-5.653925e-02;3.903668e-01;1.213137e+00;2.082159e-01;1.906093e-01;5.825230e+00;4.666636e+00;6.490830e+00;-1.687397e+01;6.947350e+00;-1.485568e+01;7.163670e+00;-2.100781e+01;7.373561e+00;-1.727029e+01;9.940468e+00;-1.557890e+01;6.946642e+00;-2.954610e+00;7.724120e+00;9.072559e-01;9.546520e+00;2.944194e+00;7.505166e+00;-3.316139e+00;7.768340e+00;-4.499022e+00;7.075834e+00;-7.931771e+00;6.648533e+00;-9.055613e+00;5.507899e+00;-7.069463e+00;1.770561e-04;2.735692e-06;6.203542e-07;-2.184869e-08;7.052623e-07;1.705586e-11;1.025777e-06;2.293361e-08;2.108886e-06;-6.151152e-08;3.683125e-04;-1.390227e-06;1.019760e-01;-1.161587e-02;5.285418e-02;-4.132221e-03;3.487069e-03;-3.681342e-04;5.784164e-03;-1.361804e-04;2.744799e-02;-1.611119e-03;3.536930e-02;-3.117226e-03;4.515356e-02;-2.941781e-03;5.851285e-02;-5.234139e-03;5.432228e-02;-4.438372e-03;7.870299e-02;-1.702447e-03;7.735948e-02;-3.465436e-03;7.109287e-02;-3.728868e-03;8.866238e-02;-3.240461e-03;1.128330e-01;-3.246692e-03;1.012641e-01;-1.483889e-03;9.486485e-02;-1.037556e-03;1.088388e-01;-7.552806e-03;1.009176e-01;-7.410339e-03;1.255642e-01;-1.044156e-02;1.138081e-01;-9.561333e-03;1.059608e-01;-4.201521e-03;1.069997e-01;-2.190067e-03;9.798540e-02;-4.179527e-03;7.911378e-02;-4.663433e-03;6.590622e-02;-4.195006e-03;5.978097e-02;-6.082271e-03;5.568989e-02;-4.721558e-03;3.692374e-02;-2.415873e-03;3.093045e-02;-2.307906e-03;1.984014e-02;-2.266569e-03;4.653202e-02;-2.273612e-03;4.254970e-02;-4.357849e-03;4.808259e+01;-4.163086e-01;1.339068e+02;0;2.018947e+02;1.923633e+00;3.287050e+02;9.316699e+00;6.257186e-02;-4.055303e-03;1.289789e+02;1.968475e+00;2.231537e-01;4.240578e-03;5.145097e+05;1.517264e+04;5.226244e-01;-7.638318e-04;1.030052e+01;-1.207535e-01;1.311701e-02;1.019232e-03;7.838847e-02;9.964680e-04;4.272836e-02;-3.295041e-03;1.391788e+00;-6.654403e-02;1.395277e+00;1.479089e-02;2.077265e+00;3.909271e-03;2.485864e+00;-1.182818e-01;2.350742e+00;-7.321662e-02;2.678462e+00;6.320334e-02;2.710991e+00;-8.152969e-02;2.329862e+00;-4.954183e-02;2.506063e+00;1.173793e-01;1.956448e+00;1.809162e-02;2.357943e+00;-3.026302e-02;2.198945e+00;6.739456e-02;1.889618e+00;9.717862e-02;2.125305e+00;1.914385e-02
99.500000;7.445792e+01;2.214258e+02;6.130369e-02;8.047589e-01;6.573857e-02;7.721414e-02;8.775745e-02;8.549535e-02;1.471289e-01;2.259145e-01;2.325899e+01;-1.234595e+00;5.650549e-01;1.526485e+00;3.192769e-01;1.091347e+00;2.373349e-02;4.010282e-02;2.931727e-02;7.563114e-02;7.425654e-02;1.530983e-01;1.142638e-01;3.024231e-01;1.544724e-01;4.520968e-01;1.800251e-01;5.686793e-01;2.276883e-01;7.213663e-01;3.503577e-01;8.484938e-01;5.236900e-01;1.059508e+00;4.845821e-01;1.112809e+00;4.904676e-01;1.145344e+00;5.005876e-01;1.208832e+00;4.388063e-01;1.212419e+00;5.104847e-01;1.310266e+00;8.573718e-01;1.542153e+00;8.235514e-01;1.501141e+00;6.212780e-01;1.485068e+00;4.553898e-01;1.469047e+00;4.145016e-01;1.502983e+00;4.164428e-01;1.520855e+00;4.239596e-01;1.527072e+00;3.858962e-01;1.525428e+00;3.665032e-01;1.460066e+00;3.152234e-01;1.319316e+00;2.800604e-01;1.142383e+00;1.767917e-01;9.244157e-01;1.386281e-01;7.535616e-01;9.863794e-02;6.061887e-01;1.760951e-01;1.525166e-01;2.411871e-01;2.396788e-01;1.121730e+02;6.403975e+02;2.701302e+02;8.822871e+02;6.124262e+02;1.524694e+03;1.180327e+03;2.498856e+03;1.967395e-01;3.574437e-01;3.880117e+02;1.307403e+03;9.213049e-01;4.453749e+00;1842516;2.014997e+06;2.162935e+00;4.921906e+00;4.052069e+01;5.140480e+01;1.014469e-01;-9.769671e-02;2.273929e-01;1.057461e+00;4.142445e-01;3.727642e-01;4.650790e+00;6.030916e+00;7.980120e+00;-1.969677e+01;7.040822e+00;-1.792324e+01;6.533672e+00;-2.274164e+01;6.296219e+00;-1.562534e+01;8.991468e+00;-1.756556e+01;1.009232e+01;7.902426e-02;1.105681e+01;6.027363e+00;8.004219e+00;7.278703e+00;1.078181e+01;-4.233254e+00;7.476068e+00;-8.170315e+00;6.510521e+00;-7.109532e+00;6.632730e+00;-7.254732e+00;4.945431e+00;-7.642628e+00;3.995650e-04;5.815180e-05;5.952301e-07;-1.592438e-09;8.930011e-07;1.409897e-08;1.241251e-06;-1.488944e-08;1.873345e-06;-9.588973e-08;2.636268e-04;-2.060752e-06;1.197011e-01;1.637559e-03;7.047538e-02;-2.137073e-03;4.348698e-03;2.177666e-04;4.986997e-03;7.860922e-05;2.713910e-02;-3.364686e-04;3.999963e-02;-2.011592e-04;5.672227e-02;-1.277271e-03;6.119554e-02;-3.215861e-03;7.016677e-02;-4.626685e-03;7.261332e-02;-5.586230e-03;9.865198e-02;-5.642655e-04;1.039654e-01;-1.623247e-03;1.069152e-01;-2.017502e-03;1.199085e-01;-1.397219e-03;1.093133e-01;-3.940548e-03;1.362706e-01;3.304444e-04;1.833432e-01;9.926326e-04;1.679293e-01;-2.843285e-03;1.467417e-01;-2.423562e-03;1.280435e-01;-3.348142e-03;1.139405e-01;-5.221158e-03;1.092104e-01;-5.421490e-03;9.776217e-02;-8.197696e-03;9.835079e-02;-1.103649e-03;8.764221e-02;-7.484406e-04;7.161016e-02;-1.357829e-03;7.231337e-02;-1.889487e-03;4.531458e-02;-3.606044e-04;3.205932e-02;5.538313e-04;2.042363e-02;2.609788e-04;4.568006e-02;-3.734272e-03;6.340456e-02;1.152067e-03;3.298573e+01;5.742188e-01;8.036424e+01;-1.291992e-01;1.750710e+02;-1.349414e+00;2.949944e+02;-4.249219e+00;7.292139e-02;-2.522725e-03;1.022281e+02;-9.484037e-01;2.206215e-01;-9.366645e-03;4.173297e+05;-3.582603e+03;5.855584e-01;9.214354e-03;1.112823e+01;1.732536e-01;2.020613e-02;-1.297652e-03;6.165282e-02;-2.890599e-04;6.764541e-02;7.431099e-03;1.337418e+00;-4.010889e-02;1.537618e+00;-7.976589e-02;2.284932e+00;-1.148318e-01;2.255226e+00;-6.968508e-03;2.206297e+00;1.124299e-01;2.470670e+00;3.722752e-02;2.873498e+00;1.577561e-01;2.483434e+00;1.453723e-01;2.764919e+00;3.068221e-02;2.793976e+00;-7.240877e-02;2.601227e+00;-1.921403e-01;1.806974e+00;-4.756027e-02;1.915219e+00;1.292201e-01;1.545458e+00;5.043988e-03
100.000000;8.612995e+01;2.267775e+02;6.247317e-02;8.033821e-01;7.232395e-02;7.974882e-02;7.896467e-02;8.833565e-02;1.545997e-01;2.307051e-01;2.321260e+01;-2.314390e+00;5.917112e-01;1.569022e+00;3.577551e-01;1.116380e+00;2.552586e-02;4.204564e-02;2.678734e-02;7.628370e-02;5.182150e-02;1.396324e-01;9.562200e-02;2.960982e-01;1.424309e-01;4.494760e-01;2.022573e-01;6.149879e-01;2.671236e-01;7.045363e-01;5.228957e-01;8.959760e-01;5.736477e-01;1.057976e+00;5.428476e-01;1.168216e+00;5.827159e-01;1.197377e+00;5.933428e-01;1.250913e+00;5.701731e-01;1.273401e+00;5.571975e-01;1.314636e+00;8.714234e-01;1.514413e+00;8.354989e-01;1.535713e+00;6.605320e-01;1.533144e+00;5.052650e-01;1.510648e+00;4.491848e-01;1.539574e+00;4.534512e-01;1.599325e+00;4.314570e-01;1.595210e+00;4.204804e-01;1.554346e+00;3.976872e-01;1.473183e+00;3.301453e-01;1.325878e+00;3.081744e-01;1.148687e+00;2.031263e-01;9.442461e-01;1.453255e-01;7.678267e-01;9.741430e-02;6.204679e-01;1.914609e-01;1.304535e-01;2.407315e-01;2.609749e-01;9.306109e+01;6.985371e+02;2.603227e+02;9.247793e+02;5.435156e+02;1.546658e+03;1.205729e+03;2.574797e+03;2.019138e-01;3.667645e-01;3.866678e+02;1.355457e+03;8.389727e-01;4.442074e+00;1.995253e+06;2.118096e+06;2.014265e+00;4.858732e+00;3.911217e+01;5.062519e+01;1.092220e-01;-1.080885e-01;2.266371e-01;1.092582e+00;4.475474e-01;4.240906e-01;3.978195e+00;5.572982e+00;7.680803e+00;-2.063027e+01;7.613355e+00;-1.855568e+01;7.428157e+00;-2.295639e+01;7.409192e+00;-1.318308e+01;1.039802e+01;-1.471347e+01;8.947603e+00;2.072618e+00;9.886431e+00;7.223895e+00;8.546149e+00;2.828425e+00;1.120573e+01;-8.538958e+00;7.961895e+00;-1.012791e+01;6.732390e+00;-7.984448e+00;5.560440e+00;-6.295526e+00;5.974376e+00;-3.845416e+00;5.334134e-04;8.227090e-06;6.815054e-07;1.214639e-08;8.878243e-07;-1.350422e-07;8.957701e-07;-1.727089e-07;1.576854e-06;-2.985306e-07;3.355410e-04;8.837047e-07;1.339626e-01;1.391353e-03;7.994911e-02;-1.191220e-03;5.173662e-03;1.066444e-04;6.381985e-03;-4.421774e-05;1.530470e-02;1.429367e-04;3.187006e-02;7.153233e-05;5.014295e-02;3.470908e-04;5.445903e-02;-3.101490e-04;7.373144e-02;6.236613e-04;1.158434e-01;-1.436517e-03;1.220761e-01;-2.341764e-04;1.282740e-01;5.855722e-04;1.305381e-01;-1.263100e-03;1.531599e-01;-2.053555e-03;1.523906e-01;-1.365099e-03;1.599999e-01;-3.148289e-03;1.866612e-01;-3.507080e-03;1.731253e-01;-4.379189e-03;1.515137e-01;-2.959189e-03;1.353108e-01;-1.546210e-03;1.173591e-01;-1.730652e-03;1.148602e-01;-3.731610e-03;1.032004e-01;-3.475171e-03;1.047768e-01;-3.392482e-03;9.600186e-02;-8.683613e-04;8.024354e-02;1.003748e-03;8.000658e-02;1.190884e-03;5.176450e-02;1.102190e-04;3.115794e-02;5.390791e-05;2.190772e-02;2.995296e-04;4.822036e-02;1.229721e-04;6.484693e-02;1.028919e-05;3.043307e+01;9.474609e-01;8.384698e+01;-2.928516e+00;1.926133e+02;-7.077246e+00;3.710247e+02;-1.693945e+00;6.912313e-02;1.014063e-03;1.177559e+02;-1.491212e+00;2.580514e-01;-8.738104e-03;5.447988e+05;5.118957e+03;6.208937e-01;1.088948e-02;1.154768e+01;2.293306e-01;2.349819e-02;-2.931468e-04;6.808650e-02;-4.988784e-04;9.087591e-02;1.045298e-03;1.190960e+00;2.711884e-02;1.800742e+00;7.092045e-02;2.506136e+00;-3.619488e-02;2.299341e+00;-5.181899e-02;2.053699e+00;9.087105e-02;2.309438e+00;1.231095e-01;2.765737e+00;1.440467e-01;2.322983e+00;-7.077091e-02;2.547047e+00;-1.408391e-01;3.131118e+00;-3.682248e-02;3.057559e+00;-1.316870e-01;2.232225e+00;-6.312599e-02;1.964643e+00;-6.452657e-03;1.925201e+00;9.257372e-02
100.500000;9.802818e+01;2.131270e+02;7.345841e-02;7.906692e-01;7.107999e-02;6.426512e-02;7.515695e-02;7.125268e-02;1.962490e-01;2.407819e-01;3.142704e+01;-8.568579e+00;5.201445e-01;1.467710e+00;3.269333e-01;1.022578e+00;2.310541e-02;3.718438e-02;3.497588e-02;8.599773e-02;6.130578e-02;1.337973e-01;1.286033e-01;2.901642e-01;2.425878e-01;4.774180e-01;2.077446e-01;5.731511e-01;3.009701e-01;6.892282e-01;5.416977e-01;8.839269e-01;4.971604e-01;8.839670e-01;4.564692e-01;9.253594e-01;7.776760e-01;1.173503e+00;6.150814e-01;1.156435e+00;6.187533e-01;1.204927e+00;5.024763e-01;1.178454e+00;4.249826e-01;1.195807e+00;5.101661e-01;1.318587e+00;5.539977e-01;1.385881e+00;5.187501e-01;1.395016e+00;4.797590e-01;1.462952e+00;4.912387e-01;1.486702e+00;4.156493e-01;1.494784e+00;3.725099e-01;1.425949e+00;3.429545e-01;1.344332e+00;2.686215e-01;1.206003e+00;2.353094e-01;1.056018e+00;2.008331e-01;9.107147e-01;1.472601e-01;7.365693e-01;1.094668e-01;5.973793e-01;1.890196e-01;1.266355e-01;1.823679e-01;1.902902e-01;1.442715e+02;7.345693e+02;3.247892e+02;9.925371e+02;7.290947e+02;1.618005e+03;1.382739e+03;2.783382e+03;2.187619e-01;3.614651e-01;4.969969e+02;1.439446e+03;1.014607e+00;4.658482e+00;2.047870e+06;2453943;2.391430e+00;5.169799e+00;5.165318e+01;5.787260e+01;9.341553e-02;-8.709181e-02;2.896123e-01;1.141888e+00;3.564733e-01;3.127042e-01;5.601342e+00;5.919251e+00;6.165561e+00;-1.765903e+01;8.153733e+00;-1.706730e+01;7.814587e+00;-2.163313e+01;7.642806e+00;-1.003584e+01;8.053489e+00;-7.349173e+00;7.379860e+00;-3.427235e-01;1.056475e+01;-2.267930e+00;9.600968e+00;-3.905144e+00;8.696979e+00;-9.910984e+00;9.587772e+00;-8.326653e+00;6.772819e+00;-9.379323e+00;7.798613e+00;-9.566648e+00;8.023290e+00;-6.503122e+00;6.499204e-04;4.782652e-05;7.070777e-07;1.578763e-08;8.316056e-07;-4.528341e-08;7.795816e-07;-6.886464e-08;1.822663e-06;-2.224429e-07;4.174674e-04;1.196097e-06;1.324008e-01;-1.090499e-02;8.322144e-02;-3.227524e-03;5.057121e-03;-5.309022e-04;7.545994e-03;1.055681e-04;2.121934e-02;-8.094442e-04;3.207952e-02;-1.550805e-03;5.469937e-02;-1.467669e-03;4.919297e-02;-9.706374e-04;6.597082e-02;-5.455532e-05;1.265498e-01;3.182024e-03;1.294964e-01;-4.518949e-03;1.169772e-01;-8.289644e-03;1.645234e-01;-7.491434e-03;1.434022e-01;-6.560312e-03;1.525543e-01;-5.806672e-03;1.426747e-01;-1.073234e-02;1.234018e-01;-6.080543e-03;1.371156e-01;3.550899e-03;1.572032e-01;6.733763e-03;1.619641e-01;-6.535243e-03;1.406045e-01;-6.984987e-03;1.359653e-01;-5.775775e-03;1.244760e-01;-1.321194e-03;1.193378e-01;-4.711112e-03;1.049477e-01;-4.045266e-03;7.756466e-02;-3.970115e-03;6.681848e-02;-1.730930e-03;5.816937e-02;-2.809057e-03;4.056348e-02;-2.715029e-03;2.856868e-02;-2.450605e-03;4.694682e-02;9.215574e-04;4.887144e-02;-4.663117e-03;4.179063e+01;-1.076660e+00;1.087890e+02;2.325586e+00;2.228588e+02;8.914746e+00;3.917236e+02;4.105664e+00;6.561875e-02;-2.613432e-03;1.408059e+02;3.414500e+00;2.802510e-01;4.715444e-03;5.662581e+05;7.995630e+03;7.002814e-01;-1.290753e-02;1.477507e+01;-2.345522e-01;2.157038e-02;2.563974e-03;8.239199e-02;1.601681e-03;8.259206e-02;-1.090216e-02;1.515850e+00;-2.308481e-02;1.684943e+00;7.596698e-02;2.458319e+00;1.392520e-01;2.205747e+00;1.253653e-02;1.943868e+00;-1.914470e-01;2.367049e+00;-1.973160e-01;3.116506e+00;-7.693900e-02;2.418798e+00;-4.582896e-02;2.567685e+00;-1.560695e-01;2.392275e+00;-5.960730e-03;2.788066e+00;3.780107e-01;2.652672e+00;1.011738e-01;2.249898e+00;-3.176001e-01;2.028870e+00;-1.380783e-01
101.000000;1.120947e+02;2.476941e+02;6.687866e-02;8.043077e-01;8.792976e-02;6.763131e-02;8.370711e-02;6.359130e-02;1.860046e-01;2.156356e-01;2.706516e+01;-4.447556e+00;4.637964e-01;1.464726e+00;2.854392e-01;1.058507e+00;1.889745e-02;3.471205e-02;3.410794e-02;8.416855e-02;6.826251e-02;1.409789e-01;1.343085e-01;2.935597e-01;2.373304e-01;4.744401e-01;1.578835e-01;5.490357e-01;2.495639e-01;7.636465e-01;3.612483e-01;9.176593e-01;3.901108e-01;9.161604e-01;4.023401e-01;9.789482e-01;6.880808e-01;1.159399e+00;5.097954e-01;1.217938e+00;6.287366e-01;1.288914e+00;6.469420e-01;1.322259e+00;5.294476e-01;1.316692e+00;5.657910e-01;1.376972e+00;5.227109e-01;1.413328e+00;4.707481e-01;1.442597e+00;4.480737e-01;1.485020e+00;4.500095e-01;1.478151e+00;3.639557e-01;1.490022e+00;3.523950e-01;1.479332e+00;3.451816e-01;1.396328e+00;2.582525e-01;1.246790e+00;2.128964e-01;1.091869e+00;1.758871e-01;9.185239e-01;1.396771e-01;7.552313e-01;9.933937e-02;6.073770e-01;1.240339e-01;1.169394e-01;2.039728e-01;1.979122e-01;1.727413e+02;6.882012e+02;3.299428e+02;1.003734e+03;7.326777e+02;1.588720e+03;1.241464e+03;2.535032e+03;2.025441e-01;3.517752e-01;4.620567e+02;1.393264e+03;9.016995e-01;4.616219e+00;1.718064e+06;2.209410e+06;1.888502e+00;4.974340e+00;4.066269e+01;5.024450e+01;7.866691e-02;-7.081851e-02;2.657132e-01;1.110683e+00;2.782448e-01;2.501290e-01;5.422101e+00;5.315910e+00;7.482740e+00;-1.809444e+01;7.664576e+00;-1.808789e+01;7.567372e+00;-2.177480e+01;7.069602e+00;-1.128893e+01;9.524216e+00;-9.845779e+00;9.209481e+00;-3.477589e+00;1.141145e+01;-3.662875e+00;1.167179e+01;-7.836835e-01;9.420378e+00;-6.204567e+00;9.446287e+00;-4.136645e+00;6.284829e+00;-8.378143e+00;8.026858e+00;-1.224447e+01;6.223541e+00;-1.281056e+01;8.267110e-04;-2.614341e-05;6.502452e-07;2.483649e-08;9.822058e-07;7.180813e-08;8.763922e-07;7.533640e-08;1.844516e-06;-2.109496e-07;3.326382e-04;6.366612e-07;1.307869e-01;-1.803609e-04;8.515089e-02;1.170624e-03;4.340913e-03;-1.374416e-07;6.607913e-03;-1.012849e-04;2.402768e-02;1.516745e-04;3.507727e-02;2.255844e-03;5.304450e-02;3.130490e-03;4.788170e-02;3.301346e-03;5.688541e-02;2.900058e-03;9.635101e-02;2.337717e-03;1.125690e-01;8.900006e-04;1.139838e-01;-1.129543e-03;1.465056e-01;2.458496e-03;1.221193e-01;2.622437e-03;1.819078e-01;3.194582e-03;1.984247e-01;5.076350e-04;1.447287e-01;1.233122e-03;1.447446e-01;1.111907e-03;1.494543e-01;-7.842895e-05;1.644429e-01;8.131284e-04;1.542351e-01;-3.014141e-04;1.460908e-01;1.175272e-03;1.283222e-01;1.317916e-03;1.331504e-01;2.648546e-03;1.219838e-01;1.312216e-04;8.767595e-02;-6.514562e-05;7.267430e-02;-4.075855e-05;6.276556e-02;-3.609339e-04;4.729486e-02;-3.813951e-04;3.221645e-02;6.124672e-04;3.601935e-02;3.596303e-04;5.920876e-02;4.042816e-05;4.951403e+01;-1.765723e+00;1.137628e+02;-2.182031e+00;2.032713e+02;-2.957227e+00;3.147630e+02;-6.129785e+00;5.814768e-02;3.130774e-04;1.222350e+02;-3.056123e+00;2.137325e-01;-1.372210e-03;4.529581e+05;-4.304891e+03;5.715346e-01;5.736057e-03;1.195612e+01;5.032637e-02;1.848732e-02;5.219810e-05;7.092302e-02;-2.067886e-03;6.147590e-02;-2.408753e-05;1.500779e+00;5.301506e-02;2.158166e+00;8.349659e-02;2.255268e+00;1.359146e-02;2.176929e+00;1.976553e-02;1.774542e+00;2.432335e-02;2.325927e+00;-3.173495e-02;3.132681e+00;-1.902347e-01;2.582145e+00;-1.224471e-01;3.041523e+00;-5.885519e-02;2.493262e+00;9.220540e-02;2.389139e+00;1.074603e-01;2.427386e+00;-1.442070e-02;2.320085e+00;-1.400901e-01;2.027409e+00;-2.059881e-01
101.500000;1.118055e+02;2.365533e+02;6.151256e-02;8.192253e-01;8.102638e-02;4.886231e-02;7.365454e-02;4.089432e-02;1.639757e-01;1.691823e-01;3.038324e+01;-5.243686e+00;4.678408e-01;1.477457e+00;2.859926e-01;1.063661e+00;2.212714e-02;3.803648e-02;2.549629e-02;7.156084e-02;5.605344e-02;1.422014e-01;8.175055e-02;3.011298e-01;1.195122e-01;4.684724e-01;1.656866e-01;6.211009e-01;2.578899e-01;8.317713e-01;3.145404e-01;8.659632e-01;6.009175e-01;9.681973e-01;5.773814e-01;1.087673e+00;2.595594e-01;1.002583e+00;3.703054e-01;1.090419e+00;6.169633e-01;1.244994e+00;6.552789e-01;1.313121e+00;5.975383e-01;1.335758e+00;6.234933e-01;1.386776e+00;5.572288e-01;1.442064e+00;4.936733e-01;1.495925e+00;4.449048e-01;1.484459e+00;4.666491e-01;1.524002e+00;4.233788e-01;1.526146e+00;3.902690e-01;1.499067e+00;3.904456e-01;1.397785e+00;3.181564e-01;1.275302e+00;2.570916e-01;1.094704e+00;1.869295e-01;9.050522e-01;1.351490e-01;7.475422e-01;8.579007e-02;6.029689e-01;1.575327e-01;1.561564e-01;1.914302e-01;1.794324e-01;1.088643e+02;5.961826e+02;2.297849e+02;8.000303e+02;5.134175e+02;1.271320e+03;9.856758e+02;2.205287e+03;1.817914e-01;3.499566e-01;3.292305e+02;1.194548e+03;8.369134e-01;4.212670e+00;1.484948e+06;1.942634e+06;1.737488e+00;5.383535e+00;4.088409e+01;5.441880e+01;1.061524e-01;-8.741477e-02;1.964705e-01;9.877476e-01;4.067815e-01;3.361369e-01;3.921213e+00;6.499567e+00;8.290401e+00;-1.669381e+01;7.228024e+00;-1.747526e+01;7.654655e+00;-2.404004e+01;7.973116e+00;-1.530415e+01;9.850699e+00;-1.433305e+01;1.153670e+01;-5.343102e+00;9.076015e+00;-2.313812e+00;8.338282e+00;1.576873e+00;7.744412e+00;-3.470152e+00;1.070496e+01;-5.164605e+00;8.770885e+00;-9.746117e+00;7.186381e+00;-1.101624e+01;8.096623e+00;-9.265910e+00;6.340937e-04;-1.093786e-04;7.123347e-07;-2.123705e-08;7.856652e-07;6.970109e-10;6.676601e-07;4.543415e-08;1.528742e-06;-4.462394e-07;3.474909e-04;1.776925e-06;1.279705e-01;-2.752261e-03;8.085111e-02;-1.537312e-03;5.203167e-03;-4.048081e-05;5.277026e-03;1.297556e-04;1.964995e-02;5.355719e-04;2.689132e-02;9.122186e-04;3.410375e-02;1.659441e-03;5.388923e-02;5.793790e-04;7.496507e-02;2.283740e-03;7.897744e-02;-2.241686e-03;1.448386e-01;-3.241874e-03;1.419586e-01;3.607272e-04;7.664778e-02;8.563789e-04;9.937633e-02;-9.984525e-04;1.793713e-01;1.082556e-03;1.990584e-01;6.988961e-04;1.650993e-01;-5.180518e-03;1.516834e-01;-1.275568e-02;1.450279e-01;-1.547316e-02;1.451799e-01;-1.424575e-03;1.368333e-01;-4.223632e-04;1.437697e-01;-1.084164e-03;1.384320e-01;-4.135952e-03;1.337815e-01;-1.885669e-03;1.268265e-01;-1.762724e-03;9.923037e-02;1.551873e-05;8.473309e-02;-8.440975e-04;6.540829e-02;5.173012e-04;4.476544e-02;9.432041e-04;3.057398e-02;1.035886e-03;4.680096e-02;2.178276e-04;5.549598e-02;-9.453238e-04;3.521920e+01;-1.148438e+00;7.216361e+01;-4.593750e+00;1.335826e+02;-1.261846e+01;2.689149e+02;-8.024707e+00;5.802195e-02;6.308281e-05;8.198199e+01;-5.296337e+00;1.982378e-01;-3.999833e-03;3.965110e+05;2.255650e+03;5.763858e-01;2.476491e-02;1.453480e+01;2.210970e-01;2.457822e-02;6.683341e-05;4.801583e-02;-3.261880e-03;9.205379e-02;-2.793269e-04;1.234775e+00;9.577028e-02;2.452280e+00;2.331297e-01;2.125686e+00;6.589388e-03;2.446811e+00;8.226204e-03;2.234405e+00;6.590969e-02;2.494964e+00;1.094634e-01;3.488494e+00;-2.232053e-01;2.629054e+00;-2.840340e-01;2.689846e+00;1.255531e-02;2.673408e+00;1.370993e-01;2.430509e+00;-1.548063e-01;2.498413e+00;-3.388876e-02;2.003969e+00;2.462724e-01;2.431433e+00;7.940407e-02
102.000000;8.044419e+01;2.065795e+02;6.394672e-02;8.180913e-01;4.622869e-02;3.363735e-02;3.997319e-02;2.688903e-02;1.469050e-01;1.601554e-01;3.197834e+01;-6.186747e+00;4.755333e-01;1.509703e+00;2.909355e-01;1.062958e+00;2.393166e-02;4.138631e-02;2.436669e-02;6.803603e-02;5.570859e-02;1.433369e-01;7.128839e-02;2.980043e-01;1.348668e-01;4.531177e-01;1.812262e-01;6.469287e-01;3.063907e-01;7.461800e-01;2.813497e-01;7.939451e-01;6.630043e-01;1.052992e+00;6.209663e-01;1.078804e+00;4.933648e-01;1.048642e+00;4.194669e-01;1.064952e+00;4.890510e-01;1.206000e+00;4.940481e-01;1.309024e+00;5.104937e-01;1.344185e+00;5.402845e-01;1.383579e+00;5.324615e-01;1.429347e+00;5.170017e-01;1.492176e+00;4.293223e-01;1.498097e+00;4.403556e-01;1.526900e+00;4.112381e-01;1.521082e+00;3.999776e-01;1.495729e+00;3.609269e-01;1.410219e+00;3.205956e-01;1.289487e+00;2.595981e-01;1.111786e+00;1.814741e-01;9.247960e-01;1.533943e-01;7.589779e-01;1.060056e-01;6.086178e-01;1.578325e-01;1.591913e-01;1.768985e-01;1.566561e-01;1.056207e+02;5.723525e+02;1.686897e+02;7.260996e+02;4.045159e+02;1.140829e+03;1.003375e+03;2.174136e+03;2.116579e-01;3.808652e-01;3.150844e+02;1.127330e+03;9.480408e-01;4.188486e+00;1.323498e+06;1.859448e+06;2.251131e+00;5.820753e+00;5.399756e+01;6.525357e+01;1.163898e-01;-1.057203e-01;1.917389e-01;9.426267e-01;4.465646e-01;3.926566e-01;3.721989e+00;8.419277e+00;7.206695e+00;-1.354167e+01;6.624621e+00;-1.525090e+01;7.001816e+00;-2.412873e+01;8.627690e+00;-1.645224e+01;9.183707e+00;-1.471527e+01;1.114220e+01;-5.379414e+00;7.086487e+00;-3.689049e+00;6.975094e+00;-3.139845e-01;5.830900e+00;-6.110735e+00;1.037238e+01;-1.013623e+01;9.114839e+00;-1.104452e+01;7.594799e+00;-6.358405e+00;6.561105e+00;-3.719049e+00;3.416638e-04;8.442885e-05;6.913473e-07;9.486475e-09;5.114433e-07;1.947495e-09;4.386696e-07;2.717117e-09;1.521846e-06;-1.814740e-07;3.653614e-04;6.580401e-08;1.573439e-01;1.067726e-02;9.315453e-02;5.000404e-03;6.688971e-03;3.944636e-04;5.593914e-03;6.462588e-05;1.865586e-02;8.659470e-04;1.965191e-02;-8.136951e-04;3.395006e-02;-1.680577e-03;6.458771e-02;-2.097731e-03;8.897205e-02;-4.187113e-03;8.523756e-02;5.277666e-03;1.703743e-01;6.485452e-03;1.653577e-01;1.134239e-02;1.700456e-01;7.224372e-03;1.450092e-01;5.602472e-03;1.387986e-01;4.251733e-03;1.585836e-01;1.432843e-02;1.969015e-01;1.913248e-02;1.591497e-01;6.044783e-03;1.581856e-01;6.460000e-03;1.624318e-01;9.370013e-03;1.367820e-01;5.830110e-03;1.404193e-01;8.837899e-03;1.383358e-01;7.312156e-03;1.402725e-01;2.564607e-03;1.239892e-01;4.275905e-03;1.091794e-01;4.826016e-03;9.471681e-02;2.583051e-03;6.666883e-02;3.187684e-03;5.861333e-02;2.129021e-03;4.019568e-02;8.574066e-04;5.379242e-02;6.637709e-04;6.332193e-02;4.406607e-03;2.950894e+01;2.383008e+00;5.143787e+01;2.871094e+00;1.155648e+02;4.507617e+00;2.933005e+02;-6.431250e+00;7.939324e-02;2.652462e-03;8.647019e+01;5.496015e-01;2.559860e-01;-7.918042e-03;3.906708e+05;-2.068102e+04;7.076390e-01;1.879912e-03;1.765706e+01;1.620519e-01;3.219663e-02;-1.498538e-03;5.150773e-02;6.712070e-04;1.123152e-01;6.120900e-03;1.167717e+00;-4.502423e-02;2.202924e+00;-1.975732e-01;2.104342e+00;-6.913449e-02;2.153524e+00;2.276727e-02;2.520346e+00;6.463067e-02;2.823616e+00;8.008260e-02;3.514731e+00;2.707754e-01;2.642363e+00;2.826093e-01;2.403188e+00;2.395312e-01;2.394326e+00;-1.407312e-01;3.030433e+00;-2.587683e-01;3.049660e+00;-1.772841e-03;2.357849e+00;2.864459e-01;2.159533e+00;1.856565e-01
102.500000;7.965670e+01;2.175153e+02;7.163984e-02;8.108609e-01;5.989509e-02;4.770408e-02;5.868486e-02;4.245855e-02;1.309504e-01;1.696922e-01;2.604942e+01;-1.998231e+00;5.758086e-01;1.580554e+00;3.196840e-01;1.095066e+00;2.544098e-02;4.385552e-02;3.097256e-02;7.440539e-02;5.575398e-02;1.405283e-01;7.114378e-02;2.878381e-01;1.104907e-01;4.305955e-01;1.660761e-01;5.858775e-01;2.501781e-01;6.693386e-01;4.281302e-01;8.766125e-01;6.587912e-01;1.129413e+00;5.324669e-01;1.137327e+00;6.399027e-01;1.241430e+00;5.928508e-01;1.291320e+00;4.280032e-01;1.215927e+00;5.113081e-01;1.340063e+00;8.028340e-01;1.445253e+00;5.031890e-01;1.404846e+00;4.398585e-01;1.385870e+00;5.405124e-01;1.517994e+00;4.379817e-01;1.514914e+00;5.064660e-01;1.566881e+00;4.942092e-01;1.550830e+00;4.342324e-01;1.513094e+00;4.121377e-01;1.464651e+00;3.209825e-01;1.315869e+00;2.601850e-01;1.135276e+00;2.004051e-01;9.351098e-01;1.671178e-01;7.631876e-01;1.189355e-01;6.116737e-01;1.404210e-01;1.388450e-01;2.706949e-01;2.225052e-01;1.394042e+02;6.125479e+02;2.383583e+02;8.594619e+02;5.801331e+02;1.363339e+03;1.386424e+03;2.418609e+03;2.509103e-01;3.978749e-01;4.185111e+02;1.265174e+03;1.052741e+00;4.429943e+00;2.091372e+06;2.227537e+06;2.897051e+00;5.768466e+00;6.526028e+01;6.894676e+01;1.100780e-01;-1.182570e-01;2.482544e-01;1.032432e+00;4.415348e-01;4.402837e-01;4.697598e+00;7.574030e+00;8.363595e+00;-1.445608e+01;7.983689e+00;-1.720362e+01;8.563210e+00;-2.474227e+01;7.491267e+00;-1.291706e+01;6.763843e+00;-1.167042e+01;9.234122e+00;-3.145862e+00;7.568544e+00;-2.659300e+00;8.057840e+00;4.770256e-01;7.272510e+00;-9.919428e+00;8.471263e+00;-1.285964e+01;6.713285e+00;-9.009761e+00;9.368373e+00;-3.291959e+00;7.273651e+00;-3.822253e+00;4.762637e-04;-8.437218e-06;6.944876e-07;2.141291e-08;7.417693e-07;-1.477223e-08;7.575674e-07;-2.992275e-08;1.369575e-06;2.688100e-09;3.412646e-04;1.583132e-06;1.723125e-01;9.896564e-03;9.468222e-02;3.092300e-03;6.452022e-03;5.659408e-04;6.186078e-03;-4.206349e-04;2.026232e-02;-2.165322e-04;2.414683e-02;-1.681794e-04;3.583362e-02;-5.155050e-04;5.916082e-02;1.615507e-05;8.079195e-02;-1.327633e-03;1.069144e-01;2.988617e-03;1.572171e-01;9.569351e-03;1.451380e-01;4.282264e-03;1.835569e-01;2.573459e-03;1.701497e-01;3.580647e-03;1.418356e-01;7.358107e-03;1.454774e-01;4.933857e-03;2.096464e-01;4.648686e-03;1.540535e-01;7.393327e-03;1.415526e-01;8.823691e-03;1.677244e-01;5.064541e-03;1.469923e-01;4.843213e-03;1.422231e-01;3.152095e-03;1.291068e-01;4.652791e-03;1.395427e-01;3.510537e-03;1.271853e-01;3.036197e-03;1.036781e-01;3.087756e-05;9.093667e-02;9.220162e-04;6.547436e-02;1.248097e-03;6.021227e-02;4.198996e-04;4.288597e-02;-4.207962e-04;5.137433e-02;2.447604e-04;9.017307e-02;1.603068e-03;4.134126e+01;2.009766e+00;6.731325e+01;1.837500e+00;1.473534e+02;5.598633e-01;3.496010e+02;-2.583984e+00;9.530693e-02;4.035404e-03;1.026916e+02;-1.659324e-01;2.595472e-01;-8.299620e-03;5.007728e+05;-1.216599e+04;6.729582e-01;5.466509e-02;1.515594e+01;1.896397e+00;3.112161e-02;-2.755412e-03;6.106016e-02;4.177379e-04;1.019647e-01;1.135960e-02;1.207589e+00;-4.242430e-03;2.029478e+00;-2.218468e-01;2.068591e+00;-1.382331e-01;1.854624e+00;-1.187009e-01;1.963039e+00;1.468107e-04;2.483087e+00;5.122471e-02;2.631901e+00;2.555345e-01;2.410435e+00;1.930983e-01;2.726545e+00;1.026227e-01;2.408331e+00;-1.112476e-01;3.129436e+00;-1.341528e-01;2.779191e+00;-1.916466e-01;2.620755e+00;-3.314763e-02;2.174367e+00;7.730466e-02
103.000000;1.173223e+02;1.919700e+02;8.710625e-02;7.886023e-01;6.527336e-02;3.578208e-02;5.813351e-02;3.105655e-02;1.761076e-01;1.556392e-01;4.042066e+01;-1.624943e+01;5.897958e-01;1.610469e+00;3.043314e-01;1.044904e+00;2.604526e-02;4.397630e-02;5.003389e-02;9.422398e-02;5.050865e-02;1.398719e-01;7.106567e-02;2.732628e-01;1.038972e-01;4.195763e-01;1.679423e-01;5.328841e-01;2.886489e-01;6.658524e-01;4.405089e-01;8.048933e-01;6.519830e-01;9.539800e-01;4.876513e-01;9.632667e-01;5.589575e-01;1.093081e+00;5.821500e-01;1.171378e+00;4.345478e-01;1.155291e+00;5.130402e-01;1.224432e+00;8.130189e-01;1.420668e+00;5.087163e-01;1.382715e+00;4.375493e-01;1.397337e+00;4.954191e-01;1.460015e+00;4.261463e-01;1.491187e+00;4.997332e-01;1.540332e+00;4.846052e-01;1.538795e+00;3.966585e-01;1.486973e+00;4.081840e-01;1.424251e+00;3.072765e-01;1.259236e+00;2.310819e-01;1.095215e+00;2.068947e-01;9.213773e-01;1.377553e-01;7.480031e-01;9.818894e-02;6.036379e-01;1.196353e-01;1.161048e-01;2.676769e-01;2.654042e-01;2.477254e+02;7.457666e+02;5.975651e+02;1.184757e+03;1.122288e+03;1.894491e+03;1.876664e+03;2.980770e+03;2.437069e-01;4.098690e-01;7.535975e+02;1.581384e+03;1.325011e+00;4.759706e+00;2836899;2.830729e+06;3.111111e+00;5.301900e+00;7.029607e+01;6.717677e+01;1.086548e-01;-1.186874e-01;4.499379e-01;1.228736e+00;4.360940e-01;4.475090e-01;6.425928e+00;5.721008e+00;7.593384e+00;-1.714648e+01;8.169526e+00;-1.654882e+01;1.017657e+01;-2.163229e+01;6.398017e+00;-1.003285e+01;7.754410e+00;-1.044209e+01;1.086413e+01;-2.048729e+00;7.321899e+00;-9.030586e-01;8.310675e+00;1.489933e+00;6.877444e+00;-1.043652e+01;8.195061e+00;-1.201379e+01;6.883967e+00;-7.369959e+00;9.407141e+00;-3.091369e+00;6.936753e+00;-5.065839e+00;3.664268e-04;-6.660233e-05;6.987564e-07;-4.448357e-08;5.915905e-07;-5.031426e-08;6.584112e-07;-4.935267e-08;9.229321e-07;-6.575000e-08;4.346122e-04;-1.822406e-06;1.431087e-01;-1.147555e-02;7.276142e-02;-5.297989e-03;4.724137e-03;-4.939361e-04;6.659445e-03;2.433863e-04;1.884079e-02;-8.907562e-04;2.488058e-02;-1.118415e-03;3.342226e-02;-1.066419e-03;4.680231e-02;6.717422e-05;7.574397e-02;3.231382e-03;9.223470e-02;-5.532383e-03;1.256066e-01;-4.963077e-03;8.746943e-02;-7.356573e-03;1.057925e-01;-6.488727e-03;1.358395e-01;-5.467974e-03;1.237492e-01;-5.864286e-03;1.154204e-01;-1.568086e-02;1.648243e-01;-2.136314e-02;1.488290e-01;-6.441319e-03;1.341764e-01;-5.543107e-03;1.359798e-01;-9.097687e-03;1.337731e-01;-6.359642e-03;1.327670e-01;-1.031265e-02;1.223688e-01;-6.785408e-03;1.164316e-01;-3.347977e-03;1.144519e-01;-4.446400e-03;8.299500e-02;-4.484163e-03;7.074747e-02;-2.589195e-03;6.540981e-02;-2.840058e-03;4.109006e-02;-1.640643e-03;3.144295e-02;-1.365391e-03;3.764249e-02;-1.103707e-03;8.475704e-02;-4.601486e-03;6.377743e+01;-1.780078e+00;1.511008e+02;-6.890625e-01;2.893397e+02;-2.268164e+00;4.221813e+02;2.147578e+01;8.968277e-02;-4.215429e-03;1.726109e+02;3.484529e+00;2.408510e-01;1.656261e-02;6.908611e+05;3.190619e+04;6.099853e-01;-2.465550e-02;1.424816e+01;-5.596417e-01;2.356858e-02;1.737995e-03;1.078448e-01;1.846526e-03;7.420397e-02;-7.160874e-03;1.502410e+00;-2.130152e-02;1.962783e+00;1.661319e-01;1.734861e+00;6.989559e-02;2.109972e+00;-5.102759e-02;1.741410e+00;-8.945967e-02;2.257326e+00;-2.717008e-02;2.850383e+00;-9.427825e-02;2.312653e+00;-1.675017e-01;2.601450e+00;-2.450135e-01;2.116577e+00;1.246562e-01;2.454454e+00;3.392023e-01;2.626471e+00;8.365291e-02;2.506317e+00;-8.175842e-02;2.309625e+00;7.027636e-03
103.500000;1.301773e+02;1.799727e+02;7.599471e-02;7.662531e-01;6.608754e-02;3.442051e-02;6.012114e-02;2.886238e-02;1.877991e-01;1.516804e-01;4.104765e+01;-2.667538e+01;5.755794e-01;1.427845e+00;3.392068e-01;1.015707e+00;2.647035e-02;3.616557e-02;5.047658e-02;1.025409e-01;7.007122e-02;1.410012e-01;1.382783e-01;2.772117e-01;1.989914e-01;4.270067e-01;2.529117e-01;5.498590e-01;3.558716e-01;7.117574e-01;4.176764e-01;7.839897e-01;6.779932e-01;8.964533e-01;7.037827e-01;1.008097e+00;5.857564e-01;1.011825e+00;5.507637e-01;1.079163e+00;5.243396e-01;1.171134e+00;5.808120e-01;1.208969e+00;5.668090e-01;1.291574e+00;5.156171e-01;1.293325e+00;6.177662e-01;1.384604e+00;5.096997e-01;1.396708e+00;4.622797e-01;1.455747e+00;5.073555e-01;1.504106e+00;4.250188e-01;1.476934e+00;3.542922e-01;1.438524e+00;3.226008e-01;1.365599e+00;2.795566e-01;1.228055e+00;2.072417e-01;1.064114e+00;1.778106e-01;9.054659e-01;1.263168e-01;7.414237e-01;9.588822e-02;5.957354e-01;1.367221e-01;9.973329e-02;2.027069e-01;1.877477e-01;2.393137e+02;7.658643e+02;6.452172e+02;1.240312e+03;1.249428e+03;2.043788e+03;1.879385e+03;3.266730e+03;2.661523e-01;3.946554e-01;8.089993e+02;1.702759e+03;1.263355e+00;5.018418e+00;2.829838e+06;3.391744e+06;2.587925e+00;4.786394e+00;5.754482e+01;5.380680e+01;1.268423e-01;-9.201221e-02;4.852942e-01;1.301645e+00;4.410331e-01;3.211158e-01;7.232034e+00;4.844577e+00;6.015987e+00;-1.642757e+01;6.784692e+00;-1.537343e+01;8.924024e+00;-2.122055e+01;6.086914e+00;-1.140921e+01;7.989054e+00;-9.423735e+00;1.054672e+01;-1.655749e+00;6.095925e+00;-1.241347e+00;7.442970e+00;2.697980e+00;5.852380e+00;-6.673465e+00;7.112629e+00;-9.132256e+00;6.909161e+00;-7.086242e+00;6.725342e+00;-3.285089e+00;5.535673e+00;-5.334961e+00;5.733690e-04;-2.735591e-05;7.292637e-07;6.969336e-09;3.684555e-07;-9.866672e-08;4.825077e-07;-7.054816e-08;7.994736e-07;-2.833272e-08;5.084875e-04;-9.628187e-07;1.605637e-01;-5.194652e-03;1.013476e-01;6.686284e-04;6.544498e-03;-3.191103e-04;8.963739e-03;1.473928e-05;2.181876e-02;3.040846e-04;4.105512e-02;7.682722e-04;5.927781e-02;9.495124e-04;7.271948e-02;2.907329e-04;8.688509e-02;7.244953e-03;1.092440e-01;1.098889e-02;1.674387e-01;-2.634982e-03;1.827077e-01;6.995576e-03;1.581830e-01;4.669382e-03;1.629070e-01;5.523324e-03;1.557480e-01;-3.669394e-03;1.705494e-01;-1.003474e-03;1.606281e-01;-4.729293e-04;1.681392e-01;-3.452853e-03;1.968589e-01;-6.000116e-03;1.715794e-01;-1.190532e-03;1.543377e-01;-2.473181e-03;1.635166e-01;1.133671e-03;1.424577e-01;1.967832e-03;1.162330e-01;-1.186311e-03;9.992815e-02;-2.811820e-03;8.637396e-02;5.061414e-06;6.763680e-02;8.481709e-04;5.733643e-02;-3.899956e-05;3.750414e-02;-2.304527e-04;2.783736e-02;8.599565e-04;4.205233e-02;2.693023e-03;6.340467e-02;-1.106368e-03;6.291721e+01;-1.047949e+00;1.655911e+02;-6.603516e-01;3.303745e+02;3.588867e-01;4.804054e+02;-5.885742e-01;8.379235e-02;-2.834448e-03;2.004764e+02;-1.838307e-01;2.837449e-01;3.464426e-03;8.057928e+05;2.316051e+03;6.591990e-01;-1.978046e-02;1.485007e+01;-9.994817e-01;3.443984e-02;1.940888e-03;1.239057e-01;-2.286901e-04;1.097965e-01;-7.943243e-03;1.725115e+00;-1.290667e-03;2.082687e+00;1.048009e-01;1.935625e+00;-9.033212e-03;2.273263e+00;-2.902088e-02;2.096448e+00;-1.195418e-02;2.229766e+00;7.166875e-02;2.999578e+00;-9.038889e-02;2.291135e+00;-5.837881e-02;2.694445e+00;6.610039e-02;2.249998e+00;7.368480e-02;2.380869e+00;1.674155e-01;2.540451e+00;2.589749e-01;2.252106e+00;2.563116e-02;2.035849e+00;-3.842304e-02
104.000000;1.123551e+02;2.076749e+02;7.679200e-02;7.977833e-01;5.298143e-02;3.285167e-02;5.524277e-02;2.959427e-02;1.222854e-01;1.299063e-01;3.743187e+01;-1.451857e+01;4.899831e-01;1.402191e+00;3.303227e-01;1.096800e+00;2.340499e-02;3.760032e-02;4.419510e-02;7.967876e-02;6.981570e-02;1.470314e-01;1.522240e-01;3.289575e-01;2.115358e-01;5.003194e-01;3.303984e-01;6.799093e-01;4.180721e-01;8.807844e-01;4.854025e-01;9.891284e-01;6.506475e-01;1.088693e+00;7.422116e-01;1.224106e+00;5.880145e-01;1.220138e+00;5.131035e-01;1.178881e+00;4.830477e-01;1.204348e+00;5.351248e-01;1.288985e+00;4.947998e-01;1.318523e+00;4.980954e-01;1.366827e+00;6.241105e-01;1.444215e+00;5.341460e-01;1.467338e+00;4.713354e-01;1.494718e+00;4.853918e-01;1.543257e+00;4.473855e-01;1.561686e+00;4.004929e-01;1.511192e+00;3.383839e-01;1.417393e+00;2.908071e-01;1.289153e+00;2.261931e-01;1.100650e+00;1.616894e-01;9.157190e-01;1.356311e-01;7.499395e-01;9.937802e-02;6.049049e-01;1.969194e-01;1.822143e-01;1.485401e-01;1.145765e-01;1.695366e+02;6.758555e+02;4.462750e+02;9.345410e+02;1.041604e+03;1.542064e+03;1.755808e+03;2.546517e+03;2.373116e-01;3.478933e-01;6.855746e+02;1.368268e+03;1.300318e+00;4.401715e+00;2536649;2.599628e+06;3.115447e+00;6.137448e+00;6.344847e+01;7.473975e+01;1.138130e-01;-8.963253e-02;4.117887e-01;1.095510e+00;3.894206e-01;3.253788e-01;6.880866e+00;6.290678e+00;6.661078e+00;-1.456169e+01;6.266623e+00;-1.720190e+01;1.000047e+01;-2.881484e+01;6.880232e+00;-1.559467e+01;6.360226e+00;-8.424695e+00;7.935725e+00;-5.302657e-01;8.843796e+00;7.946271e-01;7.424046e+00;2.471068e+00;7.321322e+00;-7.686427e+00;8.819434e+00;-6.583002e+00;5.698246e+00;-6.697715e+00;5.554387e+00;-4.089188e+00;6.036867e+00;-5.421639e+00;5.627087e-04;-1.115718e-05;7.012654e-07;2.060615e-08;4.123659e-07;-1.272956e-07;5.117930e-07;-6.918367e-08;9.616861e-07;-6.138022e-08;4.342231e-04;4.143316e-06;1.516955e-01;2.223893e-03;1.035503e-01;2.288890e-04;6.484659e-03;1.628518e-04;9.099150e-03;-2.431343e-04;2.217026e-02;9.561252e-07;4.189588e-02;2.673955e-03;5.933573e-02;3.757473e-03;7.860596e-02;5.094246e-03;9.685235e-02;3.203318e-03;1.296629e-01;5.493047e-04;1.762571e-01;-1.778565e-03;1.923528e-01;-2.836736e-03;1.684716e-01;1.989114e-04;1.550427e-01;-5.421553e-04;1.564651e-01;1.416490e-03;1.648850e-01;2.024630e-03;1.514412e-01;1.167994e-03;1.614591e-01;-1.948060e-05;2.090096e-01;-1.745039e-03;1.808657e-01;-1.559244e-03;1.536513e-01;8.421335e-04;1.597144e-01;2.492665e-04;1.551415e-01;-2.189209e-03;1.340906e-01;-1.582711e-03;1.084266e-01;-1.028745e-03;9.004752e-02;-5.126048e-04;7.107976e-02;-4.905400e-04;4.834005e-02;-3.541391e-05;3.667941e-02;-4.944584e-04;2.577762e-02;-4.126373e-04;5.343178e-02;2.051909e-03;4.641963e-02;1.161685e-04;4.847708e+01;-1.421191e+00;1.095229e+02;-3.316113e+00;2.407125e+02;-6.029297e+00;4.325502e+02;-2.833770e+01;6.855198e-02;8.812023e-04;1.565769e+02;-8.047194e+00;2.859223e-01;-1.748454e-02;6.879468e+05;-2.784816e+04;8.161790e-01;4.533026e-02;1.790484e+01;7.019070e-01;3.360152e-02;-3.332336e-04;9.404204e-02;-5.270885e-03;1.110974e-01;1.397216e-03;1.640689e+00;1.218569e-01;1.939989e+00;8.625319e-02;2.039289e+00;5.159044e-02;2.371316e+00;2.651105e-02;2.047183e+00;2.057080e-02;2.029965e+00;-1.113288e-01;2.211026e+00;-2.261385e-01;2.368674e+00;-2.206529e-01;2.492397e+00;-6.016786e-02;2.513336e+00;-1.037593e-01;2.824950e+00;-6.345660e-02;1.814138e+00;-1.816639e-02;1.754649e+00;-1.041313e-01;2.090273e+00;-1.571187e-01
104.500000;7.536134e+01;2.244753e+02;7.143383e-02;8.149260e-01;6.520724e-02;3.990079e-02;5.436425e-02;3.411473e-02;1.312247e-01;1.806035e-01;2.817327e+01;-5.134749e-01;4.968275e-01;1.487513e+00;2.867277e-01;1.109361e+00;2.730262e-02;4.499463e-02;3.679830e-02;6.662005e-02;5.419274e-02;1.524483e-01;1.230068e-01;3.295029e-01;1.821825e-01;4.977381e-01;2.981298e-01;6.782783e-01;3.957935e-01;8.212292e-01;5.410777e-01;1.016788e+00;6.320221e-01;1.184293e+00;5.425028e-01;1.130371e+00;4.671329e-01;1.154407e+00;3.831362e-01;1.172548e+00;4.332925e-01;1.281033e+00;4.208238e-01;1.318605e+00;4.288606e-01;1.332761e+00;4.684968e-01;1.425314e+00;4.906408e-01;1.476406e+00;4.685977e-01;1.507861e+00;4.266714e-01;1.546281e+00;3.769180e-01;1.543484e+00;3.951561e-01;1.565867e+00;4.272981e-01;1.560746e+00;3.649537e-01;1.455773e+00;2.851219e-01;1.294862e+00;2.271248e-01;1.111642e+00;1.670694e-01;9.198600e-01;1.391333e-01;7.530909e-01;1.042001e-01;6.122009e-01;1.867647e-01;2.087827e-01;1.522418e-01;1.167279e-01;1.516614e+02;6.406846e+02;3.050547e+02;8.056289e+02;7.409103e+02;1.242322e+03;1.421856e+03;2.028571e+03;1.962747e-01;3.476888e-01;5.140195e+02;1.155121e+03;1.286906e+00;3.969794e+00;1.854609e+06;1.804030e+06;3.308444e+00;7.122916e+00;7.305953e+01;9.633201e+01;1.293183e-01;-1.255322e-01;3.038127e-01;9.624941e-01;5.146639e-01;4.864862e-01;5.695752e+00;8.142262e+00;6.711284e+00;-1.375234e+01;7.078364e+00;-1.704781e+01;1.064525e+01;-2.956089e+01;6.661889e+00;-1.588791e+01;6.464394e+00;-8.556241e+00;8.198653e+00;-1.778921e+00;1.027886e+01;1.727411e+00;9.089514e+00;1.464547e+00;7.593354e+00;-8.119358e+00;8.484354e+00;-8.490237e+00;8.769187e+00;-9.841554e+00;6.521004e+00;-6.531947e+00;6.302360e+00;-4.966437e+00;3.977132e-04;3.385437e-05;5.478842e-07;-1.051236e-08;8.113638e-07;-1.587281e-08;6.521866e-07;1.227277e-08;1.170491e-06;-2.568438e-08;2.523917e-04;3.504335e-07;1.062286e-01;1.537324e-03;6.916481e-02;-2.278629e-03;4.246449e-03;5.324987e-05;6.409446e-03;1.331570e-04;2.091622e-02;-4.854354e-04;3.224667e-02;1.997341e-04;4.505326e-02;1.446300e-04;6.302973e-02;4.349179e-04;8.475980e-02;-4.464757e-03;1.121420e-01;-1.443750e-02;1.298169e-01;-4.155840e-03;1.063893e-01;-8.253581e-03;1.122968e-01;-4.724643e-03;9.904877e-02;-1.625465e-03;1.069221e-01;1.084896e-03;1.076637e-01;-1.668145e-03;1.268917e-01;-2.723513e-03;1.391561e-01;-1.963047e-03;1.568234e-01;4.403535e-04;1.393864e-01;-8.618679e-04;1.180620e-01;-1.344441e-03;1.076949e-01;-3.697277e-03;1.178048e-01;-5.435426e-03;1.168947e-01;-1.848874e-03;9.771228e-02;-4.453967e-04;7.891019e-02;-1.022683e-03;6.132695e-02;-1.003595e-03;4.388352e-02;-7.114512e-04;3.294517e-02;-4.508548e-04;2.539743e-02;-2.250858e-04;4.751506e-02;-2.352796e-03;5.286394e-02;1.929548e-03;3.957601e+01;7.177734e-02;8.426363e+01;2.081543e+00;1.782234e+02;2.225098e+00;3.323431e+02;1.679590e+00;4.725853e-02;2.852374e-03;1.143221e+02;1.037729e+00;2.775265e-01;4.514797e-03;4.868704e+05;2.749273e+02;9.268153e-01;2.800692e-04;2.149363e+01;1.028390e-01;1.935844e-02;-2.716981e-04;6.845254e-02;7.410338e-04;7.747993e-02;9.856204e-04;1.388157e+00;3.883675e-02;1.790744e+00;1.267506e-03;2.060882e+00;3.215207e-03;2.761165e+00;4.042593e-02;2.132813e+00;3.602089e-02;2.168861e+00;-2.128727e-02;2.499907e+00;-1.390739e-01;2.744196e+00;-2.745865e-01;2.452175e+00;-2.964020e-01;2.341243e+00;-3.053908e-03;2.470231e+00;-6.126791e-02;2.261595e+00;-2.126675e-01;1.792363e+00;-1.216016e-01;2.151744e+00;-5.552061e-02
105.000000;1.101515e+02;2.115032e+02;7.898943e-02;8.058144e-01;7.084161e-02;4.514197e-02;7.051080e-02;4.659642e-02;1.734841e-01;1.956214e-01;3.948694e+01;-1.054313e+01;4.950162e-01;1.474302e+00;2.897561e-01;1.060105e+00;2.802399e-02;4.372952e-02;4.248989e-02;7.095112e-02;6.637599e-02;1.403362e-01;1.201913e-01;2.809919e-01;1.744287e-01;4.373886e-01;1.927472e-01;5.415680e-01;3.021124e-01;6.900527e-01;4.886262e-01;8.686572e-01;7.128087e-01;1.036836e+00;7.655984e-01;1.125046e+00;4.429404e-01;1.073176e+00;4.484963e-01;1.184620e+00;4.544290e-01;1.192082e+00;4.209323e-01;1.258613e+00;4.460257e-01;1.339676e+00;4.596037e-01;1.377354e+00;4.349631e-01;1.429341e+00;4.353113e-01;1.494148e+00;4.075161e-01;1.486435e+00;4.380030e-01;1.531704e+00;3.717507e-01;1.513535e+00;3.970167e-01;1.486856e+00;3.622522e-01;1.417969e+00;2.710998e-01;1.272696e+00;2.251945e-01;1.106978e+00;1.857023e-01;9.252951e-01;1.390457e-01;7.461519e-01;1.093684e-01;6.052271e-01;1.921370e-01;1.774617e-01;1.543324e-01;1.391234e-01;1.847731e+02;6.528867e+02;4.081795e+02;8.789854e+02;9.279413e+02;1.368650e+03;1.559961e+03;2.260125e+03;2.019611e-01;3.496715e-01;6.182299e+02;1.248407e+03;1.442662e+00;4.057656e+00;2.060770e+06;2.025197e+06;3.071493e+00;6.570775e+00;6.640968e+01;8.517046e+01;1.322373e-01;-1.218892e-01;3.707508e-01;1.018706e+00;5.241740e-01;4.674000e-01;6.035179e+00;7.516245e+00;6.165540e+00;-1.547731e+01;8.085259e+00;-1.551548e+01;9.459326e+00;-2.411012e+01;8.810095e+00;-1.475989e+01;1.126745e+01;-1.115515e+01;1.093087e+01;-3.959584e+00;9.161524e+00;-1.405598e+00;8.663770e+00;-7.894510e-01;9.667496e+00;-6.130848e+00;1.194623e+01;-5.815299e+00;1.023297e+01;-8.286201e+00;6.716950e+00;-8.021199e+00;6.154477e+00;-6.802083e+00;6.781510e-04;1.013435e-05;5.726600e-07;9.617335e-09;9.059177e-07;-4.471497e-08;8.916700e-07;-6.195910e-08;1.434801e-06;-1.748575e-07;2.574035e-04;7.088365e-07;9.938223e-02;5.872228e-03;6.071202e-02;2.913661e-03;4.409767e-03;2.648590e-04;7.326141e-03;-9.725373e-05;2.082325e-02;1.675058e-04;3.226777e-02;-1.815550e-03;4.603986e-02;-2.293460e-03;5.101300e-02;-4.835587e-03;6.527590e-02;-2.984075e-03;9.519833e-02;4.097654e-03;1.299512e-01;7.094684e-03;1.531426e-01;1.465841e-02;1.019323e-01;5.084509e-03;1.167155e-01;8.414423e-03;9.931742e-02;1.535054e-03;9.726077e-02;4.946317e-03;1.312951e-01;7.401661e-03;1.358553e-01;3.730189e-03;1.200241e-01;5.111140e-03;1.124828e-01;9.594249e-03;1.063928e-01;2.203098e-03;1.148526e-01;2.825028e-03;8.959586e-02;3.266894e-03;8.572471e-02;1.391654e-03;7.657325e-02;1.271170e-03;6.194619e-02;2.407123e-04;5.003384e-02;9.597823e-04;3.840103e-02;1.449477e-03;3.035120e-02;1.225762e-03;2.489643e-02;1.014455e-03;4.401542e-02;-5.562322e-04;5.506194e-02;2.960287e-03;3.984044e+01;3.330469e+00;9.746653e+01;4.148730e+00;2.187383e+02;3.531445e+00;3.396982e+02;1.234570e+00;5.161050e-02;1.369330e-03;1.323929e+02;2.580688e+00;3.010920e-01;-1.468292e-03;4.580414e+05;-5.379509e+03;7.701858e-01;3.203761e-02;1.788754e+01;1.004034e+00;1.985289e-02;-1.004746e-03;7.879283e-02;2.352124e-03;7.869623e-02;4.025399e-03;1.301230e+00;-4.032706e-02;1.632433e+00;-2.335708e-01;1.981900e+00;-1.959307e-01;2.732295e+00;-5.921051e-02;2.621672e+00;-6.677920e-02;2.650608e+00;2.224217e-01;2.731051e+00;2.751289e-01;2.925713e+00;2.293537e-01;2.945432e+00;7.290227e-02;2.710555e+00;3.039037e-02;2.538498e+00;6.080477e-02;2.420527e+00;-1.914593e-02;1.911191e+00;1.322543e-02;2.111753e+00;1.519504e-03
105.500000;1.378101e+02;2.001693e+02;9.101516e-02;8.071133e-01;5.422574e-02;2.690975e-02;6.511174e-02;3.166668e-02;1.742715e-01;1.531683e-01;4.797878e+01;-2.384809e+01;4.507735e-01;1.484349e+00;2.797566e-01;1.060535e+00;1.822140e-02;3.842526e-02;4.036274e-02;7.821114e-02;6.231360e-02;1.359795e-01;8.891333e-02;2.684396e-01;1.011491e-01;4.091815e-01;1.274489e-01;5.329241e-01;2.637877e-01;6.549595e-01;2.845739e-01;7.972816e-01;4.153276e-01;8.442529e-01;9.433891e-01;1.208043e+00;5.543799e-01;1.171501e+00;4.710411e-01;1.159992e+00;4.425029e-01;1.180605e+00;4.839673e-01;1.296614e+00;5.390593e-01;1.362547e+00;4.531671e-01;1.383739e+00;5.418645e-01;1.489693e+00;4.419458e-01;1.476577e+00;4.360020e-01;1.501840e+00;5.270688e-01;1.594154e+00;4.266304e-01;1.528701e+00;3.648666e-01;1.470093e+00;3.637930e-01;1.412977e+00;3.152949e-01;1.288173e+00;2.539647e-01;1.107083e+00;1.898778e-01;9.260507e-01;1.467746e-01;7.615929e-01;1.143303e-01;6.109229e-01;1.773709e-01;1.477797e-01;1.405642e-01;1.658542e-01;1.925271e+02;6.716924e+02;3.833652e+02;9.229131e+02;8.873679e+02;1.501438e+03;1.518940e+03;2.539626e+03;1.543509e-01;3.282583e-01;5.841855e+02;1.338864e+03;1.340693e+00;4.283205e+00;2.282160e+06;2222929;2.642714e+00;5.813437e+00;5.052441e+01;6.724878e+01;6.216105e-02;-8.137427e-02;3.491268e-01;1.075897e+00;2.471023e-01;3.084658e-01;5.606015e+00;5.653525e+00;9.272306e+00;-1.857954e+01;9.264910e+00;-1.637108e+01;7.889697e+00;-2.152624e+01;9.374069e+00;-1.269543e+01;1.242007e+01;-8.564672e+00;1.137277e+01;-2.165441e+00;7.500290e+00;-1.543376e+00;7.897252e+00;-1.562582e+00;1.106971e+01;-7.989198e+00;1.235081e+01;-4.831499e+00;7.154815e+00;-5.715319e+00;7.145885e+00;-7.381810e+00;5.913778e+00;-8.886956e+00;5.684067e-04;1.080897e-05;6.748356e-07;-1.623554e-09;5.845887e-07;-1.164475e-07;7.138444e-07;-1.379772e-07;1.519820e-06;-2.315260e-07;3.594838e-04;-1.716589e-06;9.546580e-02;1.936370e-03;5.790708e-02;6.915860e-04;3.973318e-03;-4.280715e-05;7.747929e-03;2.680776e-04;1.818867e-02;-4.213522e-04;2.522549e-02;-2.107713e-03;2.977706e-02;-2.141916e-03;3.486210e-02;-2.033006e-03;5.676036e-02;-5.199619e-03;6.950355e-02;5.260343e-03;9.202610e-02;5.144568e-03;2.046993e-01;-3.295406e-03;1.174198e-01;-1.602726e-03;1.326101e-01;-3.338272e-03;1.129386e-01;1.486870e-03;1.104759e-01;5.779594e-03;1.342223e-01;2.016296e-03;1.190757e-01;-4.415093e-04;1.131313e-01;7.786268e-04;9.890758e-02;2.182870e-03;8.902082e-02;5.777305e-03;1.116176e-01;4.061395e-03;9.521091e-02;-1.640595e-03;7.782751e-02;2.666542e-03;7.500956e-02;2.909667e-03;6.049747e-02;2.359136e-03;4.848947e-02;-1.232786e-04;3.733185e-02;-4.410068e-04;2.851920e-02;4.002296e-04;2.322122e-02;-5.581715e-05;3.901128e-02;2.450260e-03;3.947443e-02;4.472567e-05;4.187067e+01;3.301758e-01;9.859072e+01;-1.866211e+00;2.222292e+02;1.837500e+00;3.581765e+02;5.139258e+00;4.639567e-02;-3.423990e-03;1.359127e+02;1.597659e+00;2.879466e-01;1.105307e-03;5.309625e+05;4.029426e+03;5.985872e-01;-4.354747e-02;1.212286e+01;-9.996949e-01;1.504661e-02;2.204859e-04;8.041377e-02;7.762333e-04;5.884359e-02;-2.449579e-04;1.206721e+00;-1.559922e-01;2.030333e+00;-1.955614e-01;2.207308e+00;-2.674091e-02;2.221186e+00;-1.028456e-02;2.419230e+00;3.210520e-02;2.498374e+00;4.261429e-02;2.356532e+00;6.478449e-02;2.506001e+00;2.566629e-01;3.118500e+00;3.877580e-01;2.826576e+00;1.919016e-01;2.983231e+00;-1.854879e-01;1.850628e+00;-3.995649e-02;1.755729e+00;3.663557e-02;1.770658e+00;-5.032074e-02
106.000000;9.966310e+01;2.054302e+02;7.125665e-02;7.918534e-01;8.057879e-02;5.645420e-02;7.640240e-02;5.335503e-02;1.481693e-01;1.887204e-01;3.618855e+01;-1.172687e+01;4.898582e-01;1.532031e+00;2.984695e-01;1.063063e+00;1.747340e-02;3.765244e-02;2.522243e-02;7.799949e-02;5.132110e-02;1.441490e-01;7.095178e-02;2.926508e-01;7.427030e-02;4.253722e-01;1.034570e-01;5.848361e-01;2.838345e-01;7.106389e-01;2.999541e-01;8.245193e-01;3.159152e-01;8.995830e-01;7.341186e-01;1.083937e+00;5.414979e-01;1.092123e+00;4.186528e-01;1.116186e+00;4.367716e-01;1.211854e+00;5.101283e-01;1.294535e+00;6.618335e-01;1.414152e+00;5.136765e-01;1.408334e+00;5.954686e-01;1.433397e+00;5.065178e-01;1.449550e+00;4.997816e-01;1.507684e+00;6.193607e-01;1.585636e+00;5.097817e-01;1.544728e+00;4.123619e-01;1.504176e+00;4.108325e-01;1.427168e+00;3.454846e-01;1.290296e+00;2.888335e-01;1.109926e+00;2.303633e-01;9.218880e-01;1.590517e-01;7.573424e-01;1.142483e-01;6.049780e-01;1.888731e-01;1.236638e-01;1.827584e-01;2.152552e-01;1.512099e+02;6.959531e+02;2.755908e+02;9.397090e+02;5.262767e+02;1.467703e+03;1.137807e+03;2.533884e+03;1.894676e-01;3.896908e-01;3.629962e+02;1.340763e+03;9.954952e-01;4.515003e+00;1.918668e+06;2082186;2.178863e+00;5.346841e+00;4.505645e+01;5.764886e+01;5.896598e-02;-7.774657e-02;2.084662e-01;1.079546e+00;2.359354e-01;2.816958e-01;4.475830e+00;5.286021e+00;9.948245e+00;-2.015137e+01;7.795871e+00;-1.795022e+01;7.088449e+00;-2.112396e+01;6.604809e+00;-9.538260e+00;7.810181e+00;-7.779812e+00;8.769352e+00;-1.594594e+00;8.438535e+00;2.860541e+00;1.010797e+01;3.156393e+00;9.818784e+00;-1.077207e+01;7.447787e+00;-1.069166e+01;7.094782e+00;-6.821926e+00;8.107886e+00;-6.511539e+00;6.339619e+00;-9.366438e+00;1.850125e-04;-1.263995e-05;6.985146e-07;-2.030995e-08;8.442193e-07;-1.479825e-07;7.490342e-07;-1.011780e-07;1.559491e-06;-8.362284e-08;3.355095e-04;-2.972807e-06;1.091586e-01;-7.446598e-03;6.226603e-02;-3.795874e-03;4.228410e-03;-3.807511e-04;6.170761e-03;1.980348e-04;1.772731e-02;3.676301e-04;2.503592e-02;7.803437e-04;2.716203e-02;5.501876e-04;3.368173e-02;5.738369e-04;7.101203e-02;2.749898e-03;9.254780e-02;-3.609020e-03;9.504169e-02;-5.520621e-03;1.689799e-01;-1.442880e-02;1.052075e-01;-6.895679e-03;1.145968e-01;-9.904333e-03;1.111721e-01;-3.640928e-03;1.171415e-01;-6.603203e-03;1.443923e-01;-9.692013e-03;1.113865e-01;-5.593970e-03;1.242555e-01;-4.562515e-03;1.106504e-01;-9.495614e-03;1.060122e-01;-4.161705e-03;1.324134e-01;-5.386216e-03;1.153986e-01;-4.361372e-03;9.082226e-02;-2.663249e-03;8.535767e-02;-1.590709e-03;6.624506e-02;-8.537344e-04;5.752572e-02;-1.026209e-03;4.979832e-02;-1.796245e-03;3.142793e-02;-1.273921e-03;2.371310e-02;-6.545488e-04;6.713137e-02;-1.125792e-03;5.073887e-02;-3.034595e-03;3.822165e+01;-2.813672e+00;9.150826e+01;-2.698828e+00;1.854814e+02;-1.449902e+00;3.459758e+02;4.665527e+00;4.917744e-02;-1.832382e-03;1.178672e+02;7.899792e-01;2.829215e-01;1.135933e-02;5.583434e+05;1.993524e+04;5.718958e-01;-5.536490e-02;1.251530e+01;-1.466104e+00;1.594203e-02;1.265966e-03;7.000197e-02;5.888567e-05;6.478417e-02;-5.154046e-03;1.230070e+00;-1.536528e-02;2.404976e+00;1.744027e-01;2.175197e+00;1.383302e-01;2.255952e+00;7.263110e-02;2.108232e+00;5.636557e-03;1.789783e+00;-1.840170e-01;2.459081e+00;-7.827540e-02;2.364859e+00;2.130894e-02;3.279439e+00;1.100651e-01;2.703020e+00;8.015734e-02;2.694495e+00;-6.521274e-02;2.085753e+00;1.589965e-02;2.167552e+00;4.728642e-02;1.778962e+00;1.061540e-01
106.500000;4.932566e+01;2.087137e+02;4.917138e-02;7.984775e-01;7.794899e-02;7.270629e-02;1.064919e-01;7.504829e-02;1.363238e-01;2.268945e-01;1.523418e+01;1.006068e+00;4.985410e-01;1.445050e+00;3.217752e-01;1.048861e+00;1.882133e-02;3.569828e-02;2.888772e-02;7.375661e-02;5.268784e-02;1.445603e-01;7.226013e-02;2.931945e-01;7.269858e-02;4.226593e-01;2.406827e-01;6.277475e-01;3.093787e-01;7.931761e-01;3.750558e-01;8.875840e-01;4.064334e-01;9.995778e-01;4.700814e-01;9.997408e-01;4.474786e-01;1.019735e+00;5.002800e-01;1.138169e+00;5.433193e-01;1.208802e+00;4.210346e-01;1.179988e+00;6.571074e-01;1.363424e+00;7.154514e-01;1.426427e+00;6.397790e-01;1.381779e+00;5.496925e-01;1.434382e+00;5.214824e-01;1.471172e+00;5.467931e-01;1.452020e+00;5.066606e-01;1.513786e+00;4.321076e-01;1.484812e+00;4.329536e-01;1.394697e+00;3.299585e-01;1.250827e+00;3.014081e-01;1.096796e+00;2.627578e-01;9.287935e-01;1.763583e-01;7.470425e-01;1.197302e-01;6.094943e-01;2.534746e-01;1.895259e-01;1.970213e-01;1.858922e-01;1.440198e+02;6.464268e+02;3.018590e+02;8.855889e+02;6.167738e+02;1.365349e+03;1.309112e+03;2.432534e+03;2.040727e-01;3.626190e-01;4.388868e+02;1.289959e+03;8.907214e-01;4.476563e+00;2.267212e+06;2247679;2.093813e+00;5.500219e+00;4.309586e+01;5.800306e+01;6.982105e-02;-7.348517e-02;2.648696e-01;1.047579e+00;2.619099e-01;2.634194e-01;4.542809e+00;6.517657e+00;8.123870e+00;-1.670504e+01;6.213841e+00;-1.758188e+01;6.469394e+00;-2.325052e+01;8.234028e+00;-1.439732e+01;6.180301e+00;-1.325158e+01;7.981483e+00;-3.613736e+00;7.967268e+00;5.925778e+00;7.679560e+00;6.654908e+00;9.421605e+00;-7.606936e+00;7.679511e+00;-9.499066e+00;7.636914e+00;-7.656310e+00;7.863192e+00;-5.989227e+00;6.033875e+00;-7.929482e+00;2.799725e-04;-2.484832e-07;6.084600e-07;2.134949e-09;9.633364e-07;-7.793186e-08;1.412776e-06;-1.440453e-08;1.796025e-06;-7.185439e-08;2.218320e-04;-1.040113e-06;1.083158e-01;-5.178119e-03;6.251109e-02;-1.813036e-03;4.319581e-03;-8.304398e-05;6.896200e-03;-3.321995e-04;1.686186e-02;5.611266e-04;2.488028e-02;1.216281e-03;2.724301e-02;1.124978e-03;6.268390e-02;2.100865e-03;8.782861e-02;2.688715e-03;9.912613e-02;-4.011275e-03;1.072156e-01;-4.476469e-03;1.163921e-01;1.899458e-03;9.866319e-02;1.709910e-03;1.084321e-01;1.023274e-03;1.312910e-01;-3.162431e-03;9.254010e-02;-8.403768e-03;1.335724e-01;-4.425713e-03;1.366019e-01;-2.438543e-03;1.283224e-01;-4.302253e-03;1.121147e-01;-3.597237e-03;1.180795e-01;-6.170354e-03;1.272466e-01;-6.396647e-03;1.065918e-01;-5.057201e-04;8.745670e-02;-4.277329e-03;8.447241e-02;-3.605770e-03;5.900314e-02;-2.142646e-03;6.518672e-02;-7.116506e-04;5.572357e-02;-6.245389e-04;3.723472e-02;-4.995475e-04;2.258937e-02;2.883776e-04;7.793905e-02;-1.526727e-03;5.288066e-02;-1.855128e-03;3.472599e+01;0;8.803435e+01;-2.583984e-01;2.062263e+02;-3.732422e+00;3.991453e+02;-5.699121e+00;4.659278e-02;9.813580e-04;1.362706e+02;-2.145476e+00;2.502739e-01;-3.378568e-03;6.989221e+05;-2.141086e+03;5.316305e-01;3.562851e-02;1.124511e+01;6.633153e-01;1.871367e-02;3.657977e-04;8.473706e-02;-1.168813e-03;7.132196e-02;-2.105661e-03;1.352253e+00;1.299906e-01;2.025397e+00;2.178139e-01;1.653516e+00;2.788346e-02;2.015900e+00;2.616188e-02;2.120020e+00;-7.922196e-02;1.918075e+00;-1.138441e-02;2.575669e+00;6.732913e-02;2.421282e+00;-9.397908e-02;2.765404e+00;-2.230247e-01;2.469602e+00;-6.812823e-02;2.438576e+00;2.205719e-01;2.376761e+00;1.222341e-01;2.517395e+00;1.617007e-02;1.988001e+00;4.755792e-02
107.000000;7.412016e+01;1.977784e+02;6.214897e-02;7.940459e-01;6.838579e-02;5.771302e-02;1.038473e-01;6.119608e-02;1.740727e-01;2.363856e-01;2.717438e+01;-4.440894e+00;4.619810e-01;1.300442e+00;3.215318e-01;1.037041e+00;2.027836e-02;3.207302e-02;4.385304e-02;8.668430e-02;5.274506e-02;1.394008e-01;6.962114e-02;2.773927e-01;8.265942e-02;4.226800e-01;2.607255e-01;5.871473e-01;2.687117e-01;7.229355e-01;3.834257e-01;8.339032e-01;4.641011e-01;9.574904e-01;4.242334e-01;9.717690e-01;4.266720e-01;1.007219e+00;5.153672e-01;1.110183e+00;5.659466e-01;1.205130e+00;4.222133e-01;1.177131e+00;5.231904e-01;1.234247e+00;6.812705e-01;1.396256e+00;6.468505e-01;1.479452e+00;5.412322e-01;1.475831e+00;4.901669e-01;1.484438e+00;4.369073e-01;1.465685e+00;5.116269e-01;1.498179e+00;4.401597e-01;1.476791e+00;4.183801e-01;1.408292e+00;3.145202e-01;1.246194e+00;2.832614e-01;1.095658e+00;2.481109e-01;9.269137e-01;1.811648e-01;7.538117e-01;1.297909e-01;6.089272e-01;2.590281e-01;1.856717e-01;1.501851e-01;1.181094e-01;1.712806e+02;6.619307e+02;4.504458e+02;9.468867e+02;9.810634e+02;1.524981e+03;1.719157e+03;2.687487e+03;1.715478e-01;3.027886e-01;6.549398e+02;1.405663e+03;1.151830e+00;4.592806e+00;2.702640e+06;2.890891e+06;3.355844e+00;5.682995e+00;8.539108e+01;6.695397e+01;7.954724e-02;-6.534860e-02;3.965965e-01;1.119392e+00;3.059536e-01;2.386690e-01;5.110197e+00;6.159649e+00;5.175472e+00;-1.351051e+01;6.902786e+00;-1.630710e+01;7.593882e+00;-2.382180e+01;7.335992e+00;-1.754244e+01;7.253046e+00;-1.280256e+01;6.697101e+00;1.791881e-01;6.520041e+00;4.560516e+00;6.979667e+00;3.264200e+00;8.567936e+00;-4.330076e+00;6.611377e+00;-6.866288e+00;7.423457e+00;-1.029860e+01;7.411471e+00;-6.950268e+00;5.336191e+00;-6.120136e+00;3.427895e-04;-3.461865e-05;5.747555e-07;1.163290e-08;8.301217e-07;1.773210e-08;1.396827e-06;-5.844427e-09;2.228905e-06;-6.845598e-08;2.840142e-04;-6.148700e-07;9.768739e-02;3.543044e-03;5.751080e-02;3.412558e-03;4.439942e-03;6.414156e-05;7.540005e-03;2.683292e-05;1.550835e-02;-4.870230e-04;2.060865e-02;-1.138429e-03;2.817610e-02;-1.124967e-03;6.215225e-02;1.616384e-03;7.596219e-02;-8.020420e-04;7.710017e-02;1.457400e-03;1.024671e-01;4.145890e-03;1.052225e-01;2.490517e-03;9.624148e-02;-1.904644e-04;1.037209e-01;2.573096e-03;1.288626e-01;2.532963e-03;9.043939e-02;4.268103e-03;1.094439e-01;7.331384e-03;1.280244e-01;1.164914e-02;1.237935e-01;1.072956e-02;1.097663e-01;6.048411e-03;1.011349e-01;8.625824e-03;9.069335e-02;6.538999e-03;1.000825e-01;5.332479e-03;8.931517e-02;4.542320e-03;8.313990e-02;4.326250e-03;5.626022e-02;3.141889e-03;5.785776e-02;1.469937e-03;4.702361e-02;1.138965e-03;3.686411e-02;1.524648e-03;2.411923e-02;9.852734e-04;6.549711e-02;-3.767395e-05;4.211007e-02;6.601569e-04;3.615206e+01;1.363770e+00;1.013351e+02;4.320996e+00;2.252199e+02;1.014932e+01;4.102975e+02;9.618164e+00;5.001032e-02;9.061143e-04;1.478844e+02;4.033937e+00;2.324597e-01;3.959971e-03;7.171508e+05;-4.961238e+03;7.914815e-01;-1.726344e-02;2.248156e+01;-1.374335e-01;2.110043e-02;-1.140833e-04;9.208710e-02;2.272422e-03;8.006413e-02;4.689206e-04;1.285907e+00;-6.171616e-02;1.335644e+00;-1.071868e-01;1.652024e+00;5.483179e-02;1.782024e+00;3.913724e-02;2.018353e+00;-1.433152e-01;2.209619e+00;-1.296160e-01;2.174000e+00;5.187515e-02;2.276461e+00;6.999415e-02;2.580295e+00;-1.454858e-01;2.274463e+00;-7.185891e-02;2.008786e+00;-1.111314e-02;2.518999e+00;-6.684189e-02;2.214097e+00;-6.248741e-02;1.720498e+00;-4.864215e-02
107.500000;1.019637e+02;1.530602e+02;6.663641e-02;7.548609e-01;6.472458e-02;4.007478e-02;7.363766e-02;3.999319e-02;2.377766e-01;2.227194e-01;4.075864e+01;-2.362629e+01;4.340247e-01;1.237821e+00;3.124736e-01;1.014206e+00;1.879803e-02;2.803597e-02;4.614957e-02;1.087856e-01;6.389520e-02;1.416726e-01;8.713411e-02;2.802696e-01;1.104077e-01;4.273695e-01;1.930298e-01;5.523418e-01;2.266573e-01;6.526360e-01;2.428534e-01;6.853488e-01;3.488700e-01;8.064305e-01;3.243944e-01;8.692255e-01;6.345326e-01;1.056605e+00;8.559372e-01;1.222292e+00;8.192859e-01;1.271354e+00;4.500121e-01;1.204434e+00;3.583696e-01;1.218402e+00;4.459687e-01;1.276566e+00;5.534600e-01;1.392918e+00;4.999504e-01;1.427179e+00;4.449607e-01;1.427076e+00;4.723728e-01;1.493666e+00;4.915041e-01;1.497208e+00;4.459537e-01;1.475075e+00;3.752418e-01;1.393479e+00;2.952688e-01;1.250132e+00;2.726032e-01;1.096704e+00;2.273748e-01;9.126616e-01;1.603040e-01;7.408437e-01;1.203517e-01;5.974672e-01;1.910848e-01;8.399165e-02;3.466723e-01;1.959336e-01;2.211486e+02;7.898379e+02;4.678152e+02;1.143987e+03;1.033584e+03;1.865637e+03;1.801738e+03;3.194379e+03;1.870106e-01;3.132910e-01;6.719679e+02;1.652499e+03;1.169704e+00;4.990814e+00;2.720818e+06;3.485264e+06;3.387818e+00;5.170566e+00;8.560397e+01;5.897528e+01;6.980804e-02;-5.136464e-02;4.070826e-01;1.275410e+00;2.685578e-01;1.751438e-01;5.187789e+00;4.475208e+00;6.400107e+00;-1.485060e+01;6.425728e+00;-1.499171e+01;8.764157e+00;-1.879642e+01;1.177946e+01;-1.017162e+01;9.883071e+00;-8.787631e+00;5.216144e+00;-3.210334e-01;8.671667e+00;7.531801e-01;7.769011e+00;2.977856e-01;7.957447e+00;-3.584491e+00;6.654727e+00;-5.023782e+00;6.772638e+00;-9.443961e+00;6.326558e+00;-7.485012e+00;4.512114e+00;-5.672654e+00;2.711753e-04;-6.345150e-05;6.812586e-07;-7.591793e-08;6.504393e-07;-3.480314e-08;7.676102e-07;-9.864065e-08;2.173021e-06;-9.837296e-08;4.871104e-04;-3.809305e-05;1.187112e-01;-6.224277e-03;6.947965e-02;-1.438348e-03;4.733196e-03;-3.335406e-04;7.355177e-03;1.529982e-03;1.992015e-02;-3.877723e-04;2.868900e-02;-6.637030e-04;3.860142e-02;-1.285863e-03;5.243810e-02;-2.422568e-03;5.398834e-02;-1.246448e-03;6.027376e-02;-4.014940e-03;8.373141e-02;-4.630232e-03;8.108927e-02;-4.281384e-03;1.416929e-01;-6.919032e-03;1.785336e-01;-8.161749e-03;1.689210e-01;-5.179089e-03;1.124237e-01;1.474084e-03;1.016099e-01;4.886758e-04;1.171113e-01;-2.226803e-04;1.372720e-01;1.777719e-03;1.268587e-01;-4.714165e-04;1.103748e-01;-1.078662e-03;1.228021e-01;1.405577e-04;1.192916e-01;1.485268e-04;1.026854e-01;-1.239387e-04;8.511300e-02;7.372817e-04;6.751585e-02;-1.013564e-04;5.889830e-02;-5.206091e-04;4.509938e-02;-2.284975e-04;3.480485e-02;1.528355e-04;2.702867e-02;-3.768044e-04;4.954959e-02;-2.924841e-03;8.246828e-02;-6.971384e-04;6.256583e+01;1.837500e+00;1.126292e+02;1.047949e+01;2.295746e+02;2.817978e+01;3.937397e+02;5.882871e+01;6.636844e-02;-2.493879e-03;1.448576e+02;2.015989e+01;2.451710e-01;3.202945e-02;6.671311e+05;9.553327e+04;7.931689e-01;-7.157607e-02;2.239780e+01;-1.177485e+00;1.932062e-02;7.272066e-04;8.823755e-02;1.243411e-02;7.234512e-02;-2.991332e-03;1.325310e+00;-1.446745e-01;1.816324e+00;2.851695e-02;1.917451e+00;1.677803e-01;2.120217e+00;2.082881e-01;2.405723e+00;7.554123e-02;2.954600e+00;-1.477135e-01;1.689009e+00;-1.413354e-01;2.425479e+00;4.811468e-02;2.692403e+00;3.108782e-02;2.357317e+00;6.416991e-03;1.954023e+00;-7.693252e-02;2.301068e+00;-1.653643e-03;2.079026e+00;1.077681e-01;1.434689e+00;1.075343e-01
108.000000;1.270977e+02;1.513291e+02;6.795228e-02;7.479979e-01;5.711416e-02;3.526549e-02;6.765494e-02;3.596837e-02;2.446524e-01;2.161626e-01;4.453395e+01;-3.200798e+01;5.650922e-01;1.384341e+00;3.565086e-01;1.120178e+00;2.211937e-02;3.189641e-02;4.315143e-02;1.012787e-01;6.370591e-02;1.476634e-01;1.008009e-01;2.974561e-01;1.429420e-01;4.576198e-01;2.224919e-01;6.173328e-01;2.516944e-01;7.257850e-01;4.047008e-01;8.874000e-01;5.086589e-01;1.001585e+00;5.400106e-01;1.125595e+00;6.791757e-01;1.228608e+00;8.560745e-01;1.343249e+00;8.583708e-01;1.454398e+00;5.730369e-01;1.409172e+00;4.644799e-01;1.378903e+00;7.391181e-01;1.487150e+00;6.379084e-01;1.516022e+00;5.299432e-01;1.534053e+00;5.449436e-01;1.595472e+00;5.399200e-01;1.621550e+00;4.745272e-01;1.592262e+00;4.516335e-01;1.536965e+00;3.820445e-01;1.437634e+00;3.222415e-01;1.309384e+00;2.978098e-01;1.125243e+00;2.154036e-01;9.324891e-01;1.448996e-01;7.526040e-01;1.161023e-01;6.090214e-01;8.423544e-02;5.690445e-02;3.730552e-01;2.836020e-01;2.032655e+02;8.184053e+02;3.948888e+02;1.186623e+03;9.143855e+02;1.894061e+03;1.718587e+03;3.224095e+03;2.785195e-01;3.687322e-01;6.170535e+02;1.671799e+03;9.791906e-01;5.005348e+00;3.028015e+06;3.295586e+06;1.756173e+00;4.445086e+00;3.060333e+01;4.009155e+01;8.307116e-02;-6.760698e-02;3.774001e-01;1.286586e+00;2.908108e-01;2.197161e-01;4.776665e+00;4.358444e+00;7.827779e+00;-1.757712e+01;6.165207e+00;-1.363949e+01;6.880985e+00;-1.641248e+01;1.114673e+01;-7.210430e+00;8.535081e+00;-6.596392e+00;8.410229e+00;-1.475333e+00;9.517935e+00;-6.516810e-01;8.725810e+00;6.894177e-01;8.670184e+00;-5.730623e+00;7.889143e+00;-6.865676e+00;7.859919e+00;-8.464485e+00;5.922985e+00;-6.660040e+00;5.795796e+00;-4.044161e+00;2.043124e-04;-6.623091e-06;8.127816e-07;-6.815261e-08;4.942966e-07;-8.974032e-08;6.555676e-07;-5.747706e-08;1.854064e-06;-2.985670e-07;5.171243e-04;-3.771254e-05;1.449695e-01;2.810619e-04;8.956806e-02;-7.796665e-04;5.393037e-03;6.027408e-05;7.811801e-03;5.747040e-04;2.247270e-02;5.207773e-04;3.641132e-02;4.261714e-04;5.179508e-02;1.155949e-03;6.807716e-02;-1.952839e-03;7.269405e-02;-1.383912e-03;1.048163e-01;7.481114e-05;1.219104e-01;-5.738746e-03;1.314923e-01;-3.200742e-03;1.701105e-01;8.117324e-04;1.960123e-01;1.378251e-03;1.924431e-01;3.444652e-03;1.534850e-01;3.864098e-03;1.549585e-01;-1.270310e-03;1.832433e-01;-7.177718e-03;1.714302e-01;-7.011114e-03;1.500620e-01;-2.308040e-03;1.407753e-01;2.178563e-04;1.480333e-01;1.809547e-03;1.389101e-01;-1.060714e-03;1.098225e-01;-7.609524e-04;9.998589e-02;-2.400259e-03;8.766988e-02;-1.420330e-03;7.359114e-02;8.881023e-04;4.956849e-02;1.201688e-03;3.908770e-02;-3.738538e-05;2.923807e-02;-3.418962e-04;3.017545e-02;2.868179e-04;9.810307e-02;1.857738e-03;7.545966e+01;-4.306640e-02;1.059393e+02;-9.618164e-01;2.186740e+02;-2.210742e+00;3.728764e+02;4.249219e+00;9.117878e-02;3.423500e-03;1.386378e+02;1.988401e-01;2.522656e-01;6.171010e-03;6.769706e+05;1.093726e+04;4.719670e-01;-2.329232e-03;8.526848e+00;-2.419305e-02;2.261389e-02;-2.443674e-04;8.366776e-02;6.918689e-05;6.538393e-02;1.745249e-04;1.526819e+00;5.087307e-02;2.436402e+00;7.552850e-02;2.140540e+00;7.183453e-02;2.147839e+00;4.915218e-02;2.987182e+00;2.151070e-01;2.805662e+00;2.625458e-01;3.115378e+00;-4.838286e-02;2.818654e+00;-1.207908e-01;2.475801e+00;1.751876e-01;2.736365e+00;5.370671e-02;2.249777e+00;6.312434e-03;2.166137e+00;5.298616e-02;2.238141e+00;3.433059e-02;1.725254e+00;2.941471e-02
108.500000;1.264437e+02;1.871776e+02;7.413328e-02;7.769761e-01;5.894687e-02;4.083271e-02;6.132855e-02;3.971491e-02;2.052436e-01;1.994437e-01;4.482441e+01;-2.241257e+01;6.056720e-01;1.584144e+00;3.402965e-01;1.130682e+00;2.785939e-02;4.280511e-02;4.210963e-02;8.247039e-02;5.742054e-02;1.402530e-01;9.542871e-02;2.961729e-01;1.488369e-01;4.756764e-01;2.065024e-01;6.233264e-01;2.732016e-01;8.029813e-01;4.370880e-01;9.594218e-01;5.619045e-01;1.097164e+00;7.564811e-01;1.299894e+00;5.956833e-01;1.201803e+00;5.480188e-01;1.202135e+00;5.826539e-01;1.246981e+00;6.036314e-01;1.368962e+00;6.273910e-01;1.463911e+00;7.590274e-01;1.534306e+00;5.817768e-01;1.510168e+00;5.399571e-01;1.554920e+00;5.242955e-01;1.608917e+00;5.115210e-01;1.633505e+00;4.245811e-01;1.598994e+00;4.051556e-01;1.541677e+00;4.188498e-01;1.473848e+00;3.573606e-01;1.329085e+00;2.626628e-01;1.127391e+00;1.790186e-01;9.351222e-01;1.194449e-01;7.581720e-01;1.019809e-01;6.129373e-01;1.072923e-01;9.358437e-02;2.948255e-01;2.677468e-01;1.688791e+02;7.635674e+02;4.096342e+02;1.075225e+03;8.996276e+02;1.643845e+03;1.647632e+03;2.766442e+03;2.944846e-01;4.423575e-01;6.299338e+02;1.483974e+03;1.207794e+00;4.530676e+00;2.851244e+06;2.575053e+06;2.169228e+00;5.077104e+00;4.581575e+01;5.401010e+01;1.269604e-01;-1.175223e-01;3.803459e-01;1.169679e+00;4.926885e-01;4.203222e-01;5.045105e+00;5.124721e+00;8.237036e+00;-1.854009e+01;7.148305e+00;-1.482949e+01;8.280880e+00;-2.051309e+01;9.498619e+00;-1.070237e+01;7.998474e+00;-7.745415e+00;1.134109e+01;1.191757e+00;7.394388e+00;1.854781e+00;7.890705e+00;-7.981066e-03;8.849818e+00;-1.109114e+01;6.836294e+00;-1.094645e+01;8.214178e+00;-8.022718e+00;7.289234e+00;-3.759114e+00;6.277038e+00;-3.595173e+00;2.120576e-04;-8.186696e-06;7.267151e-07;7.507735e-08;5.233772e-07;-1.041038e-07;6.196758e-07;-4.545737e-08;1.846558e-06;-3.718144e-07;3.693786e-04;3.845375e-05;1.417426e-01;1.819582e-02;8.091326e-02;4.902864e-03;5.855413e-03;7.089953e-04;7.516021e-03;-1.424918e-03;2.118687e-02;6.545525e-04;3.376461e-02;1.604400e-03;5.250930e-02;2.072192e-03;6.022020e-02;4.574568e-03;9.239376e-02;1.934779e-03;1.209407e-01;9.048003e-03;1.310234e-01;8.767921e-03;1.626768e-01;6.144416e-03;1.407041e-01;7.749142e-03;1.520217e-01;9.392425e-03;1.564909e-01;1.286868e-02;1.666103e-01;7.992484e-03;1.729764e-01;4.209033e-03;1.800241e-01;5.844899e-03;1.526739e-01;5.483447e-03;1.371328e-01;3.419617e-03;1.297891e-01;3.739283e-03;1.261471e-01;4.552419e-03;1.143173e-01;6.340146e-03;9.514995e-02;7.120769e-03;9.704771e-02;4.158039e-03;8.558713e-02;2.793303e-03;6.409866e-02;3.123480e-03;4.531673e-02;1.983966e-03;3.460960e-02;1.266166e-03;2.401813e-02;6.363241e-04;3.739979e-02;3.339261e-03;8.916453e-02;6.470226e-03;6.616497e+01;-7.895508e-01;1.023825e+02;-8.886035e+00;2.077744e+02;-2.615566e+01;3.375406e+02;-5.427803e+01;9.708363e-02;6.649076e-03;1.350829e+02;-1.835753e+01;2.671778e-01;-2.470168e-02;5.769715e+05;-9.641734e+04;4.509468e-01;3.682203e-02;9.487732e+00;5.286376e-01;2.845968e-02;-2.877094e-03;8.144818e-02;-1.127672e-02;9.562248e-02;1.075845e-02;1.561097e+00;1.159743e-01;2.565957e+00;-1.501463e-01;2.194988e+00;-1.301263e-01;2.488577e+00;-1.730938e-01;3.313530e+00;1.039414e-01;2.525383e+00;8.815639e-02;3.546128e+00;1.465113e-01;2.613156e+00;9.448343e-02;2.169959e+00;-3.565161e-02;2.647183e+00;-1.442825e-01;2.184137e+00;-1.089266e-02;2.237877e+00;-8.728559e-02;2.278184e+00;-4.861001e-02;2.120946e+00;5.255001e-02
109.000000;8.082493e+01;2.006938e+02;6.769345e-02;8.111607e-01;5.319790e-02;3.423167e-02;6.248225e-02;3.365445e-02;1.740125e-01;1.997895e-01;3.449599e+01;-6.461798e+00;6.540589e-01;1.696435e+00;3.432841e-01;1.065960e+00;3.067255e-02;5.062924e-02;4.271573e-02;7.870749e-02;5.598058e-02;1.359952e-01;7.746127e-02;2.916720e-01;1.308739e-01;4.562843e-01;1.869839e-01;5.994456e-01;3.021084e-01;7.521289e-01;4.086374e-01;9.016111e-01;6.464463e-01;1.090723e+00;7.513761e-01;1.153615e+00;6.011285e-01;1.154938e+00;5.332237e-01;1.143419e+00;5.725659e-01;1.194758e+00;5.708561e-01;1.231274e+00;6.424572e-01;1.332580e+00;5.808938e-01;1.378403e+00;5.159460e-01;1.402089e+00;5.344343e-01;1.464029e+00;4.415534e-01;1.466247e+00;4.597111e-01;1.496040e+00;4.225102e-01;1.513086e+00;4.471748e-01;1.493590e+00;4.289300e-01;1.416862e+00;3.638955e-01;1.281917e+00;2.513208e-01;1.093336e+00;1.704868e-01;9.091593e-01;1.284042e-01;7.517585e-01;9.837825e-02;6.099886e-01;1.528974e-01;1.397210e-01;2.870319e-01;2.520128e-01;1.420217e+02;6.979629e+02;3.233104e+02;8.975039e+02;7.311582e+02;1.364487e+03;1.428217e+03;2.429089e+03;2.509430e-01;4.349434e-01;5.202314e+02;1.305449e+03;1.221429e+00;4.191795e+00;2.305398e+06;2.254800e+06;2.535809e+00;5.723923e+00;5.583420e+01;6.599342e+01;1.426952e-01;-1.571575e-01;3.074907e-01;1.062553e+00;5.629646e-01;6.009259e-01;4.183773e+00;6.008200e+00;8.550791e+00;-1.753197e+01;6.934443e+00;-1.669922e+01;8.224471e+00;-2.481255e+01;9.488930e+00;-1.342312e+01;9.290927e+00;-8.972200e+00;1.046257e+01;1.935590e+00;7.189910e+00;2.491678e+00;6.087499e+00;-1.613077e+00;6.925356e+00;-1.245322e+01;7.432398e+00;-1.279462e+01;7.683827e+00;-1.042971e+01;8.255222e+00;-6.056166e+00;5.591314e+00;-5.077218e+00;1.301337e-04;-2.716635e-06;4.938689e-07;7.811987e-08;4.865216e-07;-5.408020e-08;6.295938e-07;-6.958313e-09;1.907779e-06;-9.172964e-08;2.570651e-04;3.943092e-05;1.386886e-01;7.261244e-03;7.278032e-02;2.398290e-03;5.859863e-03;3.383729e-04;7.170597e-03;-6.591081e-04;2.015391e-02;-2.994654e-04;2.469030e-02;7.805848e-04;3.843007e-02;6.304542e-04;5.455770e-02;1.528072e-03;9.227466e-02;1.561699e-03;9.902199e-02;2.318275e-03;1.301519e-01;9.274045e-03;1.497111e-01;6.211037e-03;1.181798e-01;7.737465e-03;1.382365e-01;3.858397e-03;1.536979e-01;1.484000e-04;1.459679e-01;-9.939944e-04;1.589933e-01;2.313538e-03;1.595733e-01;3.859814e-03;1.372148e-01;2.742489e-03;1.251354e-01;5.677579e-03;1.145418e-01;2.149029e-03;1.172931e-01;1.838220e-03;1.080903e-01;2.885025e-03;9.965479e-02;2.488286e-03;8.440765e-02;1.402300e-03;7.854020e-02;1.906346e-03;5.756629e-02;5.683088e-04;4.062688e-02;3.271849e-04;3.038854e-02;6.832298e-04;2.025022e-02;7.592007e-04;4.578919e-02;1.308175e-03;8.353045e-02;-6.493298e-04;5.051458e+01;3.445312e-01;1.007658e+02;-2.383008e+00;2.089501e+02;-7.565332e+00;3.325099e+02;-1.540342e+01;8.581290e-02;-1.379797e-04;1.297928e+02;-5.266890e+00;2.695739e-01;-1.643104e-02;5.085929e+05;-2.372721e+04;5.805334e-01;3.452500e-02;1.274100e+01;5.975331e-01;3.034423e-02;-1.477444e-03;7.737720e-02;-2.803860e-03;1.121324e-01;6.116385e-03;1.276557e+00;3.242956e-02;2.349424e+00;-7.965790e-02;2.088161e+00;-1.606302e-01;2.589934e+00;-1.391304e-01;2.947971e+00;-9.817814e-02;2.989596e+00;-2.693946e-02;3.093560e+00;3.291586e-02;2.386778e+00;1.036391e-02;2.129448e+00;-1.179741e-01;2.464199e+00;-8.282055e-02;2.557735e+00;-1.039545e-01;2.392563e+00;-6.776024e-02;2.428445e+00;-9.441971e-02;2.033211e+00;-4.851833e-02
109.500000;6.889037e+01;2.212024e+02;5.703819e-02;8.245438e-01;8.569760e-02;6.353264e-02;7.996366e-02;5.688451e-02;1.607576e-01;2.436536e-01;1.621343e+01;4.085700e+00;5.449298e-01;1.670992e+00;2.806973e-01;1.046742e+00;2.518359e-02;4.901339e-02;3.357507e-02;7.166415e-02;3.837585e-02;1.343608e-01;6.788519e-02;2.720221e-01;1.163922e-01;4.175508e-01;1.777916e-01;5.860733e-01;2.413615e-01;6.804981e-01;3.583974e-01;8.330655e-01;6.088438e-01;1.042485e+00;4.834697e-01;1.055500e+00;4.236597e-01;1.115519e+00;4.596809e-01;1.198573e+00;5.473242e-01;1.258813e+00;5.123419e-01;1.268226e+00;4.548438e-01;1.236314e+00;4.881042e-01;1.343893e+00;4.484563e-01;1.408154e+00;4.571858e-01;1.445990e+00;3.873160e-01;1.468397e+00;3.997597e-01;1.482337e+00;3.791472e-01;1.484566e+00;4.191311e-01;1.479730e+00;3.551083e-01;1.387964e+00;2.982958e-01;1.256308e+00;2.591546e-01;1.097941e+00;1.757643e-01;9.114686e-01;1.293253e-01;7.459977e-01;1.053316e-01;6.035571e-01;1.453682e-01;1.135072e-01;1.974129e-01;2.333658e-01;1.319688e+02;6.876270e+02;2.448817e+02;8.542939e+02;5.318636e+02;1.206290e+03;1.158740e+03;2.059005e+03;1.826768e-01;3.940710e-01;3.795910e+02;1.191824e+03;1.012574e+00;4.081337e+00;1.879348e+06;1.788388e+06;2.914233e+00;6.662478e+00;6.479026e+01;8.340137e+01;1.144267e-01;-1.361128e-01;2.169124e-01;1.000354e+00;4.572068e-01;5.282226e-01;3.449206e+00;7.108201e+00;7.720382e+00;-1.800031e+01;8.094666e+00;-2.055866e+01;7.138176e+00;-2.716546e+01;9.563847e+00;-1.178954e+01;1.017185e+01;-4.297063e+00;9.017961e+00;1.327472e+00;8.248879e+00;-1.448618e+00;6.147263e+00;-2.863016e+00;7.032709e+00;-9.281264e+00;9.039180e+00;-1.037577e+01;7.115357e+00;-1.210711e+01;6.805174e+00;-9.210865e+00;6.493689e+00;-4.168605e+00;5.344824e-04;5.068323e-05;5.952571e-07;-5.375809e-09;9.771138e-07;4.462940e-08;9.399246e-07;7.279380e-08;1.964687e-06;5.029883e-09;2.023470e-04;6.527271e-07;1.225371e-01;-7.722107e-03;6.518978e-02;-2.738125e-03;5.066363e-03;-3.026688e-04;6.650603e-03;-1.476442e-04;1.383877e-02;-4.452667e-04;1.733997e-02;-1.646459e-03;2.673439e-02;-1.525569e-03;4.824992e-02;-3.252549e-03;6.626478e-02;5.871269e-04;7.964499e-02;-3.800303e-03;1.259768e-01;-4.229186e-03;1.132011e-01;-2.458882e-03;9.650333e-02;-1.326018e-03;1.068787e-01;-3.961375e-03;1.374222e-01;-1.034254e-02;1.234258e-01;-8.241209e-03;1.377085e-01;-1.057962e-03;1.448769e-01;-2.632656e-03;1.177355e-01;-4.085880e-03;1.191599e-01;-2.817440e-03;1.161379e-01;-2.366812e-03;1.224612e-01;-3.256990e-03;1.128183e-01;-4.056336e-03;1.009532e-01;-4.435080e-03;7.647751e-02;-1.789920e-03;7.489955e-02;-2.284330e-03;5.741734e-02;-1.277022e-03;3.716630e-02;-1.668921e-04;2.831666e-02;-2.221944e-04;2.214346e-02;-9.951336e-05;4.022755e-02;-2.620082e-03;5.643607e-02;-4.179797e-03;4.579794e+01;-3.588867e-01;9.032735e+01;-6.316406e-01;1.724746e+02;-4.737305e-01;3.119978e+02;-2.052832e+00;6.639197e-02;-3.574623e-03;1.075006e+02;-4.713776e-01;2.739767e-01;-2.414552e-03;4.644678e+05;2.695390e+03;7.221334e-01;2.320869e-02;1.597708e+01;3.892543e-01;2.523947e-02;1.803810e-03;6.146688e-02;-2.608906e-04;9.476260e-02;-6.631882e-03;9.274630e-01;-2.099259e-02;2.041447e+00;2.739183e-02;2.240550e+00;-7.033578e-02;2.376345e+00;-3.839768e-02;2.284938e+00;-1.449031e-01;2.544469e+00;4.950685e-02;2.864445e+00;1.286812e-03;2.451084e+00;-6.482395e-02;2.371958e+00;-9.751262e-03;2.454359e+00;3.193748e-04;2.714550e+00;5.556281e-02;2.330886e+00;1.115068e-01;2.308099e+00;-1.058984e-03;1.618970e+00;-7.541480e-02
110.000000;7.431115e+01;2.397331e+02;4.762725e-02;8.344648e-01;8.795170e-02;8.078727e-02;1.012595e-01;9.258727e-02;1.536446e-01;2.110792e-01;4.382143e+00;8.247070e+00;3.240007e-01;1.656213e+00;1.665976e-01;1.025450e+00;1.601483e-02;4.829111e-02;2.366450e-02;5.802091e-02;3.545063e-02;1.321358e-01;8.545932e-02;2.712924e-01;1.389887e-01;4.165635e-01;1.611988e-01;5.514174e-01;1.330407e-01;6.664116e-01;1.897148e-01;7.652773e-01;3.104689e-01;8.973848e-01;3.349636e-01;9.721723e-01;3.273274e-01;9.868665e-01;4.102015e-01;1.135865e+00;3.794951e-01;1.234566e+00;3.656175e-01;1.288980e+00;3.042992e-01;1.286643e+00;3.569990e-01;1.337987e+00;3.134527e-01;1.390985e+00;3.486729e-01;1.426287e+00;3.156221e-01;1.472540e+00;3.092722e-01;1.498898e+00;2.828304e-01;1.498778e+00;3.074326e-01;1.470747e+00;2.885719e-01;1.380081e+00;2.341280e-01;1.250205e+00;2.120943e-01;1.082422e+00;1.534958e-01;9.044769e-01;1.181501e-01;7.439013e-01;1.073211e-01;5.988292e-01;9.381966e-02;6.365891e-02;1.627831e-01;2.381425e-01;1.506186e+02;7.260996e+02;2.177628e+02;8.535762e+02;3.391552e+02;1.071779e+03;7.563663e+02;1.727537e+03;1.675491e-01;3.543803e-01;2.801451e+02;1.096143e+03;9.243739e-01;3.758951e+00;1.156118e+06;1127962;2.943198e+00;7.983168e+00;7.337224e+01;1.148025e+02;7.286017e-02;-1.170283e-01;1.612241e-01;9.498777e-01;2.886536e-01;4.608557e-01;3.739929e+00;6.964545e+00;6.839162e+00;-2.254230e+01;6.875022e+00;-2.455282e+01;7.483713e+00;-2.810295e+01;8.395137e+00;-1.138858e+01;8.854836e+00;-3.383404e+00;9.789403e+00;5.348164e-01;8.611506e+00;8.430480e-01;8.938960e+00;3.147359e+00;7.445488e+00;-3.538979e+00;9.305712e+00;-7.666966e+00;7.390493e+00;-1.599900e+01;8.152182e+00;-1.268443e+01;5.645960e+00;-1.535179e+00;8.450545e-04;3.955011e-05;5.889476e-07;-1.573512e-08;1.176836e-06;7.765967e-08;1.469099e-06;5.840307e-08;1.975433e-06;-3.352692e-08;5.069070e-05;-2.235019e-06;1.053977e-01;-7.793352e-03;4.997798e-02;-3.708522e-03;3.612097e-03;-4.094538e-04;4.643971e-03;2.682036e-04;1.377753e-02;-5.992642e-05;2.903005e-02;-8.669881e-04;4.675980e-02;-1.804299e-03;4.766504e-02;-2.461799e-03;4.095853e-02;-3.668667e-03;4.948162e-02;-5.201913e-03;6.610543e-02;-1.193732e-02;6.883343e-02;-8.828597e-03;8.781128e-02;-9.594678e-03;8.711502e-02;-7.635842e-03;9.958868e-02;-4.307438e-03;9.826073e-02;8.577231e-04;1.100987e-01;-1.564870e-03;9.721418e-02;-2.214070e-03;8.077982e-02;-5.312803e-03;9.656583e-02;-7.608732e-03;1.054963e-01;-8.938146e-03;1.076823e-01;-5.986919e-03;9.127185e-02;-3.005591e-03;8.612683e-02;-2.617720e-03;7.335222e-02;-1.507926e-03;6.511629e-02;-1.146970e-03;4.852420e-02;-9.794583e-04;3.138600e-02;2.371740e-04;2.248676e-02;-1.747017e-04;2.180952e-02;-9.109933e-05;3.672167e-02;-1.875103e-03;6.130050e-02;-5.599914e-04;4.017946e+01;6.775781e+00;5.111479e+01;7.522265e+00;1.047165e+02;7.105957e+00;2.436799e+02;1.454209e+01;6.705297e-02;-3.949848e-03;7.168339e+01;8.171821e+00;2.531742e-01;7.835173e-03;3.441588e+05;1.592812e+04;7.308351e-01;-2.838918e-02;1.644969e+01;-5.695666e-01;1.921159e-02;1.748321e-03;3.997578e-02;4.993267e-03;6.541261e-02;-6.340986e-03;9.535675e-01;-1.271880e-01;1.617550e+00;-3.059629e-02;2.314562e+00;2.138449e-02;2.276115e+00;1.707480e-01;2.050174e+00;1.491050e-01;2.027618e+00;-1.849855e-01;2.443768e+00;-2.550458e-01;2.100798e+00;3.118379e-02;2.088860e+00;2.322783e-01;2.042006e+00;1.361207e-01;2.221115e+00;6.161809e-02;2.081540e+00;-9.041753e-02;1.819821e+00;4.400541e-02;1.355083e+00;8.269273e-02
110.500000;1.345265e+02;2.276851e+02;8.435524e-02;8.033765e-01;6.844235e-02;5.175961e-02;9.567221e-02;6.475560e-02;1.623066e-01;1.554612e-01;4.222920e+01;-1.339122e+01;4.058014e-01;1.385728e+00;1.582594e-01;9.642855e-01;1.841623e-02;3.614316e-02;5.394695e-02;8.311918e-02;4.543991e-02;1.342321e-01;8.061341e-02;2.760213e-01;1.240893e-01;4.218999e-01;1.170953e-01;5.259385e-01;1.210914e-01;6.428542e-01;1.556351e-01;7.256436e-01;3.124948e-01;7.940564e-01;2.719100e-01;8.407789e-01;2.563509e-01;8.703516e-01;2.842221e-01;9.376248e-01;3.267464e-01;1.064808e+00;3.436955e-01;1.151615e+00;3.203635e-01;1.201416e+00;3.251291e-01;1.249152e+00;3.216941e-01;1.299363e+00;3.283687e-01;1.359980e+00;3.027212e-01;1.396225e+00;2.624822e-01;1.416018e+00;2.890067e-01;1.445897e+00;3.125900e-01;1.427874e+00;2.785137e-01;1.361346e+00;2.544992e-01;1.230622e+00;2.260920e-01;1.065433e+00;1.853033e-01;8.986869e-01;1.368403e-01;7.383379e-01;1.106812e-01;5.952471e-01;9.469493e-02;4.849797e-02;1.626367e-01;1.536002e-01;2.312157e+02;8.054854e+02;5.763610e+02;1.103361e+03;1.143923e+03;1.565320e+03;1.718320e+03;2.517375e+03;1.797754e-01;2.746861e-01;7.395759e+02;1.437926e+03;1.453807e+00;4.097455e+00;2.376370e+06;2.255961e+06;3.398175e+00;6.597597e+00;7.472691e+01;8.683133e+01;7.173777e-02;-7.531592e-02;4.344677e-01;1.147960e+00;2.751541e-01;2.880173e-01;5.060988e+00;3.711743e+00;7.392699e+00;-2.012933e+01;7.978539e+00;-1.926736e+01;8.704903e+00;-2.532911e+01;7.173804e+00;-1.502005e+01;6.756279e+00;-1.044312e+01;1.002919e+01;-3.670979e+00;8.153665e+00;4.047016e+00;7.509740e+00;9.560574e+00;6.069493e+00;-1.531415e+00;1.065877e+01;-1.201193e+01;7.819674e+00;-1.976413e+01;8.571496e+00;-1.063688e+01;6.825023e+00;1.173997e+00;6.672731e-04;8.946633e-06;4.597826e-07;-6.083702e-08;9.411974e-07;-2.111505e-08;1.299715e-06;-8.750160e-09;1.734136e-06;1.521721e-07;2.034842e-04;-1.994338e-05;1.080763e-01;-9.515907e-03;5.610349e-02;-7.217848e-04;2.983774e-03;-3.974512e-04;4.121760e-03;1.665281e-03;1.745309e-02;4.618440e-04;3.010507e-02;1.102340e-03;4.761679e-02;-1.930244e-04;4.711397e-02;-1.148461e-03;4.177052e-02;-3.567589e-03;3.474898e-02;-5.800142e-03;6.476235e-02;-5.256657e-03;6.253596e-02;-3.070783e-03;8.664262e-02;-2.950928e-03;8.920462e-02;-1.922374e-03;8.924454e-02;-1.669609e-03;9.141236e-02;-8.444093e-04;1.152899e-01;-1.958180e-03;1.048646e-01;-6.087927e-04;1.031473e-01;-1.712193e-03;1.067322e-01;9.496092e-04;1.052423e-01;7.760530e-04;9.801435e-02;1.796995e-03;9.851056e-02;4.228800e-04;9.664286e-02;6.352151e-04;7.724018e-02;1.547830e-03;6.360005e-02;6.964961e-04;5.268371e-02;1.621384e-03;4.195951e-02;1.178010e-03;2.526253e-02;3.448642e-04;2.131671e-02;4.032157e-04;3.590528e-02;-7.491615e-04;5.791483e-02;-2.273440e-03;5.991014e+01;1.075225e+01;9.157584e+01;2.516514e+01;1.519777e+02;4.147295e+01;2.520015e+02;5.617295e+01;7.186546e-02;-2.967996e-03;1.052628e+02;2.843287e+01;2.347965e-01;3.289788e-02;4.561915e+05;7.588341e+04;5.742866e-01;-6.509829e-02;1.259337e+01;-9.291032e-01;1.490355e-02;1.071785e-03;6.405181e-02;1.673890e-02;3.668708e-02;-4.110952e-03;1.057303e+00;-1.601363e-01;1.585140e+00;1.504851e-01;1.883395e+00;2.534518e-01;2.005932e+00;1.905724e-01;2.108906e+00;1.050916e-01;1.930266e+00;1.381615e-02;2.261382e+00;-4.599693e-02;2.311106e+00;-3.981945e-02;2.356434e+00;1.738703e-02;2.107278e+00;1.109744e-02;2.110270e+00;-9.864721e-03;2.227303e+00;-1.187033e-02;1.767011e+00;5.663366e-02;1.825496e+00;-1.905579e-02
111.000000;1.449086e+02;1.824657e+02;9.659157e-02;7.626103e-01;7.475593e-02;4.019579e-02;4.165246e-02;2.352501e-02;1.744106e-01;1.539799e-01;4.829299e+01;-3.043257e+01;6.009709e-01;1.161093e+00;4.928407e-01;1.093412e+00;2.896032e-02;3.001778e-02;7.351770e-02;1.239242e-01;6.615224e-02;1.489672e-01;1.158831e-01;2.958671e-01;2.206714e-01;4.593506e-01;3.689060e-01;6.547396e-01;5.395860e-01;8.097369e-01;9.898418e-01;1.029620e+00;1.428011e+00;1.280535e+00;8.759582e-01;1.132320e+00;9.289841e-01;1.238055e+00;9.721669e-01;1.329990e+00;7.426632e-01;1.204694e+00;6.116322e-01;1.203039e+00;5.968392e-01;1.301404e+00;6.315360e-01;1.377931e+00;6.100213e-01;1.407721e+00;6.061480e-01;1.485646e+00;5.432280e-01;1.476081e+00;5.347138e-01;1.515076e+00;5.257282e-01;1.513757e+00;4.996481e-01;1.502551e+00;4.084409e-01;1.413384e+00;3.919914e-01;1.284733e+00;2.885790e-01;1.104975e+00;2.230390e-01;9.197014e-01;1.543039e-01;7.403439e-01;1.143187e-01;5.984905e-01;2.037894e-01;9.740238e-02;2.248424e-01;1.265787e-01;3.112216e+02;8.964990e+02;8.495583e+02;1.515363e+03;1.784670e+03;2.537760e+03;2.991349e+03;4.152463e+03;2.059507e-01;2.558123e-01;1.175527e+03;2.072994e+03;1.813890e+00;4.970581e+00;4689380;5.105404e+06;3.542233e+00;5.037898e+00;6.783413e+01;5.939825e+01;1.296652e-01;-7.950369e-02;7.204406e-01;1.539112e+00;5.165358e-01;3.035820e-01;6.865415e+00;1.760872e+00;6.093570e+00;-1.379126e+01;7.337223e+00;-1.419815e+01;1.083731e+01;-2.227218e+01;7.012738e+00;-1.428761e+01;6.438444e+00;-1.025413e+01;8.009959e+00;-4.072982e+00;7.330084e+00;3.124236e-01;8.550626e+00;5.176440e+00;6.123144e+00;-2.417797e+00;1.058419e+01;-9.165679e+00;8.677629e+00;-1.431419e+01;5.503768e+00;-6.857136e+00;8.046535e+00;-1.823418e+00;9.764954e-05;1.450405e-05;5.491339e-07;-3.899106e-08;6.634683e-07;-8.275929e-08;4.050423e-07;-7.421558e-08;1.189683e-06;1.871594e-07;3.474307e-04;-1.615768e-05;1.121122e-01;3.674521e-03;8.380758e-02;3.333905e-03;4.409159e-03;2.952226e-04;8.600325e-03;1.563366e-04;1.969248e-02;6.977968e-04;2.974341e-02;2.205887e-03;5.447142e-02;4.007665e-03;6.902809e-02;1.673083e-03;9.633373e-02;3.516262e-03;1.837118e-01;3.825475e-03;2.821156e-01;1.140968e-02;1.427856e-01;1.050793e-02;1.789688e-01;6.305948e-03;1.738065e-01;8.432705e-03;1.438988e-01;6.487750e-03;1.188335e-01;-2.081667e-03;1.410117e-01;2.137176e-03;1.337826e-01;2.973529e-03;1.328108e-01;5.025823e-03;1.359211e-01;4.857214e-03;1.137838e-01;3.865960e-03;1.080215e-01;4.276252e-03;1.125312e-01;1.529894e-03;1.044899e-01;5.208775e-04;8.550531e-02;1.122577e-03;7.072833e-02;1.247576e-03;5.857815e-02;6.411581e-04;4.435465e-02;8.269717e-04;2.879099e-02;6.729746e-04;2.030282e-02;-4.957955e-06;3.952487e-02;1.173252e-03;6.544463e-02;1.909864e-04;9.660032e+01;-6.876269e+00;1.606068e+02;-7.263867e+00;2.805002e+02;-5.110547e+00;4.583634e+02;-1.108242e+01;5.169931e-02;5.245727e-03;1.855727e+02;-6.985291e+00;2.773614e-01;-5.042046e-03;7.709781e+05;-7.642060e+03;7.265546e-01;4.207500e-02;1.666088e+01;1.028001e+00;2.095160e-02;-1.201143e-03;1.154572e-01;-4.242467e-03;7.745005e-02;4.306226e-03;1.236027e+00;1.332415e-01;1.786268e+00;7.962394e-02;1.649908e+00;-3.431455e-02;2.271209e+00;-8.772951e-02;2.061807e+00;-8.659688e-02;1.932014e+00;1.575389e-01;2.008105e+00;2.728881e-01;2.220816e+00;-3.324320e-02;2.298978e+00;-1.860527e-01;2.225774e+00;-1.074742e-01;2.102200e+00;1.315682e-02;2.147471e+00;4.815103e-02;1.998452e+00;-6.459294e-02;1.874254e+00;-1.272135e-01
111.500000;9.551027e+01;1.635542e+02;8.966225e-02;7.861506e-01;6.515644e-02;3.208340e-02;3.300846e-02;1.853893e-02;1.470270e-01;1.501031e-01;4.428976e+01;-2.015239e+01;6.581689e-01;1.318629e+00;5.021481e-01;1.173783e+00;2.920350e-02;3.477684e-02;7.171458e-02;1.116805e-01;7.296674e-02;1.505238e-01;1.296797e-01;3.373071e-01;2.444530e-01;5.390174e-01;3.790050e-01;7.253104e-01;5.724955e-01;9.715943e-01;9.938177e-01;1.140620e+00;1.413708e+00;1.360557e+00;8.523318e-01;1.188200e+00;9.204563e-01;1.273486e+00;9.612141e-01;1.391596e+00;7.109092e-01;1.326701e+00;6.221477e-01;1.382376e+00;6.441935e-01;1.496012e+00;7.058055e-01;1.583368e+00;6.683428e-01;1.581426e+00;6.089163e-01;1.540256e+00;5.873642e-01;1.569821e+00;5.940591e-01;1.613976e+00;5.765246e-01;1.618198e+00;5.028658e-01;1.538549e+00;4.186729e-01;1.431645e+00;3.948821e-01;1.317384e+00;2.940884e-01;1.126525e+00;2.317371e-01;9.373946e-01;1.624359e-01;7.608464e-01;1.088466e-01;6.156679e-01;2.201450e-01;1.847057e-01;2.224950e-01;1.521914e-01;3.244908e+02;7.407422e+02;8.668716e+02;1.271033e+03;1.745553e+03;2.349703e+03;3.035033e+03;4.005750e+03;2.170282e-01;2.992120e-01;1.198606e+03;1.891034e+03;1.545437e+00;5.036607e+00;5.046064e+06;4914646;3.023800e+00;4.766695e+00;6.176758e+01;5.365886e+01;1.265874e-01;-9.332185e-02;7.540632e-01;1.420328e+00;5.033630e-01;3.588114e-01;7.258239e+00;4.883486e+00;5.809413e+00;-1.298426e+01;7.106836e+00;-1.199099e+01;1.022427e+01;-1.918634e+01;8.485666e+00;-1.585127e+01;1.125169e+01;-1.484016e+01;9.652960e+00;-6.808372e+00;4.952816e+00;-2.956192e+00;8.372276e+00;-2.400815e+00;8.511102e+00;-6.493468e+00;6.217146e+00;-4.146921e+00;5.377828e+00;-7.833789e+00;6.246145e+00;-8.920828e+00;3.893435e+00;-6.677805e+00;3.508636e-05;3.471698e-06;5.702101e-07;6.067783e-08;3.988646e-07;-3.765972e-08;1.762012e-07;-2.655930e-08;1.255224e-06;-3.014431e-08;3.509225e-04;2.107406e-05;1.083217e-01;8.825061e-03;8.511488e-02;3.387316e-03;4.519234e-03;3.497177e-04;9.351674e-03;-1.505417e-03;2.047179e-02;-2.374908e-04;3.251101e-02;-3.689860e-05;6.015744e-02;1.483751e-03;7.425584e-02;3.983691e-03;1.189793e-01;5.354133e-03;1.937637e-01;4.896956e-03;2.878872e-01;5.871051e-03;1.442876e-01;4.681127e-03;1.779840e-01;-3.591350e-04;1.684623e-01;4.635609e-03;1.378627e-01;5.205424e-03;1.295743e-01;3.137436e-03;1.414983e-01;1.136824e-03;1.592424e-01;6.791660e-03;1.573007e-01;8.505886e-03;1.311127e-01;4.553678e-03;1.256520e-01;4.507343e-03;1.125457e-01;2.490741e-03;1.084895e-01;5.624611e-03;9.454273e-02;6.273975e-03;8.755288e-02;2.208529e-03;7.427805e-02;2.751242e-03;6.588708e-02;6.283568e-04;4.673822e-02;2.011006e-03;3.292818e-02;1.435347e-03;2.079373e-02;5.353926e-04;4.825532e-02;4.274745e-03;6.452680e-02;1.098084e-03;8.316647e+01;-1.313525e+01;1.629472e+02;-2.754815e+01;3.168908e+02;-4.422920e+01;5.459189e+02;-4.873682e+01;4.780746e-02;1.828948e-03;2.025740e+02;-2.886465e+01;2.805754e-01;-3.384830e-02;902397;-7.207704e+04;7.328259e-01;2.459607e-02;1.662368e+01;2.219098e-01;2.191979e-02;-7.959096e-04;1.277172e-01;-1.775696e-02;8.390453e-02;3.260250e-03;1.307936e+00;1.642347e-01;1.738249e+00;-2.442009e-02;1.781828e+00;3.167023e-02;2.369809e+00;-7.553291e-02;2.411051e+00;-2.499778e-01;2.421282e+00;-3.034815e-01;2.294644e+00;-1.697481e-01;1.559290e+00;-3.398463e-02;2.044267e+00;-1.486235e-01;2.475085e+00;-4.246609e-02;1.956443e+00;1.485412e-01;1.969478e+00;-2.718148e-02;2.153777e+00;-1.620643e-01;1.405752e+00;1.563632e-02
112.000000;9.425090e+01;1.888927e+02;7.846245e-02;8.062013e-01;2.109245e-02;1.421184e-02;1.540391e-02;1.073966e-02;1.306696e-01;1.374070e-01;3.939090e+01;-1.205209e+01;4.022616e-01;1.442785e+00;2.399209e-01;1.019751e+00;1.466498e-02;3.435333e-02;4.912845e-02;8.535273e-02;6.138101e-02;1.419540e-01;9.664807e-02;3.023829e-01;1.659058e-01;4.728726e-01;2.159134e-01;5.944518e-01;3.751013e-01;7.727003e-01;3.439363e-01;7.925858e-01;3.418302e-01;8.262888e-01;2.498224e-01;8.994403e-01;2.683283e-01;9.388252e-01;3.322732e-01;1.007285e+00;2.734057e-01;1.082493e+00;3.785388e-01;1.201431e+00;4.722024e-01;1.290062e+00;5.466248e-01;1.381467e+00;5.422021e-01;1.439880e+00;3.522163e-01;1.384347e+00;3.985922e-01;1.473461e+00;3.895996e-01;1.484164e+00;4.129490e-01;1.534319e+00;3.418986e-01;1.477514e+00;2.592723e-01;1.383812e+00;2.357112e-01;1.247808e+00;2.200170e-01;1.093310e+00;1.825737e-01;9.278989e-01;1.364731e-01;7.573279e-01;9.348346e-02;6.054573e-01;2.373767e-01;2.751525e-01;8.835208e-02;1.277271e-01;1.541509e+02;5.333057e+02;5.166018e+02;8.195537e+02;1.171253e+03;1.670689e+03;1.847952e+03;3.013931e+03;1.540202e-01;2.973959e-01;7.473462e+02;1.396119e+03;1.126141e+00;4.557259e+00;3.212764e+06;2.979116e+06;1.324651e+00;4.216384e+00;1.817817e+01;3.553926e+01;4.107052e-02;-6.241921e-02;4.780696e-01;1.086059e+00;1.634668e-01;2.260930e-01;5.392303e+00;6.999535e+00;4.964004e+00;-1.245747e+01;6.051945e+00;-6.222848e+00;4.684635e+00;-1.720350e+01;9.279025e+00;-1.943742e+01;1.397209e+01;-2.400248e+01;1.169650e+01;-1.446185e+01;5.954264e+00;-4.903807e+00;8.077108e+00;-5.934911e+00;7.594742e+00;-9.688517e+00;1.385178e+01;3.532935e-01;5.371237e+00;-7.473049e+00;6.052535e+00;-1.000868e+01;3.899464e+00;-6.873529e+00;1.245637e-04;1.729577e-05;4.800571e-07;-9.015386e-09;1.959544e-07;-1.876694e-08;1.625894e-07;-5.022897e-09;1.467006e-06;2.960201e-08;3.396222e-04;-2.443872e-06;9.990662e-02;-7.734373e-03;5.484089e-02;-2.591093e-03;3.282815e-03;-4.134061e-04;6.650106e-03;7.039557e-04;2.274540e-02;-5.541813e-04;2.409586e-02;-3.071092e-03;3.577523e-02;-6.064998e-03;4.125842e-02;-4.208264e-03;7.716180e-02;-7.326957e-03;7.211179e-02;-5.150926e-03;9.242149e-02;-7.047403e-03;7.356676e-02;-6.121428e-03;9.435777e-02;-3.451239e-03;8.408017e-02;-5.675256e-03;8.132228e-02;-6.522579e-03;1.019314e-01;-3.963832e-03;1.022760e-01;-5.634631e-03;1.260541e-01;-6.555131e-03;1.354690e-01;-2.557350e-03;1.041636e-01;-6.516580e-04;1.154104e-01;1.983330e-03;9.984782e-02;-8.973603e-04;8.236724e-02;-1.709186e-04;7.287671e-02;5.041873e-04;6.846996e-02;2.870617e-03;6.117109e-02;4.131761e-04;5.646659e-02;1.598989e-03;4.609462e-02;3.688756e-04;3.125460e-02;-9.026990e-05;2.120369e-02;6.078887e-04;3.974951e-02;-1.359913e-03;2.890520e-02;-1.447860e-03;3.400142e+01;1.981055e+00;1.251904e+02;1.639395e+01;2.713441e+02;3.247207e+01;4.533120e+02;4.833486e+01;5.807882e-02;-5.236411e-03;1.660401e+02;2.125734e+01;2.240794e-01;2.366813e-02;8.092148e+05;7.048277e+04;4.544929e-01;-6.826676e-02;8.036125e+00;-1.256775e+00;1.029244e-02;1.380018e-03;1.051777e-01;1.269845e-02;3.968715e-02;-5.034853e-03;1.354473e+00;-2.075621e-01;1.689757e+00;3.087842e-02;1.671844e+00;1.356835e-01;1.959929e+00;-1.547741e-02;2.737343e+00;3.512887e-02;2.964959e+00;1.044137e-01;2.506071e+00;1.082908e-01;2.002977e+00;1.038631e-01;2.238871e+00;2.087808e-02;2.403562e+00;3.499065e-02;2.216885e+00;-1.316854e-02;1.755525e+00;-9.717762e-03;1.816156e+00;5.827950e-03;1.387500e+00;1.105099e-01
112.500000;1.035709e+02;2.165060e+02;7.892007e-02;8.132030e-01;6.077821e-02;3.601585e-02;6.901877e-02;3.766334e-02;1.126622e-01;1.245781e-01;3.279345e+01;-6.021650e+00;4.779414e-01;1.650210e+00;2.497897e-01;1.070984e+00;1.705756e-02;4.100935e-02;4.468054e-02;8.623835e-02;6.764965e-02;1.411918e-01;8.313993e-02;2.694032e-01;1.353505e-01;4.015791e-01;1.804554e-01;5.522755e-01;2.329588e-01;6.265129e-01;2.303476e-01;7.375793e-01;2.996221e-01;8.555169e-01;5.279244e-01;1.103468e+00;6.999351e-01;1.234720e+00;5.088991e-01;1.211724e+00;3.489035e-01;1.209922e+00;5.492433e-01;1.359579e+00;6.951446e-01;1.485005e+00;4.028004e-01;1.315024e+00;4.678293e-01;1.411705e+00;5.338697e-01;1.556317e+00;3.610787e-01;1.528397e+00;3.656417e-01;1.568294e+00;3.637195e-01;1.525831e+00;3.678569e-01;1.537497e+00;3.142980e-01;1.456809e+00;2.539570e-01;1.302388e+00;2.165939e-01;1.135844e+00;1.717819e-01;9.484626e-01;1.142022e-01;7.619660e-01;8.487171e-02;6.085732e-01;2.522228e-01;1.960040e-01;2.849245e-01;2.933082e-01;2.029329e+02;6.770039e+02;5.067139e+02;1.020530e+03;1.072165e+03;1.769886e+03;1.610309e+03;2.965409e+03;1.448624e-01;3.227021e-01;6.630236e+02;1.496618e+03;1.136779e+00;4.500592e+00;2.706185e+06;2516469;1.824292e+00;4.307841e+00;3.575593e+01;4.167783e+01;5.335321e-02;-8.651230e-02;4.150506e-01;1.159842e+00;2.339149e-01;3.430227e-01;5.790410e+00;3.804491e+00;9.771671e+00;-1.873440e+01;1.116464e+01;-1.132985e+01;5.061002e+00;-1.842550e+01;1.158024e+01;-1.203516e+01;1.552705e+01;-1.603115e+01;1.288761e+01;-9.002039e+00;8.132136e+00;-5.126353e+00;7.730246e+00;-4.103388e+00;9.446464e+00;-1.334103e+01;1.749331e+01;-5.532748e+00;5.644661e+00;-6.667292e+00;1.191561e+01;-2.313732e+00;4.461135e+00;-4.523122e+00;4.714634e-04;1.554665e-05;5.398137e-07;-4.452723e-08;6.295498e-07;-4.558641e-08;7.852952e-07;-4.626861e-08;1.175852e-06;2.088783e-08;3.386204e-04;-1.179565e-05;9.931318e-02;-6.222040e-03;5.051940e-02;-4.624194e-03;3.436563e-03;-2.904311e-04;6.109702e-03;9.998740e-04;2.549930e-02;9.458391e-05;2.076198e-02;-8.134081e-05;3.376906e-02;2.700706e-04;3.194894e-02;-2.955180e-03;3.251487e-02;-4.333574e-03;5.723477e-02;-2.652001e-03;8.015097e-02;-4.469621e-03;1.303399e-01;-5.917259e-03;1.290111e-01;-2.897146e-03;8.921441e-02;-7.219633e-03;8.826102e-02;-4.782614e-03;1.036795e-01;-5.365619e-03;1.123402e-01;-6.241379e-03;7.082731e-02;-8.169759e-03;1.000123e-01;-9.198309e-03;1.155807e-01;-7.235753e-03;1.092630e-01;-6.268038e-03;1.043650e-01;-6.645627e-03;7.742219e-02;-7.736732e-03;6.360652e-02;-8.709762e-03;7.318638e-02;-5.510187e-03;6.620365e-02;-3.701471e-03;5.663174e-02;-3.176908e-03;4.746996e-02;-4.234672e-03;2.885161e-02;-2.128944e-03;2.187131e-02;-9.621544e-04;3.067506e-02;-4.181346e-03;4.733695e-02;-8.187446e-04;2.928351e+01;3.402246e+00;1.040577e+02;1.056563e+01;2.209886e+02;2.632793e+01;3.442107e+02;3.360615e+01;6.072467e-02;-6.594428e-04;1.296609e+02;1.473043e+01;2.132135e-01;2.887622e-02;593787;4.643277e+04;4.517367e-01;-1.950464e-02;8.815160e+00;-1.955709e-01;1.079593e-02;7.323449e-04;7.884260e-02;9.190404e-03;4.075171e-02;-3.126103e-03;1.307854e+00;-8.165412e-02;1.766912e+00;7.041540e-03;2.000824e+00;-6.126928e-02;1.662148e+00;4.852449e-02;2.290073e+00;2.132256e-01;2.658456e+00;2.190113e-01;2.714613e+00;1.391031e-01;2.676254e+00;-4.821347e-02;2.581446e+00;4.237729e-02;2.093473e+00;3.404984e-02;2.533899e+00;-2.151550e-01;1.612757e+00;-2.371022e-02;1.895827e+00;1.286026e-01;1.362025e+00;-7.686140e-03
113.000000;1.050000e+02;1.972290e+02;7.179948e-02;8.087400e-01;6.955563e-02;5.480967e-02;7.765805e-02;5.828761e-02;1.033008e-01;1.213591e-01;3.306592e+01;-8.190272e+00;5.057427e-01;1.632217e+00;2.852462e-01;1.087212e+00;1.920108e-02;4.060286e-02;3.603284e-02;8.680776e-02;5.942517e-02;1.356172e-01;8.128303e-02;2.636161e-01;1.286018e-01;4.062027e-01;1.499699e-01;5.623505e-01;2.060326e-01;6.934900e-01;4.852917e-01;9.431546e-01;4.732078e-01;1.010289e+00;6.044672e-01;1.115646e+00;7.379079e-01;1.280809e+00;6.346126e-01;1.374124e+00;4.835722e-01;1.363710e+00;5.789627e-01;1.372795e+00;7.440552e-01;1.474290e+00;3.810259e-01;1.334552e+00;4.426450e-01;1.390140e+00;5.944219e-01;1.513206e+00;4.064031e-01;1.473986e+00;4.125461e-01;1.539364e+00;3.435458e-01;1.483022e+00;3.682027e-01;1.465973e+00;3.707851e-01;1.407880e+00;3.298613e-01;1.296246e+00;2.696937e-01;1.114202e+00;2.138645e-01;9.177517e-01;1.270819e-01;7.357156e-01;9.344711e-02;5.993706e-01;2.204319e-01;1.323541e-01;2.940077e-01;3.401168e-01;1.348225e+02;7.657207e+02;4.099454e+02;1.183608e+03;8.657975e+02;1.762421e+03;1.540872e+03;2.740603e+03;1.500766e-01;3.392820e-01;5.723242e+02;1.526278e+03;1.105337e+00;4.675429e+00;2.338325e+06;2.255662e+06;2.472517e+00;5.248168e+00;5.180714e+01;5.949194e+01;6.891530e-02;-8.925270e-02;3.315751e-01;1.198336e+00;2.711211e-01;3.531235e-01;5.247319e+00;3.270195e+00;8.181847e+00;-2.253444e+01;9.321170e+00;-2.049955e+01;8.102296e+00;-2.203579e+01;6.816320e+00;-6.266933e+00;5.802639e+00;-7.694807e+00;8.206030e+00;-4.777020e+00;7.748843e+00;-4.622206e+00;9.831389e+00;2.395967e+00;1.388185e+01;-7.928163e+00;1.084134e+01;-1.005462e+01;7.132537e+00;-7.797934e+00;1.395088e+01;-3.710905e+00;5.096000e+00;-4.320030e+00;5.294750e-04;1.020082e-05;6.720489e-07;5.476542e-08;8.175529e-07;-1.232279e-07;9.822879e-07;-1.070741e-07;1.069387e-06;-7.496006e-08;3.713782e-04;1.997669e-05;9.806379e-02;8.955995e-03;5.745589e-02;2.693768e-03;3.969722e-03;2.897965e-04;7.792882e-03;-1.063996e-03;2.036820e-02;4.233792e-04;2.066788e-02;1.786707e-03;3.590124e-02;3.037623e-03;3.874433e-02;3.013134e-03;4.883865e-02;5.271684e-03;1.379539e-01;1.844408e-03;1.316958e-01;1.379534e-03;1.422013e-01;4.649715e-04;1.249573e-01;3.796027e-03;1.132763e-01;4.442566e-03;1.207165e-01;4.088233e-03;1.157056e-01;5.117829e-03;1.205648e-01;8.803394e-03;8.107274e-02;8.934388e-03;1.075861e-01;3.674197e-03;1.205885e-01;1.711075e-03;1.012851e-01;2.861795e-03;1.023275e-01;3.751489e-04;8.480236e-02;2.231982e-03;6.692040e-02;4.490155e-03;7.423068e-02;6.598848e-04;7.979252e-02;1.246029e-03;6.005174e-02;-3.253476e-04;4.637886e-02;1.136933e-04;2.711556e-02;1.596819e-04;2.074700e-02;4.357938e-04;4.821528e-02;3.977949e-04;5.345345e-02;4.123285e-03;3.874821e+01;1.263281e+00;1.068516e+02;-1.169971e+01;1.988320e+02;-2.871094e+01;3.674665e+02;-4.544941e+01;5.611524e-02;2.623448e-03;1.312126e+02;-1.772169e+01;3.102189e-01;-1.830966e-02;5.767329e+05;-7.368508e+04;6.357938e-01;3.666530e-02;1.385773e+01;4.098169e-01;1.522094e-02;-6.882424e-04;7.670609e-02;-1.041448e-02;5.718756e-02;2.489847e-03;1.086544e+00;1.273973e-01;2.087972e+00;-1.537866e-01;2.476843e+00;-1.764552e-01;2.282745e+00;6.918301e-02;2.047409e+00;1.696440e-01;2.307442e+00;-5.174764e-02;3.015353e+00;-1.625439e-01;2.416994e+00;-9.386301e-02;3.085929e+00;4.741222e-02;2.325956e+00;1.281912e-01;2.130686e+00;1.294322e-01;1.917004e+00;1.219219e-01;2.676232e+00;2.224571e-02;1.426455e+00;-9.691887e-02
113.500000;6.079979e+01;1.705350e+02;5.991085e-02;8.223798e-01;5.716270e-02;3.696322e-02;5.856746e-02;3.809961e-02;1.039420e-01;1.266653e-01;2.809587e+01;-1.131723e+00;3.290249e-01;1.495036e+00;2.054670e-01;1.011486e+00;1.390633e-02;3.888175e-02;3.091712e-02;6.550390e-02;3.767427e-02;1.344850e-01;1.168929e-01;2.979349e-01;1.949258e-01;4.749013e-01;1.403285e-01;5.803947e-01;1.670682e-01;7.235569e-01;4.720918e-01;9.261956e-01;4.064482e-01;1.030527e+00;3.567496e-01;1.008702e+00;3.666456e-01;1.086719e+00;5.438304e-01;1.072517e+00;4.935608e-01;1.147537e+00;2.927523e-01;1.110219e+00;3.573224e-01;1.151350e+00;3.293871e-01;1.254366e+00;3.468792e-01;1.320787e+00;3.608170e-01;1.355758e+00;3.444322e-01;1.441846e+00;3.014554e-01;1.425682e+00;2.526613e-01;1.524509e+00;2.955983e-01;1.421133e+00;2.936632e-01;1.338716e+00;3.083009e-01;1.228629e+00;2.602895e-01;1.059609e+00;1.984997e-01;8.788579e-01;1.307629e-01;7.180951e-01;1.031703e-01;5.856193e-01;2.148669e-01;1.408455e-01;1.730527e-01;1.704779e-01;1.249668e+02;7.120312e+02;3.608652e+02;9.431543e+02;6.752980e+02;1.288834e+03;1.248377e+03;1.982203e+03;1.373861e-01;2.970481e-01;4.591888e+02;1.217978e+03;1.027689e+00;4.169366e+00;1.597250e+06;1544196;2.530566e+00;6.646185e+00;5.361018e+01;8.032858e+01;5.544462e-02;-7.704011e-02;2.599599e-01;1.014888e+00;1.919628e-01;2.874511e-01;4.252552e+00;6.070395e+00;5.727184e+00;-1.976984e+01;8.936025e+00;-2.180332e+01;1.005637e+01;-3.068010e+01;7.579456e+00;-1.229241e+01;7.056975e+00;-5.239327e+00;8.937185e+00;-2.459612e+00;8.147348e+00;6.779115e-01;8.525321e+00;5.432706e+00;1.434266e+01;-6.047009e+00;1.079120e+01;-8.427745e+00;7.077624e+00;-1.005133e+01;1.030186e+01;-8.337007e+00;6.713424e+00;-2.763937e+00;2.706856e-04;1.498313e-05;5.399884e-07;3.514697e-08;7.217284e-07;-5.992722e-08;7.452398e-07;-4.130278e-08;1.344338e-06;-3.263145e-08;3.098671e-04;9.372836e-06;8.407914e-02;9.545660e-03;4.619972e-02;5.688970e-03;3.323774e-03;3.308365e-04;6.015281e-03;-9.782062e-04;1.452159e-02;7.855874e-04;2.427925e-02;7.163027e-04;3.356297e-02;7.687563e-04;3.940390e-02;1.067224e-03;5.107538e-02;1.203784e-03;1.301956e-01;1.905061e-03;1.204071e-01;2.333918e-03;7.768296e-02;5.787720e-03;7.543553e-02;6.403011e-03;9.616476e-02;8.049944e-03;1.088836e-01;6.320052e-03;8.781817e-02;9.311040e-03;9.292184e-02;1.042844e-02;8.956105e-02;9.392054e-03;8.352840e-02;1.141692e-02;8.733060e-02;8.146103e-03;8.002958e-02;8.199434e-03;8.285448e-02;9.186645e-03;7.254256e-02;5.438831e-03;6.601913e-02;1.096434e-02;5.387108e-02;6.406500e-03;6.408679e-02;8.281706e-03;4.812422e-02;5.489145e-03;3.489718e-02;5.348069e-03;2.700102e-02;2.871075e-03;1.889604e-02;1.691592e-03;4.689933e-02;5.859712e-04;3.973012e-02;1.954443e-03;3.871709e+01;-5.455078e-01;8.464593e+01;-6.933692e+00;1.461629e+02;-1.838935e+01;2.858543e+02;-2.852432e+01;4.796208e-02;2.790905e-03;1.038058e+02;-1.101609e+01;2.699268e-01;-1.683684e-02;4.601346e+05;-4.589369e+04;5.839682e-01;1.925898e-02;1.347491e+01;2.245444e-01;1.358403e-02;-8.441000e-04;6.155103e-02;-6.473727e-03;4.680083e-02;2.980882e-03;9.481608e-01;5.761867e-02;1.712933e+00;-9.908234e-02;1.993795e+00;-6.637297e-02;2.445709e+00;-9.918435e-02;2.326955e+00;-1.028688e-02;2.297728e+00;1.174513e-01;2.573392e+00;1.403641e-01;1.882670e+00;1.788598e-01;2.561223e+00;5.378096e-02;2.317953e+00;-8.991282e-02;1.869861e+00;-1.060324e-02;2.064807e+00;2.234694e-02;2.434015e+00;1.894670e-02;1.549287e+00;5.523770e-02
114.000000;3.406322e+01;1.893323e+02;4.859677e-02;8.263544e-01;5.102107e-02;3.461714e-02;4.904354e-02;3.213963e-02;1.291773e-01;1.946575e-01;1.194044e+01;5.973472e+00;2.985232e-01;1.359650e+00;1.839584e-01;9.877893e-01;9.649279e-03;3.393127e-02;1.919227e-02;6.294028e-02;5.132975e-02;1.494731e-01;1.286230e-01;3.348733e-01;2.180616e-01;5.261224e-01;1.281746e-01;5.980393e-01;1.575715e-01;6.894788e-01;1.125734e-01;7.189290e-01;1.952714e-01;8.645946e-01;2.332507e-01;9.288156e-01;2.764654e-01;9.523727e-01;2.258442e-01;9.286415e-01;2.676857e-01;9.922371e-01;2.804479e-01;1.093294e+00;2.832749e-01;1.169571e+00;3.427778e-01;1.246207e+00;3.572366e-01;1.322876e+00;3.352841e-01;1.365664e+00;3.618854e-01;1.429484e+00;3.878969e-01;1.445458e+00;4.053376e-01;1.510116e+00;3.945745e-01;1.462019e+00;3.724373e-01;1.387869e+00;3.329581e-01;1.247086e+00;2.385918e-01;1.064281e+00;2.086136e-01;9.023033e-01;1.466168e-01;7.465357e-01;1.116677e-01;6.061816e-01;4.057369e-02;5.752745e-02;8.433523e-02;8.234461e-02;1.613603e+02;6.378135e+02;1.275574e+02;7.585430e+02;3.610586e+02;1.031440e+03;9.294779e+02;1.778930e+03;1.261387e-01;2.809363e-01;2.390934e+02;1.075358e+03;6.068318e-01;4.046752e+00;1.007258e+06;1.542530e+06;2.191164e+00;6.435816e+00;4.471451e+01;6.893604e+01;2.939766e-02;-5.560335e-02;1.405576e-01;9.193120e-01;1.132552e-01;2.000223e-01;4.151731e+00;8.201485e+00;9.120672e+00;-1.263775e+01;9.021010e+00;-1.726333e+01;1.020002e+01;-3.138583e+01;6.791882e+00;-1.540255e+01;6.814308e+00;-3.080852e+00;6.288743e+00;3.384001e-01;8.336789e+00;2.181021e+00;7.089404e+00;1.293132e-02;1.013238e+01;-1.448648e+01;8.965624e+00;-1.267792e+01;7.909587e+00;-1.005630e+01;7.796161e+00;-5.956558e+00;6.457705e+00;-2.320141e+00;7.667819e-05;1.675419e-05;3.780310e-07;-3.341853e-08;6.594620e-07;-8.314036e-09;6.019587e-07;7.692815e-10;1.323373e-06;3.813087e-08;1.451273e-04;-1.477839e-06;7.024943e-02;-2.275985e-04;3.807390e-02;2.489817e-03;2.232971e-03;-4.994619e-05;3.321168e-03;3.051146e-04;1.971781e-02;2.858193e-05;2.732382e-02;-9.272482e-04;3.985848e-02;-1.458457e-03;3.938791e-02;7.169143e-04;4.824610e-02;-1.391937e-03;3.457002e-02;2.145519e-03;4.792593e-02;2.486121e-03;4.170101e-02;3.969415e-03;5.083630e-02;-1.580445e-03;6.561056e-02;-1.985857e-03;7.382233e-02;1.121489e-03;7.345255e-02;3.812092e-03;8.195804e-02;1.307219e-03;9.683108e-02;2.221758e-03;8.045914e-02;5.808359e-03;7.170641e-02;5.256822e-03;8.540070e-02;3.493153e-04;7.924713e-02;6.773334e-03;7.495439e-02;7.076930e-03;7.481777e-02;6.712092e-03;5.950498e-02;6.834514e-03;6.583394e-02;7.548889e-03;4.942898e-02;3.242068e-03;4.500357e-02;1.948018e-03;3.075430e-02;1.842455e-03;1.963115e-02;8.772663e-04;1.607169e-02;-6.249952e-05;2.614951e-02;-2.700764e-03;3.036036e+01;-2.842383e+00;3.603883e+01;-3.344824e+00;8.572858e+01;4.349707e+00;2.012614e+02;1.778643e+01;4.678851e-02;3.439227e-04;5.621428e+01;2.421784e+00;1.243292e-01;5.950523e-03;1.843030e+05;1.656118e+04;3.916482e-01;-2.761695e-02;8.609793e+00;-3.389006e-01;7.443009e-03;1.667334e-04;3.518119e-02;9.075519e-04;1.894939e-02;-1.034741e-03;1.090239e+00;-3.838187e-02;1.322827e+00;1.318842e-01;1.416964e+00;1.502450e-01;2.020886e+00;-8.915641e-02;2.160921e+00;-1.727283e-01;1.865595e+00;-8.707079e-02;2.135733e+00;1.061285e-01;2.191302e+00;1.013160e-01;1.599032e+00;-6.131709e-02;2.019522e+00;-1.561589e-01;2.108464e+00;-1.448353e-01;2.071856e+00;-9.331772e-02;1.652535e+00;6.583783e-02;1.618396e+00;1.124730e-01
114.500000;6.378833e+01;1.951116e+02;5.514180e-02;7.711480e-01;5.754127e-02;5.762495e-02;5.164875e-02;4.903061e-02;1.756912e-01;2.872348e-01;2.727579e+01;-5.253749e+00;3.155624e-01;1.128057e+00;2.472188e-01;9.851568e-01;9.371606e-03;2.360155e-02;2.391893e-02;8.561350e-02;6.949149e-02;1.501035e-01;1.336997e-01;3.112041e-01;2.270423e-01;4.860279e-01;1.616109e-01;5.714170e-01;2.543926e-01;6.948641e-01;1.714472e-01;7.255431e-01;2.157407e-01;8.032009e-01;2.950391e-01;8.632764e-01;2.836887e-01;8.646207e-01;2.707816e-01;1.034411e+00;2.864668e-01;1.069589e+00;3.533489e-01;1.115267e+00;3.505239e-01;1.179124e+00;4.148710e-01;1.306776e+00;4.571049e-01;1.362016e+00;4.203953e-01;1.390499e+00;4.151037e-01;1.399482e+00;4.556403e-01;1.441342e+00;4.797138e-01;1.412810e+00;4.698276e-01;1.448112e+00;4.229148e-01;1.377785e+00;3.724018e-01;1.249514e+00;3.042765e-01;1.089271e+00;2.648492e-01;9.196630e-01;1.775251e-01;7.496623e-01;1.231293e-01;5.984972e-01;7.602524e-02;5.791540e-02;6.510954e-02;5.514241e-02;1.397093e+02;5.719219e+02;1.875756e+02;7.842393e+02;6.007433e+02;1.313382e+03;1.318105e+03;2.672845e+03;1.755234e-01;2.812549e-01;3.945833e+02;1.297579e+03;6.756701e-01;4.652123e+00;1.759414e+06;2950165;1.688129e+00;4.816066e+00;2.361033e+01;3.874646e+01;2.819127e-02;-3.052851e-02;2.439873e-01;1.038574e+00;6.028879e-02;8.079483e-02;5.290965e+00;7.625327e+00;6.089458e+00;-6.290928e+00;6.038182e+00;-1.037914e+01;8.714585e+00;-2.365530e+01;5.900705e+00;-1.652605e+01;7.419779e+00;-8.956043e+00;6.524091e+00;-5.439259e-01;7.550374e+00;-9.926722e-01;6.536024e+00;-2.910655e+00;6.990128e+00;-1.182483e+01;6.330550e+00;-1.271540e+01;8.168633e+00;-1.261793e+01;4.874928e+00;-9.043620e+00;4.232611e+00;-5.186956e+00;1.111952e-04;1.503845e-05;5.610806e-07;-4.570590e-08;6.921950e-07;-1.327101e-08;5.838257e-07;-5.822210e-10;1.944728e-06;-1.941599e-08;2.231606e-04;-2.737468e-05;9.162468e-02;-1.972160e-03;5.691147e-02;3.448720e-03;2.950192e-03;-9.784358e-05;6.275082e-03;3.400101e-04;2.596728e-02;1.438346e-04;2.695739e-02;1.839883e-04;4.266799e-02;1.242752e-04;4.544801e-02;1.589031e-03;6.563117e-02;5.336305e-04;5.010836e-02;-1.184764e-03;6.042169e-02;2.098017e-03;6.776242e-02;3.481609e-03;7.709487e-02;6.499853e-03;8.397414e-02;4.362780e-03;9.083811e-02;7.377976e-03;9.922725e-02;8.005782e-03;9.815718e-02;8.609115e-03;1.163567e-01;8.804475e-03;1.082145e-01;5.611545e-03;9.903266e-02;6.451973e-03;9.733680e-02;5.392504e-03;1.052959e-01;3.780818e-03;1.099982e-01;6.733696e-03;1.011426e-01;2.111572e-03;8.699141e-02;4.127762e-03;9.049960e-02;-9.493639e-04;6.107397e-02;1.934679e-03;5.502843e-02;1.335311e-03;3.150535e-02;4.567132e-04;2.325067e-02;2.049889e-03;2.875814e-02;1.678095e-04;2.272416e-02;1.595483e-04;3.194050e+01;-6.890625e-01;6.271669e+01;1.248926e+00;1.608124e+02;6.129785e+00;3.548075e+02;9.876562e+00;6.949035e-02;1.374384e-03;9.951839e+01;3.220405e+00;2.129474e-01;9.364350e-03;4.809962e+05;1.536141e+04;4.120780e-01;-9.843674e-03;6.243523e+00;-1.187457e-01;1.048176e-02;1.443355e-04;6.102439e-02;1.714136e-03;1.495448e-02;-1.846798e-03;1.299739e+00;7.036708e-03;1.762070e+00;7.373735e-02;1.594129e+00;8.507720e-02;2.042648e+00;1.520939e-01;2.128085e+00;3.801925e-02;1.706527e+00;-4.355032e-02;2.305831e+00;-4.494586e-02;2.552600e+00;-8.916844e-02;2.268375e+00;-9.185266e-02;1.788366e+00;1.601223e-02;1.903951e+00;-1.205587e-02;2.411880e+00;-1.893153e-02;1.591911e+00;-3.638902e-03;1.469030e+00;2.744685e-02
115.000000;6.146975e+01;2.069300e+02;7.054105e-02;7.964177e-01;5.407001e-02;4.595289e-02;4.521012e-02;3.760890e-02;1.993544e-01;2.625077e-01;2.736321e+01;-2.614024e+00;5.865860e-01;1.513841e+00;2.958292e-01;1.105454e+00;2.391897e-02;3.904120e-02;2.975686e-02;7.337365e-02;6.165505e-02;1.364170e-01;1.139765e-01;2.901452e-01;1.930613e-01;4.548962e-01;2.041319e-01;6.352526e-01;3.402594e-01;8.425173e-01;3.733875e-01;9.044606e-01;4.542171e-01;9.429122e-01;3.594018e-01;1.000023e+00;4.814794e-01;1.096771e+00;4.113990e-01;1.203416e+00;4.410791e-01;1.252990e+00;4.717488e-01;1.367958e+00;4.743843e-01;1.434551e+00;5.255675e-01;1.520562e+00;5.393929e-01;1.583277e+00;4.115790e-01;1.541650e+00;4.181327e-01;1.548868e+00;4.400910e-01;1.582991e+00;4.407746e-01;1.587206e+00;4.299119e-01;1.561814e+00;4.070193e-01;1.472240e+00;3.452888e-01;1.323058e+00;2.980223e-01;1.145555e+00;2.443432e-01;9.506510e-01;1.622666e-01;7.598672e-01;1.219046e-01;6.017632e-01;3.257113e-01;2.754621e-01;1.795070e-01;1.615586e-01;1.198725e+02;5.663232e+02;2.210125e+02;7.457666e+02;5.797330e+02;1.280938e+03;1.226534e+03;2.552833e+03;2.092869e-01;3.591369e-01;4.121931e+02;1.224824e+03;9.279326e-01;4.397445e+00;2.001804e+06;2.369400e+06;1.501523e+00;4.626030e+00;2.563635e+01;4.121967e+01;1.054294e-01;-9.658600e-02;2.576841e-01;9.900073e-01;3.952009e-01;3.334834e-01;4.305178e+00;7.511450e+00;7.632108e+00;-1.222960e+01;5.123456e+00;-9.971308e+00;6.680112e+00;-2.223106e+01;6.515405e+00;-1.848935e+01;1.190058e+01;-2.084692e+01;1.082013e+01;-4.836072e+00;8.151650e+00;-2.218598e+00;7.063589e+00;-2.220751e+00;6.477589e+00;-7.560091e+00;1.094194e+01;-7.280670e+00;7.696855e+00;-1.032897e+01;4.962762e+00;-7.809022e+00;3.624473e+00;-4.596811e+00;8.720130e-05;9.700154e-06;5.613078e-07;1.793824e-08;5.729965e-07;-1.500445e-08;4.452951e-07;-6.191149e-10;2.285367e-06;-1.874912e-07;2.275653e-04;2.135460e-06;1.129559e-01;2.318313e-03;6.400222e-02;-3.370043e-03;4.301883e-03;1.643838e-04;6.279339e-03;-4.273117e-04;2.089367e-02;-3.947970e-04;2.304217e-02;-5.111667e-04;3.549685e-02;-1.671973e-04;4.857977e-02;-8.822347e-04;7.896352e-02;1.414017e-03;8.429027e-02;5.188721e-04;1.041309e-01;-1.082261e-03;8.218686e-02;-1.909436e-03;1.269317e-01;-2.565391e-03;1.003692e-01;-2.306818e-03;1.155298e-01;-3.404812e-03;1.180194e-01;-6.666836e-03;1.089960e-01;-6.352992e-03;1.328567e-01;-4.129935e-03;1.258405e-01;-3.320202e-03;1.157640e-01;-5.888387e-03;1.035522e-01;-2.678471e-03;1.040648e-01;-5.595737e-03;1.161407e-01;-5.404053e-03;9.270110e-02;-1.032254e-02;9.142040e-02;-8.580315e-03;8.161362e-02;-1.034022e-02;5.938946e-02;-3.443675e-03;5.249616e-02;-1.732453e-03;3.053749e-02;-9.957275e-04;2.509930e-02;-8.783591e-04;6.364747e-02;4.505499e-03;5.559634e-02;3.216030e-04;3.148145e+01;-2.024121e+00;6.850722e+01;-2.497852e+00;1.763638e+02;-8.369238e+00;3.398378e+02;-1.614990e+01;6.919035e-02;-5.773245e-04;1.039797e+02;-6.255005e+00;2.771614e-01;-9.893404e-03;4.737570e+05;-1.686445e+04;4.841077e-01;1.739314e-02;8.220696e+00;2.328480e-01;2.301569e-02;-6.248382e-04;6.321781e-02;-3.827560e-03;7.225206e-02;2.941806e-03;1.115871e+00;7.119588e-02;1.789292e+00;-5.349361e-02;1.690805e+00;-3.094042e-03;2.090055e+00;-8.497798e-03;2.397429e+00;-1.452080e-01;2.314742e+00;-1.409885e-01;2.747832e+00;-1.702627e-01;2.533648e+00;-4.403993e-02;2.414106e+00;6.037883e-02;1.730951e+00;5.133208e-02;2.272302e+00;1.895255e-01;2.499410e+00;6.942631e-02;2.006320e+00;4.586458e-03;1.479300e+00;-1.655258e-03
115.500000;5.184690e+01;2.338227e+02;5.271242e-02;8.267394e-01;4.731501e-02;4.048214e-02;3.209923e-02;2.835551e-02;1.463379e-01;2.048753e-01;1.760198e+01;2.184272e+00;4.747563e-01;1.693776e+00;2.895975e-01;1.075990e+00;2.077951e-02;4.410481e-02;1.757935e-02;6.438775e-02;4.136502e-02;1.277388e-01;6.639279e-02;2.613732e-01;9.752207e-02;4.067028e-01;1.983092e-01;5.581853e-01;3.353762e-01;7.440289e-01;3.927440e-01;8.826531e-01;4.327270e-01;9.021568e-01;3.279341e-01;1.029252e+00;4.943162e-01;1.146599e+00;4.143437e-01;1.159043e+00;4.731524e-01;1.295619e+00;4.879026e-01;1.366591e+00;5.240419e-01;1.430732e+00;5.087929e-01;1.430572e+00;5.534427e-01;1.494043e+00;3.993092e-01;1.435380e+00;4.230063e-01;1.487573e+00;5.016781e-01;1.631396e+00;4.807571e-01;1.624496e+00;4.256678e-01;1.515577e+00;4.210941e-01;1.425253e+00;3.465221e-01;1.275410e+00;2.571991e-01;1.092572e+00;2.016352e-01;9.090557e-01;1.515972e-01;7.414371e-01;1.184755e-01;6.023049e-01;3.208590e-01;3.048330e-01;1.619844e-01;1.964992e-01;1.345078e+02;6.047959e+02;2.145045e+02;7.509346e+02;6.071819e+02;1.334628e+03;7.684991e+02;2.213613e+03;1.835370e-01;3.722351e-01;3.006351e+02;1.151652e+03;7.529422e-01;4.240853e+00;7.276322e+05;1.356882e+06;1.767525e+00;4.830413e+00;2.784220e+01;4.686679e+01;9.952243e-02;-1.077090e-01;1.738013e-01;9.392710e-01;3.707913e-01;3.896028e-01;3.614435e+00;8.085608e+00;5.978197e+00;-1.805509e+01;8.493249e+00;-1.160152e+01;5.788415e+00;-2.321297e+01;7.807826e+00;-1.740472e+01;1.218795e+01;-2.083380e+01;8.855082e+00;-8.856299e+00;9.087117e+00;4.239045e-01;6.430916e+00;-2.856704e-01;1.145108e+01;-1.245745e+01;1.130006e+01;-6.054127e+00;6.566844e+00;-9.555134e+00;8.187049e+00;-9.961685e+00;4.957841e+00;-4.180906e+00;1.217960e-04;4.821006e-06;4.958171e-07;3.483727e-08;5.444654e-07;-2.698342e-08;3.564556e-07;-3.202511e-08;1.625688e-06;-2.087073e-07;2.382727e-04;2.703657e-05;1.092039e-01;-1.516867e-03;5.790365e-02;-4.505062e-03;4.411751e-03;-4.175485e-05;4.119761e-03;-2.436382e-04;1.252088e-02;-1.236309e-03;1.707819e-02;-1.180152e-03;2.576130e-02;-3.860276e-04;3.722007e-02;-1.912866e-03;6.048570e-02;-8.962011e-04;8.277985e-02;-7.924361e-05;9.126654e-02;-2.740924e-03;9.398577e-02;-5.169083e-03;1.383336e-01;-7.074975e-03;9.214291e-02;-2.703598e-03;1.110526e-01;-4.404537e-03;1.126565e-01;-1.041415e-02;1.295338e-01;-1.334198e-02;1.130459e-01;-1.340797e-02;1.224300e-01;-1.106214e-02;1.029145e-01;-7.478003e-03;9.448899e-02;-5.020883e-03;1.087022e-01;-5.106360e-03;1.096756e-01;-5.291971e-03;8.395164e-02;-5.034749e-03;8.318637e-02;-4.856243e-03;6.421863e-02;-6.681230e-04;5.084390e-02;-3.319270e-03;4.325774e-02;-2.786883e-03;2.834296e-02;-4.413617e-04;2.220742e-02;-1.117655e-03;6.465124e-02;-4.767521e-04;5.592065e-02;-4.928201e-04;2.424194e+01;1.650879e+00;5.933047e+01;7.321289e-01;1.611072e+02;-5.182324e+00;2.157433e+02;-6.258985e+00;5.244687e-02;-2.985251e-03;7.954983e+01;-9.579816e-01;2.294814e-01;-6.176612e-03;2.383246e+05;-6.570864e+03;5.121611e-01;1.274805e-02;9.131678e+00;1.221883e-01;2.298203e-02;3.017765e-04;4.545928e-02;-2.738438e-04;7.849532e-02;3.541289e-04;1.044209e+00;-3.548906e-02;1.743886e+00;-1.245625e-01;1.675250e+00;-1.384182e-01;1.919060e+00;-1.218833e-01;2.163900e+00;-1.804798e-02;2.329368e+00;-2.936165e-03;2.550707e+00;-1.677030e-01;2.355789e+00;-8.812635e-02;2.387511e+00;3.336283e-02;2.490511e+00;-4.796922e-03;2.275106e+00;7.412985e-03;2.280169e+00;-4.654672e-02;2.329926e+00;-9.940977e-02;1.756703e+00;-6.759558e-02
116.000000;4.642732e+01;2.531798e+02;6.008469e-02;8.353472e-01;4.867590e-02;4.451122e-02;3.393788e-02;3.246172e-02;1.160180e-01;1.692061e-01;1.626933e+01;4.134031e+00;4.982587e-01;1.709872e+00;2.665784e-01;1.052014e+00;2.329755e-02;4.667279e-02;1.697896e-02;6.385739e-02;5.222946e-02;1.329222e-01;8.164504e-02;2.639585e-01;1.495877e-01;4.267129e-01;1.587009e-01;5.149416e-01;1.561854e-01;5.804201e-01;2.015883e-01;7.213613e-01;2.536577e-01;8.951748e-01;4.186577e-01;1.112956e+00;3.719629e-01;1.178993e+00;3.423234e-01;1.152691e+00;3.740287e-01;1.184135e+00;4.219002e-01;1.286397e+00;4.941597e-01;1.346652e+00;3.889065e-01;1.333927e+00;5.348681e-01;1.430790e+00;5.106637e-01;1.488083e+00;4.898300e-01;1.512148e+00;5.175686e-01;1.628526e+00;4.913483e-01;1.574042e+00;4.834389e-01;1.528735e+00;4.400225e-01;1.438872e+00;3.649559e-01;1.271218e+00;2.756800e-01;1.084119e+00;2.320903e-01;9.084813e-01;1.757332e-01;7.470959e-01;1.282513e-01;6.090263e-01;1.247991e-01;7.339756e-02;2.052975e-01;2.495497e-01;1.017340e+02;7.286836e+02;1.552077e+02;8.712334e+02;5.688041e+02;1.351998e+03;7.554401e+02;2.077236e+03;1.548309e-01;3.498233e-01;2.403688e+02;1.207559e+03;9.195120e-01;4.006374e+00;7.203696e+05;1.155643e+06;1.940443e+00;5.401723e+00;3.402515e+01;5.845318e+01;1.095142e-01;-1.210895e-01;1.225946e-01;9.977042e-01;4.539166e-01;4.640564e-01;4.063327e+00;5.820300e+00;8.060555e+00;-2.429813e+01;8.864298e+00;-1.643875e+01;4.452312e+00;-2.381871e+01;8.432857e+00;-1.077124e+01;8.322429e+00;-6.586124e+00;1.182909e+01;-5.196725e-01;1.127142e+01;5.433716e+00;8.089116e+00;-2.953114e+00;1.051057e+01;-2.052489e+01;9.166800e+00;-1.561886e+01;5.169925e+00;-1.285569e+01;1.032856e+01;-6.790378e+00;8.547982e+00;-5.852861e-01;1.273574e-04;-7.484739e-06;5.561552e-07;1.754682e-08;6.170631e-07;-3.359732e-08;4.154388e-07;-3.066090e-08;1.204959e-06;-1.193675e-07;1.925324e-04;1.111995e-06;1.000986e-01;5.022261e-03;5.389743e-02;2.241447e-03;4.001751e-03;1.031787e-04;3.315095e-03;8.919125e-05;1.809517e-02;-2.869725e-04;2.561872e-02;1.265367e-03;3.613967e-02;3.117399e-03;4.725681e-02;1.904464e-03;4.498212e-02;-3.982675e-04;5.809623e-02;-1.730097e-03;5.280376e-02;-6.948285e-04;1.047206e-01;-1.661630e-03;1.003276e-01;5.511986e-03;8.368905e-02;7.648828e-03;7.971306e-02;1.765547e-03;1.024450e-01;6.216690e-03;1.342603e-01;5.144660e-03;9.935225e-02;3.842665e-03;1.098928e-01;-3.530335e-03;1.007265e-01;-8.920524e-04;1.071549e-01;1.016488e-03;1.191407e-01;1.746602e-03;1.024681e-01;2.291366e-03;9.387904e-02;8.220030e-03;8.522550e-02;7.000118e-03;6.652169e-02;6.450833e-03;5.370319e-02;3.315673e-03;4.487444e-02;2.586648e-04;3.034407e-02;3.316499e-04;2.293637e-02;4.227772e-04;2.831114e-02;-4.439654e-03;4.601351e-02;7.176679e-03;1.905065e+01;3.387891e+00;4.943098e+01;4.320996e+00;1.320128e+02;5.727832e+00;1.708998e+02;-1.234570e+00;5.436891e-02;4.942145e-04;6.066240e+01;3.738747e+00;2.238573e-01;4.143647e-03;2.035093e+05;-1.710725e+03;4.284705e-01;-2.941587e-03;8.360085e+00;-2.683159e-02;1.746386e-02;-5.444122e-04;3.249873e-02;2.696034e-03;6.995294e-02;2.218292e-03;1.226254e+00;-4.287478e-02;1.981817e+00;-1.164912e-01;1.431981e+00;-8.618898e-02;1.907300e+00;3.873188e-02;1.856709e+00;3.159987e-01;1.874625e+00;2.027377e-01;2.630962e+00;5.396214e-02;2.951536e+00;-4.871779e-02;2.359301e+00;-2.654144e-01;3.152238e+00;-2.499586e-01;2.674943e+00;-2.540696e-01;1.994380e+00;-7.293971e-03;2.145502e+00;-2.210651e-02;2.196911e+00;-9.596445e-02
116.500000;5.418788e+01;2.651914e+02;4.904294e-02;8.616588e-01;3.365147e-02;2.797302e-02;4.099847e-02;3.044201e-02;9.867874e-02;1.374521e-01;9.558073e+00;9.122342e+00;4.194408e-01;1.873552e+00;2.281623e-01;1.061321e+00;1.822251e-02;5.721361e-02;1.939558e-02;5.102419e-02;5.292846e-02;1.473986e-01;6.860618e-02;2.909723e-01;1.324507e-01;4.579901e-01;1.582029e-01;6.368537e-01;3.272671e-01;8.448290e-01;2.837729e-01;9.028613e-01;2.966939e-01;8.769283e-01;4.735743e-01;9.538200e-01;3.769365e-01;1.038803e+00;3.687604e-01;1.123798e+00;3.043305e-01;1.113421e+00;3.811044e-01;1.198772e+00;4.419460e-01;1.279835e+00;3.884709e-01;1.403185e+00;4.762655e-01;1.444902e+00;4.937151e-01;1.502897e+00;4.200032e-01;1.532407e+00;3.949001e-01;1.533819e+00;3.748359e-01;1.540879e+00;4.411649e-01;1.549763e+00;3.996112e-01;1.461355e+00;3.265024e-01;1.306159e+00;2.361726e-01;1.117945e+00;2.014316e-01;9.418240e-01;1.657574e-01;7.720405e-01;1.312016e-01;6.209045e-01;3.455350e-01;2.464076e-01;2.600534e-01;3.096988e-01;1.494031e+02;6.702568e+02;1.932694e+02;7.662949e+02;3.671617e+02;1.014788e+03;7.364711e+02;1.670115e+03;1.499282e-01;3.821993e-01;2.527113e+02;1.032408e+03;9.351527e-01;3.451807e+00;8.859554e+05;8.685484e+05;1.811202e+00;6.233924e+00;3.723788e+01;7.551962e+01;9.310569e-02;-1.611291e-01;1.632757e-01;8.955096e-01;3.876252e-01;6.384367e-01;4.218373e+00;6.596311e+00;8.902472e+00;-2.392687e+01;7.153803e+00;-1.622495e+01;4.813865e+00;-2.452358e+01;1.047526e+01;-1.282425e+01;1.523927e+01;-1.125598e+01;1.798582e+01;-4.209577e+00;1.260499e+01;1.616552e+00;8.546888e+00;-3.232541e+00;1.279391e+01;-1.403253e+01;1.602359e+01;-8.735610e+00;8.756018e+00;-6.683088e+00;8.043258e+00;-3.611028e+00;1.038967e+01;-2.263971e+00;5.829969e-04;-1.035047e-05;4.875313e-07;-3.796807e-08;4.266704e-07;-2.561807e-08;4.650081e-07;-9.117946e-09;1.353215e-06;-1.037541e-08;1.555235e-04;-2.628481e-05;9.090196e-02;-2.529500e-03;4.422610e-02;-2.711288e-03;3.582028e-03;-9.845907e-05;3.604212e-03;4.099269e-04;2.034539e-02;1.536865e-04;2.629994e-02;7.171342e-05;3.580816e-02;-1.515490e-03;4.935449e-02;-1.860230e-03;6.260958e-02;-2.159864e-03;6.731439e-02;-3.331029e-03;5.571895e-02;-1.007457e-03;8.466784e-02;-7.331650e-04;5.914078e-02;-2.251048e-03;8.969772e-02;-7.678722e-03;8.096591e-02;-8.734564e-03;8.267208e-02;-2.398243e-03;9.588085e-02;3.344585e-03;1.083064e-01;-4.477643e-03;1.022253e-01;-6.412098e-03;1.006038e-01;-2.268917e-03;1.025524e-01;-5.779402e-03;8.733941e-02;-5.589721e-03;7.885297e-02;-4.751622e-03;8.108355e-02;-5.227938e-03;7.737257e-02;-2.618665e-03;6.547664e-02;-3.016281e-03;5.049483e-02;-2.211684e-04;4.451929e-02;2.540118e-04;3.321643e-02;-1.368305e-03;2.429015e-02;-9.159125e-04;4.459703e-02;1.864104e-04;6.599265e-02;-1.099908e-03;1.871449e+01;-3.014648e+00;4.479320e+01;1.148438e+00;9.766225e+01;7.034180e+00;1.797086e+02;1.246055e+01;5.286757e-02;-4.634875e-04;5.701053e+01;3.966848e+00;2.720488e-01;6.016657e-03;1.919980e+05;2.310517e+04;4.632839e-01;-1.401348e-02;9.926259e+00;-1.646961e-01;1.765719e-02;2.404900e-04;3.385911e-02;1.981919e-03;7.247375e-02;-9.691083e-04;1.091138e+00;-1.129160e-02;1.783047e+00;1.166607e-01;1.398955e+00;1.284554e-01;1.961498e+00;5.191679e-02;2.103837e+00;-5.080934e-02;2.296144e+00;-1.278122e-01;3.271488e+00;2.424604e-02;3.070620e+00;3.809291e-02;1.968046e+00;9.893438e-02;3.147249e+00;4.931303e-02;3.318816e+00;4.694302e-02;2.108626e+00;1.795384e-01;2.450579e+00;1.722318e-01;2.684780e+00;-4.832860e-02
117.000000;8.478933e+01;2.284069e+02;6.437630e-02;8.308048e-01;4.769204e-02;3.734309e-02;7.198305e-02;4.438750e-02;1.067653e-01;1.480532e-01;2.435793e+01;8.848114e-01;4.341702e-01;1.572153e+00;2.313120e-01;1.018347e+00;1.841174e-02;4.448554e-02;3.109302e-02;6.258126e-02;4.440413e-02;1.386026e-01;7.627434e-02;2.994434e-01;1.405574e-01;4.445425e-01;1.698157e-01;6.357782e-01;3.814371e-01;8.638994e-01;4.477464e-01;9.473557e-01;7.072818e-01;1.005737e+00;3.805027e-01;8.874785e-01;2.702082e-01;9.165561e-01;3.523366e-01;1.023430e+00;3.683732e-01;1.132150e+00;3.697751e-01;1.135982e+00;5.238451e-01;1.243626e+00;4.905067e-01;1.349325e+00;4.543860e-01;1.369801e+00;4.418059e-01;1.413636e+00;3.708951e-01;1.465742e+00;3.252375e-01;1.405327e+00;3.527039e-01;1.442481e+00;3.595321e-01;1.412322e+00;3.611252e-01;1.362364e+00;3.166991e-01;1.248718e+00;2.473218e-01;1.084207e+00;1.930300e-01;9.056730e-01;1.603689e-01;7.439920e-01;1.185095e-01;5.988491e-01;3.254384e-01;3.062745e-01;2.199634e-01;1.756753e-01;1.229891e+02;5.865645e+02;2.364573e+02;7.374404e+02;5.138074e+02;1.127191e+03;1.176039e+03;2.088290e+03;1.629643e-01;3.513285e-01;3.964909e+02;1.105056e+03;1.193389e+00;3.951337e+00;1.694199e+06;1.667316e+06;3.564141e+00;6.476530e+00;1.043108e+02;9.081754e+01;7.344311e-02;-1.054086e-01;2.444634e-01;9.232315e-01;3.155246e-01;4.151861e-01;4.387104e+00;8.610837e+00;6.859193e+00;-1.612548e+01;7.855526e+00;-1.244123e+01;7.094479e+00;-2.346585e+01;1.008507e+01;-1.866964e+01;1.401012e+01;-1.873861e+01;1.283590e+01;-1.104647e+01;7.640153e+00;-4.353601e+00;8.652856e+00;-7.577755e-01;1.032704e+01;-5.706348e+00;1.231128e+01;-3.396467e+00;8.210292e+00;-3.771132e+00;7.957445e+00;-6.349528e+00;6.799005e+00;-6.740558e+00;6.083799e-04;-1.448968e-05;3.909526e-07;-1.113620e-08;3.702789e-07;-3.545055e-09;6.064583e-07;2.707027e-08;1.365859e-06;-3.526657e-08;2.654830e-04;-1.007374e-06;1.001720e-01;-1.058365e-02;5.713647e-02;-2.621040e-03;4.346724e-03;-2.996009e-04;4.719894e-03;9.196273e-05;1.747920e-02;-7.753912e-05;2.113022e-02;7.017413e-04;3.343450e-02;2.298476e-04;4.221571e-02;1.153992e-03;6.402538e-02;2.212853e-03;1.080080e-01;-1.084727e-03;1.780152e-01;-6.025963e-03;9.679586e-02;-4.157255e-03;7.439129e-02;-8.001200e-03;9.959481e-02;-1.113374e-02;1.109027e-01;-5.365964e-03;9.390450e-02;-8.117791e-03;1.239269e-01;-6.905526e-03;1.389648e-01;-3.771421e-03;1.229661e-01;3.617869e-03;1.051719e-01;4.306335e-04;9.365624e-02;-1.720524e-03;8.871470e-02;-1.990217e-03;8.089991e-02;-2.293901e-03;7.778083e-02;-5.287755e-03;7.739500e-02;-4.961853e-03;6.988861e-02;-3.014588e-03;4.866239e-02;-1.785032e-03;4.451251e-02;-3.291861e-04;3.432529e-02;-2.475900e-04;2.172984e-02;-2.221672e-04;4.950199e-02;1.910398e-03;5.364240e-02;-8.446345e-03;2.509476e+01;-3.818555e+00;5.310030e+01;-5.598633e+00;1.312337e+02;-8.756836e+00;2.659851e+02;4.163086e+00;4.829610e-02;-2.544931e-03;8.461240e+01;-3.165290e+00;2.628968e-01;-5.764761e-03;4.241019e+05;1.214445e+04;8.771224e-01;1.392787e-04;2.886204e+01;-6.511042e-02;1.983536e-02;1.297413e-03;5.152920e-02;-2.649890e-03;8.683342e-02;-5.072689e-03;1.115590e+00;2.055783e-02;1.526350e+00;2.200116e-01;1.568688e+00;2.334685e-01;2.021283e+00;6.610999e-02;2.074806e+00;-3.556057e-01;2.496544e+00;-2.985155e-01;2.665548e+00;-1.494116e-01;2.216711e+00;-1.471599e-01;2.412009e+00;3.217344e-02;2.733511e+00;1.990887e-01;2.722745e+00;1.332683e-01;2.417732e+00;-1.372167e-02;2.782325e+00;-1.563529e-02;2.218343e+00;1.290125e-02
117.500000;5.514709e+01;2.071854e+02;5.669068e-02;8.229311e-01;4.824965e-02;3.418070e-02;6.740984e-02;3.533689e-02;1.068110e-01;1.565668e-01;2.263909e+01;4.757104e-01;3.307064e-01;1.394649e+00;2.158710e-01;1.010620e+00;1.488784e-02;3.411165e-02;2.454498e-02;7.437768e-02;4.179328e-02;1.270252e-01;7.251012e-02;3.136818e-01;1.399801e-01;4.826567e-01;1.430019e-01;5.827906e-01;2.453634e-01;6.899636e-01;3.871162e-01;7.700223e-01;6.933314e-01;1.014705e+00;3.091211e-01;9.591637e-01;2.514188e-01;9.313676e-01;3.147946e-01;1.010557e+00;3.458147e-01;1.072257e+00;3.476600e-01;1.136898e+00;4.796948e-01;1.247125e+00;4.445647e-01;1.258641e+00;4.461952e-01;1.457030e+00;4.010578e-01;1.528644e+00;3.808426e-01;1.435155e+00;3.028032e-01;1.422052e+00;3.390791e-01;1.478700e+00;3.085167e-01;1.448111e+00;3.262841e-01;1.351858e+00;2.727448e-01;1.243754e+00;2.234377e-01;1.073820e+00;1.871349e-01;9.000579e-01;1.431300e-01;7.386845e-01;9.752351e-02;6.013892e-01;1.011152e-01;1.646027e-01;7.422767e-02;9.932542e-02;1.259314e+02;5.145000e+02;2.309216e+02;6.752812e+02;4.648083e+02;1.251940e+03;9.050353e+02;2.500866e+03;1.385570e-01;2.943198e-01;3.189146e+02;1.156066e+03;8.793608e-01;4.361816e+00;1.470896e+06;2.029955e+06;3.496091e+00;5.365366e+00;1.055125e+02;6.848398e+01;6.055262e-02;-6.261896e-02;2.009605e-01;9.319550e-01;2.642399e-01;2.314764e-01;3.658585e+00;8.818044e+00;5.622856e+00;-1.159319e+01;9.852054e+00;-5.663491e+00;6.919934e+00;-2.049145e+01;1.203696e+01;-2.512630e+01;1.186226e+01;-2.126853e+01;5.793379e+00;-9.486924e+00;6.238005e+00;-8.090782e+00;1.000868e+01;-8.818730e+00;8.239751e+00;-8.169422e+00;7.381307e+00;-8.500967e+00;1.188272e+01;-1.493988e+01;8.342340e+00;-9.551590e+00;5.384481e+00;-4.598833e+00;1.818592e-04;-7.123473e-06;3.643220e-07;3.271916e-08;3.713335e-07;-4.901149e-09;4.990882e-07;2.348952e-08;1.343798e-06;3.884997e-09;2.182451e-04;2.459766e-05;9.334499e-02;-2.402784e-03;5.431649e-02;3.503125e-04;4.029602e-03;-2.600007e-05;3.881514e-03;-5.832698e-05;1.482250e-02;7.237396e-05;1.749245e-02;3.041609e-04;2.983619e-02;5.436170e-04;3.890973e-02;7.025391e-04;4.578791e-02;1.115237e-03;9.576758e-02;1.900880e-03;1.763330e-01;1.082526e-03;8.980241e-02;1.094248e-03;8.544486e-02;5.361356e-03;9.222913e-02;5.064220e-03;9.784060e-02;2.359139e-03;9.085448e-02;3.756118e-05;1.195979e-01;-4.669489e-03;1.227337e-01;6.638340e-04;1.082208e-01;-7.980837e-04;9.221163e-02;-6.046585e-03;8.780040e-02;-1.788124e-03;8.446890e-02;2.136883e-03;7.046016e-02;7.223628e-04;7.005588e-02;7.159589e-04;7.203919e-02;1.002091e-03;6.392682e-02;5.294147e-04;4.351611e-02;-6.777661e-04;4.194072e-02;-1.984033e-03;3.051236e-02;-2.028929e-04;1.968571e-02;-1.333289e-04;2.533361e-02;4.666818e-05;2.488485e-02;-6.488481e-04;2.394859e+01;-1.693945e+00;4.080640e+01;-5.770898e+00;1.455223e+02;-1.085273e+01;2.214455e+02;-6.330762e+00;4.075390e-02;-9.929939e-04;7.240945e+01;-6.413000e+00;2.035560e-01;-7.524355e-03;3.973394e+05;-1.021087e+04;7.943386e-01;4.258003e-03;2.776062e+01;2.311489e-02;1.772018e-02;5.436551e-05;4.435628e-02;-4.057930e-03;7.880044e-02;-1.466796e-04;1.017755e+00;4.877835e-02;1.363858e+00;1.176020e-01;1.500214e+00;1.301922e-02;1.847748e+00;-6.468777e-02;2.173799e+00;-2.398576e-02;2.472794e+00;5.570269e-02;1.789051e+00;-6.207420e-03;1.608911e+00;-7.514324e-02;2.359174e+00;-1.909214e-01;2.154546e+00;-1.270018e-01;1.938256e+00;-1.132446e-01;2.407240e+00;-1.438578e-01;2.324259e+00;-1.751889e-01;1.229590e+00;-1.082878e-02
118.000000;1.092873e+02;1.425366e+02;8.900241e-02;7.586718e-01;3.877618e-02;1.904338e-02;3.181371e-02;1.467089e-02;1.078324e-01;1.034933e-01;4.892777e+01;-3.308589e+01;3.890622e-01;1.187531e+00;1.878878e-01;9.416528e-01;1.214650e-02;2.452093e-02;4.967928e-02;1.071164e-01;7.856015e-02;1.425544e-01;7.954593e-02;2.618445e-01;1.359054e-01;4.049635e-01;1.168268e-01;4.800878e-01;1.530848e-01;5.525346e-01;1.316031e-01;6.425550e-01;1.736121e-01;7.181969e-01;2.322292e-01;8.449440e-01;3.826729e-01;9.435866e-01;3.173752e-01;9.796331e-01;3.531276e-01;1.035354e+00;3.540758e-01;1.081152e+00;3.512538e-01;1.145245e+00;3.266221e-01;1.182322e+00;3.742399e-01;1.261017e+00;3.837931e-01;1.325386e+00;3.315912e-01;1.342850e+00;3.236440e-01;1.394941e+00;3.353796e-01;1.423839e+00;3.274392e-01;1.428919e+00;3.518530e-01;1.347838e+00;2.833421e-01;1.213891e+00;2.537699e-01;1.080193e+00;1.919015e-01;9.065804e-01;1.408464e-01;7.394520e-01;1.111717e-01;6.030912e-01;1.099140e-01;1.178732e-01;1.214034e-01;8.393935e-02;3.634922e+02;5.946035e+02;7.533438e+02;9.389912e+02;1.195203e+03;1.802903e+03;1.770849e+03;3.539771e+03;2.061082e-01;2.630045e-01;8.507607e+02;1.559621e+03;9.638756e-01;5.022550e+00;2.980490e+06;3.716028e+06;9.847441e-01;3.684652e+00;1.232404e+01;2.652171e+01;3.699229e-02;-3.496582e-02;5.446280e-01;1.178000e+00;8.696734e-02;9.866975e-02;6.360597e+00;6.207723e+00;5.357646e+00;-8.348269e+00;6.382778e+00;-3.127947e+00;5.996556e+00;-1.560042e+01;1.478217e+01;-1.974920e+01;1.189284e+01;-1.677558e+01;6.514876e+00;-7.227509e+00;6.433676e+00;-6.863692e+00;6.928035e+00;-1.061408e+01;6.027506e+00;-1.220230e+01;9.371288e+00;-1.111576e+01;1.023569e+01;-1.739363e+01;6.286060e+00;-1.022080e+01;5.000440e+00;-4.781334e+00;3.730911e-05;6.453598e-06;3.417383e-07;-5.600144e-08;2.322198e-07;1.619085e-08;1.705188e-07;8.393029e-09;8.841425e-07;9.324034e-08;3.317105e-04;-3.617064e-05;8.232587e-02;-5.801092e-03;4.431687e-02;3.800666e-04;2.484899e-03;-2.273880e-04;3.494700e-03;1.417863e-03;2.066044e-02;-2.202933e-05;1.141531e-02;-2.535274e-03;1.663936e-02;-4.559683e-03;2.483113e-02;-4.040457e-03;2.034346e-02;-4.708284e-03;3.506878e-02;-5.390475e-04;3.541142e-02;2.092226e-03;5.202521e-02;3.262260e-03;8.563101e-02;3.601815e-03;7.891495e-02;4.822113e-03;9.833662e-02;2.868740e-03;1.073813e-01;2.934248e-03;1.140802e-01;1.734026e-03;1.099225e-01;-1.186943e-03;8.283386e-02;-2.703653e-03;7.819534e-02;7.244225e-04;7.859966e-02;4.422942e-04;7.801217e-02;5.702835e-04;5.688044e-02;5.492360e-04;6.971291e-02;8.705938e-04;7.176296e-02;2.833989e-03;5.600857e-02;1.249167e-03;4.655660e-02;7.985407e-04;3.930596e-02;2.786450e-04;2.633939e-02;1.544394e-04;1.936089e-02;3.900680e-04;2.926852e-02;-2.337799e-03;4.429710e-02;-5.158494e-04;5.328528e+01;1.432676e+01;9.113717e+01;2.638535e+01;2.023283e+02;4.181748e+01;3.342104e+02;4.978477e+01;6.322914e-02;-9.587602e-04;1.148163e+02;2.821047e+01;1.369422e-01;3.117912e-02;5.399104e+05;7.014627e+04;2.530421e-01;-2.374135e-02;3.135315e+00;-2.132024e-01;1.176158e-02;4.154825e-04;7.361691e-02;1.771673e-02;2.220290e-02;-1.607325e-03;1.094940e+00;-1.670227e-01;1.656879e+00;-7.323724e-02;1.560644e+00;-1.190334e-01;1.948262e+00;3.599714e-02;2.060546e+00;2.695958e-01;2.144327e+00;2.910534e-01;1.981085e+00;1.736551e-01;1.927865e+00;1.364807e-01;1.718598e+00;5.683396e-02;1.637897e+00;-6.816147e-05;1.983559e+00;5.319807e-02;2.335881e+00;6.449487e-02;1.783546e+00;4.348709e-02;1.104103e+00;9.408402e-02
118.500000;1.339861e+02;1.192160e+02;9.112559e-02;7.338887e-01;4.790242e-02;2.046601e-02;3.402911e-02;1.431102e-02;1.304443e-01;9.657816e-02;4.897748e+01;-4.787113e+01;6.064386e-01;1.198641e+00;4.169048e-01;1.118840e+00;2.677607e-02;2.899664e-02;5.603524e-02;1.132993e-01;9.548490e-02;1.637585e-01;1.497318e-01;2.789239e-01;2.234951e-01;4.236496e-01;2.562759e-01;5.647721e-01;3.867916e-01;7.025284e-01;5.720184e-01;9.331063e-01;8.422505e-01;1.162395e+00;6.383913e-01;1.161973e+00;7.477148e-01;1.337803e+00;5.162916e-01;1.245694e+00;5.528119e-01;1.307381e+00;6.885278e-01;1.428558e+00;8.462005e-01;1.525447e+00;6.299369e-01;1.457227e+00;6.146688e-01;1.406265e+00;6.690335e-01;1.471704e+00;6.159158e-01;1.585761e+00;6.813863e-01;1.641928e+00;5.669692e-01;1.556953e+00;5.036215e-01;1.537760e+00;4.870315e-01;1.487737e+00;4.017536e-01;1.318647e+00;3.090948e-01;1.122608e+00;2.232588e-01;9.236853e-01;1.565802e-01;7.459400e-01;1.202225e-01;5.976353e-01;1.128967e-01;7.709561e-02;1.634444e-01;1.068703e-01;4.342718e+02;7.667256e+02;8.597952e+02;1.202558e+03;1.412210e+03;2.060153e+03;2.110906e+03;3.849850e+03;2.321086e-01;2.904954e-01;9.820215e+02;1.808784e+03;1.268627e+00;5.200823e+00;3.253900e+06;4.488414e+06;2.034830e+00;4.144716e+00;4.127634e+01;3.860166e+01;1.120703e-01;-7.288066e-02;6.029179e-01;1.360084e+00;4.873019e-01;2.737790e-01;7.877501e+00;4.681704e+00;8.647052e+00;-1.157208e+01;5.686059e+00;-1.086429e+01;9.907839e+00;-1.865532e+01;7.726761e+00;-1.127165e+01;6.050061e+00;-9.108357e+00;6.410223e+00;-8.860888e-01;8.383993e+00;3.584756e-02;6.775622e+00;-1.912099e+00;7.837993e+00;-1.004834e+01;1.026037e+01;-1.250076e+01;6.882586e+00;-1.111232e+01;4.723048e+00;-5.987986e+00;4.242317e+00;-5.680780e+00;4.187413e-04;-5.868258e-06;4.816993e-07;1.282049e-08;1.829942e-07;2.722171e-09;1.082461e-07;-9.085029e-09;7.727983e-07;-2.957129e-08;3.947578e-04;5.229498e-06;1.123696e-01;8.731471e-03;8.476767e-02;4.076078e-03;4.278749e-03;5.347142e-04;7.080232e-03;-1.965230e-04;2.727285e-02;2.324354e-04;3.842633e-02;1.540408e-03;5.566200e-02;3.357076e-03;6.655218e-02;2.561522e-03;8.627706e-02;4.162912e-03;1.203655e-01;4.631332e-03;1.765677e-01;8.249429e-03;1.351004e-01;6.851207e-03;1.615380e-01;2.848548e-03;1.271141e-01;-4.391098e-04;1.532462e-01;2.951830e-03;1.811918e-01;7.829776e-03;1.996995e-01;1.277507e-02;1.661033e-01;7.995590e-03;1.365077e-01;6.623960e-03;1.372453e-01;7.083637e-03;1.320027e-01;4.753256e-03;1.364408e-01;1.772948e-03;9.450667e-02;6.949583e-03;9.260686e-02;5.818908e-03;1.028117e-01;1.613812e-03;7.683882e-02;1.520009e-03;5.511710e-02;2.970441e-03;4.004516e-02;1.109693e-03;2.772650e-02;5.822611e-04;1.873276e-02;-3.684772e-04;3.419076e-02;7.117514e-04;5.144188e-02;1.528907e-03;8.282000e+01;3.115137e+00;1.440572e+02;1.162793e+00;2.594686e+02;-4.134375e+00;4.395690e+02;-2.186338e+01;7.243913e-02;2.690912e-03;1.746070e+02;-3.660662e+00;2.016653e-01;-1.955226e-02;7.420152e+05;-2.662513e+04;4.876303e-01;5.281708e-02;1.040881e+01;1.160820e+00;1.920319e-02;-2.503028e-03;1.096089e-01;-1.484739e-03;7.186440e-02;1.101356e-02;1.638550e+00;4.215116e-02;2.296010e+00;-1.803174e-01;1.688366e+00;-1.506259e-01;2.278265e+00;-7.031312e-02;1.950656e+00;6.539570e-03;2.221354e+00;-2.818479e-02;2.232846e+00;1.242038e-01;2.225558e+00;2.607024e-01;1.777232e+00;2.520243e-01;1.867177e+00;1.612747e-02;2.220468e+00;-7.587404e-02;2.193495e+00;-3.174204e-02;1.672319e+00;5.449713e-02;1.337572e+00;3.303155e-02
119.000000;1.180922e+02;1.640127e+02;8.574080e-02;7.830337e-01;5.127243e-02;2.944480e-02;5.713110e-02;2.926884e-02;1.713379e-01;1.698477e-01;4.326678e+01;-2.208579e+01;5.812650e-01;1.346528e+00;4.212473e-01;1.173004e+00;2.631802e-02;3.502331e-02;3.929665e-02;9.051903e-02;8.787856e-02;1.524927e-01;1.448720e-01;3.125354e-01;2.121897e-01;4.719480e-01;2.372730e-01;6.817120e-01;3.229531e-01;8.305624e-01;6.236932e-01;1.092470e+00;8.597285e-01;1.252944e+00;6.427121e-01;1.165727e+00;7.450165e-01;1.252028e+00;5.274688e-01;1.239884e+00;6.047890e-01;1.340845e+00;8.203682e-01;1.518938e+00;9.103081e-01;1.612846e+00;7.400022e-01;1.605414e+00;6.636093e-01;1.611845e+00;6.475498e-01;1.599304e+00;6.228574e-01;1.627123e+00;6.749225e-01;1.658939e+00;5.557498e-01;1.624047e+00;5.068514e-01;1.572493e+00;4.792402e-01;1.491357e+00;3.849873e-01;1.338332e+00;3.007478e-01;1.130366e+00;2.236432e-01;9.337159e-01;1.644897e-01;7.662067e-01;1.272377e-01;6.140254e-01;1.607767e-01;1.191199e-01;1.458610e-01;1.329832e-01;3.165397e+02;6.811670e+02;6.003247e+02;9.431543e+02;9.784511e+02;1.659636e+03;1.627433e+03;3.074941e+03;2.144926e-01;3.242165e-01;6.949113e+02;1.494018e+03;1.151761e+00;4.671802e+00;2.670281e+06;3.305591e+06;1.934245e+00;4.711020e+00;4.128506e+01;4.732034e+01;1.108933e-01;-8.853002e-02;4.188486e-01;1.170826e+00;4.844785e-01;3.524806e-01;5.887252e+00;5.895353e+00;8.882299e+00;-1.460232e+01;6.417467e+00;-1.343641e+01;8.180890e+00;-2.224170e+01;7.786681e+00;-1.643188e+01;9.171799e+00;-1.511055e+01;7.198702e+00;-1.297737e+00;7.855224e+00;3.525029e+00;9.822756e+00;9.474165e-01;1.017733e+01;-7.765264e+00;9.177661e+00;-9.574575e+00;6.608304e+00;-8.628085e+00;4.812323e+00;-4.798596e+00;5.288415e+00;-3.788873e+00;4.262014e-04;-1.563489e-05;4.967123e-07;8.074733e-08;2.868482e-07;-3.038522e-08;4.107490e-07;-5.250942e-08;1.022020e-06;-8.659881e-08;3.510962e-04;3.660849e-05;1.153925e-01;9.450682e-03;8.614442e-02;2.002375e-03;5.452010e-03;3.324828e-04;7.399148e-03;-1.417360e-03;2.834075e-02;-2.798948e-05;4.374579e-02;5.431024e-04;6.282699e-02;9.940208e-04;7.499156e-02;2.496821e-03;9.184491e-02;2.115296e-03;1.396143e-01;5.102030e-03;1.927729e-01;3.987052e-03;1.529699e-01;7.031695e-03;1.632050e-01;1.629128e-03;1.282336e-01;4.629522e-03;1.433092e-01;1.107001e-02;1.843445e-01;1.270330e-02;2.194594e-01;4.956094e-03;1.831713e-01;-1.621095e-03;1.509604e-01;-7.492120e-04;1.364728e-01;-4.686599e-04;1.256672e-01;-4.145450e-06;1.316804e-01;4.406566e-04;1.040312e-01;4.773607e-04;9.954840e-02;-1.698890e-03;1.019692e-01;-1.583382e-03;7.990428e-02;-5.723549e-04;5.349380e-02;-9.631773e-04;4.062211e-02;1.018202e-03;2.919864e-02;5.370178e-04;2.227915e-02;1.932045e-05;5.143705e-02;1.061174e-03;3.778899e-02;3.663376e-03;6.855914e+01;-9.876562e+00;1.300754e+02;-1.699688e+01;2.235174e+02;-3.352002e+01;3.774844e+02;-5.689072e+01;7.251412e-02;2.146633e-03;1.512810e+02;-2.487074e+01;2.490475e-01;-2.887006e-02;6.719568e+05;-8.070384e+04;5.806760e-01;3.715682e-02;1.249737e+01;4.387375e-01;2.398616e-02;-7.487236e-04;9.331512e-02;-1.487826e-02;9.849819e-02;3.315929e-03;1.520471e+00;1.314064e-01;2.097887e+00;-1.419909e-01;1.972448e+00;-2.225527e-01;2.091838e+00;-1.040266e-01;2.144610e+00;-1.221375e-01;2.594446e+00;-1.911681e-01;2.166127e+00;-1.703145e-01;2.050103e+00;7.706623e-02;2.562818e+00;1.987060e-01;2.761700e+00;1.190093e-02;2.185939e+00;-1.229563e-01;1.973254e+00;-8.369446e-02;1.772773e+00;8.276194e-02;1.742492e+00;3.286252e-02
119.500000;1.184879e+02;1.798736e+02;7.183135e-02;7.804779e-01;6.187342e-02;3.711443e-02;6.045150e-02;3.225546e-02;1.680402e-01;1.576246e-01;4.018145e+01;-1.837425e+01;4.792740e-01;1.272253e+00;2.986125e-01;9.866510e-01;1.642403e-02;2.850131e-02;2.933810e-02;9.256866e-02;7.479408e-02;1.416692e-01;9.854029e-02;2.712245e-01;1.453482e-01;4.136621e-01;1.951431e-01;5.604772e-01;1.621223e-01;6.252669e-01;4.567183e-01;7.843838e-01;3.913742e-01;7.930377e-01;3.107942e-01;9.281498e-01;2.961857e-01;9.329234e-01;3.840660e-01;1.014285e+00;5.207761e-01;1.108997e+00;7.087145e-01;1.198410e+00;6.690598e-01;1.254791e+00;7.005148e-01;1.366027e+00;5.806252e-01;1.351670e+00;4.333664e-01;1.340984e+00;4.448749e-01;1.393338e+00;3.884139e-01;1.395588e+00;4.048606e-01;1.437350e+00;3.934562e-01;1.413220e+00;4.000732e-01;1.351886e+00;3.235096e-01;1.217606e+00;2.731694e-01;1.081663e+00;2.214439e-01;9.162567e-01;1.624851e-01;7.515330e-01;1.276679e-01;6.085273e-01;1.630883e-01;1.233489e-01;1.371782e-01;1.270382e-01;1.143275e+02;6.561885e+02;2.554965e+02;8.840098e+02;5.854304e+02;1.564603e+03;1.230089e+03;2.751226e+03;2.027992e-01;3.067865e-01;3.636048e+02;1.416538e+03;8.108827e-01;4.585126e+00;2.156803e+06;3.010180e+06;1.189536e+00;4.451822e+00;2.010218e+01;3.618145e+01;5.400761e-02;-4.978973e-02;2.245843e-01;1.128627e+00;2.094175e-01;1.761027e-01;4.190255e+00;5.284291e+00;8.250231e+00;-1.405228e+01;6.651193e+00;-1.411903e+01;5.905243e+00;-2.105225e+01;7.601399e+00;-1.686054e+01;1.172442e+01;-1.478554e+01;8.405835e+00;5.965940e-01;5.908816e+00;6.211578e+00;9.605354e+00;-4.194517e-01;1.028807e+01;-1.131799e+01;6.493387e+00;-8.980924e+00;5.812925e+00;-6.984815e+00;6.470478e+00;-2.475170e+00;5.239285e+00;-1.897126e+00;3.057759e-04;6.245852e-05;5.493887e-07;-2.051085e-08;4.732985e-07;-4.281881e-08;4.762192e-07;-6.448822e-08;1.193859e-06;-3.718954e-08;4.139999e-04;-6.367337e-06;9.408320e-02;-1.044916e-02;5.327958e-02;-3.005160e-03;4.317187e-03;-6.084189e-04;5.181609e-03;7.101283e-04;2.509757e-02;4.678363e-04;3.164525e-02;-1.059965e-03;4.273454e-02;-2.717353e-03;4.588877e-02;-1.974682e-03;4.110982e-02;-2.932334e-03;8.697804e-02;-3.847687e-03;9.074208e-02;-9.228458e-03;8.933733e-02;-7.739220e-03;8.206047e-02;-6.946070e-03;8.391078e-02;-1.357436e-03;9.418269e-02;-1.260368e-03;1.311454e-01;-6.923615e-03;1.677853e-01;-1.020249e-02;1.532808e-01;-6.395853e-03;1.164190e-01;-1.885443e-03;9.429801e-02;-8.308790e-04;8.091231e-02;-1.345146e-03;7.855593e-02;-1.040503e-03;8.124490e-02;-3.232064e-03;8.832352e-02;-1.908837e-03;7.964719e-02;-1.322201e-03;6.702733e-02;-1.486896e-03;4.832600e-02;-3.488773e-03;4.147301e-02;-2.040351e-04;2.837538e-02;-2.544068e-05;2.365793e-02;7.537113e-04;5.062007e-02;-1.224454e-03;2.955741e-02;-1.555079e-03;3.832470e+01;8.039063e-01;9.412482e+01;6.029297e+00;1.677758e+02;2.391621e+01;2.904713e+02;3.807070e+01;6.629314e-02;-2.953744e-03;9.897660e+01;1.381831e+01;2.206477e-01;2.934587e-02;4.876574e+05;5.133222e+04;4.155298e-01;-6.353815e-02;7.661754e+00;-1.239927e+00;1.856384e-02;2.618246e-03;6.085985e-02;8.206470e-03;7.189815e-02;-1.136545e-02;1.278209e+00;-1.231847e-01;1.851654e+00;7.866494e-02;2.091839e+00;7.347722e-02;2.117479e+00;8.262894e-02;2.491934e+00;4.462691e-02;2.721719e+00;1.131286e-01;2.144917e+00;-2.293081e-02;2.101105e+00;-9.795459e-02;2.402877e+00;-1.669351e-01;2.720950e+00;9.795680e-02;1.857694e+00;2.089414e-01;1.852550e+00;7.850072e-02;1.948027e+00;9.660873e-02;1.643836e+00;6.935645e-02
120.000000;1.097592e+02;2.053707e+02;7.627178e-02;8.047199e-01;6.407208e-02;3.694868e-02;4.382330e-02;2.675747e-02;1.049482e-01;1.137322e-01;3.712833e+01;-1.047415e+01;5.069654e-01;1.436612e+00;2.669063e-01;1.087591e+00;2.646068e-02;3.835662e-02;4.187524e-02;8.274125e-02;5.981325e-02;1.448626e-01;1.118958e-01;3.077950e-01;1.610199e-01;4.847873e-01;2.005931e-01;5.782786e-01;3.225806e-01;7.541457e-01;3.671888e-01;8.872947e-01;7.816305e-01;1.121109e+00;4.112113e-01;1.079467e+00;3.267174e-01;1.077458e+00;3.774384e-01;1.140100e+00;4.362480e-01;1.206111e+00;5.565554e-01;1.269650e+00;5.873692e-01;1.347249e+00;5.111983e-01;1.395643e+00;4.550383e-01;1.463293e+00;3.832102e-01;1.515763e+00;4.021313e-01;1.521752e+00;3.566574e-01;1.542782e+00;3.673915e-01;1.564831e+00;3.608573e-01;1.551869e+00;3.992476e-01;1.513331e+00;3.228817e-01;1.356301e+00;2.282997e-01;1.154562e+00;1.915112e-01;9.455228e-01;1.319642e-01;7.507969e-01;1.010162e-01;6.026005e-01;1.267111e-01;1.149777e-01;1.128769e-01;1.199154e-01;1.319525e+02;6.751377e+02;3.680266e+02;9.471738e+02;9.509402e+02;1.590299e+03;1.504025e+03;2.477036e+03;1.354481e-01;2.807578e-01;5.512981e+02;1.384976e+03;1.329272e+00;4.259852e+00;2.079897e+06;2.497884e+06;1.908484e+00;4.820397e+00;3.305317e+01;4.498499e+01;1.179714e-01;-9.778233e-02;3.252459e-01;1.101729e+00;4.796607e-01;3.766238e-01;5.020599e+00;4.686795e+00;7.001032e+00;-1.476604e+01;7.345810e+00;-1.277603e+01;1.000607e+01;-2.440367e+01;7.119489e+00;-1.801079e+01;1.089318e+01;-1.547687e+01;8.490071e+00;4.617871e+00;1.038853e+01;5.863543e+00;8.254994e+00;-7.966828e-01;8.125862e+00;-1.050497e+01;8.370312e+00;-1.142026e+01;8.762999e+00;-1.051114e+01;8.032971e+00;-4.588503e+00;4.654164e+00;-3.411238e+00;2.923787e-04;6.834526e-05;5.191218e-07;-3.707965e-10;5.212184e-07;-8.976509e-08;2.972811e-07;-6.502037e-08;1.012525e-06;-4.863045e-08;3.725262e-04;1.992172e-06;7.776734e-02;2.009354e-03;4.849857e-02;-2.086310e-03;2.752359e-03;3.624691e-04;4.118734e-03;-4.300831e-04;1.982825e-02;3.506002e-04;2.746132e-02;1.115382e-03;3.585090e-02;1.836669e-03;5.000898e-02;-1.081798e-03;8.546282e-02;1.346643e-04;6.525469e-02;-1.939496e-03;1.313493e-01;3.186124e-03;8.627373e-02;-3.439027e-03;9.684286e-02;-2.134279e-03;1.046099e-01;-4.858977e-03;1.134339e-01;-7.823917e-03;1.344918e-01;-1.152744e-02;1.446763e-01;-4.982775e-03;1.124856e-01;-2.043906e-04;9.774342e-02;-1.160066e-03;9.510858e-02;-1.399393e-03;9.600898e-02;-1.402478e-03;8.580344e-02;-2.342441e-03;7.458550e-02;-1.602690e-03;7.907992e-02;-7.801615e-04;7.694187e-02;-2.053316e-03;6.211259e-02;-3.201518e-03;5.153314e-02;-2.632493e-03;4.166801e-02;-1.931654e-03;2.812537e-02;-2.367883e-03;2.237120e-02;-2.001313e-03;3.719621e-02;1.768217e-04;2.202890e-02;-2.607807e-03;4.370724e+01;-2.268164e+00;1.085295e+02;-7.192090e+00;1.880070e+02;-8.484082e+00;2.323310e+02;-1.026416e+01;3.846478e-02;-4.600437e-04;9.955217e+01;-5.842699e+00;1.772521e-01;-1.919772e-02;3.549787e+05;-7.389672e+03;2.990068e-01;2.276156e-02;6.050392e+00;4.197937e-01;1.178029e-02;-2.064678e-03;5.968409e-02;-3.593282e-03;4.751595e-02;8.777287e-03;1.221325e+00;6.176265e-02;1.907248e+00;1.196898e-01;1.895822e+00;1.610285e-01;2.150628e+00;-1.196399e-01;2.613843e+00;-3.241968e-02;2.582518e+00;4.861060e-02;2.357359e+00;2.792808e-01;2.665426e+00;1.690622e-01;2.339754e+00;2.221623e-02;2.447072e+00;-4.063272e-03;2.650699e+00;-9.440491e-02;2.258495e+00;-1.855407e-01;1.854160e+00;-1.674604e-01;1.165955e+00;-7.854133e-02
120.500000;9.180862e+01;1.882325e+02;8.599073e-02;8.156788e-01;4.976294e-02;3.094160e-02;3.793691e-02;2.317053e-02;1.389548e-01;1.361623e-01;3.985111e+01;-1.132640e+01;4.902700e-01;1.599991e+00;2.831450e-01;1.109030e+00;2.722563e-02;4.818785e-02;4.097067e-02;7.420509e-02;5.457604e-02;1.403432e-01;1.102502e-01;3.206916e-01;1.787459e-01;5.106868e-01;1.880799e-01;6.132476e-01;3.268698e-01;7.973061e-01;3.519672e-01;8.923948e-01;8.012056e-01;1.179351e+00;5.235457e-01;1.069657e+00;6.102429e-01;1.209681e+00;5.220755e-01;1.312808e+00;4.011719e-01;1.303948e+00;5.476283e-01;1.364051e+00;6.581595e-01;1.447430e+00;4.563099e-01;1.406269e+00;4.529046e-01;1.445461e+00;4.670074e-01;1.494305e+00;4.160053e-01;1.509969e+00;4.244048e-01;1.555554e+00;3.733639e-01;1.544573e+00;3.732720e-01;1.515585e+00;4.212105e-01;1.465650e+00;3.251701e-01;1.323011e+00;2.451771e-01;1.122247e+00;1.900382e-01;9.303015e-01;1.395562e-01;7.556996e-01;1.031231e-01;6.045678e-01;1.088438e-01;1.045427e-01;2.101674e-01;1.908871e-01;1.299799e+02;6.303486e+02;3.458247e+02;8.953506e+02;9.494349e+02;1.491533e+03;1.677497e+03;2.365494e+03;1.456696e-01;3.445617e-01;5.839070e+02;1.287071e+03;1.436333e+00;4.118842e+00;2538264;2.206696e+06;2.824737e+00;5.798905e+00;5.858509e+01;6.863223e+01;1.240169e-01;-1.388734e-01;3.452055e-01;1.040686e+00;5.214745e-01;5.475783e-01;5.579029e+00;6.898082e+00;6.262133e+00;-1.492991e+01;9.321734e+00;-1.450430e+01;1.066836e+01;-2.460051e+01;8.116917e+00;-1.455161e+01;9.300661e+00;-1.541260e+01;1.011525e+01;1.162526e+00;1.209240e+01;1.639483e+00;1.118265e+01;-1.606115e+00;9.043358e+00;-1.081811e+01;1.084484e+01;-1.545906e+01;9.985432e+00;-1.607716e+01;5.723048e+00;-1.057477e+01;4.328642e+00;-7.510405e+00;4.392001e-05;4.860772e-06;5.827208e-07;4.647968e-08;3.935572e-07;-7.411978e-08;2.355436e-07;-2.159566e-08;1.092675e-06;-1.446645e-07;3.730335e-04;5.789367e-06;1.072485e-01;1.478291e-02;6.065502e-02;7.037102e-03;4.417942e-03;6.366057e-04;6.162912e-03;-1.000882e-03;1.725523e-02;-5.669961e-04;2.375864e-02;3.370847e-04;3.799279e-02;2.942814e-03;5.198397e-02;2.584330e-03;1.007355e-01;-6.506065e-04;7.698923e-02;-4.297463e-04;1.481377e-01;6.999318e-03;1.126664e-01;1.298179e-02;1.523775e-01;1.605324e-02;1.397631e-01;1.655984e-02;1.244053e-01;1.003019e-02;1.450303e-01;6.708193e-03;1.611653e-01;1.474059e-02;1.102256e-01;1.586124e-02;1.101681e-01;1.171487e-02;1.115541e-01;1.637697e-02;1.108570e-01;1.223001e-02;1.184533e-01;9.270589e-03;8.446173e-02;3.974013e-03;7.415039e-02;5.181185e-03;7.848863e-02;6.374813e-03;6.886440e-02;4.840138e-03;5.923553e-02;4.981413e-03;4.447475e-02;2.700862e-03;3.187268e-02;1.000956e-03;2.459376e-02;1.675430e-04;3.602634e-02;3.041606e-04;4.675866e-02;9.197244e-03;4.181297e+01;2.727539e-01;1.008612e+02;-3.990820e+00;2.204923e+02;-2.134658e+01;4.102219e+02;-3.456797e+01;5.139059e-02;1.773284e-03;1.363820e+02;-1.204329e+01;2.466431e-01;-2.326973e-02;7.160209e+05;-5.405532e+04;7.695391e-01;3.770990e-02;1.775742e+01;5.663388e-01;1.839270e-02;-2.549701e-03;8.315890e-02;-6.975961e-03;7.631901e-02;1.043958e-02;1.316752e+00;8.018830e-02;1.868898e+00;-1.797280e-01;2.240452e+00;-1.126386e-01;2.082505e+00;1.754925e-02;2.203875e+00;1.077258e-01;2.430256e+00;6.863610e-02;2.923751e+00;1.543921e-01;2.914362e+00;-1.563628e-01;2.874202e+00;-1.918781e-01;2.436941e+00;-2.142745e-01;3.038133e+00;-2.307767e-01;2.500005e+00;-1.131367e-01;1.621830e+00;-1.081399e-01;1.321153e+00;-1.153317e-01
121.000000;9.394425e+01;2.307636e+02;7.831684e-02;8.368748e-01;5.470601e-02;3.296524e-02;5.032141e-02;2.829086e-02;1.489433e-01;1.586407e-01;3.315924e+01;-3.232149e+00;4.907495e-01;1.755506e+00;2.866247e-01;1.053242e+00;2.318636e-02;5.196517e-02;2.510891e-02;6.736457e-02;4.946961e-02;1.350291e-01;8.812457e-02;2.666642e-01;1.740530e-01;4.303197e-01;1.431232e-01;5.319413e-01;2.083233e-01;6.605884e-01;2.533012e-01;7.625603e-01;3.701985e-01;8.300681e-01;5.086212e-01;1.085964e+00;6.255088e-01;1.165403e+00;6.042109e-01;1.258510e+00;3.969941e-01;1.174874e+00;4.793942e-01;1.315842e+00;6.527283e-01;1.461102e+00;5.790533e-01;1.473710e+00;4.819101e-01;1.401836e+00;6.222037e-01;1.509263e+00;4.811628e-01;1.505649e+00;4.389478e-01;1.543596e+00;3.633973e-01;1.518110e+00;3.603472e-01;1.464130e+00;3.815278e-01;1.347484e+00;3.006858e-01;1.208014e+00;2.417254e-01;1.064027e+00;1.910962e-01;9.029345e-01;1.386717e-01;7.527629e-01;1.032491e-01;6.139091e-01;5.029133e-02;6.569824e-02;2.766739e-01;3.339311e-01;1.159448e+02;7.015518e+02;1.820665e+02;8.725254e+02;5.623156e+02;1.323431e+03;1.187301e+03;2.031299e+03;1.646835e-01;4.121071e-01;3.667580e+02;1.197522e+03;1.005440e+00;3.952370e+00;2.143623e+06;1.501988e+06;2.454485e+00;6.217155e+00;5.607067e+01;7.739240e+01;1.106261e-01;-1.454492e-01;2.242682e-01;1.004489e+00;4.837204e-01;5.959154e-01;4.815910e+00;6.646284e+00;9.213259e+00;-2.181997e+01;6.775337e+00;-2.006639e+01;6.249957e+00;-2.225869e+01;6.702077e+00;-9.854396e+00;8.689618e+00;-7.845220e+00;1.204530e+01;2.822318e+00;1.113304e+01;2.966362e+00;1.194811e+01;-4.283670e+00;9.147760e+00;-1.793245e+01;1.253919e+01;-1.761087e+01;1.142443e+01;-1.302663e+01;8.332927e+00;-6.789219e+00;7.358479e+00;-6.809664e+00;2.901095e-04;7.505416e-06;6.250398e-07;8.976273e-10;6.204723e-07;-3.640805e-09;6.134383e-07;1.774097e-08;1.471398e-06;-9.274591e-08;3.058435e-04;-2.584127e-06;1.220266e-01;-9.006039e-04;6.216605e-02;-3.249170e-04;4.997345e-03;-3.380592e-04;5.907026e-03;4.588057e-04;1.555150e-02;-3.366810e-04;2.160025e-02;-1.382705e-03;3.800342e-02;-1.823112e-03;3.638709e-02;-7.535025e-04;6.874239e-02;-1.735211e-03;7.424348e-02;-1.851049e-03;8.717709e-02;-6.929653e-03;1.025225e-01;-2.170915e-03;1.409084e-01;1.587818e-03;1.326086e-01;9.901087e-04;1.018103e-01;-1.927409e-03;1.093721e-01;-2.995579e-03;1.665571e-01;-7.000898e-04;1.159163e-01;5.579583e-03;1.044976e-01;3.523333e-03;1.407899e-01;2.680261e-04;1.130574e-01;8.614744e-05;1.136927e-01;-5.807816e-04;8.984885e-02;-3.006271e-03;8.642545e-02;-5.613242e-04;9.001473e-02;-1.347954e-03;7.259306e-02;6.138055e-04;5.948499e-02;1.716281e-03;4.329058e-02;1.355816e-03;2.988425e-02;1.735858e-03;2.374755e-02;2.197644e-03;1.914380e-02;-8.164799e-04;7.262393e-02;1.833422e-03;2.302734e+01;1.693945e+00;5.835928e+01;1.737012e+00;1.701935e+02;1.073789e+01;3.771339e+02;1.402529e+01;6.471635e-02;8.679033e-04;1.143565e+02;5.411106e+00;2.632409e-01;2.054960e-02;6.689256e+05;7.078958e+03;7.866117e-01;-3.030297e-02;1.849486e+01;-5.279490e-01;2.217800e-02;1.938994e-03;7.036921e-02;3.282198e-03;8.851149e-02;-8.683965e-03;1.262509e+00;-8.321704e-02;1.735125e+00;-1.606097e-01;1.897931e+00;-1.217786e-01;1.905762e+00;1.676967e-01;1.821007e+00;2.024400e-02;2.392866e+00;1.559754e-01;3.317185e+00;1.729272e-02;2.982398e+00;-1.247380e-01;2.840496e+00;-2.212184e-01;2.193582e+00;-9.813671e-02;2.752552e+00;2.321890e-01;2.217000e+00;3.284157e-01;2.181467e+00;9.642161e-02;1.901004e+00;-4.287825e-02
121.500000;5.898298e+01;2.492955e+02;4.438188e-02;8.619931e-01;5.135902e-02;2.961680e-02;5.144580e-02;2.870988e-02;1.085684e-01;1.349948e-01;1.199698e+01;8.341661e+00;3.571356e-01;1.950423e+00;2.043386e-01;1.066980e+00;1.889417e-02;5.891033e-02;1.480087e-02;5.579113e-02;6.288904e-02;1.441232e-01;1.069200e-01;2.764882e-01;1.489250e-01;4.120893e-01;1.843589e-01;6.044217e-01;1.902868e-01;6.959984e-01;2.713664e-01;8.929065e-01;3.660384e-01;9.536561e-01;3.819138e-01;1.054533e+00;3.028716e-01;1.044579e+00;3.960205e-01;1.143617e+00;3.036056e-01;1.205059e+00;3.553088e-01;1.262703e+00;5.006062e-01;1.336365e+00;5.349442e-01;1.408529e+00;4.119365e-01;1.472307e+00;5.235618e-01;1.540805e+00;4.065140e-01;1.551258e+00;3.619448e-01;1.578683e+00;3.354696e-01;1.556473e+00;3.105830e-01;1.501724e+00;2.873898e-01;1.431041e+00;2.528858e-01;1.288880e+00;2.073149e-01;1.105082e+00;1.574627e-01;9.241794e-01;1.119557e-01;7.471329e-01;9.160117e-02;6.088409e-01;1.820250e-01;1.521129e-01;2.253386e-01;3.502248e-01;7.070400e+01;7.377275e+02;1.494006e+02;8.418047e+02;3.744517e+02;1.198107e+03;4.143227e+02;1.685045e+03;1.857839e-01;4.439922e-01;1.860759e+02;1.099615e+03;6.957011e-01;3.691242e+00;4.391138e+05;7.587818e+05;1.797558e+00;6.231874e+00;3.811757e+01;7.536208e+01;1.021722e-01;-1.703953e-01;1.081467e-01;9.485209e-01;4.292486e-01;6.873316e-01;3.683634e+00;5.719560e+00;6.065792e+00;-2.661011e+01;4.907382e+00;-2.193701e+01;7.892867e+00;-2.560549e+01;7.622747e+00;-1.239324e+01;7.638146e+00;-5.627913e+00;1.037632e+01;7.430192e+00;1.057712e+01;6.985612e+00;1.153923e+01;-7.749273e-01;1.114133e+01;-1.565100e+01;1.190451e+01;-1.358046e+01;1.062704e+01;-7.620220e+00;7.983670e+00;-4.380710e+00;7.029554e+00;-5.046228e+00;2.920297e-04;-1.517409e-05;4.433655e-07;-1.384717e-08;6.209061e-07;-1.157207e-08;6.557759e-07;-1.592280e-08;1.203012e-06;-6.343646e-09;1.493591e-04;2.216805e-08;1.004730e-01;-4.130803e-03;4.504558e-02;-7.394560e-03;4.033960e-03;-1.260110e-04;2.561796e-03;-1.074578e-04;1.693280e-02;-2.740962e-05;3.118755e-02;-7.358350e-04;3.704237e-02;-3.683813e-03;5.391777e-02;-8.128211e-04;5.725254e-02;2.481849e-03;6.771171e-02;3.228189e-03;6.823509e-02;-2.815685e-03;7.398036e-02;-1.167600e-02;7.252189e-02;-1.216562e-02;8.535840e-02;-1.306171e-02;8.501222e-02;-1.220179e-02;7.608286e-02;-9.575430e-03;1.319849e-01;-1.559494e-02;8.973400e-02;-1.603051e-02;9.000479e-02;-1.392257e-02;1.200242e-01;-1.920237e-02;9.203956e-02;-1.555857e-02;8.413177e-02;-1.301323e-02;9.386208e-02;-7.774671e-03;9.128653e-02;-6.864939e-03;7.869594e-02;-7.128441e-03;5.953317e-02;-5.644426e-03;5.158785e-02;-5.296960e-03;3.926411e-02;-3.033275e-03;2.573642e-02;-1.407719e-03;2.308040e-02;-7.398479e-04;4.762803e-02;3.758042e-03;7.059903e-02;-5.438853e-03;1.530042e+01;-1.378125e+00;3.983216e+01;-1.894922e+00;8.502833e+01;-1.019238e+00;1.005683e+02;-4.608106e+00;6.485932e-02;2.167572e-03;3.931239e+01;-1.642310e+00;2.178229e-01;1.517276e-03;1.296828e+05;2.263281e+02;5.054687e-01;1.419569e-02;1.167056e+01;2.523691e-01;2.084913e-02;6.421605e-04;2.290889e-02;-1.086402e-03;8.307845e-02;-3.721702e-03;1.080731e+00;3.616300e-02;1.652088e+00;1.038985e-01;1.363397e+00;-3.390441e-02;2.111456e+00;-1.202032e-01;2.136438e+00;-1.083141e-01;2.360756e+00;-7.215992e-02;3.294871e+00;-4.210544e-02;3.099159e+00;2.179830e-01;2.673090e+00;2.316149e-01;2.289031e+00;2.576251e-01;2.498996e+00;2.850054e-01;2.227116e+00;1.255923e-01;2.585768e+00;2.042592e-02;1.901428e+00;-7.304282e-03
122.000000;5.465933e+01;2.180925e+02;6.054272e-02;8.395054e-01;5.809037e-02;3.755870e-02;5.669963e-02;3.768023e-02;1.718743e-01;1.660923e-01;1.243603e+01;7.119375e+00;5.860175e-01;1.861318e+00;2.233394e-01;9.724475e-01;2.675442e-02;5.760901e-02;4.083775e-02;6.650416e-02;6.105325e-02;1.402882e-01;1.119311e-01;2.949293e-01;1.383397e-01;4.273719e-01;1.907984e-01;5.911735e-01;1.859773e-01;6.420634e-01;3.125269e-01;7.891351e-01;3.938723e-01;8.953413e-01;3.524664e-01;8.966206e-01;3.456971e-01;9.732567e-01;3.110514e-01;1.011757e+00;3.114890e-01;1.103081e+00;3.106329e-01;1.091246e+00;4.168955e-01;1.144626e+00;4.325494e-01;1.191818e+00;4.169379e-01;1.297445e+00;3.755074e-01;1.312203e+00;3.669453e-01;1.374739e+00;3.814630e-01;1.408576e+00;3.873922e-01;1.441157e+00;3.669688e-01;1.418088e+00;2.698022e-01;1.337066e+00;2.403801e-01;1.221275e+00;2.182590e-01;1.064423e+00;1.890589e-01;8.987640e-01;1.379519e-01;7.304774e-01;1.000837e-01;5.867144e-01;1.982886e-01;2.212502e-01;2.127732e-01;3.047397e-01;9.025743e+01;7.269609e+02;2.594161e+02;8.652041e+02;7.452512e+02;1.290126e+03;1.486947e+03;2.090730e+03;1.988784e-01;4.170416e-01;5.188351e+02;1.211410e+03;1.024416e+00;3.991026e+00;2392230;1.630125e+06;2.198275e+00;6.078458e+00;4.314026e+01;7.218198e+01;1.222279e-01;-1.803382e-01;3.132619e-01;1.018108e+00;5.255442e-01;7.280492e-01;4.486427e+00;6.098501e+00;7.289868e+00;-2.255863e+01;6.006000e+00;-2.138186e+01;8.479262e+00;-2.761448e+01;6.217118e+00;-1.295360e+01;6.638398e+00;-4.617659e+00;9.428715e+00;8.165022e+00;8.660830e+00;7.298694e+00;9.075729e+00;-6.317673e-02;1.053707e+01;-1.341649e+01;7.842474e+00;-9.409630e+00;8.029099e+00;-8.520299e+00;7.589530e+00;-7.173500e+00;5.934826e+00;-6.749505e+00;3.136229e-04;2.495922e-05;4.218264e-07;-2.212182e-08;3.896050e-07;7.774434e-08;4.132226e-07;1.656698e-08;1.428181e-06;7.777529e-08;1.496409e-04;-3.136917e-06;9.539577e-02;-7.726819e-03;4.167121e-02;-6.947090e-04;3.750974e-03;-2.475939e-04;4.960562e-03;2.069791e-04;1.612001e-02;1.898123e-04;3.092715e-02;-3.189407e-05;3.447839e-02;-4.749813e-04;5.180222e-02;-1.038797e-03;4.994377e-02;-5.318821e-04;5.863321e-02;-2.655473e-03;6.539634e-02;-8.975525e-04;6.157771e-02;-2.667311e-03;6.094562e-02;-2.784396e-03;6.442679e-02;-3.521815e-03;9.034187e-02;-5.790278e-04;7.052782e-02;7.176570e-04;8.956330e-02;-1.552707e-03;8.600119e-02;-5.822866e-03;1.000786e-01;-3.257326e-03;8.653998e-02;1.317371e-03;8.720898e-02;-1.833032e-04;9.560266e-02;7.627252e-04;1.000725e-01;2.028553e-03;8.902510e-02;1.711782e-03;5.951457e-02;-1.605264e-04;5.105939e-02;9.547467e-04;5.057819e-02;-7.832103e-05;4.403226e-02;1.369175e-04;2.952326e-02;2.106443e-04;2.491325e-02;1.455570e-04;5.672365e-02;-3.392064e-04;5.827082e-02;-2.613234e-03;2.975698e+01;1.579102e-01;6.265494e+01;5.656054e+00;1.278878e+02;7.335645e+00;2.059715e+02;2.484932e+01;5.911118e-02;-1.513252e-03;7.190361e+01;8.420080e+00;1.988397e-01;1.300862e-02;3.469466e+05;4.233530e+04;5.450034e-01;-1.579535e-02;1.205790e+01;-2.277435e-01;1.895093e-02;7.340639e-04;4.382185e-02;5.060886e-03;8.494755e-02;-2.931269e-03;1.146199e+00;-3.074045e-02;1.944046e+00;1.618746e-01;1.459052e+00;7.551339e-02;2.039510e+00;-1.950718e-02;2.042452e+00;8.114906e-02;2.164398e+00;8.297929e-02;2.776410e+00;-5.050343e-02;2.467913e+00;-8.679429e-02;2.597483e+00;7.486984e-02;2.265868e+00;9.179952e-02;2.348894e+00;-2.104447e-02;2.182379e+00;-1.473297e-01;2.355192e+00;-2.307286e-02;1.758220e+00;1.107601e-01
122.500000;7.103851e+01;2.803527e+02;6.380067e-02;8.572963e-01;6.846846e-02;3.941331e-02;5.395438e-02;3.477205e-02;1.670997e-01;1.689720e-01;5.720809e+00;9.706628e+00;5.745152e-01;1.857208e+00;2.581397e-01;1.063376e+00;2.984788e-02;6.490628e-02;4.342584e-02;6.088309e-02;3.105383e-02;1.349275e-01;7.651927e-02;2.881627e-01;1.260109e-01;4.586065e-01;2.142751e-01;5.972824e-01;2.353196e-01;6.685836e-01;3.256505e-01;8.636250e-01;5.509087e-01;1.094878e+00;3.742913e-01;1.019625e+00;4.425418e-01;1.100409e+00;4.485007e-01;1.142694e+00;3.453971e-01;1.150181e+00;3.334657e-01;1.233661e+00;4.836222e-01;1.398427e+00;4.260262e-01;1.386233e+00;4.289128e-01;1.413971e+00;4.266475e-01;1.501125e+00;3.796532e-01;1.499010e+00;3.598655e-01;1.502585e+00;3.454491e-01;1.513469e+00;3.824267e-01;1.536939e+00;3.137693e-01;1.429377e+00;2.623950e-01;1.303431e+00;2.208241e-01;1.119071e+00;2.077852e-01;9.300373e-01;1.366556e-01;7.559645e-01;1.011143e-01;6.055038e-01;1.405734e-01;1.590527e-01;2.050759e-01;2.847337e-01;8.501977e+01;7.088730e+02;2.735254e+02;8.336221e+02;7.724349e+02;1.162937e+03;1.612359e+03;1.862048e+03;1.681587e-01;3.680417e-01;5.553870e+02;1.143354e+03;1.275796e+00;3.539101e+00;2.471115e+06;1.592537e+06;2.577612e+00;7.039328e+00;5.862315e+01;9.587302e+01;1.421651e-01;-2.302622e-01;3.350652e-01;9.792414e-01;5.970198e-01;9.470411e-01;4.412556e+00;6.431893e+00;6.285654e+00;-2.133358e+01;5.265271e+00;-2.220526e+01;7.017766e+00;-2.934984e+01;5.647827e+00;-1.267807e+01;7.836521e+00;-4.965032e+00;8.856722e+00;1.023256e+01;6.571071e+00;8.138717e+00;7.861663e+00;-7.920536e-01;8.180435e+00;-1.305149e+01;8.656790e+00;-1.396547e+01;6.608021e+00;-1.447795e+01;7.091442e+00;-1.018976e+01;6.211113e+00;-9.538496e+00;3.078057e-04;4.575883e-05;3.517953e-07;1.180050e-08;5.587169e-07;6.618069e-09;3.325285e-07;6.999065e-09;1.384158e-06;8.545964e-09;3.790072e-05;6.769456e-07;8.849020e-02;2.542361e-03;4.447079e-02;7.120166e-04;3.708791e-03;2.047529e-04;5.426900e-03;-3.930469e-05;1.263896e-02;9.096915e-04;2.153073e-02;7.226007e-04;3.248051e-02;8.309887e-04;5.306023e-02;5.704583e-04;5.663731e-02;-4.856368e-04;5.826641e-02;-2.136126e-03;9.984248e-02;-1.329440e-03;6.436133e-02;2.441031e-03;9.270303e-02;-1.489781e-03;9.935177e-02;-1.508133e-03;8.906782e-02;2.464697e-03;6.266040e-02;4.014943e-03;9.502020e-02;4.676273e-03;8.850886e-02;2.357619e-03;9.823871e-02;3.410634e-03;8.415731e-02;2.360464e-03;8.434809e-02;2.401442e-03;8.632623e-02;3.567690e-03;8.435895e-02;1.104517e-03;8.938767e-02;-1.035746e-03;7.151581e-02;-1.785342e-03;5.955422e-02;-1.653751e-03;5.425316e-02;-6.151958e-04;4.709595e-02;-1.953366e-04;2.796879e-02;-3.316317e-04;2.227676e-02;-7.545009e-04;3.451735e-02;-2.361843e-03;5.267019e-02;-2.900108e-04;2.976067e+01;4.880859e-01;7.486580e+01;-1.435547e-01;1.447328e+02;-2.095898e+00;2.654379e+02;-1.177148e+00;5.317672e-02;5.619291e-04;9.426534e+01;-8.558388e-01;2.076899e-01;-7.846155e-03;4.123550e+05;-2.215428e+03;5.902289e-01;8.219303e-03;1.455696e+01;2.755858e-01;1.919460e-02;-1.338225e-03;5.694180e-02;-5.552447e-04;9.142692e-02;6.886996e-03;1.075358e+00;3.356466e-02;1.613323e+00;-1.030656e-02;1.367231e+00;7.786680e-02;1.868653e+00;1.098725e-01;1.661783e+00;3.593645e-02;2.105591e+00;3.002464e-02;2.410989e+00;2.779042e-02;1.891191e+00;4.949589e-02;2.697904e+00;9.111577e-02;2.107712e+00;-7.347446e-02;2.522232e+00;-1.072950e-01;1.907859e+00;-8.411305e-02;1.896253e+00;1.781118e-02;2.015239e+00;9.017453e-02
123.000000;2.852714e+00;3.380316e+02;1.859551e-02;8.977460e-01;4.334297e-02;1.774825e-02;1.512446e-02;1.143767e-02;7.283907e-02;1.039198e-01;3.802260e+00;1.311610e+01;2.602814e-01;2.064530e+00;1.602346e-01;1.098072e+00;1.634390e-02;8.213196e-02;9.270595e-03;3.847821e-02;4.615875e-02;1.411081e-01;8.802464e-02;2.847538e-01;1.313644e-01;4.549423e-01;2.084487e-01;6.148624e-01;2.260461e-01;7.016977e-01;2.105109e-01;9.452032e-01;4.427084e-01;1.187649e+00;1.728931e-01;1.059582e+00;3.489866e-01;1.090827e+00;3.932143e-01;1.164912e+00;2.677863e-01;1.248200e+00;2.510916e-01;1.308555e+00;3.483640e-01;1.444781e+00;2.548959e-01;1.409472e+00;2.696969e-01;1.456752e+00;2.788289e-01;1.520035e+00;2.028356e-01;1.569949e+00;2.168186e-01;1.569500e+00;2.184590e-01;1.535571e+00;2.346343e-01;1.545539e+00;2.181592e-01;1.480564e+00;1.777334e-01;1.364358e+00;1.345988e-01;1.147281e+00;1.447694e-01;9.422932e-01;1.001944e-01;7.585137e-01;8.598460e-02;6.029781e-01;6.781060e-02;1.391372e-01;1.602661e-01;2.955721e-01;1.594944e+01;6.580547e+02;6.130978e+01;6.976758e+02;1.879360e+02;7.968721e+02;4.680064e+02;1.073215e+03;1.413642e-01;3.727697e-01;1.541891e+02;8.542887e+02;6.288723e-01;2.606052e+00;6.005617e+05;4.686156e+05;2.172451e+00;8.692954e+00;6.401001e+01;1.348331e+02;1.009703e-01;-3.170934e-01;9.430874e-02;8.024969e-01;4.104595e-01;1.288326e+00;3.386336e+00;6.871219e+00;4.280008e+00;-2.429511e+01;4.331040e+00;-2.480749e+01;5.690472e+00;-3.315508e+01;7.259760e+00;-1.245814e+01;8.095602e+00;-9.545350e+00;7.267692e+00;1.300603e+01;8.165636e+00;1.420163e+01;9.483729e+00;8.982529e+00;5.024114e+00;-9.040215e+00;7.036815e+00;-2.087176e+01;5.222633e+00;-1.981148e+01;3.920851e+00;-1.380040e+01;5.431642e+00;-1.031691e+01;3.130810e-05;-2.286549e-06;2.291977e-07;1.876290e-08;4.596135e-07;-9.182897e-08;1.959697e-07;-3.423316e-08;7.316837e-07;-1.120878e-07;2.984953e-05;5.850312e-06;5.846642e-02;8.985426e-03;3.131182e-02;-6.254136e-04;2.286235e-03;7.339048e-04;2.730907e-03;-6.790124e-04;1.705715e-02;-5.296345e-07;3.031634e-02;-2.150660e-04;3.953240e-02;6.410824e-04;5.809242e-02;1.265519e-03;6.310708e-02;5.846643e-04;4.851480e-02;3.216550e-03;9.442192e-02;3.460632e-03;4.568309e-02;2.558272e-03;8.294711e-02;-2.086470e-03;8.948976e-02;-1.425334e-03;6.515492e-02;-1.841021e-03;5.258630e-02;-1.796409e-03;7.505432e-02;5.321853e-04;6.563309e-02;2.146965e-03;6.891127e-02;8.283592e-04;6.359195e-02;-2.266958e-03;5.594207e-02;-7.076898e-04;5.295217e-02;-2.590744e-03;5.671711e-02;-1.733875e-03;6.451792e-02;-3.526892e-03;5.826027e-02;-1.985055e-03;5.105877e-02;-3.927249e-03;3.974604e-02;-2.290049e-03;3.371011e-02;-2.775436e-03;1.930178e-02;-1.462811e-03;2.004108e-02;-8.634159e-04;1.849666e-02;1.708567e-03;4.460907e-02;1.242552e-03;1.320812e+01;-1.880566e+00;4.479277e+01;-7.421777e+00;9.751007e+01;-1.810225e+01;1.809773e+02;-3.842959e+01;5.577607e-02;1.188183e-03;6.561150e+01;-1.413645e+01;1.798531e-01;-3.595103e-02;2.184503e+05;-5.054732e+04;5.709246e-01;7.525886e-02;1.577646e+01;1.745077e+00;1.441209e-02;-3.842830e-03;3.916924e-02;-8.503441e-03;6.982554e-02;1.558422e-02;1.051869e+00;4.785925e-02;1.163749e+00;-1.059135e-01;1.496495e+00;-5.459984e-02;2.002870e+00;-1.520822e-01;1.755928e+00;-1.709780e-01;1.924820e+00;-1.825008e-01;2.448336e+00;1.161567e-01;1.942408e+00;3.618838e-01;2.276109e+00;2.386710e-01;1.604808e+00;3.797788e-02;2.064224e+00;-1.920993e-01;1.539374e+00;-1.319288e-01;1.319977e+00;-1.145604e-01;1.807939e+00;-4.279240e-02
123.500000;1.440544e+02;2.562958e+02;1.061932e-01;8.281667e-01;1.135228e-02;1.008983e-02;1.098291e-02;8.737430e-03;7.726897e-02;8.182490e-02;4.791338e+01;-1.408717e+01;6.360461e-01;1.688670e+00;1.681255e-01;9.109831e-01;3.526418e-02;6.270435e-02;6.149018e-02;7.867725e-02;4.919883e-02;1.313157e-01;9.448497e-02;2.713535e-01;1.073132e-01;3.900788e-01;1.213480e-01;4.898362e-01;1.586531e-01;6.115278e-01;2.321187e-01;6.598862e-01;2.701012e-01;7.162932e-01;2.457357e-01;7.911168e-01;2.601193e-01;8.658603e-01;2.930468e-01;9.391438e-01;3.303909e-01;1.022805e+00;3.182274e-01;1.076102e+00;2.931198e-01;1.066835e+00;3.337834e-01;1.200495e+00;2.921063e-01;1.237058e+00;2.427758e-01;1.243668e+00;2.468879e-01;1.319214e+00;2.679518e-01;1.347439e+00;2.670458e-01;1.376606e+00;2.305401e-01;1.335420e+00;2.326119e-01;1.272286e+00;2.019298e-01;1.148321e+00;1.274894e-01;1.015501e+00;1.167645e-01;8.572893e-01;1.003734e-01;7.156035e-01;9.043781e-02;5.845051e-01;9.609036e-02;1.092401e-01;1.919559e-01;2.104627e-01;1.374894e+02;7.100215e+02;5.143134e+02;9.358330e+02;1.273203e+03;1.425354e+03;2.218609e+03;2.338793e+03;1.642463e-01;3.293193e-01;8.371231e+02;1.307619e+03;1.705967e+00;3.513268e+00;3.401886e+06;2.391250e+06;3.476019e+00;7.130520e+00;8.335928e+01;1.045853e+02;1.676435e-01;-2.341472e-01;5.139641e-01;1.078017e+00;6.790054e-01;9.478632e-01;4.765921e+00;3.504915e+00;7.597398e+00;-2.127711e+01;7.481313e+00;-2.131376e+01;1.009174e+01;-2.783234e+01;7.358607e+00;-9.785367e+00;7.587004e+00;-7.191813e+00;7.895610e+00;1.169816e+01;1.173534e+01;1.393343e+01;1.160026e+01;9.965167e+00;5.496959e+00;-6.440488e+00;8.967510e+00;-1.725944e+01;8.738887e+00;-1.942216e+01;5.503550e+00;-1.416719e+01;4.937937e+00;-8.322187e+00;2.913083e-05;-2.420766e-06;3.672511e-07;-8.402956e-08;1.229843e-07;-2.901074e-09;1.245832e-07;-3.600247e-09;7.407024e-07;3.040508e-08;1.595844e-04;-3.634422e-05;9.302785e-02;-1.219460e-02;4.278297e-02;-8.993207e-04;4.763803e-03;-6.889428e-04;6.087717e-03;1.673218e-03;1.709330e-02;-1.283158e-03;3.436090e-02;-1.409986e-03;3.921919e-02;-1.391171e-03;4.354102e-02;-2.788381e-03;6.001094e-02;-1.900153e-03;5.144525e-02;-3.190469e-03;5.493431e-02;-4.652076e-03;5.433042e-02;-5.014370e-03;5.452536e-02;-2.764618e-03;6.817506e-02;-3.749760e-03;8.577227e-02;-3.238534e-03;9.136083e-02;-1.487243e-03;5.870646e-02;-2.459924e-03;9.838586e-02;4.867101e-05;8.374915e-02;4.650526e-04;8.480892e-02;8.543490e-04;7.842161e-02;1.696018e-03;8.148188e-02;9.475074e-04;7.217499e-02;1.607866e-03;6.185994e-02;1.078117e-03;5.802189e-02;1.853275e-03;4.747535e-02;1.680551e-03;3.153045e-02;1.614265e-03;2.484676e-02;-6.301102e-05;1.952128e-02;-3.043194e-04;2.211233e-02;4.691639e-04;2.579234e-02;-1.753194e-03;3.578487e-02;-2.872628e-03;3.154284e+01;8.641993e+00;8.226883e+01;2.131787e+01;2.042999e+02;3.624756e+01;3.901554e+02;4.988525e+01;5.295174e-02;-3.346801e-03;1.252158e+02;2.460972e+01;2.312218e-01;3.764650e-02;6.486907e+05;5.854318e+04;7.159159e-01;-6.432436e-02;1.868249e+01;-1.096889e+00;2.420710e-02;3.178424e-03;7.992112e-02;1.452612e-02;9.915106e-02;-1.361132e-02;1.280559e+00;-2.130276e-01;1.893203e+00;2.921984e-02;1.546748e+00;1.552558e-01;1.728228e+00;1.302449e-01;1.843034e+00;4.082893e-02;1.868723e+00;-6.735140e-03;2.212309e+00;-7.058498e-02;3.031923e+00;-1.190846e-01;2.754446e+00;-1.031334e-01;1.730768e+00;1.810785e-02;2.208096e+00;4.494281e-02;2.360948e+00;1.150557e-01;1.779496e+00;-5.347756e-03;1.513898e+00;-2.728765e-02
124.000000;1.494530e+02;2.267666e+02;1.106016e-01;8.090442e-01;2.016888e-02;1.073091e-02;1.477445e-02;8.538629e-03;8.510747e-02;8.107857e-02;5.014595e+01;-2.218474e+01;6.115620e-01;1.557944e+00;3.152824e-01;1.073218e+00;3.024776e-02;4.779827e-02;6.158212e-02;9.360040e-02;3.837690e-02;1.362582e-01;8.358008e-02;2.874404e-01;1.612726e-01;4.524719e-01;2.387762e-01;6.105903e-01;3.407399e-01;7.268029e-01;6.487619e-01;9.261453e-01;5.779183e-01;9.801561e-01;7.069290e-01;1.037962e+00;6.821396e-01;1.211240e+00;7.761635e-01;1.272134e+00;8.120463e-01;1.298142e+00;4.350096e-01;1.259376e+00;7.442164e-01;1.393372e+00;4.438381e-01;1.369146e+00;4.820353e-01;1.414510e+00;4.178922e-01;1.451207e+00;3.892844e-01;1.470646e+00;4.130426e-01;1.513172e+00;3.872252e-01;1.523998e+00;3.904485e-01;1.499220e+00;3.842172e-01;1.428436e+00;3.047962e-01;1.257904e+00;2.175855e-01;1.087519e+00;1.875700e-01;9.262608e-01;1.331996e-01;7.524486e-01;1.212790e-01;6.171195e-01;1.170581e-01;1.113209e-01;3.011222e-01;2.775509e-01;2.668024e+02;7.839521e+02;6.367134e+02;1.173129e+03;1.404501e+03;1.833050e+03;2.281820e+03;2.915165e+03;1.548682e-01;3.448516e-01;9.067345e+02;1.585237e+03;1.637424e+00;4.184041e+00;3408894;3.005764e+06;3.020114e+00;5.536535e+00;6.367725e+01;6.827357e+01;1.320120e-01;-1.436723e-01;5.505286e-01;1.245906e+00;5.427538e-01;5.909581e-01;5.242471e+00;1.825710e+00;8.259587e+00;-2.016652e+01;8.496099e+00;-2.013172e+01;1.021960e+01;-2.506837e+01;7.377262e+00;-7.845654e+00;7.655324e+00;-4.514949e+00;7.493713e+00;7.791347e+00;1.347517e+01;6.275609e+00;1.350592e+01;1.815144e+00;7.484591e+00;-6.048603e+00;8.690762e+00;-1.113816e+01;1.028403e+01;-1.538624e+01;8.289289e+00;-1.282516e+01;5.190602e+00;-9.525800e+00;4.862830e-05;2.409999e-05;4.671974e-07;3.196388e-10;1.496271e-07;-2.342077e-08;1.105011e-07;-1.667869e-08;6.848701e-07;-3.154641e-09;2.192779e-04;-1.434544e-06;1.031105e-01;-6.667578e-04;5.118318e-02;-5.962656e-04;5.313735e-03;-1.764638e-04;8.288939e-03;6.739735e-05;1.484574e-02;2.632177e-06;3.115742e-02;2.854883e-04;4.477308e-02;-4.239666e-04;5.027482e-02;-5.255606e-04;9.068342e-02;9.730019e-04;1.297057e-01;8.364448e-04;8.724268e-02;2.683733e-03;1.454702e-01;5.940910e-04;1.266721e-01;1.345238e-03;1.511027e-01;1.182640e-03;1.587211e-01;4.349086e-03;1.037399e-01;2.857162e-03;1.487878e-01;-3.790499e-03;1.110921e-01;-4.271520e-03;1.029017e-01;-3.657870e-03;9.703209e-02;-1.503576e-03;1.002724e-01;-1.048379e-03;1.034358e-01;7.690515e-04;9.615567e-02;-3.037208e-03;9.064250e-02;-3.129736e-03;8.731198e-02;-2.843735e-03;6.423269e-02;-1.176540e-03;4.664839e-02;-1.858841e-03;3.514174e-02;-1.951923e-03;2.786749e-02;-9.973191e-04;2.662822e-02;-1.164815e-03;3.340053e-02;-8.609100e-04;5.060175e-02;7.771084e-04;6.652683e+01;2.153320e-01;1.280344e+02;-7.177734e-02;2.634167e+02;2.153320e-01;4.492326e+02;3.517090e+00;4.167157e-02;1.689502e-03;1.621796e+02;4.804712e-01;2.705416e-01;4.121481e-03;6.992664e+05;1.188643e+03;7.794199e-01;-1.504626e-03;1.823668e+01;-2.182391e-01;2.667167e-02;1.334466e-03;1.011234e-01;3.330805e-04;1.101799e-01;-4.784824e-03;1.462190e+00;5.036990e-02;1.926309e+00;-1.151934e-02;1.811800e+00;-4.801399e-02;2.161463e+00;1.550395e-02;2.592311e+00;1.000093e-01;2.283741e+00;1.526405e-01;2.419181e+00;-7.330482e-02;3.399435e+00;-2.603232e-01;3.397330e+00;-9.528793e-02;2.529904e+00;7.677566e-02;2.522618e+00;2.772214e-02;2.918476e+00;2.566021e-02;2.344664e+00;1.314056e-02;1.675295e+00;1.514257e-02
124.500000;8.240241e+01;3.136768e+02;6.678916e-02;8.638961e-01;2.280382e-02;1.519346e-02;1.741805e-02;1.195428e-02;8.663132e-02;1.218439e-01;2.572641e+01;4.149524e+00;4.007859e-01;1.717884e+00;2.550393e-01;1.124390e+00;2.051968e-02;5.234238e-02;3.525238e-02;6.207357e-02;3.526847e-02;1.384337e-01;9.149962e-02;3.026522e-01;1.656530e-01;4.842872e-01;2.123904e-01;6.480727e-01;3.230308e-01;7.932238e-01;6.076613e-01;9.627067e-01;4.550844e-01;1.133061e+00;6.254126e-01;1.226708e+00;6.824198e-01;1.196212e+00;7.645406e-01;1.271030e+00;8.203102e-01;1.409721e+00;4.931280e-01;1.409227e+00;7.152966e-01;1.472619e+00;3.733135e-01;1.419748e+00;4.466624e-01;1.482539e+00;3.683170e-01;1.492024e+00;3.237009e-01;1.528467e+00;3.329841e-01;1.595366e+00;3.294552e-01;1.575877e+00;3.526964e-01;1.529148e+00;3.522583e-01;1.445338e+00;2.636878e-01;1.296823e+00;2.007116e-01;1.109286e+00;1.710190e-01;9.375673e-01;1.218374e-01;7.596706e-01;1.196688e-01;6.143270e-01;1.041489e-01;8.870553e-02;2.764489e-01;3.267712e-01;2.463343e+02;7.571074e+02;5.185511e+02;1.006031e+03;9.391287e+02;1.382145e+03;1.343068e+03;1.956794e+03;1.296357e-01;3.787155e-01;6.163993e+02;1.251616e+03;1.111762e+00;3.521445e+00;1.591418e+06;1.342008e+06;2.692806e+00;6.527698e+00;5.783778e+01;8.391200e+01;9.441889e-02;-1.412833e-01;3.627409e-01;1.039362e+00;4.065756e-01;5.832664e-01;5.085829e+00;3.151265e+00;7.151965e+00;-2.307691e+01;7.526413e+00;-2.178688e+01;9.156962e+00;-2.608109e+01;7.699859e+00;-9.619126e+00;7.533587e+00;-5.792858e+00;6.976035e+00;6.370563e+00;1.171865e+01;8.475749e+00;1.361463e+01;3.059207e+00;1.014046e+01;-1.126125e+01;1.166806e+01;-1.603137e+01;1.141572e+01;-1.800780e+01;8.060719e+00;-1.259985e+01;1.030796e+01;-4.747984e+00;1.240134e-04;6.687195e-06;4.370555e-07;4.657540e-08;2.257117e-07;1.279057e-09;2.504755e-07;1.576509e-08;8.136861e-07;-2.100367e-08;1.452082e-04;3.428524e-05;7.233857e-02;6.820494e-04;3.731738e-02;-2.171992e-03;3.414576e-03;7.675474e-05;6.100352e-03;-1.166415e-03;1.373061e-02;-4.657079e-05;2.986112e-02;2.176088e-03;4.336763e-02;3.326081e-03;4.563987e-02;1.757448e-03;8.667529e-02;1.777150e-03;1.224722e-01;1.381116e-03;7.676411e-02;1.431716e-03;1.435079e-01;1.336201e-03;1.271708e-01;-3.021943e-03;1.471069e-01;-3.269604e-03;1.629941e-01;-3.136432e-03;1.109462e-01;-4.692529e-03;1.604360e-01;-2.673942e-03;9.062326e-02;-2.362850e-03;1.019113e-01;-4.546077e-03;8.150379e-02;-4.663998e-03;7.789862e-02;-5.890009e-03;8.121534e-02;-5.949489e-03;8.445676e-02;-5.840639e-03;8.453851e-02;-5.943636e-03;8.142249e-02;-4.628540e-03;6.107101e-02;-4.015925e-03;4.577522e-02;-3.845877e-03;3.805982e-02;-2.677820e-03;2.635039e-02;-1.395145e-03;2.475032e-02;-1.056542e-03;2.699881e-02;1.345620e-04;5.288210e-02;-3.283654e-04;6.205314e+01;-8.555860e+00;1.182813e+02;-2.071494e+01;1.828653e+02;-3.020391e+01;2.546896e+02;-4.074082e+01;4.291375e-02;-7.591720e-04;1.149583e+02;-2.049932e+01;2.200483e-01;-2.852894e-02;2.810130e+05;-4.023981e+04;6.907514e-01;3.583247e-02;1.592420e+01;3.436535e-01;1.791430e-02;-1.127319e-04;6.783440e-02;-1.213496e-02;7.840823e-02;7.334107e-04;1.456932e+00;1.342262e-01;1.490125e+00;4.241446e-02;1.885113e+00;-7.575113e-02;2.453910e+00;-9.583426e-02;2.648693e+00;-1.903067e-01;2.338341e+00;-1.764854e-01;2.312953e+00;-3.501173e-02;2.613852e+00;1.070596e-01;3.089980e+00;-2.771123e-02;2.730842e+00;-1.984350e-01;2.559591e+00;-2.724564e-01;3.193460e+00;-1.829651e-01;2.388039e+00;-8.687578e-02;2.227601e+00;3.477033e-03
125.000000;5.289783e+01;3.004135e+02;5.064046e-02;8.442047e-01;2.884964e-02;2.879880e-02;3.705347e-02;2.727053e-02;9.707751e-02;1.701213e-01;4.396895e+00;7.712389e+00;4.019554e-01;1.501897e+00;2.634322e-01;1.019713e+00;2.013757e-02;4.063439e-02;2.728265e-02;7.083271e-02;5.266828e-02;1.321053e-01;1.089258e-01;3.203390e-01;1.667793e-01;4.922706e-01;1.091015e-01;5.645370e-01;2.532578e-01;8.044254e-01;2.991967e-01;7.544046e-01;2.906639e-01;8.161777e-01;5.127522e-01;1.001310e+00;1.169588e+00;1.229334e+00;7.308142e-01;1.183365e+00;4.815632e-01;1.144225e+00;5.516617e-01;1.198019e+00;5.456910e-01;1.226321e+00;5.070949e-01;1.351578e+00;5.066096e-01;1.406350e+00;3.648707e-01;1.366662e+00;3.737201e-01;1.419062e+00;4.165197e-01;1.471521e+00;3.647059e-01;1.484269e+00;3.243832e-01;1.403043e+00;2.990031e-01;1.304274e+00;2.227810e-01;1.185459e+00;1.888882e-01;1.038809e+00;1.532062e-01;8.824299e-01;1.101490e-01;7.325816e-01;1.103497e-01;5.996581e-01;5.958227e-02;5.109129e-02;3.765008e-01;2.724468e-01;1.463736e+02;6.645146e+02;2.687444e+02;8.708027e+02;5.029821e+02;1.329460e+03;9.200151e+02;2.093314e+03;1.622468e-01;3.237954e-01;3.208447e+02;1.232267e+03;9.405004e-01;3.823501e+00;1.250373e+06;1.734905e+06;2.679214e+00;6.152186e+00;6.059118e+01;7.496463e+01;8.646985e-02;-9.238608e-02;1.754456e-01;1.016022e+00;3.676967e-01;3.691090e-01;5.723590e+00;4.252954e+00;8.306182e+00;-1.938532e+01;6.833219e+00;-1.776601e+01;7.150948e+00;-2.254828e+01;6.980853e+00;-1.478158e+01;9.056345e+00;-9.521347e+00;9.781236e+00;7.669982e-01;1.298693e+01;6.199328e+00;1.413278e+01;7.585263e-01;1.073759e+01;-1.437703e+01;1.250220e+01;-1.416329e+01;1.127483e+01;-1.855000e+01;8.010846e+00;-1.648984e+01;1.132314e+01;-6.432778e+00;2.522205e-04;-2.836952e-05;3.941959e-07;2.996906e-09;3.071234e-07;-1.357925e-09;3.400772e-07;-1.579362e-10;1.062159e-06;-2.564052e-08;3.123647e-05;4.976157e-07;8.847602e-02;-4.009709e-06;5.843209e-02;4.164750e-03;3.630632e-03;-6.649228e-05;3.960816e-03;1.572185e-04;1.928980e-02;-6.479142e-05;2.736674e-02;5.658679e-04;3.471525e-02;2.252414e-03;3.217579e-02;1.307581e-03;7.488026e-02;2.330209e-04;7.405153e-02;-1.346267e-03;6.131091e-02;-2.377393e-03;9.453892e-02;4.517539e-03;2.124556e-01;1.838836e-02;1.488343e-01;1.746589e-02;1.130579e-01;-4.975607e-04;1.247813e-01;4.903933e-04;1.496595e-01;8.503013e-03;1.230202e-01;7.503836e-03;1.231297e-01;9.161958e-03;1.034668e-01;7.087520e-03;9.428487e-02;3.214506e-03;9.859337e-02;3.848738e-03;8.607965e-02;5.856837e-03;8.170579e-02;5.126387e-03;7.850232e-02;5.205586e-03;5.823330e-02;4.296512e-03;4.703877e-02;3.659651e-03;4.139780e-02;2.994132e-03;2.372913e-02;7.593448e-04;2.071629e-02;1.304382e-04;1.918349e-02;-3.333308e-04;7.592048e-02;1.137855e-02;3.355254e+01;3.344824e+00;9.151031e+01;3.517090e+00;1.116420e+02;3.344824e+00;1.950389e+02;-3.445312e-01;5.334139e-02;-1.617777e-03;7.144024e+01;2.496410e+00;2.010554e-01;3.242472e-03;2.232955e+05;-7.938776e+02;6.239567e-01;-2.620267e-03;1.448839e+01;3.714867e-02;1.781002e-02;5.004372e-04;3.974044e-02;1.812238e-03;7.281707e-02;-1.211182e-03;1.331155e+00;3.019558e-02;1.784994e+00;2.503566e-02;1.665254e+00;1.470327e-02;2.319180e+00;7.447443e-02;2.154494e+00;8.731343e-02;1.904478e+00;4.507453e-02;2.399130e+00;-5.599969e-02;2.800611e+00;-3.114474e-01;2.544202e+00;-4.671507e-01;2.943564e+00;-3.110327e-01;2.974229e+00;2.335280e-01;3.259876e+00;2.037536e-01;2.502452e+00;-2.631774e-02;2.080001e+00;-1.880452e-01
125.500000;1.264289e+02;3.060767e+02;6.863616e-02;8.193356e-01;5.741180e-02;5.637266e-02;6.188939e-02;5.140567e-02;1.079636e-01;1.737707e-01;2.372205e+01;-1.153988e+00;5.241416e-01;1.515643e+00;3.148708e-01;1.114496e+00;2.597618e-02;3.912574e-02;3.856600e-02;8.980222e-02;6.456619e-02;1.436246e-01;1.197029e-01;3.029074e-01;1.817343e-01;4.599250e-01;1.550808e-01;5.919989e-01;2.910089e-01;7.742949e-01;3.420300e-01;9.056517e-01;3.969630e-01;8.592339e-01;9.403995e-01;1.211267e+00;1.209133e+00;1.459061e+00;7.862099e-01;1.235080e+00;4.135950e-01;1.138164e+00;5.510893e-01;1.265771e+00;6.511864e-01;1.498838e+00;5.170362e-01;1.431566e+00;5.056452e-01;1.507748e+00;3.748681e-01;1.509193e+00;4.383329e-01;1.543449e+00;4.590878e-01;1.604680e+00;4.031491e-01;1.607655e+00;4.599754e-01;1.619023e+00;3.911503e-01;1.512479e+00;2.909496e-01;1.340055e+00;2.032453e-01;1.142202e+00;1.682343e-01;9.431340e-01;1.218358e-01;7.558316e-01;1.016989e-01;6.140547e-01;6.262203e-02;7.832931e-02;4.079209e-01;2.867958e-01;1.939769e+02;7.116006e+02;4.665112e+02;1.077952e+03;9.114207e+02;1.687198e+03;1.505707e+03;2.734430e+03;1.589771e-01;2.953662e-01;5.858534e+02;1.499884e+03;1.167449e+00;4.438256e+00;2.109260e+06;2.606356e+06;2.238461e+00;4.772635e+00;4.685093e+01;4.912786e+01;1.113946e-01;-9.790043e-02;3.382276e-01;1.171823e+00;4.941030e-01;4.129303e-01;6.452515e+00;3.078650e+00;8.021070e+00;-1.842921e+01;6.389655e+00;-1.537690e+01;8.091484e+00;-2.362879e+01;6.816064e+00;-1.589832e+01;8.683082e+00;-1.304831e+01;1.052832e+01;-1.865565e+00;1.453625e+01;2.479046e+00;1.185672e+01;-4.575351e+00;1.154758e+01;-1.448589e+01;1.113522e+01;-7.711020e+00;8.649357e+00;-8.920459e+00;1.223592e+01;-1.167114e+01;7.239912e+00;-1.069864e+01;5.000361e-04;-2.907544e-05;4.439767e-07;3.638233e-08;4.740545e-07;-8.883450e-09;5.041780e-07;-2.980905e-08;9.620190e-07;-1.161798e-08;1.974976e-04;9.806756e-07;9.347103e-02;9.994024e-03;6.561992e-02;4.451800e-03;4.007977e-03;5.190604e-04;5.371028e-03;-4.139581e-04;2.239053e-02;3.825420e-04;2.467682e-02;-8.186430e-04;3.126320e-02;-2.063608e-03;2.879678e-02;1.676288e-03;7.430138e-02;1.271322e-03;8.632665e-02;2.802816e-03;6.963328e-02;5.122098e-03;1.639076e-01;1.042387e-02;2.315178e-01;8.255538e-03;1.682877e-01;3.443829e-03;1.040729e-01;6.579060e-03;1.105631e-01;6.860809e-03;1.580440e-01;2.079192e-03;1.283042e-01;2.019578e-05;1.256838e-01;3.849506e-03;1.060178e-01;5.004925e-03;1.181564e-01;4.259833e-03;1.152485e-01;6.645431e-03;1.026132e-01;6.115680e-03;9.303482e-02;1.389052e-02;8.624378e-02;1.095945e-02;5.868745e-02;9.618212e-03;4.817390e-02;4.969062e-03;4.044899e-02;3.758716e-03;2.849774e-02;1.642689e-04;2.091737e-02;4.758673e-04;2.023858e-02;6.701325e-04;9.437878e-02;9.816014e-04;4.832073e+01;1.134082e+00;9.887250e+01;6.890625e-01;1.590426e+02;-4.981348e+00;2.672599e+02;-9.503321e+00;4.966337e-02;1.473012e-03;9.525191e+01;-2.213163e+00;2.151991e-01;-1.288611e-02;3.606691e+05;-1.495608e+04;5.161491e-01;-4.407218e-03;1.059181e+01;-3.568270e-02;1.944272e-02;-2.267052e-03;5.570765e-02;-1.180660e-03;8.400068e-02;1.055655e-02;1.138173e+00;-1.711752e-02;1.884741e+00;-7.390675e-02;1.712906e+00;-4.686862e-02;2.251526e+00;-2.363132e-01;2.292186e+00;1.552681e-01;2.362683e+00;4.824375e-02;2.738534e+00;1.008337e-01;2.826254e+00;3.635500e-02;2.818524e+00;-1.399333e-02;3.314374e+00;4.113655e-02;2.895668e+00;8.950239e-02;2.427123e+00;1.595781e-01;2.369172e+00;2.895080e-01;1.301625e+00;1.335723e-01
126.000000;1.307086e+02;2.989742e+02;7.008184e-02;8.307046e-01;7.162636e-02;6.013529e-02;6.717915e-02;5.228168e-02;9.951589e-02;1.624564e-01;2.432030e+01;7.344488e-01;5.224722e-01;1.680533e+00;2.611052e-01;1.036715e+00;2.401439e-02;4.665523e-02;3.898691e-02;7.740993e-02;5.725346e-02;1.444232e-01;9.563860e-02;2.859832e-01;1.377903e-01;4.366479e-01;1.501855e-01;5.709972e-01;2.035827e-01;6.956896e-01;2.891670e-01;8.106513e-01;3.538037e-01;8.864596e-01;8.697840e-01;1.142656e+00;5.742019e-01;1.165486e+00;5.311638e-01;1.162206e+00;4.920078e-01;1.236976e+00;5.059467e-01;1.271729e+00;5.831186e-01;1.309884e+00;3.226395e-01;1.242922e+00;3.898122e-01;1.329092e+00;3.746028e-01;1.404122e+00;3.991609e-01;1.462187e+00;3.788420e-01;1.480218e+00;3.590154e-01;1.456539e+00;4.926367e-01;1.482855e+00;4.012054e-01;1.408916e+00;3.248462e-01;1.263409e+00;2.116154e-01;1.081903e+00;1.704957e-01;8.979695e-01;1.321730e-01;7.305849e-01;9.054719e-02;5.940784e-01;5.233850e-02;7.172772e-02;2.500025e-01;2.701846e-01;1.468566e+02;7.876846e+02;4.324333e+02;1.098193e+03;9.124870e+02;1.515363e+03;1.505392e+03;2.370519e+03;1.532082e-01;3.339447e-01;5.922454e+02;1.395814e+03;1.207035e+00;4.180529e+00;2178845;1.943453e+06;2.358836e+00;5.574722e+00;4.590010e+01;6.222564e+01;9.926318e-02;-1.218861e-01;3.394451e-01;1.122802e+00;4.464146e-01;5.196440e-01;5.851581e+00;4.904509e+00;6.503749e+00;-2.051771e+01;6.985911e+00;-1.802970e+01;8.233978e+00;-2.583098e+01;7.257648e+00;-1.038524e+01;9.031528e+00;-6.886864e+00;9.361940e+00;3.050189e-01;1.450615e+01;-5.132512e-01;9.295119e+00;-5.597756e+00;1.209097e+01;-1.520425e+01;1.329517e+01;-1.213531e+01;6.241115e+00;-6.942058e+00;9.782812e+00;-4.586467e+00;7.550697e+00;-7.069488e+00;5.267717e-04;-6.319208e-05;5.205319e-07;-3.341282e-09;6.992284e-07;3.669209e-09;6.364069e-07;-2.845567e-09;9.013150e-07;4.327335e-08;1.985780e-04;-1.217953e-06;8.128846e-02;-1.286348e-03;4.397282e-02;-1.332626e-03;3.836894e-03;-1.114965e-04;5.480052e-03;-7.382211e-05;2.028555e-02;1.179160e-03;2.483216e-02;8.749775e-04;3.243609e-02;-3.631467e-05;2.464334e-02;1.221052e-03;4.661608e-02;4.748928e-03;6.006030e-02;4.390881e-03;6.649229e-02;-1.041438e-03;1.486966e-01;-6.681681e-03;1.178984e-01;-1.550263e-02;1.298795e-01;-7.100199e-03;1.275231e-01;1.727890e-02;9.212598e-02;-8.644263e-04;1.090500e-01;-5.506906e-03;7.550334e-02;-5.449322e-03;9.591711e-02;-5.380130e-03;8.247290e-02;-2.812717e-03;1.004077e-01;-4.208068e-03;8.569268e-02;-4.829609e-03;7.958841e-02;-2.536076e-03;8.396068e-02;-9.385427e-04;6.804038e-02;-1.247880e-03;5.036742e-02;-1.185837e-03;4.345150e-02;-8.760599e-06;3.485949e-02;-1.512876e-04;2.846660e-02;6.327251e-04;1.863010e-02;5.069345e-04;1.282272e-02;9.222916e-04;7.439240e-02;-6.386188e-03;4.955903e+01;-1.234570e+00;8.353566e+01;1.062305e+00;1.522650e+02;1.751367e+00;2.589910e+02;1.679590e+00;4.408190e-02;7.679557e-04;9.173321e+01;2.862815e-01;2.369685e-01;6.617913e-03;3.666567e+05;9.017249e+02;5.827842e-01;-1.801623e-02;1.211304e+01;-4.339843e-01;1.741526e-02;6.845014e-04;5.332505e-02;6.470166e-05;8.083703e-02;-3.796525e-03;9.747904e-01;5.017307e-02;1.688123e+00;8.717343e-02;2.263825e+00;2.701975e-02;2.361438e+00;6.824876e-02;2.185555e+00;8.811346e-02;2.490273e+00;-3.612547e-02;2.285164e+00;-1.165534e-01;2.318675e+00;-1.433028e-02;2.809514e+00;2.529099e-01;3.195301e+00;3.807028e-01;2.669297e+00;5.270129e-02;2.003782e+00;-1.420503e-01;2.356246e+00;-4.585139e-03;1.612187e+00;1.460417e-01
126.500000;4.607330e+01;2.415633e+02;5.840386e-02;8.390635e-01;6.641755e-02;4.255274e-02;4.841522e-02;3.515495e-02;1.186688e-01;1.649485e-01;1.229561e+01;6.892838e+00;5.189193e-01;1.736403e+00;2.523795e-01;1.011979e+00;2.173236e-02;5.024963e-02;2.333690e-02;6.287982e-02;6.836411e-02;1.470878e-01;8.491734e-02;2.884737e-01;1.243654e-01;4.593776e-01;1.422176e-01;5.670761e-01;1.813709e-01;7.194710e-01;2.752168e-01;7.950324e-01;3.607421e-01;9.100334e-01;5.032626e-01;1.006589e+00;3.305326e-01;1.070335e+00;4.477051e-01;1.272009e+00;5.522330e-01;1.289311e+00;4.685690e-01;1.246480e+00;4.648753e-01;1.229382e+00;4.071249e-01;1.290038e+00;4.510907e-01;1.320408e+00;4.503533e-01;1.385744e+00;3.965442e-01;1.415007e+00;4.074183e-01;1.385158e+00;3.624885e-01;1.373916e+00;3.625266e-01;1.351003e+00;3.590007e-01;1.308484e+00;3.490736e-01;1.221599e+00;2.600134e-01;1.050600e+00;2.192893e-01;8.824975e-01;1.542576e-01;7.324759e-01;1.041397e-01;5.938607e-01;5.361057e-02;6.921319e-02;2.349340e-01;3.383902e-01;1.064247e+02;7.772051e+02;1.207622e+02;9.250664e+02;3.218531e+02;1.156333e+03;8.800906e+02;1.835347e+03;1.838228e-01;3.914778e-01;2.676906e+02;1.166803e+03;8.029061e-01;3.901277e+00;1.535833e+06;1.294917e+06;2.296038e+00;6.804390e+00;5.321615e+01;8.521698e+01;9.337094e-02;-1.333081e-01;1.575911e-01;1.000041e+00;4.068741e-01;5.490755e-01;4.576749e+00;8.249511e+00;6.271539e+00;-2.063838e+01;7.091541e+00;-2.272971e+01;6.853338e+00;-2.459971e+01;4.781918e+00;-5.494635e+00;5.583037e+00;-1.889617e+00;8.195458e+00;1.798637e+00;9.706420e+00;-6.349595e+00;6.867174e+00;-8.893300e+00;1.049404e+01;-1.287097e+01;1.245272e+01;-1.189764e+01;8.285745e+00;-8.331395e+00;7.346506e+00;-6.073913e+00;7.409009e+00;-7.648475e+00;2.976203e-04;-5.320262e-05;5.713220e-07;2.936438e-10;6.772295e-07;1.579410e-08;5.042376e-07;4.950246e-10;1.086622e-06;-3.479210e-09;1.308328e-04;-1.577677e-06;9.284954e-02;-1.955805e-03;4.408096e-02;1.828886e-03;3.921299e-03;-1.551427e-04;4.979652e-03;-8.390021e-05;2.337841e-02;2.754486e-03;2.765978e-02;2.388173e-03;3.516487e-02;2.607630e-03;3.363486e-02;1.519319e-03;4.837730e-02;4.064308e-04;7.063722e-02;2.374299e-03;8.001773e-02;8.128833e-04;1.093494e-01;-1.156645e-03;8.700293e-02;-2.571111e-03;1.258266e-01;3.477293e-03;1.471097e-01;2.093626e-03;9.671707e-02;5.634386e-03;1.025590e-01;5.930915e-03;7.762677e-02;7.652934e-03;9.577113e-02;1.017663e-02;8.601994e-02;6.543024e-03;9.189683e-02;6.403151e-03;8.444712e-02;4.132971e-03;6.759185e-02;3.027739e-03;7.172509e-02;-6.742148e-03;6.825504e-02;-3.705733e-03;6.038126e-02;-5.579754e-03;4.717322e-02;-1.995994e-03;3.866918e-02;-8.673741e-04;2.702097e-02;1.503325e-03;1.917305e-02;7.306185e-04;1.558308e-02;5.746447e-04;6.958897e-02;1.629059e-03;3.479440e+01;-2.583984e-01;3.680529e+01;1.148437e-01;1.155243e+02;9.618164e-01;2.352705e+02;3.488379e+00;5.839067e-02;1.963091e-03;7.240430e+01;-5.805097e-01;2.486291e-01;1.010378e-02;364000;-2.239578e+03;6.854303e-01;2.580060e-02;1.613978e+01;6.584261e-01;1.743342e-02;9.634526e-04;4.117135e-02;-3.607588e-04;7.310664e-02;-5.492480e-03;1.095496e+00;1.105646e-01;1.596417e+00;4.297519e-03;2.399400e+00;1.335411e-02;2.483916e+00;2.488205e-01;1.916829e+00;-1.587896e-02;1.819766e+00;2.003031e-01;2.189998e+00;-1.008736e-03;2.827714e+00;-1.003864e-01;2.466060e+00;1.276522e-02;3.099085e+00;1.575105e-01;3.295084e+00;1.653215e-01;2.410185e+00;3.597949e-02;2.399494e+00;-1.262996e-01;2.021131e+00;-1.237188e-01
127.000000;3.930978e+01;2.567438e+02;5.560780e-02;8.598679e-01;4.606828e-02;2.299582e-02;2.535069e-02;1.689409e-02;1.165732e-01;1.408665e-01;1.265946e+01;8.771688e+00;4.733039e-01;1.910102e+00;2.297004e-01;1.091268e+00;2.345278e-02;6.393444e-02;2.444411e-02;5.178005e-02;7.384757e-02;1.485936e-01;1.029547e-01;2.764183e-01;1.214975e-01;4.303858e-01;1.464457e-01;5.683913e-01;1.663988e-01;7.048151e-01;2.508365e-01;8.532168e-01;3.277070e-01;1.000262e+00;4.603250e-01;1.218586e+00;2.513987e-01;1.044049e+00;3.395362e-01;1.073349e+00;4.345653e-01;1.138441e+00;4.049699e-01;1.358496e+00;4.107495e-01;1.453247e+00;3.729133e-01;1.423215e+00;4.032055e-01;1.505026e+00;4.389399e-01;1.633172e+00;3.579210e-01;1.548151e+00;4.249937e-01;1.600254e+00;4.161357e-01;1.599276e+00;3.332625e-01;1.531294e+00;3.677257e-01;1.469265e+00;3.358711e-01;1.344447e+00;2.497299e-01;1.141292e+00;2.075865e-01;9.391385e-01;1.510557e-01;7.612641e-01;1.097608e-01;6.089132e-01;5.855258e-02;8.415300e-02;2.034936e-01;3.324034e-01;5.888805e+01;7.802197e+02;1.048711e+02;8.677881e+02;3.354679e+02;1.018090e+03;8.723653e+02;1.638390e+03;1.984546e-01;4.128067e-01;2.817046e+02;1.082231e+03;8.732202e-01;3.349308e+00;1486075;9.857519e+05;2.273001e+00;7.491816e+00;6.018002e+01;1.063481e+02;1.123428e-01;-2.077776e-01;1.674822e-01;9.534409e-01;4.591673e-01;8.345322e-01;4.611697e+00;7.602410e+00;6.186920e+00;-2.371340e+01;6.059384e+00;-2.364415e+01;6.237356e+00;-2.722902e+01;7.147092e+00;-1.028244e+01;5.077553e+00;-3.625536e+00;8.494494e+00;8.819045e+00;9.959777e+00;1.322056e+00;6.847675e+00;-6.240167e+00;7.950317e+00;-1.534778e+01;1.211089e+01;-1.602417e+01;7.933148e+00;-5.939606e+00;8.986914e+00;2.987027e-01;7.473724e+00;-3.487523e+00;9.867620e-05;-7.555088e-06;4.619097e-07;2.804906e-09;3.655518e-07;2.683642e-08;2.183114e-07;7.656253e-11;1.122877e-06;-4.112397e-08;1.306825e-04;4.400972e-07;8.779871e-02;5.153444e-03;4.358994e-02;-1.629809e-04;3.458653e-03;2.845883e-04;4.154516e-03;-7.508189e-05;2.675897e-02;-6.350019e-04;3.682969e-02;-7.350972e-05;3.470650e-02;-3.157769e-04;4.539832e-02;-5.046492e-04;4.648204e-02;-4.341141e-03;6.686561e-02;-3.940814e-03;7.400982e-02;8.462290e-04;1.022033e-01;1.953829e-03;6.959410e-02;3.411948e-05;9.365284e-02;-8.923641e-03;1.220590e-01;-1.738557e-02;1.039732e-01;4.816884e-04;9.846555e-02;3.485376e-03;8.701634e-02;2.829768e-03;9.985346e-02;9.287579e-04;8.259980e-02;-8.541702e-04;8.254430e-02;4.649838e-03;8.157688e-02;5.217765e-03;7.291944e-02;4.300957e-03;6.932599e-02;3.621538e-03;7.562667e-02;2.366992e-03;6.905894e-02;2.443686e-03;4.970166e-02;6.212555e-04;3.853964e-02;-5.383918e-04;2.554136e-02;-1.648583e-04;1.872412e-02;-3.417934e-04;2.054342e-02;-5.374998e-04;6.974356e-02;-4.312739e-03;2.309766e+01;-1.033594e+00;3.197539e+01;-3.186914e+00;1.043920e+02;-4.019531e+00;2.075125e+02;1.464258e+00;7.516813e-02;1.010937e-04;6.661167e+01;-1.319865e+00;2.202062e-01;-7.147511e-03;3.081189e+05;-2.752519e+02;6.271676e-01;-1.728311e-02;1.616881e+01;-4.091710e-01;1.918286e-02;-1.879756e-03;3.864438e-02;-9.173795e-04;7.140265e-02;7.415199e-03;1.172914e+00;-6.075162e-02;1.323303e+00;-1.067336e-01;2.066250e+00;9.964266e-02;2.183858e+00;-1.234831e-01;1.967060e+00;-1.719150e-01;1.669989e+00;-8.295851e-02;2.090356e+00;1.939139e-01;2.652809e+00;3.562580e-01;2.192031e+00;5.980083e-02;2.641962e+00;-3.020127e-01;3.248836e+00;-3.866169e-01;2.340211e+00;9.050190e-02;1.899105e+00;3.010153e-01;1.953288e+00;1.210178e-01
127.500000;1.229199e+01;2.636991e+02;4.281407e-02;8.689518e-01;3.500641e-02;2.062609e-02;3.391238e-02;1.760684e-02;8.157195e-02;1.357984e-01;4.338855e+00;1.091110e+01;4.567311e-01;1.872225e+00;1.835030e-01;1.000443e+00;2.396020e-02;6.307460e-02;1.454914e-02;4.753212e-02;5.377926e-02;1.325677e-01;9.486410e-02;2.856576e-01;9.923167e-02;4.250184e-01;1.232709e-01;5.647701e-01;8.443505e-02;7.005158e-01;1.276238e-01;7.942897e-01;2.057782e-01;8.647971e-01;3.825761e-01;9.811233e-01;1.860341e-01;9.476909e-01;1.517628e-01;9.484201e-01;2.040151e-01;1.058722e+00;2.951360e-01;1.165359e+00;3.664611e-01;1.225648e+00;2.353937e-01;1.247640e+00;3.263907e-01;1.340438e+00;4.450122e-01;1.438977e+00;3.045883e-01;1.444295e+00;3.639536e-01;1.513112e+00;3.908820e-01;1.530632e+00;3.215416e-01;1.466567e+00;3.168671e-01;1.388553e+00;2.705121e-01;1.229257e+00;2.066620e-01;1.072937e+00;1.682590e-01;9.027364e-01;1.381824e-01;7.445948e-01;1.097401e-01;5.971991e-01;4.767657e-02;1.002410e-01;1.573034e-01;2.163899e-01;1.134445e+02;7.176299e+02;5.201733e+01;7.968721e+02;5.852314e+01;8.610410e+02;2.760032e+02;1.360037e+03;1.651379e-01;3.481144e-01;5.681849e+01;9.740987e+02;7.223914e-01;3.171859e+00;5.641717e+05;7.122484e+05;1.509549e+00;7.453303e+00;4.704736e+01;9.939972e+01;1.164967e-01;-2.040801e-01;3.082112e-02;8.804557e-01;4.730365e-01;8.338545e-01;3.011668e+00;7.667368e+00;6.512554e+00;-2.282858e+01;4.418625e+00;-2.144166e+01;4.079266e+00;-3.054671e+01;4.659921e+00;-1.669651e+01;4.817301e+00;-6.349603e+00;1.014693e+01;7.249502e+00;7.396797e+00;4.445904e+00;4.371582e+00;-3.142498e+00;8.464255e+00;-1.682203e+01;1.035257e+01;-1.877337e+01;6.085594e+00;-6.640874e+00;7.231112e+00;3.311705e+00;6.210556e+00;-2.685818e+00;5.435584e-05;-9.150190e-06;2.801797e-07;-4.731982e-08;3.087769e-07;4.564417e-09;3.353238e-07;-6.059814e-09;9.310976e-07;-2.816802e-08;3.073548e-05;-4.796602e-07;6.325214e-02;-8.000087e-03;2.828382e-02;-6.117196e-03;2.115699e-03;-3.767429e-04;1.967627e-03;6.969010e-04;2.107170e-02;-3.062077e-03;3.231401e-02;-3.371929e-03;2.994675e-02;-3.503653e-03;4.395215e-02;-4.790411e-03;3.362906e-02;-2.522706e-03;2.394085e-02;-4.998104e-03;4.014009e-02;-5.599251e-03;2.269254e-02;-1.120008e-02;3.663153e-02;-4.504117e-03;5.072894e-02;-4.191786e-03;7.867310e-02;-5.027832e-03;7.486007e-02;-8.371708e-03;5.358861e-02;-8.467018e-03;5.742000e-02;-9.244160e-03;7.339159e-02;-1.357752e-02;5.532932e-02;-1.118211e-02;5.290368e-02;-9.389871e-03;5.347379e-02;-9.259817e-03;6.389953e-02;-7.804463e-03;5.683324e-02;-6.897677e-03;5.810791e-02;-8.069433e-03;5.186817e-02;-4.663499e-03;4.010725e-02;-3.924005e-03;3.276007e-02;-2.511360e-03;2.577589e-02;-1.307914e-03;1.789328e-02;-1.604653e-03;1.693861e-02;-9.000603e-04;4.543798e-02;-1.824200e-03;1.403829e+01;-2.167676e+00;1.698210e+01;-8.469726e-01;2.397480e+01;1.823145e+00;8.075022e+01;5.799609e+00;6.066906e-02;-2.604268e-03;1.932510e+01;1.880951e+00;1.303764e-01;1.271160e-02;1.068848e+05;1.707792e+04;3.920132e-01;-2.329814e-02;9.873367e+00;-6.199338e-01;1.389290e-02;1.243552e-03;1.187052e-02;9.041161e-04;4.752151e-02;-5.412408e-03;8.578863e-01;-4.353457e-02;1.099598e+00;3.332576e-02;1.609353e+00;-2.383045e-02;1.760429e+00;-1.041108e-03;1.764523e+00;-9.083457e-02;1.493388e+00;-1.329329e-01;1.959949e+00;-2.344933e-01;1.913870e+00;-1.369870e-01;1.611957e+00;5.736092e-02;2.107582e+00;7.036419e-02;2.148797e+00;4.867906e-02;1.945231e+00;-5.242388e-02;1.527254e+00;-5.974980e-02;1.428867e+00;-2.274854e-02
128.000000;1.084885e+02;1.984509e+02;7.981512e-02;7.794874e-01;8.714990e-02;5.470021e-02;5.461553e-02;3.481071e-02;1.798865e-01;1.613341e-01;3.924402e+01;-1.527412e+01;5.086426e-01;1.285684e+00;1.707837e-01;9.111651e-01;2.458502e-02;3.140996e-02;4.614051e-02;9.963845e-02;7.300902e-02;1.392542e-01;1.329150e-01;2.892369e-01;1.668352e-01;4.038878e-01;1.417017e-01;5.410463e-01;1.551414e-01;6.122327e-01;1.565829e-01;6.670197e-01;1.391968e-01;7.280809e-01;1.831644e-01;7.161047e-01;2.009148e-01;8.240561e-01;2.139221e-01;9.434935e-01;3.054586e-01;1.064079e+00;2.927786e-01;1.023716e+00;2.955150e-01;1.045528e+00;2.655244e-01;1.166500e+00;2.979940e-01;1.207772e+00;3.013768e-01;1.194371e+00;2.962549e-01;1.310021e+00;3.091539e-01;1.348285e+00;3.403296e-01;1.388189e+00;3.163641e-01;1.368399e+00;2.714082e-01;1.280444e+00;2.489755e-01;1.169828e+00;2.264955e-01;1.037227e+00;1.723545e-01;8.813064e-01;1.448693e-01;7.361315e-01;1.251817e-01;6.040845e-01;5.389608e-02;5.860386e-02;9.457707e-02;8.910605e-02;1.234821e+02;6.962402e+02;3.723620e+02;1.013783e+03;1.115640e+03;1.838218e+03;2.033669e+03;3.215194e+03;1.180249e-01;2.405274e-01;6.892470e+02;1.596954e+03;1.344629e+00;4.755586e+00;3.056425e+06;3.652820e+06;2.218580e+00;4.847177e+00;3.480495e+01;4.577351e+01;9.984104e-02;-7.105084e-02;4.149510e-01;1.247131e+00;4.449198e-01;2.937016e-01;6.140253e+00;3.800181e+00;5.608012e+00;-1.565377e+01;5.388173e+00;-1.738157e+01;8.153584e+00;-2.454399e+01;6.446994e+00;-1.465424e+01;4.636296e+00;-6.788257e+00;7.325319e+00;-2.009418e-01;6.404122e+00;1.041891e+00;4.678354e+00;-1.827917e+00;8.289741e+00;-1.033466e+01;8.233895e+00;-1.106285e+01;5.514812e+00;-7.347051e+00;5.464701e+00;-2.733624e+00;4.761441e+00;-3.985895e+00;2.212062e-04;-6.677763e-05;3.509480e-07;-4.514504e-08;6.358665e-07;-4.038339e-08;5.043929e-07;2.030985e-08;1.098575e-06;1.315597e-07;3.052726e-04;-4.982307e-06;7.755978e-02;-1.668293e-02;5.051729e-02;-3.684505e-03;2.411477e-03;-7.863658e-04;4.431722e-03;7.712270e-04;2.061148e-02;6.948622e-05;3.555826e-02;1.253873e-04;4.930384e-02;-3.154488e-04;4.246578e-02;-1.290992e-03;4.043573e-02;-1.950519e-03;3.705246e-02;-2.996910e-03;4.365660e-02;-3.196931e-03;3.323602e-02;-3.426415e-03;5.449083e-02;-2.928966e-03;7.370341e-02;-1.223952e-03;1.025888e-01;-5.210031e-03;9.763584e-02;-4.768991e-03;8.555944e-02;-4.053764e-03;9.445497e-02;-4.948220e-03;9.984634e-02;-6.641012e-03;8.761342e-02;-5.369301e-03;8.710085e-02;-6.049976e-03;9.265458e-02;-6.847648e-03;9.109451e-02;-7.877295e-03;8.248695e-02;-7.744556e-03;5.785589e-02;-4.932751e-03;5.744005e-02;-4.539294e-03;5.152626e-02;-4.154755e-03;3.231765e-02;-2.202019e-03;2.796696e-02;-2.402203e-03;2.386774e-02;-9.200678e-04;8.050459e-03;-9.677546e-04;2.479111e-02;-3.056204e-03;2.521156e+01;-5.455078e-01;8.004033e+01;4.163086e+00;1.470379e+02;1.962393e+01;2.749207e+02;3.999434e+01;4.010776e-02;-3.396169e-03;8.843632e+01;1.332539e+01;1.238134e-01;3.279215e-02;4.915439e+05;8.019159e+04;2.852269e-01;-3.927009e-02;4.798047e+00;-7.663665e-01;6.947023e-03;3.347381e-03;5.519171e-02;8.107499e-03;2.785824e-02;-1.370397e-02;1.069679e+00;-5.136064e-02;1.311635e+00;2.139851e-01;1.268651e+00;5.947950e-02;1.777669e+00;2.050882e-01;1.610906e+00;1.109652e-01;1.562448e+00;9.910534e-02;2.001202e+00;-8.473903e-02;2.057792e+00;-8.787543e-02;1.733460e+00;-2.605713e-02;1.850317e+00;7.444421e-02;1.328592e+00;1.797765e-01;1.817276e+00;8.569612e-02;1.601659e+00;-1.791386e-01;1.226833e+00;-1.059978e-01
128.500000;1.258296e+02;1.730237e+02;8.031595e-02;7.542307e-01;9.878515e-02;6.284363e-02;6.012303e-02;4.044468e-02;2.310703e-01;1.606639e-01;4.467060e+01;-2.767875e+01;5.354392e-01;1.205432e+00;3.717005e-01;1.050344e+00;2.584666e-02;2.880745e-02;4.896409e-02;1.172386e-01;7.880996e-02;1.470522e-01;1.513887e-01;2.934762e-01;2.768075e-01;4.579532e-01;2.176754e-01;5.505130e-01;4.025957e-01;6.880002e-01;5.934035e-01;8.475217e-01;8.113400e-01;9.652913e-01;6.887253e-01;1.011725e+00;7.046385e-01;1.072394e+00;6.186119e-01;1.141971e+00;5.588441e-01;1.218754e+00;5.741844e-01;1.267797e+00;6.327105e-01;1.348282e+00;5.271504e-01;1.376154e+00;5.345507e-01;1.417574e+00;5.143830e-01;1.430695e+00;4.668579e-01;1.480818e+00;4.227065e-01;1.490262e+00;4.227630e-01;1.520693e+00;4.256825e-01;1.511811e+00;3.720987e-01;1.402382e+00;3.159739e-01;1.281530e+00;2.749853e-01;1.110601e+00;2.145525e-01;9.169744e-01;1.616807e-01;7.501026e-01;1.296469e-01;6.086150e-01;9.483252e-02;6.167673e-02;1.714019e-01;1.227091e-01;1.953008e+02;7.853877e+02;5.590289e+02;1.233135e+03;1.156624e+03;2.321279e+03;2.122238e+03;4.028432e+03;1.901224e-01;2.869657e-01;7.787250e+02;1.915037e+03;1.352657e+00;5.243550e+00;3281935;4770043;2.771584e+00;4.399094e+00;5.399329e+01;4.468713e+01;1.079223e-01;-6.797756e-02;4.646003e-01;1.436822e+00;4.428256e-01;2.610706e-01;6.330428e+00;2.088830e+00;5.415784e+00;-1.520858e+01;8.064753e+00;-1.586222e+01;8.832050e+00;-2.040151e+01;7.873876e+00;-1.079057e+01;5.611143e+00;-6.189353e+00;6.868367e+00;-2.937755e-01;7.408137e+00;2.468421e+00;7.708697e+00;-1.141300e-01;7.573977e+00;-8.165652e+00;7.067400e+00;-9.050415e+00;6.355273e+00;-7.884715e+00;5.725673e+00;-6.183291e+00;5.496627e+00;-4.973810e+00;3.749552e-04;9.829341e-06;5.248388e-07;4.705739e-08;6.659382e-07;-1.383014e-07;4.682883e-07;-1.137131e-08;1.821796e-06;1.476980e-07;3.703992e-04;3.396840e-07;1.116637e-01;5.693110e-03;7.893692e-02;6.665505e-03;5.062432e-03;3.384986e-04;8.573059e-03;-6.599899e-04;2.177627e-02;1.113759e-03;4.098891e-02;1.098491e-03;7.001718e-02;5.597904e-04;5.555763e-02;1.081856e-03;8.362714e-02;3.648680e-03;1.537182e-01;7.338632e-03;2.025844e-01;8.342298e-03;1.481259e-01;2.144694e-02;1.338797e-01;1.237557e-02;1.413930e-01;5.887380e-03;1.529105e-01;9.462387e-03;1.457562e-01;1.942728e-02;1.470953e-01;2.310866e-02;1.348762e-01;1.112248e-02;1.354777e-01;6.864788e-03;1.266150e-01;1.049789e-02;1.263318e-01;6.436818e-03;1.138692e-01;4.866973e-03;1.109486e-01;2.416248e-03;1.153207e-01;2.438611e-03;8.084965e-02;5.217349e-03;7.349994e-02;4.261997e-03;6.895103e-02;2.544580e-03;4.625292e-02;1.305332e-03;3.445984e-02;-1.671440e-05;2.657555e-02;4.550405e-04;2.597138e-02;-1.312934e-04;4.245054e-02;1.726993e-03;5.135908e+01;2.124609e+00;1.417664e+02;8.900391e-01;2.591046e+02;2.239453e+00;4.891418e+02;-3.775488e+00;5.604960e-02;1.800686e-03;1.736889e+02;-9.132245e-01;2.828503e-01;-1.723522e-02;8.196382e+05;-1.715155e+04;6.400774e-01;2.739524e-02;1.475788e+01;7.757934e-01;2.261627e-02;-1.177463e-03;1.068725e-01;-2.249602e-04;9.201495e-02;5.833171e-03;1.319614e+00;-2.342845e-02;1.652972e+00;-1.302832e-01;2.045619e+00;-7.767922e-02;2.489040e+00;-4.873345e-03;2.271717e+00;1.162541e-01;2.055302e+00;-2.594478e-02;2.229156e+00;2.216330e-01;2.593773e+00;2.938148e-01;2.786098e+00;1.869978e-01;2.756889e+00;-1.038314e-01;3.015836e+00;-3.135834e-01;2.420888e+00;-1.438055e-02;2.167964e+00;2.101613e-01;1.815392e+00;1.006542e-01
129.000000;1.167803e+02;2.480202e+02;8.302532e-02;8.238109e-01;6.296369e-02;3.541456e-02;4.894175e-02;3.243098e-02;1.824957e-01;1.616143e-01;3.522892e+01;-6.885070e+00;6.421455e-01;1.635705e+00;4.297669e-01;1.180233e+00;2.933375e-02;4.960509e-02;4.572562e-02;7.563618e-02;6.539882e-02;1.458269e-01;1.222945e-01;3.128032e-01;2.629366e-01;5.140326e-01;2.645798e-01;6.532587e-01;4.693271e-01;9.026634e-01;6.068529e-01;1.015236e+00;8.944452e-01;1.190761e+00;9.737989e-01;1.393392e+00;7.688180e-01;1.308293e+00;7.172499e-01;1.302080e+00;5.537577e-01;1.288555e+00;6.949907e-01;1.447441e+00;7.617189e-01;1.584485e+00;6.596103e-01;1.550761e+00;6.720647e-01;1.598193e+00;6.605762e-01;1.637932e+00;5.353053e-01;1.586270e+00;5.406317e-01;1.634553e+00;4.758376e-01;1.634978e+00;5.542868e-01;1.631087e+00;4.910538e-01;1.521249e+00;3.926849e-01;1.331347e+00;3.360142e-01;1.151772e+00;2.786237e-01;9.681915e-01;1.668762e-01;7.663504e-01;1.163273e-01;6.145455e-01;1.364507e-01;1.030177e-01;2.230543e-01;2.473786e-01;2.176014e+02;7.615576e+02;5.410432e+02;9.876562e+02;9.821931e+02;1.478900e+03;1.788844e+03;2.552689e+03;1.964667e-01;3.785300e-01;7.106845e+02;1.385371e+03;1.381809e+00;4.093570e+00;2.920822e+06;2.418280e+06;2.481272e+00;5.607466e+00;5.254787e+01;6.379226e+01;1.280271e-01;-1.496326e-01;4.233699e-01;1.115366e+00;5.632355e-01;6.251220e-01;5.233920e+00;4.368864e+00;7.994626e+00;-1.984952e+01;9.184311e+00;-1.740155e+01;8.359691e+00;-2.273131e+01;8.696250e+00;-1.014756e+01;9.070394e+00;-8.362572e+00;1.287517e+01;2.536835e+00;1.015308e+01;6.413537e+00;8.065541e+00;-7.071860e-01;1.199920e+01;-1.444335e+01;1.297628e+01;-1.426363e+01;7.299823e+00;-9.565654e+00;1.082355e+01;-1.741529e+00;7.240181e+00;-3.645681e+00;4.072682e-04;6.879713e-05;5.811907e-07;2.188142e-08;4.131126e-07;-1.062844e-07;3.655182e-07;-5.712793e-08;1.790931e-06;-9.094361e-08;2.712912e-04;5.121936e-06;1.352001e-01;9.554083e-03;8.276489e-02;4.135418e-03;6.467427e-03;3.491750e-04;8.538087e-03;-4.545225e-04;2.201818e-02;-2.944687e-04;3.763177e-02;-5.951853e-04;6.758692e-02;1.984263e-04;6.255953e-02;5.196180e-03;1.023592e-01;1.091558e-02;1.678493e-01;1.034898e-02;2.210566e-01;7.578702e-03;1.900949e-01;2.434020e-03;1.470586e-01;2.525753e-03;1.692089e-01;4.206389e-03;1.550005e-01;4.647852e-03;1.403434e-01;3.769500e-03;1.576183e-01;5.616155e-03;1.546693e-01;1.185004e-02;1.505944e-01;7.964512e-03;1.341454e-01;4.018348e-03;1.223053e-01;5.260616e-03;1.193022e-01;2.436862e-03;1.194921e-01;5.238921e-03;1.282317e-01;3.916360e-03;9.706508e-02;3.580995e-03;7.490708e-02;2.108130e-03;7.087501e-02;-3.215905e-05;5.476307e-02;1.736455e-03;3.520574e-02;2.369282e-03;2.582260e-02;5.246223e-04;3.342263e-02;3.472150e-03;5.972907e-02;1.138144e-03;4.952328e+01;-2.469141e+00;1.219445e+02;-6.919336e+00;2.263506e+02;-1.904971e+01;4.306357e+02;-3.626191e+01;6.671099e-02;1.713175e-03;1.565217e+02;-1.434705e+01;3.103915e-01;-2.189285e-02;7.199234e+05;-7.608588e+04;6.864469e-01;3.559698e-02;1.626784e+01;5.990610e-01;3.151827e-02;-8.462809e-04;9.608389e-02;-9.214576e-03;1.387718e-01;3.526645e-03;1.207327e+00;9.414056e-02;2.040035e+00;-1.123344e-01;2.261877e+00;-4.529404e-02;2.434013e+00;-1.296442e-01;2.271335e+00;-2.062154e-01;2.210650e+00;-3.221533e-01;2.638933e+00;-1.966888e-01;3.046445e+00;8.413956e-02;2.862762e+00;5.970024e-02;3.538541e+00;2.100809e-02;3.986916e+00;9.822298e-02;2.834972e+00;-3.431362e-02;2.628151e+00;3.889971e-02;1.979517e+00;-7.267482e-02
129.500000;9.089675e+01;2.508469e+02;6.820913e-02;8.337452e-01;3.497314e-02;2.971356e-02;4.020671e-02;3.069760e-02;1.309727e-01;1.881885e-01;2.232978e+01;1.956661e+00;6.320075e-01;1.660079e+00;3.894659e-01;1.123779e+00;2.959231e-02;5.177228e-02;3.437124e-02;6.773747e-02;7.637789e-02;1.477936e-01;1.259098e-01;3.085642e-01;2.122608e-01;4.836151e-01;2.693779e-01;6.697535e-01;4.596748e-01;8.608042e-01;4.407490e-01;9.294076e-01;6.829632e-01;1.192716e+00;8.736148e-01;1.294807e+00;6.425787e-01;1.241887e+00;5.971019e-01;1.234444e+00;4.828173e-01;1.237919e+00;6.460169e-01;1.332519e+00;6.866130e-01;1.401425e+00;6.232319e-01;1.438036e+00;6.150497e-01;1.472134e+00;6.080390e-01;1.524976e+00;4.997263e-01;1.515527e+00;5.636965e-01;1.578246e+00;4.920765e-01;1.548235e+00;5.573419e-01;1.545228e+00;5.394114e-01;1.488880e+00;4.199435e-01;1.314211e+00;3.691731e-01;1.137533e+00;2.692476e-01;9.559389e-01;1.404883e-01;7.549670e-01;9.520736e-02;6.086874e-01;1.550457e-01;1.111374e-01;2.035480e-01;2.232004e-01;1.206375e+02;6.623613e+02;1.273752e+02;7.612705e+02;4.634718e+02;1.195667e+03;1.370334e+03;2.291707e+03;2.099827e-01;3.801604e-01;4.049423e+02;1.200953e+03;1.141762e+00;3.858541e+00;2.486049e+06;2178241;2.212821e+00;5.783723e+00;4.808280e+01;6.628701e+01;1.308540e-01;-1.605872e-01;2.523709e-01;1.006526e+00;5.859461e-01;6.797065e-01;5.248573e+00;5.704960e+00;8.133835e+00;-1.881062e+01;7.355857e+00;-1.826214e+01;7.305508e+00;-2.549181e+01;7.782192e+00;-1.255459e+01;9.564545e+00;-1.144240e+01;1.359404e+01;1.042539e+00;1.050980e+01;5.492447e+00;7.709698e+00;1.693087e-01;1.070125e+01;-1.425646e+01;1.269712e+01;-1.627508e+01;9.363120e+00;-1.177785e+01;1.144421e+01;-1.687797e+00;6.462485e+00;-2.568609e+00;2.866341e-04;4.074979e-06;5.455319e-07;-7.693012e-09;3.341416e-07;-3.371523e-08;3.625818e-07;-6.172357e-08;1.207301e-06;-1.390398e-07;2.404438e-04;2.499419e-06;1.537752e-01;2.036517e-03;8.658632e-02;-1.399318e-04;6.967754e-03;2.599911e-05;7.177077e-03;-4.900478e-05;2.596147e-02;-4.609092e-04;3.916286e-02;4.592639e-05;6.056132e-02;1.957714e-03;6.416860e-02;5.945658e-03;1.072427e-01;7.658755e-03;1.179386e-01;7.439096e-04;1.650900e-01;-1.479202e-03;1.632042e-01;-1.260304e-02;1.278942e-01;3.294159e-03;1.576554e-01;-1.814079e-03;1.470472e-01;-4.674130e-03;1.299323e-01;-1.113084e-02;1.315702e-01;-9.967135e-03;1.644358e-01;-2.344360e-03;1.517970e-01;2.107683e-03;1.253618e-01;-1.844170e-03;1.173910e-01;2.225290e-03;1.292950e-01;3.476377e-03;1.258523e-01;5.770065e-03;1.284626e-01;5.524992e-03;1.212584e-01;3.157802e-03;8.631317e-02;3.705272e-04;7.741038e-02;1.360169e-03;5.669933e-02;1.053811e-04;3.243167e-02;-4.644326e-04;2.490596e-02;-6.003117e-04;3.294101e-02;5.120087e-03;5.980320e-02;-1.807831e-03;2.048855e+01;-2.928516e+00;4.671098e+01;-1.880566e+00;1.371499e+02;-5.010058e+00;3.264846e+02;-5.124902e+00;7.592423e-02;-2.201756e-03;1.041994e+02;-2.806639e+00;2.816345e-01;4.835875e-03;5.708647e+05;1.709898e+02;6.448360e-01;-7.501347e-03;1.419127e+01;-2.396458e-01;3.253206e-02;-1.046917e-04;6.412777e-02;-2.115940e-03;1.418114e-01;1.295554e-04;1.226399e+00;6.286173e-02;1.877167e+00;8.684393e-02;2.156071e+00;8.049033e-02;2.216101e+00;-1.713503e-01;2.164011e+00;-1.884051e-01;2.198271e+00;-1.247135e-01;2.839446e+00;-1.908952e-01;2.960906e+00;-2.356898e-01;2.462007e+00;-1.948527e-01;3.040882e+00;2.896413e-02;3.264939e+00;2.904125e-01;2.592075e+00;1.435032e-01;2.559887e+00;-6.587467e-02;1.734964e+00;-4.969811e-02
130.000000;7.701337e+01;2.061008e+02;7.898238e-02;8.197565e-01;3.381817e-02;2.308749e-02;3.429802e-02;2.229354e-02;1.186199e-01;1.537551e-01;3.324655e+01;-3.462739e+00;5.068905e-01;1.614807e+00;2.870128e-01;1.084210e+00;2.616872e-02;4.857130e-02;4.409853e-02;7.391534e-02;6.863328e-02;1.429783e-01;1.073420e-01;2.966054e-01;1.754605e-01;4.730396e-01;2.540188e-01;6.204476e-01;4.541308e-01;8.433570e-01;4.275930e-01;9.521152e-01;5.788903e-01;1.065330e+00;4.929136e-01;1.098584e+00;6.690719e-01;1.310654e+00;4.798937e-01;1.266371e+00;4.179279e-01;1.249817e+00;4.425093e-01;1.263838e+00;4.596553e-01;1.284614e+00;4.435804e-01;1.372558e+00;4.154078e-01;1.370314e+00;4.093463e-01;1.457361e+00;4.565498e-01;1.537348e+00;4.115024e-01;1.532447e+00;3.812845e-01;1.497537e+00;3.818996e-01;1.477563e+00;4.102622e-01;1.423298e+00;3.229905e-01;1.278704e+00;2.982093e-01;1.111066e+00;1.999944e-01;9.132141e-01;1.325924e-01;7.501209e-01;9.567904e-02;6.001850e-01;2.418684e-01;2.337307e-01;1.597360e-01;1.787640e-01;1.923740e+02;6.459961e+02;3.785483e+02;8.861631e+02;8.154975e+02;1.409851e+03;1.695234e+03;2.294722e+03;2.061944e-01;3.659279e-01;5.940958e+02;1.258548e+03;1.210522e+00;4.190242e+00;2.481859e+06;2160370;2.667053e+00;6.517283e+00;5.512124e+01;8.626200e+01;1.160381e-01;-1.385124e-01;3.513337e-01;1.034452e+00;5.011314e-01;5.660024e-01;6.669730e+00;8.547204e+00;5.713617e+00;-1.579827e+01;7.640779e+00;-1.838232e+01;9.119628e+00;-2.748613e+01;7.633543e+00;-1.621646e+01;7.186416e+00;-1.228345e+01;7.707117e+00;-3.824096e+00;8.907767e+00;-1.819790e+00;8.909630e+00;-2.675929e+00;5.818776e+00;-9.673757e+00;9.013451e+00;-1.049102e+01;1.097048e+01;-7.989000e+00;7.786662e+00;-5.109735e+00;6.251817e+00;-8.499307e+00;5.515950e-05;1.387225e-05;6.038944e-07;-7.754314e-09;2.850158e-07;-1.550720e-08;2.671262e-07;-3.755240e-08;9.385629e-07;-1.077647e-07;2.688695e-04;-2.181801e-06;1.327578e-01;-1.363470e-03;7.559155e-02;-3.107523e-03;6.149415e-03;-7.982929e-05;8.781604e-03;9.838750e-05;2.253501e-02;5.968034e-05;3.153692e-02;-5.815849e-04;4.906455e-02;-1.688660e-03;5.619140e-02;-6.537475e-03;1.057158e-01;-1.217659e-02;1.084340e-01;-9.598980e-03;1.443865e-01;-7.751180e-03;1.251176e-01;4.181842e-04;1.529770e-01;-4.673944e-03;1.436701e-01;-5.811075e-03;1.224114e-01;-1.193531e-03;1.281974e-01;6.829279e-03;1.258973e-01;4.477387e-03;1.336482e-01;-1.039062e-02;1.273633e-01;-6.613047e-03;1.184084e-01;-3.420802e-03;1.353852e-01;-6.082688e-03;1.111084e-01;-1.311560e-03;1.003599e-01;-3.481304e-03;1.011625e-01;-2.844898e-03;1.055008e-01;-2.351944e-03;7.450487e-02;-2.110595e-03;6.671800e-02;-1.708476e-04;4.871126e-02;-1.599783e-03;3.368133e-02;-1.463909e-03;2.383726e-02;-7.251043e-04;5.151423e-02;-2.962946e-03;5.387389e-02;1.376314e-03;5.310980e+01;3.445312e+00;1.001822e+02;8.799902e+00;2.030009e+02;7.680176e+00;4.006172e+02;-5.455078e-01;7.467937e-02;1.123066e-03;1.448034e+02;5.364756e+00;2.978045e-01;3.160662e-03;5.730172e+05;9.372016e+02;7.612270e-01;-1.580273e-03;1.536568e+01;-6.527320e-03;2.761197e-02;3.421503e-04;8.519419e-02;3.559406e-03;1.103818e-01;-1.656152e-03;1.537322e+00;-6.071539e-02;1.638264e+00;-8.123437e-02;2.345788e+00;-4.656567e-02;2.730138e+00;8.641118e-02;2.468742e+00;1.569670e-01;2.487594e+00;1.067619e-01;2.595377e+00;6.160384e-02;2.716203e+00;8.057620e-02;2.357050e+00;1.169509e-01;2.470257e+00;-5.951755e-02;2.648937e+00;-1.553945e-01;2.565115e+00;6.981655e-02;2.171655e+00;1.209011e-01;1.805714e+00;3.729373e-02
130.500000;1.100893e+02;1.887730e+02;8.750361e-02;7.917934e-01;5.639685e-02;2.830663e-02;6.655491e-02;3.372227e-02;1.381618e-01;1.233216e-01;4.514783e+01;-1.859816e+01;4.833434e-01;1.573774e+00;3.022601e-01;1.071785e+00;2.427933e-02;4.233906e-02;6.017615e-02;9.767196e-02;7.474790e-02;1.443345e-01;9.763348e-02;2.844088e-01;1.722952e-01;4.466997e-01;2.568937e-01;5.681171e-01;4.094600e-01;7.234135e-01;4.360271e-01;8.620948e-01;5.324096e-01;9.141107e-01;8.805866e-01;1.158789e+00;8.934515e-01;1.248065e+00;6.669714e-01;1.212518e+00;3.369813e-01;1.147399e+00;4.363502e-01;1.252247e+00;5.510674e-01;1.373243e+00;5.487220e-01;1.418725e+00;5.333605e-01;1.437139e+00;5.429774e-01;1.505717e+00;4.633201e-01;1.522692e+00;3.643934e-01;1.503523e+00;4.056731e-01;1.528401e+00;3.758306e-01;1.508025e+00;3.089721e-01;1.415469e+00;2.716327e-01;1.288348e+00;2.351367e-01;1.113109e+00;1.901869e-01;9.233535e-01;1.496701e-01;7.567680e-01;1.136179e-01;6.096944e-01;2.377095e-01;2.024150e-01;1.629887e-01;1.980120e-01;2.813908e+02;7.657207e+02;6.920503e+02;1.314674e+03;1.309645e+03;2.083553e+03;2.231323e+03;3.065036e+03;1.911944e-01;3.538566e-01;9.068511e+02;1.676028e+03;1.388210e+00;4.772151e+00;3.335536e+06;2.963657e+06;3.127549e+00;5.474660e+00;6.398648e+01;7.222935e+01;1.035878e-01;-1.070636e-01;5.445576e-01;1.282380e+00;4.421377e-01;4.241795e-01;8.547555e+00;5.349858e+00;6.867836e+00;-1.697922e+01;8.390581e+00;-1.570434e+01;1.040831e+01;-2.244938e+01;8.564050e+00;-1.311772e+01;8.999424e+00;-1.166755e+01;7.949061e+00;-2.168870e+00;9.761424e+00;2.741646e-01;8.114969e+00;-3.487049e+00;7.035024e+00;-9.732958e+00;8.773514e+00;-7.701475e+00;7.142348e+00;-4.068845e+00;7.231683e+00;-3.680910e+00;5.235621e+00;-9.986612e+00;9.936126e-05;1.656681e-05;5.656866e-07;5.660382e-09;5.026322e-07;-1.258623e-08;5.097543e-07;-2.282459e-08;1.274100e-06;-6.017156e-08;2.908242e-04;2.800405e-07;1.112646e-01;5.329557e-04;7.071673e-02;2.039124e-04;4.595841e-03;1.571259e-04;9.119299e-03;6.185437e-05;2.363583e-02;8.883399e-04;2.781070e-02;1.938445e-04;4.128455e-02;-1.290224e-03;5.154648e-02;-4.316042e-03;7.702330e-02;-9.316470e-03;9.291093e-02;-2.168966e-03;1.030537e-01;2.977061e-03;1.678742e-01;1.399061e-02;1.793379e-01;2.356607e-03;1.567578e-01;7.484791e-03;9.333518e-02;-9.709603e-05;1.117352e-01;2.152060e-03;1.292038e-01;2.797578e-03;1.336646e-01;3.961143e-04;1.569172e-01;-1.457453e-03;1.388256e-01;7.974898e-03;1.365815e-01;2.649761e-04;9.561725e-02;-9.947726e-05;1.070692e-01;-4.983708e-03;1.034042e-01;-4.007071e-03;8.406425e-02;-4.833505e-03;7.076415e-02;-1.161531e-03;5.573934e-02;-2.083646e-03;4.542797e-02;-9.772356e-04;3.467618e-02;5.877618e-04;2.636350e-02;2.950170e-05;4.622208e-02;-4.575694e-03;4.855044e-02;1.411993e-03;6.977991e+01;3.416602e+00;1.386411e+02;1.751367e+00;2.417366e+02;2.009766e-01;4.268911e+02;-8.039063e-01;6.308249e-02;1.927831e-03;1.615492e+02;1.463955e+00;2.624308e-01;-1.013253e-02;6.745395e+05;-2.292481e+03;7.184741e-01;2.452002e-02;1.462885e+01;8.112486e-01;2.048487e-02;-1.020108e-03;9.719002e-02;1.367033e-03;7.835759e-02;5.078441e-03;1.538590e+00;-4.375964e-02;1.831682e+00;-1.041422e-01;2.165117e+00;-9.626356e-02;2.654784e+00;7.398141e-02;2.246909e+00;1.075343e-01;2.459598e+00;2.638130e-01;2.132870e+00;2.691140e-01;2.665431e+00;6.560010e-02;2.577276e+00;-1.565275e-02;2.535043e+00;-4.565489e-02;2.723819e+00;-1.203298e-01;2.476042e+00;-4.059270e-02;2.362314e+00;1.870848e-02;1.725880e+00;-5.739125e-02
131.000000;1.265192e+02;2.387699e+02;8.006705e-02;8.132739e-01;5.762815e-02;3.855805e-02;6.938252e-02;4.412402e-02;1.327173e-01;1.531719e-01;3.828163e+01;-9.862892e+00;5.075010e-01;1.623133e+00;3.160257e-01;1.052575e+00;2.258322e-02;4.398080e-02;5.509900e-02;9.047997e-02;6.838699e-02;1.374771e-01;9.901612e-02;2.738476e-01;1.606510e-01;4.262318e-01;2.350713e-01;5.942198e-01;2.965330e-01;6.713060e-01;4.257358e-01;8.818247e-01;5.304009e-01;9.609519e-01;8.986828e-01;1.063124e+00;8.099577e-01;1.114751e+00;6.728552e-01;1.241241e+00;5.518959e-01;1.304306e+00;4.343101e-01;1.237645e+00;5.713250e-01;1.306807e+00;5.778805e-01;1.374598e+00;5.729721e-01;1.427979e+00;5.827286e-01;1.459873e+00;4.012086e-01;1.436164e+00;3.816887e-01;1.469700e+00;4.664512e-01;1.530692e+00;4.035588e-01;1.476609e+00;3.291687e-01;1.383947e+00;2.911891e-01;1.260075e+00;2.387666e-01;1.085183e+00;1.900747e-01;9.099420e-01;1.296477e-01;7.378770e-01;1.053136e-01;6.005923e-01;1.706522e-01;1.840634e-01;2.911367e-01;3.123826e-01;2.318008e+02;7.789277e+02;6.262944e+02;1.287829e+03;1.230437e+03;1.879705e+03;2.112597e+03;2.749503e+03;1.614692e-01;3.762698e-01;8.381222e+02;1.578204e+03;1.309245e+00;4.523190e+00;3.310806e+06;2.562302e+06;3.305065e+00;5.872033e+00;7.908099e+01;7.812312e+01;9.246334e-02;-1.088062e-01;5.040939e-01;1.236465e+00;4.034688e-01;4.437680e-01;6.682940e+00;4.287312e+00;7.491266e+00;-2.150971e+01;9.162348e+00;-2.058189e+01;9.976564e+00;-2.390897e+01;5.390432e+00;-9.067352e+00;9.329804e+00;-8.812892e+00;9.746559e+00;-3.081575e+00;1.057213e+01;-4.457966e-01;6.989522e+00;2.511089e-02;9.897265e+00;-4.174878e+00;1.004172e+01;-4.570234e+00;7.639725e+00;-9.469056e+00;1.085326e+01;-1.108959e+01;4.303060e+00;-9.996745e+00;5.720679e-04;-2.039503e-05;3.973859e-07;2.234911e-08;5.625643e-07;1.438742e-08;5.992689e-07;-1.402358e-09;1.270223e-06;1.101407e-07;2.029483e-04;-1.343527e-07;1.049648e-01;2.156237e-03;6.684759e-02;8.533021e-04;4.464034e-03;4.820148e-05;6.676739e-03;-6.273616e-05;2.249073e-02;-1.148565e-04;3.057905e-02;7.166355e-04;3.934592e-02;3.119703e-04;5.361437e-02;2.068727e-03;6.538849e-02;1.266567e-03;8.253726e-02;-4.564596e-04;1.061343e-01;1.142618e-03;1.756808e-01;-9.145730e-04;1.464350e-01;2.401416e-03;1.376716e-01;-9.143794e-04;9.633323e-02;-3.715390e-03;1.035102e-01;-1.588965e-03;1.284662e-01;6.714853e-04;1.313639e-01;2.659923e-03;1.513645e-01;1.755417e-03;1.454677e-01;3.736663e-03;1.129141e-01;4.821813e-03;8.079490e-02;4.286906e-04;1.103031e-01;1.369035e-03;1.019383e-01;2.146767e-03;8.547995e-02;5.369739e-04;7.580677e-02;1.239240e-03;5.420350e-02;1.192027e-03;4.297341e-02;9.686410e-04;2.874902e-02;2.760590e-04;2.282465e-02;1.798356e-04;4.102854e-02;6.258288e-04;6.528809e-02;8.901076e-04;5.796919e+01;-1.134082e+00;1.071891e+02;-8.756836e-01;1.772670e+02;1.579102e-01;3.313299e+02;2.383008e+00;4.891267e-02;2.966913e-04;1.210295e+02;-3.761598e-01;2.197639e-01;4.891294e-03;6.104462e+05;-1.517576e+01;8.392116e-01;-1.588485e-02;2.478216e+01;-2.426062e-01;2.003540e-02;-2.100081e-04;7.596362e-02;-2.530881e-04;8.302037e-02;9.967511e-04;1.215800e+00;1.911218e-03;1.680203e+00;-1.922548e-02;1.773040e+00;-1.503730e-02;2.192561e+00;-4.854108e-04;1.982020e+00;-1.950633e-02;2.137972e+00;1.514568e-02;2.302104e+00;3.008053e-02;2.804256e+00;-1.138717e-01;2.823669e+00;-1.964055e-02;2.499263e+00;4.282074e-02;2.733494e+00;2.559712e-03;2.408223e+00;-1.142036e-01;2.581118e+00;-7.775288e-02;1.452950e+00;-9.118752e-03
131.500000;8.691576e+01;2.646212e+02;5.849553e-02;8.421618e-01;5.930512e-02;5.611369e-02;5.993553e-02;5.363766e-02;1.109654e-01;1.821157e-01;4.811431e+00;7.282318e+00;4.191054e-01;1.770072e+00;2.276104e-01;1.095313e+00;1.869878e-02;4.762002e-02;2.511384e-02;7.091207e-02;3.123535e-02;1.320353e-01;6.551521e-02;2.841283e-01;9.249937e-02;4.359807e-01;1.773213e-01;6.381170e-01;2.357340e-01;7.529300e-01;3.278620e-01;8.718928e-01;3.099413e-01;9.557415e-01;5.027292e-01;1.040878e+00;5.505899e-01;1.152952e+00;6.278512e-01;1.293230e+00;6.817243e-01;1.435415e+00;4.611204e-01;1.323211e+00;5.259953e-01;1.326244e+00;5.546803e-01;1.446445e+00;5.297708e-01;1.525051e+00;3.874887e-01;1.478437e+00;3.104094e-01;1.502349e+00;3.280204e-01;1.565070e+00;4.005371e-01;1.592687e+00;3.682066e-01;1.534443e+00;2.909297e-01;1.445626e+00;2.434242e-01;1.305547e+00;2.071387e-01;1.131006e+00;1.662134e-01;9.378394e-01;1.238738e-01;7.578590e-01;9.445617e-02;6.130241e-01;1.580053e-01;2.075417e-01;3.518551e-01;4.093663e-01;1.253814e+02;6.830332e+02;2.038244e+02;9.788994e+02;5.206138e+02;1.476316e+03;1.205626e+03;2.153751e+03;1.234425e-01;3.693241e-01;3.393621e+02;1.274434e+03;9.079669e-01;4.348774e+00;1.573418e+06;1.504846e+06;2.832018e+00;5.901037e+00;7.074738e+01;7.433926e+01;7.656787e-02;-1.152374e-01;1.904915e-01;1.049257e+00;3.363811e-01;4.738885e-01;3.817437e+00;6.029840e+00;8.167372e+00;-2.275874e+01;8.575809e+00;-2.273216e+01;7.641785e+00;-2.747095e+01;7.803886e+00;-1.070357e+01;9.519656e+00;-1.022904e+01;7.147293e+00;-5.642232e+00;9.961614e+00;-4.604824e+00;7.503392e+00;-1.368289e+00;8.768899e+00;-3.546722e+00;1.010022e+01;-3.226673e+00;7.978668e+00;-1.065783e+01;8.487941e+00;-1.326417e+01;5.996587e+00;-8.042114e+00;6.329241e-04;3.656259e-05;3.096418e-07;7.826016e-09;5.729456e-07;6.085882e-09;6.689504e-07;1.456273e-09;1.067211e-06;-7.381705e-09;3.556732e-05;-1.333008e-06;8.311208e-02;3.966314e-03;4.489299e-02;-1.318776e-03;3.683353e-03;5.758577e-07;3.395068e-03;3.728900e-05;1.421750e-02;-1.388272e-03;2.482723e-02;-1.206443e-03;3.262039e-02;-1.279211e-03;4.115679e-02;1.887419e-03;6.091724e-02;7.750890e-04;5.916684e-02;-4.673734e-03;7.165343e-02;-5.916698e-03;1.135469e-01;-1.178720e-02;1.022246e-01;-1.202282e-02;9.636710e-02;-1.091123e-03;1.052162e-01;6.409452e-03;1.292656e-01;-9.425535e-03;1.429137e-01;-7.802789e-03;1.159302e-01;1.223686e-03;1.097159e-01;2.186045e-03;1.134085e-01;-8.880534e-03;8.927656e-02;-2.433183e-03;8.198479e-02;-2.742089e-03;8.484671e-02;2.248125e-03;7.589946e-02;5.767211e-03;6.854474e-02;5.265029e-03;5.516673e-02;3.804625e-03;4.577192e-02;3.960796e-03;4.009819e-02;1.811456e-03;2.746961e-02;6.840467e-04;2.189830e-02;3.384940e-04;4.193707e-02;1.546444e-04;7.206817e-02;4.887066e-03;3.885126e+01;-3.014649e-01;7.257436e+01;7.751953e-01;8.576445e+01;3.143848e+00;1.947645e+02;3.660645e+00;4.320249e-02;-1.602269e-03;5.457919e+01;1.545760e+00;1.761973e-01;8.585563e-03;3.066896e+05;2.191625e+03;7.338155e-01;-4.081864e-02;2.288747e+01;-1.195052e+00;1.586696e-02;1.465877e-04;3.211001e-02;8.872398e-04;7.064662e-02;-3.779945e-04;9.442019e-01;-3.435723e-02;1.835784e+00;-8.254767e-03;1.612794e+00;-1.798229e-02;1.932927e+00;-6.825028e-02;1.925959e+00;8.310236e-02;2.198181e+00;-2.177378e-01;2.154112e+00;-1.819239e-01;2.594750e+00;-2.102893e-01;2.444815e+00;-1.523228e-01;1.984027e+00;5.112261e-02;2.881046e+00;1.566540e-01;2.267934e+00;-1.068017e-01;2.115238e+00;-1.682757e-01;1.423408e+00;9.046208e-02
132.000000;8.001893e+01;2.270486e+02;6.342129e-02;8.105313e-01;6.044563e-02;6.762224e-02;6.433409e-02;6.660366e-02;1.994953e-01;2.161307e-01;2.175030e+01;-7.188342e-01;5.658778e-01;1.581200e+00;2.628528e-01;9.862008e-01;2.531302e-02;4.164818e-02;3.056880e-02;8.191610e-02;5.135952e-02;1.371034e-01;6.294721e-02;2.797462e-01;9.283511e-02;4.253915e-01;1.896837e-01;5.422451e-01;2.001824e-01;6.686337e-01;3.044521e-01;7.309638e-01;3.308931e-01;8.485787e-01;5.300905e-01;9.835420e-01;5.323878e-01;9.992418e-01;6.299841e-01;1.004857e+00;6.312335e-01;1.073499e+00;4.842664e-01;1.153251e+00;5.534247e-01;1.234671e+00;5.948313e-01;1.297118e+00;5.615435e-01;1.351087e+00;4.180328e-01;1.349723e+00;3.709659e-01;1.383103e+00;3.566439e-01;1.408779e+00;3.837227e-01;1.427174e+00;3.987759e-01;1.426075e+00;3.284046e-01;1.351964e+00;2.792879e-01;1.241658e+00;2.109252e-01;1.076874e+00;1.694261e-01;9.045112e-01;1.389739e-01;7.434818e-01;9.132061e-02;5.979486e-01;2.070797e-01;1.515065e-01;3.078607e-01;2.739089e-01;9.027512e+01;6.633662e+02;2.009983e+02;8.865938e+02;5.689190e+02;1.515794e+03;1.427232e+03;2.720505e+03;1.748898e-01;3.350791e-01;3.827383e+02;1.384234e+03;1.046229e+00;4.646877e+00;2.335514e+06;2621643;2.433331e+00;4.970571e+00;5.058823e+01;5.340712e+01;1.039467e-01;-1.049157e-01;2.252936e-01;1.114288e+00;4.467875e-01;4.131152e-01;3.266247e+00;5.832528e+00;9.277075e+00;-1.699059e+01;7.727206e+00;-1.907650e+01;6.238554e+00;-2.511459e+01;7.907316e+00;-1.258576e+01;8.731855e+00;-1.216856e+01;6.726074e+00;-1.924644e+00;8.887486e+00;-6.559494e-01;9.658128e+00;-1.110940e+00;8.254636e+00;-7.906252e+00;1.095305e+01;-9.164474e+00;7.212636e+00;-1.011366e+01;6.458690e+00;-7.947131e+00;5.397738e+00;-5.562755e+00;4.394187e-04;8.131912e-06;4.593552e-07;-1.941881e-08;6.257854e-07;-9.646496e-09;7.707691e-07;1.556641e-08;1.660764e-06;-2.290852e-07;2.355269e-04;-7.192618e-07;8.664457e-02;-4.565689e-03;4.599243e-02;-5.794135e-04;3.740755e-03;-2.755055e-05;5.050817e-03;-1.703200e-04;1.510117e-02;2.868596e-04;1.887980e-02;-1.164241e-04;3.347711e-02;7.748177e-04;3.233131e-02;-6.928719e-04;4.060671e-02;-8.881997e-04;6.252315e-02;6.771954e-04;7.008831e-02;1.886821e-03;9.965149e-02;1.662869e-03;1.076610e-01;4.441677e-03;1.023980e-01;6.349910e-03;1.064831e-01;5.688733e-03;1.160171e-01;-5.983996e-03;1.241043e-01;-1.021214e-02;1.118141e-01;-4.952896e-03;1.043519e-01;-1.375340e-03;1.028362e-01;-2.931762e-03;8.242174e-02;-3.757260e-03;8.535618e-02;3.226921e-04;8.087396e-02;-1.546231e-03;7.920062e-02;-1.472978e-03;7.059235e-02;-1.237181e-03;5.716451e-02;-9.512456e-04;4.539669e-02;-5.436523e-05;4.254896e-02;-2.829749e-04;2.895915e-02;-4.168474e-04;2.379867e-02;-2.836229e-04;5.078609e-02;-7.312014e-04;5.478349e-02;-2.558655e-03;2.274901e+01;1.004883e-01;6.698783e+01;-5.512500e+00;1.199961e+02;-4.062598e+00;3.291569e+02;2.828027e+00;4.742238e-02;-2.358550e-05;8.003204e+01;-1.272575e+00;2.388754e-01;-2.215779e-03;4.841716e+05;1.679702e+04;6.883150e-01;4.215011e-02;1.505975e+01;8.650151e-01;1.663721e-02;-7.100138e-05;4.768905e-02;-4.505590e-04;7.506033e-02;-5.043907e-04;8.868592e-01;4.379749e-02;1.774383e+00;1.432018e-01;1.832526e+00;-6.466798e-02;1.858211e+00;-1.028980e-01;2.049928e+00;1.017533e-01;2.282823e+00;2.725022e-01;2.014066e+00;8.182104e-02;2.389148e+00;-1.233230e-01;2.415020e+00;-1.015309e-01;1.921759e+00;-3.937027e-03;3.144849e+00;-2.229719e-02;2.020594e+00;-1.066963e-01;2.083528e+00;-1.051094e-01;1.400461e+00;7.237597e-02
132.500000;9.145276e+01;2.096283e+02;5.228663e-02;8.059325e-01;8.657057e-02;7.475323e-02;1.031325e-01;8.310144e-02;1.973332e-01;2.067737e-01;2.389962e+01;-2.452011e+00;6.520075e-01;1.664757e+00;4.092634e-01;1.050669e+00;2.695994e-02;4.649043e-02;2.543357e-02;7.081003e-02;6.176355e-02;1.475250e-01;8.477877e-02;2.737226e-01;9.984909e-02;4.203414e-01;1.870992e-01;5.633895e-01;2.332295e-01;7.390403e-01;3.287779e-01;8.392673e-01;4.768235e-01;9.562058e-01;5.628847e-01;9.620982e-01;6.115789e-01;1.074247e+00;7.780237e-01;1.143389e+00;8.062848e-01;1.155005e+00;6.092608e-01;1.194601e+00;6.741995e-01;1.333156e+00;7.570595e-01;1.450408e+00;7.935387e-01;1.538113e+00;6.975477e-01;1.551617e+00;6.094936e-01;1.527773e+00;5.506145e-01;1.528984e+00;5.562891e-01;1.504944e+00;5.929574e-01;1.485478e+00;5.818679e-01;1.389947e+00;4.495093e-01;1.243665e+00;3.351001e-01;1.069913e+00;2.309692e-01;8.967949e-01;1.655157e-01;7.347711e-01;1.176477e-01;5.930072e-01;2.038867e-01;1.508707e-01;3.327297e-01;2.879868e-01;9.612924e+01;6.412588e+02;1.387333e+02;7.984512e+02;4.019455e+02;1.254094e+03;1.135708e+03;2.298598e+03;2.192909e-01;3.964904e-01;3.063231e+02;1.221235e+03;8.787523e-01;4.335277e+00;2130833;2.083348e+06;2.374726e+00;5.517180e+00;5.233186e+01;6.041510e+01;1.172404e-01;-1.287504e-01;1.902150e-01;1.015330e+00;4.833807e-01;4.917892e-01;3.281008e+00;7.105826e+00;8.573734e+00;-1.762363e+01;6.769273e+00;-1.867309e+01;5.257387e+00;-2.510498e+01;1.129973e+01;-1.474574e+01;9.093337e+00;-1.067326e+01;6.411702e+00;1.828684e+00;7.189450e+00;1.487516e+00;8.264649e+00;6.444235e-02;1.005684e+01;-5.114133e+00;1.289100e+01;-6.601475e+00;7.234061e+00;-9.143485e+00;6.268082e+00;-6.540603e+00;5.260918e+00;-4.627614e+00;5.281855e-04;-9.862019e-05;4.653672e-07;-4.094005e-08;7.006697e-07;9.810444e-08;8.332254e-07;1.275737e-07;1.633275e-06;-2.385791e-07;2.639793e-04;-1.345019e-06;1.006829e-01;-4.972401e-03;6.203394e-02;-1.759104e-03;4.704877e-03;-1.387208e-04;4.706411e-03;-6.525574e-05;1.568146e-02;-1.277011e-04;2.147417e-02;-9.868901e-04;3.174366e-02;-8.324477e-04;3.877032e-02;-4.351664e-03;6.264678e-02;-1.670456e-03;7.331315e-02;3.210064e-03;1.119954e-01;2.973549e-03;1.082073e-01;-5.301631e-03;1.112582e-01;-4.805916e-03;1.445666e-01;-9.107474e-03;1.357672e-01;-7.815260e-03;1.040770e-01;1.970729e-03;1.223686e-01;-8.027375e-04;1.334066e-01;3.742977e-03;1.354332e-01;-7.820598e-04;1.489230e-01;-3.443810e-03;1.118200e-01;-2.094516e-03;9.572402e-02;-2.209765e-03;9.586225e-02;-2.445700e-03;9.811651e-02;-4.312472e-03;1.070992e-01;4.396587e-04;8.307625e-02;-2.006498e-03;5.720327e-02;-2.848762e-03;4.168400e-02;-1.249652e-03;2.704019e-02;-6.350905e-04;2.276924e-02;-2.431783e-04;5.158532e-02;4.526770e-04;6.376936e-02;-5.492757e-03;2.126306e+01;-1.449902e+00;4.849034e+01;-9.905273e-01;1.514832e+02;-1.794434e+00;3.042566e+02;1.880566e+00;5.520803e-02;1.717431e-03;8.769946e+01;-9.703183e-01;2.510775e-01;-1.822504e-03;4.442781e+05;1.439982e+03;7.637379e-01;5.864881e-03;1.685521e+01;1.686538e-01;2.458934e-02;6.457120e-04;5.236087e-02;-9.147973e-04;1.015591e-01;-3.938734e-03;1.165890e+00;-4.099588e-04;1.652834e+00;3.430293e-02;1.701986e+00;9.359918e-02;1.546189e+00;4.784039e-02;2.400372e+00;-2.072229e-01;2.819553e+00;-7.914488e-02;1.939782e+00;1.278636e-01;2.470129e+00;3.774861e-01;2.299853e+00;2.657470e-01;2.389257e+00;1.735205e-01;3.300683e+00;1.407090e-02;1.913140e+00;3.095069e-02;2.105541e+00;-7.329969e-03;1.315773e+00;-6.796397e-02
133.000000;8.019591e+01;1.924987e+02;5.177353e-02;7.973211e-01;1.046612e-01;8.496172e-02;1.133333e-01;9.278054e-02;1.630530e-01;2.035887e-01;2.522351e+01;-3.511429e+00;6.210415e-01;1.646626e+00;4.120629e-01;1.097384e+00;2.473621e-02;4.301189e-02;2.233649e-02;7.433988e-02;5.699312e-02;1.441797e-01;1.245715e-01;3.005373e-01;2.131740e-01;4.536023e-01;2.035837e-01;5.911081e-01;2.341100e-01;7.292788e-01;2.893046e-01;8.134228e-01;5.265678e-01;9.621329e-01;5.306651e-01;1.053240e+00;5.955451e-01;1.119241e+00;7.634083e-01;1.238117e+00;7.771842e-01;1.303826e+00;5.995613e-01;1.309708e+00;6.632115e-01;1.401361e+00;7.766262e-01;1.500171e+00;8.251340e-01;1.554510e+00;6.766584e-01;1.538733e+00;5.936881e-01;1.567858e+00;5.759210e-01;1.585247e+00;5.851151e-01;1.586355e+00;5.967678e-01;1.540657e+00;5.962476e-01;1.477222e+00;4.804879e-01;1.319191e+00;3.690753e-01;1.134118e+00;2.601413e-01;9.361848e-01;2.012022e-01;7.599149e-01;1.520884e-01;6.120722e-01;8.565386e-02;1.074203e-01;3.318080e-01;2.776740e-01;1.487213e+02;6.577676e+02;2.908563e+02;8.834355e+02;5.264705e+02;1.388748e+03;1.004942e+03;2.348985e+03;2.282034e-01;4.197987e-01;3.637734e+02;1.275166e+03;8.525154e-01;4.525650e+00;1.702370e+06;1.985949e+06;2.321175e+00;5.282554e+00;5.690707e+01;5.687851e+01;1.121598e-01;-1.110230e-01;2.162323e-01;1.038496e+00;4.528756e-01;3.995383e-01;3.767325e+00;6.607431e+00;7.302545e+00;-1.797111e+01;6.985769e+00;-1.685959e+01;6.710321e+00;-2.296002e+01;1.121076e+01;-1.454474e+01;9.031430e+00;-1.189687e+01;7.908496e+00;-1.593478e-02;8.927776e+00;1.944845e+00;1.034362e+01;2.737754e+00;9.544616e+00;-4.503344e+00;1.162997e+01;-5.189754e+00;7.264280e+00;-7.153339e+00;6.557683e+00;-5.837855e+00;4.745403e+00;-4.397594e+00;4.308624e-04;-2.878612e-05;4.036440e-07;2.167761e-08;8.687899e-07;-4.742099e-08;8.804059e-07;-7.392412e-09;1.304817e-06;-2.268365e-07;2.332948e-04;8.374785e-07;1.235613e-01;4.935257e-03;7.405895e-02;1.531518e-03;6.031184e-03;2.852772e-04;5.260063e-03;-1.482741e-04;1.511038e-02;-8.128249e-04;3.288417e-02;-1.946487e-04;5.764661e-02;3.030116e-05;4.941135e-02;1.246189e-04;6.792565e-02;2.660642e-03;7.658511e-02;3.771804e-03;1.500175e-01;7.902925e-03;1.376341e-01;3.783938e-03;1.183902e-01;-7.282159e-04;1.667553e-01;6.307611e-03;1.505366e-01;3.402303e-03;1.120838e-01;1.199162e-03;1.300852e-01;6.805770e-04;1.571286e-01;4.217034e-03;1.552633e-01;2.009214e-03;1.441854e-01;1.781940e-03;1.154678e-01;1.898476e-03;1.061166e-01;-6.677517e-05;1.060227e-01;1.308360e-04;1.031884e-01;1.813869e-04;1.188017e-01;1.768869e-03;9.429892e-02;6.140725e-04;7.064541e-02;-7.755282e-04;5.210611e-02;-3.275548e-04;4.019555e-02;1.291951e-04;2.820567e-02;1.301046e-04;2.913580e-02;6.123699e-04;6.195792e-02;1.616668e-03;5.078376e+01;-2.727539e-01;9.098420e+01;-3.875977e-01;1.844798e+02;-3.560156e+00;2.943706e+02;-7.651465e+00;6.301992e-02;2.757865e-03;1.160720e+02;-2.955048e+00;2.395509e-01;-1.207793e-02;4.445693e+05;-1.606985e+04;7.315243e-01;1.849373e-02;1.898651e+01;6.971403e-01;3.056118e-02;-1.329437e-03;6.839174e-02;-1.908980e-03;1.236743e-01;6.230465e-03;1.376767e+00;2.708534e-03;1.646555e+00;-8.931246e-02;1.749398e+00;-4.542186e-02;2.056923e+00;-7.588029e-02;2.241684e+00;-1.382843e-01;2.842378e+00;-1.676883e-01;2.605409e+00;-1.373620e-02;2.311616e+00;-5.958949e-03;2.735807e+00;-1.541857e-02;2.428026e+00;8.458185e-02;2.956606e+00;3.160161e-02;2.255393e+00;-6.279536e-02;2.367836e+00;-1.172879e-01;1.565638e+00;-9.422918e-02
133.500000;6.714421e+01;2.226177e+02;6.105258e-02;8.172448e-01;8.111503e-02;5.255549e-02;8.130269e-02;5.245223e-02;1.557469e-01;1.954445e-01;2.388640e+01;2.581820e-01;6.796590e-01;1.756897e+00;4.045210e-01;1.100312e+00;2.854033e-02;5.046548e-02;2.586659e-02;7.159738e-02;5.612828e-02;1.375036e-01;1.244327e-01;2.954494e-01;2.251528e-01;4.737310e-01;2.097009e-01;5.729118e-01;2.091545e-01;6.618578e-01;3.079759e-01;8.160180e-01;6.544865e-01;1.051360e+00;5.505756e-01;1.175865e+00;4.816060e-01;1.137935e+00;7.138360e-01;1.277484e+00;7.086799e-01;1.353695e+00;4.260700e-01;1.277200e+00;6.180717e-01;1.402155e+00;7.024853e-01;1.407902e+00;7.561351e-01;1.451278e+00;6.546113e-01;1.500822e+00;5.979236e-01;1.528246e+00;6.154423e-01;1.571597e+00;5.661154e-01;1.574935e+00;6.257691e-01;1.580115e+00;5.794389e-01;1.529202e+00;4.917382e-01;1.356162e+00;3.593579e-01;1.143566e+00;2.398429e-01;9.444908e-01;2.009699e-01;7.661192e-01;1.574187e-01;6.205059e-01;1.044627e-01;1.096264e-01;3.210490e-01;3.195577e-01;1.362692e+02;7.070068e+02;2.708999e+02;8.824307e+02;5.139233e+02;1.268306e+03;1.086790e+03;2.115278e+03;2.568903e-01;4.751738e-01;3.718698e+02;1.230642e+03;1.068280e+00;4.213996e+00;1.789906e+06;1.837453e+06;2.352848e+00;5.726457e+00;5.804548e+01;6.506136e+01;1.369257e-01;-1.531610e-01;2.175129e-01;1.024775e+00;5.747370e-01;5.832202e-01;3.215135e+00;6.312196e+00;7.463436e+00;-1.942786e+01;7.235482e+00;-2.036904e+01;8.086559e+00;-2.597695e+01;6.477090e+00;-1.061640e+01;6.372189e+00;-8.834362e+00;8.787023e+00;9.810794e-01;9.040501e+00;1.281559e+00;1.086795e+01;7.006494e-01;8.608707e+00;-7.789601e+00;8.703234e+00;-1.191673e+01;7.459485e+00;-1.044631e+01;9.216093e+00;-6.542729e+00;5.999172e+00;-5.514153e+00;2.051819e-04;1.971179e-06;3.681938e-07;-1.521890e-09;6.863449e-07;-9.960220e-08;6.528554e-07;-6.893838e-08;1.282338e-06;-9.141962e-08;2.005757e-04;-1.039956e-06;1.445573e-01;-1.146641e-02;8.572746e-02;-6.487635e-03;6.512123e-03;-5.068217e-04;5.484762e-03;7.535903e-04;1.501177e-02;-2.513561e-04;3.113955e-02;3.338097e-04;5.956117e-02;-5.645142e-04;5.250065e-02;-1.084815e-03;5.754466e-02;-3.914570e-03;8.978654e-02;-5.935133e-03;1.545074e-01;-8.756643e-03;1.557523e-01;-7.500011e-03;1.084531e-01;-3.358336e-03;1.620883e-01;-4.161822e-03;1.681054e-01;-7.295720e-03;1.121512e-01;-8.577816e-03;1.396633e-01;-1.180636e-02;1.728107e-01;-1.855225e-02;1.687478e-01;-1.347370e-02;1.520871e-01;-8.756734e-03;1.416354e-01;-8.738066e-03;1.373061e-01;-7.968562e-03;1.260913e-01;-7.937110e-03;1.241532e-01;-9.579698e-03;1.238941e-01;-1.208072e-02;9.775546e-02;-7.320460e-03;7.688522e-02;-5.065308e-03;5.181482e-02;-3.288910e-03;4.533019e-02;-2.022506e-03;3.100055e-02;-1.021227e-03;3.743302e-02;-1.474135e-03;7.956638e-02;-1.902117e-03;5.013902e+01;2.871094e-02;8.392767e+01;5.024414e-01;1.470538e+02;2.440430e+00;2.851245e+02;1.406836e+01;7.210705e-02;-3.466693e-03;1.069636e+02;5.081493e+00;2.410845e-01;1.796761e-02;4.334180e+05;3.670436e+04;7.632183e-01;-2.084817e-02;2.022988e+01;-5.365980e-01;3.261324e-02;1.779524e-03;6.345491e-02;3.374195e-03;1.346695e-01;-7.199962e-03;1.164417e+00;-2.155850e-02;1.569962e+00;1.307017e-01;1.913846e+00;-3.625819e-02;2.110935e+00;1.194362e-02;1.755856e+00;1.314198e-01;1.873750e+00;2.225037e-01;2.738168e+00;-1.190722e-01;2.513600e+00;-2.580296e-01;2.531324e+00;-1.142639e-01;2.567910e+00;-6.774256e-02;3.067007e+00;-4.457562e-02;2.711476e+00;2.251721e-03;2.941290e+00;-6.823448e-03;2.172698e+00;-3.117667e-02
134.000000;5.214537e+01;2.495642e+02;6.330041e-02;8.167943e-01;6.860016e-02;7.052667e-02;5.595871e-02;5.147397e-02;1.128404e-01;2.063274e-01;1.640956e+01;2.901991e+00;6.964267e-01;1.664527e+00;4.168488e-01;1.121700e+00;3.128576e-02;4.661789e-02;3.413070e-02;7.954649e-02;5.006662e-02;1.348156e-01;9.381634e-02;2.893401e-01;1.555699e-01;4.562945e-01;1.657644e-01;5.832687e-01;2.303232e-01;7.034906e-01;2.760648e-01;8.499186e-01;7.275198e-01;1.104741e+00;7.260489e-01;1.146543e+00;5.016242e-01;1.111975e+00;7.003902e-01;1.251714e+00;7.575175e-01;1.315385e+00;6.426743e-01;1.319070e+00;6.403995e-01;1.390257e+00;7.032236e-01;1.509743e+00;7.687286e-01;1.598013e+00;6.593811e-01;1.595441e+00;6.064662e-01;1.582934e+00;6.438680e-01;1.624214e+00;6.162615e-01;1.628308e+00;6.435829e-01;1.613777e+00;5.893907e-01;1.521015e+00;4.904163e-01;1.354350e+00;3.650565e-01;1.145991e+00;2.444834e-01;9.418657e-01;1.966374e-01;7.653793e-01;1.714648e-01;6.263611e-01;8.546773e-02;7.063085e-02;3.217680e-01;2.875511e-01;1.055082e+02;7.233721e+02;3.636923e+02;9.760283e+02;6.805701e+02;1.450477e+03;1.290748e+03;2.510484e+03;2.524786e-01;4.117292e-01;4.497729e+02;1.378755e+03;1.196001e+00;4.371085e+00;1.930476e+06;2260683;2.455056e+00;5.190214e+00;5.594300e+01;5.665126e+01;1.472421e-01;-1.425507e-01;2.505292e-01;1.109699e+00;6.085023e-01;5.652130e-01;4.435796e+00;4.030007e+00;7.282072e+00;-2.033898e+01;7.106450e+00;-1.999591e+01;6.607718e+00;-2.714934e+01;7.238325e+00;-1.232889e+01;5.828689e+00;-7.935277e+00;7.516235e+00;2.509136e+00;8.452035e+00;2.471920e-01;5.298081e+00;-4.363198e+00;6.626397e+00;-8.912693e+00;1.127393e+01;-1.069187e+01;8.542644e+00;-1.261384e+01;8.179166e+00;-9.719657e+00;7.737966e+00;-6.720865e+00;2.472055e-04;-1.756521e-05;3.228133e-07;1.119696e-08;5.275888e-07;-3.955040e-08;5.003902e-07;-4.241570e-08;9.997743e-07;-4.196503e-08;1.608735e-04;3.473097e-06;1.332164e-01;2.974403e-03;8.848287e-02;5.114107e-03;5.704570e-03;2.212687e-04;4.498694e-03;-8.301840e-05;1.352903e-02;1.074650e-03;2.085890e-02;1.552052e-03;3.739168e-02;2.308340e-03;4.365149e-02;6.421799e-04;6.410500e-02;2.077503e-03;8.082538e-02;-5.570605e-04;1.479760e-01;1.123954e-02;1.721773e-01;1.605478e-02;1.015460e-01;7.818491e-04;1.366630e-01;-7.282014e-03;1.720064e-01;2.945083e-03;1.677568e-01;1.614726e-02;1.471042e-01;1.033627e-02;1.818417e-01;5.721589e-03;1.792438e-01;8.953601e-03;1.577350e-01;6.701888e-03;1.433193e-01;4.370733e-03;1.458119e-01;4.878194e-03;1.371831e-01;8.894897e-03;1.330611e-01;1.035995e-02;1.289895e-01;8.878778e-03;1.016218e-01;8.974540e-03;7.640512e-02;5.968389e-03;5.087560e-02;1.707398e-03;4.321673e-02;9.314170e-05;3.454941e-02;1.432287e-04;2.956801e-02;-6.566814e-04;7.458068e-02;-8.301186e-04;2.920373e+01;4.306640e-02;7.468752e+01;-3.158203e-01;1.005015e+02;-1.650879e+00;2.326223e+02;-7.220801e+00;6.294432e-02;-3.486397e-03;6.396213e+01;-1.227905e+00;2.014343e-01;-1.006590e-02;4.296282e+05;-6.769399e+03;6.536801e-01;-2.952117e-02;1.715910e+01;-1.060730e+00;2.867115e-02;-1.328633e-03;3.825708e-02;-8.021530e-04;1.200230e-01;5.622806e-03;8.420009e-01;-3.533718e-02;1.922302e+00;3.592197e-03;1.945175e+00;1.277610e-01;1.704110e+00;-2.466641e-02;2.043864e+00;1.152566e-01;1.791086e+00;-9.492941e-02;2.470700e+00;9.976057e-02;2.823537e+00;2.662521e-01;1.966710e+00;9.932398e-02;2.451292e+00;-1.248974e-01;2.930313e+00;-2.092366e-01;2.577262e+00;-9.366995e-02;2.535209e+00;8.372790e-02;2.456496e+00;1.336106e-01
134.500000;4.855570e+01;2.403150e+02;7.001758e-02;8.211492e-01;6.571862e-02;6.223968e-02;4.579061e-02;4.204911e-02;1.288198e-01;1.980841e-01;1.711620e+01;3.693318e+00;5.210065e-01;1.586174e+00;3.022185e-01;1.061311e+00;2.796801e-02;4.505628e-02;3.768953e-02;7.568153e-02;7.132079e-02;1.437152e-01;9.287836e-02;3.077623e-01;1.437008e-01;4.681098e-01;1.374139e-01;6.235189e-01;2.387502e-01;8.239770e-01;2.139241e-01;8.522369e-01;6.291727e-01;9.991872e-01;6.908356e-01;1.057748e+00;4.115227e-01;1.107486e+00;3.683925e-01;1.110292e+00;5.080198e-01;1.190586e+00;6.590855e-01;1.306408e+00;4.827009e-01;1.314072e+00;5.261285e-01;1.410932e+00;5.791989e-01;1.437919e+00;4.543234e-01;1.446467e+00;4.437227e-01;1.480025e+00;4.819562e-01;1.503516e+00;5.041485e-01;1.529321e+00;4.924366e-01;1.472462e+00;4.313738e-01;1.379477e+00;3.813561e-01;1.259829e+00;3.004676e-01;1.097468e+00;2.233585e-01;9.099956e-01;1.822077e-01;7.525285e-01;1.580049e-01;6.090384e-01;2.199407e-01;1.565238e-01;1.360438e-01;1.706360e-01;1.206222e+02;6.637969e+02;3.877168e+02;9.397090e+02;7.167794e+02;1.447031e+03;1.372613e+03;2.581831e+03;1.666028e-01;3.208976e-01;5.099904e+02;1.339267e+03;1.291419e+00;4.406590e+00;1.952790e+06;2.245606e+06;3.700682e+00;5.880760e+00;9.705402e+01;8.042293e+01;1.317163e-01;-1.269867e-01;2.933969e-01;1.075369e+00;5.561504e-01;5.125376e-01;6.624772e+00;6.266473e+00;6.075258e+00;-1.744047e+01;7.275833e+00;-1.843735e+01;7.968232e+00;-2.647740e+01;7.590040e+00;-1.622129e+01;5.658191e+00;-1.147118e+01;8.473130e+00;-4.862946e-01;9.161131e+00;-1.083264e+00;5.682524e+00;-3.948814e+00;6.542341e+00;-9.348966e+00;1.287141e+01;-9.021015e+00;1.172843e+01;-1.166649e+01;7.247126e+00;-9.642627e+00;6.883695e+00;-7.588398e+00;1.690921e-04;-5.259706e-06;3.309504e-07;2.982823e-08;4.346825e-07;-7.624853e-08;3.643815e-07;-7.831122e-08;9.825327e-07;-7.933110e-08;1.612352e-04;5.062375e-06;9.333837e-02;5.886422e-03;5.814312e-02;1.922791e-03;4.446953e-03;4.628472e-04;4.071697e-03;-8.682288e-04;1.691993e-02;5.109174e-04;2.005506e-02;1.355558e-04;2.948961e-02;7.675842e-04;3.553190e-02;3.955530e-03;5.931329e-02;6.622967e-03;4.719378e-02;6.163551e-03;1.217291e-01;1.401939e-03;1.427592e-01;2.655651e-03;8.010933e-02;4.106625e-03;8.650006e-02;4.341007e-04;1.172836e-01;1.566662e-03;1.602602e-01;5.010189e-03;1.027208e-01;2.343664e-03;1.307089e-01;6.797765e-04;1.331633e-01;1.616590e-03;1.004536e-01;2.197369e-03;9.507752e-02;5.349984e-04;9.515844e-02;6.918494e-04;1.018515e-01;1.146105e-03;9.211739e-02;2.166680e-03;8.694827e-02;1.527455e-03;7.621925e-02;9.589998e-04;5.545085e-02;7.689545e-04;4.436831e-02;7.506472e-04;3.618925e-02;9.677788e-04;3.234794e-02;3.104060e-04;2.530213e-02;9.214777e-03;3.291745e-02;2.147555e-04;2.946572e+01;-1.693945e+00;7.524944e+01;-3.761133e+00;1.033553e+02;-7.105957e+00;2.377049e+02;-2.200693e+01;4.217291e-02;2.561356e-04;6.492865e+01;-9.248063e+00;1.957486e-01;-2.736371e-02;3.971792e+05;-4.043529e+04;6.187867e-01;1.433385e-01;1.705969e+01;4.371595e+00;2.345878e-02;-1.431152e-03;3.803410e-02;-6.154390e-03;1.057593e-01;6.629092e-03;8.619393e-01;1.617704e-01;1.816714e+00;6.084529e-02;1.910111e+00;-5.958053e-02;2.092899e+00;-4.052461e-02;1.850104e+00;-1.646638e-01;1.831580e+00;-2.078112e-01;2.352082e+00;-1.929231e-01;2.455515e+00;-2.350091e-02;1.874009e+00;5.178851e-02;2.160107e+00;2.460462e-02;2.439322e+00;8.835247e-02;2.207080e+00;1.039021e-01;1.745173e+00;1.971183e-01;1.955778e+00;5.889048e-02
135.000000;5.991823e+01;2.106633e+02;7.286149e-02;8.315078e-01;3.968054e-02;2.363019e-02;4.021458e-02;2.080834e-02;1.327559e-01;1.563580e-01;2.522058e+01;1.894893e+00;4.649916e-01;1.659138e+00;2.500623e-01;1.032474e+00;2.436523e-02;5.029782e-02;4.216013e-02;6.873268e-02;7.035280e-02;1.419627e-01;9.617015e-02;2.944152e-01;1.371002e-01;4.459987e-01;1.898155e-01;6.101342e-01;2.912256e-01;7.497287e-01;3.597177e-01;8.447530e-01;5.877046e-01;9.718966e-01;4.972338e-01;9.800901e-01;4.210365e-01;1.023127e+00;3.811018e-01;1.072899e+00;4.527873e-01;1.179507e+00;4.538557e-01;1.186317e+00;4.745076e-01;1.269581e+00;5.306811e-01;1.357530e+00;4.639415e-01;1.361779e+00;3.503715e-01;1.385269e+00;4.122490e-01;1.466823e+00;3.892053e-01;1.494538e+00;4.079886e-01;1.503231e+00;4.436583e-01;1.480243e+00;3.829463e-01;1.396475e+00;3.421296e-01;1.261627e+00;2.714689e-01;1.093228e+00;2.113504e-01;9.147181e-01;1.732278e-01;7.532428e-01;1.376860e-01;6.052070e-01;2.450341e-01;2.420111e-01;1.383929e-01;1.732303e-01;8.946625e+01;6.152754e+02;2.766428e+02;7.921348e+02;8.342686e+02;1.395782e+03;1.733674e+03;2.432821e+03;1.541003e-01;3.298691e-01;5.778933e+02;1.219113e+03;1.335961e+00;4.115102e+00;2637815;2.084295e+06;4.851418e+00;7.110476e+00;1.400300e+02;1.179770e+02;1.153044e-01;-1.409524e-01;3.454970e-01;1.003454e+00;4.908334e-01;5.747861e-01;6.592929e+00;8.864213e+00;6.637342e+00;-1.514983e+01;7.809114e+00;-1.793643e+01;8.042059e+00;-2.733070e+01;8.717414e+00;-1.867648e+01;8.366791e+00;-1.534863e+01;8.273627e+00;-3.889740e+00;7.716913e+00;-1.669243e+00;7.155515e+00;-2.892734e+00;7.672109e+00;-9.671962e+00;1.170998e+01;-1.121517e+01;1.179314e+01;-1.280612e+01;8.906234e+00;-1.045136e+01;5.301926e+00;-8.205686e+00;5.875379e-05;-7.470617e-06;3.906711e-07;-2.779901e-09;3.042246e-07;4.269047e-08;2.280184e-07;3.435806e-08;1.156709e-06;2.356723e-08;2.250357e-04;8.222245e-07;8.069565e-02;-2.767241e-03;4.192323e-02;-2.686068e-03;4.104276e-03;-1.216909e-05;6.259495e-03;-2.355756e-05;1.591260e-02;-3.576355e-04;2.251367e-02;-9.002098e-04;3.065268e-02;-1.638540e-03;3.979571e-02;2.029838e-03;5.672094e-02;2.671057e-04;8.278674e-02;1.461859e-02;1.218814e-01;6.332452e-04;8.801015e-02;-1.265141e-02;7.610280e-02;2.514598e-03;8.895566e-02;7.543165e-03;9.670188e-02;2.151191e-03;9.460953e-02;-1.288578e-02;1.061547e-01;-1.004785e-02;1.189746e-01;-4.808917e-03;1.021041e-01;-6.670428e-03;7.425024e-02;-5.016949e-03;8.910477e-02;-2.305691e-03;7.910565e-02;-2.113919e-03;7.842757e-02;-6.303207e-03;7.048818e-02;-8.768951e-03;6.314912e-02;-8.848543e-03;5.144902e-02;-8.796444e-03;4.142730e-02;-4.758003e-03;3.407872e-02;-1.698391e-03;2.889976e-02;-7.486701e-04;2.437160e-02;-2.759592e-04;5.035328e-02;7.914150e-03;3.348467e-02;-2.293412e-04;2.480337e+01;-6.747071e-01;9.707937e+01;-6.747071e-01;1.913584e+02;-7.608398e-01;3.342358e+02;-2.871094e-02;3.957933e-02;3.441530e-04;1.265381e+02;-1.200305e+00;2.727886e-01;-8.507940e-04;5.273119e+05;-1.427456e+03;1.024121e+00;9.164345e-02;3.101790e+01;3.554360e+00;2.115881e-02;-4.790086e-06;7.466428e-02;-8.052067e-04;9.744972e-02;6.886714e-04;1.225680e+00;6.666061e-02;1.531963e+00;3.829655e-02;1.763539e+00;-7.625892e-02;2.213119e+00;-7.783344e-02;1.964366e+00;-1.979137e-01;1.958650e+00;8.312719e-02;2.055435e+00;-7.395280e-02;1.891112e+00;-2.061909e-01;1.852606e+00;-1.881198e-02;2.210614e+00;1.913041e-01;2.625828e+00;2.711070e-01;2.516494e+00;6.793919e-02;1.975507e+00;-2.207609e-01;1.608143e+00;-1.663595e-01
135.500000;6.644890e+01;1.962936e+02;7.572515e-02;8.235857e-01;4.112311e-02;2.640961e-02;4.493519e-02;2.629087e-02;1.519063e-01;1.696750e-01;2.911777e+01;-1.374960e+00;4.216057e-01;1.580396e+00;2.335811e-01;1.060092e+00;2.707349e-02;4.977849e-02;4.286235e-02;7.219073e-02;4.065232e-02;1.353560e-01;8.009114e-02;2.911225e-01;1.125089e-01;4.364129e-01;1.758170e-01;5.665619e-01;2.121122e-01;6.461096e-01;5.250420e-01;8.927281e-01;6.122766e-01;1.077846e+00;3.522351e-01;9.875779e-01;4.336414e-01;9.919764e-01;4.788193e-01;1.099371e+00;3.935638e-01;1.201539e+00;3.508228e-01;1.240695e+00;4.320747e-01;1.294782e+00;5.068026e-01;1.387515e+00;4.627622e-01;1.444395e+00;3.792378e-01;1.477553e+00;3.659180e-01;1.495046e+00;3.426216e-01;1.544463e+00;3.714295e-01;1.549690e+00;3.310675e-01;1.527192e+00;3.096123e-01;1.458223e+00;3.094756e-01;1.324566e+00;2.663392e-01;1.148061e+00;2.139464e-01;9.518454e-01;1.785770e-01;7.719637e-01;1.435567e-01;6.197916e-01;3.008011e-01;2.312554e-01;8.221968e-02;1.212968e-01;7.529974e+01;6.271904e+02;2.866762e+02;7.868232e+02;8.791093e+02;1.347979e+03;1.769424e+03;2.390903e+03;1.444115e-01;3.264307e-01;5.862827e+02;1.225567e+03;1.470918e+00;3.960009e+00;2.613822e+06;2.240156e+06;4.644705e+00;7.265161e+00;1.341611e+02;1.192500e+02;1.322645e-01;-1.463703e-01;3.489413e-01;1.008426e+00;5.639688e-01;6.007617e-01;5.896076e+00;7.620369e+00;6.472272e+00;-1.472635e+01;6.309708e+00;-1.728165e+01;8.122476e+00;-2.841423e+01;6.641677e+00;-2.031573e+01;7.553185e+00;-1.670599e+01;8.341390e+00;-3.286533e+00;6.304856e+00;8.143528e-01;7.716824e+00;5.675141e-01;7.646299e+00;-7.512990e+00;8.852389e+00;-1.295858e+01;9.164455e+00;-1.756749e+01;7.647165e+00;-1.454015e+01;5.065654e+00;-9.273844e+00;5.333541e-05;-4.115090e-06;4.445122e-07;1.003718e-08;3.201940e-07;4.557842e-08;2.876034e-07;4.807334e-08;1.209069e-06;-4.417465e-08;2.735226e-04;-8.640986e-07;8.993106e-02;7.257554e-03;5.155956e-02;4.240982e-03;5.469120e-03;1.399199e-04;7.157701e-03;5.215423e-05;1.229473e-02;-9.490040e-05;2.300582e-02;9.804268e-04;3.173843e-02;1.912639e-03;3.582344e-02;-1.734992e-03;4.841550e-02;-2.144014e-03;1.035693e-01;-2.476898e-03;1.427293e-01;4.906659e-03;8.575930e-02;5.886153e-03;1.036750e-01;4.322684e-03;1.157073e-01;3.434313e-03;9.618356e-02;1.691014e-03;8.509610e-02;1.168911e-03;1.223577e-01;7.252742e-03;1.298995e-01;1.250337e-02;1.185242e-01;7.319118e-03;1.027465e-01;1.137038e-02;1.078739e-01;1.165667e-02;8.945830e-02;8.819762e-03;8.781529e-02;1.066765e-02;8.134902e-02;3.771999e-03;7.254741e-02;5.507123e-03;7.053683e-02;4.716652e-03;5.444385e-02;4.934631e-03;4.099757e-02;2.008745e-03;3.119366e-02;1.139815e-03;2.590655e-02;7.448724e-04;6.715776e-02;-7.759415e-03;2.334240e-02;1.399725e-03;2.336291e+01;1.837500e+00;1.027034e+02;2.153320e+00;2.072068e+02;1.923633e+00;3.677513e+02;7.364356e+00;4.373600e-02;1.175811e-03;1.350055e+02;2.936620e+00;3.130502e-01;4.984074e-03;5.496329e+05;2.138536e+03;1.072323e+00;-1.198318e-01;3.352523e+01;-3.782841e+00;2.811074e-02;-7.873677e-04;7.921363e-02;2.080200e-03;1.240927e-01;3.673401e-03;1.257332e+00;-1.052185e-01;1.696095e+00;-1.334738e-01;1.674023e+00;1.701513e-01;1.975524e+00;-6.436616e-03;2.445237e+00;-4.433078e-02;2.113863e+00;4.876992e-02;2.318956e+00;2.678165e-01;1.899091e+00;1.652188e-01;2.164435e+00;-6.587691e-03;2.397667e+00;-2.445438e-01;2.345246e+00;-2.875047e-01;2.674442e+00;-1.501528e-01;2.047031e+00;-2.204936e-01;1.812893e+00;-3.373073e-02
136.000000;1.034757e+02;1.933014e+02;8.352227e-02;8.091827e-01;3.782025e-02;2.319771e-02;4.504843e-02;2.284099e-02;1.435395e-01;1.530470e-01;3.916260e+01;-1.019067e+01;4.994818e-01;1.610297e+00;2.573231e-01;1.029384e+00;2.727539e-02;4.699270e-02;5.071009e-02;8.227891e-02;4.702918e-02;1.412771e-01;7.617778e-02;2.689550e-01;1.127848e-01;4.119182e-01;1.838564e-01;5.726222e-01;2.525941e-01;7.022675e-01;4.653601e-01;8.106322e-01;5.470156e-01;9.027896e-01;3.597170e-01;9.357713e-01;4.224229e-01;1.040046e+00;4.970157e-01;1.114358e+00;4.169386e-01;1.137748e+00;3.627079e-01;1.220741e+00;3.927450e-01;1.294258e+00;4.513812e-01;1.364140e+00;5.105892e-01;1.448556e+00;4.301220e-01;1.451881e+00;3.768696e-01;1.458243e+00;3.525919e-01;1.477259e+00;3.961779e-01;1.492145e+00;3.326444e-01;1.476699e+00;3.087186e-01;1.389190e+00;2.966338e-01;1.261722e+00;2.697118e-01;1.105110e+00;2.120092e-01;9.183939e-01;1.636336e-01;7.531917e-01;1.297830e-01;6.140729e-01;2.747490e-01;2.082054e-01;1.107982e-01;1.488786e-01;1.203166e+02;6.398232e+02;4.145146e+02;9.018105e+02;1.074256e+03;1.598625e+03;1.956062e+03;2.776635e+03;1.772140e-01;3.347814e-01;7.222715e+02;1.391413e+03;1.477599e+00;4.296672e+00;3.345806e+06;2.831891e+06;3.333113e+00;5.670662e+00;8.309576e+01;7.392763e+01;1.300873e-01;-1.349081e-01;4.470003e-01;1.110209e+00;5.551311e-01;5.359506e-01;4.973628e+00;5.909224e+00;5.988518e+00;-1.623875e+01;6.980727e+00;-1.473330e+01;9.501085e+00;-2.591554e+01;8.414045e+00;-1.997505e+01;7.026217e+00;-1.726971e+01;7.557097e+00;-2.264811e+00;6.970342e+00;1.805917e+00;6.673289e+00;-4.559568e-02;7.331140e+00;-6.945125e+00;1.028176e+01;-8.954890e+00;9.516303e+00;-1.327139e+01;7.843926e+00;-1.048537e+01;5.169455e+00;-6.579507e+00;2.527560e-05;3.090317e-06;4.379595e-07;-2.157136e-08;1.530298e-07;6.285574e-09;2.589256e-07;-9.930564e-09;9.716306e-07;-5.454249e-08;3.087482e-04;-6.117018e-06;9.298117e-02;-8.259990e-03;4.833380e-02;-3.996663e-03;4.854673e-03;-7.086949e-04;7.086061e-03;4.511212e-04;1.393314e-02;-1.427288e-04;1.728844e-02;-1.143739e-03;2.476378e-02;-1.512197e-03;3.129675e-02;-2.671686e-03;4.228308e-02;-2.685175e-03;6.959017e-02;-1.739489e-02;9.743757e-02;-2.057376e-02;7.865090e-02;-5.686385e-03;1.102447e-01;1.493222e-03;1.201435e-01;-5.890714e-03;1.013633e-01;-8.894882e-03;9.200191e-02;-2.009569e-03;9.720864e-02;1.126324e-04;9.362363e-02;-5.022904e-03;1.071090e-01;-5.921456e-03;1.024067e-01;-3.753465e-03;1.015863e-01;-4.958428e-03;8.114846e-02;-4.530453e-03;7.912797e-02;-5.217179e-03;8.552646e-02;-3.417676e-03;7.011508e-02;-2.010061e-03;6.932646e-02;-1.005292e-03;6.223682e-02;-4.214062e-04;4.198573e-02;-5.963388e-04;3.131924e-02;-1.083158e-04;2.695086e-02;4.961665e-05;5.326137e-02;-8.135654e-03;3.356361e-02;-1.253364e-03;3.538467e+01;4.306640e-02;1.004007e+02;2.009766e+00;1.944541e+02;5.914453e+00;3.432773e+02;1.429805e+01;5.485522e-02;-2.227868e-03;1.211834e+02;6.307217e+00;2.553632e-01;2.831794e-02;5.365827e+05;2.820500e+04;5.914059e-01;-1.171340e-01;1.762644e+01;-4.165811e+00;2.569783e-02;3.368885e-03;7.456648e-02;3.879035e-03;1.101964e-01;-1.467979e-02;9.827632e-01;-7.441058e-02;1.660244e+00;4.096190e-02;1.613859e+00;3.453232e-02;1.913608e+00;2.148984e-01;2.526295e+00;1.426138e-01;2.116383e+00;2.838396e-02;2.137545e+00;-3.231220e-02;1.910639e+00;-8.160294e-02;2.003561e+00;-7.691023e-02;2.341678e+00;-8.609556e-02;2.184540e+00;1.943683e-02;2.022386e+00;3.120524e-01;1.700981e+00;4.199848e-01;1.539954e+00;1.785495e-01
136.500000;1.449091e+02;1.752627e+02;9.791577e-02;7.737943e-01;8.970726e-02;4.262549e-02;5.560907e-02;2.529812e-02;1.721853e-01;1.254762e-01;4.828154e+01;-2.981533e+01;5.317872e-01;1.453766e+00;2.866235e-01;1.042100e+00;2.520772e-02;3.605158e-02;5.363891e-02;1.024528e-01;4.682054e-02;1.400566e-01;7.939997e-02;2.745297e-01;1.738758e-01;4.550953e-01;1.764002e-01;5.836873e-01;2.745265e-01;6.972656e-01;2.541360e-01;7.195839e-01;5.197492e-01;8.724502e-01;7.292222e-01;1.115703e+00;4.852697e-01;1.128838e+00;5.401651e-01;1.224320e+00;4.183284e-01;1.122629e+00;4.707789e-01;1.257345e+00;4.663755e-01;1.336015e+00;4.957854e-01;1.383135e+00;5.854437e-01;1.423704e+00;5.024862e-01;1.409704e+00;5.280926e-01;1.496653e+00;4.919216e-01;1.480601e+00;5.069316e-01;1.510354e+00;4.128426e-01;1.463660e+00;3.719153e-01;1.384993e+00;3.608828e-01;1.263333e+00;2.926985e-01;1.088112e+00;2.313486e-01;9.103988e-01;1.834631e-01;7.448851e-01;1.429634e-01;6.075575e-01;1.159910e-01;9.390219e-02;1.562956e-01;1.675059e-01;2.562787e+02;7.423213e+02;5.630950e+02;1.127048e+03;1.140986e+03;1.994549e+03;1.917839e+03;3.353294e+03;1.624201e-01;2.938661e-01;7.668657e+02;1.667025e+03;1.371589e+00;4.944874e+00;3.252794e+06;3.469790e+06;3.207977e+00;4.830405e+00;8.142232e+01;5.826036e+01;1.095861e-01;-8.719530e-02;4.654681e-01;1.275532e+00;4.896397e-01;3.399681e-01;5.812045e+00;4.233436e+00;6.642249e+00;-1.617324e+01;9.020012e+00;-1.436527e+01;8.028552e+00;-2.142270e+01;1.041015e+01;-1.423715e+01;9.668623e+00;-1.325023e+01;6.916357e+00;-1.798695e+00;6.554360e+00;-3.843232e-01;6.942815e+00;-6.152566e+00;1.162996e+01;-1.213336e+01;1.203442e+01;-8.247440e+00;5.565216e+00;-5.232509e+00;6.345462e+00;-3.321549e+00;4.628024e+00;-3.995015e+00;2.530492e-04;-4.817539e-05;4.778302e-07;2.474055e-09;3.822064e-07;-2.042517e-08;3.081695e-07;-3.500610e-08;8.456349e-07;7.373137e-08;3.280391e-04;-4.415668e-07;8.843555e-02;2.551711e-03;5.584092e-02;2.183382e-03;3.367562e-03;1.841171e-04;7.754574e-03;4.056435e-05;1.434551e-02;3.174323e-04;1.771991e-02;-5.671837e-04;3.492600e-02;5.667268e-04;3.653242e-02;7.030680e-04;5.672409e-02;4.690528e-04;6.219504e-02;6.593401e-03;9.167610e-02;3.035618e-04;1.261588e-01;7.273004e-03;1.116399e-01;3.416872e-03;1.191309e-01;9.249442e-03;1.266927e-01;6.114889e-03;1.130488e-01;5.677069e-03;8.953355e-02;6.502820e-03;8.778199e-02;1.896225e-03;1.208796e-01;3.746949e-03;1.081237e-01;-2.310443e-03;1.121380e-01;2.750283e-03;1.098288e-01;2.656929e-03;1.012315e-01;-4.290419e-03;9.089576e-02;3.291849e-03;8.038518e-02;1.602937e-03;7.627191e-02;1.421769e-03;6.459028e-02;-1.324232e-04;4.136444e-02;4.110774e-04;3.526992e-02;-2.864271e-04;2.666121e-02;-6.105387e-04;1.656517e-02;-3.997365e-04;3.567942e-02;4.078228e-03;5.559942e+01;1.579102e+00;1.346478e+02;1.320703e+00;2.445652e+02;1.507324e+00;3.999857e+02;-4.091309e+00;4.855896e-02;1.380407e-03;1.561778e+02;8.872101e-01;2.250152e-01;-1.590553e-04;6.022002e+05;-2.170162e+03;5.356463e-01;2.428183e-02;1.283178e+01;7.924359e-01;1.488479e-02;-1.261613e-03;9.464572e-02;8.798708e-04;6.376664e-02;5.695869e-03;1.249352e+00;1.434523e-02;1.685122e+00;-1.001011e-01;1.984749e+00;-1.426677e-01;2.091459e+00;4.329345e-02;2.321743e+00;2.358971e-01;2.199818e+00;1.449645e-01;1.779776e+00;1.261875e-02;1.858648e+00;-1.476967e-01;1.941213e+00;-1.654937e-01;2.435462e+00;-5.652430e-02;2.563453e+00;6.806512e-02;1.642084e+00;1.216242e-01;1.785267e+00;1.060300e-01;1.317068e+00;-8.324057e-02
137.000000;1.285280e+02;1.803059e+02;1.001360e-01;7.869352e-01;8.592001e-02;3.933020e-02;4.407395e-02;2.291050e-02;1.966424e-01;1.392112e-01;4.725054e+01;-2.413124e+01;4.348214e-01;1.516250e+00;2.312128e-01;1.122404e+00;2.613492e-02;4.118828e-02;4.498476e-02;9.007937e-02;4.143143e-02;1.375749e-01;7.336058e-02;3.111191e-01;1.606759e-01;4.975025e-01;1.765327e-01;6.499816e-01;3.182758e-01;8.411316e-01;2.870810e-01;9.087404e-01;5.339609e-01;1.054226e+00;7.517357e-01;1.203619e+00;4.851847e-01;1.169347e+00;5.344244e-01;1.270069e+00;3.439524e-01;1.253292e+00;4.250073e-01;1.379520e+00;4.322763e-01;1.437482e+00;4.915552e-01;1.475602e+00;5.526667e-01;1.524082e+00;4.440750e-01;1.503130e+00;5.096179e-01;1.597337e+00;4.646301e-01;1.597117e+00;4.173117e-01;1.614742e+00;3.659440e-01;1.535915e+00;3.308224e-01;1.446278e+00;3.362145e-01;1.319462e+00;2.840017e-01;1.128519e+00;2.155030e-01;9.474925e-01;1.756076e-01;7.664695e-01;1.424180e-01;6.127556e-01;1.259305e-01;9.875543e-02;1.857119e-01;2.008992e-01;2.618817e+02;7.581123e+02;5.360473e+02;1.055558e+03;9.223866e+02;1.692510e+03;1.442911e+03;2.652316e+03;1.522765e-01;3.359739e-01;6.215228e+02;1.459720e+03;1.405477e+00;4.561862e+00;1.714789e+06;2.309396e+06;3.326611e+00;5.767480e+00;8.779957e+01;7.838592e+01;1.243303e-01;-1.073048e-01;3.605874e-01;1.146340e+00;5.617844e-01;4.322022e-01;5.788507e+00;5.701011e+00;7.079941e+00;-1.750958e+01;9.517595e+00;-1.624420e+01;8.302663e+00;-2.117942e+01;8.778901e+00;-1.148810e+01;1.344471e+01;-1.223131e+01;1.115009e+01;-3.865730e+00;7.111249e+00;-3.290305e+00;9.044869e+00;-7.196152e+00;1.093816e+01;-1.406233e+01;1.148390e+01;-9.550785e+00;7.217996e+00;-5.591970e+00;7.457924e+00;-4.283775e+00;6.483294e+00;-6.643733e+00;2.542803e-04;-5.591183e-05;5.021128e-07;1.967550e-08;4.004422e-07;-2.126053e-08;2.801460e-07;-1.297557e-08;1.317925e-06;-8.742527e-10;2.787888e-04;4.440564e-06;1.027175e-01;1.149775e-02;6.229055e-02;3.777360e-03;4.888656e-03;7.364618e-04;6.959892e-03;-3.733939e-04;1.461659e-02;-1.083913e-05;2.050313e-02;4.747558e-04;3.636302e-02;5.980376e-04;4.498786e-02;-1.730768e-03;8.262847e-02;-1.696001e-03;8.691665e-02;5.381993e-03;1.345490e-01;2.068291e-02;1.505612e-01;1.096276e-02;1.107402e-01;-3.775985e-03;1.213484e-01;-1.760694e-03;1.293580e-01;5.450083e-03;1.117868e-01;1.633462e-03;1.031884e-01;2.616108e-03;1.208918e-01;7.911164e-04;1.495401e-01;3.769067e-03;1.198914e-01;7.647551e-03;1.341001e-01;5.904985e-03;1.252113e-01;7.863983e-03;1.088707e-01;8.538418e-03;9.719894e-02;7.748663e-03;8.550963e-02;5.664876e-03;8.087941e-02;3.985216e-03;6.290039e-02;2.966102e-03;4.088445e-02;2.499387e-03;3.531344e-02;1.074802e-03;2.623724e-02;9.313799e-04;2.910564e-02;1.374968e-03;4.300290e-02;1.432491e-03;5.423741e+01;3.875977e-01;1.318781e+02;-1.650879e+00;2.428512e+02;-5.483789e+00;3.381999e+02;-1.445596e+01;5.416965e-02;3.236176e-03;1.471652e+02;-5.394263e+00;2.575759e-01;-2.759062e-02;4.301299e+05;-2.655616e+04;6.458550e-01;3.015802e-02;1.717461e+01;7.587344e-01;2.269252e-02;-3.524188e-03;8.620352e-02;-3.317948e-03;1.019617e-01;1.514663e-02;1.437299e+00;5.132726e-04;1.913559e+00;-8.322674e-02;2.167705e+00;4.507707e-02;2.320558e+00;-1.902810e-01;2.047023e+00;-6.420077e-02;3.004848e+00;-6.150370e-02;2.610428e+00;7.858896e-02;2.095688e+00;1.919644e-01;1.981616e+00;1.582305e-01;2.524219e+00;1.490352e-02;2.796433e+00;-1.900584e-01;1.901592e+00;-3.894752e-01;2.222978e+00;-3.071216e-01;1.564260e+00;-9.547488e-02
137.500000;6.977769e+01;2.063430e+02;7.842410e-02;8.172416e-01;2.497002e-02;2.005770e-02;2.357874e-02;1.706037e-02;1.695819e-01;1.823196e-01;3.139841e+01;-2.403730e+00;3.731682e-01;1.670847e+00;1.863757e-01;1.031975e+00;1.966347e-02;4.597640e-02;3.079451e-02;7.116906e-02;6.195481e-02;1.437275e-01;7.638468e-02;3.145646e-01;1.207540e-01;4.670280e-01;1.983159e-01;6.334382e-01;3.257571e-01;8.281662e-01;2.878265e-01;8.805448e-01;5.302401e-01;9.923010e-01;4.398318e-01;9.537401e-01;4.553159e-01;1.051551e+00;4.686916e-01;1.086475e+00;3.752321e-01;1.174711e+00;2.765877e-01;1.145777e+00;3.145633e-01;1.193433e+00;4.361912e-01;1.292496e+00;4.331965e-01;1.359440e+00;3.182721e-01;1.394386e+00;3.501355e-01;1.469917e+00;3.517222e-01;1.513731e+00;2.810850e-01;1.522939e+00;2.971985e-01;1.459497e+00;2.919768e-01;1.360933e+00;2.628222e-01;1.242005e+00;2.506559e-01;1.084019e+00;1.837689e-01;9.049587e-01;1.506860e-01;7.496561e-01;1.371400e-01;6.119111e-01;1.211098e-01;1.658936e-01;1.635740e-01;2.075349e-01;1.637742e+02;6.184336e+02;3.193592e+02;8.405127e+02;6.447137e+02;1.385877e+03;1.169747e+03;2.159924e+03;1.593823e-01;4.012140e-01;4.317581e+02;1.197984e+03;1.074702e+00;4.311750e+00;1.390343e+06;1.712568e+06;2.379955e+00;5.735745e+00;5.385270e+01;6.850802e+01;9.276225e-02;-1.136586e-01;2.535031e-01;9.802882e-01;4.175542e-01;4.307130e-01;5.317273e+00;8.984099e+00;7.224248e+00;-1.484671e+01;7.801673e+00;-1.372194e+01;9.463215e+00;-2.376811e+01;8.365758e+00;-1.452400e+01;1.311236e+01;-1.325240e+01;1.021266e+01;-7.442513e+00;7.787493e+00;-6.028378e+00;9.028208e+00;-5.714412e+00;6.429788e+00;-1.342495e+01;8.506259e+00;-1.024304e+01;9.537781e+00;-1.026838e+01;8.204967e+00;-1.075161e+01;5.036141e+00;-9.577858e+00;4.253016e-05;-6.466700e-06;5.087645e-07;-3.157177e-08;2.200474e-07;2.310192e-08;2.165789e-07;1.420932e-08;1.451553e-06;5.110181e-08;2.024266e-04;-4.019056e-06;1.000436e-01;-1.314461e-02;4.640871e-02;-6.876492e-03;4.797733e-03;-6.460508e-04;5.248102e-03;2.996976e-04;2.067821e-02;9.012984e-04;2.020636e-02;7.692965e-04;2.724671e-02;-8.903939e-04;4.549561e-02;-2.845561e-03;7.712437e-02;-4.627351e-03;7.711718e-02;-9.952744e-03;1.298705e-01;-5.921129e-03;1.073141e-01;-1.255606e-02;9.878822e-02;-1.077024e-02;1.070886e-01;-1.225398e-02;9.492588e-02;-5.832553e-03;6.953278e-02;-8.085812e-03;7.930609e-02;-1.329845e-02;1.069307e-01;-1.273244e-02;1.139662e-01;-9.811981e-03;8.599572e-02;-7.420999e-03;1.023012e-01;-1.374504e-02;9.685797e-02;-1.123285e-02;8.124072e-02;-7.584208e-03;7.967430e-02;-8.712208e-03;7.720635e-02;-8.006983e-03;6.388459e-02;-6.043039e-03;5.638510e-02;-3.537835e-03;3.659834e-02;-2.282823e-03;3.276880e-02;-1.563358e-03;2.582505e-02;-7.513658e-04;3.339624e-02;-6.193649e-04;4.444654e-02;-5.230152e-03;3.702759e+01;-5.182324e+00;9.060643e+01;-3.617578e+00;1.828731e+02;-9.043945e-01;2.288687e+02;-7.751953e-01;6.237934e-02;-1.714583e-05;9.889890e+01;-1.742146e+00;2.335680e-01;1.300672e-02;318337;1.687929e+04;4.928149e-01;-1.902262e-02;1.286421e+01;-8.960551e-01;2.251344e-02;3.212460e-03;5.724434e-02;-1.933461e-03;9.638737e-02;-1.559433e-02;1.216885e+00;7.112687e-02;1.798864e+00;3.423244e-01;1.959151e+00;1.846627e-01;2.455071e+00;2.053885e-01;2.081316e+00;3.522044e-02;2.921056e+00;2.151011e-02;2.837134e+00;-5.105872e-02;2.175603e+00;-5.723232e-03;1.951406e+00;1.678054e-01;2.150304e+00;1.593134e-01;2.404607e+00;-1.138752e-02;2.376997e+00;-1.362979e-01;2.248085e+00;-1.062681e-01;1.644289e+00;1.228463e-01
138.000000;8.115088e+01;2.111600e+02;7.687243e-02;7.999167e-01;6.347238e-02;4.060161e-02;5.827959e-02;3.401300e-02;1.700134e-01;2.175683e-01;3.093124e+01;-5.180427e+00;4.565252e-01;1.542434e+00;2.600520e-01;1.011015e+00;1.813006e-02;3.848736e-02;3.515464e-02;7.715672e-02;7.287335e-02;1.479930e-01;8.307406e-02;2.706252e-01;1.259447e-01;4.143700e-01;1.563084e-01;5.242863e-01;2.189166e-01;6.216928e-01;2.720026e-01;7.508924e-01;4.884987e-01;8.924618e-01;4.167878e-01;9.821711e-01;4.480560e-01;1.096003e+00;4.907979e-01;1.129406e+00;4.918432e-01;1.190168e+00;3.549758e-01;1.126642e+00;3.747702e-01;1.158441e+00;4.831001e-01;1.275950e+00;5.785818e-01;1.374920e+00;5.218076e-01;1.433712e+00;4.247172e-01;1.417518e+00;4.396538e-01;1.488782e+00;4.568199e-01;1.503643e+00;3.859023e-01;1.463138e+00;3.626881e-01;1.379465e+00;3.241178e-01;1.257497e+00;3.012814e-01;1.101563e+00;2.332637e-01;9.124124e-01;1.814878e-01;7.572951e-01;1.391716e-01;6.153409e-01;8.997817e-02;1.201236e-01;1.261608e-01;1.552246e-01;1.733757e+02;5.944600e+02;2.639402e+02;8.406562e+02;8.062123e+02;1.446601e+03;1.618742e+03;2.457656e+03;1.626056e-01;3.591898e-01;5.287607e+02;1.265777e+03;1.074939e+00;4.581241e+00;2322209;2.258411e+06;2.289509e+00;5.240394e+00;4.075084e+01;5.394144e+01;7.215404e-02;-8.123107e-02;3.300901e-01;1.018191e+00;3.033659e-01;2.839039e-01;5.703340e+00;8.605021e+00;7.591514e+00;-1.209469e+01;8.216415e+00;-1.204412e+01;9.479580e+00;-2.245670e+01;7.088946e+00;-1.247080e+01;8.128035e+00;-8.262061e+00;7.332922e+00;-4.798137e+00;7.034308e+00;-5.281249e+00;6.680312e+00;-7.129090e+00;6.989902e+00;-1.298133e+01;1.030969e+01;-1.046632e+01;8.997301e+00;-1.169018e+01;7.005578e+00;-1.148706e+01;6.081488e+00;-7.589344e+00;2.776641e-04;-2.524765e-05;5.114025e-07;2.198083e-09;3.422805e-07;-7.166990e-08;3.720314e-07;-5.691466e-08;1.257814e-06;-3.991139e-08;2.581796e-04;-1.224272e-07;9.665486e-02;-4.956993e-03;5.376502e-02;-1.376902e-03;3.556379e-03;-3.351940e-04;6.551179e-03;3.917864e-05;2.286124e-02;-5.383678e-04;1.691777e-02;-9.132260e-04;2.367564e-02;-1.074012e-03;3.606695e-02;-1.853696e-04;5.067474e-02;2.014467e-04;6.410795e-02;-5.057209e-03;9.794459e-02;-1.062271e-02;1.124925e-01;4.783976e-03;1.021657e-01;4.050988e-04;1.222942e-01;1.008908e-03;1.317556e-01;5.325061e-03;1.015918e-01;8.786129e-05;8.913855e-02;-1.244960e-03;1.206574e-01;3.647425e-03;1.106146e-01;1.164236e-03;1.032601e-01;-4.862700e-03;1.056037e-01;-2.984595e-03;1.000658e-01;-1.622417e-03;1.030374e-01;-3.885536e-03;7.669460e-02;-5.242580e-03;8.244053e-02;-4.456616e-03;6.755015e-02;-2.589494e-03;5.709474e-02;-3.576970e-03;3.855962e-02;-2.027186e-03;3.463902e-02;-5.016424e-04;2.446724e-02;-1.037886e-03;2.190115e-02;-1.444140e-03;3.898231e-02;2.980331e-04;3.742918e+01;1.076660e+00;6.665387e+01;1.047949e+00;1.976575e+02;1.765723e+00;3.845321e+02;4.766016e+00;4.920370e-02;-1.891789e-03;1.155881e+02;1.386528e+00;2.381030e-01;3.433378e-03;6.269975e+05;5.609223e+02;4.588727e-01;2.996529e-02;9.151796e+00;8.111945e-01;1.408609e-02;2.218058e-03;7.166523e-02;1.085841e-03;5.339236e-02;-9.392075e-03;1.124993e+00;-1.542388e-02;1.913659e+00;-7.359113e-02;1.702586e+00;-1.330367e-01;2.255188e+00;1.162618e-01;2.416498e+00;9.597107e-02;2.320735e+00;2.271199e-01;2.346104e+00;2.723668e-02;2.128019e+00;-6.673013e-02;1.930635e+00;-1.817056e-01;2.287770e+00;-1.293443e-01;2.555010e+00;6.341177e-02;2.393743e+00;1.218709e-01;1.651224e+00;9.342656e-02;1.824818e+00;1.069931e-01
138.500000;1.124625e+02;2.088254e+02;8.760801e-02;8.013482e-01;6.304897e-02;3.640640e-02;5.776430e-02;2.976141e-02;1.518088e-01;1.642364e-01;4.059389e+01;-1.529237e+01;4.738896e-01;1.584693e+00;2.846470e-01;1.068890e+00;2.308301e-02;4.275115e-02;4.097194e-02;8.067524e-02;7.578176e-02;1.421764e-01;9.843200e-02;2.545546e-01;1.251826e-01;3.899847e-01;1.567361e-01;5.243754e-01;2.536400e-01;6.770254e-01;3.839208e-01;8.836869e-01;4.190716e-01;8.815562e-01;6.674696e-01;1.168074e+00;4.232093e-01;1.129832e+00;4.959039e-01;1.239498e+00;5.646290e-01;1.274405e+00;4.615346e-01;1.262765e+00;5.859913e-01;1.350068e+00;5.046278e-01;1.381120e+00;6.143376e-01;1.483206e+00;5.454603e-01;1.489553e+00;4.824273e-01;1.490131e+00;4.134009e-01;1.550462e+00;4.720967e-01;1.537897e+00;4.038019e-01;1.521180e+00;3.709333e-01;1.439350e+00;2.923270e-01;1.288185e+00;2.807689e-01;1.126461e+00;2.332222e-01;9.348733e-01;1.744448e-01;7.589076e-01;1.280921e-01;6.118132e-01;1.051945e-01;1.071011e-01;1.654140e-01;1.944568e-01;1.900501e+02;6.916465e+02;3.656737e+02;9.652617e+02;9.121008e+02;1.551108e+03;1.726438e+03;2.567045e+03;1.701529e-01;3.540078e-01;5.908856e+02;1.361633e+03;1.314928e+00;4.416820e+00;2478760;2.244080e+06;3.013660e+00;5.835907e+00;6.541823e+01;7.227214e+01;1.117879e-01;-1.055990e-01;3.586012e-01;1.091770e+00;4.739187e-01;4.083652e-01;4.895940e+00;6.150689e+00;9.454725e+00;-1.715763e+01;1.158442e+01;-1.672866e+01;1.183915e+01;-2.374533e+01;7.430572e+00;-9.394590e+00;8.147385e+00;-4.339971e+00;6.955870e+00;1.270892e-03;7.263610e+00;-2.089995e+00;6.237820e+00;-6.538211e+00;7.727912e+00;-1.144153e+01;1.238602e+01;-8.175471e+00;7.945614e+00;-8.311239e+00;6.980926e+00;-7.613394e+00;6.639737e+00;-5.226191e+00;2.802550e-04;-1.110337e-05;5.046738e-07;2.856352e-08;2.906913e-07;-1.026740e-07;3.215151e-07;-7.602444e-08;9.313225e-07;-2.016563e-07;3.231394e-04;3.183095e-06;9.879503e-02;8.534174e-03;5.640201e-02;3.502242e-03;4.010320e-03;3.463968e-04;7.940833e-03;-3.280423e-04;2.400388e-02;-1.079072e-03;2.819646e-02;-1.282339e-03;2.994534e-02;-8.283740e-04;3.965680e-02;1.279263e-03;6.029931e-02;2.382094e-03;7.627305e-02;7.733772e-03;7.752343e-02;6.163328e-03;1.302039e-01;3.358384e-03;8.927283e-02;7.451407e-03;1.406177e-01;5.784394e-03;1.458286e-01;5.793412e-03;1.042084e-01;5.329300e-03;1.106552e-01;5.562759e-03;1.199615e-01;3.682806e-03;1.172495e-01;3.088828e-03;1.167657e-01;2.566040e-03;1.062007e-01;3.293037e-03;9.054237e-02;6.455760e-03;1.095830e-01;8.170630e-03;9.485123e-02;5.651475e-03;8.353049e-02;4.599504e-03;5.939543e-02;2.485448e-03;5.151233e-02;1.046114e-03;3.965351e-02;1.366154e-03;3.016113e-02;-5.559068e-05;2.225185e-02;1.059792e-03;2.151287e-02;4.463526e-03;4.880270e-02;1.470127e-03;4.090964e+01;3.057715e+00;1.080869e+02;3.488379e+00;2.499219e+02;1.119727e+00;4.424887e+02;1.291992e+00;5.089340e-02;-6.781741e-04;1.502818e+02;1.111632e+00;2.878756e-01;-7.846249e-03;6.761318e+05;-1.505562e+04;5.723277e-01;2.813861e-02;1.264010e+01;8.909363e-01;2.066554e-02;-1.270117e-03;9.036684e-02;1.404389e-03;7.694113e-02;6.298182e-03;1.199276e+00;-7.998265e-02;1.842677e+00;-2.816976e-01;2.129449e+00;-2.448681e-01;2.345138e+00;-3.179348e-01;2.424183e+00;1.225524e-02;2.278657e+00;5.308513e-02;1.887394e+00;-4.383984e-02;2.284293e+00;9.583991e-02;2.026646e+00;4.343599e-02;2.246583e+00;1.032477e-01;2.873251e+00;1.685202e-01;2.224710e+00;3.571200e-02;2.156798e+00;-5.879061e-02;1.889719e+00;-5.496401e-02
139.000000;1.310400e+02;2.728895e+02;7.018368e-02;8.511188e-01;3.636462e-02;2.510422e-02;5.240866e-02;2.419352e-02;8.978396e-02;1.315291e-01;3.180012e+01;-6.846859e-01;3.890612e-01;1.931723e+00;2.214035e-01;1.102248e+00;1.967528e-02;6.062166e-02;2.961466e-02;5.924162e-02;6.717305e-02;1.437958e-01;9.775718e-02;2.922426e-01;1.111670e-01;4.475717e-01;1.620250e-01;6.323251e-01;2.477119e-01;7.752856e-01;3.238127e-01;9.840626e-01;3.942485e-01;1.030522e+00;6.301181e-01;1.087599e+00;3.921627e-01;1.104223e+00;4.426542e-01;1.236180e+00;5.145425e-01;1.318609e+00;4.234287e-01;1.354770e+00;5.610585e-01;1.468612e+00;4.179142e-01;1.447327e+00;4.515315e-01;1.465674e+00;4.667131e-01;1.513957e+00;4.862560e-01;1.567037e+00;3.569283e-01;1.517478e+00;3.806840e-01;1.529321e+00;3.565134e-01;1.534513e+00;3.728393e-01;1.470152e+00;2.578822e-01;1.297078e+00;2.508955e-01;1.126297e+00;2.280841e-01;9.443881e-01;1.672255e-01;7.583185e-01;1.408045e-01;6.111116e-01;3.308629e-01;3.793388e-01;3.546788e-01;3.920654e-01;1.209566e+02;6.770039e+02;3.358756e+02;9.246357e+02;6.352681e+02;1.265291e+03;1.080708e+03;1.770173e+03;1.743675e-01;4.202101e-01;4.185712e+02;1.125257e+03;1.002787e+00;3.793416e+00;1.177713e+06;989527;2.975926e+00;7.304701e+00;7.318677e+01;1.081396e+02;1.098098e-01;-1.815874e-01;2.384195e-01;9.629717e-01;4.555670e-01;7.400034e-01;4.276955e+00;7.586775e+00;6.344155e+00;-2.300291e+01;8.633787e+00;-2.420251e+01;1.069924e+01;-2.976321e+01;7.161901e+00;-8.947963e+00;1.154224e+01;-7.436948e+00;8.063464e+00;-1.632683e+00;8.540746e+00;-1.022810e-01;7.234824e+00;-5.026900e-01;1.147185e+01;-5.604706e+00;1.112572e+01;-6.891517e+00;9.310228e+00;-1.109712e+01;9.719962e+00;-1.146824e+01;7.287019e+00;-9.232635e+00;5.922850e-04;-1.312940e-05;4.325962e-07;-1.073224e-08;3.232235e-07;-1.383214e-08;5.358218e-07;-5.713748e-09;7.114539e-07;-4.939649e-08;1.970789e-04;-1.491922e-06;9.165440e-02;2.123435e-03;4.467329e-02;-1.142401e-03;4.069543e-03;-1.207364e-04;5.488919e-03;2.228521e-04;2.068140e-02;1.580531e-04;3.240108e-02;5.959172e-04;3.213493e-02;6.299552e-04;4.946803e-02;3.827768e-03;7.161636e-02;2.421941e-03;6.414922e-02;1.517319e-03;6.016628e-02;-9.117430e-03;8.675198e-02;-2.022520e-02;6.755619e-02;-3.436469e-03;1.148387e-01;-5.893125e-03;9.572819e-02;-1.726374e-02;9.928223e-02;-2.516871e-03;1.280556e-01;3.389322e-03;9.960012e-02;9.734376e-03;9.764834e-02;5.666254e-03;1.079230e-01;-1.230223e-03;1.079796e-01;4.397881e-03;8.252813e-02;-5.018455e-03;1.153458e-01;4.352047e-04;9.817982e-02;1.167775e-03;8.463122e-02;6.987617e-04;5.482696e-02;4.230579e-07;5.212329e-02;5.683167e-04;4.572424e-02;2.707350e-04;2.683611e-02;-3.244436e-04;2.590567e-02;-1.565141e-04;4.771909e-02;3.270665e-03;7.856789e-02;5.778713e-04;2.847134e+01;-1.751367e+00;1.023184e+02;-1.392480e+00;1.827380e+02;9.517675e+00;2.899976e+02;7.680176e+00;5.344436e-02;-3.841487e-04;1.120762e+02;2.529419e+00;2.407124e-01;1.716191e-02;3.214327e+05;6.106717e+03;6.105521e-01;-6.933346e-02;1.467626e+01;-1.510715e+00;2.330035e-02;5.502062e-04;6.382982e-02;9.589957e-04;9.079296e-02;-2.548523e-03;1.074042e+00;1.641843e-02;1.518682e+00;4.127742e-02;2.286159e+00;1.705059e-01;2.205857e+00;5.396004e-02;1.928453e+00;-2.121489e-01;1.836979e+00;-4.733512e-01;1.689257e+00;-1.498887e-01;2.346637e+00;6.527402e-02;2.172187e+00;2.754824e-02;2.249120e+00;4.148318e-02;2.774217e+00;2.135787e-01;2.848773e+00;2.211358e-01;2.447146e+00;9.233451e-03;1.766626e+00;-1.720730e-01
139.500000;1.360321e+02;2.653947e+02;6.761013e-02;8.462161e-01;5.582610e-02;4.178197e-02;6.098373e-02;3.954054e-02;1.385662e-01;1.691893e-01;2.814792e+01;-1.856197e-01;4.837665e-01;1.932233e+00;2.269022e-01;1.083965e+00;2.232043e-02;5.540212e-02;3.027588e-02;6.858528e-02;4.352898e-02;1.419828e-01;6.762235e-02;2.952520e-01;9.320322e-02;4.327027e-01;1.786120e-01;6.379983e-01;2.424192e-01;7.091458e-01;2.721462e-01;8.032596e-01;3.314359e-01;9.457657e-01;4.506581e-01;1.004912e+00;4.161754e-01;1.045473e+00;5.377287e-01;1.175246e+00;5.350819e-01;1.317808e+00;4.680922e-01;1.318377e+00;4.430507e-01;1.374742e+00;4.997233e-01;1.486967e+00;4.548248e-01;1.505569e+00;4.247096e-01;1.500641e+00;4.872445e-01;1.559059e+00;4.316171e-01;1.529606e+00;3.918249e-01;1.556718e+00;3.635162e-01;1.550649e+00;3.786410e-01;1.480031e+00;2.863673e-01;1.329731e+00;2.805572e-01;1.143929e+00;2.432120e-01;9.567906e-01;1.881219e-01;7.728451e-01;1.400057e-01;6.078829e-01;3.364017e-01;3.645697e-01;3.840979e-01;4.613576e-01;1.018388e+02;6.705439e+02;3.163906e+02;9.836367e+02;5.451526e+02;1.490098e+03;9.716564e+02;2.050822e+03;1.753455e-01;3.852907e-01;3.599906e+02;1.242401e+03;9.737492e-01;4.228575e+00;1.226457e+06;1.251615e+06;2.736470e+00;5.824615e+00;6.670978e+01;7.528777e+01;1.045781e-01;-1.578436e-01;1.974520e-01;1.019968e+00;4.487612e-01;6.430876e-01;3.727631e+00;6.879160e+00;5.798803e+00;-2.287854e+01;1.040213e+01;-2.005609e+01;9.473557e+00;-2.596631e+01;9.453853e+00;-9.631611e+00;1.263114e+01;-1.273384e+01;7.633043e+00;-2.530943e+00;8.497286e+00;-5.360562e-01;8.734570e+00;-1.527105e+00;1.006654e+01;-4.542653e+00;8.523355e+00;-3.475473e+00;7.733285e+00;-1.182239e+01;7.593759e+00;-1.267816e+01;7.903647e+00;-7.977198e+00;6.942724e-04;-2.795052e-05;3.758668e-07;-3.289684e-09;5.096512e-07;-1.398004e-08;6.483390e-07;1.633365e-08;8.657231e-07;-3.888146e-08;1.861111e-04;1.083633e-06;1.005758e-01;4.257729e-03;5.161365e-02;8.201954e-04;3.619862e-03;3.087115e-04;3.652968e-03;3.401334e-06;1.116701e-02;-2.769783e-04;2.300325e-02;8.055670e-04;2.920442e-02;1.867407e-05;5.220975e-02;1.350301e-03;6.519597e-02;1.146668e-03;3.828897e-02;-1.468854e-03;5.507924e-02;1.619847e-03;5.685939e-02;6.833114e-03;7.483255e-02;-1.626114e-03;9.328248e-02;-2.610967e-03;8.543392e-02;-3.667038e-03;1.145038e-01;-6.644772e-04;1.227431e-01;5.974293e-04;1.144464e-01;3.240616e-03;9.911270e-02;2.598070e-03;1.118011e-01;6.743042e-03;1.338645e-01;1.186175e-03;1.201014e-01;-9.619457e-05;1.251338e-01;-1.317574e-03;1.031227e-01;5.607115e-04;9.536941e-02;9.962645e-04;6.406593e-02;1.783140e-03;6.226069e-02;1.650249e-03;5.214796e-02;8.100179e-04;3.744582e-02;1.086618e-03;2.748720e-02;2.675875e-05;4.717485e-02;-2.236409e-03;8.545838e-02;5.172949e-04;1.834806e+01;1.722656e+00;8.391572e+01;-2.296875e-01;1.056306e+02;-7.608398e-01;1.952104e+02;-2.196387e+00;5.412922e-02;2.691900e-04;6.198098e+01;-6.183769e-02;1.674339e-01;-6.471325e-03;2.516779e+05;-1.621307e+03;5.266594e-01;-3.744808e-03;1.248117e+01;4.766554e-02;1.738210e-02;-2.101373e-03;3.545357e-02;4.155023e-05;6.757716e-02;8.640096e-03;8.108132e-01;-1.375433e-03;1.339750e+00;-2.589844e-02;2.016562e+00;5.910592e-02;1.698863e+00;5.261443e-02;1.893530e+00;-1.132549e-01;2.192419e+00;-1.456709e-01;1.930704e+00;1.165554e-01;2.147806e+00;4.197398e-02;2.198775e+00;-7.094882e-02;2.191091e+00;-1.182314e-01;2.572738e+00;-1.316893e-01;2.604881e+00;-6.027725e-02;1.824076e+00;1.606166e-01;1.722131e+00;1.457049e-01
140.000000;1.234394e+02;1.732225e+02;9.311000e-02;8.011553e-01;6.170370e-02;3.895314e-02;5.177065e-02;3.025031e-02;1.564623e-01;1.303140e-01;4.703812e+01;-2.183843e+01;4.695623e-01;1.718352e+00;2.225349e-01;1.010926e+00;2.461302e-02;4.659723e-02;4.313121e-02;8.581506e-02;4.390101e-02;1.369386e-01;6.713729e-02;2.720289e-01;1.029596e-01;4.064263e-01;1.649480e-01;5.468851e-01;1.880161e-01;6.560779e-01;3.204015e-01;7.474203e-01;5.174796e-01;9.342647e-01;5.677856e-01;1.072214e+00;4.753387e-01;1.050536e+00;5.318214e-01;1.063425e+00;5.309568e-01;1.123045e+00;4.491614e-01;1.155300e+00;3.751395e-01;1.164990e+00;4.761040e-01;1.278896e+00;4.644337e-01;1.359084e+00;3.776874e-01;1.388589e+00;4.122801e-01;1.456760e+00;3.935626e-01;1.505922e+00;3.285146e-01;1.477004e+00;3.701918e-01;1.452895e+00;3.625038e-01;1.396617e+00;3.097472e-01;1.259911e+00;2.591217e-01;1.098579e+00;2.109219e-01;9.150478e-01;1.711259e-01;7.557392e-01;1.234198e-01;6.094732e-01;1.560332e-01;1.372669e-01;2.621971e-01;2.870467e-01;1.475387e+02;7.777793e+02;4.823448e+02;1.170976e+03;9.813145e+02;1.849702e+03;1.592351e+03;2.680453e+03;1.383400e-01;3.504801e-01;6.260576e+02;1.506286e+03;1.402631e+00;4.682487e+00;1.964428e+06;2.032033e+06;4.262381e+00;5.869774e+00;1.124217e+02;8.651858e+01;1.173234e-01;-1.239228e-01;3.548200e-01;1.170120e+00;5.373482e-01;5.025400e-01;5.285174e+00;5.175770e+00;6.751173e+00;-1.966324e+01;1.145756e+01;-1.620194e+01;1.122646e+01;-2.513841e+01;9.716576e+00;-1.125057e+01;1.052723e+01;-8.482268e+00;7.254291e+00;2.012081e+00;8.401452e+00;1.621200e-01;7.983921e+00;-2.615793e+00;6.049407e+00;-7.533992e+00;6.856797e+00;-4.899589e+00;6.307999e+00;-8.161149e+00;6.345579e+00;-7.078449e+00;6.142550e+00;-3.384284e+00;4.147832e-04;5.828936e-05;4.276437e-07;8.991593e-09;4.954130e-07;-4.200995e-08;4.371340e-07;-3.453796e-08;8.325637e-07;6.307947e-09;2.618717e-04;1.774257e-06;1.008124e-01;2.130148e-03;5.207187e-02;2.275648e-03;4.384113e-03;5.910899e-04;6.469425e-03;-3.372386e-04;1.258000e-02;5.295795e-04;1.898544e-02;3.230598e-04;3.027329e-02;8.843740e-04;4.393483e-02;2.429284e-04;4.753644e-02;1.116710e-03;5.928137e-02;7.247368e-03;1.008679e-01;2.100489e-02;9.047675e-02;1.539255e-02;1.005883e-01;5.494208e-03;9.223358e-02;7.798986e-03;9.355161e-02;1.236866e-02;1.017056e-01;6.593296e-03;9.254789e-02;-4.457059e-03;1.065999e-01;-6.763871e-03;1.109094e-01;1.380313e-03;1.130331e-01;1.598758e-03;1.256243e-01;-3.602964e-03;1.177437e-01;1.240877e-03;9.499508e-02;-3.377486e-03;9.068023e-02;-3.789653e-03;9.219621e-02;-9.360539e-04;6.550954e-02;-1.021898e-03;5.686670e-02;-6.583225e-05;4.612363e-02;-8.541669e-06;3.540551e-02;-6.148741e-05;2.543208e-02;3.518457e-05;3.561731e-02;-2.397707e-03;5.727072e-02;-1.066281e-03;5.177371e+01;8.613281e-01;1.214238e+02;5.167969e-01;2.114819e+02;-1.105371e+01;3.166809e+02;-1.266152e+01;4.789527e-02;1.401053e-03;1.265890e+02;-4.265476e+00;2.434181e-01;-2.137474e-02;4.180498e+05;-8.188201e+03;8.236024e-01;1.211227e-01;2.307798e+01;3.930546e+00;2.291174e-02;-3.993434e-03;7.263649e-02;-2.155747e-03;9.838402e-02;1.740923e-02;1.026162e+00;4.364408e-02;1.440421e+00;1.405594e-02;2.330703e+00;-1.524597e-01;2.323855e+00;-1.082918e-01;2.212475e+00;3.807689e-02;2.329657e+00;2.933983e-01;2.012137e+00;2.652504e-01;2.201203e+00;-1.165737e-02;1.960829e+00;1.063425e-01;1.922018e+00;1.149447e-01;1.987521e+00;-1.737697e-01;2.206286e+00;-2.271466e-01;2.096387e+00;1.626447e-02;1.700773e+00;2.306832e-01
140.500000;1.294515e+02;1.522040e+02;9.289856e-02;7.824162e-01;5.709577e-02;3.285590e-02;5.716656e-02;2.890288e-02;1.102693e-01;8.116442e-02;5.182861e+01;-3.035793e+01;3.778602e-01;1.622187e+00;1.953687e-01;9.946889e-01;2.774705e-02;4.856399e-02;4.404306e-02;8.621567e-02;5.738940e-02;1.409549e-01;1.151679e-01;2.802260e-01;1.647109e-01;4.323699e-01;1.448799e-01;5.286863e-01;1.714155e-01;6.590761e-01;3.236484e-01;8.017177e-01;6.802841e-01;1.026820e+00;6.369998e-01;1.025527e+00;4.116717e-01;1.039013e+00;3.900711e-01;1.072835e+00;4.008538e-01;1.117663e+00;3.838144e-01;1.157894e+00;3.179141e-01;1.185863e+00;3.567912e-01;1.232743e+00;4.673980e-01;1.326879e+00;3.775234e-01;1.393765e+00;3.629583e-01;1.418754e+00;3.367123e-01;1.419465e+00;3.126235e-01;1.405156e+00;3.451881e-01;1.384320e+00;3.230922e-01;1.326516e+00;2.880688e-01;1.200341e+00;2.349935e-01;1.043932e+00;1.852124e-01;8.886049e-01;1.468756e-01;7.423442e-01;1.304886e-01;6.104435e-01;1.616551e-01;1.177186e-01;1.478526e-01;1.870440e-01;1.649400e+02;7.876846e+02;4.899017e+02;1.115851e+03;1.054825e+03;1.713756e+03;1.737531e+03;2.590588e+03;1.547871e-01;3.916247e-01;6.834047e+02;1.454373e+03;1.619155e+00;4.483648e+00;2.070355e+06;2.079722e+06;4.795507e+00;7.278395e+00;1.270191e+02;1.231632e+02;1.499013e-01;-1.419537e-01;3.887067e-01;1.145280e+00;6.619715e-01;5.653133e-01;5.944329e+00;5.406803e+00;6.347212e+00;-1.872565e+01;1.137706e+01;-1.882945e+01;1.100421e+01;-2.631876e+01;8.392807e+00;-1.203686e+01;7.739079e+00;-4.638810e+00;9.215114e+00;4.197136e+00;8.871631e+00;1.669248e+00;6.055678e+00;1.557239e+00;6.692465e+00;-4.108928e+00;7.499164e+00;-8.183803e+00;8.660414e+00;-1.080579e+01;6.314009e+00;-5.774719e+00;7.592166e+00;-2.631362e+00;3.296135e-04;5.569858e-05;4.463716e-07;-2.692284e-08;4.477009e-07;-1.400544e-08;4.523853e-07;-3.952180e-08;6.898560e-07;1.070013e-07;2.647172e-04;-5.240788e-06;1.051439e-01;-1.565477e-02;5.193284e-02;-5.391324e-03;5.858837e-03;-8.022961e-04;7.710349e-03;9.200051e-04;1.923219e-02;-4.592937e-04;3.797641e-02;-1.550243e-03;5.280399e-02;-1.862795e-03;4.874950e-02;-2.678363e-03;4.870639e-02;-1.717345e-03;8.110327e-02;-6.443636e-03;1.340109e-01;-8.628612e-03;1.349727e-01;-1.205306e-02;1.144493e-01;-5.723791e-03;1.060971e-01;-3.064006e-03;1.108399e-01;-4.395595e-03;8.937556e-02;-7.650720e-03;8.305626e-02;-8.848499e-03;9.870324e-02;-9.344105e-03;1.159563e-01;-8.643844e-03;1.015423e-01;-1.283465e-02;1.006139e-01;-5.196097e-03;8.718389e-02;-6.653339e-03;8.109298e-02;-6.108431e-03;7.891607e-02;-6.065860e-03;7.151825e-02;-5.250624e-03;6.318688e-02;-5.058230e-03;4.756208e-02;-4.490510e-03;4.006778e-02;-3.191113e-03;2.686532e-02;-1.345435e-03;2.443961e-02;-9.162110e-04;4.096208e-02;-2.688634e-03;4.972987e-02;-2.459985e-03;6.361584e+01;-1.248926e+00;1.242986e+02;4.450195e-01;2.374136e+02;5.067481e+00;3.995707e+02;3.433828e+01;5.721034e-02;-2.284124e-03;1.563908e+02;9.073257e+00;3.085624e-01;2.535589e-02;5.244599e+05;6.739459e+04;1.017066e+00;-6.057921e-02;2.781892e+01;-1.497274e+00;2.954763e-02;3.646867e-03;9.019107e-02;5.683222e-03;1.284528e-01;-1.534170e-02;1.488590e+00;-7.534520e-02;1.736966e+00;1.575360e-01;2.441894e+00;8.740923e-03;2.695688e+00;6.674323e-02;2.411837e+00;3.496522e-02;2.150204e+00;7.915279e-02;2.385616e+00;-1.727138e-01;2.307331e+00;-1.937574e-01;1.972998e+00;-1.634194e-02;2.095497e+00;1.559730e-01;1.985982e+00;1.080999e-01;2.500423e+00;7.696309e-02;2.453950e+00;-7.399096e-02;1.629764e+00;-9.264434e-02
141.000000;1.036811e+02;1.924527e+02;7.191320e-02;8.168356e-01;5.557753e-02;3.671642e-02;6.314590e-02;3.739662e-02;1.284412e-01;1.525143e-01;3.991102e+01;-9.905913e+00;6.531359e-01;1.824983e+00;3.749190e-01;1.136929e+00;3.151204e-02;5.636730e-02;3.284749e-02;7.539178e-02;6.205677e-02;1.447127e-01;1.289751e-01;3.138873e-01;1.967777e-01;4.827037e-01;2.180203e-01;6.486135e-01;2.760624e-01;7.898103e-01;4.723613e-01;9.467131e-01;5.699199e-01;1.050297e+00;8.207607e-01;1.230107e+00;4.911782e-01;1.111966e+00;4.915265e-01;1.204109e+00;5.034361e-01;1.291411e+00;6.242650e-01;1.398097e+00;6.396959e-01;1.506389e+00;6.469533e-01;1.547207e+00;6.839208e-01;1.590331e+00;5.955164e-01;1.586507e+00;5.812195e-01;1.597454e+00;5.690412e-01;1.647611e+00;5.347873e-01;1.615779e+00;5.653780e-01;1.576310e+00;5.384094e-01;1.479032e+00;4.350692e-01;1.340224e+00;3.550282e-01;1.137146e+00;2.727018e-01;9.416312e-01;1.880949e-01;7.616940e-01;1.639237e-01;6.204033e-01;2.198609e-01;2.080457e-01;2.490218e-01;2.902882e-01;1.276413e+02;7.183477e+02;2.647663e+02;9.013799e+02;6.104919e+02;1.386021e+03;1.341414e+03;2.353436e+03;2.287073e-01;4.548215e-01;4.430659e+02;1.281948e+03;1.163086e+00;4.244822e+00;2.108083e+06;1.919026e+06;3.416576e+00;6.372588e+00;9.122193e+01;9.135706e+01;1.714863e-01;-1.884389e-01;2.584390e-01;1.051380e+00;6.839600e-01;7.288747e-01;4.185314e+00;6.149247e+00;6.597966e+00;-2.095308e+01;9.847161e+00;-1.999095e+01;7.623960e+00;-2.603928e+01;9.155151e+00;-1.432248e+01;1.131716e+01;-8.208292e+00;9.924874e+00;3.400827e+00;8.295816e+00;2.692198e+00;6.421273e+00;2.287572e+00;7.613782e+00;-4.862550e+00;7.902247e+00;-9.255227e+00;7.205348e+00;-1.171345e+01;6.213787e+00;-7.104192e+00;6.474935e+00;-1.910957e+00;3.254862e-04;-2.261524e-05;3.827624e-07;-2.598707e-08;5.502752e-07;-3.207419e-08;6.386356e-07;-3.734235e-08;9.346492e-07;-1.254812e-08;1.903668e-04;-1.863981e-06;1.236916e-01;-4.195735e-03;6.804174e-02;-3.902357e-03;6.005516e-03;-6.635424e-04;6.421935e-03;5.792391e-04;1.921858e-02;-7.230637e-04;4.028587e-02;9.265073e-04;5.779903e-02;1.303149e-03;5.439878e-02;-2.671804e-04;6.233172e-02;3.184172e-03;1.158151e-01;-9.485100e-03;1.078076e-01;-2.358493e-02;1.644958e-01;-1.695951e-02;1.192650e-01;-9.744500e-03;1.412069e-01;-8.718759e-03;1.372999e-01;-1.298571e-02;1.097679e-01;-1.114698e-02;1.231605e-01;-3.203994e-03;1.346746e-01;-9.566786e-04;1.302908e-01;-8.202370e-03;1.082670e-01;-3.738282e-03;1.135123e-01;-7.566278e-04;1.087262e-01;5.277870e-03;9.681768e-02;2.312451e-03;9.762882e-02;6.927861e-04;8.531357e-02;-1.873016e-03;7.478688e-02;-1.039136e-03;6.289001e-02;-4.563613e-04;4.909101e-02;-6.830051e-04;3.061525e-02;-2.948283e-04;2.614914e-02;-3.382010e-04;5.258618e-02;1.564676e-03;6.128207e-02;-1.887284e-04;4.257179e+01;-2.454785e+00;7.783963e+01;-1.751367e+00;1.660886e+02;7.507910e+00;3.664141e+02;2.144707e+01;6.632247e-02;-8.321423e-04;1.218731e+02;3.833208e+00;2.485727e-01;2.147098e-02;5.411067e+05;1.372656e+04;8.086645e-01;-1.261361e-01;2.051549e+01;-4.048800e+00;3.096395e-02;4.255441e-03;7.138180e-02;1.386143e-03;1.225903e-01;-1.865144e-02;1.488865e+00;-4.390869e-02;1.882496e+00;8.567014e-02;2.265024e+00;3.021846e-01;2.262391e+00;9.342527e-02;1.985645e+00;-1.578491e-01;2.114250e+00;-2.331608e-01;2.265608e+00;-3.913770e-01;2.272161e+00;-1.715892e-01;2.073168e+00;-5.743338e-02;2.342450e+00;-2.295072e-01;2.384297e+00;1.208391e-02;1.894807e+00;2.179437e-01;2.075299e+00;-6.435946e-02;1.464717e+00;-2.147855e-01
141.500000;9.550532e+01;2.301328e+02;6.671131e-02;8.135869e-01;6.405284e-02;4.749183e-02;6.205859e-02;4.309573e-02;1.216296e-01;1.893573e-01;2.654378e+01;-1.812238e+00;7.642771e-01;1.796624e+00;4.525164e-01;1.133331e+00;3.195057e-02;5.157717e-02;3.059339e-02;7.469262e-02;6.060043e-02;1.404489e-01;1.099728e-01;2.940333e-01;1.728565e-01;4.701673e-01;2.420235e-01;5.975310e-01;3.120195e-01;7.679124e-01;4.726014e-01;8.833965e-01;4.332799e-01;9.458306e-01;1.023098e+00;1.321709e+00;6.071477e-01;1.148369e+00;5.905682e-01;1.140405e+00;5.923885e-01;1.247926e+00;6.786928e-01;1.396013e+00;7.629946e-01;1.512699e+00;7.433223e-01;1.527904e+00;7.473776e-01;1.570775e+00;7.240384e-01;1.571399e+00;6.756586e-01;1.601571e+00;6.658581e-01;1.675283e+00;6.258776e-01;1.641844e+00;6.507297e-01;1.609991e+00;6.330464e-01;1.527758e+00;4.945680e-01;1.355358e+00;4.104905e-01;1.170585e+00;3.136153e-01;9.635118e-01;2.176967e-01;7.667533e-01;1.821422e-01;6.174192e-01;2.161659e-01;2.045715e-01;2.771575e-01;3.041156e-01;1.277894e+02;7.021260e+02;2.927115e+02;8.887471e+02;6.957360e+02;1.430666e+03;1.209275e+03;2.481773e+03;2.334377e-01;4.271111e-01;4.252470e+02;1.314630e+03;9.233135e-01;4.288847e+00;2.070108e+06;2.095192e+06;2.082972e+00;5.082490e+00;4.958583e+01;5.382667e+01;1.580108e-01;-1.645879e-01;2.483382e-01;1.063220e+00;6.150438e-01;6.387437e-01;3.783992e+00;5.111054e+00;7.223533e+00;-2.078729e+01;8.799125e+00;-1.777958e+01;6.774308e+00;-2.581318e+01;9.545073e+00;-1.540178e+01;1.026155e+01;-1.066932e+01;1.154725e+01;-2.588644e-01;7.976811e+00;1.876551e+00;5.854471e+00;2.560631e+00;9.707445e+00;-8.435052e+00;7.938380e+00;-8.908064e+00;5.342735e+00;-8.756313e+00;9.207320e+00;-9.395888e+00;6.535718e+00;-4.955469e+00;3.710160e-04;-5.042116e-05;4.210707e-07;-1.268320e-08;5.413365e-07;-3.706949e-08;5.738503e-07;-3.773942e-08;8.963652e-07;-5.546980e-08;1.839983e-04;1.450541e-06;1.334992e-01;2.598278e-04;7.714474e-02;3.040412e-05;5.495047e-03;1.308262e-05;6.634217e-03;1.685563e-04;1.291711e-02;7.449931e-05;2.579654e-02;1.148419e-03;3.960942e-02;1.437948e-03;4.473973e-02;1.385278e-04;7.057897e-02;4.567009e-05;1.044749e-01;9.717616e-04;8.718993e-02;9.747731e-04;1.995120e-01;2.862549e-04;1.188842e-01;-9.745781e-04;1.442114e-01;-8.858001e-04;1.289820e-01;-4.019751e-05;1.182071e-01;7.043559e-04;1.386279e-01;-1.757933e-04;1.452103e-01;-1.582449e-04;1.435676e-01;-3.536022e-04;1.274493e-01;1.560488e-04;1.345987e-01;-2.166741e-04;1.413018e-01;4.437732e-04;1.296532e-01;1.815344e-04;1.284217e-01;-9.154040e-04;1.114022e-01;-9.237108e-04;8.355258e-02;-7.130669e-04;7.400155e-02;9.718975e-06;5.149442e-02;8.020113e-05;3.590308e-02;-3.077408e-04;3.044564e-02;-1.981830e-04;4.788348e-02;6.528888e-05;6.191854e-02;-9.919176e-06;2.810940e+01;-2.296875e-01;9.147867e+01;-4.593750e-01;2.115209e+02;2.756250e+00;3.413678e+02;-6.158496e+00;5.756094e-02;5.122927e-04;1.212951e+02;-7.098403e-01;2.319145e-01;-2.897732e-03;5.634276e+05;-6.075454e+03;5.865941e-01;5.397792e-03;1.389938e+01;7.289886e-02;2.855154e-02;-2.311445e-05;7.069559e-02;-6.703223e-04;1.146271e-01;5.138577e-05;1.258960e+00;2.132933e-02;2.003602e+00;4.786621e-02;2.056279e+00;9.997478e-02;2.096144e+00;3.549714e-02;1.947545e+00;-2.195914e-02;2.358074e+00;-2.018961e-02;2.549953e+00;1.118025e-02;2.254287e+00;6.981213e-02;1.997455e+00;7.308190e-02;2.768600e+00;-1.484773e-01;2.761594e+00;-1.420362e-01;1.816603e+00;-7.971380e-02;2.419709e+00;-2.382245e-02;1.836540e+00;-3.653379e-02
142.000000;1.206698e+02;2.030441e+02;7.760776e-02;7.764493e-01;6.245997e-02;5.223483e-02;6.756043e-02;5.366103e-02;1.558955e-01;1.596391e-01;3.995801e+01;-1.701422e+01;6.216964e-01;1.575343e+00;4.027803e-01;1.070692e+00;2.478789e-02;4.022738e-02;4.128835e-02;9.237339e-02;7.150437e-02;1.422770e-01;1.096872e-01;2.917628e-01;1.606476e-01;4.526528e-01;2.881613e-01;5.696293e-01;2.888284e-01;6.971313e-01;3.431100e-01;7.675821e-01;5.724311e-01;9.645666e-01;9.071237e-01;1.177114e+00;5.927740e-01;1.164651e+00;6.123514e-01;1.214944e+00;5.946361e-01;1.238208e+00;6.404148e-01;1.294458e+00;5.985585e-01;1.292017e+00;6.193187e-01;1.358454e+00;6.280424e-01;1.430247e+00;6.317142e-01;1.463384e+00;5.964082e-01;1.495124e+00;6.221572e-01;1.533874e+00;5.937795e-01;1.546623e+00;5.860009e-01;1.526944e+00;5.631974e-01;1.452109e+00;4.461315e-01;1.290779e+00;4.074847e-01;1.133145e+00;2.997498e-01;9.486479e-01;2.324041e-01;7.727052e-01;1.822163e-01;6.189736e-01;7.701928e-02;7.472067e-02;2.343018e-01;2.316363e-01;1.386604e+02;7.510781e+02;3.916167e+02;1.075799e+03;9.930621e+02;1.835921e+03;1.634349e+03;2.995843e+03;2.065421e-01;3.938907e-01;6.117237e+02;1.558750e+03;1.292654e+00;4.733303e+00;2.666208e+06;2.818906e+06;2.991535e+00;4.997122e+00;6.603879e+01;5.613115e+01;1.002302e-01;-9.921265e-02;3.595683e-01;1.205120e+00;4.352978e-01;3.724186e-01;5.378024e+00;3.826188e+00;6.636389e+00;-1.861765e+01;8.144915e+00;-1.614506e+01;7.663311e+00;-2.353738e+01;8.695889e+00;-1.165683e+01;6.888301e+00;-8.853004e+00;1.022380e+01;-2.117097e+00;7.279558e+00;-1.360870e+00;6.487966e+00;1.563587e+00;8.911289e+00;-8.344529e+00;7.960789e+00;-9.516526e+00;8.121972e+00;-1.079315e+01;8.993961e+00;-1.026374e+01;6.848710e+00;-6.423458e+00;3.292885e-04;-4.848305e-05;5.034992e-07;2.813216e-08;4.156628e-07;7.558927e-09;4.172464e-07;6.471685e-09;1.007631e-06;-1.600994e-07;2.584946e-04;2.040362e-06;1.268982e-01;2.325044e-03;7.279686e-02;1.922300e-03;5.345603e-03;3.424991e-04;9.255467e-03;-4.939531e-04;1.705723e-02;7.908837e-05;2.948315e-02;-8.888216e-04;4.555298e-02;-1.072895e-03;6.538152e-02;-1.516577e-03;7.727787e-02;-4.874765e-03;9.346830e-02;1.084935e-02;1.390247e-01;1.388087e-02;1.908280e-01;9.465701e-03;1.205795e-01;1.065039e-02;1.376676e-01;1.136234e-02;1.182131e-01;8.795707e-03;1.368483e-01;4.352954e-03;1.217710e-01;2.376851e-03;1.209227e-01;-5.557769e-03;1.266654e-01;-3.740420e-05;1.217916e-01;3.056678e-03;1.204557e-01;-2.672403e-03;1.299770e-01;-6.317811e-03;1.304453e-01;-1.092215e-03;1.273449e-01;1.240456e-03;1.005746e-01;-1.933946e-04;7.434746e-02;-5.967409e-05;7.012688e-02;-1.306403e-03;4.601331e-02;-3.608346e-04;3.937187e-02;-1.063310e-04;3.492401e-02;-7.328192e-05;2.417041e-02;4.966510e-04;6.192512e-02;1.665837e-04;3.579452e+01;2.052832e+00;1.220824e+02;1.248926e+00;2.980308e+02;-6.976758e+00;4.708317e+02;-1.958086e+01;6.321579e-02;1.973792e-04;1.756430e+02;-3.591260e+00;3.227538e-01;-1.386748e-02;7.313706e+05;-1.266125e+04;7.513143e-01;9.261861e-02;1.634396e+01;2.330334e+00;2.176950e-02;-1.660889e-03;1.036732e-01;-1.270875e-03;9.216469e-02;8.216781e-03;1.596357e+00;5.119584e-02;1.947742e+00;-7.932467e-02;2.104813e+00;-3.329903e-01;2.113991e+00;-1.757032e-01;2.194365e+00;1.841423e-01;2.570483e+00;2.618801e-01;2.710680e+00;2.194381e-01;1.933855e+00;5.060958e-02;1.944527e+00;-7.005162e-02;2.468435e+00;1.758640e-01;2.594906e+00;6.578977e-02;2.044343e+00;-2.299211e-01;2.431430e+00;-2.581513e-02;1.965178e+00;1.092764e-02
142.500000;1.178795e+02;1.818994e+02;8.620979e-02;7.883995e-01;5.181669e-02;4.339062e-02;6.264552e-02;4.497329e-02;2.119193e-01;1.923130e-01;4.420383e+01;-2.079854e+01;5.375768e-01;1.655134e+00;3.376786e-01;1.075941e+00;2.264247e-02;4.503291e-02;4.157357e-02;8.458176e-02;7.078338e-02;1.483745e-01;1.055090e-01;3.016997e-01;1.598217e-01;4.496204e-01;2.801719e-01;6.329193e-01;2.714588e-01;7.048399e-01;4.234928e-01;8.537576e-01;5.527765e-01;1.039876e+00;5.007988e-01;1.024237e+00;5.017673e-01;1.095869e+00;5.327440e-01;1.202761e+00;4.945778e-01;1.170444e+00;5.676590e-01;1.310596e+00;5.819188e-01;1.408062e+00;5.792030e-01;1.443354e+00;5.387486e-01;1.399794e+00;5.151529e-01;1.487908e+00;5.425408e-01;1.529060e+00;5.228192e-01;1.510662e+00;5.040447e-01;1.553370e+00;5.172460e-01;1.526664e+00;4.973509e-01;1.441350e+00;4.105141e-01;1.295026e+00;3.707817e-01;1.124265e+00;2.844065e-01;9.282526e-01;2.283357e-01;7.665872e-01;1.644363e-01;6.251200e-01;1.182158e-01;1.122717e-01;2.253201e-01;2.476654e-01;1.052634e+02;7.242334e+02;3.463828e+02;1.045365e+03;9.233021e+02;1.773331e+03;1.671276e+03;2.807786e+03;2.601184e-01;4.376158e-01;6.149687e+02;1.487253e+03;1.369632e+00;4.649015e+00;2725943;2527733;4.006747e+00;6.013541e+00;9.899501e+01;8.655205e+01;9.443212e-02;-1.160382e-01;3.614414e-01;1.167751e+00;4.148252e-01;4.129975e-01;6.138214e+00;5.443078e+00;6.046260e+00;-1.831875e+01;8.443712e+00;-1.750874e+01;9.886352e+00;-2.347650e+01;5.713519e+00;-1.034850e+01;5.916583e+00;-8.647840e+00;5.509030e+00;-4.044292e-01;9.997135e+00;1.318390e+00;7.066051e+00;1.364974e+00;6.947144e+00;-8.702130e+00;7.372471e+00;-1.286652e+01;8.873115e+00;-1.393380e+01;8.250224e+00;-1.003962e+01;5.738536e+00;-6.754677e+00;8.961563e-05;-1.585459e-05;4.569440e-07;3.779349e-08;3.573965e-07;-2.586243e-09;3.656431e-07;-1.578275e-08;1.108184e-06;-2.037180e-08;3.032791e-04;1.565791e-06;1.255735e-01;9.716418e-03;6.883112e-02;3.634202e-03;5.529791e-03;4.551798e-04;8.183937e-03;-1.058957e-03;1.972932e-02;4.397363e-04;3.423303e-02;-3.191096e-04;5.099850e-02;-1.195326e-03;7.118968e-02;1.113999e-04;7.334437e-02;4.857632e-04;1.059012e-01;3.149204e-03;1.382803e-01;8.186210e-03;1.236823e-01;7.795306e-03;1.139942e-01;3.985202e-03;1.296902e-01;4.084652e-03;1.243350e-01;2.380306e-03;1.328546e-01;8.693281e-03;1.232231e-01;1.076640e-02;1.208212e-01;7.350848e-03;1.177871e-01;2.894820e-03;1.120344e-01;6.087884e-03;1.045655e-01;3.839349e-03;1.030260e-01;4.066663e-03;9.630395e-02;4.841334e-03;9.808779e-02;5.134286e-03;8.954290e-02;3.895293e-03;7.455891e-02;2.663356e-03;6.844614e-02;1.891370e-03;5.014317e-02;8.239335e-04;3.995189e-02;1.498904e-03;3.355074e-02;9.382199e-04;3.724907e-02;2.081612e-04;6.767695e-02;1.770351e-03;2.745782e+01;6.172851e-01;1.012414e+02;-8.182617e-01;2.654130e+02;-8.685059e+00;4.466348e+02;-2.187774e+01;8.029454e-02;3.162448e-04;1.626067e+02;-8.084862e+00;3.234958e-01;-2.180167e-02;6.775301e+05;-5.864057e+04;9.643274e-01;5.613472e-02;2.565244e+01;1.220892e+00;2.359491e-02;-1.380335e-03;9.600831e-02;-4.945711e-03;8.213533e-02;6.024849e-03;1.638625e+00;2.733275e-02;1.581140e+00;-1.969407e-01;2.294784e+00;-1.030816e-01;2.349823e+00;-2.811482e-02;1.753775e+00;3.371782e-02;2.483407e+00;-2.007885e-02;1.883773e+00;7.717892e-02;2.005227e+00;3.790917e-01;2.021213e+00;1.758147e-01;2.039941e+00;-1.020676e-02;1.930401e+00;-4.902618e-02;2.452309e+00;6.268346e-02;2.013064e+00;1.501143e-01;1.852825e+00;6.698143e-04
143.000000;1.206410e+02;2.498933e+02;7.106868e-02;8.163870e-01;5.518325e-02;5.125568e-02;6.333879e-02;4.460953e-02;2.028309e-01;2.763757e-01;3.388567e+01;-6.413939e+00;4.375698e-01;1.828885e+00;2.320865e-01;1.053146e+00;1.814849e-02;4.985669e-02;2.268569e-02;6.781431e-02;6.024968e-02;1.442924e-01;9.604719e-02;2.843051e-01;1.425357e-01;4.328593e-01;1.768228e-01;5.903108e-01;1.744563e-01;6.956521e-01;3.051679e-01;8.535135e-01;3.529978e-01;9.272447e-01;3.132405e-01;9.717194e-01;3.620044e-01;1.000769e+00;3.753692e-01;1.079151e+00;3.271060e-01;1.125449e+00;3.320816e-01;1.233035e+00;4.653384e-01;1.422592e+00;3.884919e-01;1.455298e+00;4.564818e-01;1.444715e+00;3.987570e-01;1.481823e+00;4.064009e-01;1.542316e+00;3.645011e-01;1.507034e+00;3.340599e-01;1.552001e+00;3.913754e-01;1.516671e+00;3.784159e-01;1.416341e+00;3.189122e-01;1.281033e+00;2.951368e-01;1.117214e+00;2.608896e-01;9.361509e-01;1.989746e-01;7.592239e-01;1.465882e-01;6.110750e-01;1.083792e-01;1.017027e-01;2.169328e-01;2.973404e-01;4.330001e+01;6.834639e+02;2.878035e+02;9.609551e+02;5.389558e+02;1.504884e+03;8.960266e+02;2.259120e+03;2.470721e-01;4.319302e-01;3.448183e+02;1.287685e+03;1.083296e+00;4.250085e+00;1.229122e+06;1.430681e+06;3.289951e+00;5.819946e+00;8.394386e+01;7.714967e+01;8.438160e-02;-1.271534e-01;1.905855e-01;1.044452e+00;3.648810e-01;4.599265e-01;4.308361e+00;5.090760e+00;6.282647e+00;-2.264807e+01;7.924830e+00;-1.700059e+01;1.001708e+01;-2.333683e+01;7.434390e+00;-1.240330e+01;8.477518e+00;-1.269730e+01;5.439143e+00;1.287358e+00;1.154390e+01;1.089253e+01;8.524125e+00;6.411091e+00;8.729848e+00;-1.344655e+01;8.234213e+00;-1.549963e+01;7.156265e+00;-1.183253e+01;8.922629e+00;-7.225761e+00;5.594824e+00;-6.426494e+00;2.109563e-04;-4.617766e-05;3.537775e-07;-1.557163e-08;4.561697e-07;-5.189861e-09;5.618336e-07;-1.413437e-08;1.205956e-06;5.912537e-08;2.421995e-04;-1.846851e-06;1.120070e-01;-5.906986e-03;5.531997e-02;-3.622226e-03;4.480598e-03;-4.650866e-04;3.809228e-03;5.027715e-04;1.769391e-02;-1.475781e-04;3.253781e-02;-1.361716e-04;4.756739e-02;-2.087841e-04;5.275790e-02;-2.331525e-05;5.092573e-02;-1.012576e-03;6.544835e-02;-9.135115e-03;6.568749e-02;-1.521728e-02;6.410327e-02;-1.009308e-02;8.370699e-02;-1.067128e-02;9.797680e-02;-1.104591e-02;1.032197e-01;-7.983326e-03;7.291198e-02;-6.131355e-03;9.409466e-02;-1.845375e-03;9.302738e-02;3.472088e-03;1.259711e-01;1.809093e-03;1.005455e-01;-5.040287e-03;9.038526e-02;-1.393603e-03;9.051739e-02;-3.860845e-03;7.834360e-02;-3.250409e-03;8.457838e-02;-3.242639e-03;8.444446e-02;-2.784395e-03;7.443335e-02;-3.126680e-03;6.325401e-02;-1.361771e-03;5.214402e-02;-1.099345e-03;4.036012e-02;-4.393256e-04;2.916710e-02;-2.086227e-04;3.328228e-02;-2.590990e-03;6.471330e-02;-3.082558e-04;1.276765e+01;1.291992e-01;7.110960e+01;9.201856e+00;1.382915e+02;1.201553e+01;2.183284e+02;1.184326e+01;7.359372e-02;-1.297798e-03;8.064633e+01;7.651665e+00;2.259254e-01;1.510221e-02;3.377015e+05;1.307534e+04;7.125229e-01;-8.320760e-02;2.062914e+01;-2.214896e+00;2.127304e-02;2.005890e-03;4.546433e-02;4.159804e-03;6.837207e-02;-9.423003e-03;1.134062e+00;-7.062536e-02;1.270793e+00;9.090069e-03;1.983327e+00;2.688041e-01;2.419819e+00;3.145030e-01;1.551296e+00;-1.452091e-01;2.137744e+00;-2.717453e-01;1.936481e+00;-1.027284e-01;2.211523e+00;1.656830e-01;2.184348e+00;1.924640e-02;2.431201e+00;-1.103785e-01;1.791032e+00;5.130903e-02;2.236080e+00;7.734437e-02;1.926781e+00;-1.480015e-02;1.609583e+00;-2.954357e-02
143.500000;1.071711e+02;2.272186e+02;6.001769e-02;8.017613e-01;5.745950e-02;5.120592e-02;6.693293e-02;4.794106e-02;1.716669e-01;2.661944e-01;2.883593e+01;-3.556255e+00;4.966489e-01;1.589190e+00;2.480223e-01;9.923255e-01;1.659512e-02;3.550318e-02;2.283563e-02;8.337869e-02;6.065383e-02;1.376129e-01;9.819131e-02;2.770295e-01;1.447483e-01;4.304873e-01;1.689660e-01;5.674970e-01;1.785341e-01;6.730138e-01;1.860836e-01;7.540596e-01;1.917467e-01;8.035083e-01;2.164551e-01;8.842338e-01;3.678436e-01;9.761067e-01;3.600580e-01;1.034522e+00;3.557368e-01;1.114862e+00;3.329425e-01;1.126245e+00;3.368542e-01;1.139564e+00;2.968827e-01;1.233229e+00;4.307422e-01;1.374218e+00;3.830849e-01;1.374721e+00;3.412088e-01;1.433703e+00;4.512934e-01;1.484182e+00;3.456649e-01;1.455194e+00;4.588778e-01;1.475305e+00;4.447106e-01;1.392141e+00;4.105551e-01;1.266470e+00;3.544363e-01;1.100604e+00;2.943112e-01;9.303569e-01;2.163777e-01;7.590616e-01;1.514911e-01;6.025321e-01;4.784900e-02;4.752978e-02;1.915545e-01;2.129703e-01;8.349146e+01;7.136104e+02;3.442459e+02;1.055988e+03;4.673956e+02;1.761416e+03;8.152731e+02;2.756394e+03;2.047764e-01;3.305578e-01;2.851748e+02;1.476759e+03;8.775922e-01;4.649714e+00;1.160484e+06;1.995045e+06;1.591088e+00;4.296508e+00;2.974476e+01;3.848920e+01;5.572020e-02;-6.705608e-02;1.553707e-01;1.145794e+00;1.954446e-01;2.303116e-01;2.698855e+00;2.911837e+00;6.034273e+00;-2.224497e+01;6.895711e+00;-1.215138e+01;6.438142e+00;-2.080853e+01;1.040404e+01;-1.652337e+01;8.841819e+00;-1.402966e+01;5.927708e+00;2.601101e-02;9.741530e+00;1.017435e+01;8.918130e+00;5.079226e+00;7.645658e+00;-1.357211e+01;7.904339e+00;-1.425308e+01;6.205120e+00;-1.274864e+01;7.317134e+00;-7.010766e+00;5.053280e+00;-4.371681e+00;2.363433e-04;-4.070546e-05;3.186744e-07;-1.876602e-08;4.950072e-07;-5.097017e-09;6.107152e-07;3.723375e-08;1.449412e-06;-9.443562e-08;1.826804e-04;-8.101798e-07;8.473146e-02;-1.024675e-02;4.617183e-02;-3.356675e-03;2.128900e-03;-4.528110e-04;2.683014e-03;3.170824e-04;1.717742e-02;5.898416e-05;3.087875e-02;1.428668e-04;4.276074e-02;7.479858e-05;4.837704e-02;-9.591124e-04;4.354890e-02;-2.548432e-03;4.043463e-02;-3.992511e-03;3.272543e-02;-5.859177e-03;3.840134e-02;-5.184853e-03;7.877633e-02;-2.098070e-03;8.317143e-02;-3.423057e-03;8.590555e-02;-1.353828e-03;6.848117e-02;-7.168330e-03;6.787568e-02;-9.072223e-03;6.523108e-02;-7.407498e-03;1.088585e-01;-1.621536e-03;8.817524e-02;-5.889102e-03;7.340468e-02;-4.926332e-03;8.930062e-02;-4.451183e-03;6.876748e-02;-5.932168e-03;9.373169e-02;-4.793274e-03;8.254070e-02;-4.318008e-03;7.452992e-02;-2.164867e-03;6.264312e-02;-1.115315e-03;4.843703e-02;-6.376553e-04;3.914042e-02;-1.634217e-03;2.714110e-02;-9.994641e-04;1.536891e-02;-3.054668e-04;4.381264e-02;-1.808318e-03;3.242303e+01;0;1.005466e+02;3.014649e-01;9.399388e+01;2.583984e-01;1.648409e+02;3.732422e+00;4.705972e-02;-1.297719e-03;5.540446e+01;3.222491e+00;1.576447e-01;7.294668e-03;1.957443e+05;2.959521e+04;2.448154e-01;-4.605538e-02;4.138729e+00;-1.144838e+00;8.907068e-03;1.384282e-03;3.097512e-02;2.093634e-03;1.965214e-02;-6.005123e-03;9.305438e-01;-1.250985e-02;1.229629e+00;1.967514e-01;1.609233e+00;6.922387e-02;2.045444e+00;6.263085e-02;2.304496e+00;4.266457e-02;2.105583e+00;1.075889e-01;2.164653e+00;5.581259e-02;1.940369e+00;-2.408765e-01;1.883813e+00;-6.068098e-02;2.239490e+00;6.789524e-02;2.123422e+00;1.688203e-02;1.938356e+00;-1.274726e-01;1.742586e+00;-1.204793e-01;1.387940e+00;1.268226e-01
144.000000;9.320358e+01;1.420027e+02;7.620046e-02;7.651827e-01;5.223684e-02;3.534652e-02;5.410882e-02;3.700814e-02;1.522767e-01;1.636685e-01;4.609417e+01;-2.492438e+01;4.471001e-01;1.212396e+00;3.596717e-01;1.021364e+00;1.319046e-02;2.258085e-02;3.086924e-02;1.043764e-01;5.923539e-02;1.365127e-01;1.021054e-01;2.852379e-01;1.645909e-01;4.463807e-01;2.068777e-01;5.684585e-01;4.047672e-01;7.155630e-01;3.066034e-01;7.541238e-01;3.191288e-01;8.331447e-01;2.611783e-01;9.057944e-01;5.027816e-01;1.108085e+00;4.845578e-01;1.132373e+00;4.825079e-01;1.168336e+00;4.342127e-01;1.154373e+00;4.932724e-01;1.174129e+00;6.100471e-01;1.258803e+00;5.486809e-01;1.352432e+00;5.924436e-01;1.430234e+00;5.649080e-01;1.449253e+00;6.733457e-01;1.545407e+00;6.260253e-01;1.501657e+00;6.168714e-01;1.494547e+00;5.793362e-01;1.436947e+00;5.033755e-01;1.291108e+00;3.999224e-01;1.107518e+00;3.034209e-01;9.200448e-01;2.570904e-01;7.700185e-01;1.781639e-01;6.149772e-01;9.025833e-02;4.090731e-02;9.884550e-02;9.347538e-02;1.597641e+02;7.736162e+02;4.722048e+02;1.166095e+03;7.564648e+02;1.960239e+03;1.070002e+03;3.341235e+03;1.713259e-01;2.419819e-01;4.298265e+02;1.717235e+03;9.396350e-01;5.071993e+00;1.701647e+06;3.358032e+06;1.801736e+00;3.905044e+00;3.922743e+01;3.089001e+01;4.202393e-02;-2.998853e-02;2.471299e-01;1.291800e+00;1.730298e-01;9.659228e-02;4.595728e+00;2.025908e+00;5.307009e+00;-1.720812e+01;6.375206e+00;-1.178568e+01;6.442425e+00;-1.980319e+01;9.863239e+00;-1.577834e+01;6.946919e+00;-9.007468e+00;5.682060e+00;4.782507e-01;7.434876e+00;3.240771e+00;7.278620e+00;-1.095595e-01;4.655332e+00;-1.079122e+01;6.051406e+00;-1.293924e+01;7.103199e+00;-1.354613e+01;5.608009e+00;-8.257417e+00;5.335190e+00;-3.411409e+00;1.575898e-04;1.716775e-05;4.187626e-07;1.529375e-08;4.236683e-07;-5.268131e-08;4.303498e-07;-2.353005e-08;1.084983e-06;-5.474795e-08;2.555201e-04;2.021358e-06;9.107688e-02;7.270897e-03;6.353834e-02;6.643858e-03;3.003806e-03;5.205168e-04;6.210985e-03;-5.927185e-04;1.669294e-02;6.947098e-04;2.797283e-02;2.004709e-03;3.689678e-02;3.562479e-03;5.402135e-02;7.463827e-03;9.278408e-02;2.107765e-02;7.511024e-02;1.302703e-02;8.005463e-02;1.964210e-02;7.515235e-02;1.636723e-02;1.248786e-01;2.347109e-02;1.047742e-01;1.146893e-02;1.087977e-01;7.432829e-03;1.009516e-01;7.818063e-03;9.935851e-02;6.034086e-03;1.099505e-01;-2.533543e-03;1.056569e-01;-1.952718e-03;1.111627e-01;4.606952e-03;1.017174e-01;4.304862e-03;1.215143e-01;5.910408e-03;1.066885e-01;3.623309e-03;1.121980e-01;2.884102e-03;9.666368e-02;5.151724e-03;8.114942e-02;4.697469e-03;6.386302e-02;2.772459e-03;4.466500e-02;1.853542e-03;4.021296e-02;7.652987e-04;2.887419e-02;5.917465e-04;2.470176e-02;5.605055e-03;2.531490e-02;-6.462727e-05;4.894238e+01;-1.737012e+00;1.315758e+02;-8.799902e+00;1.902582e+02;-1.124033e+01;3.302840e+02;-1.155615e+01;3.678849e-02;6.678348e-04;1.284795e+02;-7.995728e+00;2.150523e-01;-1.016156e-02;5.129213e+05;-1.327362e+04;4.166227e-01;7.575411e-02;9.271347e+00;2.182933e+00;1.109111e-02;-2.445168e-03;7.698061e-02;-4.472487e-03;4.490038e-02;1.085755e-02;1.309214e+00;1.254995e-01;1.431846e+00;4.600660e-02;1.390454e+00;-2.182713e-01;1.904180e+00;-2.825876e-01;2.216860e+00;7.553897e-02;2.081767e+00;1.894192e-01;1.840013e+00;2.479834e-03;2.034733e+00;-2.424466e-01;2.110549e+00;-6.388838e-02;1.914627e+00;4.763709e-02;1.920091e+00;-8.133020e-02;2.399313e+00;1.326959e-01;1.669898e+00;1.902431e-01;1.636626e+00;3.366723e-02
144.500000;1.053978e+02;1.932121e+02;8.584931e-02;8.014671e-01;3.960601e-02;2.390687e-02;4.154238e-02;2.485897e-02;1.064356e-01;1.278956e-01;4.343652e+01;-1.564926e+01;5.702623e-01;1.483905e+00;3.330224e-01;1.096549e+00;2.438945e-02;3.867645e-02;5.125502e-02;8.938649e-02;4.812335e-02;1.373353e-01;9.742966e-02;2.845828e-01;1.772343e-01;4.574985e-01;2.810044e-01;5.918802e-01;6.098198e-01;8.733543e-01;4.390322e-01;9.524649e-01;4.736934e-01;9.198125e-01;4.366263e-01;1.095352e+00;6.096343e-01;1.219391e+00;4.822563e-01;1.230057e+00;4.848383e-01;1.219237e+00;4.199309e-01;1.244757e+00;4.638054e-01;1.327082e+00;6.083071e-01;1.403258e+00;5.304468e-01;1.439742e+00;5.760645e-01;1.512787e+00;5.661801e-01;1.525471e+00;6.119311e-01;1.619508e+00;6.068305e-01;1.617486e+00;5.225446e-01;1.553051e+00;4.674092e-01;1.470858e+00;3.865325e-01;1.322068e+00;3.144036e-01;1.139413e+00;2.384753e-01;9.406343e-01;2.227690e-01;7.812108e-01;1.767219e-01;6.319742e-01;2.889340e-01;1.942796e-01;1.265141e-01;1.437052e-01;1.843980e+02;7.275352e+02;5.265870e+02;1.051538e+03;1.039576e+03;1.603793e+03;1.671467e+03;2.731559e+03;1.537721e-01;2.954121e-01;6.757418e+02;1.479920e+03;1.217308e+00;4.490433e+00;2.640648e+06;2.791972e+06;2.796631e+00;5.306168e+00;6.747336e+01;6.298938e+01;9.424874e-02;-9.343656e-02;4.002864e-01;1.166100e+00;4.028912e-01;3.677545e-01;6.903967e+00;4.173219e+00;5.544081e+00;-1.766641e+01;6.123425e+00;-1.774871e+01;1.091243e+01;-2.777512e+01;6.611856e+00;-1.508290e+01;6.748075e+00;-6.191168e+00;6.976226e+00;1.568217e+00;8.186612e+00;2.271997e+00;7.531016e+00;-5.731354e-01;6.132392e+00;-9.644425e+00;8.146938e+00;-8.238610e+00;7.638227e+00;-6.317699e+00;3.530509e+00;-5.579623e+00;5.674131e+00;-5.076102e+00;1.238978e-04;1.694136e-05;4.253741e-07;-4.696948e-08;3.175296e-07;-3.559094e-08;3.172806e-07;-5.595170e-08;6.810982e-07;-1.837327e-08;2.217657e-04;-2.693165e-05;9.255683e-02;-8.493101e-04;6.093990e-02;-7.637270e-04;3.267909e-03;-5.268927e-05;8.212948e-03;1.754346e-03;1.416946e-02;-4.975204e-04;2.191808e-02;-4.483497e-04;3.395632e-02;2.391927e-04;5.475817e-02;-6.958700e-04;1.059591e-01;-1.323255e-03;8.563235e-02;-2.500572e-03;9.583553e-02;-5.056415e-03;8.789004e-02;-5.334585e-03;1.206538e-01;-4.123572e-03;9.868065e-02;-3.473920e-03;1.202190e-01;-3.076280e-03;1.054825e-01;-2.762956e-03;1.022017e-01;-1.645776e-03;1.222019e-01;1.023007e-03;1.092058e-01;2.222981e-04;1.155771e-01;-1.414308e-04;1.139025e-01;9.869608e-04;1.219397e-01;-7.237504e-04;1.104156e-01;9.066487e-04;1.032230e-01;2.156343e-03;9.224435e-02;2.361382e-03;7.623974e-02;1.052757e-03;5.514916e-02;4.167740e-04;4.095094e-02;9.348422e-04;3.819713e-02;1.279027e-03;3.232954e-02;3.681212e-04;5.493109e-02;-4.670289e-06;3.109137e-02;-1.241650e-05;4.749665e+01;3.875977e+00;1.376382e+02;2.384443e+01;2.554535e+02;4.586572e+01;4.288509e+02;7.014082e+01;3.493387e-02;1.060273e-04;1.666259e+02;2.727579e+01;2.394468e-01;3.426611e-02;679279;1.027946e+05;6.022698e-01;-3.475155e-02;1.490926e+01;-2.541744e-01;1.327237e-02;4.495131e-05;1.021828e-01;1.681531e-02;5.782032e-02;-1.672112e-04;1.343637e+00;-1.256789e-01;1.437878e+00;2.813674e-02;1.666832e+00;1.210589e-01;2.331441e+00;6.454664e-02;1.629021e+00;-3.067316e-03;1.966926e+00;-1.206064e-01;2.100100e+00;-9.312532e-02;2.163166e+00;-4.823141e-02;2.348036e+00;-1.734151e-01;2.132467e+00;-1.012685e-02;2.059401e+00;1.774696e-01;2.244973e+00;1.398135e-01;1.400479e+00;-6.032662e-03;1.664542e+00;-1.364700e-01
145.000000;8.270949e+01;2.155663e+02;7.292574e-02;8.394164e-01;2.039695e-02;1.499641e-02;1.195269e-02;1.078794e-02;1.530012e-01;1.464726e-01;3.468639e+01;-3.133536e+00;5.694486e-01;1.741603e+00;3.374497e-01;1.132426e+00;2.361924e-02;5.338542e-02;6.191928e-02;7.246409e-02;4.328875e-02;1.435314e-01;1.062994e-01;3.158175e-01;1.894757e-01;4.993598e-01;4.311409e-01;7.604994e-01;6.661298e-01;1.007743e+00;4.679134e-01;1.019414e+00;7.454492e-01;1.192085e+00;4.993020e-01;1.162992e+00;6.352024e-01;1.262225e+00;4.528023e-01;1.239160e+00;4.724977e-01;1.275840e+00;4.819162e-01;1.333611e+00;4.956406e-01;1.385218e+00;5.483537e-01;1.420107e+00;5.326005e-01;1.462515e+00;5.418853e-01;1.520491e+00;5.593023e-01;1.565205e+00;4.911907e-01;1.579668e+00;4.510010e-01;1.552262e+00;3.820222e-01;1.523625e+00;3.551228e-01;1.454141e+00;2.943495e-01;1.306655e+00;2.691228e-01;1.131539e+00;2.229353e-01;9.462903e-01;1.796349e-01;7.653700e-01;1.429493e-01;6.177248e-01;2.759492e-01;3.253816e-01;1.391943e-01;1.797294e-01;1.958147e+02;6.794443e+02;7.398783e+02;1.003017e+03;1.418676e+03;1.454209e+03;2.707286e+03;2.468423e+03;1.765289e-01;3.690263e-01;9.914346e+02;1.315379e+03;1.219075e+00;4.115998e+00;4.295398e+06;2.472626e+06;3.204307e+00;6.631547e+00;7.657225e+01;9.173219e+01;9.348326e-02;-1.530884e-01;6.242471e-01;1.078429e+00;3.717878e-01;5.948796e-01;7.335495e+00;7.935884e+00;5.928669e+00;-1.591333e+01;5.823787e+00;-1.999525e+01;9.076406e+00;-3.264613e+01;7.297641e+00;-1.795790e+01;8.711384e+00;-1.000407e+01;7.304133e+00;-1.969615e+00;7.057812e+00;-5.785042e-01;5.429829e+00;-1.839109e+00;5.719312e+00;-7.783025e+00;6.649233e+00;-6.035485e+00;6.157047e+00;-4.919268e+00;3.542454e+00;-5.035542e+00;4.512001e+00;-6.816578e+00;4.918878e-05;1.115827e-05;3.809152e-07;-1.808745e-09;1.609839e-07;9.070367e-09;9.851026e-08;2.821454e-09;1.155119e-06;-1.280144e-07;1.853555e-04;3.396249e-07;9.013797e-02;-2.452857e-03;5.517590e-02;-4.849266e-03;3.208506e-03;-1.259639e-04;8.671392e-03;1.889691e-06;1.229364e-02;-3.159060e-04;1.869220e-02;-1.196046e-03;3.210007e-02;-2.734771e-03;6.551022e-02;-7.502444e-03;1.014861e-01;-1.965932e-02;7.547128e-02;-1.217098e-02;1.306686e-01;-1.373303e-02;8.006186e-02;-1.118349e-02;9.769052e-02;-1.810744e-02;8.502223e-02;-8.315553e-03;1.031194e-01;-3.093999e-03;1.023280e-01;-1.542350e-03;1.098075e-01;-3.510770e-03;1.240670e-01;-1.313833e-03;1.102225e-01;-3.154058e-03;1.084357e-01;-2.353679e-03;1.099438e-01;-2.782828e-03;9.450044e-02;-3.152971e-03;8.955757e-02;-2.522435e-03;8.082594e-02;-1.163195e-03;8.290455e-02;-3.028936e-03;6.196915e-02;-1.863180e-03;4.832073e-02;-8.976095e-04;4.108569e-02;-4.925972e-04;3.316832e-02;-2.335644e-04;2.705918e-02;-5.590828e-05;5.469472e-02;-3.141415e-03;3.820588e-02;-4.312902e-04;4.316882e+01;1.607813e+00;1.496874e+02;-1.291992e-01;2.773610e+02;-1.636523e+00;5.282047e+02;-6.747071e-01;4.594097e-02;-2.361926e-04;1.816611e+02;-1.497109e-01;2.278639e-01;-3.899113e-03;7.825394e+05;7.927711e+02;7.747017e-01;7.643970e-03;2.023574e+01;-9.388173e-02;1.390794e-02;8.323736e-04;1.144160e-01;-1.083147e-04;5.364437e-02;-4.055416e-03;1.129947e+00;-9.358790e-03;1.354642e+00;5.004672e-02;1.757000e+00;3.196780e-02;2.380520e+00;4.935737e-02;1.735047e+00;4.391916e-02;1.800142e+00;-5.405670e-02;1.955909e+00;-4.649834e-02;1.944258e+00;7.681205e-02;2.085808e+00;7.781936e-02;1.823841e+00;-1.540915e-02;2.103405e+00;-1.026246e-01;2.001792e+00;-1.155384e-01;1.252352e+00;-5.626543e-02;1.563012e+00;1.913854e-02
145.500000;9.547512e+01;1.697584e+02;9.285530e-02;8.233165e-01;1.593628e-02;1.158134e-02;9.413082e-03;7.787548e-03;1.712856e-01;1.336601e-01;4.714405e+01;-1.471668e+01;5.336911e-01;1.642679e+00;3.297737e-01;1.064240e+00;2.308197e-02;4.946622e-02;6.650649e-02;7.926304e-02;4.322992e-02;1.434604e-01;9.172636e-02;3.152070e-01;1.620451e-01;4.814705e-01;4.007179e-01;7.150252e-01;5.252407e-01;8.500794e-01;3.795083e-01;8.140063e-01;7.262847e-01;1.059613e+00;4.069798e-01;9.350106e-01;4.949329e-01;1.091458e+00;4.010163e-01;1.093571e+00;4.385719e-01;1.181802e+00;4.483289e-01;1.242685e+00;4.597468e-01;1.310172e+00;5.260572e-01;1.381621e+00;5.396027e-01;1.438578e+00;5.415114e-01;1.483654e+00;5.516235e-01;1.537546e+00;4.588547e-01;1.512982e+00;4.486193e-01;1.502563e+00;3.898836e-01;1.481075e+00;3.925597e-01;1.406403e+00;3.308356e-01;1.262556e+00;3.081491e-01;1.113315e+00;2.719671e-01;9.421476e-01;1.982127e-01;7.618462e-01;1.328710e-01;6.123802e-01;2.061569e-01;3.176451e-01;1.256017e-01;1.302672e-01;2.152024e+02;6.464268e+02;7.793428e+02;1.039910e+03;1.476580e+03;1.573359e+03;2.788078e+03;2.644564e+03;2.010607e-01;3.429157e-01;1.038881e+03;1.357004e+03;1.380291e+00;4.355442e+00;4.230324e+06;2.686844e+06;4.059027e+00;7.201675e+00;9.246823e+01;1.067697e+02;8.740412e-02;-1.349340e-01;6.483207e-01;1.091569e+00;3.255061e-01;5.005224e-01;7.844796e+00;9.992664e+00;3.867936e+00;-1.173957e+01;7.384026e+00;-1.668805e+01;1.036514e+01;-2.836318e+01;8.873754e+00;-2.029889e+01;6.632827e+00;-1.473853e+01;4.041668e+00;-6.683313e+00;5.434478e+00;-4.852305e+00;4.814451e+00;-3.051533e+00;4.914935e+00;-9.002525e+00;7.941442e+00;-9.979840e+00;5.871914e+00;-6.235866e+00;4.143387e+00;-3.818344e+00;3.615039e+00;-7.454226e+00;2.872795e-05;3.937633e-06;3.647328e-07;1.277329e-08;1.293794e-07;-6.200394e-09;7.089002e-08;-5.088077e-09;1.153329e-06;-8.184831e-08;1.851933e-04;-1.672761e-06;8.700550e-02;5.943234e-04;5.254954e-02;8.333297e-04;3.250431e-03;1.020764e-05;7.649743e-03;-1.426053e-04;1.358472e-02;3.238670e-04;1.496241e-02;-1.933836e-04;2.598182e-02;-6.446800e-04;5.781783e-02;1.173470e-04;8.715732e-02;2.784229e-04;5.909934e-02;1.345038e-03;1.201090e-01;8.262818e-04;6.417152e-02;1.675776e-03;8.698647e-02;1.437133e-03;7.587489e-02;2.483766e-03;7.933255e-02;2.175777e-03;8.473644e-02;1.883338e-03;9.575791e-02;1.696873e-03;1.116227e-01;7.004365e-04;1.082854e-01;6.387295e-04;1.047001e-01;3.884295e-04;1.096889e-01;8.861402e-05;8.918998e-02;2.548338e-03;9.513555e-02;2.241954e-03;7.523118e-02;1.405500e-03;7.864278e-02;-8.818039e-05;5.638375e-02;3.794443e-04;5.050004e-02;3.445768e-04;4.709812e-02;-2.382214e-04;3.184476e-02;-3.683245e-04;2.327778e-02;2.197235e-04;3.411141e-02;3.039493e-05;3.580573e-02;3.112998e-05;4.532510e+01;-3.732422e+00;1.369117e+02;-7.235156e+00;2.479231e+02;-4.234863e+00;4.918609e+02;-7.795020e+00;5.678180e-02;3.457892e-04;1.674909e+02;-4.789628e+00;1.884131e-01;-7.578867e-04;7.380386e+05;-1.300090e+04;7.458683e-01;2.211688e-03;1.946485e+01;1.588281e-02;1.463521e-02;-1.162804e-05;1.066475e-01;-3.010651e-03;4.597859e-02;1.548379e-05;1.167513e+00;3.428412e-02;1.253865e+00;3.853927e-03;1.542824e+00;-4.372101e-03;2.083861e+00;2.983443e-02;1.658931e+00;-8.382182e-03;1.683494e+00;-4.472243e-02;1.409104e+00;-1.037349e-01;1.703320e+00;-6.576818e-02;1.884154e+00;5.602607e-02;1.408601e+00;4.174225e-02;1.606183e+00;2.875761e-02;2.058011e+00;3.822017e-02;1.308805e+00;6.003790e-02;1.409400e+00;4.664610e-02
146.000000;1.994010e+02;1.957804e+02;1.079520e-01;7.759928e-01;3.922791e-02;1.857872e-02;2.853800e-02;1.312293e-02;1.766641e-01;1.285533e-01;5.279125e+01;-3.633598e+01;5.824137e-01;1.407287e+00;4.187360e-01;1.056104e+00;2.220576e-02;3.488658e-02;7.763117e-02;1.217032e-01;6.638854e-02;1.448901e-01;1.350354e-01;2.803634e-01;2.222724e-01;4.294568e-01;3.051692e-01;5.440612e-01;4.193200e-01;6.890267e-01;5.679232e-01;8.351524e-01;4.578856e-01;7.814048e-01;4.654820e-01;8.715633e-01;5.105357e-01;9.866810e-01;5.814995e-01;1.101596e+00;5.323739e-01;1.137337e+00;5.905641e-01;1.281223e+00;5.255678e-01;1.327311e+00;8.569592e-01;1.550858e+00;9.663380e-01;1.685743e+00;5.728951e-01;1.466278e+00;5.664712e-01;1.500466e+00;5.362777e-01;1.534892e+00;5.695648e-01;1.566101e+00;5.672619e-01;1.551014e+00;5.643020e-01;1.468855e+00;3.619741e-01;1.279506e+00;3.420628e-01;1.124259e+00;2.958669e-01;9.414498e-01;2.131478e-01;7.607901e-01;1.544816e-01;6.184287e-01;2.111332e-01;1.950092e-01;1.831719e-01;1.407067e-01;4.734238e+02;9.279375e+02;9.586240e+02;1.588289e+03;1.792858e+03;2.557427e+03;3.333951e+03;4.240605e+03;2.046528e-01;2.870485e-01;1.282270e+03;2.070805e+03;1.474570e+00;5.122961e+00;5340422;4682946;4.081136e+00;5.053161e+00;8.789577e+01;6.693801e+01;7.336695e-02;-7.626223e-02;8.132033e-01;1.521523e+00;2.685097e-01;2.740544e-01;9.945395e+00;3.493072e+00;5.649782e+00;-1.326654e+01;7.287923e+00;-1.020533e+01;1.226631e+01;-1.792772e+01;9.365959e+00;-1.686724e+01;8.492249e+00;-1.660594e+01;5.201983e+00;-6.170573e+00;7.939085e+00;-2.358956e+00;6.671257e+00;-2.807923e+00;7.202928e+00;-6.269458e+00;1.277700e+01;-3.387760e+00;5.565201e+00;-3.136637e+00;5.381827e+00;-4.110205e+00;4.424040e+00;-7.226608e+00;1.640157e-05;2.438614e-06;4.318687e-07;6.379808e-09;2.478969e-07;-4.487175e-08;1.706138e-07;-3.590944e-08;8.753881e-07;-9.994023e-08;2.314341e-04;-2.877150e-06;1.062595e-01;-5.367659e-03;7.350919e-02;-2.936631e-04;3.254663e-03;-4.222694e-04;7.183784e-03;6.083396e-04;2.008541e-02;-4.446365e-04;3.692726e-02;-1.860133e-03;6.117852e-02;-2.736921e-03;8.482309e-02;-2.826027e-03;8.618654e-02;-3.634884e-04;1.133575e-01;6.655053e-04;1.083526e-01;-5.068561e-03;1.159204e-01;-5.253658e-03;1.152396e-01;-3.628510e-03;1.369530e-01;-6.860138e-04;1.237394e-01;-5.142315e-03;1.061846e-01;4.163088e-03;9.614283e-02;5.524337e-03;1.210757e-01;-5.844159e-04;1.365628e-01;1.604112e-03;1.238832e-01;7.993609e-04;1.223686e-01;1.936040e-03;1.142765e-01;3.879493e-03;1.079706e-01;1.753424e-03;1.068653e-01;1.092704e-03;1.028101e-01;-2.116202e-04;6.255441e-02;8.509762e-04;6.100984e-02;-1.597915e-04;5.121424e-02;-8.359482e-04;3.553213e-02;4.309967e-05;2.703589e-02;-1.453404e-04;3.845406e-02;-2.545767e-03;4.672583e-02;5.594658e-04;1.094559e+02;5.498145e+00;1.633050e+02;9.173144e+00;2.312156e+02;1.254668e+01;5.064911e+02;2.075801e+01;5.916524e-02;-8.069741e-04;1.723010e+02;1.049820e+01;1.490928e-01;1.179113e-02;7.840198e+05;1.639042e+04;4.142260e-01;-8.712623e-02;1.004980e+01;-2.181785e+00;1.418506e-02;1.675658e-03;1.110549e-01;5.999319e-03;3.749881e-02;-6.990930e-03;1.454592e+00;-2.142083e-01;1.231326e+00;-1.418615e-01;1.514019e+00;2.088780e-01;2.073588e+00;2.624185e-01;1.911299e+00;2.076493e-02;2.472402e+00;-9.572937e-02;1.758835e+00;-8.571009e-02;1.954486e+00;1.444627e-01;2.056614e+00;2.272794e-01;2.025915e+00;2.104969e-01;2.235310e+00;2.727704e-01;2.043549e+00;2.447896e-01;1.513070e+00;7.580465e-02;1.522872e+00;-1.187780e-01
146.500000;2.427971e+02;2.688478e+02;1.085393e-01;7.552104e-01;5.135720e-02;3.112745e-02;6.583011e-02;3.034215e-02;2.025542e-01;1.551280e-01;5.012557e+01;-4.120471e+01;5.768968e-01;1.143534e+00;5.056958e-01;1.108890e+00;1.694399e-02;2.289886e-02;7.865354e-02;1.368594e-01;8.131339e-02;1.465249e-01;1.674748e-01;2.897040e-01;2.549845e-01;4.411800e-01;5.271443e-01;7.397852e-01;7.108982e-01;9.296677e-01;6.456239e-01;9.822688e-01;5.414729e-01;8.712199e-01;6.117132e-01;9.995278e-01;5.979986e-01;1.057229e+00;6.321478e-01;1.155036e+00;7.973610e-01;1.385672e+00;6.845682e-01;1.386558e+00;6.016311e-01;1.379108e+00;9.486135e-01;1.542811e+00;1.071698e+00;1.620371e+00;7.016472e-01;1.504394e+00;6.873768e-01;1.536716e+00;6.408862e-01;1.554438e+00;6.512338e-01;1.578869e+00;6.405663e-01;1.540287e+00;6.315507e-01;1.475760e+00;4.141415e-01;1.295915e+00;3.745416e-01;1.114266e+00;3.171879e-01;9.404340e-01;2.240390e-01;7.551439e-01;1.746579e-01;6.082520e-01;1.667830e-01;1.143720e-01;1.834300e-01;1.295454e-01;4.807273e+02;1.037757e+03;9.658516e+02;1.807066e+03;1.787847e+03;2.964548e+03;3.199700e+03;5.054130e+03;1.960780e-01;2.352410e-01;1.233375e+03;2.427831e+03;1.485370e+00;5.358754e+00;5354726;5987703;1.457484e+00;3.139999e+00;1.638103e+01;2.083667e+01;4.403469e-02;-3.487688e-02;7.985781e-01;1.740372e+00;1.450468e-01;1.180974e-01;4.961191e+00;-2.499074e+00;6.441563e+00;-1.523611e+01;4.401849e+00;-6.934453e+00;5.119615e+00;-1.098121e+01;7.227894e+00;-1.245527e+01;1.181251e+01;-2.035596e+01;1.310912e+01;-1.246261e+01;1.103303e+01;-1.940430e+00;1.164822e+01;4.156364e+00;8.840076e+00;2.254470e+00;1.101864e+01;4.642480e+00;7.880007e+00;1.410041e+00;7.823386e+00;-1.642435e+00;8.343384e+00;-5.391386e+00;3.230857e-04;-6.015627e-05;4.903059e-07;5.692372e-08;3.573830e-07;-2.864549e-08;4.774334e-07;2.463819e-08;9.825147e-07;-3.094983e-07;2.568996e-04;3.047013e-05;1.051548e-01;6.488407e-03;8.737898e-02;4.097790e-03;2.985640e-03;3.780932e-04;8.830406e-03;-2.102671e-03;2.054579e-02;2.146438e-04;4.196696e-02;4.228804e-04;6.742972e-02;1.386052e-03;9.949010e-02;8.355423e-03;1.223681e-01;1.063903e-02;1.272175e-01;7.656381e-03;1.370459e-01;1.876177e-03;1.519075e-01;2.920185e-03;1.370561e-01;3.692521e-03;1.519343e-01;3.527044e-03;1.544748e-01;9.087624e-03;1.267119e-01;5.682711e-03;1.138508e-01;4.740055e-03;1.354665e-01;5.793634e-03;1.561699e-01;4.436544e-03;1.506512e-01;5.796135e-03;1.470668e-01;6.326292e-03;1.295600e-01;3.475431e-03;1.163911e-01;3.047961e-03;1.116408e-01;3.931509e-03;1.074468e-01;3.984304e-03;6.541897e-02;3.101635e-03;6.456450e-02;1.833766e-03;4.884401e-02;2.004574e-03;3.446391e-02;1.573922e-03;2.806645e-02;1.036125e-03;3.333057e-02;6.159041e-03;4.463974e-02;6.509557e-04;1.237256e+02;-2.727539e+00;1.824213e+02;-1.940859e+01;2.628624e+02;-4.447324e+01;5.469743e+02;-6.884883e+01;5.074177e-02;4.441125e-04;1.944880e+02;-2.837941e+01;2.069368e-01;-4.600072e-02;8.442666e+05;-1.180679e+05;2.658750e-01;7.090840e-02;4.075435e+00;1.079272e+00;1.163966e-02;-9.015392e-04;1.255082e-01;-1.814950e-02;3.312372e-02;3.596155e-03;1.477997e+00;8.188516e-02;1.507970e+00;-8.387177e-02;1.623391e+00;-2.653056e-02;1.789543e+00;-3.093689e-02;1.975367e+00;-1.199972e-01;2.759504e+00;-3.166152e-01;2.310822e+00;-3.551615e-01;2.263701e+00;-1.951539e-01;2.570964e+00;8.362661e-02;2.412366e+00;3.119696e-01;2.515291e+00;2.544897e-01;2.014183e+00;1.782159e-01;1.607687e+00;1.526463e-01;1.769784e+00;1.372460e-01
147.000000;1.942849e+02;3.481733e+02;1.013440e-01;8.011367e-01;4.179341e-02;3.079307e-02;6.202667e-02;3.113732e-02;1.794415e-01;1.585669e-01;4.415836e+01;-1.576757e+01;4.169610e-01;1.266558e+00;3.437625e-01;1.065650e+00;1.659271e-02;3.264351e-02;7.576732e-02;8.718821e-02;6.304201e-02;1.462004e-01;1.273401e-01;3.049273e-01;1.829975e-01;4.602922e-01;4.571872e-01;7.582034e-01;6.247421e-01;9.356620e-01;4.158612e-01;8.959257e-01;4.435823e-01;9.364732e-01;4.728597e-01;1.046608e+00;4.421464e-01;1.079529e+00;4.602018e-01;1.134882e+00;6.785604e-01;1.327066e+00;4.453004e-01;1.241126e+00;3.955234e-01;1.256362e+00;5.022064e-01;1.293207e+00;5.432620e-01;1.312155e+00;5.284919e-01;1.456411e+00;5.443216e-01;1.519860e+00;5.071840e-01;1.527729e+00;4.568745e-01;1.506571e+00;4.285241e-01;1.464310e+00;4.580265e-01;1.406182e+00;3.628176e-01;1.290432e+00;3.210918e-01;1.112170e+00;2.680136e-01;9.304864e-01;1.902748e-01;7.564397e-01;1.475303e-01;6.076908e-01;2.776540e-01;3.248502e-01;9.046454e-02;1.063633e-01;3.856225e+02;6.742764e+02;8.878652e+02;1.077665e+03;1.585775e+03;1.798740e+03;2.405401e+03;3.172989e+03;1.594102e-01;2.439483e-01;1.093464e+03;1.553073e+03;1.664714e+00;4.206806e+00;3.695642e+06;3.268517e+06;3.069740e+00;5.292589e+00;5.878154e+01;5.880516e+01;4.562913e-02;-6.050924e-02;6.896695e-01;1.185385e+00;1.567518e-01;2.049207e-01;6.175229e+00;2.447700e+00;5.367315e+00;-1.389215e+01;4.835209e+00;-8.683589e+00;4.672414e+00;-1.438419e+01;7.357430e+00;-1.551904e+01;1.350426e+01;-2.755252e+01;1.469157e+01;-2.509156e+01;1.042395e+01;-1.019999e+01;1.028112e+01;8.704823e+00;1.095249e+01;1.053038e+01;1.113701e+01;9.012148e+00;8.575464e+00;8.385240e+00;9.095525e+00;6.743652e+00;1.108753e+01;5.530381e-01;3.232703e-04;-6.253093e-05;4.141566e-07;-6.153604e-08;2.807335e-07;3.727047e-08;4.455891e-07;7.671167e-08;9.880708e-07;-5.816404e-08;2.330436e-04;-1.531095e-05;8.750089e-02;-5.174443e-03;6.730343e-02;-2.458130e-03;2.283297e-03;-1.467681e-04;9.041004e-03;1.379189e-03;1.803243e-02;4.150281e-05;3.488404e-02;1.654014e-04;4.823378e-02;-7.696298e-07;5.689855e-02;-1.114097e-03;9.153963e-02;-5.175042e-03;6.621769e-02;-6.745788e-03;1.208118e-01;-9.176939e-04;1.165323e-01;-9.229876e-04;1.056167e-01;-2.686658e-03;1.260140e-01;-2.591509e-03;1.059380e-01;-1.625220e-03;8.583442e-02;-1.081182e-02;9.549382e-02;-1.004583e-02;1.055127e-01;-3.532008e-03;1.207056e-01;-4.952606e-03;1.280140e-01;-3.866228e-03;1.359504e-01;-4.420986e-03;1.109132e-01;-5.809892e-03;9.659574e-02;-1.696876e-03;9.070180e-02;-1.491153e-03;9.645072e-02;1.178702e-03;7.255390e-02;-2.546468e-04;5.940181e-02;3.200722e-04;4.241122e-02;1.955054e-03;3.148024e-02;7.806070e-04;2.658362e-02;3.091016e-04;2.910078e-02;-3.336664e-04;3.053777e-02;-1.141133e-03;8.261553e+01;4.521973e+00;1.607863e+02;1.747061e+01;2.580990e+02;3.538623e+01;3.903433e+02;5.179453e+01;5.109452e-02;-6.175759e-04;1.715832e+02;2.281898e+01;2.471382e-01;2.943627e-02;6.176801e+05;8.974682e+04;4.710928e-01;-2.886027e-02;9.423263e+00;-2.731110e-01;8.045846e-03;1.762845e-04;1.095618e-01;1.434250e-02;1.742906e-02;-8.187212e-04;1.206594e+00;-4.373037e-02;1.475960e+00;2.008830e-01;1.685700e+00;-7.935785e-03;1.380016e+00;-3.717557e-02;1.844807e+00;1.199867e-01;2.622368e+00;1.430934e-01;2.807550e+00;3.966583e-02;2.208549e+00;-2.475828e-01;2.550748e+00;-1.890314e-01;2.380096e+00;-5.817435e-02;2.337708e+00;-3.228100e-02;2.075059e+00;-5.978757e-02;1.884089e+00;-9.168038e-03;2.086267e+00;1.148941e-01
147.500000;1.953568e+02;2.498688e+02;1.083840e-01;7.827036e-01;2.745731e-02;2.005642e-02;1.972734e-02;1.388110e-02;1.470788e-01;1.188388e-01;5.000463e+01;-2.654718e+01;5.472609e-01;1.302500e+00;4.084587e-01;1.114565e+00;2.225598e-02;3.545983e-02;8.374730e-02;1.022562e-01;5.610448e-02;1.444163e-01;1.435294e-01;3.318360e-01;2.632940e-01;5.332767e-01;3.521300e-01;6.289143e-01;6.041122e-01;8.419887e-01;7.324795e-01;9.827490e-01;1.113385e+00;1.321397e+00;7.454215e-01;1.250597e+00;8.693874e-01;1.361519e+00;5.927054e-01;1.290957e+00;4.809423e-01;1.189944e+00;4.916595e-01;1.239966e+00;5.014108e-01;1.320683e+00;5.106561e-01;1.367223e+00;5.122699e-01;1.427979e+00;5.035565e-01;1.477119e+00;5.073549e-01;1.530538e+00;5.128143e-01;1.551204e+00;4.503640e-01;1.523559e+00;4.296995e-01;1.509669e+00;4.346944e-01;1.445985e+00;3.625903e-01;1.291430e+00;3.265778e-01;1.121350e+00;2.462658e-01;9.302891e-01;1.842180e-01;7.555276e-01;1.303704e-01;6.085763e-01;2.813196e-01;3.074917e-01;1.246640e-01;1.171514e-01;4.470471e+02;7.790713e+02;1.125528e+03;1.328168e+03;2.066399e+03;2.249933e+03;3.391152e+03;3.886169e+03;1.630664e-01;2.585194e-01;1.404040e+03;1.835436e+03;1.837870e+00;4.604725e+00;5.237960e+06;4480338;3.365615e+00;5.360815e+00;6.094394e+01;6.330883e+01;7.350766e-02;-7.933651e-02;8.933419e-01;1.379487e+00;2.958513e-01;2.912868e-01;7.626544e+00;3.619723e+00;4.564010e+00;-1.227441e+01;6.661049e+00;-1.062883e+01;9.449792e+00;-1.677490e+01;9.012925e+00;-1.349475e+01;1.578360e+01;-2.034644e+01;1.643351e+01;-1.750020e+01;6.985761e+00;-1.032139e+01;9.099763e+00;2.062930e+00;1.300388e+01;5.525506e+00;1.191562e+01;4.309105e+00;1.085740e+01;3.807415e+00;1.019637e+01;3.492641e+00;1.031767e+01;-1.620788e+00;3.389661e-05;1.141415e-05;3.637622e-07;-9.840166e-09;1.205113e-07;2.580024e-09;8.490929e-08;6.429238e-09;8.696477e-07;1.729570e-08;2.264470e-04;1.235485e-08;8.588313e-02;9.505622e-03;6.126977e-02;4.388395e-03;2.808004e-03;2.657626e-04;8.890164e-03;2.529605e-04;2.004372e-02;6.178216e-04;3.925478e-02;2.060812e-03;6.012055e-02;4.662524e-03;5.938954e-02;-3.536794e-03;8.418135e-02;-1.015283e-03;1.394539e-01;3.535341e-03;2.361365e-01;1.087609e-02;1.118417e-01;1.518983e-02;1.382670e-01;1.409025e-02;1.239632e-01;1.453597e-02;7.410213e-02;3.187862e-03;9.231132e-02;4.328528e-03;9.802008e-02;7.035605e-03;1.151062e-01;3.793211e-03;1.098748e-01;3.625934e-03;1.139617e-01;4.069234e-03;1.027307e-01;4.570352e-03;9.691235e-02;7.066631e-03;8.575646e-02;5.407903e-03;8.887905e-02;-7.217247e-05;8.737089e-02;1.980375e-03;6.927949e-02;2.235292e-03;5.479308e-02;2.198502e-03;4.039663e-02;1.213148e-03;3.235158e-02;1.480137e-03;2.394734e-02;9.611320e-04;3.103350e-02;-3.365570e-03;3.103083e-02;4.931561e-03;1.112600e+02;2.928516e+00;2.193488e+02;3.344824e+00;3.699787e+02;5.239746e+00;6.201262e+02;-3.014649e-01;4.944065e-02;2.963334e-03;2.404367e+02;2.947320e+00;2.541313e-01;1.596648e-02;9.050659e+05;-2.026181e+03;5.769887e-01;-7.208195e-03;1.084855e+01;1.559878e-02;1.142721e-02;-1.380912e-03;1.564094e-01;2.432866e-03;4.035183e-02;5.229250e-03;1.692888e+00;8.479297e-02;1.668627e+00;-8.172154e-02;1.578838e+00;-1.587161e-01;1.862081e+00;-1.179998e-01;2.172283e+00;7.092286e-02;2.409173e+00;4.597661e-01;2.399922e+00;4.729969e-01;2.160126e+00;1.725279e-01;2.412096e+00;-1.601348e-01;2.089720e+00;-3.659860e-01;2.181769e+00;-3.460988e-01;2.076349e+00;-1.952208e-01;1.873540e+00;-1.802332e-01;1.996802e+00;-2.218886e-01
148.000000;1.252860e+02;1.425709e+02;1.160139e-01;7.721869e-01;1.610631e-02;8.730376e-03;8.216484e-03;4.956863e-03;1.091376e-01;7.738128e-02;5.264214e+01;-3.765616e+01;5.631818e-01;1.332589e+00;4.094208e-01;1.079378e+00;2.496733e-02;3.579444e-02;7.488035e-02;1.141446e-01;5.432830e-02;1.353902e-01;1.434725e-01;2.969154e-01;2.649597e-01;4.840803e-01;3.424552e-01;5.742022e-01;6.085007e-01;7.523825e-01;7.699671e-01;9.773677e-01;1.134094e+00;1.212276e+00;8.320807e-01;1.268110e+00;9.037329e-01;1.269184e+00;5.883095e-01;1.227704e+00;4.687787e-01;1.162529e+00;5.026484e-01;1.224107e+00;5.355578e-01;1.293035e+00;5.319948e-01;1.343760e+00;5.136467e-01;1.398568e+00;5.092496e-01;1.453818e+00;4.774936e-01;1.470068e+00;4.637996e-01;1.506003e+00;4.399092e-01;1.528696e+00;4.068876e-01;1.479050e+00;4.032936e-01;1.397111e+00;3.377689e-01;1.260034e+00;3.012742e-01;1.093591e+00;2.346162e-01;9.107659e-01;1.737936e-01;7.459163e-01;1.232052e-01;5.991576e-01;2.104359e-01;1.801395e-01;1.354498e-01;1.095100e-01;3.641562e+02;8.822871e+02;9.645381e+02;1.517660e+03;1.920273e+03;2.482491e+03;3.409050e+03;3.984217e+03;1.470155e-01;2.600451e-01;1.308358e+03;1.989548e+03;1.676634e+00;4.996707e+00;5.146948e+06;4605266;3.764056e+00;5.596711e+00;7.606870e+01;7.423533e+01;8.589138e-02;-8.629145e-02;8.181694e-01;1.492121e+00;3.558403e-01;3.448811e-01;8.219630e+00;3.470662e+00;5.560012e+00;-1.475611e+01;9.431922e+00;-1.580590e+01;1.590769e+01;-2.511467e+01;9.094688e+00;-1.192234e+01;7.162732e+00;-5.105453e+00;6.263717e+00;-2.401898e+00;6.849250e+00;-2.417611e+00;6.339354e+00;-1.237845e+00;7.075522e+00;-5.779205e+00;8.009693e+00;-4.526720e+00;6.428364e+00;-4.648834e+00;4.490123e+00;-4.423085e+00;5.152750e+00;-6.078675e+00;3.505047e-05;1.805379e-05;4.253344e-07;3.971374e-08;7.289753e-08;-1.409783e-08;4.850483e-08;-7.971062e-09;7.081838e-07;-8.705208e-08;2.473425e-04;1.425354e-05;8.473337e-02;5.266744e-03;5.928845e-02;2.069661e-03;3.287927e-03;2.031937e-04;9.051803e-03;-1.751071e-03;1.863147e-02;3.674681e-04;3.599431e-02;1.186993e-03;5.807565e-02;1.080883e-03;6.904842e-02;3.359860e-03;9.037036e-02;2.889963e-03;1.456958e-01;5.217916e-03;2.239019e-01;3.150112e-03;1.093539e-01;3.347292e-03;1.386524e-01;4.901071e-03;1.089281e-01;3.542172e-03;9.407593e-02;4.047556e-03;1.007125e-01;2.092723e-03;1.024672e-01;2.354944e-03;1.218521e-01;3.473568e-03;1.160723e-01;3.953238e-03;1.184919e-01;2.520091e-03;9.463555e-02;2.998784e-03;9.176123e-02;9.534936e-04;8.492339e-02;-1.228610e-03;8.023588e-02;-2.891860e-04;6.864315e-02;5.457094e-04;5.662959e-02;1.246821e-03;5.091456e-02;1.422698e-03;3.904610e-02;-2.575846e-04;3.038373e-02;2.765749e-04;2.217963e-02;6.566268e-04;3.763785e-02;1.196167e-03;3.297154e-02;4.748186e-04;1.043686e+02;-9.532031e+00;2.057982e+02;-2.418896e+01;3.763373e+02;-4.046807e+01;6.507840e+02;-5.653184e+01;4.027446e-02;1.943605e-03;2.435199e+02;-2.722733e+01;2.714711e-01;-2.557173e-02;9.222791e+05;-8.612403e+04;6.582171e-01;4.721816e-02;1.283194e+01;6.713399e-01;1.234578e-02;-4.012880e-04;1.566482e-01;-1.657887e-02;5.013840e-02;1.603286e-03;1.798121e+00;1.562617e-01;1.627319e+00;-6.432188e-02;2.043777e+00;-1.749641e-01;2.608928e+00;-1.516260e-01;2.140532e+00;-4.198435e-02;1.988418e+00;1.246882e-01;1.802457e+00;1.979837e-01;2.111200e+00;9.415377e-02;2.142916e+00;-8.402510e-02;1.959015e+00;-7.402600e-02;2.066789e+00;-1.137912e-01;1.771689e+00;-9.640589e-02;1.662312e+00;-7.304060e-02;1.655611e+00;-5.999902e-02
148.500000;9.276919e+01;1.988890e+02;8.849198e-02;8.488274e-01;6.387739e-03;7.648956e-03;4.422281e-03;5.976450e-03;8.324609e-02;8.838435e-02;4.146357e+01;-5.950338e+00;2.772517e-01;1.578126e+00;1.388593e-01;1.040628e+00;1.769098e-02;5.169211e-02;4.523991e-02;6.018015e-02;3.826505e-02;1.351315e-01;1.016411e-01;3.059785e-01;1.549878e-01;4.743908e-01;2.063148e-01;6.442274e-01;3.234421e-01;8.110409e-01;4.075516e-01;9.315996e-01;5.381439e-01;1.061305e+00;4.474234e-01;1.087356e+00;3.585268e-01;1.096899e+00;3.019833e-01;1.080309e+00;2.343491e-01;1.133343e+00;2.383323e-01;1.203096e+00;2.985750e-01;1.254484e+00;2.993293e-01;1.299418e+00;2.892725e-01;1.343479e+00;2.851022e-01;1.394994e+00;3.023352e-01;1.463058e+00;2.414894e-01;1.483410e+00;2.822275e-01;1.513595e+00;2.476868e-01;1.435500e+00;2.670227e-01;1.350862e+00;2.424989e-01;1.233167e+00;2.006908e-01;1.077063e+00;1.582265e-01;8.997676e-01;1.366239e-01;7.418383e-01;1.040544e-01;6.010112e-01;1.862046e-01;2.973764e-01;8.947074e-02;8.965662e-02;1.727346e+02;6.541787e+02;4.286895e+02;9.002314e+02;9.794151e+02;1.235432e+03;1.646635e+03;1.733997e+03;1.010244e-01;2.906220e-01;6.593384e+02;1.095746e+03;1.310896e+00;3.728718e+00;1.852560e+06;1.275158e+06;4.469963e+00;9.532617e+00;1.244958e+02;1.726883e+02;6.797859e-02;-1.357801e-01;3.885911e-01;9.343436e-01;2.973699e-01;5.622024e-01;7.240184e+00;1.058109e+01;5.410690e+00;-1.420991e+01;7.403158e+00;-2.085972e+01;1.166492e+01;-3.524794e+01;8.410315e+00;-2.015686e+01;7.292027e+00;-7.371865e+00;6.519070e+00;-3.364180e+00;5.749657e+00;-6.160858e-01;5.999135e+00;1.529580e+00;7.056308e+00;-9.597947e+00;8.071873e+00;-8.402494e+00;7.248241e+00;-6.672945e+00;7.031071e+00;-4.533103e+00;4.341263e+00;-4.761173e+00;3.567491e-05;1.107720e-05;3.474216e-07;7.055974e-09;5.072202e-08;-1.364925e-09;3.456156e-08;-7.093618e-10;6.710771e-07;-7.720769e-08;1.844605e-04;6.839159e-07;7.597716e-02;-6.914924e-03;4.428227e-02;-4.946209e-03;3.179535e-03;-2.040763e-04;6.357451e-03;-8.654574e-05;1.577791e-02;-7.666846e-04;2.711395e-02;-5.116892e-04;4.057398e-02;-2.620922e-03;5.250897e-02;-1.105298e-03;6.668133e-02;-4.803536e-03;8.088245e-02;-7.330942e-03;1.035480e-01;-8.591689e-03;6.343265e-02;-1.354652e-02;8.684362e-02;-1.178509e-02;8.730353e-02;-1.440602e-02;8.018634e-02;-1.002987e-02;7.562721e-02;-6.298523e-03;9.104026e-02;-6.910812e-03;9.867202e-02;-5.262033e-03;1.007943e-01;-4.072245e-03;8.783044e-02;-5.418278e-03;8.176276e-02;-6.359216e-03;7.464290e-02;-6.397058e-03;6.921940e-02;-3.712533e-03;7.969719e-02;-2.069589e-03;7.221676e-02;-1.078258e-03;5.994217e-02;-1.849491e-03;4.699260e-02;-1.448883e-03;3.278970e-02;-7.948566e-04;2.860021e-02;-1.220260e-03;2.071724e-02;-2.111084e-04;4.236227e-02;1.730730e-03;2.743102e-02;-5.336481e-03;3.508788e+01;-2.899805e+00;8.961681e+01;-2.268164e+00;1.938404e+02;-2.770606e+00;3.150809e+02;-3.703711e+00;3.754633e-02;-2.619405e-03;1.243884e+02;-2.314344e+00;2.294270e-01;-4.935192e-03;4.002273e+05;1.581932e+03;8.710102e-01;1.475893e-02;2.428157e+01;1.293030e-01;1.170025e-02;1.119759e-03;7.467133e-02;-1.783783e-03;4.705990e-02;-4.141194e-03;1.281452e+00;1.753332e-02;1.210443e+00;1.804073e-01;2.055983e+00;8.500908e-02;2.465296e+00;-1.009829e-01;1.816878e+00;-1.333389e-01;1.994817e+00;-1.598184e-01;1.894461e+00;-1.232741e-01;1.862646e+00;-3.192580e-02;1.941130e+00;-4.351923e-02;1.993897e+00;-1.459916e-01;1.800760e+00;-5.637654e-02;1.867688e+00;2.055234e-02;1.871707e+00;3.676841e-02;1.517028e+00;4.522078e-02
149.000000;9.546039e+01;1.686114e+02;1.056612e-01;8.259802e-01;3.577356e-02;1.335313e-02;3.937855e-02;1.315769e-02;8.271154e-02;7.994056e-02;4.851665e+01;-1.306638e+01;3.527974e-01;1.398848e+00;1.520646e-01;1.003343e+00;2.114087e-02;4.381203e-02;6.872756e-02;7.889141e-02;4.106531e-02;1.344640e-01;1.040436e-01;2.934291e-01;1.687367e-01;4.455789e-01;2.442958e-01;6.032752e-01;3.631330e-01;7.575009e-01;3.807856e-01;7.928466e-01;5.871888e-01;9.326516e-01;2.786856e-01;8.723574e-01;3.750299e-01;9.976705e-01;2.083277e-01;9.963431e-01;2.292313e-01;1.083549e+00;2.274931e-01;1.140268e+00;2.589375e-01;1.227606e+00;2.750755e-01;1.277421e+00;2.827929e-01;1.342645e+00;2.884557e-01;1.374951e+00;3.573671e-01;1.444591e+00;2.747618e-01;1.444749e+00;3.248464e-01;1.459759e+00;3.023044e-01;1.440827e+00;3.072225e-01;1.396647e+00;2.900144e-01;1.256453e+00;2.540550e-01;1.094131e+00;1.892159e-01;9.178866e-01;1.585480e-01;7.505201e-01;1.199689e-01;6.087958e-01;1.867251e-01;2.732905e-01;3.105237e-02;5.032250e-02;5.089038e+02;7.487812e+02;9.354323e+02;1.082259e+03;1.473960e+03;1.520675e+03;2.270618e+03;2.257685e+03;9.671038e-02;2.431041e-01;1.090969e+03;1.331981e+03;1.558585e+00;4.062034e+00;2.754784e+06;2110770;4.883671e+00;8.860023e+00;1.320637e+02;1.546338e+02;7.618123e-02;-1.078177e-01;6.546109e-01;1.066252e+00;3.330619e-01;4.461996e-01;1.020387e+01;1.021424e+01;5.121358e+00;-9.064663e+00;8.202307e+00;-1.642725e+01;1.307794e+01;-3.008726e+01;9.975840e+00;-2.025185e+01;5.021975e+00;-1.334787e+01;6.845977e+00;-8.293178e+00;6.407537e+00;-5.069963e+00;7.340442e+00;-1.818330e+00;9.289187e+00;-1.035100e+01;6.408765e+00;-8.901028e+00;7.436843e+00;-6.492470e+00;7.278153e+00;-4.518700e+00;3.929489e+00;-5.842288e+00;8.562965e-05;-1.073285e-05;2.703250e-07;-5.992801e-08;2.503843e-07;4.422155e-08;2.655167e-07;5.218403e-08;6.255943e-07;1.038309e-08;1.257733e-04;-2.748946e-05;6.417068e-02;-4.210716e-03;4.070455e-02;1.097988e-03;2.478041e-03;-1.872422e-04;4.505470e-03;1.582514e-03;1.773358e-02;7.586732e-05;1.979688e-02;-8.154347e-04;2.892298e-02;-1.054826e-03;3.867482e-02;-2.080622e-03;5.745954e-02;-1.811058e-03;6.823086e-02;-2.503967e-03;9.962031e-02;-2.341529e-03;4.829573e-02;-1.453377e-03;7.140556e-02;-3.518846e-03;7.513962e-02;-3.569954e-04;7.532000e-02;4.784202e-04;8.027937e-02;3.108767e-03;8.526384e-02;2.251768e-03;8.883017e-02;4.837835e-03;9.641847e-02;3.653913e-03;8.030871e-02;3.922766e-03;7.284072e-02;3.552967e-03;7.053495e-02;4.444356e-03;7.111603e-02;4.455049e-03;7.954622e-02;4.854183e-03;7.217923e-02;3.991471e-03;6.676219e-02;8.226123e-04;5.092085e-02;1.211668e-03;3.740104e-02;6.832960e-04;2.904059e-02;1.085029e-03;2.364142e-02;1.054403e-03;3.209490e-02;-1.208245e-03;1.088373e-02;-4.106903e-04;9.730369e+01;1.317832e+01;1.473992e+02;2.483496e+01;1.983836e+02;3.973594e+01;3.236134e+02;5.130645e+01;3.407067e-02;-1.731048e-03;1.527841e+02;2.725815e+01;1.846547e-01;2.630199e-02;4.733497e+05;5.872943e+04;8.145600e-01;-4.684594e-02;2.326652e+01;-6.677228e-01;9.226605e-03;3.929005e-04;9.572406e-02;1.649749e-02;3.681684e-02;-1.571924e-03;1.333318e+00;-1.914041e-01;1.470299e+00;1.835335e-02;1.678867e+00;1.679186e-01;2.064415e+00;1.970740e-01;2.202031e+00;6.315938e-02;2.019283e+00;-5.945665e-02;1.927464e+00;-5.159970e-02;1.843931e+00;3.684269e-02;2.042239e+00;4.714356e-02;1.947452e+00;8.723850e-02;1.919326e+00;4.877565e-02;2.024726e+00;-3.903754e-02;1.859415e+00;-5.573034e-03;1.279571e+00;5.493518e-02
149.500000;2.301117e+02;2.243291e+02;1.232647e-01;7.789556e-01;4.097514e-02;1.610247e-02;4.611641e-02;1.672905e-02;9.611568e-02;7.409410e-02;5.434267e+01;-3.623569e+01;2.954663e-01;1.169068e+00;2.265560e-01;1.016237e+00;1.340148e-02;2.587767e-02;7.517868e-02;1.138272e-01;5.172021e-02;1.355560e-01;9.447820e-02;2.537861e-01;1.333190e-01;3.769989e-01;1.815177e-01;4.887285e-01;3.867105e-01;6.589712e-01;6.458100e-01;8.772945e-01;3.385145e-01;7.537599e-01;3.501308e-01;8.192834e-01;3.242307e-01;9.130977e-01;3.299563e-01;1.068255e+00;3.927086e-01;1.113023e+00;5.032131e-01;1.254899e+00;6.927703e-01;1.395022e+00;3.621931e-01;1.328127e+00;4.985217e-01;1.483393e+00;3.845544e-01;1.459876e+00;4.253281e-01;1.466998e+00;3.664005e-01;1.468385e+00;3.336752e-01;1.479363e+00;3.672545e-01;1.512580e+00;3.452198e-01;1.424122e+00;2.948920e-01;1.272901e+00;2.835721e-01;1.113160e+00;2.107972e-01;9.255627e-01;1.721846e-01;7.605208e-01;1.323540e-01;6.184893e-01;1.750892e-01;1.580154e-01;5.690939e-02;6.721164e-02;5.977394e+02;9.207598e+02;1.097905e+03;1.411286e+03;1.608270e+03;2.385735e+03;2.327455e+03;3.668827e+03;8.720030e-02;1.946698e-01;1.195005e+03;1.916005e+03;1.635102e+00;4.897028e+00;2974164;3.639296e+06;3.253211e+00;4.893009e+00;6.118192e+01;5.391055e+01;3.565123e-02;-3.781413e-02;7.289926e-01;1.411307e+00;1.480022e-01;1.427936e-01;9.964725e+00;1.140530e+00;8.875996e+00;-1.360992e+01;5.926190e+00;-1.112666e+01;1.123332e+01;-1.887036e+01;1.135195e+01;-1.647439e+01;1.177077e+01;-1.727366e+01;7.091137e+00;-8.633792e+00;1.060404e+01;-1.098518e+00;1.352607e+01;2.982586e+00;1.551326e+01;1.028037e+00;9.400851e+00;4.248322e-01;5.937876e+00;-3.893615e+00;4.743109e+00;-4.815180e+00;9.706904e+00;-1.078121e+01;8.421903e-05;-1.199148e-05;4.872616e-07;-6.838781e-08;2.853704e-07;2.731482e-08;3.179607e-07;2.475146e-08;5.360166e-07;5.974172e-08;2.173727e-04;-3.059236e-05;6.799726e-02;-8.000392e-03;5.116181e-02;-1.749186e-03;1.832892e-03;-4.254832e-04;9.355943e-03;1.747795e-03;2.008286e-02;2.511650e-04;2.742302e-02;-1.094027e-03;3.191443e-02;-1.819483e-03;3.920462e-02;-1.661900e-03;6.034334e-02;-4.540502e-03;1.035796e-01;-4.632416e-03;5.371127e-02;-3.151836e-03;7.805375e-02;-1.381905e-03;7.040682e-02;-3.019510e-03;7.715448e-02;-3.051735e-03;1.038460e-01;-8.122413e-04;1.075871e-01;-3.661500e-03;1.215926e-01;-5.389103e-03;1.116010e-01;-1.371960e-03;1.121467e-01;-3.424340e-03;1.040972e-01;-5.334781e-05;9.386008e-02;-2.366556e-03;9.648952e-02;-6.165811e-04;8.428916e-02;-1.626162e-03;8.973870e-02;-5.187474e-04;8.474569e-02;-1.810942e-03;7.159416e-02;-8.475769e-04;6.420940e-02;2.061151e-04;4.663824e-02;-5.587877e-04;3.883968e-02;5.560537e-04;2.636728e-02;9.190068e-04;1.914370e-02;-4.565887e-03;1.138050e-02;-1.966033e-04;1.311736e+02;1.574795e+01;2.209907e+02;2.981631e+01;3.264163e+02;5.176582e+01;4.357833e+02;7.161943e+01;3.164329e-02;-6.943192e-04;2.260659e+02;3.612014e+01;2.704350e-01;3.856480e-02;6.309419e+05;9.137191e+04;4.865776e-01;-8.180419e-02;8.996959e+00;-1.238077e+00;4.095169e-03;1.164605e-03;1.399013e-01;2.260044e-02;1.455580e-02;-4.664108e-03;1.600217e+00;-2.761382e-01;1.756069e+00;-7.794009e-02;1.650709e+00;9.749720e-02;1.877417e+00;3.164318e-01;2.498673e+00;2.240984e-01;2.584265e+00;1.020239e-01;1.841907e+00;5.786259e-02;2.568981e+00;4.896460e-02;2.714117e+00;8.579173e-03;2.431178e+00;2.200799e-01;2.370835e+00;1.017418e-01;2.094330e+00;-5.252037e-02;1.583116e+00;-5.573355e-02;1.755046e+00;5.908031e-02
150.000000;2.088278e+02;3.753667e+02;1.052053e-01;8.315360e-01;3.531968e-02;2.331598e-02;3.232980e-02;1.993028e-02;9.378033e-02;1.087675e-01;4.541067e+01;-1.486960e+01;3.465874e-01;1.305483e+00;2.434746e-01;1.104342e+00;1.844792e-02;3.668559e-02;7.164548e-02;7.687579e-02;5.263732e-02;1.429958e-01;1.022257e-01;2.888057e-01;1.395983e-01;4.440583e-01;4.536900e-01;7.927712e-01;6.720803e-01;1.073398e+00;6.368191e-01;1.141137e+00;3.238025e-01;8.893158e-01;3.471504e-01;1.005164e+00;2.901312e-01;1.080024e+00;3.650595e-01;1.137725e+00;5.208257e-01;1.374982e+00;5.139846e-01;1.407470e+00;6.954290e-01;1.441107e+00;3.648572e-01;1.414111e+00;5.193111e-01;1.461249e+00;3.967376e-01;1.483604e+00;4.131914e-01;1.510400e+00;4.000798e-01;1.531539e+00;3.482186e-01;1.530996e+00;3.829533e-01;1.510916e+00;3.306152e-01;1.400101e+00;2.745362e-01;1.270535e+00;2.388189e-01;1.105474e+00;1.787199e-01;9.135445e-01;1.591681e-01;7.513152e-01;1.438874e-01;6.101570e-01;4.289787e-01;4.495908e-01;9.229296e-02;1.133493e-01;4.932368e+02;7.486377e+02;9.428295e+02;1.075081e+03;1.614579e+03;1.826303e+03;2.420604e+03;2.950192e+03;1.318844e-01;2.392103e-01;1.141902e+03;1.523986e+03;1.776033e+00;3.979506e+00;3.271146e+06;2.805334e+06;3.333964e+00;5.880797e+00;7.481317e+01;7.440073e+01;6.354683e-02;-7.667194e-02;7.147551e-01;1.171071e+00;2.157632e-01;2.644538e-01;7.040162e+00;1.591928e+00;6.601305e+00;-1.657026e+01;4.260713e+00;-1.125517e+01;5.824520e+00;-1.642554e+01;1.000773e+01;-1.864329e+01;1.635345e+01;-2.816230e+01;1.725417e+01;-2.113875e+01;1.450929e+01;-6.243077e+00;1.123106e+01;9.854775e+00;1.053554e+01;1.294061e+01;9.651965e+00;1.028389e+01;9.958742e+00;3.533061e+00;9.980196e+00;3.013576e+00;1.402485e+01;-4.963997e+00;2.464762e-05;3.087547e-06;5.061478e-07;7.281227e-08;2.565237e-07;-5.332789e-08;2.362752e-07;-5.038314e-08;6.814637e-07;-3.985146e-08;2.129575e-04;2.962032e-05;7.968869e-02;6.632001e-03;6.014745e-02;1.296799e-03;2.140007e-03;4.160301e-04;1.050574e-02;-1.876165e-03;1.872271e-02;1.720922e-04;3.349091e-02;5.388993e-04;4.429310e-02;1.475612e-03;8.576734e-02;2.974232e-03;1.319711e-01;4.627257e-03;1.197410e-01;3.091299e-03;8.064032e-02;3.549690e-03;9.529125e-02;2.544246e-03;8.282178e-02;3.415205e-03;9.955680e-02;3.299131e-03;1.273853e-01;3.971335e-03;1.120918e-01;1.915426e-03;1.236589e-01;1.418015e-03;1.151683e-01;-1.889553e-03;1.067421e-01;6.810584e-04;1.186100e-01;-4.547919e-04;1.155639e-01;-9.997139e-04;1.208500e-01;1.016631e-03;1.019135e-01;1.264820e-03;1.038958e-01;-1.827558e-03;9.490558e-02;-2.183733e-03;8.022665e-02;1.110221e-03;6.227064e-02;1.549981e-03;4.395815e-02;2.166694e-03;4.080825e-02;6.225455e-04;3.474206e-02;-3.322664e-04;3.504149e-02;7.546591e-03;3.332589e-02;8.628754e-04;1.087891e+02;-1.581973e+01;2.095246e+02;-2.950049e+01;3.658307e+02;-4.935410e+01;5.310501e+02;-6.284824e+01;4.961023e-02;1.060756e-03;2.424086e+02;-3.383202e+01;3.250949e-01;-4.724540e-02;7.750296e+05;-7.399348e+04;7.706749e-01;5.988611e-02;1.850805e+01;7.458798e-01;6.701636e-03;-1.121564e-03;1.518304e-01;-2.103046e-02;2.208979e-02;4.243347e-03;1.685030e+00;1.650019e-01;1.742579e+00;-3.862521e-03;1.588511e+00;-5.940410e-02;1.811603e+00;-4.619949e-02;2.349085e+00;-1.892716e-01;3.456599e+00;-3.634852e-01;2.879236e+00;-4.215735e-01;2.640249e+00;-2.439716e-01;2.903309e+00;1.968807e-01;2.584091e+00;2.464347e-01;2.382529e+00;2.987476e-01;2.261898e+00;2.024395e-01;1.956928e+00;1.803630e-01;1.947473e+00;2.045509e-01
150.500000;1.862416e+02;3.201903e+02;9.867173e-02;8.233700e-01;3.542319e-02;2.439587e-02;3.165432e-02;2.074535e-02;8.577402e-02;1.031832e-01;4.429464e+01;-1.489456e+01;4.363037e-01;1.280990e+00;3.300430e-01;1.071545e+00;2.364554e-02;4.090501e-02;6.314999e-02;7.480726e-02;4.686354e-02;1.395031e-01;8.867477e-02;2.970837e-01;1.461449e-01;4.709770e-01;4.903631e-01;7.173125e-01;7.112496e-01;8.733943e-01;4.350345e-01;8.260534e-01;7.942578e-01;1.085687e+00;1.137906e+00;1.301851e+00;6.816830e-01;1.179337e+00;6.625165e-01;1.168487e+00;6.757234e-01;1.309240e+00;5.811951e-01;1.263688e+00;4.985246e-01;1.257837e+00;4.371304e-01;1.332212e+00;4.808820e-01;1.350519e+00;4.037409e-01;1.401272e+00;3.993966e-01;1.424544e+00;4.450670e-01;1.503159e+00;4.202327e-01;1.501713e+00;4.148227e-01;1.451412e+00;3.415156e-01;1.391983e+00;2.880600e-01;1.273161e+00;2.353086e-01;1.084744e+00;1.717557e-01;9.065154e-01;1.519316e-01;7.465941e-01;1.399713e-01;6.018819e-01;4.481105e-01;4.468752e-01;1.461838e-01;1.139877e-01;3.656384e+02;6.421201e+02;7.643397e+02;9.652617e+02;1.502641e+03;1.530724e+03;2.461788e+03;2.702848e+03;1.611199e-01;2.674823e-01;1.019237e+03;1.374577e+03;1.822751e+00;3.746294e+00;3536479;3.029933e+06;3.627867e+00;6.864816e+00;7.946455e+01;9.332801e+01;9.496783e-02;-1.026601e-01;6.386458e-01;1.082976e+00;4.016865e-01;3.738568e-01;5.714844e+00;4.264941e+00;6.643551e+00;-1.218659e+01;8.587234e+00;-1.154522e+01;7.017218e+00;-1.688332e+01;1.041225e+01;-1.544689e+01;1.904313e+01;-2.509912e+01;2.094110e+01;-2.195426e+01;1.134632e+01;-1.198157e+01;9.144183e+00;3.611266e+00;1.643486e+01;6.576079e+00;1.666812e+01;6.110901e+00;1.306421e+01;4.305362e+00;1.055413e+01;5.960358e+00;7.431684e+00;3.027620e+00;2.021355e-04;3.154581e-05;4.323369e-07;6.899614e-08;2.576222e-07;-4.739832e-08;2.284997e-07;-4.168245e-08;5.682533e-07;-7.956628e-08;2.377014e-04;3.022551e-05;1.076615e-01;1.188541e-02;8.147857e-02;7.073464e-03;3.910885e-03;7.563539e-04;9.130481e-03;-1.762787e-03;1.752903e-02;4.358459e-05;3.186098e-02;-1.625123e-04;5.278116e-02;1.263413e-03;8.166515e-02;-2.042243e-04;1.215033e-01;7.491099e-04;7.344006e-02;3.536439e-03;1.562268e-01;2.021280e-02;2.137517e-01;3.090937e-02;1.779711e-01;1.253697e-02;2.198900e-01;4.214521e-03;1.911923e-01;2.351749e-03;1.382720e-01;1.235642e-02;1.330043e-01;1.522609e-02;1.309078e-01;6.397866e-03;1.328522e-01;1.190403e-02;1.249533e-01;1.141553e-02;1.211511e-01;8.551009e-03;1.346747e-01;7.572487e-03;1.292267e-01;5.263673e-03;1.115499e-01;1.005552e-02;9.574270e-02;7.708578e-03;8.373997e-02;4.429485e-03;6.294161e-02;3.238056e-03;3.972363e-02;3.833139e-03;3.376644e-02;1.075907e-03;3.549428e-02;-5.689163e-04;4.100789e-02;5.629726e-05;5.528465e-02;1.275317e-03;9.893722e+01;-1.233135e+01;1.979245e+02;-2.763428e+01;3.776852e+02;-5.078965e+01;6.053847e+02;-7.238027e+01;6.420276e-02;1.285825e-03;2.454842e+02;-3.417824e+01;3.313739e-01;-5.219435e-02;9.250657e+05;-9.394978e+04;9.464903e-01;8.282929e-02;2.201193e+01;1.355603e+00;1.677302e-02;-3.181560e-03;1.530169e-01;-2.090709e-02;7.432188e-02;1.341488e-02;1.842029e+00;1.172214e-01;2.006181e+00;-1.489859e-01;2.393145e+00;-1.838320e-01;2.085777e+00;-2.147293e-01;2.473544e+00;2.248374e-03;3.421432e+00;1.191337e-01;3.242250e+00;3.579163e-01;2.187351e+00;2.315001e-01;2.317694e+00;4.078816e-02;2.405081e+00;-3.081829e-01;2.152029e+00;-3.407647e-01;2.356593e+00;-1.665013e-01;2.458320e+00;1.861264e-01;1.709184e+00;1.264945e-01
151.000000;1.887351e+02;3.085774e+02;9.417999e-02;8.174039e-01;4.651999e-02;3.526380e-02;6.084073e-02;3.749980e-02;1.055223e-01;1.193700e-01;4.092820e+01;-1.157606e+01;5.233452e-01;1.427239e+00;3.237131e-01;1.077176e+00;2.889238e-02;4.416296e-02;4.816638e-02;8.457924e-02;3.882314e-02;1.345007e-01;8.529560e-02;2.827018e-01;1.367774e-01;4.465022e-01;1.533677e-01;4.698690e-01;2.044911e-01;5.337925e-01;4.453769e-01;8.362128e-01;7.986243e-01;1.208205e+00;1.274732e+00;1.352878e+00;7.698885e-01;1.207308e+00;6.483827e-01;1.255858e+00;5.884846e-01;1.189734e+00;5.936986e-01;1.264601e+00;6.327486e-01;1.396870e+00;4.441173e-01;1.366576e+00;4.757333e-01;1.445669e+00;4.453073e-01;1.463621e+00;3.945020e-01;1.470579e+00;4.251192e-01;1.533436e+00;3.879519e-01;1.526718e+00;4.409308e-01;1.509367e+00;3.617936e-01;1.430523e+00;3.208218e-01;1.292577e+00;2.538247e-01;1.106063e+00;1.987515e-01;9.249473e-01;1.349864e-01;7.482318e-01;1.127034e-01;6.092342e-01;2.756053e-01;1.515148e-01;1.745561e-01;1.597859e-01;2.395490e+02;7.200703e+02;5.262856e+02;1.031440e+03;1.099452e+03;1.603362e+03;1.872547e+03;2.620591e+03;1.829198e-01;3.314427e-01;7.214533e+02;1.430578e+03;1.612312e+00;3.907201e+00;2.829754e+06;2.648747e+06;3.068840e+00;6.047922e+00;6.466934e+01;7.581424e+01;1.321531e-01;-1.254167e-01;4.329201e-01;1.137870e+00;5.878040e-01;5.198118e-01;4.672241e+00;2.465645e+00;9.554197e+00;-1.771258e+01;1.071429e+01;-1.710350e+01;9.158862e+00;-1.960440e+01;9.171707e+00;-9.037829e+00;1.360050e+01;-1.161023e+01;1.762467e+01;-2.550578e+00;1.306878e+01;2.293628e+00;1.053760e+01;3.213139e+00;1.846030e+01;-4.859223e+00;1.766020e+01;-8.555662e+00;1.270665e+01;-7.116265e+00;1.654272e+01;-2.581181e+00;9.949666e+00;-3.000281e+00;5.780006e-04;3.860611e-06;4.408795e-07;-1.227103e-08;3.710300e-07;-1.317945e-08;5.621119e-07;-1.043455e-08;6.894010e-07;-3.010564e-08;2.094712e-04;-1.402448e-06;1.380887e-01;-4.311088e-04;8.747081e-02;-6.549094e-04;5.958986e-03;-2.271370e-04;7.673109e-03;6.541950e-04;1.447090e-02;4.446865e-05;3.130833e-02;3.006775e-04;4.842724e-02;1.101403e-04;4.695947e-02;-6.719325e-04;4.893093e-02;-1.379216e-03;1.316753e-01;1.691428e-03;1.794237e-01;-1.908202e-04;2.246600e-01;-3.099076e-03;1.789948e-01;-2.027773e-03;2.187083e-01;-3.047582e-03;1.883692e-01;-5.251836e-03;1.451180e-01;-5.118344e-03;1.463344e-01;-4.227209e-03;1.516874e-01;5.508793e-03;1.603006e-01;9.027909e-03;1.331035e-01;-5.768811e-04;1.491512e-01;-6.983019e-04;1.455230e-01;-2.990532e-03;1.318199e-01;-2.247385e-03;1.242264e-01;2.948461e-03;1.121291e-01;1.153549e-03;1.033792e-01;-5.852320e-05;8.049779e-02;-1.798436e-03;5.738200e-02;-2.857082e-03;3.595129e-02;-1.306351e-03;3.283825e-02;-2.658171e-04;8.806546e-02;-6.505122e-03;6.463224e-02;3.159072e-04;8.465857e+01;1.722656e+00;1.721204e+02;7.335645e+00;3.106981e+02;1.583408e+01;4.812935e+02;1.269023e+01;6.203163e-02;1.891638e-04;2.001059e+02;9.044148e+00;3.271114e-01;1.851168e-02;7.258838e+05;1.269895e+04;7.566950e-01;-3.905039e-02;1.774082e+01;-5.636873e-01;2.772011e-02;8.275576e-04;1.211435e-01;5.567426e-03;1.236454e-01;-3.058035e-03;1.716496e+00;-6.536140e-02;1.998979e+00;-1.115490e-01;2.363546e+00;-1.146561e-02;2.413701e+00;-3.306557e-02;2.422087e+00;5.586882e-02;2.595571e+00;1.851802e-01;2.869277e+00;4.824175e-01;2.455823e+00;3.618381e-01;2.660911e+00;-2.100877e-01;2.745210e+00;-1.855638e-01;2.554039e+00;-1.812580e-01;2.415306e+00;-2.531066e-01;2.960689e+00;-4.006294e-01;1.984922e+00;-2.996563e-01
151.500000;1.186594e+02;3.322559e+02;4.637127e-02;8.572567e-01;4.278281e-02;3.336846e-02;5.714657e-02;3.505530e-02;1.212177e-01;1.595695e-01;5.774996e+00;8.481255e+00;4.446272e-01;1.644275e+00;2.405535e-01;1.098605e+00;2.635084e-02;4.983351e-02;2.194626e-02;6.581507e-02;5.146298e-02;1.355450e-01;8.612247e-02;2.768156e-01;1.401239e-01;4.567645e-01;1.864063e-01;5.886557e-01;2.616705e-01;7.487077e-01;3.887225e-01;9.417303e-01;3.792283e-01;9.478432e-01;7.774677e-01;1.270145e+00;5.726656e-01;1.205302e+00;3.305193e-01;1.177392e+00;3.495014e-01;1.193478e+00;3.703702e-01;1.287181e+00;5.476871e-01;1.439136e+00;4.200896e-01;1.419287e+00;4.785754e-01;1.477203e+00;4.973278e-01;1.545098e+00;4.535899e-01;1.573195e+00;4.260301e-01;1.588524e+00;3.772638e-01;1.571606e+00;4.192289e-01;1.556117e+00;3.609098e-01;1.448326e+00;3.471576e-01;1.305200e+00;2.668795e-01;1.128269e+00;2.227498e-01;9.362516e-01;1.365115e-01;7.470974e-01;1.041681e-01;5.988721e-01;2.393184e-01;1.406979e-01;1.471810e-01;2.020842e-01;1.226081e+02;7.114570e+02;2.686953e+02;9.465996e+02;5.212000e+02;1.316109e+03;9.022812e+02;1.979188e+03;1.687638e-01;3.612008e-01;3.370575e+02;1.222580e+03;1.055339e+00;3.681963e+00;1.148357e+06;1.373235e+06;2.299267e+00;6.231765e+00;5.633652e+01;7.779366e+01;1.281626e-01;-1.424258e-01;1.914738e-01;1.021068e+00;5.742281e-01;5.985715e-01;4.587109e+00;3.602185e+00;4.466565e+00;-2.412447e+01;6.094148e+00;-2.255927e+01;8.118340e+00;-2.481091e+01;7.539425e+00;-1.015823e+01;9.105558e+00;-1.050250e+01;1.045446e+01;1.737841e+00;8.653162e+00;6.771847e+00;1.291638e+01;2.528395e+00;1.613961e+01;-1.015604e+01;1.325158e+01;-1.200325e+01;7.646116e+00;-9.898243e+00;1.672204e+01;-5.428350e+00;9.176579e+00;-7.837635e+00;5.449731e-04;-4.349311e-05;3.791428e-07;-8.566664e-09;3.499429e-07;1.069554e-08;5.522985e-07;1.516194e-08;1.135448e-06;2.556608e-08;3.949678e-05;-2.652148e-06;1.462625e-01;-1.662255e-03;8.047590e-02;-5.052398e-03;6.162119e-03;-3.937925e-04;5.130367e-03;2.260015e-04;1.661188e-02;-1.069063e-04;3.318293e-02;-4.937265e-04;4.758860e-02;-2.089924e-03;6.966741e-02;1.870066e-04;6.440269e-02;4.940628e-03;1.352322e-01;4.784401e-03;1.219089e-01;-1.697717e-02;1.409940e-01;-3.385969e-02;1.145153e-01;-1.418949e-02;1.122671e-01;1.217050e-03;1.106493e-01;1.582839e-03;1.000163e-01;-8.978075e-03;1.187038e-01;-1.408519e-02;1.507044e-01;-3.777888e-03;1.602685e-01;-6.900399e-03;1.567012e-01;-1.011457e-02;1.737081e-01;-3.364317e-03;1.464132e-01;-6.841370e-03;1.288452e-01;-5.506602e-03;1.343219e-01;-5.788689e-03;1.234359e-01;-4.690356e-03;1.155091e-01;-2.631437e-03;8.472482e-02;-9.408271e-04;6.907537e-02;-1.811114e-03;4.696134e-02;-9.823409e-04;3.303023e-02;5.580432e-05;8.853991e-02;4.053749e-03;6.057269e-02;1.516867e-03;4.244918e+01;-2.225098e+00;1.000451e+02;-1.277637e+00;1.586064e+02;3.789844e+00;2.857571e+02;1.213037e+01;6.289517e-02;1.411769e-03;1.121346e+02;2.016272e+00;2.887281e-01;1.967973e-02;3.685594e+05;1.126879e+04;6.426824e-01;-4.595799e-02;1.604590e+01;-9.616655e-01;2.879683e-02;2.219368e-03;6.597193e-02;8.403608e-04;1.279397e-01;-9.522043e-03;1.280232e+00;2.314221e-02;1.485895e+00;1.069844e-02;1.942987e+00;5.513889e-03;2.270775e+00;-4.407517e-02;2.266519e+00;-9.851791e-02;2.209769e+00;-2.618551e-01;2.496694e+00;-3.776042e-01;2.660946e+00;-2.330447e-01;3.481296e+00;1.623371e-01;3.396029e+00;5.022554e-01;3.034704e+00;5.127639e-01;2.046472e+00;1.987967e-01;2.842789e+00;-2.193114e-01;2.065726e+00;-2.660915e-01
152.000000;7.116833e+01;2.733526e+02;5.306103e-02;8.497703e-01;2.626597e-02;2.184179e-02;3.031088e-02;2.150238e-02;1.401964e-01;1.778377e-01;1.933666e+01;3.718388e+00;4.593190e-01;1.648456e+00;2.483156e-01;1.075155e+00;2.230702e-02;4.580349e-02;2.313190e-02;6.721845e-02;7.365599e-02;1.482335e-01;1.368137e-01;3.044903e-01;1.877993e-01;4.690014e-01;2.803885e-01;6.487085e-01;3.132734e-01;8.451543e-01;2.483768e-01;8.204436e-01;2.504051e-01;8.615081e-01;7.280092e-01;1.232691e+00;5.368567e-01;1.155106e+00;3.545035e-01;1.118000e+00;4.139681e-01;1.191317e+00;4.858705e-01;1.286955e+00;4.882164e-01;1.327667e+00;5.700184e-01;1.403155e+00;5.071515e-01;1.438608e+00;4.519904e-01;1.467616e+00;4.785454e-01;1.533631e+00;4.464547e-01;1.539529e+00;4.068167e-01;1.534855e+00;3.912347e-01;1.519967e+00;3.529157e-01;1.421361e+00;3.385398e-01;1.289950e+00;2.637041e-01;1.114709e+00;2.069629e-01;9.247209e-01;1.523367e-01;7.557338e-01;1.072227e-01;6.009046e-01;1.845100e-01;1.962940e-01;2.144060e-01;2.479170e-01;1.473525e+02;6.722666e+02;3.191658e+02;9.265020e+02;5.372241e+02;1.397074e+03;8.539120e+02;2.028571e+03;2.000374e-01;3.677002e-01;3.517365e+02;1.225653e+03;8.926657e-01;3.923544e+00;1047838;1.372585e+06;1.999195e+00;5.850960e+00;4.362629e+01;6.788669e+01;1.063018e-01;-1.154119e-01;2.017196e-01;1.011848e+00;4.396871e-01;4.640281e-01;4.390798e+00;4.724367e+00;6.040139e+00;-2.382372e+01;7.028696e+00;-2.106785e+01;6.939078e+00;-2.496318e+01;7.915402e+00;-1.360720e+01;1.000944e+01;-1.500161e+01;7.161750e+00;-3.364406e+00;1.115728e+01;4.893320e+00;1.326688e+01;4.174191e+00;1.412413e+01;-5.874200e+00;1.350422e+01;-3.787459e+00;9.316743e+00;-7.202758e+00;1.400620e+01;-6.822368e+00;8.228859e+00;-8.782016e+00;1.409171e-04;-2.893275e-06;4.896588e-07;6.997308e-09;1.928397e-07;-1.681075e-08;2.826752e-07;-1.940243e-08;1.365386e-06;-7.267081e-08;1.714759e-04;7.817725e-07;1.284925e-01;2.323038e-03;7.247062e-02;-6.196052e-04;5.281239e-03;2.722382e-04;6.604525e-03;-6.074578e-04;2.611915e-02;1.362471e-06;4.932329e-02;-2.891264e-04;5.832462e-02;-1.076516e-03;9.236044e-02;1.279049e-02;9.196550e-02;1.183149e-02;8.018644e-02;-2.213974e-03;7.804069e-02;-2.812060e-03;1.465678e-01;9.176113e-04;1.146731e-01;1.074315e-03;1.108157e-01;-1.633028e-03;1.064171e-01;-3.961290e-04;1.222681e-01;-9.068792e-04;1.182069e-01;3.925450e-04;1.540483e-01;-8.403651e-03;1.466334e-01;-1.243527e-02;1.333642e-01;-8.888979e-04;1.508871e-01;-1.155795e-03;1.288093e-01;-8.576183e-04;1.154409e-01;-2.344936e-03;1.272532e-01;-5.877754e-03;1.125457e-01;-1.292679e-03;1.028576e-01;-4.698127e-04;7.436904e-02;-5.906866e-04;6.079902e-02;5.065961e-04;4.897222e-02;1.690434e-04;3.242614e-02;-1.483652e-04;6.540955e-02;8.103332e-03;6.287807e-02;-4.423661e-04;5.597970e+01;-1.722656e+00;1.148498e+02;-7.507910e+00;1.763559e+02;-1.525986e+01;3.129802e+02;-1.636523e+01;6.596357e-02;6.186978e-04;1.279567e+02;-9.276975e+00;3.046490e-01;-1.520126e-02;3.715077e+05;-1.397820e+04;6.462412e-01;3.749353e-02;1.315306e+01;5.916171e-01;2.507683e-02;-1.085594e-03;7.491047e-02;-5.791424e-03;9.796018e-02;4.683179e-03;1.230742e+00;1.000511e-01;1.707840e+00;9.695370e-02;2.313860e+00;-4.507351e-02;2.277256e+00;-1.395386e-01;2.684024e+00;-1.232719e-01;2.605490e+00;-8.706250e-02;2.203643e+00;-2.522876e-01;2.834135e+00;-2.982459e-01;3.589944e+00;1.792929e-02;3.379783e+00;-1.730403e-02;3.360143e+00;6.451485e-02;2.491705e+00;3.095731e-01;2.926962e+00;4.465684e-01;2.300279e+00;2.488505e-01
152.500000;1.459952e+02;3.161934e+02;7.375789e-02;8.324543e-01;2.961145e-02;2.935404e-02;3.069449e-02;2.490783e-02;1.259830e-01;1.595464e-01;3.202019e+01;-4.036675e+00;4.060484e-01;1.644421e+00;1.952553e-01;1.015593e+00;2.056192e-02;4.883908e-02;4.632713e-02;6.983497e-02;6.520060e-02;1.461893e-01;1.420140e-01;3.133111e-01;1.806539e-01;4.459132e-01;3.986878e-01;7.054224e-01;4.265525e-01;8.658280e-01;2.808816e-01;8.079603e-01;2.197914e-01;7.869219e-01;5.876097e-01;8.859705e-01;3.803949e-01;9.510849e-01;3.291571e-01;1.000277e+00;4.202078e-01;1.124801e+00;5.079100e-01;1.190363e+00;4.288177e-01;1.222614e+00;5.247216e-01;1.382385e+00;3.826057e-01;1.374446e+00;3.153696e-01;1.390832e+00;3.701675e-01;1.437569e+00;3.298175e-01;1.457914e+00;2.834828e-01;1.459286e+00;2.898554e-01;1.440059e+00;2.599772e-01;1.372188e+00;2.524369e-01;1.263283e+00;1.980727e-01;1.097037e+00;1.530708e-01;9.161512e-01;1.277311e-01;7.522515e-01;1.029338e-01;6.153703e-01;5.001508e-01;5.863113e-01;2.120541e-01;2.203625e-01;2.588120e+02;6.260420e+02;6.264938e+02;8.956377e+02;1.108910e+03;1.405831e+03;1.572531e+03;2.198540e+03;1.860849e-01;3.613183e-01;7.305798e+02;1.218390e+03;1.356985e+00;3.789499e+00;1.922733e+06;1649842;2.159991e+00;5.713646e+00;3.926118e+01;6.715338e+01;8.801872e-02;-1.263456e-01;4.439009e-01;9.819205e-01;2.984941e-01;4.703865e-01;5.867738e+00;5.348234e+00;8.017674e+00;-1.875066e+01;9.101645e+00;-1.314291e+01;7.156641e+00;-2.081156e+01;1.259715e+01;-2.016238e+01;1.282235e+01;-2.571870e+01;8.420118e+00;-1.100667e+01;1.258620e+01;-2.377035e-01;1.082906e+01;3.904593e+00;9.703395e+00;6.601236e-01;1.428083e+01;7.639679e+00;1.648426e+01;3.630027e+00;1.459080e+01;-1.448397e+00;8.270723e+00;-5.314429e+00;1.185633e-04;2.121101e-05;4.943895e-07;-5.572925e-08;2.005609e-07;-3.537413e-08;2.627088e-07;-3.091140e-08;1.055597e-06;-1.123741e-07;2.655103e-04;-2.099509e-05;9.436423e-02;-7.948942e-03;4.740610e-02;-1.611594e-03;4.052038e-03;-3.240140e-04;7.996798e-03;1.091585e-03;2.340492e-02;-4.950778e-04;4.970309e-02;3.055442e-04;5.550424e-02;7.442597e-04;8.135454e-02;-2.113869e-03;8.561536e-02;-5.751559e-03;7.026809e-02;-7.132616e-03;6.116719e-02;-1.165070e-03;9.668347e-02;9.957341e-04;7.163426e-02;9.460896e-04;9.527527e-02;-4.201391e-03;1.077145e-01;-5.407389e-03;1.249350e-01;-2.088756e-03;9.440286e-02;6.755115e-04;1.201825e-01;-4.052271e-03;1.015294e-01;-3.224207e-03;6.574398e-02;-1.897100e-03;1.040234e-01;-3.067942e-03;9.714584e-02;-1.384313e-03;7.982186e-02;1.213792e-03;9.817439e-02;-1.536430e-03;8.209286e-02;-1.116706e-03;7.543148e-02;-9.796922e-04;5.661089e-02;-1.416859e-03;4.647936e-02;3.682263e-04;4.002579e-02;3.700969e-04;3.294331e-02;-4.894640e-04;7.836833e-02;-4.022258e-03;5.182916e-02;-2.691389e-03;8.106255e+01;5.397656e+00;1.543134e+02;2.193516e+01;2.252276e+02;3.333340e+01;3.367497e+02;4.372676e+01;5.351293e-02;-2.492253e-03;1.577244e+02;2.146382e+01;3.054152e-01;2.804559e-02;3.664160e+05;5.537825e+04;5.754862e-01;-3.531136e-02;1.100861e+01;-3.804090e-01;1.947233e-02;9.308591e-04;9.379858e-02;1.265090e-02;6.245755e-02;-3.794825e-03;1.326605e+00;-9.280170e-02;1.668218e+00;1.813525e-01;2.038243e+00;2.138824e-01;2.309827e+00;1.451581e-01;2.851898e+00;-1.656505e-02;2.798063e+00;2.417202e-02;2.498755e+00;1.876214e-02;2.503462e+00;-4.282228e-02;2.912850e+00;-1.977405e-01;2.813447e+00;-2.573416e-01;3.158582e+00;-9.026354e-02;3.045331e+00;2.150315e-03;2.773422e+00;4.626126e-02;2.394362e+00;1.748671e-02
153.000000;1.496158e+02;3.130754e+02;7.538909e-02;8.100958e-01;5.149504e-02;4.999351e-02;5.609921e-02;4.343856e-02;1.165616e-01;1.608234e-01;3.332126e+01;-7.897305e+00;4.645260e-01;1.627084e+00;2.528933e-01;1.040252e+00;2.454169e-02;4.919722e-02;4.917390e-02;7.045729e-02;5.051967e-02;1.368442e-01;1.048234e-01;2.903394e-01;1.544559e-01;4.388940e-01;3.550887e-01;6.220683e-01;4.061368e-01;7.293872e-01;2.792649e-01;8.167120e-01;6.062156e-01;1.033079e+00;9.744160e-01;1.136399e+00;5.540906e-01;1.067515e+00;3.991578e-01;1.075228e+00;4.913251e-01;1.175535e+00;5.840591e-01;1.274801e+00;5.133591e-01;1.273654e+00;3.823719e-01;1.330798e+00;3.900466e-01;1.376147e+00;3.658714e-01;1.407417e+00;3.510888e-01;1.450014e+00;3.645810e-01;1.476701e+00;2.943539e-01;1.481518e+00;3.666152e-01;1.469047e+00;3.145229e-01;1.381149e+00;2.924307e-01;1.255881e+00;1.924761e-01;1.080162e+00;1.662229e-01;9.120834e-01;1.280711e-01;7.492925e-01;1.028233e-01;6.058835e-01;5.499883e-01;4.860992e-01;1.637704e-01;1.790968e-01;2.776772e+02;6.761426e+02;7.265344e+02;9.880869e+02;1.298228e+03;1.489667e+03;1.876836e+03;2.413729e+03;1.667566e-01;3.576621e-01;8.573451e+02;1.314575e+03;1.520317e+00;3.936302e+00;2421501;1.999914e+06;2.524813e+00;5.740345e+00;4.687088e+01;6.818182e+01;1.131022e-01;-1.366845e-01;5.196933e-01;1.047839e+00;4.327923e-01;5.054929e-01;6.601573e+00;5.055552e+00;6.433032e+00;-1.718959e+01;8.051534e+00;-1.282930e+01;6.531107e+00;-2.103481e+01;1.354876e+01;-1.812878e+01;1.599371e+01;-2.117807e+01;1.278909e+01;-7.056875e+00;1.136159e+01;4.418549e-01;9.892279e+00;2.230171e+00;1.091481e+01;-3.699131e+00;1.838298e+01;-2.756075e-01;1.771336e+01;2.004741e-01;1.057230e+01;-1.088152e-01;6.276546e+00;-3.122589e+00;2.474661e-04;4.249939e-05;3.936294e-07;-1.436602e-08;3.785065e-07;-5.366686e-08;4.011590e-07;-5.952442e-08;6.655050e-07;-6.722927e-08;2.643147e-04;-2.281993e-06;1.038555e-01;-4.964845e-04;5.551840e-02;1.221977e-03;4.379997e-03;-1.730986e-04;7.437699e-03;2.709751e-04;1.401895e-02;-3.543196e-04;3.442448e-02;-5.933126e-04;5.167385e-02;4.792732e-04;4.477002e-02;-1.323438e-02;5.108304e-02;-1.256447e-02;6.567684e-02;1.022277e-03;9.804409e-02;4.155630e-03;1.692676e-01;5.617125e-03;1.028155e-01;-6.139197e-04;9.749647e-02;3.905290e-03;1.248879e-01;3.060178e-03;1.352251e-01;1.215664e-03;1.011427e-01;1.304862e-03;9.577987e-02;6.948154e-03;9.392996e-02;1.081305e-02;9.353028e-02;9.057516e-04;9.027752e-02;3.660151e-03;9.554780e-02;2.127079e-03;8.702840e-02;3.539769e-03;1.050966e-01;3.237431e-03;8.942501e-02;1.502478e-03;7.984662e-02;1.364598e-03;5.355394e-02;1.073509e-03;5.153226e-02;1.707420e-03;4.236010e-02;6.091227e-04;3.063452e-02;8.830022e-04;5.656812e-02;-8.473625e-03;4.615354e-02;5.932188e-04;7.422322e+01;2.526562e+00;1.539163e+02;3.430957e+00;2.388432e+02;6.129785e+00;3.613068e+02;1.217344e+01;4.587777e-02;7.245231e-04;1.605748e+02;5.317550e+00;2.681682e-01;1.357942e-02;4.554313e+05;6.826948e+03;6.213272e-01;-2.220258e-02;1.274794e+01;-4.019502e-01;2.311032e-02;7.773171e-04;9.527707e-02;3.761622e-03;8.392919e-02;-4.022665e-03;1.472819e+00;-6.640010e-02;1.542764e+00;-1.051376e-01;1.569541e+00;-5.818000e-02;1.747943e+00;6.871811e-02;2.350350e+00;9.933151e-02;2.367045e+00;1.793886e-01;2.584221e+00;3.510247e-01;2.460599e+00;3.071718e-01;2.800158e+00;1.657663e-02;3.083605e+00;-7.989607e-02;2.715154e+00;-2.244129e-01;2.542365e+00;-3.673660e-01;1.925263e+00;-3.597848e-01;2.062366e+00;-8.665072e-02
153.500000;8.402609e+01;2.591023e+02;6.038615e-02;8.191930e-01;5.501774e-02;5.174100e-02;6.129350e-02;5.219958e-02;1.182957e-01;1.841809e-01;2.321072e+01;1.301079e-01;4.522926e-01;1.668120e+00;2.487099e-01;1.077044e+00;2.771853e-02;5.428799e-02;3.222057e-02;6.170572e-02;6.754768e-02;1.416917e-01;1.005402e-01;3.049627e-01;1.510338e-01;4.725417e-01;2.274247e-01;5.777749e-01;3.737835e-01;7.258380e-01;3.474356e-01;8.957332e-01;5.897646e-01;1.204987e+00;9.357420e-01;1.298627e+00;5.485249e-01;1.145873e+00;3.836939e-01;1.194808e+00;4.712084e-01;1.293249e+00;5.455224e-01;1.308401e+00;5.258949e-01;1.282276e+00;3.951010e-01;1.322741e+00;4.278100e-01;1.392202e+00;3.580490e-01;1.415422e+00;3.513942e-01;1.484704e+00;3.594933e-01;1.507287e+00;3.032421e-01;1.498583e+00;3.917854e-01;1.486191e+00;3.724708e-01;1.428180e+00;3.394111e-01;1.285676e+00;2.121255e-01;1.089902e+00;1.614391e-01;9.099904e-01;1.265398e-01;7.449006e-01;9.638013e-02;5.906011e-01;2.105690e-01;1.701016e-01;1.647862e-01;1.786329e-01;1.674453e+02;6.917900e+02;4.821129e+02;9.184629e+02;9.074793e+02;1.283522e+03;1.482515e+03;1.944448e+03;1.878448e-01;4.132968e-01;6.097736e+02;1.184057e+03;1.258212e+00;3.708518e+00;1.902914e+06;1.494998e+06;3.687634e+00;7.331160e+00;9.698228e+01;1.090188e+02;1.499806e-01;-1.685245e-01;3.594160e-01;9.927375e-01;6.243230e-01;6.581514e-01;6.666024e+00;6.659928e+00;6.494692e+00;-1.770986e+01;5.844301e+00;-1.905948e+01;7.335060e+00;-2.702571e+01;8.625940e+00;-1.366302e+01;8.796525e+00;-1.158076e+01;1.219914e+01;1.198099e+00;1.248903e+01;6.136177e+00;8.713209e+00;6.904314e+00;1.004372e+01;-7.167532e+00;1.182934e+01;-1.452985e+01;8.974206e+00;-1.823705e+01;8.933726e+00;-1.172472e+01;7.310604e+00;-5.166605e+00;2.993569e-04;1.252374e-05;4.086486e-07;1.639131e-08;4.433874e-07;-4.141132e-08;4.902687e-07;-5.000025e-08;7.494610e-07;-4.847381e-08;1.839056e-04;9.436701e-06;1.190644e-01;3.508833e-03;5.957715e-02;1.613778e-03;6.272535e-03;1.513066e-04;5.960261e-03;-5.390525e-04;2.070820e-02;3.120943e-04;2.993176e-02;-5.793240e-04;4.707938e-02;-1.050150e-03;4.953714e-02;1.093934e-03;8.974118e-02;4.010228e-03;9.724426e-02;2.854747e-03;1.147310e-01;-1.794996e-03;1.735342e-01;1.931728e-03;1.130382e-01;4.477447e-03;1.088585e-01;5.100598e-03;1.284275e-01;1.148588e-02;1.255979e-01;6.836636e-03;1.212135e-01;1.845132e-03;1.271989e-01;2.880461e-03;1.317297e-01;1.952730e-03;1.054489e-01;1.835287e-03;9.705526e-02;1.279947e-03;9.185629e-02;1.082935e-03;8.546196e-02;-3.042911e-04;1.074028e-01;-2.319774e-03;1.022013e-01;-2.015237e-03;8.712886e-02;7.237219e-04;5.575565e-02;7.684205e-05;4.822565e-02;-6.971152e-04;3.733035e-02;1.533409e-05;2.587733e-02;9.234275e-04;5.999061e-02;7.474943e-04;5.056724e-02;1.226523e-03;4.221649e+01;-5.096191e+00;9.864001e+01;-1.629346e+01;1.880563e+02;-2.938564e+01;3.593827e+02;-3.496992e+01;6.445049e-02;2.311484e-03;1.267504e+02;-1.725809e+01;2.879734e-01;-2.078125e-02;4.540508e+05;-4.202814e+04;9.620156e-01;2.609116e-02;2.612791e+01;2.239188e-01;3.554637e-02;-3.006168e-04;7.401320e-02;-9.888693e-03;1.429487e-01;1.084573e-03;1.553775e+00;6.891403e-02;1.898350e+00;-1.146746e-01;1.880366e+00;-2.499450e-01;2.031488e+00;-7.229353e-02;1.864158e+00;5.419032e-02;2.522417e+00;1.156443e-02;3.217336e+00;-8.017559e-02;3.329022e+00;4.510632e-02;2.862070e+00;2.842302e-01;2.965071e+00;1.781852e-01;3.152744e+00;-5.401332e-02;2.601712e+00;-8.401366e-02;2.234989e+00;-1.154767e-01;2.213598e+00;1.096604e-01
154.000000;1.077730e+02;2.793305e+02;6.130289e-02;8.350437e-01;5.628099e-02;4.115415e-02;4.792477e-02;3.664976e-02;1.280095e-01;1.748322e-01;1.956189e+01;2.789074e+00;3.524632e-01;1.677003e+00;1.658218e-01;1.055642e+00;2.458659e-02;5.437880e-02;2.529891e-02;5.624465e-02;6.470724e-02;1.453606e-01;9.429656e-02;2.994031e-01;1.275556e-01;4.578373e-01;3.075008e-01;6.737973e-01;4.488232e-01;9.036426e-01;3.398464e-01;8.902152e-01;3.568032e-01;8.792828e-01;5.317876e-01;1.043896e+00;3.111680e-01;1.079510e+00;2.765185e-01;1.122333e+00;4.157821e-01;1.191912e+00;4.561583e-01;1.237324e+00;4.844348e-01;1.325533e+00;4.100550e-01;1.390326e+00;4.304301e-01;1.426274e+00;3.279556e-01;1.483615e+00;3.360064e-01;1.519764e+00;2.687679e-01;1.507961e+00;2.641500e-01;1.484177e+00;2.887448e-01;1.446167e+00;2.798574e-01;1.381500e+00;2.542526e-01;1.254601e+00;1.807643e-01;1.074291e+00;1.399499e-01;8.963093e-01;1.259064e-01;7.335655e-01;1.078364e-01;5.980898e-01;4.152457e-01;3.451129e-01;1.444863e-01;1.884008e-01;9.720296e+01;6.106816e+02;2.498535e+02;8.056289e+02;5.905893e+02;1.155472e+03;1.056481e+03;1.771465e+03;1.552421e-01;3.953385e-01;3.671628e+02;1.061675e+03;1.105107e+00;3.588761e+00;1.201034e+06;1177095;3.481573e+00;7.234405e+00;9.502973e+01;1.074545e+02;1.318227e-01;-1.625334e-01;2.187883e-01;9.075459e-01;5.619323e-01;6.475266e-01;5.587242e+00;7.765571e+00;6.940626e+00;-1.818955e+01;8.775965e+00;-1.760645e+01;8.108361e+00;-2.623888e+01;8.139464e+00;-1.859787e+01;8.384634e+00;-1.793953e+01;1.138763e+01;-3.423717e+00;1.316628e+01;2.660441e+00;6.931549e+00;6.472634e+00;9.363350e+00;-3.037983e+00;1.439483e+01;-7.261953e+00;1.556665e+01;-1.224668e+01;1.140175e+01;-1.009629e+01;6.997497e+00;-6.607152e+00;2.226700e-04;-7.942112e-06;4.525749e-07;1.940422e-08;4.263408e-07;-6.463782e-08;3.596147e-07;-5.593052e-08;9.325831e-07;-8.749446e-08;1.833460e-04;2.796051e-06;1.151956e-01;1.786900e-03;5.374665e-02;1.012412e-03;6.090614e-03;2.456638e-04;4.417691e-03;-2.741245e-04;2.122315e-02;7.929844e-04;2.523729e-02;1.415292e-03;3.423472e-02;1.558719e-04;6.243456e-02;5.093696e-03;1.102455e-01;7.519454e-03;9.927067e-02;1.749889e-03;8.195709e-02;-3.454569e-03;1.151951e-01;-4.878951e-03;8.809799e-02;3.626580e-03;1.023681e-01;-2.393775e-03;1.270078e-01;-1.831413e-03;1.233483e-01;6.695496e-04;1.348554e-01;2.371582e-03;1.330100e-01;-6.542092e-04;1.506911e-01;-6.034707e-03;1.097796e-01;4.132563e-03;1.023246e-01;2.080117e-03;8.190919e-02;2.406694e-03;8.108099e-02;1.011804e-03;8.913939e-02;2.381447e-03;8.387885e-02;1.630951e-03;6.727023e-02;1.739177e-03;5.165317e-02;1.931813e-03;4.050608e-02;1.762558e-03;3.040924e-02;2.208828e-03;2.481466e-02;8.894806e-04;8.170757e-02;1.099112e-02;4.901258e-02;-3.571158e-04;2.737315e+01;-2.497852e+00;5.224405e+01;-3.072070e+00;1.419269e+02;-6.675293e+00;3.288658e+02;-9.804785e+00;6.517001e-02;-1.036321e-03;9.069426e+01;-4.919568e+00;2.943564e-01;-1.631220e-02;3.910893e+05;-6.277124e+03;8.821812e-01;1.185575e-02;2.504584e+01;1.877399e-01;3.220727e-02;-1.126033e-03;5.315296e-02;-3.488719e-03;1.327071e-01;5.666053e-03;1.349357e+00;3.812044e-02;1.981101e+00;1.052320e-01;2.525563e+00;1.419467e-01;2.352217e+00;-4.808724e-03;2.003490e+00;-1.789622e-01;2.720728e+00;-1.845257e-01;3.002132e+00;-2.496945e-01;3.180396e+00;-2.549721e-01;2.543789e+00;-4.045565e-02;2.571325e+00;1.328566e-01;3.173304e+00;3.128698e-01;2.915450e+00;5.030609e-01;2.503757e+00;3.804256e-01;2.446912e+00;-6.934275e-02
154.500000;1.239311e+02;3.092796e+02;6.755093e-02;8.267570e-01;5.203161e-02;3.838450e-02;4.447661e-02;3.347276e-02;1.668102e-01;1.946071e-01;1.918526e+01;2.575372e+00;4.148983e-01;1.480836e+00;1.949891e-01;9.907679e-01;2.160354e-02;4.234872e-02;3.489926e-02;6.508189e-02;4.423722e-02;1.310978e-01;1.098157e-01;2.839765e-01;1.864366e-01;4.404379e-01;3.073770e-01;6.193472e-01;4.140460e-01;7.695065e-01;2.700704e-01;7.403411e-01;2.609612e-01;7.741250e-01;5.127163e-01;9.146505e-01;3.241682e-01;9.655133e-01;2.948110e-01;9.988563e-01;4.182170e-01;1.065689e+00;5.067096e-01;1.177408e+00;4.825183e-01;1.258100e+00;4.110968e-01;1.285326e+00;4.050876e-01;1.328251e+00;3.793151e-01;1.383903e+00;4.047886e-01;1.430841e+00;3.409318e-01;1.432627e+00;3.622369e-01;1.459905e+00;3.459479e-01;1.434650e+00;3.198147e-01;1.344618e+00;2.732893e-01;1.217744e+00;2.251571e-01;1.057028e+00;2.034368e-01;8.966334e-01;1.630860e-01;7.423051e-01;1.279509e-01;6.070837e-01;5.397896e-01;4.741757e-01;1.499246e-01;1.560646e-01;1.426979e+02;5.384736e+02;3.971824e+02;8.153906e+02;9.437004e+02;1.347979e+03;1.455778e+03;2.163656e+03;1.268596e-01;3.104167e-01;5.661174e+02;1.171390e+03;1.318958e+00;3.982523e+00;1.863796e+06;1.926194e+06;2.632629e+00;5.811164e+00;5.828761e+01;6.916739e+01;8.555659e-02;-1.027349e-01;3.495637e-01;9.521148e-01;3.527991e-01;3.981722e-01;5.210765e+00;6.496450e+00;8.554018e+00;-1.600872e+01;9.005609e+00;-1.261506e+01;6.569328e+00;-2.229407e+01;1.072758e+01;-2.197940e+01;9.232664e+00;-2.329308e+01;8.950262e+00;-1.112263e+01;1.072752e+01;-3.953474e+00;8.693379e+00;1.498945e+00;1.152478e+01;-2.537820e+00;1.596424e+01;-9.449496e-02;1.957516e+01;4.694107e-01;1.327373e+01;-1.634823e+00;7.478845e+00;-6.192101e+00;3.020219e-04;-4.969092e-05;3.944511e-07;1.355153e-08;3.873780e-07;-5.836154e-08;3.578853e-07;-4.931386e-08;1.276484e-06;-4.880818e-08;1.656357e-04;1.114576e-05;1.042199e-01;3.116682e-03;5.351624e-02;3.020928e-03;4.446641e-03;2.184117e-04;5.952423e-03;-5.773494e-04;1.416271e-02;-1.125029e-04;2.571460e-02;3.419949e-04;3.844317e-02;1.180112e-03;5.568159e-02;9.932083e-04;8.107302e-02;-1.501294e-03;7.152145e-02;1.851929e-03;7.900322e-02;1.032734e-02;1.227665e-01;1.006926e-02;8.694280e-02;5.484768e-03;1.081968e-01;5.266207e-03;1.217096e-01;-3.715146e-03;1.356491e-01;2.339362e-04;1.244281e-01;4.372863e-03;1.078853e-01;3.415196e-03;1.221456e-01;4.503805e-03;1.073159e-01;2.924213e-03;9.649987e-02;4.056106e-03;8.899881e-02;1.837358e-03;9.920673e-02;3.619455e-03;9.504244e-02;4.224753e-03;7.767576e-02;6.541500e-03;6.947915e-02;3.244121e-03;5.159442e-02;4.016625e-03;4.595937e-02;3.150226e-03;3.647668e-02;1.350078e-03;2.745122e-02;8.680220e-04;7.899112e-02;-1.500468e-04;4.379573e-02;4.483876e-04;3.063976e+01;1.291992e+00;8.932124e+01;-3.732422e+00;2.138648e+02;-3.675000e+00;3.550264e+02;-1.003447e+01;5.190000e-02;1.564920e-03;1.241391e+02;-3.569663e+00;2.774171e-01;-7.453291e-03;4.689318e+05;-1.257210e+04;6.393052e-01;3.440754e-02;1.437513e+01;6.824847e-01;1.788226e-02;-7.947503e-04;7.398654e-02;-2.131775e-03;7.020666e-02;2.796712e-03;1.352401e+00;6.820676e-02;1.823160e+00;2.111815e-02;2.422301e+00;-7.931834e-03;2.225919e+00;-7.988414e-02;2.213015e+00;-2.446609e-02;2.560905e+00;8.082148e-02;2.344512e+00;1.526831e-01;2.276824e+00;-1.675034e-02;2.478468e+00;-2.945407e-01;2.761672e+00;-2.502806e-01;2.965891e+00;-1.062008e-01;3.064770e+00;-2.082689e-02;2.636743e+00;5.411877e-02;2.647505e+00;-5.998651e-02
155.000000;8.029016e+01;2.876435e+02;5.419389e-02;8.473961e-01;4.294511e-02;3.612816e-02;5.302560e-02;3.781995e-02;1.576455e-01;2.068936e-01;5.105734e+00;8.190915e+00;4.586373e-01;1.599195e+00;2.422272e-01;1.067684e+00;1.902759e-02;4.540949e-02;3.042842e-02;6.415596e-02;3.620381e-02;1.238421e-01;1.009146e-01;2.720097e-01;1.829966e-01;4.330895e-01;1.872721e-01;5.307615e-01;2.252980e-01;6.581376e-01;3.444338e-01;8.300046e-01;3.361313e-01;9.192248e-01;5.148072e-01;1.104150e+00;4.824871e-01;1.090853e+00;8.154773e-01;1.242941e+00;5.971268e-01;1.199481e+00;4.750648e-01;1.264195e+00;4.680032e-01;1.379816e+00;6.622759e-01;1.498758e+00;3.840172e-01;1.378994e+00;4.525436e-01;1.452182e+00;4.196367e-01;1.471907e+00;3.845243e-01;1.527017e+00;4.111241e-01;1.586197e+00;4.241044e-01;1.565090e+00;3.581770e-01;1.436260e+00;3.205949e-01;1.302364e+00;3.058696e-01;1.162485e+00;2.249094e-01;9.535302e-01;1.565405e-01;7.627026e-01;1.220134e-01;6.137874e-01;4.300541e-01;3.640057e-01;2.440887e-01;2.393286e-01;1.651316e+02;5.885742e+02;4.028120e+02;8.657783e+02;8.652822e+02;1.342811e+03;1.306218e+03;2.004167e+03;1.600152e-01;3.461479e-01;5.126690e+02;1.165059e+03;1.156877e+00;3.959091e+00;1.728150e+06;1.652792e+06;3.017758e+00;6.132525e+00;6.611783e+01;7.715221e+01;7.149330e-02;-1.079645e-01;3.131320e-01;9.574232e-01;2.965116e-01;4.215467e-01;5.503868e+00;5.643259e+00;1.019854e+01;-1.896447e+01;1.030514e+01;-1.765159e+01;6.851398e+00;-2.628543e+01;1.061726e+01;-2.055103e+01;1.027321e+01;-2.181201e+01;9.626433e+00;-8.696365e+00;1.165623e+01;-1.039105e+00;8.823785e+00;1.398602e+00;1.134326e+01;-7.404949e+00;1.470778e+01;-1.166205e+00;1.823214e+01;-9.552792e-02;1.218773e+01;-2.809024e+00;7.390227e+00;-7.146554e+00;2.819738e-04;-4.713201e-05;2.497998e-07;-1.267578e-09;3.506199e-07;-2.321097e-09;4.660962e-07;-1.351360e-09;1.233638e-06;2.284493e-08;3.213445e-05;-1.399479e-06;1.024559e-01;1.717854e-03;5.884285e-02;-7.042286e-04;4.006365e-03;-1.764907e-04;5.291143e-03;3.631897e-04;1.398797e-02;-6.417691e-04;2.480638e-02;-9.235218e-04;3.871214e-02;-1.200902e-04;3.259295e-02;-5.142942e-03;3.643155e-02;-5.935812e-03;7.147385e-02;-2.821568e-03;7.993808e-02;8.083333e-04;1.357610e-01;1.555884e-03;1.258072e-01;-2.284537e-03;2.088730e-01;5.530474e-04;1.494625e-01;2.854566e-03;1.300402e-01;2.572656e-03;1.362842e-01;5.636699e-04;1.462052e-01;2.448377e-03;1.021282e-01;-2.001186e-03;1.338890e-01;-2.498966e-03;1.061761e-01;-3.934736e-04;9.914102e-02;-8.648257e-04;1.051632e-01;-6.606603e-04;1.044520e-01;-9.306103e-04;8.978990e-02;-7.341307e-04;9.190001e-02;-1.450366e-03;7.563812e-02;-8.558661e-04;5.299374e-02;-5.238673e-04;3.300317e-02;-4.867231e-04;2.411694e-02;-3.955686e-04;5.526169e-02;-1.009241e-02;6.968767e-02;2.049583e-03;2.806934e+01;2.526562e+00;9.671629e+01;5.842676e+00;2.002766e+02;1.411143e+01;2.831791e+02;1.213037e+01;5.212141e-02;4.916700e-04;1.088714e+02;7.933613e+00;2.226597e-01;2.047082e-02;3.768095e+05;8.746869e+03;8.012505e-01;-2.394391e-02;1.780538e+01;-3.189448e-01;1.665294e-02;9.383378e-04;6.387048e-02;5.119077e-03;7.170206e-02;-4.236183e-03;1.387251e+00;-7.448004e-02;1.805431e+00;-1.542147e-01;1.898478e+00;-1.515160e-01;1.955567e+00;-1.612662e-02;2.308709e+00;1.724252e-01;2.751014e+00;1.062239e-01;2.213079e+00;1.561038e-01;2.311164e+00;2.410681e-01;2.511558e+00;1.224544e-01;2.926676e+00;-2.309092e-01;3.103033e+00;-1.852164e-01;2.762976e+00;-2.327954e-01;2.440021e+00;-1.667410e-01;2.391707e+00;-6.834716e-02
155.500000;1.047036e+02;3.401442e+02;4.736752e-02;8.731647e-01;7.666662e-02;4.719931e-02;7.804196e-02;4.633432e-02;1.135672e-01;1.494270e-01;5.074806e+00;1.050805e+01;2.998056e-01;1.805361e+00;2.103596e-01;1.097018e+00;1.288857e-02;5.809861e-02;1.624555e-02;4.806753e-02;4.717926e-02;1.417641e-01;1.034124e-01;2.669390e-01;1.229830e-01;4.101463e-01;2.321915e-01;6.411637e-01;3.478903e-01;8.522437e-01;2.644439e-01;9.697092e-01;3.474758e-01;8.804150e-01;5.604050e-01;1.053787e+00;4.364283e-01;1.160152e+00;8.022682e-01;1.257622e+00;5.600597e-01;1.277473e+00;4.092570e-01;1.382001e+00;5.048372e-01;1.365001e+00;6.506268e-01;1.576928e+00;3.479224e-01;1.454105e+00;3.876768e-01;1.546323e+00;3.356892e-01;1.543773e+00;3.245161e-01;1.567298e+00;3.589028e-01;1.531930e+00;3.654118e-01;1.538445e+00;2.892985e-01;1.409915e+00;2.891923e-01;1.282466e+00;2.879286e-01;1.130487e+00;1.996206e-01;9.322242e-01;1.348522e-01;7.475187e-01;1.048627e-01;6.026403e-01;6.578587e-01;6.913997e-01;2.215132e-01;2.916844e-01;1.272040e+02;6.075234e+02;3.138230e+02;7.706016e+02;5.441048e+02;1.135374e+03;6.748853e+02;1.510913e+03;1.648619e-01;3.760207e-01;3.182727e+02;9.927903e+02;9.526744e-01;3.365427e+00;4.055872e+05;7.553764e+05;3.579232e+00;7.307466e+00;8.704576e+01;1.095232e+02;6.844644e-02;-1.591653e-01;2.008157e-01;8.578673e-01;2.946801e-01;6.454014e-01;4.734026e+00;5.240019e+00;5.927985e+00;-2.377847e+01;8.131611e+00;-2.036890e+01;5.023525e+00;-2.794822e+01;9.890304e+00;-2.349361e+01;1.126721e+01;-2.544930e+01;1.486137e+01;-9.088216e+00;1.514261e+01;1.507578e+00;6.536394e+00;7.387814e+00;1.616961e+01;4.433002e-01;1.472349e+01;8.892834e+00;1.247804e+01;3.980387e+00;1.192598e+01;-3.068214e-01;7.402282e+00;-7.337190e+00;3.193780e-04;6.830008e-05;3.392398e-07;2.548230e-08;5.801225e-07;-9.004414e-09;5.937018e-07;-1.036657e-08;8.146550e-07;-2.701844e-08;3.342095e-05;1.717778e-06;9.638644e-02;3.574032e-03;5.445069e-02;-7.678089e-04;3.601856e-03;2.004703e-04;1.815333e-03;-1.356765e-04;1.892765e-02;3.636440e-04;3.903578e-02;1.374629e-03;4.429158e-02;1.418722e-03;4.542284e-02;1.174743e-03;8.152444e-02;1.984147e-03;7.233780e-02;-6.673355e-04;7.191993e-02;-6.678747e-03;1.237078e-01;-8.478600e-03;1.149655e-01;-6.973403e-03;1.984677e-01;-6.112273e-03;1.428003e-01;-1.481338e-03;1.186600e-01;-1.437600e-03;1.327332e-01;2.131956e-03;1.438907e-01;1.231090e-03;9.971994e-02;8.337789e-04;1.288212e-01;-6.687721e-04;9.891692e-02;1.818930e-03;9.440058e-02;2.951923e-03;8.955397e-02;1.901664e-03;8.910494e-02;1.671556e-03;8.030035e-02;-8.053705e-04;8.668402e-02;3.169323e-05;7.288683e-02;-2.185868e-03;4.976814e-02;-1.980519e-03;3.059987e-02;-9.747572e-04;2.373528e-02;-4.069389e-04;8.152008e-02;1.337107e-02;7.079929e-02;5.612734e-04;2.230160e+01;-2.383008e+00;6.180803e+01;-3.675000e+00;9.733521e+01;-7.077246e+00;1.250371e+02;-3.646289e+00;5.168100e-02;-1.940076e-03;4.455811e+01;-4.004982e+00;1.632261e-01;-1.207469e-02;1.137272e+05;-8.323198e+03;7.491209e-01;-1.742277e-02;1.816440e+01;-3.692428e-01;1.715209e-02;-1.047682e-03;2.555396e-02;-3.029210e-03;7.479135e-02;5.145271e-03;1.200740e+00;-2.038381e-02;1.643332e+00;-4.027657e-02;1.661904e+00;2.153052e-01;1.675718e+00;1.125667e-01;2.284772e+00;-1.337782e-01;2.785254e+00;-2.989652e-01;2.761192e+00;-2.921987e-01;2.746732e+00;-5.589037e-02;2.259904e+00;1.995976e-01;2.955260e+00;3.296289e-01;2.927054e+00;3.664627e-01;2.954934e+00;2.877242e-01;2.497533e+00;1.743601e-01;2.040308e+00;1.125281e-02
156.000000;7.349854e+01;4.188713e+02;5.294811e-02;8.595029e-01;7.185053e-02;5.699684e-02;6.705397e-02;4.756339e-02;1.074267e-01;1.485194e-01;6.687704e+00;8.656734e+00;2.751580e-01;1.548609e+00;1.592957e-01;9.879026e-01;1.671093e-02;5.079941e-02;1.865326e-02;4.638952e-02;4.587154e-02;1.436940e-01;1.091923e-01;2.921984e-01;1.472304e-01;4.374837e-01;2.131364e-01;7.087287e-01;3.793688e-01;7.999631e-01;2.454311e-01;7.004183e-01;6.378101e-01;9.918557e-01;4.081332e-01;9.215825e-01;1.648013e-01;9.292020e-01;3.160091e-01;1.025940e+00;2.529079e-01;1.116535e+00;2.585620e-01;1.131311e+00;2.920775e-01;1.146113e+00;4.116618e-01;1.241862e+00;3.827363e-01;1.394710e+00;3.187752e-01;1.368649e+00;3.128437e-01;1.408834e+00;2.812951e-01;1.411903e+00;2.981406e-01;1.397031e+00;3.259776e-01;1.387644e+00;3.172038e-01;1.333332e+00;2.630495e-01;1.199944e+00;2.086120e-01;1.016742e+00;1.821336e-01;8.682237e-01;1.296810e-01;7.214060e-01;1.057812e-01;5.901594e-01;6.516811e-01;7.655419e-01;9.565016e-02;1.312930e-01;5.403361e+01;4.730127e+02;1.392152e+02;6.012070e+02;4.731589e+02;8.944893e+02;7.984310e+02;1.515076e+03;1.311742e-01;2.996267e-01;2.728282e+02;8.687839e+02;1.002842e+00;3.192112e+00;7.621029e+05;9.433245e+05;3.337567e+00;7.666822e+00;8.363767e+01;1.143185e+02;8.042622e-02;-1.314429e-01;1.698079e-01;7.662209e-01;3.498879e-01;5.222031e-01;4.167922e+00;7.003250e+00;4.900518e+00;-1.871851e+01;4.622982e+00;-1.438189e+01;4.728311e+00;-2.359007e+01;7.192172e+00;-2.837912e+01;9.026510e+00;-3.096856e+01;1.435431e+01;-1.634656e+01;1.268091e+01;-5.842358e+00;9.860756e+00;1.835451e+00;1.493070e+01;3.544507e+00;1.318879e+01;1.331332e+01;1.052744e+01;9.712593e+00;1.155321e+01;8.412336e+00;1.316390e+01;3.532426e+00;3.132788e-04;3.449075e-05;3.809637e-07;-1.895638e-08;5.406469e-07;1.439085e-08;5.010347e-07;1.630169e-08;8.939111e-07;1.951555e-08;3.457418e-05;-1.369424e-06;7.456491e-02;-2.762669e-03;4.148841e-02;1.478191e-03;3.615241e-03;-1.127116e-04;3.543878e-03;1.281179e-04;1.786885e-02;3.185805e-04;4.115972e-02;5.554180e-04;5.057028e-02;8.063209e-04;5.224346e-02;9.470294e-04;8.504915e-02;-7.355170e-04;4.760789e-02;-1.029090e-03;1.256709e-01;-1.184001e-04;6.990720e-02;6.664739e-05;4.462330e-02;3.560156e-03;7.775094e-02;4.294040e-03;7.624406e-02;1.086593e-03;5.952921e-02;1.519185e-03;6.603178e-02;9.021434e-04;1.075347e-01;-5.513118e-03;1.099178e-01;3.943375e-04;8.391722e-02;3.676767e-03;7.499168e-02;2.092334e-03;6.793000e-02;7.701633e-04;7.283443e-02;4.240799e-03;6.628787e-02;6.869805e-03;6.126865e-02;6.428036e-03;5.430690e-02;2.944910e-03;3.730089e-02;2.937533e-03;3.404615e-02;8.768057e-04;2.726990e-02;-6.459095e-05;2.563757e-02;6.060685e-04;1.077445e-01;-1.867282e-04;2.402410e-02;-1.698233e-03;1.203978e+01;-2.583984e+00;2.770940e+01;-2.296875e+00;8.125132e+01;-7.034180e-01;2.086803e+02;5.813965e+00;4.072032e-02;1.050596e-04;6.014133e+01;-1.131822e+00;2.069679e-01;6.498936e-03;2.442140e+05;7.010875e+03;7.132176e-01;-4.196091e-03;1.763625e+01;-7.332580e-02;1.525079e-02;3.572234e-04;3.789268e-02;-9.891597e-04;6.479093e-02;-2.148634e-03;1.064412e+00;6.538564e-02;1.327220e+00;9.838736e-02;1.508219e+00;1.120504e-01;1.525082e+00;4.047565e-02;2.110492e+00;8.382557e-02;2.456697e+00;3.855029e-02;2.731725e+00;-1.808179e-01;2.325120e+00;-2.785605e-01;2.051514e+00;-2.800272e-01;2.725171e+00;9.320269e-02;2.906157e+00;-8.394805e-03;2.899246e+00;-3.068867e-02;2.539725e+00;1.781504e-01;1.832281e+00;2.378126e-01
156.500000;1.606457e+02;2.991078e+02;7.630820e-02;8.041984e-01;8.162679e-02;7.786164e-02;9.802510e-02;7.022949e-02;1.318014e-01;1.706236e-01;3.723419e+01;-1.246207e+01;4.517055e-01;1.410402e+00;2.993057e-01;1.050282e+00;2.177587e-02;3.962639e-02;4.054445e-02;7.479214e-02;3.377392e-02;1.329162e-01;7.784435e-02;2.931514e-01;1.522770e-01;4.563627e-01;1.816644e-01;5.362680e-01;2.126536e-01;5.988509e-01;5.315458e-01;7.972589e-01;7.537270e-01;1.204030e+00;7.005487e-01;1.247217e+00;4.380593e-01;1.080509e+00;6.805356e-01;1.259457e+00;6.382321e-01;1.227810e+00;4.443661e-01;1.187957e+00;4.470455e-01;1.334853e+00;5.528399e-01;1.324572e+00;5.241702e-01;1.410644e+00;5.079489e-01;1.417048e+00;4.481888e-01;1.455149e+00;3.915958e-01;1.469267e+00;3.820584e-01;1.499150e+00;3.858764e-01;1.431217e+00;3.813737e-01;1.404522e+00;2.996088e-01;1.263918e+00;2.438594e-01;1.072699e+00;1.836096e-01;8.821182e-01;1.305785e-01;7.263705e-01;1.127095e-01;5.940033e-01;2.938485e-01;2.375825e-01;2.217085e-01;1.506293e-01;1.367207e+02;5.472305e+02;2.316752e+02;7.795020e+02;7.171449e+02;1.269311e+03;1.448429e+03;2.402101e+03;1.914345e-01;3.264586e-01;5.005482e+02;1.185566e+03;1.180021e+00;4.162838e+00;2.310616e+06;2162946;3.159295e+00;6.365817e+00;8.204695e+01;8.862611e+01;8.702569e-02;-9.224452e-02;3.107365e-01;9.772385e-01;3.031715e-01;3.195900e-01;4.794565e+00;7.218150e+00;7.441133e+00;-1.811931e+01;7.456158e+00;-1.685117e+01;7.303627e+00;-2.324459e+01;1.023020e+01;-1.926636e+01;1.298517e+01;-1.915922e+01;1.232232e+01;-9.466937e+00;8.636651e+00;-4.967233e+00;8.779881e+00;-3.890179e+00;8.945044e+00;-5.039621e+00;1.273185e+01;-2.221263e-01;1.130577e+01;2.304197e+00;1.222500e+01;4.213298e+00;1.184330e+01;4.816049e+00;2.108507e-04;-1.023408e-05;3.877728e-07;5.011656e-09;4.799247e-07;-5.593138e-08;6.653634e-07;-3.385632e-08;1.013354e-06;-6.848319e-08;1.652847e-04;-1.258230e-06;8.957008e-02;1.289702e-03;5.949060e-02;1.750777e-03;4.209753e-03;-4.271618e-05;5.882589e-03;8.931720e-05;1.274225e-02;1.843937e-04;2.697950e-02;4.593869e-05;4.515591e-02;-1.656365e-04;4.457579e-02;-6.597488e-04;4.792961e-02;6.134085e-04;8.568778e-02;2.623200e-03;1.441528e-01;3.020594e-03;1.475015e-01;6.172889e-03;9.857879e-02;3.594456e-03;1.718310e-01;1.950104e-03;1.717935e-01;7.535474e-05;7.748628e-02;3.000638e-03;1.065905e-01;1.806287e-03;1.328461e-01;7.623757e-03;1.261706e-01;1.260953e-03;1.116895e-01;7.441740e-03;9.338129e-02;2.822506e-03;7.616178e-02;4.643225e-04;7.961037e-02;-2.018272e-04;7.745292e-02;2.601765e-04;7.305561e-02;1.042856e-03;5.820752e-02;1.029332e-03;4.932193e-02;9.720858e-04;3.607193e-02;2.441637e-04;2.641368e-02;4.650793e-04;2.506782e-02;-1.668221e-04;7.977719e-02;-1.276566e-02;6.809462e-02;5.099592e-04;2.047190e+01;2.612695e+00;5.560592e+01;3.344824e+00;1.358429e+02;3.789844e+00;3.042893e+02;1.004883e+00;4.404390e-02;6.346035e-04;9.318696e+01;2.273684e+00;2.378397e-01;9.673563e-03;4.955735e+05;-2.188489e+03;8.912945e-01;2.731617e-03;2.386595e+01;7.015734e-02;1.691124e-02;2.799761e-04;5.831687e-02;1.981790e-03;6.387778e-02;-2.712151e-03;1.127401e+00;1.090075e-02;1.530424e+00;-1.007800e-01;1.723631e+00;-1.938204e-01;1.863175e+00;-9.895553e-02;2.033258e+00;9.795273e-02;1.896407e+00;2.934230e-01;1.978625e+00;4.351850e-01;1.944343e+00;2.084206e-01;1.899244e+00;-7.514238e-02;2.735569e+00;-2.411106e-01;2.884616e+00;-3.682606e-01;2.379880e+00;-1.939767e-01;2.354297e+00;-1.001585e-01;1.776169e+00;-1.106183e-02
157.000000;1.220340e+02;2.310903e+02;8.268241e-02;8.120289e-01;9.468245e-02;6.631378e-02;1.144931e-01;6.570143e-02;1.222223e-01;1.685446e-01;3.773316e+01;-1.115466e+01;5.560936e-01;1.733910e+00;2.837499e-01;1.090423e+00;2.518819e-02;5.118377e-02;4.045946e-02;7.317208e-02;4.119392e-02;1.354653e-01;1.240148e-01;3.065793e-01;1.784501e-01;4.731402e-01;2.537290e-01;5.326425e-01;2.585168e-01;7.015379e-01;4.487953e-01;9.828095e-01;5.526032e-01;9.920268e-01;7.008603e-01;1.148618e+00;4.424754e-01;1.129563e+00;6.568744e-01;1.212283e+00;6.391392e-01;1.237033e+00;4.493686e-01;1.295405e+00;5.125091e-01;1.394488e+00;5.362470e-01;1.468646e+00;4.695361e-01;1.416219e+00;4.985932e-01;1.541909e+00;4.188318e-01;1.557838e+00;3.634212e-01;1.553970e+00;3.386568e-01;1.544132e+00;3.098542e-01;1.509121e+00;3.212551e-01;1.450090e+00;2.837127e-01;1.314198e+00;2.127017e-01;1.140384e+00;1.628142e-01;9.410381e-01;1.292544e-01;7.604249e-01;9.960826e-02;6.114401e-01;2.278029e-01;1.887897e-01;2.416459e-01;2.611716e-01;1.127909e+02;6.709746e+02;1.935500e+02;8.435273e+02;6.684621e+02;1.338935e+03;1.365917e+03;2.362049e+03;2.147562e-01;3.954761e-01;4.533448e+02;1.231782e+03;1.016130e+00;4.233848e+00;2.359672e+06;1.874119e+06;2.703448e+00;5.822905e+00;7.442245e+01;7.720545e+01;1.050303e-01;-1.444293e-01;2.737384e-01;1.022137e+00;3.833924e-01;5.118811e-01;4.397833e+00;6.147012e+00;9.997867e+00;-2.370181e+01;8.087161e+00;-2.072761e+01;8.764566e+00;-2.740853e+01;8.219461e+00;-1.641369e+01;8.534907e+00;-1.316046e+01;1.114529e+01;1.331874e+00;1.073989e+01;2.050582e+00;8.245773e+00;9.405509e-01;6.714606e+00;-7.079761e+00;9.418970e+00;-7.855089e+00;8.831214e+00;-2.600163e+00;8.431788e+00;-1.764780e+00;7.242596e+00;-4.537960e+00;3.245912e-04;5.460218e-05;4.057582e-07;1.099425e-08;6.353759e-07;-6.218111e-08;8.645707e-07;-4.770963e-08;8.522714e-07;-8.599800e-08;1.648456e-04;1.769125e-06;8.996346e-02;3.000583e-03;5.564484e-02;-1.199657e-03;4.040427e-03;3.089180e-04;5.164844e-03;-5.319980e-04;1.387310e-02;2.025131e-04;3.346467e-02;2.752813e-03;4.408380e-02;4.340254e-03;5.609113e-02;8.545073e-03;5.921655e-02;1.028534e-02;8.263937e-02;2.882161e-03;9.529281e-02;-3.085712e-03;1.402202e-01;-4.576281e-03;9.958629e-02;-4.369619e-03;1.638284e-01;-3.426385e-03;1.718794e-01;2.371558e-03;8.458541e-02;-1.854014e-04;1.226329e-01;-5.061100e-03;1.144819e-01;-3.376158e-03;1.024116e-01;-1.419676e-03;1.092911e-01;-5.749169e-03;1.012850e-01;-7.446086e-03;8.121962e-02;-2.262931e-03;7.132638e-02;-3.421783e-03;7.182447e-02;-5.101396e-03;7.034992e-02;-5.515798e-03;6.799363e-02;-2.282605e-03;5.159482e-02;-2.369767e-03;3.673130e-02;-9.319885e-04;3.188648e-02;-9.635169e-04;2.564379e-02;-1.025431e-03;5.464427e-02;1.030872e-02;7.715362e-02;4.479433e-04;2.429081e+01;5.742187e-02;5.298605e+01;-3.545801e+00;1.368237e+02;-1.291992e+01;2.449729e+02;-1.633652e+01;4.955589e-02;1.637991e-04;7.985580e+01;-6.358729e+00;2.093750e-01;-2.241779e-02;4.362828e+05;-1.451530e+04;7.433168e-01;2.340363e-02;2.080292e+01;3.061612e-01;2.047297e-02;-1.413929e-03;4.982843e-02;-3.834907e-03;8.305194e-02;6.071414e-03;1.088662e+00;4.572027e-02;1.679561e+00;7.177633e-02;1.764000e+00;3.556358e-02;1.994905e+00;1.412299e-02;1.865728e+00;-2.699982e-02;2.014375e+00;-1.683102e-01;2.599505e+00;-1.660553e-01;2.331626e+00;-1.364909e-01;1.825652e+00;1.436770e-01;2.524083e+00;7.611488e-02;2.614014e+00;7.360830e-02;2.377966e+00;-6.836209e-03;2.121803e+00;-2.098364e-01;1.795451e+00;-1.667939e-01
157.500000;1.252912e+02;3.334811e+02;7.248252e-02;8.468515e-01;5.586178e-02;3.249462e-02;6.443651e-02;2.888861e-02;9.509300e-02;1.588478e-01;2.725987e+01;1.399146e+00;4.252581e-01;1.745057e+00;1.605766e-01;9.902450e-01;1.901388e-02;5.541051e-02;3.599187e-02;5.386243e-02;4.051539e-02;1.337171e-01;1.314981e-01;2.883032e-01;1.735666e-01;4.241284e-01;3.066788e-01;6.856881e-01;3.141502e-01;7.901925e-01;2.046520e-01;7.605632e-01;2.046395e-01;7.561680e-01;3.289601e-01;8.552739e-01;2.373351e-01;9.190707e-01;2.476042e-01;9.692315e-01;2.430658e-01;1.099112e+00;2.871746e-01;1.128578e+00;3.636140e-01;1.225546e+00;3.979430e-01;1.296325e+00;3.432026e-01;1.318247e+00;3.674882e-01;1.369505e+00;3.305785e-01;1.409863e+00;2.758273e-01;1.436255e+00;2.715586e-01;1.468288e+00;2.796031e-01;1.451931e+00;2.906788e-01;1.359842e+00;2.665425e-01;1.246036e+00;1.982393e-01;1.080789e+00;1.583063e-01;9.161595e-01;1.287735e-01;7.524024e-01;1.040593e-01;6.051545e-01;5.315049e-01;5.538820e-01;1.604077e-01;2.012705e-01;1.769206e+02;6.065186e+02;4.277659e+02;7.529443e+02;7.393312e+02;1.030579e+03;1.067867e+03;1.650305e+03;1.658508e-01;3.390322e-01;4.811508e+02;9.863747e+02;1.152352e+00;3.501961e+00;1.091404e+06;9.267876e+05;2.730372e+00;6.892026e+00;6.264160e+01;9.252561e+01;8.557867e-02;-1.548624e-01;2.896679e-01;8.485099e-01;3.265418e-01;5.689080e-01;4.709433e+00;6.815041e+00;9.486626e+00;-2.136411e+01;7.227460e+00;-1.766464e+01;7.155593e+00;-2.633477e+01;7.439680e+00;-2.111890e+01;1.368484e+01;-2.528666e+01;1.913411e+01;-1.093781e+01;1.258119e+01;-3.034178e+00;7.405463e+00;3.568714e+00;1.079471e+01;-1.579789e+00;1.304753e+01;7.156728e-01;9.912391e+00;4.457813e+00;7.401865e+00;3.873017e+00;7.958262e+00;-5.432885e-01;2.630422e-04;3.182509e-05;4.167082e-07;-5.455115e-08;5.083679e-07;-1.595949e-09;6.086406e-07;4.758217e-10;6.822817e-07;9.017677e-09;1.255946e-04;-2.612392e-05;7.599563e-02;-9.337032e-03;3.688397e-02;-3.472105e-03;3.664733e-03;-4.826204e-04;5.292705e-03;8.233812e-04;1.214650e-02;-6.359268e-04;3.191388e-02;-1.186765e-03;4.040760e-02;-9.177290e-04;5.966856e-02;-2.512344e-03;6.277416e-02;-5.953199e-03;3.140694e-02;-6.890512e-03;4.392392e-02;-5.185004e-03;6.151690e-02;-8.840937e-03;5.993267e-02;-3.838800e-03;6.252459e-02;-2.999629e-03;6.517410e-02;-5.033595e-03;6.526616e-02;-6.363292e-03;9.030918e-02;-9.268434e-03;9.700859e-02;-1.456638e-02;1.040629e-01;-6.288198e-03;8.308684e-02;-7.075137e-03;9.260065e-02;-2.861152e-03;7.164055e-02;-2.879410e-04;6.477223e-02;6.362553e-04;7.087641e-02;1.004340e-03;7.130180e-02;1.628761e-03;6.579421e-02;-4.522402e-04;4.768803e-02;-2.700230e-04;3.253794e-02;-1.286764e-03;3.097970e-02;-6.818234e-04;2.740795e-02;-1.482541e-04;7.618274e-02;-1.113262e-03;3.986003e-02;-2.474415e-03;3.650328e+01;1.421191e+00;8.971771e+01;1.243184e+01;1.435161e+02;2.472012e+01;1.933569e+02;3.182607e+01;3.786410e-02;-1.907201e-03;9.681292e+01;1.383594e+01;2.265016e-01;2.681684e-02;2.368769e+05;3.349425e+04;4.824958e-01;-4.214191e-02;1.095234e+01;-5.754369e-01;1.842191e-02;1.799803e-03;5.823790e-02;7.283550e-03;7.990733e-02;-6.223241e-03;1.177790e+00;-9.258962e-02;1.425782e+00;1.575619e-01;1.491485e+00;2.105824e-01;1.851900e+00;8.984162e-02;2.080647e+00;1.050757e-01;2.716235e+00;-6.879247e-03;2.706359e+00;-2.961348e-01;2.229698e+00;-2.952180e-01;2.181301e+00;-1.588318e-01;2.231267e+00;-4.348418e-02;2.330606e+00;1.575595e-02;2.498305e+00;4.288952e-02;2.471048e+00;7.705532e-02;1.778639e+00;6.749392e-02
158.000000;1.544810e+02;2.930282e+02;8.078305e-02;8.038847e-01;5.942426e-02;4.954764e-02;4.966561e-02;3.740241e-02;1.234878e-01;1.760112e-01;3.377075e+01;-5.790769e+00;3.439460e-01;1.301594e+00;2.046183e-01;9.605923e-01;2.064910e-02;3.462076e-02;4.132517e-02;7.272235e-02;5.194869e-02;1.395608e-01;1.275292e-01;3.123774e-01;1.731552e-01;4.728171e-01;2.552556e-01;6.327009e-01;3.242934e-01;7.110046e-01;2.320622e-01;7.100292e-01;2.719264e-01;8.301783e-01;2.427063e-01;8.450432e-01;2.760743e-01;9.294933e-01;3.327447e-01;1.009394e+00;3.344269e-01;1.057461e+00;3.117901e-01;1.079956e+00;2.930205e-01;1.110258e+00;3.336843e-01;1.160513e+00;3.971229e-01;1.330169e+00;3.793020e-01;1.301092e+00;4.248733e-01;1.345068e+00;4.224546e-01;1.398790e+00;3.624721e-01;1.415729e+00;3.794340e-01;1.404425e+00;3.821580e-01;1.338010e+00;3.105006e-01;1.204185e+00;2.525872e-01;1.035160e+00;2.215563e-01;8.815423e-01;1.608797e-01;7.324896e-01;1.136148e-01;5.879554e-01;5.661646e-01;4.439292e-01;6.394178e-02;7.815207e-02;1.708105e+02;5.265586e+02;4.891302e+02;8.151035e+02;9.168402e+02;1.357022e+03;1.351948e+03;2.140975e+03;9.764645e-02;2.341232e-01;5.760862e+02;1.160274e+03;1.514856e+00;4.177242e+00;1.303945e+06;1.818497e+06;3.234745e+00;6.100551e+00;7.160769e+01;7.499617e+01;7.890189e-02;-7.449416e-02;3.408289e-01;9.298851e-01;2.980357e-01;2.639436e-01;4.992294e+00;7.359906e+00;4.554123e+00;-1.269461e+01;5.011241e+00;-1.053523e+01;6.359368e+00;-2.057941e+01;8.833530e+00;-1.964946e+01;1.355034e+01;-2.501371e+01;1.272031e+01;-1.720712e+01;6.907035e+00;-1.036297e+01;1.087976e+01;-4.523242e+00;1.120327e+01;-2.841232e+00;1.042013e+01;2.363255e+00;1.145800e+01;1.131867e+00;9.158228e+00;2.308772e+00;7.923318e+00;2.103375e+00;2.730467e-04;4.363128e-06;3.604292e-07;-3.211990e-08;3.771844e-07;-3.879594e-08;4.300374e-07;-3.634435e-09;9.655536e-07;1.453022e-08;1.724052e-04;-2.263985e-06;7.407422e-02;-4.166318e-03;4.655918e-02;5.544523e-03;2.700857e-03;-3.760032e-04;6.027438e-03;9.342404e-04;1.530888e-02;1.182614e-03;2.999666e-02;-1.568905e-03;4.241967e-02;-2.992389e-03;3.755109e-02;-9.504726e-03;5.013283e-02;-9.234485e-03;4.657435e-02;5.689068e-04;5.650952e-02;6.362260e-03;6.542138e-02;7.977067e-03;7.502890e-02;7.589285e-03;8.034469e-02;9.230455e-03;7.750091e-02;6.466814e-03;7.887519e-02;9.335376e-03;8.688273e-02;1.261771e-02;1.010044e-01;1.224473e-02;1.187183e-01;7.524725e-03;9.905979e-02;1.403687e-02;1.011639e-01;1.718443e-02;9.675751e-02;1.426501e-02;7.732865e-02;7.617073e-03;7.833339e-02;6.355195e-03;8.062600e-02;7.526145e-03;6.114760e-02;4.715233e-03;5.257761e-02;4.197699e-03;4.845341e-02;5.100938e-03;3.442733e-02;3.432567e-03;2.457364e-02;1.926995e-03;5.839267e-02;-1.130617e-02;1.700769e-02;-4.153964e-04;4.188547e+01;2.813672e+00;1.104938e+02;8.670703e+00;1.748560e+02;2.078672e+01;2.321553e+02;2.599775e+01;2.631015e-02;1.665523e-04;1.143110e+02;1.180715e+01;2.165504e-01;3.137686e-02;2.927018e+05;2.361835e+04;4.929826e-01;-3.367775e-02;1.058479e+01;-3.936935e-01;8.725029e-03;1.569018e-03;6.791811e-02;6.920999e-03;3.568000e-02;-6.356672e-03;1.268952e+00;-6.020119e-02;1.425797e+00;2.903601e-03;1.514785e+00;6.900043e-02;2.106558e+00;8.053932e-02;2.398656e+00;4.926982e-02;2.557654e+00;2.765666e-01;2.330253e+00;2.535631e-01;2.144984e+00;2.280634e-01;2.184466e+00;3.285189e-02;2.187097e+00;-8.428593e-02;2.066528e+00;-1.451417e-01;2.410089e+00;-1.433247e-01;2.423990e+00;1.127735e-03;1.804384e+00;-2.622407e-02
158.500000;9.702232e+01;2.320849e+02;6.536032e-02;7.903554e-01;6.062728e-02;6.160189e-02;5.571536e-02;5.072278e-02;1.496005e-01;2.042887e-01;2.951388e+01;-5.566892e+00;4.632948e-01;1.439091e+00;2.600082e-01;1.075546e+00;2.401752e-02;3.549959e-02;2.339052e-02;7.845301e-02;6.282744e-02;1.452938e-01;1.293229e-01;3.091768e-01;1.656851e-01;4.735708e-01;9.797420e-02;5.080425e-01;1.670733e-01;6.237636e-01;2.580025e-01;8.531907e-01;3.298917e-01;1.006741e+00;6.922366e-01;1.134571e+00;4.653839e-01;1.137626e+00;4.198009e-01;1.170381e+00;4.553102e-01;1.212837e+00;4.461708e-01;1.339453e+00;4.346831e-01;1.334044e+00;3.868583e-01;1.334117e+00;3.661627e-01;1.424078e+00;4.641645e-01;1.484432e+00;5.230021e-01;1.514612e+00;5.281732e-01;1.580330e+00;4.254487e-01;1.564442e+00;5.010559e-01;1.556467e+00;4.893129e-01;1.486023e+00;4.280522e-01;1.321765e+00;2.974969e-01;1.132016e+00;2.554651e-01;9.467255e-01;1.787562e-01;7.580491e-01;1.220304e-01;6.124406e-01;1.015389e-01;8.371452e-02;1.637956e-01;1.593394e-01;1.487648e+02;6.224531e+02;2.894719e+02;9.332490e+02;6.452782e+02;1.534743e+03;9.842598e+02;2.405977e+03;1.756990e-01;3.366775e-01;3.500518e+02;1.307143e+03;1.155989e+00;4.591007e+00;1.050530e+06;1.901179e+06;1.909627e+00;4.852036e+00;3.504371e+01;4.599413e+01;1.150778e-01;-8.245251e-02;1.918028e-01;1.041629e+00;4.383638e-01;2.911829e-01;3.942852e+00;5.990241e+00;7.572567e+00;-1.610187e+01;9.653911e+00;-1.355482e+01;8.976316e+00;-2.193935e+01;1.020402e+01;-1.210626e+01;9.123845e+00;-1.288074e+01;1.160756e+01;-4.766359e+00;1.072560e+01;-2.113770e+00;1.268599e+01;-3.902865e+00;9.396994e+00;-1.086310e+01;9.331687e+00;-9.928868e+00;7.226628e+00;-1.009053e+01;9.578844e+00;-3.782984e+00;8.439974e+00;-1.514455e+00;3.340288e-04;3.465828e-05;3.765373e-07;1.807572e-08;4.186454e-07;-4.174955e-08;4.958191e-07;-2.187027e-08;1.163059e-06;8.445359e-09;2.046114e-04;1.993345e-05;1.092666e-01;7.766424e-03;6.586775e-02;2.661108e-03;4.725688e-03;2.880540e-04;4.377123e-03;-5.115898e-04;2.253823e-02;1.153267e-03;3.441492e-02;1.596561e-03;4.138453e-02;1.585753e-03;3.335840e-02;5.003715e-03;4.538230e-02;4.984495e-03;8.588587e-02;9.354549e-03;8.552942e-02;7.559758e-03;1.356129e-01;1.926178e-03;1.060127e-01;-8.217484e-06;1.121584e-01;1.677649e-03;1.350762e-01;5.106488e-03;1.308383e-01;-7.026367e-05;1.178432e-01;5.655674e-03;1.052488e-01;9.582556e-03;1.177953e-01;1.017516e-02;1.326576e-01;3.429082e-03;1.234073e-01;4.831711e-04;1.318674e-01;-1.392176e-03;1.006251e-01;9.924149e-05;1.217829e-01;-1.896679e-03;1.250458e-01;-1.669130e-03;1.011521e-01;1.087326e-03;6.903287e-02;8.152836e-04;6.184647e-02;2.196248e-03;4.026531e-02;7.395974e-04;2.834781e-02;1.355805e-05;3.707008e-02;2.972963e-03;5.403230e-02;1.993374e-03;2.901940e+01;-2.627051e+00;7.721980e+01;-1.159922e+01;1.511027e+02;-1.904971e+01;2.068136e+02;-2.174854e+01;5.134644e-02;3.377377e-03;8.413977e+01;-1.060343e+01;2.414503e-01;-1.594640e-02;2.494225e+05;-2.210223e+04;4.962644e-01;2.071801e-02;9.932311e+00;1.933040e-01;2.223412e-02;-9.183925e-04;4.801324e-02;-5.758801e-03;8.134095e-02;2.548217e-03;1.403839e+00;8.457022e-02;1.661519e+00;-4.319500e-02;2.379384e+00;-4.435029e-02;2.466891e+00;1.028616e-02;2.490637e+00;-2.201072e-02;2.334738e+00;-5.768980e-02;2.891732e+00;1.622894e-01;2.727840e+00;2.434890e-01;2.434093e+00;2.126701e-01;2.585604e+00;1.541341e-01;2.784325e+00;8.086679e-02;2.619064e+00;-1.521407e-01;2.401749e+00;-2.184192e-01;1.599912e+00;-5.977577e-02
159.000000;1.059532e+02;2.247836e+02;8.186063e-02;8.176364e-01;5.231826e-02;4.166843e-02;5.523985e-02;4.140601e-02;1.456099e-01;1.488453e-01;3.721506e+01;-8.508209e+00;3.731478e-01;1.685709e+00;2.233154e-01;1.092340e+00;2.441305e-02;5.335776e-02;2.604594e-02;6.075964e-02;5.289049e-02;1.381895e-01;9.773856e-02;2.908559e-01;1.186142e-01;4.381853e-01;1.670934e-01;5.720170e-01;2.984821e-01;7.618222e-01;2.480112e-01;9.125248e-01;4.364237e-01;1.072861e+00;7.125184e-01;1.178760e+00;4.310792e-01;1.134650e+00;4.149652e-01;1.228134e+00;4.055142e-01;1.309297e+00;4.103004e-01;1.308274e+00;3.957431e-01;1.336243e+00;3.788997e-01;1.393402e+00;4.083462e-01;1.407678e+00;4.355753e-01;1.477228e+00;4.721730e-01;1.543702e+00;4.461171e-01;1.571821e+00;3.875403e-01;1.543085e+00;4.564074e-01;1.538527e+00;4.717233e-01;1.479426e+00;4.222228e-01;1.342575e+00;2.786642e-01;1.129919e+00;2.228392e-01;9.311704e-01;1.640004e-01;7.519271e-01;1.190748e-01;6.085705e-01;1.471146e-01;1.757451e-01;1.691999e-01;2.057009e-01;9.624579e+01;6.533174e+02;2.432436e+02;8.901826e+02;5.973176e+02;1.237298e+03;1.091554e+03;1.829174e+03;1.822482e-01;4.376328e-01;3.776997e+02;1.119492e+03;1.322796e+00;3.798494e+00;1.062095e+06;1.149259e+06;3.829826e+00;7.277205e+00;1.076108e+02;1.123888e+02;1.313561e-01;-1.573422e-01;2.079535e-01;9.446879e-01;5.495365e-01;5.988582e-01;5.350611e+00;7.857543e+00;6.865633e+00;-1.815899e+01;9.028078e+00;-1.855930e+01;9.343645e+00;-2.799997e+01;9.668782e+00;-1.209943e+01;8.919389e+00;-1.204110e+01;1.326289e+01;-2.993323e+00;1.238134e+01;1.908303e+00;9.852138e+00;2.933744e+00;1.097170e+01;-7.525321e+00;1.031971e+01;-1.206896e+01;7.847661e+00;-1.390451e+01;1.095138e+01;-1.018000e+01;6.461837e+00;-6.077867e+00;2.711404e-04;1.776200e-05;4.818372e-07;-1.633718e-08;3.998921e-07;-5.142100e-08;4.741433e-07;-4.063623e-08;8.717913e-07;-3.957579e-08;2.611657e-04;-2.445284e-05;1.224546e-01;5.341592e-03;6.479635e-02;-3.759080e-03;6.137764e-03;2.334224e-04;4.700260e-03;-2.324263e-04;1.952530e-02;-1.257061e-03;2.873548e-02;-1.195117e-03;2.993762e-02;-4.009548e-04;4.642422e-02;1.012007e-03;8.338566e-02;1.011257e-03;8.989133e-02;-1.974510e-03;1.040688e-01;-6.309171e-03;1.435729e-01;-3.389837e-03;1.070245e-01;-2.065692e-03;1.252694e-01;-3.868506e-03;1.410135e-01;-3.250521e-03;1.239626e-01;-5.794225e-03;1.133831e-01;-5.150503e-03;1.100618e-01;-6.328980e-03;1.209172e-01;-1.746621e-03;1.254362e-01;-6.289435e-03;1.205775e-01;-8.870754e-03;1.224597e-01;-9.768957e-03;9.938242e-02;-5.526127e-03;1.254937e-01;-4.167758e-03;1.321853e-01;-6.721916e-03;1.121272e-01;-3.780350e-03;7.193191e-02;-3.514902e-03;5.494864e-02;-4.360762e-03;3.822510e-02;-3.177131e-03;2.961023e-02;-8.495380e-04;5.278392e-02;1.566378e-03;6.040898e-02;2.739695e-03;2.225901e+01;-8.326172e-01;5.967105e+01;-2.957227e+00;1.286066e+02;-1.165664e+01;2.147115e+02;-1.699688e+01;7.122327e-02;2.780215e-03;7.639618e+01;-6.646348e+00;2.705849e-01;-8.730373e-03;2.337734e+05;-2.032718e+04;7.685543e-01;1.696537e-02;2.526054e+01;2.090203e-01;3.182070e-02;-7.423747e-04;4.162104e-02;-3.488601e-03;1.244022e-01;2.073012e-03;1.472120e+00;6.964791e-02;1.906673e+00;-9.876978e-02;2.695401e+00;-1.088066e-01;2.329252e+00;-5.866566e-02;2.475684e+00;6.719214e-02;2.441440e+00;-5.257118e-02;3.175243e+00;-5.176969e-02;3.051750e+00;-6.106491e-02;2.499244e+00;-2.836184e-02;2.850652e+00;3.536235e-02;2.979460e+00;-3.929182e-02;2.654198e+00;1.816937e-02;2.783960e+00;-3.077010e-02;1.387839e+00;3.404280e-02
159.500000;1.431272e+02;2.445055e+02;8.811690e-02;8.257595e-01;5.356449e-02;3.707224e-02;4.983165e-02;3.375588e-02;1.301461e-01;1.436623e-01;3.980307e+01;-1.125664e+01;3.500798e-01;1.629771e+00;2.074780e-01;1.042466e+00;2.047032e-02;5.101017e-02;2.954049e-02;5.870622e-02;4.591640e-02;1.375348e-01;9.416888e-02;2.849443e-01;1.241929e-01;4.320943e-01;3.080125e-01;6.801383e-01;4.529054e-01;8.964144e-01;2.498406e-01;8.557335e-01;4.238709e-01;8.895540e-01;3.962494e-01;9.712619e-01;2.911964e-01;1.026324e+00;3.987977e-01;1.121107e+00;3.690479e-01;1.138207e+00;3.407584e-01;1.151212e+00;3.862118e-01;1.263630e+00;4.389426e-01;1.388864e+00;4.769123e-01;1.421683e+00;3.997439e-01;1.453877e+00;4.093715e-01;1.518666e+00;3.625276e-01;1.499773e+00;3.668309e-01;1.491514e+00;3.726122e-01;1.474116e+00;3.585671e-01;1.394327e+00;3.342204e-01;1.278624e+00;2.763856e-01;1.097416e+00;2.091492e-01;9.073243e-01;1.392762e-01;7.386948e-01;9.972804e-02;5.910897e-01;3.794617e-01;3.485497e-01;1.378741e-01;1.742726e-01;9.745619e+01;5.859902e+02;2.801140e+02;8.056289e+02;6.274814e+02;1.196528e+03;1.164001e+03;1.784959e+03;1.733326e-01;3.925441e-01;4.151282e+02;1.054385e+03;1.323643e+00;3.733405e+00;1.295126e+06;1141758;3.996105e+00;7.609032e+00;1.090379e+02;1.237835e+02;1.042354e-01;-1.388121e-01;2.410131e-01;8.935210e-01;4.592278e-01;5.325499e-01;5.128471e+00;8.714769e+00;7.248846e+00;-1.817914e+01;8.646230e+00;-1.677631e+01;8.600740e+00;-2.913131e+01;8.543357e+00;-1.892597e+01;9.747954e+00;-1.934353e+01;1.103687e+01;-6.883828e+00;1.158398e+01;-1.165268e+00;7.345087e+00;3.285770e+00;8.524216e+00;-2.945263e+00;1.214549e+01;-3.466094e+00;1.478915e+01;-6.851525e+00;1.186975e+01;-8.887239e+00;4.898975e+00;-7.325909e+00;1.975743e-04;1.124046e-05;5.258445e-07;1.918542e-08;3.683302e-07;-8.026685e-08;4.008509e-07;-6.290352e-08;7.059657e-07;-1.080861e-07;2.706703e-04;6.730795e-06;1.014966e-01;1.240293e-03;5.050181e-02;9.272334e-04;5.200430e-03;2.373089e-04;6.344423e-03;-4.779541e-04;1.097417e-02;4.047014e-04;2.306654e-02;9.740533e-04;3.295298e-02;2.161178e-03;6.590055e-02;2.821428e-03;1.145133e-01;5.102044e-03;7.946412e-02;-3.142328e-03;8.620132e-02;-2.719887e-03;9.525677e-02;4.436260e-03;8.858472e-02;5.317787e-03;1.144197e-01;1.842853e-03;1.092049e-01;2.142407e-03;9.698584e-02;3.874594e-03;1.003035e-01;1.283188e-03;1.026111e-01;-1.886379e-04;1.090433e-01;-4.978701e-03;9.978395e-02;1.468052e-03;1.021720e-01;1.604715e-03;8.875934e-02;2.179369e-03;7.732790e-02;-1.022691e-03;8.103801e-02;2.639398e-03;8.188631e-02;-2.255315e-05;7.614703e-02;-3.536255e-04;5.835802e-02;-3.819473e-04;4.136116e-02;-1.461376e-03;3.455209e-02;-6.083691e-04;2.331597e-02;7.361128e-04;7.191567e-02;9.182670e-03;3.930172e-02;-5.997323e-04;2.489015e+01;-1.837500e+00;6.173417e+01;-4.249219e+00;1.681117e+02;-8.455371e+00;3.089333e+02;-1.329316e+01;6.083955e-02;-6.637939e-04;1.088866e+02;-5.943466e+00;2.851443e-01;-1.458345e-02;4.209316e+05;-1.044119e+04;8.770868e-01;1.602129e-02;2.722776e+01;2.469491e-01;2.518170e-02;-1.105102e-03;6.472480e-02;-3.810066e-03;1.040088e-01;4.060545e-03;1.289712e+00;7.916963e-02;1.837875e+00;5.516132e-02;2.133971e+00;3.005992e-02;2.044875e+00;-5.835456e-02;2.310406e+00;-1.468120e-01;2.345062e+00;-9.075255e-02;2.771443e+00;-1.443736e-01;2.729829e+00;-1.624857e-01;2.369394e+00;-1.328077e-01;2.440427e+00;-1.226554e-02;2.516361e+00;9.319330e-02;2.870476e+00;2.916432e-01;2.730788e+00;2.379737e-01;1.449601e+00;6.301568e-02
160.000000;1.380912e+02;2.986240e+02;6.728261e-02;8.255509e-01;6.338363e-02;5.284842e-02;7.353578e-02;5.004569e-02;1.279169e-01;1.880251e-01;2.838412e+01;-3.571661e+00;5.273392e-01;1.489875e+00;3.056827e-01;1.010371e+00;2.204873e-02;4.323847e-02;2.463995e-02;5.571303e-02;6.126937e-02;1.399294e-01;1.322292e-01;3.038996e-01;1.816097e-01;4.609907e-01;3.397815e-01;6.140615e-01;4.507191e-01;7.483382e-01;2.496447e-01;7.394081e-01;2.669375e-01;8.159133e-01;5.041631e-01;9.598837e-01;6.753014e-01;1.078590e+00;6.031746e-01;1.103849e+00;5.358216e-01;1.116618e+00;4.795404e-01;1.191926e+00;5.169743e-01;1.265974e+00;5.336022e-01;1.303453e+00;5.121288e-01;1.338935e+00;4.853064e-01;1.404240e+00;4.443058e-01;1.432274e+00;4.385651e-01;1.454617e+00;4.458052e-01;1.468794e+00;4.261261e-01;1.433731e+00;3.707157e-01;1.353556e+00;3.515269e-01;1.236338e+00;3.108216e-01;1.079322e+00;2.267203e-01;9.015611e-01;1.479854e-01;7.309468e-01;1.138231e-01;5.924950e-01;5.492625e-01;4.719784e-01;1.742541e-01;1.741647e-01;1.392213e+02;5.212471e+02;2.767211e+02;6.874834e+02;5.530192e+02;1.022109e+03;9.235854e+02;1.628771e+03;2.032382e-01;3.546289e-01;3.569236e+02;9.690759e+02;1.037961e+00;3.816252e+00;1.181599e+06;1.250098e+06;2.374264e+00;6.489788e+00;5.357128e+01;7.958517e+01;9.172145e-02;-1.072921e-01;2.238333e-01;8.311960e-01;3.167068e-01;3.737791e-01;4.126542e+00;9.173626e+00;9.994830e+00;-1.506132e+01;8.353829e+00;-1.357027e+01;7.458476e+00;-2.590953e+01;9.044783e+00;-1.945695e+01;1.031878e+01;-2.199863e+01;1.028687e+01;-1.175879e+01;7.879945e+00;-5.722868e+00;7.462189e+00;3.913279e-01;9.997611e+00;-3.004699e+00;1.350516e+01;-1.439495e+00;1.595191e+01;-1.466874e+00;1.244804e+01;-3.847504e+00;7.146270e+00;-6.657014e+00;2.731708e-04;-3.682820e-05;4.945753e-07;2.856675e-08;5.314358e-07;-6.865969e-08;6.485454e-07;-6.042854e-08;8.981077e-07;-1.554931e-07;2.063928e-04;2.711205e-05;1.049712e-01;3.077416e-03;6.333145e-02;7.071020e-03;4.561218e-03;3.218084e-04;5.568550e-03;-5.180146e-04;1.584095e-02;-8.823133e-05;2.939004e-02;-4.678648e-04;4.200639e-02;-5.129850e-04;5.870989e-02;-3.752908e-04;8.809177e-02;-3.176452e-03;6.788628e-02;-1.466118e-03;6.336970e-02;1.161302e-02;1.276729e-01;2.551818e-02;1.610222e-01;2.350206e-02;1.523109e-01;1.916810e-02;1.369226e-01;8.265254e-03;1.230976e-01;1.079046e-02;1.253640e-01;1.378575e-02;1.203361e-01;1.470091e-02;1.076043e-01;9.319943e-03;1.049687e-01;6.548810e-03;9.269921e-02;4.708672e-03;9.247333e-02;9.187100e-03;8.796672e-02;8.480550e-03;7.822856e-02;4.071956e-03;6.831440e-02;5.869516e-03;6.782363e-02;5.868639e-03;6.559961e-02;5.683647e-03;4.224803e-02;2.109129e-03;3.258985e-02;9.179473e-04;2.345682e-02;-1.762021e-04;8.279750e-02;-1.165556e-03;4.834635e-02;1.032221e-03;2.699744e+01;1.435547e+00;5.091944e+01;-2.153320e+00;1.524995e+02;-5.512500e+00;2.939653e+02;-8.871679e+00;5.782410e-02;-1.123131e-04;9.925059e+01;-2.492997e+00;2.751015e-01;-1.887310e-02;4.136525e+05;-7.335888e+03;7.379177e-01;2.298786e-02;1.697012e+01;4.677012e-01;1.898459e-02;-1.857710e-03;6.108758e-02;-1.117065e-03;6.967147e-02;7.660679e-03;1.033291e+00;-2.392939e-02;1.847663e+00;-6.417124e-02;1.865785e+00;-9.860022e-02;2.241529e+00;-9.650080e-02;2.467173e+00;-3.164594e-03;2.534255e+00;1.224976e-01;2.570332e+00;1.869893e-01;1.971678e+00;6.717699e-02;2.349247e+00;-8.330558e-02;2.591643e+00;-2.870730e-01;2.552130e+00;-1.507796e-01;3.483667e+00;1.699277e-02;2.700860e+00;3.319011e-02;1.895110e+00;6.137466e-02
160.500000;1.068999e+02;2.726890e+02;5.253198e-02;8.028250e-01;6.501283e-02;5.555699e-02;7.323951e-02;5.236837e-02;1.328511e-01;2.202570e-01;2.101734e+01;-1.999937e+00;6.226811e-01;1.474702e+00;4.089112e-01;1.061965e+00;2.683652e-02;4.204684e-02;1.456252e-02;5.666415e-02;8.524858e-02;1.573200e-01;1.469351e-01;3.319639e-01;1.935959e-01;4.953381e-01;2.293763e-01;5.424265e-01;2.444510e-01;6.283010e-01;2.443107e-01;7.699455e-01;3.303584e-01;9.116269e-01;8.226090e-01;1.112411e+00;8.636839e-01;1.205729e+00;7.055454e-01;1.247096e+00;6.029047e-01;1.230628e+00;6.160982e-01;1.298474e+00;6.720284e-01;1.344315e+00;6.588204e-01;1.383792e+00;6.629951e-01;1.459150e+00;6.405154e-01;1.468661e+00;5.381516e-01;1.470464e+00;5.759622e-01;1.494543e+00;5.497756e-01;1.505272e+00;6.036609e-01;1.510751e+00;5.574763e-01;1.420485e+00;5.155732e-01;1.282865e+00;3.826421e-01;1.090410e+00;2.582468e-01;9.085773e-01;1.674512e-01;7.376961e-01;1.229286e-01;6.028510e-01;4.705450e-01;3.276803e-01;2.155116e-01;1.986119e-01;1.505412e+02;5.506758e+02;2.390786e+02;7.308369e+02;3.206040e+02;9.814834e+02;5.551299e+02;1.589150e+03;2.844872e-01;4.094251e-01;2.277871e+02;9.816339e+02;7.079835e-01;3.951428e+00;6.991901e+05;1.193126e+06;1.466324e+00;6.098717e+00;3.147593e+01;6.476613e+01;1.291580e-01;-1.134566e-01;1.529984e-01;8.487124e-01;4.139551e-01;3.704438e-01;4.016991e+00;1.034942e+01;8.816689e+00;-1.413457e+01;7.341403e+00;-1.328943e+01;6.796010e+00;-2.238466e+01;9.310282e+00;-1.313808e+01;9.882138e+00;-1.583133e+01;1.202997e+01;-8.484418e+00;9.209106e+00;-2.435272e+00;1.065655e+01;-3.497219e-01;1.094997e+01;-3.419929e+00;1.279275e+01;-6.251406e+00;1.285713e+01;-7.549522e+00;1.104154e+01;-7.304265e+00;7.995307e+00;-8.200260e+00;2.900867e-04;-4.395813e-05;4.291885e-07;-1.024766e-08;5.832663e-07;-2.262448e-08;6.644332e-07;-1.228862e-08;1.043406e-06;-1.112768e-07;1.835270e-04;-6.143674e-06;1.225909e-01;-1.437751e-03;7.476088e-02;3.826545e-04;5.246083e-03;-1.896620e-04;2.741544e-03;2.894936e-04;2.409484e-02;-9.649972e-04;3.957186e-02;-1.795060e-03;4.887383e-02;-3.361458e-03;4.775093e-02;-4.324631e-03;4.611773e-02;-2.935473e-03;6.906549e-02;-1.465011e-03;7.481654e-02;-1.492509e-03;1.479508e-01;7.868605e-04;1.941930e-01;1.172979e-02;1.885959e-01;1.249071e-02;1.516086e-01;-5.193739e-04;1.431417e-01;-1.930279e-05;1.248781e-01;-1.815725e-03;1.424242e-01;-2.113461e-03;1.482289e-01;-5.516274e-04;1.216068e-01;-8.679780e-04;1.021086e-01;1.562774e-04;1.177821e-01;1.862034e-03;9.328185e-02;-1.548005e-04;1.051634e-01;-1.065368e-03;9.841743e-02;4.677552e-04;9.103832e-02;2.154473e-03;7.116839e-02;1.386013e-03;4.690966e-02;1.776514e-03;3.250565e-02;7.703960e-04;2.474890e-02;-1.850050e-04;7.540172e-02;-1.135235e-02;6.181969e-02;4.184302e-03;2.719917e+01;4.206152e+00;6.104481e+01;5.670410e+00;7.591271e+01;5.239746e+00;1.910521e+02;3.588867e+00;7.441957e-02;-6.225696e-04;6.001140e+01;4.529316e+00;2.308549e-01;7.344465e-03;2.396550e+05;1.250559e+03;5.232888e-01;6.652629e-03;1.153069e+01;1.539839e-01;2.685381e-02;9.755522e-04;3.535586e-02;3.427633e-03;8.322970e-02;-2.521112e-03;1.223367e+00;-4.450712e-02;2.064527e+00;-1.084984e-01;2.202731e+00;-1.199713e-01;2.275312e+00;1.789290e-02;2.239131e+00;1.909206e-01;2.573087e+00;2.537694e-01;2.790947e+00;1.665041e-01;1.718656e+00;-1.343356e-02;2.355305e+00;-5.040937e-02;2.808449e+00;-6.747232e-02;2.805169e+00;-1.250438e-02;3.022932e+00;-9.118670e-02;2.378245e+00;-1.065201e-01;1.822344e+00;-1.551005e-01
161.000000;8.146090e+01;2.568396e+02;5.602997e-02;7.934856e-01;4.556231e-02;4.376709e-02;4.265459e-02;4.061977e-02;1.325800e-01;2.143189e-01;2.317060e+01;-3.299847e+00;5.529894e-01;1.608767e+00;3.717743e-01;1.116694e+00;2.512813e-02;4.502204e-02;1.172978e-02;6.190098e-02;7.697006e-02;1.535307e-01;1.077475e-01;2.883027e-01;1.445569e-01;4.386406e-01;1.909886e-01;5.766624e-01;1.768079e-01;6.803137e-01;2.348274e-01;8.635971e-01;3.561614e-01;9.381091e-01;8.913882e-01;1.211747e+00;7.104169e-01;1.198133e+00;6.089475e-01;1.222330e+00;4.456387e-01;1.239387e+00;5.677014e-01;1.363276e+00;6.582272e-01;1.464185e+00;6.405471e-01;1.561700e+00;7.019582e-01;1.617970e+00;6.359615e-01;1.570727e+00;5.173714e-01;1.566184e+00;5.682032e-01;1.597752e+00;5.016298e-01;1.621457e+00;5.748942e-01;1.589738e+00;5.485574e-01;1.482525e+00;5.114205e-01;1.335946e+00;3.783617e-01;1.143890e+00;2.490709e-01;9.454035e-01;1.603732e-01;7.597136e-01;1.045092e-01;6.028301e-01;1.736441e-01;1.711011e-01;2.083170e-01;2.413312e-01;1.136170e+02;6.459961e+02;2.411045e+02;8.791289e+02;3.333894e+02;1.217631e+03;5.202911e+02;1.813670e+03;2.609001e-01;4.469488e-01;1.965543e+02;1.110544e+03;7.263458e-01;4.056241e+00;6.479726e+05;1.055164e+06;1.659548e+00;5.689482e+00;3.342485e+01;6.365222e+01;1.260160e-01;-1.204172e-01;1.116716e-01;9.409150e-01;4.224149e-01;4.040235e-01;3.957457e+00;9.717916e+00;5.899708e+00;-1.972996e+01;6.926605e+00;-1.512920e+01;6.743442e+00;-2.148649e+01;6.825050e+00;-9.708870e+00;7.775068e+00;-1.200217e+01;1.074012e+01;-2.390914e+00;8.580971e+00;3.092761e+00;1.114047e+01;1.685516e+00;1.180893e+01;-6.724287e+00;1.160780e+01;-7.540060e+00;8.066372e+00;-1.162074e+01;9.754942e+00;-9.757779e+00;7.493099e+00;-8.557117e+00;2.592349e-04;6.971900e-07;4.577890e-07;1.110415e-09;3.735162e-07;-1.066925e-09;3.474290e-07;-2.115691e-10;1.043280e-06;-2.226599e-08;2.000073e-04;-2.144384e-06;1.138969e-01;-1.167685e-03;6.150146e-02;-3.950586e-03;5.298771e-03;-1.583323e-04;2.871386e-03;8.087685e-05;2.353032e-02;7.259623e-04;3.493488e-02;1.477534e-03;4.426738e-02;1.557525e-03;5.179371e-02;4.370024e-03;4.989093e-02;6.203858e-03;8.189257e-02;6.487296e-03;7.427506e-02;-3.804974e-03;1.441184e-01;-1.646250e-02;1.448574e-01;-1.912236e-02;1.588622e-01;-1.342305e-02;1.191537e-01;-4.584744e-03;1.412887e-01;-2.320237e-03;1.224487e-01;-3.727132e-03;1.311343e-01;-1.281906e-02;1.729145e-01;-1.045646e-02;1.139994e-01;-3.500771e-03;9.870192e-02;-2.115420e-03;1.142956e-01;-4.192207e-03;8.133421e-02;-5.800238e-03;9.833150e-02;-2.682056e-03;9.373505e-02;-3.130435e-03;8.402772e-02;-5.644174e-03;6.196575e-02;-4.375647e-03;4.306680e-02;-2.497549e-03;3.079508e-02;-1.827331e-03;2.323849e-02;-1.051069e-03;6.179049e-02;4.793684e-03;5.810651e-02;4.464128e-05;3.281010e+01;-1.808789e+00;9.551363e+01;1.291992e-01;8.365489e+01;4.134375e+00;1.783242e+02;3.947754e+00;7.005215e-02;1.395125e-03;6.683482e+01;2.013242e-01;2.458246e-01;1.535215e-02;2.334625e+05;7.829211e+02;4.604153e-01;-2.551659e-02;9.805880e+00;-3.786131e-01;2.750232e-02;9.662260e-04;3.854549e-02;-1.849466e-04;8.908930e-02;-5.294281e-03;1.386670e+00;1.029479e-01;2.076131e+00;3.124705e-02;2.274220e+00;1.161515e-01;2.057865e+00;8.182086e-02;1.993743e+00;9.401694e-03;2.383122e+00;-9.971838e-02;2.810115e+00;-1.536977e-01;2.091298e+00;3.768663e-02;2.481088e+00;1.602903e-01;2.858216e+00;2.405940e-01;2.790820e+00;1.600353e-01;2.640280e+00;-4.286845e-02;2.368155e+00;-1.832105e-02;1.923586e+00;-4.470309e-02
161.500000;1.264821e+02;3.040200e+02;6.726632e-02;8.150110e-01;3.520767e-02;3.993407e-02;4.321039e-02;3.872509e-02;1.223987e-01;1.765084e-01;2.728166e+01;-3.660549e+00;4.110053e-01;1.703117e+00;2.460911e-01;1.084232e+00;1.778500e-02;4.698839e-02;1.392630e-02;5.958176e-02;6.165036e-02;1.387397e-01;9.637712e-02;2.753910e-01;1.421513e-01;4.285984e-01;1.675577e-01;6.484026e-01;2.154970e-01;7.967775e-01;2.166045e-01;8.072649e-01;3.040420e-01;8.718677e-01;5.888042e-01;1.152467e+00;4.836871e-01;1.225816e+00;4.572670e-01;1.125166e+00;3.672566e-01;1.219614e+00;4.316530e-01;1.271403e+00;4.704750e-01;1.356338e+00;4.472908e-01;1.432787e+00;5.514579e-01;1.470823e+00;4.885792e-01;1.539936e+00;3.945401e-01;1.578912e+00;4.081528e-01;1.596658e+00;3.364871e-01;1.562848e+00;3.410594e-01;1.517527e+00;3.496920e-01;1.441230e+00;3.069577e-01;1.304406e+00;2.394263e-01;1.130406e+00;1.709379e-01;9.321387e-01;1.305890e-01;7.604716e-01;8.460852e-02;6.040385e-01;1.694863e-01;2.325543e-01;1.827454e-01;2.280577e-01;1.129800e+02;6.032168e+02;2.173611e+02;8.633379e+02;3.511332e+02;1.212176e+03;5.030251e+02;1.777494e+03;2.005997e-01;4.181778e-01;1.983206e+02;1.062423e+03;8.269181e-01;4.087048e+00;5.331612e+05;821971;1.833871e+00;5.378310e+00;3.582985e+01;6.382159e+01;8.070596e-02;-1.130949e-01;1.124959e-01;9.074144e-01;2.975664e-01;3.845465e-01;3.140097e+00;1.030476e+01;5.624977e+00;-2.218262e+01;6.110582e+00;-1.478371e+01;7.770310e+00;-2.370552e+01;8.265846e+00;-1.455433e+01;8.233289e+00;-1.507428e+01;9.653753e+00;-6.059446e+00;1.049030e+01;-4.676221e+00;7.853621e+00;-3.273128e+00;9.640671e+00;-8.525912e+00;1.110399e+01;-2.873431e+00;1.676000e+01;-1.577564e+00;1.510448e+01;-8.812758e-01;7.877073e+00;-4.877419e+00;3.257527e-04;-5.350690e-05;4.539117e-07;-5.012032e-10;2.741057e-07;-4.269742e-08;3.675337e-07;-2.962944e-08;8.926024e-07;-3.422095e-08;2.039757e-04;4.834770e-06;9.685604e-02;-9.253879e-03;4.810173e-02;-5.884224e-03;4.150664e-03;-2.751918e-04;3.569090e-03;6.928694e-05;1.762505e-02;5.117747e-04;2.774880e-02;5.987707e-04;4.050839e-02;2.706553e-04;4.489671e-02;-2.392024e-03;5.860059e-02;-5.435551e-03;6.549933e-02;-3.617017e-03;6.865519e-02;6.117626e-04;1.192895e-01;-6.511300e-03;1.026620e-01;-2.021087e-02;1.118479e-01;-1.701864e-02;9.138551e-02;-7.271385e-03;1.093828e-01;-5.799594e-03;1.238958e-01;-4.579793e-03;1.041080e-01;-7.324090e-03;1.411396e-01;-5.568077e-03;9.703052e-02;-8.279941e-03;9.249600e-02;-1.004810e-02;9.209014e-02;-8.739938e-03;7.181863e-02;-5.609468e-03;6.593426e-02;-6.568852e-03;6.603307e-02;-6.729226e-03;5.944855e-02;-9.716312e-03;5.150263e-02;-6.533562e-03;4.345985e-02;-3.064555e-03;3.344684e-02;-1.996155e-03;2.531109e-02;-1.968352e-03;5.238942e-02;-6.080474e-04;4.279249e-02;-5.695633e-03;3.554914e+01;-3.014648e+00;8.800747e+01;-2.555274e+00;8.064126e+01;4.880859e-01;1.560233e+02;1.477178e+01;4.914038e-02;-6.734722e-04;6.191235e+01;1.629679e+00;2.281402e-01;8.713361e-03;2.097383e+05;2.813714e+04;4.627239e-01;-1.358845e-02;1.027354e+01;-1.955943e-01;1.891397e-02;9.093563e-04;3.673557e-02;6.582043e-04;6.882951e-02;-3.694805e-03;1.138193e+00;-4.653408e-03;1.795577e+00;1.509547e-01;1.718924e+00;8.492979e-02;2.059500e+00;1.467500e-02;2.214229e+00;-1.137232e-01;2.201507e+00;-7.977759e-02;2.379930e+00;-9.530055e-02;2.018717e+00;1.024696e-01;2.040188e+00;5.910110e-02;2.492747e+00;-6.464159e-02;2.243793e+00;-8.051927e-02;2.805929e+00;-1.082883e-01;2.858404e+00;3.093930e-02;2.445771e+00;1.222038e-01
162.000000;1.159833e+02;3.035368e+02;5.847313e-02;8.198147e-01;6.051950e-02;5.510274e-02;5.793697e-02;4.917845e-02;1.221014e-01;1.976577e-01;2.333872e+01;-1.407413e+00;4.301800e-01;1.873737e+00;2.274599e-01;1.092829e+00;1.688253e-02;5.211401e-02;1.206556e-02;6.092089e-02;6.100964e-02;1.423600e-01;1.096245e-01;2.880654e-01;1.593598e-01;4.402709e-01;1.814366e-01;5.928115e-01;2.316042e-01;7.368054e-01;2.170906e-01;8.135867e-01;4.248442e-01;9.762678e-01;3.939592e-01;1.101264e+00;4.638095e-01;1.167345e+00;6.135201e-01;1.218234e+00;4.692360e-01;1.225912e+00;3.994821e-01;1.294720e+00;4.253020e-01;1.367746e+00;4.330526e-01;1.401056e+00;3.671038e-01;1.391988e+00;4.433153e-01;1.549247e+00;3.897775e-01;1.576743e+00;3.686620e-01;1.588233e+00;3.049735e-01;1.560062e+00;3.709517e-01;1.553520e+00;3.412108e-01;1.485176e+00;3.194894e-01;1.361895e+00;2.231990e-01;1.173410e+00;1.782397e-01;9.649413e-01;1.490060e-01;7.933335e-01;1.288971e-01;6.485611e-01;1.560169e-01;2.564992e-01;3.500452e-01;3.437332e-01;1.071734e+02;6.164238e+02;1.562658e+02;8.775498e+02;3.292864e+02;1.260554e+03;5.345927e+02;1.877408e+03;2.248674e-01;4.881234e-01;1.971883e+02;1.101061e+03;7.015531e-01;4.234063e+00;6.779758e+05;8.702281e+05;2.104914e+00;5.212052e+00;5.351416e+01;6.377969e+01;8.907805e-02;-1.342945e-01;1.121673e-01;9.339918e-01;3.326805e-01;4.575921e-01;4.077259e+00;8.643969e+00;4.523686e+00;-2.407153e+01;6.831141e+00;-1.774887e+01;7.555572e+00;-2.583822e+01;8.316923e+00;-1.622224e+01;8.614685e+00;-1.643735e+01;8.437828e+00;-6.024657e+00;1.154493e+01;-2.748922e+00;9.408300e+00;-8.703773e-01;7.981795e+00;-7.481773e+00;9.135835e+00;-2.833993e+00;1.413799e+01;1.608143e+00;1.301772e+01;9.531878e-01;7.233794e+00;-4.892429e+00;2.770775e-04;-4.524803e-05;3.403608e-07;1.879379e-08;4.542422e-07;-9.765439e-09;4.218942e-07;-1.122406e-08;9.409419e-07;-6.668687e-08;1.593924e-04;3.650035e-07;1.257489e-01;-6.062926e-03;6.275197e-02;-7.706204e-03;5.561258e-03;-2.656922e-04;3.358261e-03;1.124969e-04;1.565661e-02;-1.101826e-03;2.901672e-02;-1.819675e-03;4.601427e-02;-2.982342e-03;4.391332e-02;-5.553593e-03;5.497830e-02;-4.919887e-03;6.722689e-02;-6.044453e-03;1.040101e-01;-3.262704e-03;1.240969e-01;-1.016989e-02;1.280389e-01;-1.084966e-02;1.910890e-01;-1.196302e-02;1.326464e-01;-1.371774e-02;9.760866e-02;-1.591954e-02;1.272333e-01;-1.542718e-02;1.369339e-01;-3.661219e-03;1.142426e-01;-5.863057e-03;1.190265e-01;-1.090408e-02;1.029341e-01;-9.358710e-03;9.995773e-02;-1.293345e-02;8.217224e-02;-9.935859e-03;8.296014e-02;-1.080337e-02;7.896883e-02;-9.944089e-03;7.812171e-02;-7.066112e-03;5.160704e-02;-6.839686e-03;4.568540e-02;-4.573057e-03;3.717196e-02;-2.540762e-03;2.907707e-02;-2.206346e-03;5.692264e-02;-4.833532e-03;1.158043e-01;-3.322328e-03;2.885192e+01;8.756836e-01;6.227768e+01;-1.722656e-01;9.735516e+01;2.856738e+00;1.899971e+02;1.177148e+00;5.542597e-02;-5.386145e-03;6.412656e+01;1.418878e+00;2.179684e-01;-4.543675e-03;2.658672e+05;3.295802e+03;7.122692e-01;1.412098e-02;1.813970e+01;1.341253e-01;3.041256e-02;1.275294e-03;3.611397e-02;9.155022e-04;1.138793e-01;-3.197216e-03;1.087232e+00;-9.823451e-02;1.612881e+00;-3.470705e-02;1.906925e+00;-9.126780e-02;2.087440e+00;-3.931753e-02;2.216328e+00;-1.780324e-01;2.406816e+00;-4.782895e-02;2.058318e+00;1.424079e-01;2.069286e+00;1.147092e-01;2.417517e+00;-1.578094e-03;2.903686e+00;-8.768649e-02;2.765323e+00;-2.919981e-02;2.568822e+00;1.242339e-01;2.921069e+00;-3.625286e-02;2.475684e+00;-1.207303e-01
162.500000;9.962054e+01;3.447540e+02;4.269078e-02;8.337012e-01;6.888125e-02;6.762942e-02;8.378626e-02;6.323947e-02;9.928750e-02;2.056628e-01;4.618314e+00;5.286894e+00;4.541444e-01;1.887250e+00;2.427366e-01;1.052918e+00;1.736312e-02;5.613893e-02;1.562033e-02;5.231797e-02;4.750458e-02;1.448209e-01;8.386553e-02;2.964307e-01;1.247313e-01;4.380683e-01;2.544200e-01;6.059289e-01;2.947678e-01;7.700649e-01;1.839720e-01;8.596284e-01;4.339952e-01;9.284196e-01;3.836344e-01;9.263670e-01;4.083994e-01;1.051641e+00;6.050934e-01;1.184900e+00;4.413269e-01;1.166285e+00;3.734541e-01;1.242503e+00;4.612854e-01;1.282953e+00;4.736462e-01;1.337446e+00;3.637995e-01;1.378967e+00;4.271970e-01;1.463590e+00;3.929504e-01;1.456606e+00;4.342192e-01;1.507397e+00;4.038919e-01;1.515488e+00;4.222529e-01;1.532874e+00;3.685125e-01;1.446672e+00;3.686206e-01;1.325177e+00;2.831022e-01;1.140260e+00;2.070903e-01;9.472907e-01;1.643641e-01;7.848986e-01;1.468966e-01;6.411892e-01;4.319185e-01;4.834218e-01;3.517769e-01;3.525676e-01;1.163005e+02;5.984795e+02;2.212130e+02;7.520830e+02;4.491164e+02;1.139537e+03;5.623194e+02;1.720359e+03;2.286911e-01;4.859277e-01;2.530972e+02;1.020610e+03;7.970495e-01;3.844238e+00;6.002131e+05;8.505564e+05;2.535432e+00;5.996511e+00;6.219736e+01;7.659874e+01;9.441024e-02;-1.562942e-01;1.607268e-01;8.767067e-01;3.529671e-01;5.704205e-01;3.463110e+00;7.911109e+00;6.215479e+00;-2.117426e+01;5.961146e+00;-1.813552e+01;5.270269e+00;-2.603593e+01;7.163823e+00;-1.791898e+01;8.620339e+00;-1.895575e+01;1.096352e+01;-7.086286e+00;1.244904e+01;-5.786371e-01;8.258694e+00;2.921739e+00;1.255111e+01;-1.690420e+00;1.423144e+01;1.982366e+00;1.282003e+01;2.300487e+00;1.169344e+01;-2.056994e+00;6.440015e+00;-8.949314e+00;2.205816e-04;5.915903e-05;2.706011e-07;2.130456e-08;5.658547e-07;-4.561370e-09;7.344214e-07;-3.995619e-09;9.569259e-07;-5.547793e-08;3.031697e-05;3.146905e-06;1.221537e-01;4.079750e-03;6.179573e-02;-7.515423e-04;5.329465e-03;3.434660e-04;2.654335e-03;-2.422524e-04;1.530344e-02;-1.153925e-03;2.683972e-02;-2.048662e-03;4.191911e-02;-2.126914e-03;5.262958e-02;2.086445e-03;5.916315e-02;3.775790e-03;5.693969e-02;3.481373e-03;9.803656e-02;-5.421745e-03;1.179151e-01;-4.152853e-05;1.181299e-01;4.296805e-03;1.859680e-01;-1.401651e-03;1.352453e-01;2.697913e-03;9.896823e-02;5.375472e-03;1.197374e-01;-2.519579e-03;1.328348e-01;-1.323083e-03;1.078721e-01;-1.993816e-03;1.184548e-01;3.683040e-04;1.026741e-01;-3.257770e-03;1.138216e-01;-3.663646e-03;9.471361e-02;-3.666233e-03;9.332056e-02;-3.067600e-03;8.075324e-02;-2.943230e-03;8.176248e-02;2.746707e-05;5.727975e-02;-1.381037e-03;4.294809e-02;-3.192397e-03;3.262768e-02;-1.454514e-03;2.772328e-02;-9.923490e-04;6.275687e-02;9.780969e-03;1.176417e-01;3.741129e-04;1.938467e+01;-8.613281e-01;4.994106e+01;-3.043359e+00;1.004273e+02;-6.718359e+00;1.668505e+02;-2.217920e+01;5.982305e-02;-1.634074e-03;5.399538e+01;-7.293092e+00;1.984674e-01;-2.583436e-02;2.043278e+05;-3.243425e+04;7.628964e-01;6.281197e-02;1.935736e+01;1.554163e+00;3.062459e-02;-1.313093e-03;3.009822e-02;-4.636666e-03;1.135846e-01;6.504425e-03;1.017497e+00;3.764008e-02;1.575482e+00;-7.234398e-02;1.952257e+00;-1.257920e-01;1.787909e+00;-6.488346e-02;1.996680e+00;-7.270746e-02;2.317826e+00;-2.499555e-01;2.120421e+00;-2.113514e-01;2.751841e+00;-1.747095e-01;2.627402e+00;-3.919255e-02;3.173055e+00;2.967149e-01;3.099793e+00;2.733429e-01;2.823303e+00;2.342600e-01;2.803586e+00;1.892092e-01;2.067116e+00;1.113045e-01
163.000000;1.110522e+02;3.827608e+02;6.335524e-02;8.145873e-01;8.770914e-02;8.872614e-02;1.026138e-01;8.146635e-02;1.217745e-01;2.139929e-01;1.576217e+01;2.084174e+00;4.136138e-01;1.601871e+00;2.365917e-01;9.930891e-01;1.755744e-02;4.435735e-02;2.024808e-02;5.314563e-02;5.134102e-02;1.383643e-01;8.515257e-02;2.825493e-01;1.179906e-01;4.275633e-01;2.541535e-01;6.620758e-01;3.162161e-01;7.644390e-01;2.092281e-01;7.321898e-01;2.298681e-01;7.871014e-01;2.561655e-01;8.551612e-01;3.364824e-01;1.015668e+00;3.159961e-01;1.032630e+00;2.821205e-01;1.094090e+00;3.265232e-01;1.133815e+00;3.660168e-01;1.187081e+00;3.502239e-01;1.239218e+00;3.531858e-01;1.345846e+00;3.810945e-01;1.376792e+00;3.935846e-01;1.412715e+00;4.926144e-01;1.470153e+00;4.835874e-01;1.470378e+00;4.622468e-01;1.464544e+00;3.743052e-01;1.377930e+00;3.298260e-01;1.233815e+00;3.028251e-01;1.081602e+00;1.948612e-01;8.979199e-01;1.482498e-01;7.385194e-01;1.240930e-01;5.981555e-01;4.433024e-01;5.050694e-01;1.541002e-01;1.733398e-01;1.121139e+02;5.179453e+02;2.726137e+02;6.886318e+02;5.268284e+02;1.101352e+03;8.345070e+02;1.887026e+03;1.760672e-01;3.914755e-01;3.357464e+02;1.008774e+03;1.053824e+00;3.962582e+00;7.530899e+05;1.161560e+06;2.479232e+00;5.883646e+00;5.355077e+01;7.005234e+01;7.601216e-02;-1.039607e-01;2.029703e-01;8.510088e-01;2.931148e-01;3.786661e-01;3.929600e+00;8.287901e+00;5.372006e+00;-1.660614e+01;5.205587e+00;-1.445728e+01;5.944338e+00;-2.345782e+01;5.724681e+00;-1.963415e+01;5.879511e+00;-2.238420e+01;9.031088e+00;-1.247291e+01;1.009072e+01;-8.992095e+00;7.876209e+00;-2.944601e+00;1.064859e+01;1.715341e+00;1.030665e+01;8.064778e+00;1.035718e+01;8.033761e+00;1.007890e+01;4.611033e+00;9.040791e+00;-3.170431e+00;5.015401e-04;-2.211729e-06;4.605566e-07;4.736763e-09;7.453868e-07;-6.318080e-08;9.561261e-07;-3.864045e-08;1.010012e-06;-5.466872e-08;1.385139e-04;5.125004e-07;9.914395e-02;-5.019389e-03;5.413223e-02;-6.938729e-04;3.961298e-03;-9.928466e-05;3.919110e-03;-2.824390e-04;1.697980e-02;-3.077324e-04;3.201021e-02;1.864281e-03;4.263536e-02;3.278543e-03;6.338493e-02;6.146563e-04;7.362800e-02;1.368820e-03;5.298569e-02;1.769064e-03;5.762900e-02;-8.413472e-05;6.876711e-02;-5.829274e-04;8.288183e-02;2.084599e-03;7.969183e-02;-2.488556e-04;8.371539e-02;2.758266e-03;9.914330e-02;1.154336e-03;9.989730e-02;-3.352440e-03;9.840948e-02;-5.465137e-03;8.475792e-02;-4.148553e-03;1.037768e-01;-4.026338e-03;1.064863e-01;-4.519674e-03;1.163369e-01;-2.671092e-03;1.137601e-01;-3.047031e-03;1.052997e-01;-9.115767e-04;7.677343e-02;-7.949801e-04;6.361508e-02;-8.084435e-04;5.800811e-02;-5.630045e-04;4.008742e-02;-1.255219e-03;3.174667e-02;-1.954671e-05;2.633379e-02;-1.265790e-04;8.372836e-02;1.170091e-03;4.016511e-02;-1.494732e-03;4.083966e+01;-2.483496e+00;9.410105e+01;-3.603223e+00;1.306426e+02;-8.771192e+00;2.068868e+02;-6.474317e+00;5.412575e-02;-1.062500e-04;9.508591e+01;-4.543108e+00;2.649327e-01;-8.283244e-03;2.131271e+05;-1.239204e+03;6.443641e-01;3.354127e-02;1.498614e+01;5.483850e-01;1.552297e-02;2.456915e-04;5.841421e-02;-3.037672e-03;5.033249e-02;-5.568406e-04;1.312652e+00;9.036470e-02;1.599802e+00;1.721163e-01;1.552542e+00;-1.868367e-02;1.824683e+00;7.002580e-03;2.268661e+00;6.239569e-02;2.270016e+00;-1.035187e-01;2.397055e+00;-3.164761e-01;2.609010e+00;-3.091476e-01;2.418974e+00;-1.499645e-01;2.514005e+00;9.686274e-02;2.785588e+00;3.490385e-02;3.221325e+00;-6.875420e-02;2.693489e+00;2.383896e-02;1.828590e+00;9.843052e-02
163.500000;1.138369e+02;3.080634e+02;7.070901e-02;7.974017e-01;1.013490e-01;8.911204e-02;1.074081e-01;8.034628e-02;1.756596e-01;2.455029e-01;1.716964e+01;1.926347e+00;3.327301e-01;1.471790e+00;2.173946e-01;1.006295e+00;1.212361e-02;3.711034e-02;2.261847e-02;5.927816e-02;5.540266e-02;1.372641e-01;9.858254e-02;2.916889e-01;1.274366e-01;4.511537e-01;1.705458e-01;6.011331e-01;1.853943e-01;6.599227e-01;3.058217e-01;7.382119e-01;2.454355e-01;9.042347e-01;2.296457e-01;9.604902e-01;2.952740e-01;9.397929e-01;2.762946e-01;1.041927e+00;2.414061e-01;1.101586e+00;2.977808e-01;1.149779e+00;3.367611e-01;1.266908e+00;3.635947e-01;1.303748e+00;3.750859e-01;1.362852e+00;3.813422e-01;1.392483e+00;4.365926e-01;1.452911e+00;4.533520e-01;1.485152e+00;4.540687e-01;1.506593e+00;4.393358e-01;1.447541e+00;3.773827e-01;1.383448e+00;3.086869e-01;1.239050e+00;2.887808e-01;1.088679e+00;2.225186e-01;9.163828e-01;1.505341e-01;7.420261e-01;1.231031e-01;5.987119e-01;2.617663e-01;3.189333e-01;9.183757e-02;1.248090e-01;1.025644e+02;4.898086e+02;2.733615e+02;6.675293e+02;4.960161e+02;1.077091e+03;7.827835e+02;2.041061e+03;1.651487e-01;3.511896e-01;3.254277e+02;1.019815e+03;1.005408e+00;4.143750e+00;7.885118e+05;1.332275e+06;2.188574e+00;5.620845e+00;4.662144e+01;6.440414e+01;4.407016e-02;-6.974714e-02;1.938059e-01;8.545160e-01;1.618207e-01;2.334753e-01;4.715007e+00;9.075574e+00;5.646152e+00;-1.564111e+01;5.609609e+00;-1.405009e+01;5.458073e+00;-2.090877e+01;6.065434e+00;-2.038381e+01;7.882252e+00;-2.542140e+01;6.723966e+00;-1.529373e+01;5.714543e+00;-1.037348e+01;7.759964e+00;-4.608184e+00;7.730227e+00;-2.245160e+00;6.819741e+00;3.358173e+00;7.557857e+00;2.809046e+00;8.645288e+00;3.400525e+00;8.060237e+00;-1.929505e-01;6.806202e-04;8.008034e-06;4.750803e-07;-2.251174e-08;7.966657e-07;-3.934869e-08;8.688905e-07;-5.380949e-08;1.179274e-06;-1.867865e-08;1.476615e-04;-3.193308e-06;1.031490e-01;-6.747920e-03;5.471576e-02;-1.251422e-03;4.186945e-03;-4.469035e-04;4.781551e-03;7.675737e-04;1.876972e-02;-6.696480e-05;3.721759e-02;-2.307656e-04;4.444695e-02;-6.522397e-04;5.119810e-02;-1.425448e-03;5.354453e-02;-2.804117e-03;6.084909e-02;-4.035851e-03;7.389069e-02;3.009559e-04;7.309410e-02;-3.745051e-04;9.049933e-02;-4.702461e-03;7.621884e-02;-3.026498e-03;7.056943e-02;-4.238541e-03;9.355006e-02;-6.691888e-03;1.032240e-01;-3.330826e-04;1.060740e-01;-2.340193e-03;1.025065e-01;-2.845416e-03;1.016525e-01;-3.796517e-03;1.076182e-01;1.042523e-03;9.923735e-02;1.599616e-03;1.112711e-01;2.345347e-04;9.853912e-02;6.018026e-04;7.700086e-02;1.230619e-03;5.599931e-02;-9.988475e-04;5.180408e-02;4.984662e-04;4.548788e-02;1.171224e-03;3.102926e-02;-1.567087e-04;2.685150e-02;-4.966443e-04;8.238170e-02;-9.747303e-03;3.253673e-02;-6.799551e-04;4.050273e+01;-1.579102e-01;9.806294e+01;2.067188e+00;1.389430e+02;8.699414e+00;2.411006e+02;2.684473e+01;5.518234e-02;-5.259155e-04;1.029846e+02;8.333998e+00;2.722469e-01;2.097731e-02;2.642448e+05;3.718068e+04;5.750471e-01;-7.491246e-02;1.291841e+01;-1.823864e+00;1.612497e-02;1.490068e-03;6.304009e-02;4.960419e-03;5.228024e-02;-6.882917e-03;1.377431e+00;-9.303539e-02;1.942762e+00;1.179493e-01;1.590361e+00;1.270865e-01;1.831105e+00;4.175376e-02;2.214184e+00;1.756809e-02;2.178563e+00;9.230556e-02;2.408566e+00;1.007232e-01;2.142588e+00;5.282963e-02;2.456138e+00;7.062942e-02;2.209156e+00;-2.491994e-01;2.439048e+00;-2.161353e-01;2.528886e+00;-1.191121e-01;2.292293e+00;-1.995852e-02;1.879053e+00;6.577967e-03
164.000000;1.146697e+02;2.683062e+02;7.036645e-02;7.899188e-01;1.013297e-01;9.904382e-02;9.827966e-02;8.099014e-02;2.196388e-01;2.610995e-01;2.437813e+01;-3.280092e+00;3.861387e-01;1.321086e+00;2.460905e-01;1.016745e+00;1.428543e-02;2.977259e-02;3.237996e-02;7.705719e-02;6.114011e-02;1.431949e-01;1.091029e-01;2.939903e-01;1.221121e-01;4.438011e-01;1.412736e-01;5.757376e-01;1.910498e-01;6.476089e-01;3.372232e-01;8.113447e-01;3.292419e-01;8.764353e-01;2.745404e-01;9.103739e-01;3.654967e-01;9.900935e-01;3.416313e-01;1.069569e+00;3.615892e-01;1.129191e+00;4.242660e-01;1.222275e+00;4.570104e-01;1.275680e+00;4.650666e-01;1.328708e+00;4.047042e-01;1.391560e+00;4.039122e-01;1.393900e+00;4.523277e-01;1.453558e+00;4.045126e-01;1.488593e+00;4.256273e-01;1.502300e+00;3.793575e-01;1.459335e+00;3.531903e-01;1.401151e+00;2.917179e-01;1.262038e+00;2.355940e-01;1.090178e+00;2.346791e-01;9.214283e-01;1.435595e-01;7.489002e-01;1.141243e-01;6.044171e-01;2.498797e-01;2.095420e-01;8.364852e-02;9.763967e-02;1.044565e+02;4.961250e+02;4.096753e+02;8.273057e+02;7.283295e+02;1.411286e+03;1.209284e+03;2.677726e+03;1.572596e-01;2.674420e-01;4.729263e+02;1.258544e+03;1.104368e+00;4.629575e+00;1.532188e+06;2157844;1.996268e+00;4.615156e+00;3.880772e+01;4.580983e+01;4.291890e-02;-4.918100e-02;2.766071e-01;9.964823e-01;1.666862e-01;1.644168e-01;5.418660e+00;6.781494e+00;5.975312e+00;-1.387214e+01;6.552051e+00;-1.188639e+01;6.031565e+00;-1.861966e+01;7.297325e+00;-1.786059e+01;8.401416e+00;-2.419555e+01;7.167988e+00;-1.498623e+01;5.624348e+00;-1.127628e+01;8.038327e+00;-6.378714e+00;8.337052e+00;-6.111176e+00;7.149771e+00;-8.740861e-01;6.380240e+00;-4.526816e-01;7.671680e+00;1.448173e+00;8.252164e+00;8.677190e-01;5.976319e-04;1.835704e-05;3.512297e-07;-1.753951e-08;6.419709e-07;-1.938376e-08;6.553390e-07;-5.252679e-08;1.221101e-06;-1.223309e-07;2.026315e-04;-1.556779e-06;7.928950e-02;-1.834096e-03;4.597805e-02;4.835610e-04;2.549658e-03;-1.375838e-04;4.544057e-03;3.620560e-04;1.851798e-02;2.765640e-05;3.489425e-02;-2.058123e-03;3.377268e-02;-3.396816e-03;2.944252e-02;6.682764e-04;3.016286e-02;-1.708094e-03;6.499405e-02;-1.746549e-03;8.881976e-02;5.528554e-04;7.124053e-02;8.508842e-05;8.818548e-02;1.813197e-03;8.122176e-02;1.501106e-03;7.284317e-02;-2.440407e-03;8.672702e-02;-1.263029e-03;1.001152e-01;-1.288005e-04;9.531648e-02;2.744118e-04;8.722608e-02;6.531714e-03;7.832863e-02;1.860715e-03;9.398717e-02;1.570961e-03;8.031646e-02;1.623573e-03;9.243742e-02;1.269990e-03;7.778153e-02;1.429636e-03;6.477896e-02;1.117069e-03;5.174024e-02;1.131689e-03;4.475332e-02;4.735099e-04;4.700007e-02;1.316168e-03;2.513811e-02;1.055478e-03;2.105470e-02;1.011316e-03;4.831930e-02;-1.619825e-03;2.344646e-02;-1.768435e-04;3.297135e+01;-2.871094e-02;1.102200e+02;3.172559e+00;1.642754e+02;6.230273e+00;2.679551e+02;1.045078e+01;3.985449e-02;-8.800540e-04;9.942165e+01;4.998098e+00;2.007713e-01;1.253718e-02;3.186476e+05;14580;3.687766e-01;-4.169150e-02;6.738801e+00;-7.954236e-01;1.030210e-02;3.066749e-04;5.786057e-02;3.088209e-03;3.109016e-02;-1.239514e-03;1.151696e+00;-9.136663e-02;1.609627e+00;-2.638876e-02;1.849037e+00;4.873148e-02;1.972140e+00;4.683205e-02;1.871617e+00;-4.559473e-02;2.234177e+00;9.551935e-02;2.488417e+00;1.498455e-01;2.074933e+00;2.640188e-02;2.266179e+00;-1.091487e-01;2.246707e+00;5.729805e-03;1.886190e+00;9.250779e-02;1.966776e+00;3.025490e-02;1.865530e+00;7.241188e-02;2.039466e+00;1.151014e-01
164.500000;1.268972e+02;2.564947e+02;5.131989e-02;7.554659e-01;8.507352e-02;1.106018e-01;7.058204e-02;8.557276e-02;2.170100e-01;2.650687e-01;2.968485e+01;-1.271648e+01;3.445858e-01;1.150869e+00;2.807247e-01;1.028888e+00;8.334643e-03;2.038912e-02;2.132360e-02;9.236584e-02;6.056549e-02;1.419504e-01;1.179544e-01;2.964872e-01;1.007911e-01;4.398979e-01;9.384039e-02;5.506205e-01;1.679464e-01;6.297256e-01;2.624013e-01;7.838584e-01;3.024609e-01;8.813981e-01;2.817099e-01;9.196489e-01;3.705016e-01;1.046905e+00;3.922229e-01;1.116480e+00;4.398034e-01;1.173542e+00;4.532860e-01;1.235822e+00;4.761293e-01;1.267545e+00;4.605822e-01;1.319880e+00;3.350330e-01;1.385752e+00;4.522177e-01;1.432110e+00;5.024667e-01;1.502300e+00;5.302538e-01;1.542066e+00;5.183723e-01;1.532466e+00;4.520114e-01;1.481696e+00;4.155552e-01;1.405599e+00;3.514134e-01;1.269603e+00;2.949601e-01;1.102976e+00;2.387123e-01;9.271849e-01;1.556094e-01;7.526395e-01;1.244754e-01;6.129382e-01;2.486432e-02;4.443594e-02;8.801343e-02;7.778791e-02;1.292709e+02;5.094756e+02;3.624434e+02;9.622471e+02;5.722275e+02;1.719211e+03;9.738081e+02;3.120448e+03;1.373151e-01;2.363081e-01;3.617788e+02;1.450569e+03;6.363166e-01;5.267061e+00;1.211304e+06;2.670248e+06;1.068437e+00;3.640556e+00;1.287888e+01;2.533168e+01;1.806233e-02;-2.111618e-02;2.079309e-01;1.111065e+00;3.976933e-02;5.300667e-02;4.206445e+00;5.280692e+00;4.791595e+00;-1.211851e+01;5.752661e+00;-9.897501e+00;5.598232e+00;-1.575594e+01;7.558033e+00;-1.558113e+01;6.492388e+00;-1.828574e+01;6.553286e+00;-1.098622e+01;5.327299e+00;-1.352613e+01;7.353984e+00;-1.187944e+01;5.607655e+00;-8.532624e+00;5.367612e+00;-2.887266e+00;4.716180e+00;-2.816833e+00;4.428861e+00;1.058153e+00;5.443453e+00;4.231947e+00;3.395631e-04;-4.627171e-05;3.483657e-07;2.998666e-09;4.916872e-07;-9.823279e-09;4.344914e-07;-8.854082e-09;1.330444e-06;-1.741929e-07;2.764437e-04;-5.338274e-07;7.780215e-02;6.062430e-04;5.247431e-02;1.070150e-03;2.230166e-03;1.973360e-06;3.921716e-03;-5.662635e-04;1.748908e-02;3.063866e-04;3.303408e-02;1.387665e-03;2.479707e-02;2.183362e-03;1.895349e-02;9.122263e-04;2.863045e-02;1.611245e-03;6.565206e-02;2.584007e-03;8.788794e-02;5.165693e-04;7.515933e-02;-2.625161e-04;8.770978e-02;7.820164e-04;1.022482e-01;1.385239e-03;1.080858e-01;1.195601e-03;9.189782e-02;7.460553e-04;1.050721e-01;7.615496e-04;1.007044e-01;3.433337e-03;5.991773e-02;3.321426e-03;9.501097e-02;1.633468e-03;1.085856e-01;5.210287e-04;1.209377e-01;1.415579e-04;1.009238e-01;1.376060e-03;9.053898e-02;7.427846e-04;6.849611e-02;5.943705e-04;6.716678e-02;2.004602e-04;5.088329e-02;7.706694e-04;4.221952e-02;-1.289702e-04;2.725312e-02;3.129101e-04;2.207433e-02;7.953593e-04;7.309010e-03;-2.621417e-05;3.004215e-02;2.907458e-05;4.436769e+01;-7.177734e-01;1.213069e+02;-2.167676e+00;1.791908e+02;-4.091309e+00;2.479621e+02;-7.579688e+00;4.393442e-02;-3.388178e-04;1.010786e+02;-2.981864e+00;1.745518e-01;3.322656e-03;3.097280e+05;-9.792041e+03;2.733466e-01;2.227371e-03;3.454158e+00;1.678639e-03;5.951493e-03;4.500506e-06;5.824309e-02;-1.935577e-03;1.336616e-02;-1.288881e-04;1.168924e+00;4.415415e-02;1.703715e+00;1.292973e-02;1.840681e+00;5.407855e-02;1.955300e+00;9.469245e-02;2.068156e+00;2.536367e-03;2.568522e+00;-1.769371e-02;2.322271e+00;-5.161146e-02;1.853906e+00;-3.187667e-02;2.214974e+00;-1.361826e-01;1.763026e+00;-3.156258e-02;1.610077e+00;1.804233e-02;1.723117e+00;-7.739785e-02;1.570229e+00;-1.632182e-01;1.917120e+00;-6.862492e-02
165.000000;9.298586e+01;2.185117e+02;4.822678e-02;7.638577e-01;7.457766e-02;9.333447e-02;5.371962e-02;7.100724e-02;1.895287e-01;2.539605e-01;2.258661e+01;-4.515034e+00;2.916161e-01;1.161032e+00;2.330483e-01;1.018641e+00;7.599944e-03;2.134693e-02;2.768384e-02;8.784580e-02;5.714755e-02;1.396520e-01;1.061820e-01;2.877487e-01;9.141749e-02;4.150521e-01;4.578847e-02;5.323536e-01;1.066335e-01;6.512377e-01;1.615280e-01;7.898372e-01;3.321313e-01;9.127599e-01;2.759252e-01;9.686500e-01;2.675006e-01;1.010824e+00;3.583361e-01;1.098735e+00;3.899957e-01;1.187227e+00;3.432878e-01;1.215375e+00;3.751578e-01;1.269660e+00;3.409351e-01;1.298929e+00;2.079562e-01;1.302807e+00;4.091641e-01;1.411608e+00;4.691679e-01;1.470361e+00;5.319676e-01;1.525895e+00;5.100834e-01;1.524114e+00;4.286337e-01;1.475650e+00;3.984169e-01;1.379951e+00;3.442154e-01;1.260116e+00;2.915823e-01;1.087686e+00;2.148845e-01;9.138812e-01;1.536141e-01;7.484205e-01;1.348532e-01;6.061359e-01;2.407368e-02;4.167977e-02;8.460037e-02;7.953666e-02;1.302917e+02;5.653184e+02;3.021130e+02;9.193242e+02;5.711257e+02;1.600922e+03;9.749695e+02;2.755389e+03;1.339549e-01;2.462820e-01;3.657682e+02;1.357027e+03;8.056510e-01;5.111734e+00;1.152254e+06;2217340;1.508658e+00;4.220523e+00;2.371274e+01;3.421502e+01;1.830061e-02;-2.292156e-02;2.139044e-01;1.066512e+00;4.539828e-02;6.181463e-02;4.277753e+00;7.002268e+00;4.831844e+00;-1.305499e+01;5.316809e+00;-1.235874e+01;4.443461e+00;-1.576315e+01;7.450097e+00;-1.522038e+01;6.199594e+00;-1.616405e+01;5.961780e+00;-9.890832e+00;7.301141e+00;-9.256312e+00;1.002049e+01;-6.910639e+00;3.722204e+00;-7.060127e+00;6.581710e+00;-4.576923e+00;7.149372e+00;-6.660948e+00;4.131191e+00;-9.464982e-01;5.508975e+00;4.212499e+00;1.085448e-04;-6.938978e-06;3.241553e-07;-4.745690e-09;5.674870e-07;-1.199725e-08;4.091228e-07;-9.534137e-09;1.467994e-06;-3.219970e-08;1.967154e-04;5.142456e-09;8.873717e-02;-1.545457e-03;5.939660e-02;-3.452154e-05;2.563328e-03;-4.426507e-05;3.755833e-03;4.955908e-04;1.894185e-02;3.301577e-04;3.311170e-02;8.218377e-04;2.944917e-02;1.274358e-03;1.294382e-02;-2.228728e-04;2.604149e-02;-4.530580e-04;5.401602e-02;-8.004552e-04;9.581290e-02;-3.101233e-03;8.673649e-02;-3.735188e-04;8.601090e-02;-3.295323e-03;1.185378e-01;-1.373612e-03;1.209230e-01;5.803464e-05;8.671586e-02;-1.205027e-03;1.051951e-01;3.379342e-04;9.492730e-02;-1.053112e-04;6.572495e-02;-3.802768e-03;1.087495e-01;2.049077e-03;1.135557e-01;-2.750384e-04;1.341191e-01;9.500962e-04;1.178782e-01;2.091485e-03;9.386523e-02;1.576458e-03;7.691711e-02;2.254426e-03;7.166713e-02;7.625837e-04;5.381814e-02;1.384103e-03;4.277740e-02;5.738682e-04;2.874201e-02;-5.073682e-04;2.587226e-02;1.536083e-04;7.447757e-03;-1.468274e-04;3.157840e-02;-1.072355e-04;3.965999e+01;8.613281e-02;8.327456e+01;9.761719e-01;1.427659e+02;9.546387e+00;2.052133e+02;2.318408e+01;4.838354e-02;8.797043e-04;7.622924e+01;6.157804e+00;1.656577e-01;9.580114e-03;2.807295e+05;3.415016e+04;3.810114e-01;-1.297780e-02;6.548318e+00;-1.321553e-01;6.563600e-03;2.852636e-05;4.330624e-02;3.723618e-03;1.537975e-02;-2.401399e-04;1.084285e+00;-2.601267e-02;1.851426e+00;9.905172e-02;1.726057e+00;9.452256e-02;1.562035e+00;4.552424e-02;1.951480e+00;1.006050e-01;2.416200e+00;4.989968e-02;1.996621e+00;-3.804745e-02;1.847540e+00;4.041629e-02;1.970663e+00;1.144004e-01;1.349196e+00;3.817536e-02;1.955629e+00;-6.390283e-02;1.861407e+00;-4.287747e-02;1.622179e+00;-4.381546e-02;1.787701e+00;-3.690110e-03
165.500000;1.331816e+02;2.031630e+02;5.650124e-02;7.625447e-01;8.523595e-02;8.523810e-02;7.141010e-02;6.523486e-02;1.980924e-01;2.280658e-01;3.400434e+01;-1.337151e+01;2.645943e-01;1.069678e+00;2.297964e-01;1.007385e+00;6.889726e-03;1.850450e-02;3.101489e-02;9.766944e-02;6.566893e-02;1.347523e-01;1.151786e-01;2.755656e-01;1.142919e-01;4.032327e-01;9.618530e-02;4.886394e-01;9.894294e-02;6.255336e-01;1.943668e-01;7.909773e-01;3.425391e-01;8.793713e-01;3.197658e-01;9.281280e-01;3.086223e-01;9.963842e-01;3.648409e-01;1.089618e+00;4.021386e-01;1.139859e+00;3.987706e-01;1.198128e+00;4.101861e-01;1.272112e+00;4.147899e-01;1.315636e+00;3.318951e-01;1.304350e+00;3.876595e-01;1.402344e+00;4.388935e-01;1.454469e+00;4.359300e-01;1.482837e+00;4.439491e-01;1.509647e+00;4.097814e-01;1.485034e+00;3.546825e-01;1.399188e+00;3.146837e-01;1.276342e+00;2.579878e-01;1.095972e+00;1.975203e-01;9.081159e-01;1.620735e-01;7.419245e-01;1.291210e-01;5.938442e-01;1.948228e-02;2.890328e-02;5.199100e-02;5.852891e-02;2.446662e+02;6.762861e+02;5.111478e+02;1.049241e+03;7.528665e+02;1.806062e+03;1.202521e+03;3.093604e+03;1.074377e-01;2.103237e-01;5.004359e+02;1.535742e+03;8.969833e-01;5.201537e+00;1.443943e+06;2.707788e+06;1.551089e+00;4.016673e+00;2.389045e+01;3.108671e+01;1.372310e-02;-1.720789e-02;2.849049e-01;1.178202e+00;3.786954e-02;4.941360e-02;5.666338e+00;4.639151e+00;4.879069e+00;-1.372935e+01;5.498814e+00;-1.271348e+01;5.568763e+00;-1.700395e+01;6.748056e+00;-1.258645e+01;6.469813e+00;-1.553288e+01;5.743210e+00;-8.427432e+00;5.533176e+00;-4.908932e+00;6.640824e+00;-5.084828e-01;5.939672e+00;-3.860420e+00;7.941217e+00;-3.527055e+00;7.360112e+00;-6.482763e+00;4.822584e+00;-4.437932e+00;9.754344e+00;-2.318608e+00;4.667016e-04;2.787799e-05;3.775997e-07;1.952504e-08;6.063653e-07;-8.782267e-08;5.211083e-07;-6.629562e-08;1.234224e-06;-1.533091e-07;2.376805e-04;5.115065e-07;8.039795e-02;1.974380e-03;5.973716e-02;2.275790e-03;2.221904e-03;6.361280e-05;4.611937e-03;3.615521e-05;2.353978e-02;-1.567709e-04;4.311169e-02;-2.756054e-04;4.233142e-02;-1.676871e-04;2.442612e-02;1.415252e-03;3.338927e-02;-1.394310e-04;5.224018e-02;4.991770e-04;9.260185e-02;1.106072e-02;9.753492e-02;1.061335e-02;1.055863e-01;6.102319e-03;1.242742e-01;8.757073e-03;1.158514e-01;3.223713e-03;9.837001e-02;2.939105e-03;1.093389e-01;2.705947e-03;1.062082e-01;1.252672e-03;8.667146e-02;4.475109e-04;1.058919e-01;1.223403e-03;1.015761e-01;1.267644e-03;1.040133e-01;1.267361e-03;1.091441e-01;-2.468415e-04;8.912676e-02;1.799389e-03;7.441895e-02;1.042782e-03;6.371921e-02;1.769702e-03;4.982922e-02;1.312315e-03;4.084056e-02;8.516791e-04;2.854945e-02;3.129253e-04;2.505250e-02;2.928418e-04;6.427488e-03;-2.790686e-04;1.876234e-02;2.835020e-04;5.370197e+01;3.244336e+00;1.273216e+02;3.488379e+00;1.755336e+02;2.153320e-01;2.638221e+02;-7.766309e+00;3.951122e-02;8.299608e-04;1.093830e+02;4.750102e-01;1.925575e-01;-7.320324e-03;3.535901e+05;-1.228496e+04;3.888435e-01;1.174117e-02;6.473764e+00;1.562283e-01;4.573958e-03;-8.735069e-05;6.063200e-02;1.002626e-03;1.077208e-02;4.407695e-04;1.318434e+00;-2.891564e-02;1.371487e+00;-1.331413e-01;1.842052e+00;-2.192695e-01;1.731479e+00;-1.417741e-01;2.308419e+00;9.750709e-02;2.436728e+00;1.263811e-01;1.984779e+00;2.178727e-01;1.892697e+00;1.322412e-01;1.676335e+00;5.134478e-02;1.786831e+00;-4.605105e-02;2.173717e+00;-1.383857e-01;2.028864e+00;-6.855446e-02;1.507088e+00;-7.510657e-02;1.810626e+00;-3.978295e-02
166.000000;1.654562e+02;2.097099e+02;6.653353e-02;7.441674e-01;1.037549e-01;7.664655e-02;9.189980e-02;5.527296e-02;2.111364e-01;2.032987e-01;3.953564e+01;-2.837182e+01;2.794301e-01;1.057916e+00;2.433874e-01;1.038637e+00;6.404789e-03;1.805454e-02;2.950986e-02;1.023936e-01;9.015212e-02;1.474341e-01;1.626657e-01;3.015224e-01;1.874240e-01;4.448488e-01;1.460072e-01;5.223230e-01;1.395034e-01;6.371756e-01;2.030343e-01;7.547126e-01;2.722425e-01;9.067831e-01;3.058502e-01;9.881262e-01;3.010222e-01;1.029725e+00;3.114190e-01;1.114086e+00;3.927934e-01;1.161045e+00;4.067780e-01;1.215704e+00;4.282237e-01;1.305063e+00;4.693951e-01;1.363517e+00;4.338612e-01;1.386485e+00;4.606873e-01;1.469809e+00;4.949288e-01;1.526725e+00;4.289788e-01;1.523472e+00;4.497439e-01;1.538858e+00;4.593225e-01;1.531043e+00;3.836580e-01;1.426626e+00;3.512494e-01;1.292906e+00;3.151991e-01;1.126848e+00;2.362088e-01;9.268036e-01;1.846663e-01;7.533393e-01;1.440347e-01;6.095740e-01;2.360636e-02;2.436487e-02;6.097578e-02;6.228742e-02;2.944926e+02;7.575381e+02;5.962084e+02;1.141260e+03;8.503303e+02;1.911574e+03;1.219084e+03;3.224525e+03;1.287559e-01;2.299560e-01;5.593215e+02;1.630753e+03;8.583991e-01;5.254308e+00;1.361314e+06;2.767993e+06;1.242133e+00;3.856608e+00;1.532245e+01;2.842001e+01;1.316812e-02;-1.658497e-02;3.211230e-01;1.235057e+00;2.473842e-02;4.198855e-02;6.455365e+00;2.915243e+00;6.108842e+00;-1.565035e+01;7.424311e+00;-1.321399e+01;6.620527e+00;-1.746261e+01;7.268217e+00;-9.071526e+00;8.019158e+00;-1.080136e+01;5.909289e+00;-3.846782e+00;6.243545e+00;-2.965672e+00;5.717687e+00;-1.179070e+00;6.762677e+00;-5.240208e+00;8.673426e+00;-5.754570e+00;6.902274e+00;-8.098487e+00;3.571656e+00;-6.532312e+00;7.492892e+00;-5.183335e+00;5.072755e-04;1.866401e-05;4.152456e-07;1.737154e-08;3.525201e-07;-1.257721e-07;3.803317e-07;-7.863356e-08;7.692467e-07;-2.008034e-07;3.365196e-04;2.231724e-07;7.404884e-02;2.441524e-03;5.695737e-02;5.767378e-04;2.177213e-03;9.269273e-05;6.295085e-03;-7.360796e-04;2.805215e-02;-3.644096e-04;5.179997e-02;-1.080067e-03;5.689742e-02;-1.625701e-03;4.639496e-02;1.209785e-03;6.798595e-02;6.645677e-03;6.075508e-02;2.539020e-03;6.888314e-02;4.572507e-04;8.997063e-02;7.348299e-04;1.102978e-01;1.366840e-03;1.100610e-01;-1.549424e-03;1.060981e-01;5.810532e-04;1.014256e-01;1.303828e-03;1.019311e-01;3.967833e-04;1.051531e-01;2.603781e-03;8.936813e-02;-8.547298e-04;1.054520e-01;-2.759463e-03;1.096118e-01;9.643197e-04;9.239946e-02;9.905252e-04;9.246346e-02;-5.730497e-05;8.846941e-02;6.490469e-04;7.315735e-02;-1.423727e-03;6.550162e-02;1.210234e-03;5.952407e-02;1.154201e-03;4.648601e-02;6.187207e-04;3.440259e-02;8.062180e-04;2.954269e-02;4.778744e-04;9.674130e-03;7.585016e-04;1.878485e-02;1.033789e-04;7.576506e+01;1.234570e+00;1.684968e+02;-2.871094e-01;2.340299e+02;-8.527148e+00;3.535750e+02;-2.200693e+01;4.650967e-02;1.356478e-04;1.604322e+02;-5.520607e+00;2.059942e-01;-1.244201e-02;4.169439e+05;-3.091475e+04;3.518684e-01;2.162503e-02;4.717559e+00;2.778612e-01;4.934486e-03;-1.316925e-04;9.293154e-02;-3.310413e-03;8.807887e-03;5.264007e-04;1.840529e+00;1.294442e-02;1.542278e+00;-9.611555e-02;1.839135e+00;-1.312100e-01;1.756034e+00;-1.353647e-01;2.464091e+00;-6.393489e-02;2.376854e+00;-9.809554e-02;1.987794e+00;-3.477053e-03;2.314430e+00;1.882787e-02;1.669720e+00;7.850457e-02;1.763330e+00;-2.580842e-02;2.076316e+00;6.407215e-02;1.659335e+00;1.161416e-01;1.266137e+00;7.595336e-02;1.535209e+00;-1.802566e-02
166.500000;1.005943e+02;2.123762e+02;6.001526e-02;7.629405e-01;8.857030e-02;6.620054e-02;7.405581e-02;4.699465e-02;1.939971e-01;2.732888e-01;3.062662e+01;-1.101173e+01;2.867602e-01;1.173899e+00;2.118078e-01;1.058277e+00;9.602233e-03;2.375593e-02;3.401749e-02;8.261905e-02;9.249616e-02;1.625304e-01;1.644972e-01;3.561297e-01;2.343057e-01;5.431182e-01;1.875321e-01;6.313859e-01;4.356429e-01;8.332868e-01;2.617690e-01;8.151296e-01;2.637873e-01;9.447606e-01;2.763061e-01;1.014903e+00;2.821400e-01;1.043072e+00;2.563099e-01;1.065335e+00;2.745598e-01;1.157266e+00;2.927932e-01;1.212056e+00;3.483934e-01;1.291980e+00;3.847900e-01;1.358811e+00;4.040778e-01;1.404543e+00;4.290115e-01;1.455638e+00;4.510511e-01;1.497497e+00;4.394828e-01;1.539517e+00;4.581859e-01;1.536001e+00;4.588321e-01;1.499843e+00;4.046270e-01;1.426944e+00;3.680959e-01;1.294563e+00;3.097966e-01;1.115356e+00;2.390878e-01;9.308640e-01;1.854481e-01;7.617881e-01;1.480795e-01;6.228731e-01;8.126411e-02;6.480769e-02;9.786602e-02;7.932084e-02;2.453393e+02;6.465703e+02;4.783403e+02;9.226260e+02;8.113250e+02;1.528140e+03;1.239504e+03;2.596617e+03;2.199593e-01;3.157699e-01;5.434669e+02;1.335466e+03;8.540922e-01;4.901507e+00;1.261237e+06;2.075156e+06;1.821770e+00;4.690432e+00;3.049215e+01;4.271344e+01;3.790871e-02;-3.280724e-02;3.249266e-01;1.052696e+00;6.257859e-02;7.621441e-02;7.519296e+00;7.367851e+00;7.307745e+00;-1.210088e+01;8.031500e+00;-1.186899e+01;6.629014e+00;-1.733261e+01;7.012043e+00;-9.414829e+00;8.500075e+00;-9.958829e+00;7.458662e+00;-3.711903e+00;6.926254e+00;-3.654288e+00;5.505660e+00;-3.793658e+00;4.510723e+00;-1.067298e+01;5.790980e+00;-1.170045e+01;6.113852e+00;-1.023794e+01;5.178566e+00;-6.717202e+00;5.994179e+00;-4.114579e+00;2.258042e-04;-1.312493e-05;3.252479e-07;-1.499381e-08;2.643357e-07;-4.093752e-08;1.991549e-07;-3.095064e-08;1.098003e-06;-1.972658e-08;2.393113e-04;-6.535210e-07;8.905710e-02;-3.856771e-04;5.864806e-02;-6.226643e-04;3.225082e-03;-5.053861e-05;5.562629e-03;3.686067e-04;2.733015e-02;2.992895e-04;4.485682e-02;3.877047e-05;6.025522e-02;-2.839329e-04;5.852732e-02;-2.219942e-03;1.115416e-01;-8.936214e-04;8.292039e-02;-9.526237e-04;6.630504e-02;-1.104388e-02;7.784687e-02;-9.880083e-03;1.038445e-01;-4.608538e-03;9.006874e-02;-6.178854e-03;8.160716e-02;-8.242050e-04;7.883798e-02;3.020357e-05;7.758692e-02;2.014739e-03;8.120838e-02;1.459122e-03;8.509658e-02;2.633738e-03;9.292011e-02;3.496554e-03;1.240959e-01;2.468464e-03;1.122199e-01;1.486614e-03;1.154413e-01;1.882596e-03;1.063457e-01;1.187364e-03;9.053201e-02;1.518458e-03;8.280025e-02;1.629076e-04;6.427609e-02;-4.910697e-04;4.978790e-02;1.099276e-03;3.812044e-02;4.739379e-04;3.231176e-02;9.354549e-04;2.640379e-02;1.173132e-04;3.635205e-02;-7.465766e-05;6.370454e+01;-2.684473e+00;1.285312e+02;-4.737305e-01;1.997163e+02;1.274766e+01;3.220608e+02;2.009766e+01;7.566711e-02;2.524689e-04;1.387599e+02;5.313794e+00;1.892092e-01;1.629306e-02;3.671793e+05;3.207246e+04;4.229761e-01;-1.945171e-02;8.006861e+00;-2.163259e-01;1.201000e-02;6.114651e-05;8.290049e-02;2.561939e-03;1.982774e-02;-3.715053e-04;1.688707e+00;1.860339e-02;1.606725e+00;1.072752e-01;1.769832e+00;2.550030e-01;1.579607e+00;2.306511e-01;1.963243e+00;-4.776928e-03;2.235716e+00;3.775236e-03;2.249749e+00;-8.273219e-02;2.378701e+00;-3.120251e-02;1.918723e+00;-2.056171e-02;1.681378e+00;3.566376e-02;2.125520e+00;1.193189e-02;1.759514e+00;2.968246e-02;1.533897e+00;3.093810e-02;1.497604e+00;-7.766504e-02
167.000000;9.773849e+01;1.854133e+02;5.122179e-02;7.604705e-01;5.983249e-02;5.110919e-02;6.345247e-02;4.310305e-02;2.077774e-01;2.627555e-01;3.926684e+01;-1.712375e+01;3.025822e-01;1.209183e+00;2.146477e-01;1.045495e+00;1.123527e-02;2.568680e-02;3.175810e-02;7.796171e-02;6.738187e-02;1.476770e-01;1.266572e-01;3.216653e-01;2.056445e-01;5.038387e-01;2.117761e-01;6.072204e-01;4.451311e-01;8.357446e-01;2.934285e-01;8.728257e-01;2.662478e-01;8.739128e-01;3.064600e-01;9.405010e-01;5.678016e-01;1.132996e+00;3.562956e-01;1.102834e+00;3.145345e-01;1.140049e+00;3.277719e-01;1.197384e+00;3.264552e-01;1.259049e+00;3.191561e-01;1.330293e+00;3.516764e-01;1.393593e+00;3.703420e-01;1.439330e+00;3.912560e-01;1.479316e+00;4.235005e-01;1.509641e+00;4.290839e-01;1.522720e+00;4.249469e-01;1.472779e+00;4.054188e-01;1.425440e+00;3.817586e-01;1.290917e+00;2.861705e-01;1.102647e+00;2.149391e-01;9.199648e-01;1.693233e-01;7.509730e-01;1.308520e-01;6.095623e-01;8.797820e-02;8.306707e-02;1.006102e-01;8.356700e-02;1.831611e+02;5.423496e+02;3.357929e+02;8.363496e+02;7.252673e+02;1.452199e+03;1.275386e+03;2.524553e+03;2.291021e-01;3.292576e-01;4.606816e+02;1.247619e+03;8.283225e-01;4.881621e+00;1553789;2.144528e+06;2.066243e+00;4.897515e+00;3.759993e+01;4.796408e+01;4.334315e-02;-3.836097e-02;2.723676e-01;9.930105e-01;7.716131e-02;9.179588e-02;6.344714e+00;9.915850e+00;5.071980e+00;-9.049002e+00;5.728949e+00;-9.135150e+00;5.882704e+00;-1.521219e+01;6.296844e+00;-1.078762e+01;7.308193e+00;-1.229905e+01;7.292826e+00;-6.100023e+00;5.284027e+00;-7.034386e+00;6.302335e+00;-8.356050e+00;5.346776e+00;-1.184787e+01;7.172936e+00;-8.632543e+00;6.910077e+00;-6.470874e+00;5.866694e+00;-8.557295e+00;5.271224e+00;-9.459466e+00;2.443033e-04;-9.340177e-06;2.641672e-07;-3.513570e-08;4.323040e-07;-1.101056e-08;4.323992e-07;-3.291518e-08;1.424771e-06;-4.709371e-08;1.822083e-04;-1.902246e-06;1.065013e-01;-1.801794e-03;6.677846e-02;2.361573e-05;3.761193e-03;-9.324535e-05;3.647626e-03;8.232552e-04;2.012046e-02;-1.736794e-04;2.703469e-02;-7.505230e-05;4.223091e-02;-2.259912e-04;5.478058e-02;-2.632432e-03;1.000210e-01;-6.758936e-03;8.950311e-02;-1.218293e-03;7.598712e-02;2.022358e-05;8.643420e-02;-1.208263e-03;1.539740e-01;-2.420691e-03;1.125943e-01;1.801886e-03;9.602325e-02;-3.283918e-04;1.019064e-01;-4.607452e-04;1.022696e-01;7.391387e-04;1.046524e-01;-8.752654e-04;1.089082e-01;8.713293e-04;1.080329e-01;2.175429e-03;1.245439e-01;-5.061075e-04;1.182898e-01;1.259722e-03;1.176445e-01;3.887111e-03;1.149041e-01;3.166714e-04;1.035137e-01;1.351561e-03;9.943374e-02;4.445888e-04;6.529308e-02;1.222953e-03;5.318287e-02;1.608332e-03;3.919938e-02;1.546556e-03;3.346776e-02;2.523541e-04;3.087493e-02;-8.017418e-04;3.987483e-02;-1.372434e-04;5.196461e+01;7.464844e-01;7.410340e+01;2.928516e+00;1.291678e+02;1.452773e+01;2.406418e+02;3.020391e+01;8.145518e-02;-1.013846e-03;7.717161e+01;8.687568e+00;1.729041e-01;1.509881e-02;3.416572e+05;3.701533e+04;4.622470e-01;-2.848057e-02;9.754368e+00;-3.608876e-01;1.454487e-02;1.604074e-04;4.631006e-02;5.379037e-03;2.518264e-02;-5.095673e-04;1.191804e+00;-7.098474e-02;1.592706e+00;3.734376e-02;1.750416e+00;4.106992e-02;1.640894e+00;4.948691e-02;1.891680e+00;9.650865e-03;2.134141e+00;9.357566e-02;2.326675e+00;1.307239e-02;1.802333e+00;9.209003e-03;1.986903e+00;-1.238866e-02;1.821573e+00;-5.405213e-02;2.245146e+00;-4.380510e-02;2.512975e+00;-1.483239e-01;1.750006e+00;-2.316594e-01;1.532077e+00;-1.424695e-01
167.500000;1.115758e+02;1.655296e+02;4.453607e-02;7.395231e-01;7.265778e-02;6.935491e-02;7.981981e-02;6.016670e-02;2.392911e-01;2.535668e-01;4.217082e+01;-2.760926e+01;3.555626e-01;1.189978e+00;2.684339e-01;1.052308e+00;1.108864e-02;2.319618e-02;2.789635e-02;8.838625e-02;7.642630e-02;1.458667e-01;1.153663e-01;2.747954e-01;1.715266e-01;4.222608e-01;2.175223e-01;5.710613e-01;2.546425e-01;6.941109e-01;2.445372e-01;8.293760e-01;2.452838e-01;8.620296e-01;3.590544e-01;1.007571e+00;5.797147e-01;1.135402e+00;4.133839e-01;1.182358e+00;4.827314e-01;1.256060e+00;4.153435e-01;1.264133e+00;4.400151e-01;1.307207e+00;4.257374e-01;1.358063e+00;3.997728e-01;1.408239e+00;4.343314e-01;1.453632e+00;4.430214e-01;1.496389e+00;4.625023e-01;1.535960e+00;4.401812e-01;1.547079e+00;4.274924e-01;1.521774e+00;4.359120e-01;1.417141e+00;3.960890e-01;1.284158e+00;2.984465e-01;1.109444e+00;2.069751e-01;9.215283e-01;1.566266e-01;7.495822e-01;1.249390e-01;6.047910e-01;6.922366e-02;6.041053e-02;8.012146e-02;8.901652e-02;2.024548e+02;5.984795e+02;3.291436e+02;9.572227e+02;6.738998e+02;1.683466e+03;1.267494e+03;2.954355e+03;1.710281e-01;2.836671e-01;4.470522e+02;1.432815e+03;7.031472e-01;5.236972e+00;1.721526e+06;2.645142e+06;1.670680e+00;4.328958e+00;2.940719e+01;3.749902e+01;3.221213e-02;-2.979649e-02;2.675605e-01;1.112722e+00;6.702530e-02;7.563223e-02;6.284868e+00;7.463941e+00;5.714721e+00;-1.210896e+01;5.406228e+00;-1.113958e+01;5.137745e+00;-1.524870e+01;5.439214e+00;-9.173816e+00;4.748195e+00;-1.084495e+01;6.058033e+00;-8.225765e+00;5.480249e+00;-8.178697e+00;6.536119e+00;-7.135580e+00;5.966731e+00;-8.850025e+00;5.868668e+00;-4.738464e+00;7.689184e+00;-7.852594e+00;5.821966e+00;-1.102400e+01;5.199352e+00;-1.182219e+01;2.486925e-04;-1.834861e-05;3.192081e-07;-5.906899e-09;4.843175e-07;-2.948346e-08;5.187817e-07;-6.878871e-08;1.524415e-06;-1.446647e-07;2.760279e-04;-9.110237e-09;1.151123e-01;1.623442e-03;7.709789e-02;9.748703e-04;3.424150e-03;5.471323e-05;4.353842e-03;-1.984127e-04;2.516214e-02;4.575762e-04;3.006345e-02;-1.756669e-05;3.988321e-02;-1.517984e-04;5.938291e-02;8.001861e-04;6.346078e-02;2.117632e-03;7.006872e-02;1.182881e-03;7.100033e-02;2.570719e-03;9.302628e-02;5.352131e-03;1.483809e-01;8.961845e-04;1.252020e-01;-7.071611e-04;1.366149e-01;-1.344824e-05;1.298247e-01;1.112050e-03;1.397396e-01;9.593605e-04;1.389602e-01;8.504033e-04;1.265891e-01;-2.362662e-05;1.345762e-01;-1.490148e-03;1.330908e-01;9.905085e-04;1.302829e-01;2.085497e-03;1.181421e-01;3.697286e-03;1.169088e-01;2.074005e-03;1.238353e-01;-5.756347e-04;1.028802e-01;2.184115e-03;7.241248e-02;8.649810e-04;5.713439e-02;2.378127e-04;4.319504e-02;5.641033e-05;3.396147e-02;-1.637193e-04;2.412954e-02;1.914139e-04;2.985992e-02;1.041632e-04;5.981661e+01;1.521680e+00;8.330302e+01;5.598633e-01;1.398674e+02;-9.733007e+00;2.623874e+02;-9.776074e+00;6.361590e-02;-9.175688e-05;8.369769e+01;-3.253528e+00;1.661145e-01;-7.031445e-03;3.796751e+05;-2.053228e+04;4.232638e-01;8.112455e-03;7.609503e+00;6.625494e-02;1.160330e-02;-6.150886e-05;4.907813e-02;-1.659607e-03;2.096494e-02;3.160680e-04;1.291309e+00;-5.085122e-03;1.819022e+00;-5.696677e-02;2.042711e+00;-1.131623e-01;1.886843e+00;-1.609571e-01;2.048756e+00;-3.937096e-02;1.924218e+00;-2.105321e-02;2.173446e+00;-4.826323e-02;1.968859e+00;9.794679e-02;1.786224e+00;1.275136e-01;1.780603e+00;-2.938446e-02;2.066088e+00;4.600661e-02;2.423474e+00;5.383222e-02;1.868253e+00;6.744622e-02;1.483860e+00;1.010121e-01
168.000000;1.069375e+02;1.391548e+02;4.414637e-02;7.324628e-01;9.846099e-02;8.692296e-02;9.689733e-02;7.212373e-02;2.267489e-01;2.172428e-01;4.593823e+01;-3.497353e+01;3.493515e-01;1.160249e+00;2.696618e-01;1.041170e+00;9.467997e-03;2.137563e-02;2.369073e-02;9.128496e-02;8.019640e-02;1.516247e-01;1.195487e-01;2.829278e-01;1.790974e-01;4.302121e-01;1.922445e-01;5.790281e-01;2.229536e-01;6.796381e-01;1.730045e-01;7.736878e-01;1.564030e-01;8.620415e-01;2.782672e-01;1.009788e+00;3.191112e-01;1.024051e+00;3.891948e-01;1.127971e+00;4.712647e-01;1.218198e+00;3.713443e-01;1.229050e+00;4.215150e-01;1.292145e+00;4.322771e-01;1.342149e+00;4.345266e-01;1.407232e+00;4.853862e-01;1.476302e+00;5.069829e-01;1.522161e+00;4.893203e-01;1.539322e+00;4.703582e-01;1.551963e+00;4.295794e-01;1.510449e+00;4.224641e-01;1.411262e+00;3.605604e-01;1.278915e+00;2.866357e-01;1.096356e+00;2.034873e-01;9.160705e-01;1.649049e-01;7.558271e-01;1.126731e-01;6.020434e-01;6.099427e-02;4.974873e-02;7.353102e-02;8.136331e-02;1.742999e+02;6.484365e+02;2.831204e+02;9.727266e+02;5.883900e+02;1.644419e+03;9.910063e+02;2.870089e+03;1.694379e-01;2.711069e-01;3.615449e+02;1.444958e+03;5.718137e-01;5.253463e+00;1306640;2.533417e+06;1.059000e+00;4.093903e+00;1.299277e+01;3.018212e+01;2.513153e-02;-2.492400e-02;2.152328e-01;1.127002e+00;4.687522e-02;6.103978e-02;4.663912e+00;6.030310e+00;5.674733e+00;-1.367915e+01;5.321395e+00;-1.307203e+01;5.633233e+00;-1.798325e+01;6.762582e+00;-1.043519e+01;5.642894e+00;-9.724573e+00;6.291671e+00;-7.658898e+00;6.598754e+00;-5.819871e+00;4.798213e+00;-4.425900e+00;4.928447e+00;-7.662798e+00;5.214658e+00;-5.331098e+00;5.346559e+00;-8.792689e+00;6.796165e+00;-8.012620e+00;6.908704e+00;-7.406388e+00;1.118413e-04;-9.575137e-06;2.887835e-07;2.026075e-08;4.779092e-07;5.718199e-09;5.456369e-07;-3.395051e-08;1.320906e-06;-1.215644e-07;2.573122e-04;1.835806e-06;1.141027e-01;1.357563e-03;7.755904e-02;2.537160e-04;3.119793e-03;3.440312e-05;3.700450e-03;-2.606450e-04;2.705564e-02;2.742924e-04;3.421447e-02;4.789099e-04;5.001339e-02;5.548131e-04;5.715605e-02;2.856595e-04;5.594869e-02;-3.306126e-04;4.601315e-02;-4.580295e-05;5.584697e-02;2.114676e-03;7.560617e-02;4.314495e-03;9.215660e-02;9.123615e-04;1.140037e-01;-2.585443e-03;1.321897e-01;-2.539328e-04;1.126320e-01;1.046792e-03;1.259536e-01;-4.051919e-06;1.414543e-01;3.532665e-04;1.360121e-01;1.057799e-03;1.389259e-01;1.787159e-04;1.525818e-01;1.966517e-03;1.405663e-01;-1.065329e-03;1.230595e-01;-2.544416e-03;1.191278e-01;-1.636940e-05;1.259589e-01;1.231428e-03;9.374120e-02;1.001925e-03;7.210120e-02;-8.888632e-04;5.652890e-02;-3.550054e-04;4.271930e-02;-6.863878e-04;2.960797e-02;-3.988113e-04;2.257781e-02;1.327509e-05;2.521975e-02;6.223156e-05;5.351752e+01;5.455078e-01;7.009577e+01;-3.316113e+00;1.238755e+02;-7.895508e+00;2.049209e+02;-1.271895e+01;6.037263e-02;3.105223e-04;7.303659e+01;-4.246850e+00;1.396471e-01;-6.097563e-03;2.839822e+05;-2.406347e+04;2.873915e-01;5.698557e-03;3.621075e+00;5.438170e-02;9.490294e-03;-4.438889e-05;4.296716e-02;-2.677156e-03;1.553708e-02;1.605344e-04;1.129061e+00;2.288175e-02;1.870296e+00;-1.725541e-02;1.921251e+00;5.591734e-02;1.987736e+00;1.104274e-02;2.098349e+00;2.146501e-02;1.850443e+00;2.174764e-02;1.865357e+00;1.733337e-01;1.967485e+00;1.331295e-01;1.717656e+00;5.068022e-02;1.751905e+00;-1.156796e-02;2.028681e+00;-1.122798e-01;1.434052e+00;-4.703960e-02;1.849298e+00;1.623842e-01;1.446553e+00;9.476586e-02
168.500000;1.006513e+02;1.181110e+02;4.949385e-02;7.268458e-01;1.143833e-01;9.467854e-02;1.110993e-01;8.672016e-02;1.711023e-01;1.421843e-01;4.826697e+01;-3.991116e+01;3.554789e-01;1.153666e+00;2.652571e-01;1.032863e+00;1.038875e-02;2.184117e-02;2.133424e-02;9.176115e-02;6.968990e-02;1.454235e-01;8.562730e-02;2.770212e-01;1.343888e-01;4.239129e-01;1.701339e-01;5.830970e-01;2.268978e-01;7.065260e-01;2.028113e-01;7.824739e-01;1.956685e-01;8.651360e-01;2.459187e-01;9.780823e-01;3.545673e-01;1.041529e+00;4.001844e-01;1.082488e+00;3.592171e-01;1.128390e+00;3.420238e-01;1.214730e+00;4.080400e-01;1.287458e+00;4.418371e-01;1.350014e+00;4.585843e-01;1.406072e+00;4.967316e-01;1.466858e+00;5.190600e-01;1.514466e+00;5.009859e-01;1.517250e+00;5.064517e-01;1.534150e+00;4.060373e-01;1.488226e+00;3.584816e-01;1.411273e+00;3.240152e-01;1.271694e+00;2.781073e-01;1.105313e+00;2.108675e-01;9.211271e-01;1.704167e-01;7.528316e-01;1.036928e-01;5.988961e-01;7.107954e-02;5.571543e-02;8.201616e-02;7.879175e-02;1.464834e+02;6.401104e+02;2.645436e+02;9.375557e+02;5.490300e+02;1.598481e+03;8.878484e+02;2.897364e+03;1.990158e-01;2.897862e-01;3.217484e+02;1.422839e+03;5.778573e-01;5.241605e+00;1.039956e+06;2.484844e+06;1.173749e+00;4.024034e+00;1.612178e+01;2.957831e+01;2.986766e-02;-2.741123e-02;1.863753e-01;1.113246e+00;5.839753e-02;6.481963e-02;4.504637e+00;6.279828e+00;5.471306e+00;-1.322631e+01;5.479871e+00;-1.253149e+01;5.413186e+00;-1.869338e+01;6.146630e+00;-1.128210e+01;6.293052e+00;-1.074068e+01;5.754425e+00;-5.044203e+00;4.974778e+00;-2.616182e+00;5.338031e+00;-2.761665e+00;5.589077e+00;-7.649082e+00;6.056954e+00;-6.059701e+00;5.477994e+00;-7.229273e+00;6.034743e+00;-3.953963e+00;4.552781e+00;-3.854977e+00;1.276222e-04;-1.875117e-06;3.227744e-07;-8.010074e-09;6.302948e-07;4.240818e-09;6.390551e-07;-3.794200e-09;1.034499e-06;-9.484842e-08;2.146554e-04;-3.897285e-07;1.301164e-01;-1.950313e-03;8.576206e-02;-1.647983e-03;3.925567e-03;-6.243057e-05;3.109818e-03;3.120434e-04;2.507721e-02;-8.042771e-04;3.051381e-02;-5.492576e-04;4.614425e-02;-8.335362e-04;6.124320e-02;-8.666562e-04;6.460058e-02;-1.880007e-03;6.470536e-02;-2.017393e-03;7.723536e-02;-1.685785e-03;8.320820e-02;-3.569424e-03;1.144309e-01;-1.765347e-03;1.358703e-01;-1.662154e-03;1.190989e-01;-1.918321e-03;1.147532e-01;-2.625623e-03;1.379210e-01;-3.308602e-03;1.559857e-01;-2.867079e-03;1.527613e-01;-1.767316e-03;1.513116e-01;-1.553919e-03;1.687195e-01;-3.152252e-03;1.641906e-01;-1.789889e-03;1.534757e-01;-3.975533e-03;1.237033e-01;-2.148162e-03;1.031226e-01;-1.159367e-03;8.050304e-02;-1.379358e-03;6.986434e-02;2.627673e-04;5.901462e-02;-3.771283e-04;3.808117e-02;6.783260e-04;2.625870e-02;-1.322673e-04;2.671686e-02;-2.454685e-04;3.103693e-02;-2.333814e-04;4.524981e+01;5.167969e-01;6.277543e+01;7.321289e-01;1.240222e+02;8.067774e+00;2.146620e+02;1.438418e+01;7.239492e-02;-7.932371e-04;7.395495e+01;4.204671e+00;1.577736e-01;4.303285e-03;3.050088e+05;1.881342e+04;3.454712e-01;-9.582395e-03;5.028275e+00;-9.118322e-02;1.176979e-02;8.761392e-05;4.307805e-02;2.563273e-03;2.210101e-02;-2.795545e-04;1.226739e+00;-5.146143e-02;1.942010e+00;-2.090896e-03;1.612772e+00;-1.432930e-02;1.832681e+00;-1.362874e-02;1.961104e+00;-1.393394e-02;2.029894e+00;-4.022973e-02;1.883197e+00;4.754435e-02;1.922981e+00;-3.042093e-02;1.827859e+00;-8.690011e-03;2.117050e+00;2.101319e-02;2.440972e+00;1.338626e-02;1.567529e+00;7.206168e-03;1.885209e+00;-9.624336e-03;1.518803e+00;2.792293e-02
169.000000;1.158641e+02;1.948454e+02;4.972241e-02;7.394565e-01;1.050295e-01;1.057467e-01;1.041742e-01;9.224754e-02;1.718999e-01;2.077646e-01;3.925937e+01;-1.946064e+01;3.869290e-01;1.172811e+00;2.847421e-01;1.043474e+00;1.139429e-02;2.289312e-02;1.706854e-02;8.606702e-02;7.297083e-02;1.385311e-01;9.346069e-02;2.779867e-01;1.412665e-01;4.309942e-01;1.737224e-01;5.740553e-01;2.345337e-01;6.916842e-01;2.117550e-01;8.025200e-01;2.307725e-01;9.360096e-01;2.565082e-01;9.582520e-01;4.183000e-01;1.103931e+00;5.307793e-01;1.173832e+00;4.046540e-01;1.154635e+00;3.945343e-01;1.231258e+00;4.789697e-01;1.303702e+00;5.324333e-01;1.365731e+00;4.822803e-01;1.394096e+00;4.788592e-01;1.444099e+00;4.799396e-01;1.491367e+00;5.111734e-01;1.522326e+00;5.159665e-01;1.522923e+00;4.210204e-01;1.495750e+00;3.652001e-01;1.427738e+00;3.088588e-01;1.284077e+00;2.571733e-01;1.109666e+00;2.018283e-01;9.298676e-01;1.576708e-01;7.519664e-01;1.150182e-01;6.133344e-01;6.578518e-02;5.118567e-02;1.373398e-01;9.927640e-02;1.069077e+02;6.439863e+02;1.647715e+02;8.673574e+02;4.100862e+02;1.482202e+03;9.553038e+02;2.925788e+03;2.101691e-01;2.910845e-01;2.781696e+02;1.395572e+03;5.365440e-01;5.082562e+00;1.180742e+06;2.525152e+06;1.201404e+00;4.107965e+00;1.724362e+01;3.036837e+01;3.359650e-02;-3.014962e-02;1.681970e-01;1.105315e+00;7.075947e-02;7.480238e-02;4.894188e+00;5.475135e+00;5.324328e+00;-1.387831e+01;5.830726e+00;-1.470056e+01;5.450819e+00;-2.075582e+01;5.189238e+00;-1.161575e+01;6.085809e+00;-1.154078e+01;6.129302e+00;-3.117449e+00;5.885295e+00;-9.056104e-01;6.249163e+00;-5.127785e-01;5.139857e+00;-6.773359e+00;8.134779e+00;-9.324459e+00;6.517565e+00;-8.537367e+00;6.701380e+00;-3.874971e+00;5.827332e+00;-4.311721e+00;1.849840e-04;2.792755e-05;3.649957e-07;-1.815134e-08;7.628577e-07;-3.985760e-08;7.939644e-07;-1.389945e-08;1.107459e-06;-1.835202e-08;2.149920e-04;-6.642802e-07;1.473356e-01;4.004746e-04;9.683567e-02;8.048713e-04;4.412072e-03;1.804280e-06;3.748327e-03;1.627614e-04;2.595299e-02;-6.048337e-05;3.410542e-02;-3.905909e-04;4.814994e-02;-1.876798e-04;6.126271e-02;6.353208e-04;6.544881e-02;7.158666e-04;6.858061e-02;6.777097e-06;8.096588e-02;-2.166363e-03;8.307870e-02;-3.724899e-03;1.312843e-01;2.208162e-03;1.708294e-01;4.038153e-03;1.459663e-01;2.465906e-03;1.449519e-01;1.547938e-03;1.749156e-01;3.861301e-03;1.847682e-01;1.211461e-03;1.632577e-01;3.756590e-04;1.609862e-01;1.477734e-03;1.661002e-01;7.051954e-04;1.766872e-01;2.843375e-03;1.743922e-01;1.036505e-03;1.372911e-01;2.244870e-03;1.105607e-01;1.143698e-03;8.682413e-02;7.985100e-04;7.102821e-02;3.785120e-05;5.552965e-02;-6.610831e-04;3.628384e-02;-2.101453e-04;2.845398e-02;9.736139e-04;2.364091e-02;5.868907e-06;5.572535e-02;1.596087e-04;3.029208e+01;1.291992e+00;5.510237e+01;3.560156e+00;1.341602e+02;1.851856e+00;2.583085e+02;4.665527e+00;8.041681e-02;4.124261e-04;7.953870e+01;2.801577e+00;1.790892e-01;4.421236e-03;3.555220e+05;6.275135e+03;3.811141e-01;-2.010016e-03;5.478566e+00;-2.082971e-02;1.362156e-02;-5.328825e-06;4.674016e-02;1.974948e-03;2.810320e-02;-3.480891e-05;1.264103e+00;-3.353972e-02;1.930794e+00;-6.588253e-02;1.771695e+00;-9.102109e-02;1.861238e+00;6.262787e-03;1.980574e+00;6.195460e-02;2.069867e+00;9.861403e-03;1.954774e+00;-1.440523e-01;2.155741e+00;-8.729678e-02;2.031308e+00;-5.048731e-02;2.077989e+00;9.573155e-02;2.579400e+00;1.043678e-01;2.065897e+00;2.110413e-01;1.921545e+00;3.875205e-02;1.496316e+00;-6.619606e-02
169.500000;1.290326e+02;2.717932e+02;4.855720e-02;7.628635e-01;9.013865e-02;9.072397e-02;8.302417e-02;6.637185e-02;1.897418e-01;2.897071e-01;3.123060e+01;-1.262100e+01;3.713674e-01;1.134171e+00;2.846459e-01;1.032099e+00;1.027204e-02;2.110148e-02;2.078612e-02;8.939280e-02;6.191360e-02;1.350967e-01;1.038393e-01;2.730634e-01;1.413114e-01;4.130908e-01;1.233466e-01;5.322143e-01;1.318301e-01;6.023708e-01;1.677438e-01;7.303855e-01;2.385798e-01;8.907402e-01;3.363731e-01;9.716960e-01;3.344797e-01;1.027144e+00;4.673122e-01;1.138425e+00;4.291924e-01;1.180157e+00;4.550742e-01;1.229958e+00;5.067276e-01;1.320213e+00;5.395575e-01;1.383569e+00;5.094671e-01;1.409052e+00;5.246163e-01;1.456171e+00;4.933665e-01;1.489534e+00;4.692294e-01;1.513534e+00;4.705620e-01;1.508946e+00;4.541210e-01;1.489894e+00;3.909952e-01;1.416316e+00;3.298519e-01;1.290886e+00;2.752085e-01;1.119410e+00;2.195463e-01;9.259837e-01;1.744064e-01;7.648237e-01;1.328845e-01;6.218950e-01;3.458713e-02;2.302058e-02;1.436887e-01;9.598005e-02;1.033126e+02;7.446182e+02;2.279798e+02;9.644004e+02;4.842893e+02;1.504310e+03;1.027477e+03;2.956222e+03;1.774698e-01;2.514239e-01;3.157613e+02;1.489839e+03;6.431744e-01;4.919909e+00;1.229242e+06;2665360;1.187386e+00;4.200884e+00;1.825728e+01;3.075585e+01;2.899598e-02;-2.415974e-02;1.867052e-01;1.177101e+00;6.396109e-02;6.419307e-02;4.114905e+00;2.494512e+00;5.764244e+00;-1.683395e+01;5.445947e+00;-1.887726e+01;6.712740e+00;-2.130244e+01;6.788085e+00;-1.020301e+01;6.350393e+00;-7.492140e+00;6.020680e+00;2.062895e+00;5.554143e+00;9.887799e-01;6.076324e+00;-2.407092e+00;5.386622e+00;-8.827597e+00;7.704220e+00;-1.091882e+01;6.300885e+00;-7.346667e+00;5.433605e+00;-3.762913e+00;6.805435e+00;-3.233489e+00;1.932195e-04;3.480165e-05;3.712733e-07;1.929336e-08;6.214807e-07;-4.452419e-08;6.629245e-07;-5.873285e-09;1.194355e-06;1.559239e-08;2.421835e-04;9.977944e-07;1.365436e-01;7.801090e-04;9.152310e-02;5.488966e-04;3.725864e-03;4.627654e-05;4.434083e-03;-3.197279e-04;2.184245e-02;1.136856e-04;3.739159e-02;3.184267e-04;4.977939e-02;1.815531e-03;4.396005e-02;4.226232e-04;4.793576e-02;-1.886671e-04;5.466424e-02;4.819365e-03;6.685995e-02;4.625496e-03;8.551234e-02;1.959806e-03;9.944908e-02;3.291465e-03;1.387164e-01;2.450161e-03;1.346241e-01;3.797672e-04;1.504013e-01;-8.699655e-04;1.695417e-01;-1.273334e-04;1.741317e-01;5.588584e-05;1.612871e-01;-1.060247e-03;1.719807e-01;-1.409649e-03;1.682945e-01;5.323482e-04;1.531632e-01;-7.023606e-04;1.535026e-01;3.650929e-04;1.506706e-01;3.844189e-04;1.202796e-01;8.302600e-04;9.820408e-02;-1.174683e-03;8.265535e-02;-1.629401e-03;6.241727e-02;-9.710931e-04;4.504728e-02;7.071324e-05;3.615905e-02;-3.035258e-05;1.406846e-02;-3.114402e-05;5.759141e-02;8.163250e-05;2.921333e+01;1.191504e+00;6.956169e+01;-8.613281e-01;1.512414e+02;-1.093887e+01;2.741854e+02;-1.834629e+01;6.793580e-02;1.988509e-04;8.500119e+01;-4.492110e+00;2.232941e-01;-8.910802e-03;3.418822e+05;-1.820781e+04;4.290580e-01;1.597931e-02;6.630798e+00;1.521103e-01;1.133079e-02;-7.059418e-05;4.866634e-02;-2.317759e-03;2.377448e-02;2.353425e-04;1.018677e+00;2.315737e-02;2.067283e+00;-3.745604e-02;2.215918e+00;-9.061690e-02;2.095235e+00;-1.103201e-02;2.007171e+00;7.470239e-02;1.900553e+00;1.899173e-01;1.909688e+00;1.566037e-01;1.975718e+00;1.058263e-01;1.737581e+00;-8.685587e-02;1.694942e+00;-4.116693e-02;2.579621e+00;-8.226526e-02;2.073818e+00;-5.498793e-02;1.849797e+00;-6.706495e-02;1.710680e+00;-8.395018e-02
170.000000;1.496331e+02;2.066018e+02;5.725000e-02;7.636265e-01;6.801633e-02;5.748265e-02;6.086354e-02;4.484779e-02;2.004244e-01;2.348129e-01;4.033721e+01;-2.385149e+01;3.707941e-01;1.072341e+00;2.923026e-01;1.029951e+00;1.113093e-02;1.967467e-02;3.066694e-02;9.753590e-02;5.847240e-02;1.424233e-01;1.008902e-01;2.877830e-01;1.348023e-01;4.356155e-01;1.615117e-01;5.612996e-01;2.104694e-01;6.936263e-01;1.804819e-01;8.015757e-01;2.010716e-01;8.336676e-01;3.512960e-01;9.496518e-01;2.387638e-01;9.642060e-01;2.852940e-01;1.049300e+00;4.128499e-01;1.158260e+00;5.043157e-01;1.237567e+00;5.055602e-01;1.311191e+00;5.317360e-01;1.365658e+00;5.667996e-01;1.429399e+00;6.046913e-01;1.486220e+00;5.510725e-01;1.498358e+00;4.628615e-01;1.506650e+00;4.646508e-01;1.518990e+00;4.892485e-01;1.504115e+00;3.928545e-01;1.388499e+00;3.542080e-01;1.264012e+00;3.022461e-01;1.098581e+00;2.452625e-01;9.221866e-01;1.923413e-01;7.574831e-01;1.468723e-01;6.124068e-01;4.979538e-02;2.482222e-02;1.574492e-01;8.510450e-02;1.159079e+02;7.639980e+02;3.537069e+02;1.025985e+03;6.855000e+02;1.548812e+03;1.070957e+03;2.993259e+03;2.384020e-01;2.492245e-01;3.981415e+02;1.537921e+03;8.284322e-01;4.924715e+00;1.172745e+06;2847925;1.204308e+00;4.174112e+00;1.732226e+01;2.958820e+01;4.712133e-02;-2.453960e-02;2.290537e-01;1.206187e+00;8.045892e-02;5.761757e-02;3.814423e+00;1.903613e+00;5.803321e+00;-1.662696e+01;5.568603e+00;-1.908283e+01;6.995189e+00;-2.078176e+01;7.007000e+00;-1.043088e+01;7.159878e+00;-4.996244e+00;6.623483e+00;4.410982e+00;6.021177e+00;3.030971e+00;4.273426e+00;-2.915211e+00;7.296148e+00;-8.527994e+00;6.870357e+00;-7.923513e+00;5.361051e+00;-6.549498e+00;4.733016e+00;-5.694829e+00;6.138688e+00;-5.363224e+00;1.203333e-04;8.193157e-06;3.961648e-07;-7.124996e-09;3.641902e-07;-3.055794e-08;2.520897e-07;-6.952868e-09;1.046830e-06;-7.310449e-08;2.952840e-04;-2.144756e-05;1.360662e-01;-9.148435e-04;9.192190e-02;-4.026915e-05;4.222292e-03;-2.845488e-05;4.123135e-03;5.901991e-04;2.315763e-02;4.561209e-04;3.899973e-02;9.469321e-04;5.067031e-02;7.121158e-04;5.607620e-02;-6.810153e-04;6.538995e-02;-7.311011e-04;5.595668e-02;-2.249520e-03;6.483173e-02;-3.533272e-04;8.709558e-02;-1.065638e-03;8.669446e-02;-1.560892e-03;1.017603e-01;-2.349976e-03;1.167186e-01;-2.387150e-03;1.514970e-01;-8.551947e-04;1.594521e-01;-2.679877e-03;1.609657e-01;-5.799623e-04;1.827955e-01;3.072863e-04;1.993802e-01;7.464894e-04;1.802930e-01;1.279199e-03;1.440530e-01;5.943348e-04;1.413538e-01;2.141287e-03;1.456290e-01;1.503221e-03;1.152430e-01;1.227393e-03;9.800689e-02;4.504156e-04;8.979442e-02;1.868600e-03;6.815395e-02;1.806060e-03;4.863749e-02;5.928908e-04;3.732060e-02;-1.856981e-04;1.963935e-02;-1.081899e-04;6.265498e-02;-1.448720e-04;3.490809e+01;1.966699e+00;7.759273e+01;1.073789e+01;1.524613e+02;1.666670e+01;2.674193e+02;1.190068e+01;9.323613e-02;-5.667133e-04;8.565349e+01;8.825485e+00;2.140604e-01;7.812930e-03;3.190911e+05;1.460315e+04;4.049472e-01;-8.847223e-03;6.236775e+00;-5.396929e-02;1.862521e-02;4.913107e-05;4.950795e-02;5.003438e-03;3.099976e-02;-1.106654e-04;1.079783e+00;-5.591276e-02;2.108265e+00;1.589007e-02;2.215564e+00;7.614093e-02;2.268198e+00;3.687065e-02;2.067618e+00;-1.256136e-02;1.949068e+00;8.901906e-03;2.034587e+00;1.192409e-01;2.112815e+00;6.152071e-02;1.347084e+00;2.770747e-02;1.802608e+00;-5.229002e-02;2.265605e+00;-3.827952e-02;1.636285e+00;-1.304396e-01;1.677557e+00;-6.174254e-02;1.648404e+00;-4.032213e-04
170.500000;1.351951e+02;1.591520e+02;5.287894e-02;7.476014e-01;9.199307e-02;8.295656e-02;7.680202e-02;5.774939e-02;1.523671e-01;1.658064e-01;4.347223e+01;-2.908102e+01;3.435952e-01;1.002612e+00;2.802209e-01;1.020296e+00;1.125389e-02;1.808834e-02;3.046786e-02;1.046989e-01;7.083696e-02;1.447321e-01;1.110138e-01;3.008126e-01;1.666294e-01;4.681768e-01;1.632834e-01;5.855380e-01;2.300124e-01;7.770086e-01;2.168483e-01;8.317330e-01;1.918660e-01;8.316194e-01;2.665511e-01;9.356824e-01;3.163471e-01;1.017904e+00;3.206189e-01;1.051820e+00;4.362178e-01;1.130958e+00;4.872157e-01;1.200510e+00;4.648740e-01;1.226533e+00;4.796922e-01;1.292691e+00;5.026578e-01;1.366742e+00;5.319976e-01;1.424986e+00;4.941732e-01;1.459456e+00;4.341311e-01;1.485335e+00;4.380462e-01;1.492106e+00;4.763435e-01;1.478794e+00;3.795210e-01;1.385053e+00;3.414839e-01;1.256760e+00;2.854899e-01;1.091250e+00;2.552602e-01;9.347440e-01;1.947741e-01;7.535810e-01;1.435582e-01;6.031572e-01;7.010908e-02;3.569765e-02;1.580990e-01;7.293856e-02;1.571249e+02;6.893496e+02;4.310891e+02;1.008759e+03;8.336793e+02;1.648295e+03;1.302526e+03;3.332766e+03;2.706091e-01;2.441954e-01;4.847396e+02;1.586708e+03;7.714905e-01;5.115422e+00;1.555865e+06;3.424927e+06;1.140268e+00;3.911078e+00;1.229122e+01;2.585914e+01;5.133277e-02;-2.406196e-02;2.841899e-01;1.231556e+00;8.084469e-02;5.100314e-02;4.689158e+00;2.872032e+00;4.918569e+00;-1.302252e+01;5.105937e+00;-1.726276e+01;6.474778e+00;-2.157375e+01;6.219084e+00;-1.284025e+01;7.649758e+00;-6.947143e+00;6.795767e+00;1.578046e+00;7.741722e+00;-2.696701e-01;5.297713e+00;-3.112393e+00;6.693797e+00;-7.781585e+00;6.762332e+00;-4.995465e+00;5.545765e+00;-4.867979e+00;5.276619e+00;-4.155890e+00;4.833826e+00;-6.518924e+00;1.443398e-04;3.200532e-05;3.448314e-07;-1.152083e-08;4.298556e-07;-5.605603e-08;4.691673e-07;-3.089266e-08;8.514357e-07;-5.814873e-08;2.920952e-04;-1.140216e-06;1.305616e-01;-2.807488e-04;8.684071e-02;1.479571e-03;4.501831e-03;-4.130285e-05;5.170256e-03;4.280675e-04;2.471523e-02;1.147269e-04;3.849199e-02;2.486884e-04;5.789135e-02;-1.411608e-04;5.593444e-02;1.393363e-04;6.519753e-02;2.359025e-03;6.501412e-02;-2.155387e-03;7.019692e-02;-3.929891e-03;7.581986e-02;-2.154582e-03;1.098474e-01;-2.336252e-03;1.115457e-01;1.414152e-03;1.364231e-01;4.060018e-03;1.528215e-01;3.587077e-03;1.501989e-01;1.198570e-03;1.467112e-01;3.123999e-03;1.666939e-01;4.674942e-03;1.705302e-01;4.832712e-03;1.532423e-01;2.899260e-03;1.303790e-01;2.241193e-03;1.301994e-01;3.671245e-03;1.359424e-01;2.294934e-03;9.911396e-02;1.513570e-03;8.632719e-02;4.714816e-03;7.579011e-02;3.374250e-03;6.348967e-02;1.739479e-03;4.568942e-02;4.014620e-04;3.108709e-02;5.826669e-04;2.765681e-02;8.242209e-05;6.356531e-02;-2.778477e-05;4.110204e+01;-2.167676e+00;9.462770e+01;1.636523e+00;1.908672e+02;1.238877e+01;3.272308e+02;2.316973e+01;1.075350e-01;-1.587654e-04;1.084784e+02;5.444897e+00;1.657104e-01;1.159436e-02;4.282603e+05;2.136492e+04;2.928664e-01;-1.958291e-02;3.344656e+00;-1.794953e-01;2.058479e-02;6.395024e-05;6.463955e-02;2.956606e-03;3.263051e-02;-2.116536e-04;1.228938e+00;-2.002385e-02;1.760429e+00;4.980847e-02;1.786498e+00;8.553986e-02;2.371257e+00;6.370600e-02;2.249796e+00;-3.854650e-02;1.732623e+00;-1.561031e-01;1.956371e+00;-1.604391e-01;2.114834e+00;-1.901622e-01;1.635302e+00;4.245776e-02;1.907996e+00;1.264317e-01;2.035291e+00;1.576147e-01;1.504595e+00;6.210129e-02;1.780272e+00;-3.156620e-03;1.714017e+00;4.605676e-02
171.000000;1.425629e+02;1.946132e+02;4.472222e-02;7.512968e-01;9.169276e-02;1.010406e-01;7.206530e-02;6.840660e-02;2.135593e-01;2.314973e-01;4.004654e+01;-2.408293e+01;2.892591e-01;9.719765e-01;2.478434e-01;1.032556e+00;8.658013e-03;1.655335e-02;2.560188e-02;1.092794e-01;7.874078e-02;1.433890e-01;1.147298e-01;2.877616e-01;1.763839e-01;4.443461e-01;1.435833e-01;5.548759e-01;2.105048e-01;6.823796e-01;2.377252e-01;7.714631e-01;2.898708e-01;8.841614e-01;2.737012e-01;9.596193e-01;3.081388e-01;1.022560e+00;3.012740e-01;1.079024e+00;4.017728e-01;1.203462e+00;4.494888e-01;1.280589e+00;4.139761e-01;1.275987e+00;4.176456e-01;1.347623e+00;4.049147e-01;1.390654e+00;4.519310e-01;1.453968e+00;4.446136e-01;1.498063e+00;4.378540e-01;1.528161e+00;4.219932e-01;1.526669e+00;4.071213e-01;1.468765e+00;3.405737e-01;1.382941e+00;3.119905e-01;1.266566e+00;2.563340e-01;1.104943e+00;2.462199e-01;9.309847e-01;1.915547e-01;7.543044e-01;1.349743e-01;6.032048e-01;6.157755e-02;3.008965e-02;9.106535e-02;5.923615e-02;1.929911e+02;6.791572e+02;4.045562e+02;1.028569e+03;7.567141e+02;1.822570e+03;1.311019e+03;3.749361e+03;2.055747e-01;2.262951e-01;4.727495e+02;1.696511e+03;6.034296e-01;5.336690e+00;1.688384e+06;3.950538e+06;1.069483e+00;3.635363e+00;1.319115e+01;2.336701e+01;2.987170e-02;-1.816703e-02;2.811881e-01;1.298431e+00;4.394951e-02;3.831411e-02;5.434980e+00;2.361520e+00;6.056250e+00;-1.336178e+01;5.152963e+00;-1.701015e+01;5.972263e+00;-2.028724e+01;6.194604e+00;-1.216776e+01;5.696981e+00;-8.539654e+00;5.451892e+00;-1.526387e+00;7.068486e+00;-3.487316e+00;7.389566e+00;-1.186560e+00;5.399815e+00;-6.381817e+00;6.406868e+00;-5.365378e+00;7.640449e+00;-6.185218e+00;5.669253e+00;-3.826357e+00;5.365898e+00;-3.783897e+00;3.036434e-04;1.609471e-05;3.451840e-07;1.753856e-08;4.866387e-07;-6.802627e-08;5.163516e-07;-2.132676e-08;1.135697e-06;-1.100489e-07;2.802399e-04;2.195549e-05;1.011780e-01;1.239230e-03;7.105038e-02;1.261737e-03;3.283982e-03;4.842817e-05;5.752625e-03;-6.945075e-04;2.372568e-02;-3.191609e-04;3.414522e-02;-2.493087e-04;5.336446e-02;3.900357e-04;4.600051e-02;7.681042e-04;4.611128e-02;8.393499e-04;6.501872e-02;3.155707e-03;8.365475e-02;4.224298e-03;7.740526e-02;1.787525e-03;9.860670e-02;4.447284e-03;1.005634e-01;3.916595e-03;1.216098e-01;3.316592e-03;1.243638e-01;1.273833e-03;1.267463e-01;2.307786e-03;1.243986e-01;1.497858e-03;1.231807e-01;1.283685e-03;1.379177e-01;-2.078893e-04;1.364987e-01;4.298833e-04;1.245576e-01;3.637943e-04;1.249181e-01;-3.986554e-04;1.232170e-01;-1.310848e-04;8.478510e-02;-3.654520e-04;7.424973e-02;1.428537e-03;5.849536e-02;-8.441234e-05;5.233518e-02;1.205048e-03;4.013631e-02;1.217737e-03;2.495258e-02;7.074971e-04;2.305458e-02;6.110324e-05;3.625352e-02;1.022764e-04;4.869879e+01;-3.359180e+00;1.049676e+02;-1.320703e+01;2.008476e+02;-1.989668e+01;3.485331e+02;-1.297734e+01;7.860080e-02;1.696113e-04;1.164988e+02;-1.059015e+01;1.758403e-01;-1.335007e-02;4.651787e+05;-1.395749e+04;2.955518e-01;9.914490e-03;3.877734e+00;5.626240e-02;1.169152e-02;-6.151944e-05;6.904966e-02;-6.114132e-03;1.728695e-02;2.114614e-04;1.208023e+00;5.510329e-02;1.726179e+00;9.749579e-05;1.800208e+00;-9.808532e-02;2.138984e+00;-8.426593e-02;2.291403e+00;4.186978e-03;1.606610e+00;3.527461e-02;1.784784e+00;-9.274770e-03;2.181870e+00;-1.715793e-02;1.903301e+00;2.740822e-02;1.871848e+00;2.613497e-02;1.851247e+00;-1.877141e-02;1.830959e+00;-4.829242e-02;1.863444e+00;-4.519095e-02;1.817331e+00;-1.779374e-02
171.500000;1.171941e+02;2.065661e+02;4.489903e-02;7.624721e-01;7.581516e-02;6.882731e-02;6.569351e-02;5.470588e-02;2.086705e-01;2.561226e-01;3.656900e+01;-1.720163e+01;2.431365e-01;9.687399e-01;2.110764e-01;1.034669e+00;6.199379e-03;1.604183e-02;2.541517e-02;1.023810e-01;6.419504e-02;1.476281e-01;1.057785e-01;3.039061e-01;1.568861e-01;4.667028e-01;1.559732e-01;6.112539e-01;3.234609e-01;7.392533e-01;1.985303e-01;7.931511e-01;2.817054e-01;8.820013e-01;1.983739e-01;8.738925e-01;2.350429e-01;9.993979e-01;2.570736e-01;1.081041e+00;2.896336e-01;1.155520e+00;3.559942e-01;1.236071e+00;3.105836e-01;1.273537e+00;3.755416e-01;1.340510e+00;3.830755e-01;1.405854e+00;4.301504e-01;1.459523e+00;4.376349e-01;1.510208e+00;4.422531e-01;1.537000e+00;4.300886e-01;1.552373e+00;3.789040e-01;1.513762e+00;3.111335e-01;1.401384e+00;2.757615e-01;1.256108e+00;2.546811e-01;1.089535e+00;2.125152e-01;9.114127e-01;1.712283e-01;7.515825e-01;1.298767e-01;6.087887e-01;3.312833e-02;2.549057e-02;5.323371e-02;4.852141e-02;1.819080e+02;6.635098e+02;3.112945e+02;9.352588e+02;5.861118e+02;1.743041e+03;1.177023e+03;3528;1.377449e-01;2.052826e-01;3.839130e+02;1.611044e+03;6.044203e-01;5.183850e+00;1.490725e+06;3.656413e+06;9.884243e-01;3.703235e+00;1.201891e+01;2.377061e+01;1.418027e-02;-1.421892e-02;2.323473e-01;1.241880e+00;1.913332e-02;3.275230e-02;4.602743e+00;3.040562e+00;6.511843e+00;-1.319015e+01;7.234527e+00;-1.552704e+01;5.318758e+00;-1.879107e+01;6.074044e+00;-1.116930e+01;6.562332e+00;-9.405088e+00;8.751998e+00;-4.736173e+00;7.770740e+00;-4.542211e+00;8.035869e+00;-1.402970e+00;5.077630e+00;-5.110373e+00;6.969052e+00;-6.245595e+00;6.969306e+00;-8.043841e+00;5.090710e+00;-4.726867e+00;5.381438e+00;-3.977890e+00;3.095582e-04;-4.928865e-05;3.336322e-07;2.570369e-09;4.656587e-07;-5.814334e-09;4.003822e-07;4.630104e-08;1.218076e-06;-9.087889e-08;2.610174e-04;7.331533e-07;8.483849e-02;9.080468e-04;6.165277e-02;8.629897e-04;2.340702e-03;2.119062e-05;4.664174e-03;-6.424790e-05;2.105074e-02;5.659533e-04;2.919888e-02;7.682517e-04;4.111151e-02;-8.558077e-05;4.495484e-02;9.276603e-04;6.302396e-02;6.597460e-04;5.436591e-02;-6.786841e-04;7.617486e-02;-1.410135e-03;5.800805e-02;-1.419181e-03;7.656411e-02;-2.903114e-04;9.584923e-02;-1.573970e-03;8.724022e-02;3.875219e-05;8.277662e-02;7.015127e-04;9.454927e-02;2.800471e-03;1.151101e-01;2.834290e-03;1.204128e-01;2.242562e-03;1.359080e-01;2.286202e-03;1.408757e-01;1.922474e-03;1.361908e-01;3.957086e-03;1.224752e-01;2.688752e-03;1.119694e-01;-9.733399e-04;8.521975e-02;1.313868e-03;7.043405e-02;3.683541e-04;4.949322e-02;3.362295e-04;3.896621e-02;1.807880e-03;3.196470e-02;1.707388e-03;2.548479e-02;9.414894e-04;9.235105e-03;1.462203e-04;2.091531e-02;8.282613e-05;4.222908e+01;-8.326172e-01;8.085896e+01;-1.722656e-01;1.477202e+02;6.144141e+00;2.970990e+02;1.119727e+00;5.015596e-02;3.939937e-04;9.055060e+01;9.404417e-01;1.734774e-01;-4.206577e-04;3.754587e+05;1.025455e+03;2.577643e-01;-4.148907e-03;3.475291e+00;-2.040220e-02;5.196521e-03;-2.439530e-05;5.474169e-02;1.839742e-04;7.130987e-03;5.907780e-05;1.090603e+00;-2.117802e-03;1.697821e+00;4.868760e-02;1.896708e+00;1.225053e-01;1.891650e+00;7.843903e-02;2.207329e+00;-2.330298e-02;1.773354e+00;-3.727940e-02;2.025667e+00;-1.159204e-01;2.202116e+00;-5.634847e-02;2.322102e+00;1.687830e-03;1.821077e+00;-1.495391e-02;1.736255e+00;-9.962104e-03;1.896127e+00;-1.413125e-02;1.653055e+00;5.214113e-02;1.578619e+00;-1.317197e-02
172.000000;1.141887e+02;1.886165e+02;5.263403e-02;7.493381e-01;7.612538e-02;6.132749e-02;9.534641e-02;5.780072e-02;1.737256e-01;2.180747e-01;4.176717e+01;-2.078207e+01;2.375675e-01;1.000546e+00;2.197842e-01;1.035469e+00;5.675119e-03;1.716749e-02;3.221756e-02;9.853742e-02;4.553020e-02;1.429554e-01;9.263935e-02;2.998123e-01;1.355958e-01;4.553539e-01;1.336526e-01;6.180021e-01;3.129301e-01;7.816995e-01;1.515983e-01;8.011883e-01;3.031024e-01;8.746573e-01;2.460151e-01;9.244040e-01;2.105096e-01;1.018203e+00;3.212862e-01;1.085830e+00;2.332281e-01;1.116729e+00;2.498019e-01;1.183116e+00;4.391679e-01;1.286179e+00;4.478264e-01;1.339589e+00;4.575399e-01;1.390695e+00;4.892123e-01;1.450836e+00;4.767279e-01;1.488745e+00;4.783137e-01;1.530245e+00;4.741091e-01;1.530292e+00;4.661125e-01;1.516792e+00;3.965464e-01;1.427877e+00;3.442181e-01;1.282159e+00;2.730003e-01;1.099674e+00;2.138759e-01;9.145117e-01;1.772579e-01;7.545006e-01;1.370255e-01;6.081456e-01;2.746355e-02;3.304203e-02;6.303717e-02;4.755354e-02;1.817842e+02;6.154189e+02;3.445667e+02;9.038203e+02;7.186172e+02;1.710741e+03;1.262309e+03;3.137675e+03;9.527270e-02;1.869245e-01;4.477918e+02;1.494484e+03;7.908150e-01;5.082483e+00;1.520173e+06;3.152830e+06;2.034146e+00;4.308667e+00;3.423501e+01;3.456027e+01;1.124832e-02;-1.460679e-02;2.659431e-01;1.161777e+00;2.545207e-02;3.966573e-02;4.749575e+00;5.188243e+00;5.504335e+00;-1.167636e+01;7.966232e+00;-1.458278e+01;6.412189e+00;-1.874377e+01;6.251171e+00;-1.298881e+01;7.084583e+00;-1.319458e+01;8.591105e+00;-9.180897e+00;5.878430e+00;-6.917224e+00;7.278302e+00;-1.746982e+00;4.742246e+00;-4.206446e+00;6.500118e+00;-4.825625e+00;5.590964e+00;-5.701054e+00;4.037899e+00;-2.384093e+00;6.321244e+00;-3.311421e+00;2.749639e-04;-8.868294e-06;2.477800e-07;-2.112766e-08;4.590518e-07;8.391088e-08;5.230554e-07;1.321155e-07;1.034650e-06;-1.580289e-08;1.810915e-04;-2.327241e-05;8.697575e-02;3.600483e-04;6.695890e-02;-5.707521e-04;2.103443e-03;-4.917137e-06;4.482839e-03;6.843033e-04;1.723886e-02;3.158075e-04;2.556285e-02;-3.852168e-04;3.407349e-02;-8.779070e-04;3.726607e-02;-1.409566e-03;6.497640e-02;-2.862043e-03;4.758968e-02;-2.241666e-03;7.034171e-02;-3.151657e-03;5.754793e-02;7.440099e-04;6.970835e-02;-3.696342e-03;1.103173e-01;-2.946082e-03;8.313312e-02;-1.387414e-03;8.250817e-02;3.941008e-04;1.444639e-01;8.104787e-04;1.448545e-01;1.669836e-03;1.525376e-01;-1.058959e-03;1.465264e-01;-2.673454e-04;1.427765e-01;-3.477109e-04;1.397906e-01;3.376097e-04;1.211962e-01;1.901790e-03;1.203233e-01;7.700887e-04;9.117422e-02;1.586340e-03;8.611268e-02;-4.240808e-04;5.180179e-02;-2.455744e-04;4.519242e-02;-5.421687e-04;3.662737e-02;-8.722316e-04;3.032524e-02;-6.536834e-04;7.526141e-03;-2.162337e-05;2.509543e-02;2.064101e-04;4.707649e+01;4.966992e+00;6.902557e+01;1.118291e+01;1.360591e+02;1.559004e+01;2.782266e+02;8.828613e+00;3.734221e-02;8.221786e-04;8.412486e+01;8.817161e+00;1.795277e-01;1.318049e-02;3.692712e+05;1.230535e+04;4.189272e-01;-4.530240e-03;7.605141e+00;-1.511879e-02;4.473892e-03;1.085145e-05;5.180447e-02;5.092001e-03;8.608674e-03;-1.430383e-04;1.080824e+00;-4.188563e-02;1.768723e+00;-3.186917e-02;1.817236e+00;9.664106e-02;2.069147e+00;1.174433e-01;1.794946e+00;8.064497e-02;1.760456e+00;-1.925993e-02;2.231017e+00;-4.211945e-02;1.971136e+00;5.884144e-02;2.250790e+00;6.520870e-03;1.618823e+00;-4.000092e-02;1.938937e+00;-3.483675e-04;1.939174e+00;5.037833e-02;1.481248e+00;5.870716e-02;1.590515e+00;6.045605e-02
172.500000;1.186203e+02;8.750517e+01;5.153490e-02;7.015285e-01;7.116196e-02;3.842520e-02;9.114076e-02;3.862749e-02;1.761297e-01;1.147213e-01;4.818604e+01;-6.206375e+01;3.991025e-01;9.911436e-01;3.590948e-01;1.055125e+00;1.032303e-02;1.654530e-02;4.161301e-02;1.306941e-01;7.424885e-02;1.363798e-01;1.088474e-01;2.640825e-01;1.852231e-01;4.170853e-01;2.173465e-01;5.441829e-01;2.611892e-01;6.194450e-01;1.909721e-01;7.255617e-01;3.323766e-01;8.846415e-01;3.818565e-01;9.716255e-01;4.106955e-01;1.029358e+00;5.361361e-01;1.152915e+00;4.648792e-01;1.203701e+00;4.700658e-01;1.256523e+00;6.309043e-01;1.377752e+00;6.081019e-01;1.401364e+00;5.735204e-01;1.440650e+00;6.713911e-01;1.536780e+00;6.659117e-01;1.568046e+00;6.179677e-01;1.581094e+00;6.440710e-01;1.581946e+00;6.048139e-01;1.540866e+00;5.078966e-01;1.448250e+00;4.263998e-01;1.312482e+00;3.312238e-01;1.121840e+00;2.573606e-01;9.326871e-01;2.014118e-01;7.629949e-01;1.651033e-01;6.210020e-01;3.187566e-02;2.539818e-02;1.742437e-01;8.180971e-02;2.812736e+02;7.944316e+02;5.347730e+02;1.341519e+03;1.084288e+03;2.506034e+03;1.790787e+03;4.171125e+03;1.772500e-01;2.052592e-01;7.246423e+02;2.003163e+03;9.465191e-01;5.756476e+00;2.574202e+06;4471327;2.210936e+00;3.694500e+00;3.586131e+01;2.923150e+01;3.039550e-02;-1.806130e-02;4.424685e-01;1.472466e+00;6.076215e-02;4.343319e-02;7.028500e+00;9.730315e-01;5.846685e+00;-1.476917e+01;6.523211e+00;-1.441455e+01;6.687004e+00;-1.648091e+01;6.925426e+00;-1.165963e+01;6.568670e+00;-1.260274e+01;6.458464e+00;-7.942926e+00;6.467623e+00;-4.687355e+00;5.978147e+00;3.852012e-01;5.174088e+00;-4.037061e+00;4.812542e+00;-7.222834e+00;5.311667e+00;-7.967899e+00;4.334555e+00;-4.010882e+00;5.433831e+00;-2.499099e+00;2.186352e-04;2.560102e-05;2.333194e-07;-2.217565e-08;3.481597e-07;5.945364e-08;4.560438e-07;8.093981e-08;7.041059e-07;-1.857259e-08;1.707862e-04;-2.356538e-05;1.331176e-01;6.261919e-03;1.095757e-01;5.093365e-03;3.586069e-03;1.723723e-04;4.788498e-03;1.948853e-04;2.648480e-02;6.894515e-04;3.657524e-02;1.202334e-03;5.788321e-02;2.942170e-03;7.185892e-02;2.929092e-03;8.424824e-02;9.937487e-04;7.636855e-02;4.532739e-03;9.835178e-02;6.860652e-03;1.217171e-01;8.300558e-03;1.363330e-01;9.311097e-03;1.780313e-01;8.521788e-03;1.564644e-01;7.699213e-03;1.545761e-01;6.199889e-03;2.068947e-01;6.584494e-03;2.074579e-01;1.102478e-02;1.958456e-01;8.415757e-03;2.126719e-01;9.280771e-03;1.944096e-01;9.189863e-03;1.653495e-01;3.865996e-03;1.773661e-01;3.121102e-03;1.556746e-01;7.101235e-03;1.207452e-01;7.338749e-03;1.049748e-01;3.046224e-03;8.233284e-02;2.063804e-03;5.717473e-02;4.824375e-04;3.928223e-02;1.555247e-04;3.283844e-02;5.740322e-04;1.096755e-02;1.857103e-04;6.827527e-02;2.215450e-03;7.469576e+01;3.631934e+00;1.199673e+02;5.124902e+00;2.134792e+02;-6.517383e+00;3.694675e+02;-1.468564e+01;6.569733e-02;3.812882e-03;1.436285e+02;-1.595345e+00;1.564780e-01;3.652286e-03;6.172262e+05;-2.595968e+04;4.086718e-01;8.495174e-03;7.634826e+00;9.772953e-02;1.196179e-02;-4.637844e-04;8.904567e-02;-9.454423e-04;2.307969e-02;9.828373e-04;1.447151e+00;2.875844e-02;2.077111e+00;-1.203756e-01;1.801195e+00;-1.714441e-02;1.991976e+00;3.246925e-02;1.705454e+00;1.493110e-01;1.611838e+00;1.360040e-01;2.123624e+00;2.381220e-01;2.111149e+00;1.038458e-01;1.831786e+00;-2.583054e-02;2.013119e+00;1.066087e-02;1.804533e+00;-9.177206e-02;1.874075e+00;-4.532055e-02;1.409538e+00;-3.600188e-02;1.677042e+00;-3.400298e-02
173.000000;6.475758e+01;1.730897e+01;3.074794e-02;6.590469e-01;2.952258e-02;5.526721e-03;2.598746e-02;4.555267e-03;8.896874e-02;2.425880e-02;2.193819e+01;-9.292469e+01;4.674611e-01;9.519960e-01;4.497160e-01;1.084359e+00;1.142244e-02;1.439463e-02;1.901941e-02;1.641686e-01;9.229892e-02;1.509946e-01;1.561897e-01;3.009063e-01;2.398760e-01;4.701848e-01;2.970594e-01;5.875974e-01;3.328964e-01;6.650926e-01;3.295459e-01;7.714925e-01;3.578717e-01;8.717538e-01;4.843248e-01;9.949468e-01;5.509877e-01;1.092991e+00;6.390222e-01;1.201240e+00;5.897717e-01;1.241036e+00;5.850436e-01;1.270499e+00;6.587175e-01;1.374619e+00;6.622026e-01;1.443357e+00;6.512337e-01;1.483204e+00;7.618937e-01;1.573575e+00;7.714074e-01;1.610007e+00;7.125465e-01;1.607058e+00;7.108431e-01;1.622809e+00;6.305805e-01;1.577826e+00;5.533140e-01;1.479178e+00;4.493206e-01;1.322298e+00;3.671979e-01;1.141723e+00;2.796086e-01;9.454170e-01;2.224509e-01;7.741128e-01;1.650258e-01;6.194141e-01;2.618006e-02;1.268268e-02;1.737274e-01;8.568484e-02;2.586097e+02;1.055127e+03;4.562804e+02;1.841807e+03;8.291483e+02;3.338364e+03;1.325469e+03;5.411150e+03;1.921963e-01;2.078365e-01;5.508416e+02;2.599998e+03;3.326702e-01;6.450791e+00;2.587092e+06;5.984282e+06;5.714462e-01;2.470599e+00;6.900249e+00;1.295469e+01;3.103330e-02;-1.568576e-02;3.498416e-01;1.831820e+00;6.216087e-02;3.498770e-02;4.325993e+00;-3.784333e+00;5.162017e+00;-1.625317e+01;5.152529e+00;-1.006372e+01;4.925999e+00;-1.135576e+01;6.098128e+00;-5.829698e+00;5.534010e+00;-7.639038e+00;5.487354e+00;-4.051837e+00;6.319388e+00;-4.009170e+00;5.314620e+00;-2.265686e+00;5.095090e+00;-6.338072e+00;4.455995e+00;-7.964942e+00;3.935056e+00;-9.828988e+00;3.765923e+00;-6.930020e+00;4.104779e+00;-4.719331e+00;1.010536e-05;-1.412122e-06;2.493272e-07;-6.139494e-09;1.723535e-08;1.732217e-09;4.671023e-09;-4.694555e-10;1.798599e-08;1.275942e-09;1.866404e-04;4.027213e-09;1.360806e-01;2.722139e-03;1.177624e-01;2.219973e-03;3.702871e-03;5.396705e-05;5.019386e-03;-1.201813e-04;3.234122e-02;4.410639e-04;5.146106e-02;1.529647e-03;7.206263e-02;1.992303e-03;8.879077e-02;2.327078e-03;1.011984e-01;5.015292e-03;1.033236e-01;1.023304e-03;1.089596e-01;2.568664e-04;1.445902e-01;9.280730e-04;1.654062e-01;1.749662e-03;1.924290e-01;2.954182e-03;1.719109e-01;2.791810e-03;1.628391e-01;2.287138e-03;1.796110e-01;3.561734e-03;1.951593e-01;2.254702e-03;1.827254e-01;3.173973e-03;2.049828e-01;2.899926e-03;2.023845e-01;2.798619e-03;1.782792e-01;1.684487e-03;1.835954e-01;3.295469e-03;1.577487e-01;4.337746e-03;1.268312e-01;4.600995e-03;1.005132e-01;1.768766e-03;8.496784e-02;1.800165e-03;5.660874e-02;-2.027132e-04;4.159121e-02;9.187328e-04;3.342211e-02;1.530313e-03;1.028904e-02;1.757484e-04;6.730976e-02;7.110167e-04;9.329422e+01;-5.885742e-01;1.625902e+02;1.665234e+00;2.766215e+02;9.043945e-01;4.360095e+02;1.751367e+00;6.693006e-02;1.547767e-03;1.896346e+02;9.088361e-01;1.086521e-01;1.399117e-04;7.579501e+05;-2.102273e+03;2.041247e-01;-4.813071e-03;2.558487e+00;-3.045008e-02;1.203450e-02;-1.385662e-04;1.178295e-01;6.869419e-05;2.366818e-02;1.680355e-04;1.756194e+00;1.780708e-02;1.895037e+00;7.075316e-02;1.617675e+00;1.377921e-01;1.785623e+00;9.898918e-02;1.650208e+00;7.611590e-02;1.832498e+00;2.832541e-02;2.050232e+00;-2.586062e-02;2.256856e+00;-2.780100e-02;1.868164e+00;-1.439081e-01;2.110660e+00;1.594674e-02;1.948807e+00;6.511390e-02;1.641288e+00;4.889159e-02;1.397107e+00;7.104379e-03;1.817153e+00;-3.562936e-02
173.500000;4.798880e+01;1.478818e+01;3.206943e-02;6.540298e-01;4.723636e-03;4.747433e-04;0;0;5.456841e-02;1.078515e-02;2.398787e+01;-9.081726e+01;4.085363e-01;9.978248e-01;3.873203e-01;1.082909e+00;9.236775e-03;1.526540e-02;2.391593e-02;1.651638e-01;7.780427e-02;1.592852e-01;1.441267e-01;3.273618e-01;2.208099e-01;4.914798e-01;2.693903e-01;6.243514e-01;2.970236e-01;7.410100e-01;3.522531e-01;8.613306e-01;3.938240e-01;9.387522e-01;4.452652e-01;1.026053e+00;4.776260e-01;1.105879e+00;5.185379e-01;1.177121e+00;4.788956e-01;1.208709e+00;4.811530e-01;1.261623e+00;5.276673e-01;1.337566e+00;5.472251e-01;1.414667e+00;5.919906e-01;1.458428e+00;6.461852e-01;1.519528e+00;6.223642e-01;1.540338e+00;6.236632e-01;1.579575e+00;6.131642e-01;1.594451e+00;5.624286e-01;1.553950e+00;5.172712e-01;1.470330e+00;4.202241e-01;1.317847e+00;3.337828e-01;1.131765e+00;2.623593e-01;9.334530e-01;2.210919e-01;7.661461e-01;1.622469e-01;6.146382e-01;1.900251e-02;1.327838e-02;8.671774e-02;6.898127e-02;2.741359e+02;1.134800e+03;4.905513e+02;1.925786e+03;9.044091e+02;3.312524e+03;1.432699e+03;5.163088e+03;1.411234e-01;2.180158e-01;6.388567e+02;2.580800e+03;4.132445e-01;6.458075e+00;2.605653e+06;5.426350e+06;6.909462e-01;2.553265e+00;7.929645e+00;1.445780e+01;1.577433e-02;-1.374448e-02;4.032882e-01;1.809522e+00;3.706541e-02;3.175570e-02;5.276518e+00;-2.815955e+00;4.996892e+00;-1.573569e+01;3.679031e+00;-6.687200e+00;4.254689e+00;-8.403301e+00;4.006002e+00;-2.330045e+00;5.129502e+00;-5.795674e+00;5.626444e+00;-3.134962e+00;5.201962e+00;-4.595349e+00;4.502642e+00;-3.591437e+00;4.567976e+00;-7.492516e+00;4.337608e+00;-7.546910e+00;3.943181e+00;-8.514201e+00;3.453731e+00;-7.202357e+00;3.856490e+00;-5.983004e+00;1.672739e-07;-2.186876e-08;2.772203e-07;-7.253493e-09;0;0;0;0;9.075553e-09;-9.121274e-10;2.104433e-04;4.930805e-09;1.072312e-01;2.330493e-03;9.066677e-02;-1.982660e-03;2.779662e-03;8.089212e-05;5.518110e-03;1.250945e-04;2.596589e-02;-8.069240e-04;4.661685e-02;-1.044601e-03;6.465097e-02;-1.887331e-03;7.652961e-02;-1.659199e-03;9.025013e-02;-1.074627e-03;1.089781e-01;-1.607637e-03;1.122553e-01;-1.787227e-03;1.251292e-01;-3.644494e-03;1.366476e-01;-4.105060e-03;1.418382e-01;-1.982773e-03;1.262143e-01;-1.382681e-03;1.220191e-01;-6.302772e-05;1.225989e-01;-2.440981e-03;1.405437e-01;-7.964287e-03;1.522397e-01;-5.308412e-03;1.481661e-01;-6.150902e-03;1.518600e-01;-3.011652e-03;1.521810e-01;-2.864379e-03;1.372986e-01;-9.317502e-04;1.263115e-01;-8.555176e-04;1.165801e-01;-2.679735e-03;8.608248e-02;-5.946564e-04;6.710801e-02;3.254755e-04;5.677155e-02;8.785293e-04;4.553876e-02;7.529402e-04;3.470391e-02;3.417946e-04;7.370267e-03;-1.021850e-04;3.235449e-02;2.415152e-03;1.015097e+02;3.459668e+00;1.768344e+02;3.043359e+00;2.815497e+02;6.273340e+00;4.235185e+02;3.689355e+00;4.615925e-02;5.557808e-04;1.995882e+02;3.738544e+00;1.215618e-01;2.119733e-03;7.402991e+05;3.097193e+03;2.113285e-01;-4.359778e-03;2.257111e+00;-3.806210e-02;5.992354e-03;-1.955105e-04;1.231119e-01;2.202723e-03;1.393100e-02;4.856927e-04;1.746846e+00;-4.378077e-02;1.865665e+00;-2.244100e-02;1.570180e+00;-1.456720e-03;1.732129e+00;-1.707655e-03;1.499374e+00;3.940845e-02;2.071863e+00;1.175174e-02;1.984310e+00;-9.900299e-02;2.073692e+00;-6.326216e-02;1.890644e+00;1.006837e-02;1.782790e+00;-1.902656e-02;1.767562e+00;-1.066074e-02;1.528976e+00;-7.089538e-02;1.304702e+00;-1.905980e-02;1.537093e+00;4.133568e-03
174.000000;3.752671e+01;9.234576e+00;2.870664e-02;6.534500e-01;0;0;0;0;9.067713e-03;1.295388e-03;1.989629e+01;-9.392603e+01;4.156235e-01;1.062318e+00;3.302052e-01;1.059719e+00;1.088108e-02;1.734631e-02;2.745924e-02;1.644079e-01;6.596010e-02;1.498773e-01;1.150896e-01;3.006164e-01;2.055650e-01;4.580675e-01;2.781092e-01;6.100666e-01;3.060208e-01;7.424237e-01;3.524193e-01;8.563443e-01;3.697242e-01;9.349999e-01;3.611190e-01;9.922385e-01;3.811787e-01;1.060540e+00;4.431592e-01;1.157307e+00;4.480645e-01;1.201652e+00;4.248561e-01;1.245145e+00;4.387037e-01;1.307259e+00;4.297343e-01;1.349553e+00;5.412373e-01;1.444600e+00;5.473269e-01;1.464971e+00;4.954928e-01;1.487858e+00;5.139474e-01;1.545503e+00;5.477535e-01;1.559765e+00;5.211680e-01;1.517338e+00;4.788789e-01;1.442023e+00;3.875529e-01;1.289543e+00;3.167670e-01;1.116377e+00;2.631839e-01;9.375217e-01;2.145822e-01;7.655151e-01;1.631603e-01;6.155789e-01;2.898213e-02;1.901018e-02;1.539060e-01;1.016159e-01;2.760796e+02;1.158917e+03;5.056483e+02;1.884155e+03;9.219236e+02;3.223664e+03;1.396342e+03;4.942014e+03;1.929621e-01;2.685629e-01;6.560532e+02;2.516687e+03;4.443320e-01;6.389716e+00;2.423465e+06;5037350;8.066705e-01;2.699973e+00;1.068577e+01;1.682724e+01;2.564090e-02;-1.930459e-02;4.102515e-01;1.769227e+00;5.123187e-02;4.042307e-02;5.733743e+00;-2.454186e+00;4.564916e+00;-1.648275e+01;3.628911e+00;-6.913993e+00;4.162243e+00;-8.183574e+00;4.414491e+00;-8.638877e-01;5.447108e+00;-5.152201e+00;4.890959e+00;-2.955386e+00;5.228141e+00;-3.623441e+00;4.529047e+00;-2.782030e+00;5.028917e+00;-6.362288e+00;5.780036e+00;-5.119154e+00;3.771535e+00;-7.449053e+00;3.474925e+00;-7.452052e+00;3.104800e+00;-5.868424e+00;1.664510e-07;-2.331530e-08;2.486611e-07;-1.841975e-09;0;0;0;0;0;0;1.679258e-04;3.234372e-09;1.214849e-01;2.755757e-04;8.619051e-02;-1.364969e-03;3.513551e-03;2.251014e-05;5.961478e-03;-5.051652e-05;2.026899e-02;-6.149483e-04;3.421040e-02;-1.457722e-03;6.165206e-02;-1.924917e-03;8.188854e-02;-8.269276e-04;9.133905e-02;-1.884819e-03;1.088621e-01;-3.568850e-04;1.131625e-01;-2.818041e-04;1.177483e-01;6.258425e-04;1.222029e-01;4.840347e-04;1.319607e-01;-1.682770e-03;1.286103e-01;-2.581249e-03;1.197426e-01;-1.334257e-03;1.235638e-01;-3.694638e-03;1.311441e-01;-1.813463e-03;1.559879e-01;-1.751737e-03;1.529678e-01;-1.740024e-03;1.378487e-01;-6.932357e-04;1.340171e-01;-9.338030e-04;1.424839e-01;-2.334591e-03;1.290609e-01;-3.652713e-03;1.197953e-01;-3.957529e-03;7.925358e-02;-2.013195e-03;6.115446e-02;-1.158700e-03;5.708567e-02;2.108432e-04;4.352199e-02;3.179806e-05;3.433879e-02;-1.517605e-04;1.101825e-02;-3.742908e-05;5.452567e-02;2.494576e-04;9.378894e+01;2.339942e+00;1.654076e+02;-1.579102e-01;2.689659e+02;-2.253808e+00;4.207391e+02;-3.789844e+00;6.445345e-02;-6.620899e-04;1.961927e+02;-7.686596e-01;1.332087e-01;-9.563515e-04;7.302114e+05;-9.949100e+03;2.355811e-01;2.564590e-03;3.261955e+00;1.735143e-02;9.053389e-03;-1.689918e-05;1.222258e-01;-2.644139e-04;1.730319e-02;1.757013e-04;1.690007e+00;-3.032453e-02;1.807885e+00;-8.733321e-02;1.510880e+00;-1.170261e-01;1.683525e+00;-8.247824e-02;1.779978e+00;-8.866523e-02;2.318820e+00;1.358119e-02;2.030798e+00;-2.639032e-02;1.906905e+00;-2.355329e-02;1.810151e+00;6.535021e-02;1.918499e+00;2.611219e-02;1.928999e+00;3.727914e-02;1.409452e+00;5.209926e-03;1.335783e+00;7.398476e-02;1.252165e+00;5.305419e-02
174.500000;0;0;2.058792e-02;6.451266e-01;0;0;0;0;0;0;0;-100;4.454941e-01;1.025564e+00;3.402348e-01;1.024684e+00;1.221718e-02;1.688426e-02;2.603832e-02;1.617108e-01;6.629039e-02;1.416291e-01;1.239292e-01;2.874078e-01;2.109753e-01;4.427248e-01;3.010392e-01;5.966202e-01;3.246600e-01;7.182785e-01;3.491727e-01;8.011909e-01;3.508246e-01;8.781015e-01;3.528954e-01;9.507831e-01;3.616003e-01;1.018242e+00;4.453207e-01;1.095766e+00;4.480452e-01;1.160926e+00;4.624397e-01;1.211868e+00;4.589298e-01;1.255483e+00;4.422290e-01;1.312083e+00;5.530421e-01;1.423432e+00;5.692614e-01;1.468697e+00;5.527232e-01;1.491325e+00;5.129585e-01;1.497105e+00;5.159246e-01;1.506364e+00;4.918132e-01;1.458012e+00;4.538310e-01;1.385726e+00;3.584990e-01;1.243314e+00;3.169034e-01;1.072466e+00;2.730412e-01;9.026272e-01;2.258358e-01;7.346805e-01;1.594620e-01;5.869424e-01;4.530343e-02;2.215187e-02;1.830112e-01;1.101650e-01;2.633672e+02;1.136092e+03;4.799602e+02;1.838936e+03;8.399194e+02;3.128487e+03;1.317164e+03;4.795014e+03;2.224671e-01;2.696510e-01;6.083553e+02;2.450019e+03;4.208467e-01;6.342692e+00;2341088;4723224;7.250450e-01;2.692504e+00;1.002605e+01;1.663100e+01;3.244606e-02;-2.033223e-02;3.853473e-01;1.723586e+00;5.363173e-02;3.762777e-02;5.405914e+00;-2.206841e+00;4.637262e+00;-1.688710e+01;4.341675e+00;-6.464893e+00;4.283268e+00;-8.241204e+00;4.599474e+00;-5.323347e-01;5.238107e+00;-4.723577e+00;4.410561e+00;-2.570148e+00;5.009397e+00;-4.005532e+00;4.654854e+00;-3.206722e+00;4.686942e+00;-3.939088e+00;5.428232e+00;-3.275050e+00;4.027913e+00;-7.121822e+00;5.008188e+00;-6.353917e+00;3.302131e+00;-4.764614e+00;0;0;1.832733e-07;-7.453217e-09;0;0;0;0;0;0;0;0;1.203460e-01;-1.039884e-02;8.413349e-02;-3.713647e-03;3.661501e-03;-2.845517e-04;5.350306e-03;9.082896e-05;2.082755e-02;1.443954e-04;4.123425e-02;1.836422e-04;6.734898e-02;3.038967e-04;9.438536e-02;-2.374546e-04;1.006052e-01;-3.690769e-04;1.053934e-01;-1.501556e-03;1.044430e-01;-2.708545e-03;1.083503e-01;-2.808288e-03;1.093317e-01;-4.030471e-03;1.294248e-01;-7.103879e-03;1.215154e-01;-7.736104e-03;1.231432e-01;-7.053477e-03;1.256965e-01;-5.296744e-03;1.187408e-01;-5.636997e-03;1.432795e-01;-6.185293e-03;1.502543e-01;-5.640482e-03;1.380169e-01;-6.533321e-03;1.267297e-01;-3.671516e-03;1.261564e-01;-4.134874e-03;1.196834e-01;-6.834405e-03;1.030644e-01;-5.428047e-03;6.954930e-02;-4.778310e-03;5.787464e-02;-3.804764e-03;4.900310e-02;-2.483121e-03;4.157012e-02;-1.746774e-03;3.240608e-02;-1.463286e-03;1.723131e-02;-2.871256e-04;6.371225e-02;-4.704373e-03;1.007961e+02;-5.067481e+00;1.684963e+02;-5.598633e+00;2.597434e+02;-2.440430e+00;4.053090e+02;7.464844e-01;7.135098e-02;-3.845516e-03;1.940384e+02;-3.185584e+00;1.301367e-01;-1.685959e-03;6.611443e+05;7.377716e+03;2.194946e-01;-1.291403e-03;3.190003e+00;-2.563998e-02;1.138263e-02;6.918305e-04;1.214515e-01;-2.167632e-03;1.667188e-02;-1.682102e-03;1.908401e+00;4.467270e-02;1.631879e+00;1.236632e-01;1.413805e+00;6.841790e-02;1.738792e+00;3.395003e-02;2.046754e+00;-6.567822e-02;2.234293e+00;7.089125e-03;2.014592e+00;7.002881e-03;1.930800e+00;7.949767e-02;1.756414e+00;5.069591e-02;1.809113e+00;-2.732639e-02;2.223744e+00;-1.131700e-02;1.507307e+00;9.236920e-02;1.819643e+00;7.814593e-03;1.413986e+00;2.915489e-02
175.000000;0;0;1.545554e-01;6.040815e-01;0;0;0;0;0;0;0;-100;4.162448e-01;7.158771e-01;3.298845e-01;9.352184e-01;1.006440e-02;1.022110e-02;3.222767e-02;1.667322e-01;7.364127e-02;1.345011e-01;1.353104e-01;2.746484e-01;2.160518e-01;4.346187e-01;2.842805e-01;5.698053e-01;2.987007e-01;6.480911e-01;3.364691e-01;7.384481e-01;3.541817e-01;8.056401e-01;3.856459e-01;8.883504e-01;3.711943e-01;9.418395e-01;3.921213e-01;9.712116e-01;4.479331e-01;1.050885e+00;5.040838e-01;1.116678e+00;4.710265e-01;1.152977e+00;4.454198e-01;1.201909e+00;5.108687e-01;1.259286e+00;5.455310e-01;1.328537e+00;5.148095e-01;1.362116e+00;4.844976e-01;1.362480e+00;4.605547e-01;1.357974e+00;4.498306e-01;1.329884e+00;3.907205e-01;1.262060e+00;3.223957e-01;1.130834e+00;2.854931e-01;9.725518e-01;2.357811e-01;8.090739e-01;1.953362e-01;6.669627e-01;1.554841e-01;5.443155e-01;3.957718e-02;1.190038e-02;1.288474e-01;4.925834e-02;3.827395e+02;1.217344e+03;6.772057e+02;2.020963e+03;1.068425e+03;3.343532e+03;1.854671e+03;5.283961e+03;1.716755e-01;1.602564e-01;8.128830e+02;2.650844e+03;4.653050e-01;6.413612e+00;3.051320e+06;5.544270e+06;6.866901e-01;2.553871e+00;7.909785e+00;1.476306e+01;2.480404e-02;-9.584074e-03;5.168802e-01;1.844594e+00;3.435728e-02;1.624898e-02;6.020880e+00;-3.038113e+00;5.365695e+00;-1.548182e+01;4.773240e+00;-4.360505e+00;4.271567e+00;-7.685318e+00;4.386659e+00;-1.565344e+00;4.264958e+00;-4.518588e+00;5.061829e+00;-2.728427e+00;4.478051e+00;-5.176969e+00;4.550653e+00;-4.732181e+00;5.482105e+00;-5.055137e+00;4.717435e+00;-5.993117e+00;4.534808e+00;-6.695048e+00;4.818551e+00;-5.366837e+00;3.739105e+00;-5.363942e+00;0;0;2.157988e-07;-5.670437e-09;0;0;0;0;0;0;0;0;9.049408e-02;-8.631290e-03;7.865881e-02;-5.043056e-04;2.541361e-03;-1.843407e-04;5.428629e-03;-4.724112e-05;2.057930e-02;2.687856e-04;4.168405e-02;8.243583e-04;6.348767e-02;1.253291e-03;8.611097e-02;1.795891e-03;9.460513e-02;1.661768e-03;1.006376e-01;1.849613e-03;1.040080e-01;3.305427e-04;1.080225e-01;-1.795037e-03;9.560511e-02;-2.579741e-03;1.096371e-01;-1.939439e-03;1.132222e-01;2.753032e-04;1.335704e-01;-1.508979e-03;1.286082e-01;-2.904678e-03;1.151539e-01;-2.963472e-03;1.376385e-01;2.466329e-04;1.423002e-01;-4.017531e-04;1.229119e-01;-7.343874e-04;1.175203e-01;3.586793e-05;9.447825e-02;3.461750e-04;1.038781e-01;2.470904e-04;8.234606e-02;-7.164910e-04;6.204425e-02;-1.102471e-03;6.112365e-02;-1.736139e-03;4.642973e-02;-1.698558e-03;3.792227e-02;-8.781747e-04;2.889879e-02;-1.287975e-03;1.467921e-02;-1.630935e-04;4.316820e-02;-1.473424e-03;1.246184e+02;-5.799609e+00;1.994683e+02;-6.818848e+00;2.893940e+02;-4.579394e+00;5.084746e+02;-7.594043e+00;4.901678e-02;-2.465698e-03;2.253261e+02;-6.038336e+00;1.278026e-01;-2.646186e-03;8.247095e+05;-5.345449e+03;1.980011e-01;4.142065e-03;2.414820e+00;3.927397e-02;8.495488e-03;2.427954e-04;1.419851e-01;-4.268801e-03;1.016498e-02;-5.589470e-04;2.038074e+00;9.040715e-02;2.001312e+00;1.215531e-01;1.523791e+00;1.627854e-01;1.680595e+00;-1.706564e-05;1.995227e+00;-2.324122e-02;1.789683e+00;-4.639679e-02;2.004781e+00;-2.078702e-02;2.009388e+00;-6.539205e-02;1.708264e+00;1.445187e-02;1.937137e+00;-6.574546e-03;1.791284e+00;-8.908172e-02;1.735386e+00;-6.265628e-02;1.840551e+00;-8.919072e-02;1.440270e+00;1.625548e-02
175.500000;0;0;2.770239e-01;4.906121e-01;0;0;0;0;0;0;0;-100;1.881085e-01;3.929503e-01;3.191183e-01;9.008084e-01;2.913835e-03;3.906513e-03;3.130053e-02;1.725951e-01;7.038552e-02;1.297772e-01;1.276404e-01;2.648246e-01;1.972680e-01;4.124401e-01;2.622842e-01;5.395705e-01;2.853031e-01;6.242924e-01;3.414863e-01;7.307312e-01;3.667046e-01;8.074784e-01;3.773775e-01;8.697183e-01;3.779930e-01;9.126721e-01;3.777407e-01;9.549795e-01;4.553932e-01;1.025770e+00;4.490950e-01;1.061623e+00;4.318104e-01;1.116715e+00;4.240646e-01;1.159091e+00;5.039434e-01;1.209446e+00;5.219697e-01;1.253356e+00;4.945541e-01;1.287142e+00;5.157956e-01;1.312525e+00;4.959760e-01;1.309124e+00;4.302668e-01;1.274240e+00;3.681043e-01;1.193883e+00;3.415284e-01;1.085722e+00;2.773847e-01;9.411473e-01;2.439183e-01;7.926842e-01;1.756185e-01;6.394271e-01;1.301665e-01;5.126360e-01;2.439398e-03;1.258640e-03;8.657938e-03;5.131408e-03;3.886764e+02;1.228541e+03;6.916636e+02;2.066470e+03;1.110505e+03;3.386168e+03;1.938512e+03;5.454360e+03;4.915897e-02;6.225977e-02;8.374721e+02;2.714282e+03;4.387770e-01;6.462180e+00;3.222951e+06;6125644;7.391874e-01;2.584291e+00;8.163510e+00;1.466067e+01;1.619449e-03;-1.058642e-03;5.323715e-01;1.882437e+00;3.184573e-03;2.053345e-03;6.214731e+00;-2.733875e+00;5.271002e+00;-1.452110e+01;4.895639e+00;-3.044719e+00;4.114467e+00;-7.575000e+00;4.436172e+00;-8.982117e-01;3.922047e+00;-4.637087e+00;5.670579e+00;-2.125624e+00;4.905473e+00;-5.513127e+00;5.026251e+00;-4.209517e+00;5.012413e+00;-7.218700e+00;4.094796e+00;-6.840309e+00;5.002219e+00;-6.196964e+00;3.959806e+00;-5.512585e+00;3.490822e+00;-5.480933e+00;0;0;2.017167e-07;-7.444000e-09;0;0;0;0;0;0;0;0;4.799840e-02;-5.913905e-03;7.165179e-02;-1.433373e-03;7.859810e-04;-1.041869e-04;5.642191e-03;-1.409674e-04;1.757061e-02;-5.536539e-04;3.337751e-02;-1.353330e-03;5.122485e-02;-1.636516e-03;7.016978e-02;-2.147443e-03;8.014084e-02;-2.235776e-03;9.283403e-02;-2.693426e-03;1.005863e-01;-2.148325e-03;9.960810e-02;-2.771954e-03;9.126531e-02;-8.014149e-04;9.449808e-02;2.635567e-04;1.014427e-01;1.101159e-03;1.138417e-01;7.889717e-04;1.152539e-01;-1.303375e-03;1.037335e-01;-2.028245e-03;1.300141e-01;-2.597966e-03;1.295129e-01;-8.170044e-04;1.144926e-01;-1.797538e-03;1.192526e-01;-1.396052e-03;1.109400e-01;-2.553348e-03;9.733628e-02;-1.576029e-03;8.508520e-02;-2.542556e-03;7.089695e-02;-1.865668e-03;6.107516e-02;-1.208054e-03;5.158389e-02;-8.682485e-04;3.717403e-02;-1.516133e-03;2.625774e-02;-1.009315e-03;1.078279e-03;-1.614358e-04;3.219471e-03;-2.334168e-04;1.174164e+02;2.124609e+00;1.935183e+02;4.191797e+00;2.905115e+02;1.205859e+00;5.265316e+02;2.670117e+00;1.344365e-02;-1.877720e-03;2.210800e+02;2.900180e+00;1.122475e-01;1.786165e-03;8.888098e+05;5.522084e+03;2.161567e-01;3.976274e-03;2.586736e+00;2.880304e-02;5.764412e-04;6.948431e-05;1.393856e-01;1.808179e-03;1.089927e-03;-1.266844e-04;1.831467e+00;-3.225438e-02;1.932288e+00;-6.026001e-02;1.596863e+00;-1.372508e-02;1.690138e+00;-1.768472e-03;2.015872e+00;4.523921e-02;1.665911e+00;-4.350787e-02;2.124357e+00;-6.578809e-02;1.969401e+00;-1.096543e-01;1.764526e+00;2.336238e-02;1.841336e+00;2.845819e-02;1.540754e+00;1.607303e-02;1.814002e+00;-2.420453e-02;1.427509e+00;2.866895e-02;1.436159e+00;1.844515e-02
176.000000;7.234122e+01;1.033446e+01;3.253340e-01;2.648006e-01;4.026276e-02;5.751823e-03;9.870094e-03;9.919818e-04;4.302254e-02;6.146076e-03;1.004371e+01;-9.805911e+01;1.336194e-01;2.340540e-01;3.409622e-01;8.956476e-01;1.638601e-03;1.861709e-03;2.629344e-02;1.679239e-01;6.417389e-02;1.262076e-01;1.384702e-01;2.670831e-01;2.094815e-01;4.042058e-01;2.625710e-01;5.243406e-01;3.352135e-01;6.504896e-01;3.457650e-01;7.193129e-01;4.200135e-01;8.036013e-01;4.463116e-01;8.679115e-01;4.645797e-01;9.108449e-01;4.685954e-01;9.698812e-01;4.878201e-01;1.018917e+00;4.758719e-01;1.061494e+00;4.409154e-01;1.100510e+00;4.573265e-01;1.144893e+00;5.189446e-01;1.204489e+00;4.958559e-01;1.239101e+00;5.095660e-01;1.268929e+00;5.372325e-01;1.300586e+00;5.116890e-01;1.304879e+00;4.244533e-01;1.256245e+00;3.872465e-01;1.181084e+00;3.632785e-01;1.088185e+00;3.032123e-01;9.421600e-01;2.649902e-01;7.965858e-01;1.792096e-01;6.312171e-01;1.275231e-01;5.036847e-01;1.075436e-03;3.972354e-04;2.227646e-03;1.314069e-03;3.993937e+02;1.251079e+03;7.197325e+02;2.125614e+03;1.089778e+03;3.436843e+03;1.607153e+03;5.245058e+03;2.896663e-02;3.018061e-02;7.831757e+02;2.696325e+03;4.713846e-01;6.478500e+00;2.624241e+06;5504514;8.177344e-01;2.457632e+00;8.229310e+00;1.371260e+01;5.613659e-04;-2.863988e-04;4.899049e-01;1.865525e+00;9.754360e-04;5.401903e-04;5.936976e+00;-2.601277e+00;5.316380e+00;-1.364963e+01;4.917973e+00;-1.857475e+00;4.431222e+00;-6.747128e+00;4.309671e+00;-2.571402e-01;4.369514e+00;-5.511612e+00;5.606230e+00;-1.356609e+00;4.928463e+00;-5.204942e+00;5.861969e+00;-2.815042e+00;4.030761e+00;-6.418569e+00;4.060589e+00;-5.463545e+00;4.508371e+00;-5.952337e+00;3.883866e+00;-5.120400e+00;3.228632e+00;-4.852039e+00;0;0;1.381676e-07;8.679169e-09;0;0;0;0;0;0;8.929600e-05;5.263427e-10;2.630373e-02;-4.004995e-03;7.525744e-02;-1.953640e-03;3.524680e-04;-4.804382e-05;6.183377e-03;-1.398337e-04;1.795722e-02;-3.089674e-04;3.854259e-02;-6.434738e-04;5.624595e-02;-9.227207e-04;7.112634e-02;-1.473027e-03;8.694495e-02;-2.317829e-03;8.833673e-02;-2.898024e-03;1.047775e-01;-1.105601e-03;1.045732e-01;-1.373057e-03;1.120184e-01;-1.793089e-03;1.078848e-01;-4.322222e-05;1.077325e-01;-2.557336e-03;1.163651e-01;-3.051761e-03;1.126319e-01;-2.021942e-03;1.147836e-01;-2.641283e-03;1.282721e-01;-3.841517e-03;1.166135e-01;-3.423837e-03;1.208989e-01;-4.325823e-03;1.305754e-01;-2.465862e-03;1.176963e-01;-3.422533e-03;1.013496e-01;-4.159061e-03;9.615129e-02;-3.685687e-03;8.366691e-02;-2.998755e-03;6.673129e-02;-7.268195e-04;5.205270e-02;1.292730e-03;3.588874e-02;7.688623e-05;2.771795e-02;3.697049e-05;3.054074e-04;-4.020363e-05;6.988534e-04;-5.259445e-05;1.153552e+02;6.373828e+00;1.999335e+02;7.952929e+00;2.928954e+02;9.503321e+00;4.436761e+02;1.039336e+01;7.372837e-03;-7.536267e-04;2.107995e+02;7.345540e+00;1.380429e-01;2.163721e-03;7.177356e+05;5.798641e+03;2.363558e-01;-9.942695e-03;2.564253e+00;-7.610156e-02;1.699504e-04;1.475835e-05;1.316717e-01;4.798469e-03;2.918484e-04;-2.440649e-05;1.711301e+00;-6.225255e-02;1.885753e+00;5.523606e-03;1.608971e+00;-4.081655e-02;1.764747e+00;4.135115e-02;1.917958e+00;-7.851442e-03;1.852109e+00;5.210207e-02;2.221394e+00;2.462479e-02;1.848468e+00;-5.756657e-03;2.043729e+00;2.388747e-02;1.346428e+00;-5.360310e-02;1.594062e+00;5.883474e-02;1.724911e+00;-5.564327e-03;1.368008e+00;9.811396e-03;1.331205e+00;-8.430772e-03
176.500000;7.234122e+01;1.033446e+01;1.870564e-01;5.491825e-02;4.026276e-02;5.751823e-03;9.870094e-03;9.919818e-04;4.302254e-02;6.146076e-03;1.004371e+01;-9.805911e+01;6.938345e-02;1.249678e-01;3.291827e-01;8.914233e-01;6.242548e-04;7.193919e-04;2.701253e-02;1.574994e-01;5.759727e-02;1.223394e-01;1.303659e-01;2.623241e-01;1.994583e-01;4.103808e-01;2.455843e-01;5.276180e-01;3.134988e-01;6.460264e-01;3.269202e-01;7.302158e-01;4.027944e-01;8.092581e-01;4.429812e-01;8.790125e-01;4.693386e-01;9.369254e-01;4.780133e-01;9.774284e-01;4.833116e-01;1.018043e+00;4.860522e-01;1.070854e+00;4.351825e-01;1.079702e+00;4.683335e-01;1.146542e+00;5.201303e-01;1.198127e+00;5.190141e-01;1.222342e+00;4.970355e-01;1.254053e+00;4.826258e-01;1.287687e+00;4.578041e-01;1.278313e+00;4.039794e-01;1.246314e+00;4.006323e-01;1.187772e+00;3.447420e-01;1.066254e+00;3.138603e-01;9.241638e-01;2.493167e-01;7.719855e-01;1.775413e-01;6.216307e-01;1.360742e-01;5.016946e-01;8.780335e-05;4.501252e-05;4.552015e-04;2.184491e-04;4.459077e+02;1.228828e+03;7.518394e+02;2.093171e+03;1.107060e+03;3.365927e+03;1.505587e+03;4.994698e+03;1.139639e-02;1.171119e-02;8.065968e+02;2.593592e+03;5.084090e-01;6.433655e+00;2.165165e+06;4699513;1.009522e+00;2.445644e+00;1.717371e+01;1.642146e+01;7.663656e-05;-4.188270e-05;4.981138e-01;1.794332e+00;1.426563e-04;8.288406e-05;6.746213e+00;-1.720830e+00;5.073630e+00;-1.251948e+01;4.572906e+00;-1.171085e+00;5.063551e+00;-7.374518e+00;4.564228e+00;-5.603423e-01;4.371655e+00;-5.658749e+00;4.594955e+00;-1.052780e+00;4.564106e+00;-3.753722e+00;5.162125e+00;-2.194398e+00;4.270466e+00;-6.801851e+00;4.013826e+00;-5.778899e+00;3.995148e+00;-6.200266e+00;3.708301e+00;-5.854731e+00;3.425595e+00;-5.755301e+00;0;0;8.674200e-08;1.312659e-08;0;0;0;0;0;0;8.929600e-05;5.263427e-10;1.601618e-02;-2.406139e-03;8.108589e-02;-3.171185e-04;1.600012e-04;-2.154782e-05;6.033529e-03;4.887879e-05;1.658742e-02;-5.466547e-05;3.759750e-02;-1.688735e-04;5.680073e-02;-6.421495e-04;7.329994e-02;-5.167482e-04;8.711466e-02;-1.138702e-03;9.216021e-02;1.161704e-04;1.128949e-01;1.420929e-03;1.216347e-01;1.295621e-03;1.311606e-01;5.173510e-04;1.252367e-01;1.362591e-03;1.256226e-01;-5.110362e-04;1.281345e-01;-1.557154e-03;1.193624e-01;-3.258096e-04;1.314594e-01;-4.382241e-04;1.404063e-01;2.870199e-04;1.379269e-01;-1.071082e-03;1.278506e-01;-2.236563e-03;1.260751e-01;-2.805621e-03;1.039069e-01;-1.052621e-03;1.007588e-01;-3.297094e-04;9.987966e-02;9.075676e-04;8.445941e-02;7.871069e-04;7.404640e-02;2.657794e-06;5.174125e-02;-1.729221e-03;3.421118e-02;-1.836374e-04;2.878101e-02;-1.802802e-04;2.416870e-05;-3.920814e-06;1.562819e-04;-1.044525e-05;1.364714e+02;6.086719e+00;2.209954e+02;9.058301e+00;2.990842e+02;1.079531e+01;4.062111e+02;1.169971e+01;3.402737e-03;-2.819268e-04;2.178791e+02;7.623156e+00;1.501058e-01;5.127465e-03;5.893968e+05;4.257321e+03;2.850118e-01;-8.778278e-03;5.361391e+00;-5.369521e-02;2.446605e-05;2.226480e-06;1.327984e-01;4.653968e-03;3.960538e-05;-5.146885e-06;1.935478e+00;-5.651616e-02;1.884477e+00;8.230280e-03;1.772022e+00;7.725350e-04;2.052842e+00;9.847065e-03;1.778134e+00;2.421979e-02;1.781734e+00;6.519673e-03;1.846995e+00;9.314521e-02;1.684332e+00;1.433543e-01;1.842219e+00;-2.140027e-02;1.579636e+00;4.469541e-02;1.417914e+00;2.254518e-02;1.670846e+00;3.367286e-03;1.326188e+00;-6.260172e-02;1.280300e+00;-3.966103e-02
177.000000;0;0;0;0;0;0;0;0;0;0;0;-100;4.092804e-02;7.213289e-02;2.841455e-01;8.824033e-01;2.899981e-04;3.270565e-04;4.262263e-02;1.773432e-01;3.687563e-02;1.200038e-01;1.015845e-01;2.462422e-01;1.626970e-01;3.897634e-01;2.109410e-01;5.082660e-01;2.479310e-01;6.122099e-01;2.905114e-01;7.159125e-01;3.105204e-01;7.933418e-01;3.233095e-01;8.523726e-01;3.429716e-01;9.150658e-01;3.673825e-01;9.761223e-01;4.101917e-01;1.033719e+00;3.970709e-01;1.063201e+00;4.142971e-01;1.102684e+00;4.321488e-01;1.150093e+00;4.697216e-01;1.207014e+00;4.960846e-01;1.225414e+00;4.578096e-01;1.246590e+00;4.312718e-01;1.266179e+00;4.289462e-01;1.266256e+00;4.048321e-01;1.243622e+00;3.963223e-01;1.169206e+00;3.105735e-01;1.039929e+00;2.846245e-01;9.107385e-01;2.240978e-01;7.584695e-01;1.776939e-01;6.259743e-01;1.290062e-01;5.040946e-01;4.371106e-05;1.592306e-05;4.855126e-05;3.166704e-05;3.184138e+02;1.066324e+03;5.190738e+02;1.786251e+03;8.621349e+02;2.995269e+03;1.358053e+03;4.648731e+03;5.009653e-03;5.196692e-03;6.226473e+02;2.357706e+03;5.020078e-01;6.429619e+00;2962653;4974832;1.296071e+00;3.132885e+00;2.234830e+01;2.516340e+01;1.680736e-05;-8.604575e-06;3.799567e-01;1.655533e+00;2.652257e-05;1.532864e-05;5.776439e+00;2.495692e-01;5.014820e+00;-1.365431e+01;4.721043e+00;-3.155059e+00;5.620058e+00;-6.380253e+00;5.234171e+00;1.559689e+00;5.280479e+00;-3.388114e+00;4.055937e+00;6.203778e-02;4.403221e+00;-2.098370e+00;3.668139e+00;-1.123400e+00;5.776906e+00;-4.581865e+00;5.088377e+00;-3.524468e+00;4.951456e+00;-5.295040e+00;3.865121e+00;-5.326377e+00;4.210773e+00;-4.302908e+00;0;0;0;0;0;0;0;0;0;0;0;0;8.537446e-03;-1.185033e-03;7.354407e-02;-1.025262e-03;6.554393e-05;-7.368010e-06;6.042528e-03;9.218946e-04;9.965160e-03;-6.379964e-05;2.869941e-02;-5.072059e-04;4.926001e-02;-9.885343e-04;6.806843e-02;-2.046035e-03;7.879607e-02;-1.787932e-03;9.054098e-02;-8.500183e-04;1.043966e-01;-1.101486e-03;1.114925e-01;1.523876e-04;1.130117e-01;-6.697917e-04;1.139220e-01;-1.687444e-03;1.211997e-01;-5.300477e-04;1.119938e-01;3.745681e-04;1.127863e-01;3.372240e-04;1.214923e-01;-9.426037e-04;1.244218e-01;-1.289211e-03;1.304652e-01;-1.094938e-03;1.146041e-01;-2.036335e-04;1.046249e-01;-3.054972e-03;9.735115e-02;-3.225078e-03;9.233848e-02;-5.020051e-04;8.994886e-02;-3.840643e-04;6.996260e-02;1.854910e-04;6.319340e-02;-5.605805e-04;4.864006e-02;-3.274631e-03;3.393058e-02;-1.499757e-03;2.770844e-02;-1.442731e-03;1.394200e-05;-7.341279e-07;1.350989e-05;-1.174765e-06;1.181929e+02;-1.091016e+00;1.892354e+02;-3.115137e+00;2.749982e+02;-2.024121e+00;4.163792e+02;4.277930e+00;1.088644e-03;-1.150630e-04;2.013076e+02;1.261778e+00;1.517813e-01;6.515665e-03;8.035142e+05;4.240173e+04;3.249213e-01;1.326571e-02;6.613906e+00;7.707255e-02;4.937458e-06;3.135541e-07;1.206051e-01;1.003841e-03;7.897105e-06;-5.962029e-07;1.873554e+00;-6.569915e-03;1.508695e+00;-5.519899e-02;1.717611e+00;-4.525384e-02;2.203227e+00;7.473773e-02;1.929402e+00;1.485217e-01;1.783196e+00;9.343212e-02;1.567899e+00;1.153378e-01;1.703489e+00;1.155421e-01;1.373179e+00;8.824277e-02;1.851390e+00;7.833905e-02;1.463469e+00;-2.169234e-02;1.712825e+00;5.193682e-02;1.435982e+00;3.615234e-02;1.477860e+00;9.297761e-03
