frameTime;F0final_sma_stddev;F0final_sma_amean;voicingFinalUnclipped_sma_stddev;voicingFinalUnclipped_sma_amean;jitterLocal_sma_stddev;jitterLocal_sma_amean;jitterDDP_sma_stddev;jitterDDP_sma_amean;shimmerLocal_sma_stddev;shimmerLocal_sma_amean;logHNR_sma_stddev;logHNR_sma_amean;audspec_lengthL1norm_sma_stddev;audspec_lengthL1norm_sma_amean;audspecRasta_lengthL1norm_sma_stddev;audspecRasta_lengthL1norm_sma_amean;pcm_RMSenergy_sma_stddev;pcm_RMSenergy_sma_amean;pcm_zcr_sma_stddev;pcm_zcr_sma_amean;audSpec_Rfilt_sma[0]_stddev;audSpec_Rfilt_sma[0]_amean;audSpec_Rfilt_sma[1]_stddev;audSpec_Rfilt_sma[1]_amean;audSpec_Rfilt_sma[2]_stddev;audSpec_Rfilt_sma[2]_amean;audSpec_Rfilt_sma[3]_stddev;audSpec_Rfilt_sma[3]_amean;audSpec_Rfilt_sma[4]_stddev;audSpec_Rfilt_sma[4]_amean;audSpec_Rfilt_sma[5]_stddev;audSpec_Rfilt_sma[5]_amean;audSpec_Rfilt_sma[6]_stddev;audSpec_Rfilt_sma[6]_amean;audSpec_Rfilt_sma[7]_stddev;audSpec_Rfilt_sma[7]_amean;audSpec_Rfilt_sma[8]_stddev;audSpec_Rfilt_sma[8]_amean;audSpec_Rfilt_sma[9]_stddev;audSpec_Rfilt_sma[9]_amean;audSpec_Rfilt_sma[10]_stddev;audSpec_Rfilt_sma[10]_amean;audSpec_Rfilt_sma[11]_stddev;audSpec_Rfilt_sma[11]_amean;audSpec_Rfilt_sma[12]_stddev;audSpec_Rfilt_sma[12]_amean;audSpec_Rfilt_sma[13]_stddev;audSpec_Rfilt_sma[13]_amean;audSpec_Rfilt_sma[14]_stddev;audSpec_Rfilt_sma[14]_amean;audSpec_Rfilt_sma[15]_stddev;audSpec_Rfilt_sma[15]_amean;audSpec_Rfilt_sma[16]_stddev;audSpec_Rfilt_sma[16]_amean;audSpec_Rfilt_sma[17]_stddev;audSpec_Rfilt_sma[17]_amean;audSpec_Rfilt_sma[18]_stddev;audSpec_Rfilt_sma[18]_amean;audSpec_Rfilt_sma[19]_stddev;audSpec_Rfilt_sma[19]_amean;audSpec_Rfilt_sma[20]_stddev;audSpec_Rfilt_sma[20]_amean;audSpec_Rfilt_sma[21]_stddev;audSpec_Rfilt_sma[21]_amean;audSpec_Rfilt_sma[22]_stddev;audSpec_Rfilt_sma[22]_amean;audSpec_Rfilt_sma[23]_stddev;audSpec_Rfilt_sma[23]_amean;audSpec_Rfilt_sma[24]_stddev;audSpec_Rfilt_sma[24]_amean;audSpec_Rfilt_sma[25]_stddev;audSpec_Rfilt_sma[25]_amean;pcm_fftMag_fband250-650_sma_stddev;pcm_fftMag_fband250-650_sma_amean;pcm_fftMag_fband1000-4000_sma_stddev;pcm_fftMag_fband1000-4000_sma_amean;pcm_fftMag_spectralRollOff25.0_sma_stddev;pcm_fftMag_spectralRollOff25.0_sma_amean;pcm_fftMag_spectralRollOff50.0_sma_stddev;pcm_fftMag_spectralRollOff50.0_sma_amean;pcm_fftMag_spectralRollOff75.0_sma_stddev;pcm_fftMag_spectralRollOff75.0_sma_amean;pcm_fftMag_spectralRollOff90.0_sma_stddev;pcm_fftMag_spectralRollOff90.0_sma_amean;pcm_fftMag_spectralFlux_sma_stddev;pcm_fftMag_spectralFlux_sma_amean;pcm_fftMag_spectralCentroid_sma_stddev;pcm_fftMag_spectralCentroid_sma_amean;pcm_fftMag_spectralEntropy_sma_stddev;pcm_fftMag_spectralEntropy_sma_amean;pcm_fftMag_spectralVariance_sma_stddev;pcm_fftMag_spectralVariance_sma_amean;pcm_fftMag_spectralSkewness_sma_stddev;pcm_fftMag_spectralSkewness_sma_amean;pcm_fftMag_spectralKurtosis_sma_stddev;pcm_fftMag_spectralKurtosis_sma_amean;pcm_fftMag_spectralSlope_sma_stddev;pcm_fftMag_spectralSlope_sma_amean;pcm_fftMag_psySharpness_sma_stddev;pcm_fftMag_psySharpness_sma_amean;pcm_fftMag_spectralHarmonicity_sma_stddev;pcm_fftMag_spectralHarmonicity_sma_amean;pcm_fftMag_mfcc_sma[1]_stddev;pcm_fftMag_mfcc_sma[1]_amean;pcm_fftMag_mfcc_sma[2]_stddev;pcm_fftMag_mfcc_sma[2]_amean;pcm_fftMag_mfcc_sma[3]_stddev;pcm_fftMag_mfcc_sma[3]_amean;pcm_fftMag_mfcc_sma[4]_stddev;pcm_fftMag_mfcc_sma[4]_amean;pcm_fftMag_mfcc_sma[5]_stddev;pcm_fftMag_mfcc_sma[5]_amean;pcm_fftMag_mfcc_sma[6]_stddev;pcm_fftMag_mfcc_sma[6]_amean;pcm_fftMag_mfcc_sma[7]_stddev;pcm_fftMag_mfcc_sma[7]_amean;pcm_fftMag_mfcc_sma[8]_stddev;pcm_fftMag_mfcc_sma[8]_amean;pcm_fftMag_mfcc_sma[9]_stddev;pcm_fftMag_mfcc_sma[9]_amean;pcm_fftMag_mfcc_sma[10]_stddev;pcm_fftMag_mfcc_sma[10]_amean;pcm_fftMag_mfcc_sma[11]_stddev;pcm_fftMag_mfcc_sma[11]_amean;pcm_fftMag_mfcc_sma[12]_stddev;pcm_fftMag_mfcc_sma[12]_amean;pcm_fftMag_mfcc_sma[13]_stddev;pcm_fftMag_mfcc_sma[13]_amean;pcm_fftMag_mfcc_sma[14]_stddev;pcm_fftMag_mfcc_sma[14]_amean;F0final_sma_de_stddev;F0final_sma_de_amean;voicingFinalUnclipped_sma_de_stddev;voicingFinalUnclipped_sma_de_amean;jitterLocal_sma_de_stddev;jitterLocal_sma_de_amean;jitterDDP_sma_de_stddev;jitterDDP_sma_de_amean;shimmerLocal_sma_de_stddev;shimmerLocal_sma_de_amean;logHNR_sma_de_stddev;logHNR_sma_de_amean;audspec_lengthL1norm_sma_de_stddev;audspec_lengthL1norm_sma_de_amean;audspecRasta_lengthL1norm_sma_de_stddev;audspecRasta_lengthL1norm_sma_de_amean;pcm_RMSenergy_sma_de_stddev;pcm_RMSenergy_sma_de_amean;pcm_zcr_sma_de_stddev;pcm_zcr_sma_de_amean;audSpec_Rfilt_sma_de[0]_stddev;audSpec_Rfilt_sma_de[0]_amean;audSpec_Rfilt_sma_de[1]_stddev;audSpec_Rfilt_sma_de[1]_amean;audSpec_Rfilt_sma_de[2]_stddev;audSpec_Rfilt_sma_de[2]_amean;audSpec_Rfilt_sma_de[3]_stddev;audSpec_Rfilt_sma_de[3]_amean;audSpec_Rfilt_sma_de[4]_stddev;audSpec_Rfilt_sma_de[4]_amean;audSpec_Rfilt_sma_de[5]_stddev;audSpec_Rfilt_sma_de[5]_amean;audSpec_Rfilt_sma_de[6]_stddev;audSpec_Rfilt_sma_de[6]_amean;audSpec_Rfilt_sma_de[7]_stddev;audSpec_Rfilt_sma_de[7]_amean;audSpec_Rfilt_sma_de[8]_stddev;audSpec_Rfilt_sma_de[8]_amean;audSpec_Rfilt_sma_de[9]_stddev;audSpec_Rfilt_sma_de[9]_amean;audSpec_Rfilt_sma_de[10]_stddev;audSpec_Rfilt_sma_de[10]_amean;audSpec_Rfilt_sma_de[11]_stddev;audSpec_Rfilt_sma_de[11]_amean;audSpec_Rfilt_sma_de[12]_stddev;audSpec_Rfilt_sma_de[12]_amean;audSpec_Rfilt_sma_de[13]_stddev;audSpec_Rfilt_sma_de[13]_amean;audSpec_Rfilt_sma_de[14]_stddev;audSpec_Rfilt_sma_de[14]_amean;audSpec_Rfilt_sma_de[15]_stddev;audSpec_Rfilt_sma_de[15]_amean;audSpec_Rfilt_sma_de[16]_stddev;audSpec_Rfilt_sma_de[16]_amean;audSpec_Rfilt_sma_de[17]_stddev;audSpec_Rfilt_sma_de[17]_amean;audSpec_Rfilt_sma_de[18]_stddev;audSpec_Rfilt_sma_de[18]_amean;audSpec_Rfilt_sma_de[19]_stddev;audSpec_Rfilt_sma_de[19]_amean;audSpec_Rfilt_sma_de[20]_stddev;audSpec_Rfilt_sma_de[20]_amean;audSpec_Rfilt_sma_de[21]_stddev;audSpec_Rfilt_sma_de[21]_amean;audSpec_Rfilt_sma_de[22]_stddev;audSpec_Rfilt_sma_de[22]_amean;audSpec_Rfilt_sma_de[23]_stddev;audSpec_Rfilt_sma_de[23]_amean;audSpec_Rfilt_sma_de[24]_stddev;audSpec_Rfilt_sma_de[24]_amean;audSpec_Rfilt_sma_de[25]_stddev;audSpec_Rfilt_sma_de[25]_amean;pcm_fftMag_fband250-650_sma_de_stddev;pcm_fftMag_fband250-650_sma_de_amean;pcm_fftMag_fband1000-4000_sma_de_stddev;pcm_fftMag_fband1000-4000_sma_de_amean;pcm_fftMag_spectralRollOff25.0_sma_de_stddev;pcm_fftMag_spectralRollOff25.0_sma_de_amean;pcm_fftMag_spectralRollOff50.0_sma_de_stddev;pcm_fftMag_spectralRollOff50.0_sma_de_amean;pcm_fftMag_spectralRollOff75.0_sma_de_stddev;pcm_fftMag_spectralRollOff75.0_sma_de_amean;pcm_fftMag_spectralRollOff90.0_sma_de_stddev;pcm_fftMag_spectralRollOff90.0_sma_de_amean;pcm_fftMag_spectralFlux_sma_de_stddev;pcm_fftMag_spectralFlux_sma_de_amean;pcm_fftMag_spectralCentroid_sma_de_stddev;pcm_fftMag_spectralCentroid_sma_de_amean;pcm_fftMag_spectralEntropy_sma_de_stddev;pcm_fftMag_spectralEntropy_sma_de_amean;pcm_fftMag_spectralVariance_sma_de_stddev;pcm_fftMag_spectralVariance_sma_de_amean;pcm_fftMag_spectralSkewness_sma_de_stddev;pcm_fftMag_spectralSkewness_sma_de_amean;pcm_fftMag_spectralKurtosis_sma_de_stddev;pcm_fftMag_spectralKurtosis_sma_de_amean;pcm_fftMag_spectralSlope_sma_de_stddev;pcm_fftMag_spectralSlope_sma_de_amean;pcm_fftMag_psySharpness_sma_de_stddev;pcm_fftMag_psySharpness_sma_de_amean;pcm_fftMag_spectralHarmonicity_sma_de_stddev;pcm_fftMag_spectralHarmonicity_sma_de_amean;pcm_fftMag_mfcc_sma_de[1]_stddev;pcm_fftMag_mfcc_sma_de[1]_amean;pcm_fftMag_mfcc_sma_de[2]_stddev;pcm_fftMag_mfcc_sma_de[2]_amean;pcm_fftMag_mfcc_sma_de[3]_stddev;pcm_fftMag_mfcc_sma_de[3]_amean;pcm_fftMag_mfcc_sma_de[4]_stddev;pcm_fftMag_mfcc_sma_de[4]_amean;pcm_fftMag_mfcc_sma_de[5]_stddev;pcm_fftMag_mfcc_sma_de[5]_amean;pcm_fftMag_mfcc_sma_de[6]_stddev;pcm_fftMag_mfcc_sma_de[6]_amean;pcm_fftMag_mfcc_sma_de[7]_stddev;pcm_fftMag_mfcc_sma_de[7]_amean;pcm_fftMag_mfcc_sma_de[8]_stddev;pcm_fftMag_mfcc_sma_de[8]_amean;pcm_fftMag_mfcc_sma_de[9]_stddev;pcm_fftMag_mfcc_sma_de[9]_amean;pcm_fftMag_mfcc_sma_de[10]_stddev;pcm_fftMag_mfcc_sma_de[10]_amean;pcm_fftMag_mfcc_sma_de[11]_stddev;pcm_fftMag_mfcc_sma_de[11]_amean;pcm_fftMag_mfcc_sma_de[12]_stddev;pcm_fftMag_mfcc_sma_de[12]_amean;pcm_fftMag_mfcc_sma_de[13]_stddev;pcm_fftMag_mfcc_sma_de[13]_amean;pcm_fftMag_mfcc_sma_de[14]_stddev;pcm_fftMag_mfcc_sma_de[14]_amean
0.000000;5.590042e+01;7.683227e+01;3.619493e-01;5.513388e-01;6.256378e-02;3.155646e-02;9.307706e-02;4.488762e-02;1.648863e-01;1.280411e-01;4.995451e+01;-2.300642e+01;8.469044e-01;7.977750e-01;1.942369e+00;2.773660e+00;3.761023e-02;3.401159e-02;3.203017e-01;2.039632e-01;8.907816e-01;6.516373e-01;1.676290e+00;1.376562e+00;2.935445e+00;2.230197e+00;3.376547e+00;2.802202e+00;1.939853e+00;2.570843e+00;1.933956e+00;2.449380e+00;2.422345e+00;2.896466e+00;2.939804e+00;3.257854e+00;3.287956e+00;3.626723e+00;2.632238e+00;3.345618e+00;4.021996e+00;4.036320e+00;4.539492e+00;4.404705e+00;3.488260e+00;4.093096e+00;3.972239e+00;4.554163e+00;2.983780e+00;3.646590e+00;3.160759e+00;3.711984e+00;3.154177e+00;3.790186e+00;2.516615e+00;3.540355e+00;1.820735e+00;2.990837e+00;1.965537e+00;3.101284e+00;8.858726e-01;2.201909e+00;7.463932e-01;1.917060e+00;6.232090e-01;1.626451e+00;5.145168e-01;1.342580e+00;4.319227e-01;1.081359e+00;3.179842e-01;8.688075e-01;5.381202e-01;3.780336e-01;2.432204e-01;1.847259e-01;2.198014e+03;1.323144e+03;4.116898e+03;2.419901e+03;5.934242e+03;3.777929e+03;7.209328e+03;4.985367e+03;2.222401e-01;1.881458e-01;4.056077e+03;2.608977e+03;7.168712e+00;7.093888e+00;14626548;8429098;1.330800e+01;9.174412e+00;1.165010e+03;6.223741e+02;1.463450e-01;-1.186091e-01;2.665453e+00;1.832573e+00;4.365377e-01;3.259151e-01;2.609617e+01;3.562632e+01;1.915685e+01;-1.179750e+01;8.338027e+00;8.560919e+00;8.572783e+00;1.203782e+01;5.753734e+00;3.141839e+00;6.274954e+00;1.946238e+00;1.261094e+01;-7.962461e+00;5.104230e+00;1.120620e+00;6.268117e+00;-2.222053e+00;1.277947e+01;-9.445511e+00;6.531059e+00;-1.598840e+00;7.741158e+00;-6.233547e-01;6.667520e+00;4.755393e+00;5.029865e+00;3.158049e+00;3.431517e-02;7.971553e-04;9.218649e-05;-6.539354e-06;1.561651e-04;3.796687e-06;1.874221e-04;7.808263e-06;6.274903e-04;3.129831e-05;3.146130e-01;6.950860e-02;6.147126e-02;1.672848e-02;3.821772e-01;1.585464e-03;2.657226e-03;7.911327e-04;3.743851e-02;-5.306123e-03;1.744687e-01;2.645205e-04;3.417071e-01;6.927815e-04;5.744747e-01;8.304814e-04;6.213946e-01;1.450361e-03;3.130162e-01;1.749081e-03;3.358993e-01;8.734528e-04;4.815336e-01;1.928901e-03;5.856367e-01;4.029142e-04;6.605079e-01;7.611873e-04;4.554440e-01;2.050817e-03;8.736719e-01;9.039450e-04;1.047409e+00;1.263084e-04;7.853484e-01;3.605206e-03;9.048226e-01;4.723242e-03;5.560881e-01;-2.412633e-03;6.508517e-01;1.818914e-04;7.003232e-01;4.783805e-04;5.249756e-01;3.976572e-04;3.766205e-01;1.037853e-03;4.386104e-01;2.066424e-03;1.522775e-01;3.046900e-03;1.191612e-01;3.961848e-03;1.038602e-01;3.573028e-03;9.421999e-02;3.361701e-03;8.319410e-02;2.831563e-03;6.234013e-02;2.334261e-03;5.078421e-02;9.877127e-03;3.202638e-02;3.632459e-03;4.047339e+02;-2.004023e+01;7.449308e+02;-3.999434e+01;1.006661e+03;-6.035039e+01;1.184921e+03;-6.403975e+01;3.028442e-02;4.777472e-03;6.904846e+02;-3.830223e+01;1.256804e+00;1.861865e-02;2.233784e+06;-1.573562e+05;3.117830e+00;1.963986e-02;2.542834e+02;1.270973e-01;1.082863e-02;-2.831883e-03;4.593484e-01;-2.406222e-02;3.541492e-02;8.189485e-03;2.806842e+00;5.332220e-01;2.738467e+00;-2.148175e-01;2.240479e+00;6.650705e-02;2.370555e+00;1.781441e-01;1.760634e+00;6.527253e-02;2.082649e+00;-9.921455e-02;2.010287e+00;-2.595986e-01;1.659711e+00;2.799948e-02;1.730630e+00;1.066471e-03;2.022927e+00;-2.638848e-01;1.907237e+00;-5.784714e-02;1.493510e+00;1.334557e-01;1.419304e+00;1.230058e-01;1.131453e+00;-7.750425e-02
0.500000;1.218401e+02;1.901993e+02;3.041018e-02;7.877706e-01;8.955809e-02;6.539425e-02;1.052793e-01;7.335030e-02;1.448268e-01;1.710028e-01;3.651626e+00;6.762661e+00;4.499125e-01;1.630338e+00;1.830701e+00;2.172813e+00;2.184752e-02;7.254358e-02;4.699355e-03;3.420383e-02;1.608882e-01;2.242207e-01;5.442277e-01;5.755004e-01;7.066931e-01;8.426566e-01;7.612641e-01;1.175047e+00;1.192809e+00;1.601214e+00;1.258013e+00;1.557484e+00;1.972002e+00;1.998731e+00;2.738771e+00;2.347258e+00;3.076214e+00;2.592733e+00;2.582436e+00;2.575037e+00;3.980832e+00;3.131670e+00;4.499474e+00;3.505883e+00;3.469531e+00;3.364341e+00;3.831082e+00;3.643581e+00;2.911503e+00;2.912181e+00;3.147812e+00;3.252331e+00;3.147006e+00;3.372215e+00;2.556466e+00;3.331416e+00;1.845934e+00;2.825555e+00;2.018981e+00;2.966262e+00;8.560359e-01;2.062212e+00;7.002963e-01;1.819693e+00;5.974388e-01;1.574675e+00;5.003743e-01;1.312191e+00;4.200374e-01;1.073569e+00;3.168011e-01;8.554910e-01;5.818943e-01;1.005272e+00;2.237869e-01;4.314293e-01;7.135968e+01;2.585420e+02;8.004381e+01;3.488379e+02;3.304723e+02;7.803633e+02;3.357080e+02;1.512779e+03;1.622233e-01;3.984947e-01;1.196203e+02;5.817205e+02;3.057151e-01;3.751918e+00;7.784549e+04;2.884479e+05;2.306659e+00;2.236928e+00;8.732234e+01;3.286453e+01;1.072071e-01;-2.650242e-01;9.451348e-02;5.333147e-01;4.033454e-01;7.963585e-01;4.523430e+00;5.131282e+01;7.159142e+00;-2.749020e+01;6.496325e+00;1.147704e+01;6.050039e+00;1.505603e+01;4.695631e+00;7.217182e-01;8.361080e+00;-5.490746e+00;1.283041e+01;-2.531365e+01;4.202093e+00;7.308906e-01;4.468746e+00;4.692534e-01;1.008763e+01;-2.080926e+01;5.545927e+00;-3.254159e+00;9.894304e+00;6.101887e+00;8.671365e+00;1.212329e+01;5.293902e+00;1.233555e+00;5.607794e-02;1.086174e-02;8.863451e-05;-6.641561e-07;1.812340e-04;6.675768e-06;2.084030e-04;7.081096e-06;4.911274e-04;1.713755e-05;1.010054e-02;-7.462523e-04;7.848028e-02;1.478425e-02;3.520072e-01;-2.652145e-02;3.516829e-03;6.934493e-04;9.908738e-04;2.301587e-04;3.397728e-02;-5.284018e-03;1.133945e-01;-1.222290e-02;1.244482e-01;-1.636200e-02;1.203433e-01;-1.817575e-02;1.776697e-01;-2.798532e-02;1.628418e-01;-2.803368e-02;3.304542e-01;-2.023249e-02;5.358682e-01;-2.177234e-02;6.103408e-01;-3.074448e-02;4.252419e-01;-4.071039e-02;8.402905e-01;-4.353662e-02;1.017770e+00;-4.767601e-02;7.650616e-01;-4.811403e-02;8.667836e-01;-4.286271e-02;5.344402e-01;-4.101175e-02;6.353524e-01;-5.092395e-02;6.868704e-01;-5.526275e-02;5.395640e-01;-3.375110e-02;4.065298e-01;-2.600186e-02;4.716757e-01;-2.728978e-02;1.439829e-01;-1.582053e-02;1.130807e-01;-1.206667e-02;1.044287e-01;-9.292959e-03;9.433555e-02;-6.533341e-03;8.468846e-02;-4.374805e-03;6.360794e-02;-3.515558e-03;1.030729e-01;1.001238e-02;5.114849e-02;6.068598e-03;1.564354e+01;2.354297e+00;2.992831e+01;2.583984e+00;8.860448e+01;1.202988e+01;6.333334e+01;1.527422e+01;4.232315e-02;3.256152e-03;2.948288e+01;5.614525e+00;7.446446e-02;6.441655e-03;1.667593e+04;3.604003e+03;5.083888e-01;-1.084044e-01;1.826638e+01;-4.837128e+00;1.891800e-02;-2.548338e-03;2.358974e-02;4.562560e-03;7.105003e-02;8.879595e-03;1.200756e+00;4.936329e-02;1.848027e+00;-2.243062e-01;1.993875e+00;-5.671987e-02;1.841875e+00;-2.429697e-02;1.686000e+00;-1.090709e-01;1.575627e+00;-1.514277e-01;2.038589e+00;-2.632244e-01;1.337347e+00;7.778720e-02;1.162121e+00;3.440130e-02;1.906064e+00;-3.190511e-01;1.561931e+00;-7.496925e-02;1.382296e+00;2.164939e-01;1.476836e+00;2.070405e-01;1.076943e+00;3.867960e-03
1.000000;1.274774e+02;2.036165e+02;2.788019e-02;7.836700e-01;1.055237e-01;9.774084e-02;1.203881e-01;9.675378e-02;7.885913e-02;1.504619e-01;2.210783e+00;6.069508e+00;2.094256e-01;1.605053e+00;1.784236e-01;1.010493e+00;1.140690e-02;7.182954e-02;3.859635e-03;3.474553e-02;1.175808e-02;1.339949e-01;3.450359e-02;2.747855e-01;3.371908e-02;4.157556e-01;1.012795e-01;5.783588e-01;9.216254e-02;6.928463e-01;6.638517e-02;7.954866e-01;9.488855e-02;8.495900e-01;1.416824e-01;9.160360e-01;1.328769e-01;1.002519e+00;1.312714e-01;1.085477e+00;2.155704e-01;1.161130e+00;2.284687e-01;1.233372e+00;2.863027e-01;1.228014e+00;3.546002e-01;1.269563e+00;4.637758e-01;1.439510e+00;3.955327e-01;1.371002e+00;4.640173e-01;1.397635e+00;6.803111e-01;1.384359e+00;7.642583e-01;1.498488e+00;8.392492e-01;1.473804e+00;2.436723e-01;1.389633e+00;2.087127e-01;1.266106e+00;2.003188e-01;1.107040e+00;1.670815e-01;9.282301e-01;1.411161e-01;7.623550e-01;1.125022e-01;6.177220e-01;4.524130e-01;1.011569e+00;1.856226e-01;4.016822e-01;5.865944e+01;2.694521e+02;3.159377e+01;3.649160e+02;3.254608e+02;7.611270e+02;2.374370e+02;1.568909e+03;1.068201e-01;3.946077e-01;9.356364e+01;5.914070e+02;2.631881e-01;3.701709e+00;7.613082e+04;2.885016e+05;4.598959e-01;1.669796e+00;7.527836e+00;1.141997e+01;7.855180e-02;-2.453836e-01;6.822348e-02;5.438787e-01;3.205635e-01;7.482561e-01;4.512430e+00;5.212198e+01;5.142114e+00;-2.571505e+01;8.701509e+00;7.870850e+00;4.457308e+00;1.838920e+01;5.200688e+00;1.607612e+00;3.843712e+00;-1.158568e+01;1.087909e+01;-2.712853e+01;5.520259e+00;-5.231514e-01;6.119545e+00;8.000332e-01;1.229856e+01;-1.679016e+01;4.898786e+00;-9.021855e-01;9.352649e+00;8.954220e+00;6.637349e+00;1.514031e+01;6.630587e+00;2.201873e+00;5.118038e-02;3.067597e-03;1.553004e-05;2.255013e-07;1.129602e-04;2.998635e-06;1.125175e-04;2.403513e-06;7.583605e-05;4.454260e-06;2.011767e-03;-7.063298e-05;5.068815e-02;-2.035181e-03;4.710120e-02;-2.975245e-03;2.422391e-03;-1.406955e-04;7.758531e-04;-3.653310e-06;2.081267e-03;-2.483041e-04;6.571005e-03;-6.191198e-04;7.601152e-03;-8.997053e-04;2.498082e-02;-1.706757e-03;1.933069e-02;-1.886570e-03;1.284856e-02;-5.446947e-04;2.003390e-02;-2.080003e-03;2.396478e-02;-4.673889e-04;2.363371e-02;-1.856702e-04;2.826156e-02;-1.327364e-03;3.717095e-02;2.122941e-04;7.022909e-02;1.135336e-03;6.064148e-02;-2.704963e-03;6.875000e-02;-2.516380e-03;9.908082e-02;-2.453010e-03;1.144679e-01;-3.552222e-03;1.300170e-01;-3.754766e-03;1.645187e-01;-6.341922e-03;1.862213e-01;-5.449813e-03;2.038400e-01;-6.569970e-03;7.202619e-02;-6.949754e-03;6.659646e-02;-7.209469e-03;6.108315e-02;-6.517170e-03;5.169131e-02;-5.839778e-03;4.422193e-02;-4.885305e-03;3.528985e-02;-3.993928e-03;9.282097e-02;-3.043467e-03;4.571418e-02;-1.982021e-04;1.113706e+01;3.588867e-01;9.526355e+00;3.301758e-01;9.206696e+01;1.880566e+00;4.810143e+01;-1.335059e+00;3.464976e-02;-4.140756e-04;2.160135e+01;3.704267e-01;5.335224e-02;2.345874e-03;1.551428e+04;-2.757024e+02;1.284018e-01;-6.856856e-03;2.222700e+00;-7.294966e-02;1.620285e-02;8.546494e-04;1.611292e-02;3.917000e-04;6.408480e-02;-2.709914e-03;1.112037e+00;9.961468e-02;1.267546e+00;-3.285597e-02;1.734690e+00;-1.336472e-01;9.526228e-01;9.482513e-02;1.564195e+00;4.483714e-02;1.152384e+00;-7.837947e-02;1.662758e+00;8.184257e-02;1.018438e+00;-6.050226e-02;1.178830e+00;-3.386480e-02;1.324684e+00;2.149732e-01;1.164980e+00;4.631285e-02;1.619114e+00;-7.673009e-02;1.414996e+00;4.459077e-02;1.161866e+00;7.230449e-02
1.500000;1.478718e+02;2.009901e+02;3.245916e-02;7.828551e-01;9.698579e-02;7.602420e-02;1.220618e-01;8.330531e-02;7.668416e-02;1.699698e-01;1.840734e+00;6.044542e+00;2.183366e-01;1.538263e+00;3.001744e-01;1.051224e+00;8.742218e-03;6.695419e-02;2.915925e-03;3.303225e-02;9.823401e-03;1.311403e-01;2.889751e-02;2.685029e-01;2.973915e-02;4.027413e-01;3.358373e-02;5.367415e-01;1.021150e-01;6.967700e-01;1.199383e-01;8.488786e-01;9.985284e-02;8.252020e-01;4.026499e-01;1.057178e+00;2.505472e-01;1.106826e+00;1.727540e-01;1.023418e+00;2.324196e-01;1.129392e+00;1.583415e-01;1.078979e+00;2.258778e-01;1.176076e+00;2.817218e-01;1.191860e+00;9.582958e-01;1.728398e+00;7.836084e-01;1.534035e+00;8.773906e-01;1.539492e+00;2.767029e-01;1.184435e+00;1.860477e+00;1.984030e+00;1.233815e+00;1.650170e+00;4.105809e-01;1.455111e+00;4.758244e-01;1.376209e+00;2.978358e-01;1.139439e+00;1.651022e-01;9.148701e-01;1.310629e-01;7.473185e-01;1.030687e-01;6.046036e-01;2.682581e-01;8.285832e-01;9.339823e-02;2.566569e-01;7.534146e+01;2.776348e+02;5.101244e+01;3.911865e+02;2.459021e+02;7.005469e+02;2.579891e+02;1.318406e+03;7.814924e-02;3.909973e-01;7.177349e+01;5.710354e+02;2.177508e-01;3.770785e+00;5.885386e+04;2.337887e+05;5.281059e-01;1.932611e+00;1.107975e+01;1.659555e+01;5.915956e-02;-2.116867e-01;6.058581e-02;5.400852e-01;2.088436e-01;6.157151e-01;4.953097e+00;5.320232e+01;5.001697e+00;-2.394579e+01;8.610683e+00;2.481141e+00;1.101573e+01;1.624525e+01;6.729629e+00;2.338840e+00;4.441020e+00;-1.340018e+01;1.049722e+01;-1.555349e+01;7.618813e+00;-9.937516e-01;1.091460e+01;-7.539763e+00;9.114653e+00;-8.526154e+00;9.444757e+00;5.759671e+00;9.446445e+00;7.542039e+00;7.655809e+00;1.709446e+01;1.278217e+01;7.695862e+00;3.538685e-02;-1.221250e-03;1.133249e-05;-2.212160e-07;7.091174e-05;-3.073624e-07;7.577987e-05;6.568037e-07;6.064721e-05;1.150945e-06;1.119903e-03;-1.969238e-06;4.247141e-02;1.048495e-04;6.471956e-02;6.749416e-04;1.623438e-03;-9.244995e-06;6.581445e-04;-5.127236e-05;1.905737e-03;-1.446560e-04;6.157688e-03;-4.091385e-04;7.122175e-03;2.145347e-05;7.338774e-03;1.488418e-04;1.650401e-02;1.063118e-03;2.306847e-02;4.507337e-04;1.895137e-02;-2.169727e-04;7.566722e-02;2.261560e-03;4.882127e-02;1.215188e-03;2.527679e-02;-3.255313e-04;4.574935e-02;-1.756022e-03;5.668811e-02;-3.358458e-03;4.161201e-02;1.782019e-03;4.977671e-02;-3.815386e-04;1.716909e-01;2.724718e-03;1.554836e-01;1.002139e-03;1.868685e-01;-8.999360e-04;6.256004e-02;5.773126e-04;4.243896e-01;1.013707e-02;2.759292e-01;8.041873e-03;1.021131e-01;-3.889116e-05;1.041426e-01;-1.257465e-03;6.958362e-02;-1.008805e-03;5.048055e-02;-9.464649e-04;4.267639e-02;-6.391901e-04;3.386228e-02;-4.944846e-04;4.455544e-02;1.608114e-03;2.400380e-02;-4.383353e-03;1.187505e+01;6.603516e-01;1.108443e+01;5.742188e-01;7.178046e+01;-6.129785e+00;4.456464e+01;-7.852441e+00;2.668736e-02;9.237403e-04;1.900610e+01;-1.454761e+00;4.781816e-02;-2.464491e-04;1.196469e+04;-2.366210e+03;1.402757e-01;1.390269e-02;3.285084e+00;1.476333e-01;1.035270e-02;7.447190e-05;1.484137e-02;-6.312460e-04;3.680911e-02;-1.319841e-03;1.055325e+00;-2.461888e-02;1.201146e+00;2.550565e-02;1.302719e+00;-3.514013e-02;1.631381e+00;-2.020742e-01;1.138413e+00;-7.678793e-02;1.154590e+00;-7.584897e-03;1.433563e+00;2.635474e-01;1.134788e+00;1.119268e-01;1.378637e+00;-3.157570e-01;1.333217e+00;8.580211e-02;1.295784e+00;2.910634e-01;1.738514e+00;-7.264121e-02;1.253994e+00;8.420803e-02;1.578026e+00;2.202908e-01
2.000000;1.504445e+02;3.508229e+02;2.785018e-02;7.984785e-01;3.993381e-02;2.669053e-02;5.780873e-02;2.568915e-02;6.929055e-02;2.052445e-01;2.796582e+00;3.257568e+00;2.531236e-01;1.502351e+00;3.068024e-01;1.035619e+00;1.016002e-02;6.457781e-02;2.483137e-03;3.199420e-02;3.617759e-03;1.254625e-01;1.126717e-02;2.538710e-01;1.667444e-02;3.880986e-01;1.917836e-02;5.371418e-01;1.086464e-01;6.835817e-01;1.524570e-01;7.879555e-01;6.465724e-02;7.931007e-01;3.866440e-01;1.071260e+00;2.493971e-01;1.073749e+00;8.357403e-02;9.262471e-01;1.674945e-01;1.003967e+00;1.217869e-01;9.942630e-01;2.165120e-01;1.240289e+00;2.370211e-01;1.251366e+00;9.389681e-01;1.551274e+00;7.817981e-01;1.537006e+00;8.640244e-01;1.594840e+00;1.976485e-01;1.317226e+00;1.835278e+00;2.057882e+00;1.204021e+00;1.725459e+00;4.318264e-01;1.398344e+00;5.061551e-01;1.292716e+00;3.122201e-01;1.090445e+00;1.688483e-01;8.984930e-01;1.353457e-01;7.365595e-01;1.058715e-01;5.955126e-01;2.947952e-01;7.963787e-01;7.408082e-02;1.473469e-01;6.786281e+01;3.337646e+02;4.750315e+01;4.233428e+02;1.597739e+02;7.555283e+02;1.913213e+02;1.059434e+03;8.610465e-02;3.769041e-01;5.095356e+01;5.779702e+02;1.315529e-01;3.665591e+00;4.261696e+04;1.827243e+05;4.073146e-01;2.133749e+00;1.289396e+01;2.329483e+01;6.491487e-02;-1.978899e-01;4.927074e-02;5.613362e-01;2.224523e-01;5.756289e-01;4.540195e+00;5.194327e+01;4.755915e+00;-2.365635e+01;7.275928e+00;3.179337e+00;1.093298e+01;8.162229e+00;7.987588e+00;-2.726738e+00;5.378515e+00;-1.217154e+01;8.294182e+00;-6.957340e+00;8.691417e+00;7.075516e+00;9.275577e+00;-1.763009e+01;8.210920e+00;-1.282530e+01;8.987776e+00;1.462867e+01;6.493872e+00;9.527990e+00;9.355335e+00;2.648796e+01;1.236097e+01;1.579452e+01;2.598566e-02;5.857049e-03;7.054475e-06;3.457457e-07;3.096769e-05;-2.150752e-06;3.867919e-05;-7.876915e-07;4.404922e-05;-1.207955e-06;7.451214e-04;-1.153079e-04;4.092373e-02;-3.296515e-03;6.475689e-02;1.850471e-04;1.481173e-03;-1.876831e-04;5.319121e-04;1.549508e-05;7.678715e-04;-9.375261e-06;1.789663e-03;-2.097763e-04;2.896699e-03;-1.431861e-05;3.941551e-03;-2.360286e-04;1.611760e-02;-9.361795e-04;2.306633e-02;-1.928664e-03;9.774136e-03;-5.737907e-05;7.485157e-02;-9.003456e-04;4.713642e-02;-1.566117e-03;1.677751e-02;-9.281473e-04;3.935669e-02;-2.889262e-03;3.998164e-02;-4.395363e-03;4.153554e-02;-2.703418e-03;4.714076e-02;-4.360656e-03;1.617053e-01;3.992551e-03;1.541921e-01;2.668550e-03;1.893810e-01;2.898812e-03;6.847382e-02;4.399179e-03;4.251522e-01;8.222405e-04;2.754942e-01;1.062910e-03;1.020399e-01;2.359375e-03;1.026279e-01;1.666855e-03;7.159428e-02;1.762356e-03;5.664442e-02;1.721361e-03;4.896703e-02;1.453255e-03;3.865546e-02;1.138811e-03;4.071843e-02;-3.429004e-03;1.104362e-02;-3.099580e-03;9.283128e+00;1.047949e+00;1.081693e+01;3.301758e-01;3.336731e+01;1.134082e+00;2.881733e+01;-5.598633e+00;2.097812e-02;-1.667476e-03;1.175367e+01;-2.661644e-01;3.109784e-02;-3.718866e-03;7.005235e+03;-1.046315e+03;1.217122e-01;6.386601e-03;4.558178e+00;2.228726e-01;9.520802e-03;9.925204e-04;9.824938e-03;4.967583e-05;3.453379e-02;-2.885465e-03;1.109756e+00;-8.540722e-02;1.290129e+00;3.100662e-02;1.171520e+00;1.236699e-01;1.611989e+00;-1.868274e-01;8.767679e-01;-1.962913e-01;9.457326e-01;1.440979e-01;1.196654e+00;2.457928e-01;1.242107e+00;8.630110e-02;1.114192e+00;-2.091890e-01;1.587283e+00;-1.332638e-01;1.177556e+00;1.185426e-01;1.590219e+00;7.578284e-02;1.064917e+00;1.797562e-01;1.582202e+00;1.511520e-01
2.500000;1.113769e+02;3.975850e+02;1.448943e-02;7.936905e-01;4.475293e-02;3.143528e-02;8.028225e-02;3.522036e-02;7.206059e-02;1.806761e-01;2.578391e+00;2.478732e+00;2.489762e-01;1.211841e+00;4.597452e-02;8.874615e-01;1.057627e-02;5.223975e-02;3.623072e-03;3.311161e-02;3.350402e-03;1.278447e-01;1.373211e-02;2.575476e-01;1.689585e-02;3.967723e-01;3.797305e-02;5.045167e-01;4.906740e-02;5.919933e-01;6.262033e-02;6.786394e-01;9.777886e-02;7.664512e-01;9.939426e-02;9.197102e-01;9.659589e-02;9.701953e-01;1.035627e-01;9.313319e-01;1.332426e-01;9.935393e-01;1.028724e-01;9.958689e-01;1.658361e-01;1.146911e+00;1.511414e-01;1.159805e+00;3.024694e-01;1.136267e+00;1.628250e-01;1.168576e+00;2.250697e-01;1.214816e+00;1.382914e-01;1.322899e+00;2.247514e-01;1.185672e+00;1.624833e-01;1.173810e+00;1.566779e-01;1.226630e+00;1.426416e-01;1.100272e+00;1.378295e-01;9.813721e-01;1.287360e-01;8.516875e-01;1.132400e-01;7.022451e-01;8.857113e-02;5.686257e-01;3.161102e-01;4.360649e-01;5.047821e-02;5.642510e-02;5.692156e+01;3.410859e+02;2.031248e+02;5.923066e+02;7.150047e+01;8.577393e+02;6.095583e+01;9.287988e+02;8.289064e-02;2.675076e-01;5.100752e+01;6.058813e+02;2.337969e-01;3.460508e+00;2.727481e+04;1.457551e+05;6.720086e-01;1.501455e+00;1.263917e+01;2.839520e+01;5.059324e-02;-1.317762e-01;4.866480e-02;5.941018e-01;1.517995e-01;3.743513e-01;2.572511e+00;5.246821e+01;5.841871e+00;-1.995055e+01;5.775711e+00;4.205075e-01;4.935966e+00;8.216286e+00;5.943229e+00;-3.512081e+00;5.434612e+00;-5.240302e+00;7.975243e+00;2.989906e+00;5.531787e+00;9.966048e+00;3.692140e+00;-2.121357e+01;7.267211e+00;-2.192267e+01;1.055847e+01;9.901984e+00;8.836865e+00;1.727540e+01;6.208907e+00;3.546273e+01;4.532374e+00;1.693761e+01;1.594162e-02;-3.707988e-03;3.156097e-06;-4.806478e-07;1.735375e-05;8.056202e-07;3.193524e-05;8.700389e-07;2.827000e-05;-1.668128e-06;4.504390e-04;3.771532e-05;9.027733e-03;-9.711350e-03;1.398651e-02;-1.990638e-03;6.228194e-04;-4.841334e-04;5.122436e-04;-9.460821e-05;6.542313e-04;1.231411e-04;1.882664e-03;3.974863e-04;2.748190e-03;4.588988e-05;3.357426e-03;-1.675934e-03;6.090815e-03;-2.204292e-03;8.864026e-03;-1.710447e-03;1.348519e-02;1.656972e-03;1.670911e-02;-4.690872e-03;1.589362e-02;-4.034433e-03;1.711055e-02;9.045948e-04;3.031751e-02;1.810095e-03;3.139549e-02;8.519161e-04;3.426910e-02;-5.445783e-03;3.618867e-02;-3.305619e-03;6.244589e-02;-1.425423e-03;3.924618e-02;-2.038617e-03;5.920369e-02;-7.461291e-04;4.942998e-02;-1.670166e-03;4.255575e-02;-1.171145e-02;3.448637e-02;-8.236695e-03;5.409592e-02;-2.305728e-03;4.765461e-02;-1.301034e-03;5.051124e-02;-1.463012e-03;4.945298e-02;-1.407758e-03;4.380375e-02;-1.258478e-03;3.431839e-02;-9.148049e-04;1.296958e-02;-1.109742e-02;3.204081e-03;-1.573749e-03;7.212105e+00;-2.583984e+00;2.491065e+01;-1.765723e+00;1.578038e+01;-3.875977e-01;1.127184e+01;-1.622168e+00;9.041647e-03;-2.912204e-03;9.021997e+00;-1.836074e+00;2.825953e-02;1.433565e-03;4.016516e+03;-2.856971e+02;1.157096e-01;-6.243584e-03;4.618582e+00;-1.291560e-02;2.840604e-03;2.155726e-03;8.255010e-03;-1.735842e-03;1.289248e-02;-7.057945e-03;9.067945e-01;8.318029e-02;1.135135e+00;9.180239e-02;8.271233e-01;-1.042429e-01;6.679312e-01;1.842792e-01;8.547289e-01;9.663633e-02;7.748491e-01;1.506147e-01;9.478114e-01;2.087992e-01;1.203051e+00;-8.549160e-02;9.723482e-01;1.049269e-01;1.713965e+00;7.643010e-02;1.249545e+00;-2.422369e-01;1.415752e+00;3.197363e-02;8.980919e-01;-4.944882e-02;9.632780e-01;-1.338088e-01
3.000000;1.642948e+02;2.257971e+02;7.216358e-03;7.916693e-01;6.416978e-02;4.273819e-02;9.514355e-02;5.046313e-02;6.125623e-02;1.609308e-01;2.938565e+00;6.064575e+00;2.317000e-01;8.007079e-01;4.352009e-02;8.745463e-01;1.182818e-02;3.385800e-02;9.174700e-03;2.760141e-02;2.097716e-03;1.283030e-01;1.215997e-02;2.620834e-01;2.047327e-02;4.052001e-01;6.219055e-02;4.909555e-01;3.550856e-02;5.692710e-01;4.909272e-02;6.760841e-01;1.272909e-01;7.894932e-01;1.703461e-01;8.028427e-01;1.762760e-01;8.545815e-01;1.110653e-01;9.110343e-01;9.672436e-02;9.968715e-01;9.209388e-02;1.000957e+00;2.053567e-01;1.027844e+00;2.105974e-01;1.072092e+00;3.225297e-01;1.168125e+00;1.515415e-01;1.166084e+00;2.570822e-01;1.176536e+00;1.324695e-01;1.351380e+00;1.449534e-01;1.137148e+00;1.408405e-01;1.192145e+00;1.590258e-01;1.273322e+00;1.429340e-01;1.162447e+00;1.408719e-01;1.010303e+00;1.275212e-01;8.497890e-01;1.150948e-01;6.978372e-01;8.121374e-02;5.654723e-01;7.654785e-02;1.067410e-01;1.015810e-02;1.296377e-02;1.220180e+02;2.123174e+02;2.962746e+02;5.007188e+02;2.409244e+02;7.273916e+02;1.724608e+02;8.119453e+02;3.556678e-02;1.782014e-01;1.627415e+02;4.929272e+02;2.013952e-01;3.352276e+00;3.711568e+04;1.225024e+05;1.848554e+00;2.178070e+00;5.987633e+01;6.415672e+01;3.867532e-02;-5.996424e-02;1.534169e-01;4.864944e-01;1.376960e-01;1.571802e-01;2.379862e+00;5.385948e+01;5.959558e+00;-1.191532e+01;4.094294e+00;-2.333503e+00;3.437615e+00;1.319500e+01;4.080427e+00;1.343855e+00;3.959821e+00;-1.866714e+00;5.079529e+00;1.157690e+01;6.333285e+00;7.768484e+00;4.713058e+00;-1.784449e+01;1.102711e+01;-1.734635e+01;5.878684e+00;1.821786e+00;1.128307e+01;1.512312e+01;1.071508e+01;2.921387e+01;5.424474e+00;1.486786e+01;1.594110e-02;-3.709531e-03;2.530729e-06;3.624973e-07;1.912255e-05;-1.112491e-06;3.341254e-05;-6.488550e-07;2.422073e-05;-1.287196e-06;3.770237e-04;1.080231e-04;7.940298e-03;-6.788437e-03;1.544087e-02;1.466267e-04;5.396119e-04;-2.656310e-04;6.303097e-04;-1.887125e-04;4.055251e-04;-3.295651e-05;1.947715e-03;2.938620e-05;3.361494e-03;-2.670866e-04;7.308939e-03;6.871489e-05;6.470795e-03;2.824464e-04;6.904540e-03;5.744241e-04;1.453543e-02;3.626339e-04;2.457387e-02;1.097549e-03;2.468078e-02;1.010346e-03;2.062235e-02;-1.669294e-03;2.063851e-02;-7.815253e-05;2.757897e-02;6.993916e-04;4.357981e-02;-3.145932e-04;4.102666e-02;7.559175e-04;5.468609e-02;-5.506455e-03;3.412901e-02;-4.175454e-03;6.863704e-02;-2.827057e-03;4.169273e-02;2.045322e-03;3.598870e-02;2.146927e-03;3.299926e-02;2.668517e-03;5.338821e-02;1.812177e-03;4.726724e-02;1.538592e-03;4.675030e-02;1.186125e-03;4.150809e-02;8.430778e-04;3.752240e-02;8.687000e-04;2.641926e-02;6.931082e-04;4.931226e-03;-3.066542e-03;9.161814e-04;-3.243583e-04;7.305791e+00;-2.583984e+00;2.939322e+01;-2.540918e+00;2.247491e+01;-5.311523e+00;2.431208e+01;-1.435547e+00;5.252898e-03;-1.501138e-03;1.133525e+01;-2.844249e+00;3.261729e-02;-3.994755e-03;4.633903e+03;-7.087504e+02;1.810442e-01;2.498201e-02;7.771890e+00;1.175687e+00;1.916060e-03;7.958671e-04;1.059901e-02;-2.707087e-03;7.929670e-03;-2.373221e-03;8.043588e-01;1.767527e-02;8.696570e-01;2.303117e-01;8.482484e-01;-6.472093e-02;7.763144e-01;-6.842239e-03;8.616588e-01;1.739941e-01;1.018804e+00;3.414228e-02;1.012271e+00;8.829184e-03;1.393239e+00;6.773214e-02;9.485532e-01;1.325308e-01;1.642897e+00;1.044669e-02;1.294977e+00;-1.182458e-01;1.243346e+00;2.926591e-03;1.040704e+00;-1.502443e-01;9.662420e-01;-3.579428e-02
3.500000;2.845286e-01;9.726974e+01;4.652790e-03;7.952173e-01;5.090025e-02;3.769746e-02;5.655024e-02;3.418098e-02;7.757823e-02;1.311832e-01;7.908124e-01;8.236910e+00;1.065365e-01;5.151511e-01;7.523196e-02;8.954219e-01;2.828318e-03;2.141600e-02;5.397301e-03;1.782187e-02;1.749204e-03;1.274541e-01;1.379566e-02;2.612380e-01;3.717951e-02;4.142148e-01;6.511695e-02;5.356283e-01;6.075165e-02;6.214180e-01;5.265862e-02;7.160984e-01;7.997060e-02;8.655895e-01;2.013222e-01;7.739742e-01;2.174126e-01;8.230832e-01;7.283323e-02;9.225460e-01;1.017303e-01;9.785526e-01;1.080044e-01;1.028385e+00;2.041359e-01;9.994773e-01;2.071730e-01;1.050086e+00;2.984032e-01;1.177886e+00;1.931104e-01;1.188467e+00;2.557711e-01;1.208014e+00;1.594154e-01;1.370046e+00;1.571356e-01;1.312790e+00;1.350042e-01;1.347836e+00;1.968094e-01;1.284037e+00;1.833408e-01;1.169083e+00;1.802572e-01;1.009610e+00;1.666407e-01;8.425880e-01;1.442223e-01;6.905383e-01;9.802185e-02;5.623276e-01;7.989911e-03;4.601442e-02;2.825729e-03;2.697944e-03;1.804454e+01;9.474609e+01;1.062755e+02;2.090156e+02;2.062974e+02;4.539199e+02;2.087404e+02;6.083848e+02;2.596390e-02;1.310787e-01;9.637199e+01;3.020369e+02;1.632880e-01;3.296059e+00;4.147868e+04;8.190799e+04;2.944445e+00;5.002630e+00;2.005142e+02;2.006731e+02;6.143841e-03;-2.223599e-02;8.807534e-02;3.090590e-01;2.147590e-02;2.922020e-02;2.694256e+00;5.508846e+01;7.290589e+00;-2.848064e+00;3.958667e+00;1.810147e-01;4.957718e+00;1.066451e+01;4.364555e+00;4.644586e+00;5.290114e+00;-4.832368e+00;8.675903e+00;6.307187e+00;6.643536e+00;1.088010e+01;5.278978e+00;-1.162344e+01;7.857247e+00;-1.025609e+01;4.443205e+00;3.275156e+00;7.229947e+00;7.458257e+00;4.916212e+00;1.833772e+01;6.275605e+00;1.553928e+01;3.698979e-05;-5.683418e-06;7.014369e-07;1.172222e-07;9.143262e-06;-1.759341e-06;1.027721e-05;-1.265639e-06;2.207918e-05;1.815870e-07;1.702498e-04;1.049596e-05;7.429244e-03;-3.239022e-03;1.933705e-02;4.017115e-04;2.096169e-04;-6.624570e-05;5.980795e-04;-9.637188e-05;3.907464e-04;-2.260861e-05;2.072448e-03;-1.816412e-04;4.078237e-03;4.113810e-04;6.923867e-03;1.493444e-03;6.681598e-03;1.058831e-03;7.507292e-03;8.201952e-05;1.005796e-02;-9.607737e-04;4.354478e-02;4.495152e-03;4.790381e-02;4.612249e-03;1.822321e-02;-2.615858e-03;2.436625e-02;2.118113e-03;2.638104e-02;2.077108e-03;5.067892e-02;-4.174563e-03;4.684168e-02;-4.172629e-03;5.985002e-02;-4.122203e-03;3.719482e-02;-1.429257e-03;6.983703e-02;-4.555689e-04;4.923454e-02;1.201787e-03;3.491850e-02;3.124111e-03;3.833763e-02;1.887495e-03;6.901180e-02;1.974685e-03;5.531853e-02;5.487186e-04;5.748178e-02;6.975243e-04;5.486091e-02;1.119706e-03;4.757491e-02;9.314926e-04;3.245069e-02;7.458004e-04;1.443530e-03;-7.873931e-05;2.778782e-04;-1.092893e-04;2.523461e+00;-4.306641e-01;1.652974e+01;-1.019238e+00;2.212257e+01;-4.206152e+00;3.835440e+01;-4.622461e+00;3.471589e-03;-4.792260e-04;8.999212e+00;-1.840268e+00;2.686427e-02;-5.324687e-03;4.132058e+03;-1.120467e+03;5.877902e-01;4.254739e-02;4.462762e+01;2.492411e+00;4.508312e-04;1.646589e-04;8.466249e-03;-1.610035e-03;2.345752e-03;-3.227096e-04;8.953696e-01;-5.922717e-03;9.185921e-01;2.673416e-01;1.050049e+00;9.947920e-03;9.263955e-01;-2.102824e-01;8.606365e-01;7.121170e-02;1.164595e+00;5.353926e-02;1.156997e+00;-1.544178e-01;1.476634e+00;-3.660426e-02;1.047782e+00;7.739814e-02;1.862113e+00;4.374356e-02;1.226044e+00;-6.241982e-02;1.603851e+00;-1.415620e-01;1.063560e+00;-3.917113e-02;1.272257e+00;1.741030e-01
4.000000;1.793417e-01;9.719025e+01;8.364820e-03;8.038027e-01;1.971344e-02;1.840893e-02;9.782874e-03;1.339783e-02;5.124264e-02;8.218186e-02;1.749683e+00;9.695458e+00;5.531617e-02;3.872764e-01;7.078478e-02;9.260173e-01;1.585586e-03;1.812940e-02;2.340881e-03;1.362434e-02;1.797160e-03;1.268979e-01;1.707230e-02;2.661014e-01;3.463395e-02;4.153619e-01;3.811049e-02;5.316031e-01;4.830146e-02;6.352612e-01;5.539645e-02;7.280093e-01;9.782452e-02;7.929931e-01;2.059482e-01;8.570761e-01;2.276800e-01;9.174478e-01;7.528706e-02;9.265819e-01;1.296419e-01;1.001117e+00;9.865870e-02;1.055337e+00;2.013700e-01;1.084574e+00;1.863302e-01;1.126580e+00;2.501552e-01;1.132471e+00;1.797450e-01;1.207402e+00;1.991470e-01;1.293181e+00;1.568261e-01;1.422231e+00;1.188389e-01;1.436135e+00;1.244548e-01;1.419795e+00;2.038457e-01;1.306505e+00;1.806737e-01;1.199022e+00;1.880545e-01;1.039293e+00;1.779636e-01;8.689387e-01;1.502692e-01;7.106881e-01;1.013596e-01;5.758466e-01;1.368395e-02;3.566347e-02;4.108915e-04;6.412226e-04;0;8.613281e+01;2.511961e+01;1.494404e+02;5.666320e+01;2.985938e+02;1.194681e+02;4.362627e+02;1.930797e-02;9.510065e-02;3.522411e+01;2.206627e+02;1.651486e-01;3.065097e+00;1.477096e+04;4.496804e+04;5.608615e+00;9.947008e+00;5.092208e+02;6.116801e+02;2.827012e-03;-1.571861e-02;3.563666e-02;2.328102e-01;6.366975e-03;1.226783e-02;3.089043e+00;5.420819e+01;4.754076e+00;6.514104e+00;4.616277e+00;3.777061e+00;4.403438e+00;5.415856e+00;3.023952e+00;8.517200e+00;6.631368e+00;-3.244288e+00;3.295944e+00;-1.734977e+00;4.065773e+00;1.201526e+01;3.530649e+00;-6.404735e+00;5.695429e+00;-1.211475e+01;4.220638e+00;1.776208e+00;6.308669e+00;7.632769e+00;3.897728e+00;1.584271e+01;5.423628e+00;1.473681e+01;3.204950e-05;-2.934184e-08;4.946781e-07;1.502832e-07;3.578296e-06;1.150202e-07;2.777208e-06;4.814031e-08;1.587779e-05;1.032599e-06;1.526444e-04;3.737217e-05;5.040667e-03;-1.386567e-03;1.936637e-02;6.313982e-04;1.355185e-04;-3.613881e-05;3.499772e-04;-2.721089e-05;4.071938e-04;2.393931e-06;2.449922e-03;4.088027e-05;3.991073e-03;6.923029e-05;3.512715e-03;-4.250823e-05;5.923928e-03;-1.432786e-04;8.871552e-03;4.501420e-05;1.107433e-02;-1.041674e-03;4.371626e-02;2.742066e-03;4.884773e-02;3.269407e-03;2.159028e-02;2.453830e-04;3.198187e-02;1.534304e-03;2.609746e-02;1.722907e-03;4.875425e-02;-2.144135e-04;4.552542e-02;-1.071988e-03;5.946040e-02;5.406919e-03;3.862362e-02;4.428278e-03;5.318374e-02;1.778869e-03;5.041990e-02;-5.026748e-04;3.835626e-02;2.009934e-03;3.976402e-02;1.534492e-03;6.858996e-02;-2.024595e-03;5.379350e-02;-8.143502e-04;5.814284e-02;-7.478135e-04;5.647745e-02;-6.688892e-04;4.773840e-02;-5.872952e-04;3.259167e-02;-5.542417e-04;9.571677e-04;-1.980229e-04;4.495330e-05;-8.556699e-06;0;0;4.888854e+00;-1.579102e-01;5.629394e+00;-9.761719e-01;3.002951e+01;-3.818555e+00;2.929128e-03;-5.509728e-04;4.766518e+00;-6.449626e-01;2.148041e-02;-3.673766e-03;2.518831e+03;-2.777005e+02;9.475248e-01;3.533680e-02;8.188048e+01;2.320879e+00;2.365124e-04;7.377296e-05;4.602086e-03;-6.431819e-04;6.424959e-04;-1.839077e-04;8.552020e-01;-2.716676e-02;8.465092e-01;9.615575e-02;9.837828e-01;7.338974e-02;9.490418e-01;-5.176248e-02;7.869176e-01;4.472335e-02;1.183398e+00;7.415514e-02;1.080547e+00;-2.849573e-02;1.222420e+00;-8.742091e-03;1.159598e+00;-2.717699e-03;1.620607e+00;-4.603340e-02;1.161064e+00;-2.715034e-02;1.767685e+00;-2.528996e-02;9.086397e-01;1.925260e-02;1.392851e+00;5.374163e-02
4.500000;1.012333e+02;1.473401e+02;2.646252e-02;8.028429e-01;1.033356e-01;5.711461e-02;9.947668e-02;5.403258e-02;1.058094e-01;1.568445e-01;3.831521e+00;9.054735e+00;6.187125e-01;7.337676e-01;6.677325e-01;1.372655e+00;3.040641e-02;3.346274e-02;9.661691e-03;1.909171e-02;2.287370e-02;1.306873e-01;8.496543e-02;3.051153e-01;1.843839e-01;4.838694e-01;3.722596e-01;7.036223e-01;4.674819e-01;8.747001e-01;3.862766e-01;9.333889e-01;5.391970e-01;1.044232e+00;3.271585e-01;1.057514e+00;4.111198e-01;1.160831e+00;1.081524e+00;1.576062e+00;1.142847e+00;1.651937e+00;1.761935e+00;2.037214e+00;1.134974e+00;1.836455e+00;1.631633e+00;2.134285e+00;1.815469e+00;2.129766e+00;1.332466e+00;2.129910e+00;1.337404e+00;2.249672e+00;1.284836e+00;2.233692e+00;1.034994e+00;2.004148e+00;1.415517e+00;2.117649e+00;4.142157e-01;1.591565e+00;3.324384e-01;1.420090e+00;3.288588e-01;1.251783e+00;2.957997e-01;1.061396e+00;2.550369e-01;8.765255e-01;1.790411e-01;6.929191e-01;9.813216e-01;4.808625e-01;1.748971e-01;1.077857e-01;9.947045e+01;1.541777e+02;1.252883e+02;2.205000e+02;3.407243e+02;4.354014e+02;4.840360e+02;7.266738e+02;1.869256e-01;1.890817e-01;1.946788e+02;3.330939e+02;5.394102e-01;3.187065e+00;1.099281e+05;1.148395e+05;6.550617e+00;9.182023e+00;5.537614e+02;5.593732e+02;1.605749e-01;-9.584936e-02;1.697430e-01;3.268929e-01;5.443720e-01;2.800819e-01;3.547165e+00;5.113652e+01;1.829653e+01;-3.523540e+00;5.021804e+00;6.912663e+00;7.684316e+00;7.637472e+00;7.466407e+00;5.496554e+00;7.486311e+00;-1.221164e+00;1.547225e+01;-8.143359e+00;6.995067e+00;5.743346e+00;5.128511e+00;-4.073267e+00;8.650002e+00;-1.095672e+01;4.940424e+00;7.219881e-01;8.288703e+00;4.740868e+00;5.936535e+00;1.474164e+01;5.576146e+00;1.198139e+01;6.711667e-03;1.816805e-03;5.615280e-06;8.742241e-08;2.228986e-05;2.569011e-07;2.183053e-05;1.649377e-07;2.072802e-05;1.691857e-06;4.916218e-04;-1.525363e-05;4.538818e-02;1.456101e-02;1.104124e-01;5.678082e-03;2.311029e-03;7.686109e-04;8.906537e-04;1.059461e-04;6.493987e-03;1.277959e-04;2.158611e-02;6.943251e-04;4.559154e-02;8.394724e-04;5.117892e-02;4.661468e-03;5.587379e-02;4.702094e-03;5.090685e-02;3.066231e-03;9.207673e-02;2.033342e-03;5.335798e-02;-1.008998e-04;7.096130e-02;1.482268e-04;1.626536e-01;6.415354e-03;1.820642e-01;3.149329e-03;3.172178e-01;8.839858e-03;1.818753e-01;1.394986e-02;3.223636e-01;1.642731e-02;3.167161e-01;1.498477e-03;2.091808e-01;6.633725e-03;2.644167e-01;1.052396e-02;2.661083e-01;1.229049e-02;2.225167e-01;1.016121e-02;3.017870e-01;1.366238e-02;8.542746e-02;4.997103e-03;6.968390e-02;5.956730e-03;7.022095e-02;5.660346e-03;6.580565e-02;4.604195e-03;5.747755e-02;3.837403e-03;3.856055e-02;2.850358e-03;9.441537e-02;2.465830e-02;1.502671e-02;4.991375e-03;9.918788e+00;2.583984e+00;1.725217e+01;2.210742e+00;5.647967e+01;8.326172e-01;4.690260e+01;1.010625e+01;2.538587e-02;2.777467e-03;2.096731e+01;3.012040e+00;8.487570e-02;-7.697674e-04;1.277567e+04;1.554381e+03;9.105288e-01;-3.558096e-02;7.626431e+01;-2.481976e+00;1.360618e-02;-4.188796e-03;1.778548e-02;2.693849e-03;4.656346e-02;1.454362e-02;8.746651e-01;-9.244110e-02;1.448256e+00;-3.365349e-01;1.467829e+00;1.029517e-01;1.644729e+00;1.149459e-01;1.072203e+00;-1.093514e-01;1.214278e+00;-1.812651e-01;1.950882e+00;-4.356960e-01;1.231888e+00;-7.726598e-02;1.417873e+00;1.611683e-01;2.026267e+00;-8.835477e-02;1.489269e+00;6.811936e-02;1.964774e+00;1.100763e-01;1.272759e+00;3.302363e-03;1.504555e+00;-1.976320e-01
5.000000;1.265589e+02;2.668154e+02;3.759928e-02;8.046468e-01;1.282569e-01;9.636378e-02;1.346689e-01;9.561816e-02;1.014621e-01;2.382623e-01;3.639312e+00;6.736218e+00;5.557526e-01;1.368233e+00;6.304197e-01;1.460540e+00;3.187927e-02;6.693949e-02;6.669665e-03;2.581003e-02;2.329529e-02;1.307717e-01;8.466458e-02;3.070642e-01;1.811452e-01;4.940456e-01;3.476105e-01;7.807556e-01;4.344591e-01;9.531723e-01;3.715161e-01;9.704405e-01;5.114499e-01;1.103417e+00;3.148540e-01;1.072637e+00;3.927560e-01;1.164856e+00;1.051677e+00;1.632612e+00;1.110927e+00;1.708453e+00;1.705853e+00;2.166588e+00;1.040022e+00;2.014586e+00;1.532294e+00;2.368952e+00;1.794147e+00;2.241381e+00;1.262495e+00;2.280357e+00;1.291187e+00;2.408312e+00;1.316061e+00;2.453079e+00;1.093212e+00;2.177084e+00;1.446760e+00;2.331268e+00;3.741786e-01;1.677664e+00;3.151509e-01;1.479052e+00;3.059841e-01;1.311897e+00;2.717900e-01;1.106971e+00;2.331449e-01;9.147978e-01;1.666776e-01;7.238142e-01;1.102258e+00;1.467471e+00;1.860636e-01;2.724128e-01;9.377220e+01;2.803623e+02;9.589797e+01;3.462539e+02;3.044449e+02;5.180889e+02;4.454647e+02;1.156764e+03;1.732755e-01;3.533255e-01;1.435874e+02;4.976834e+02;5.860873e-01;3.202214e+00;9.093141e+04;1.943616e+05;3.393075e+00;3.947636e+00;2.168987e+02;1.134284e+02;1.716166e-01;-2.565625e-01;1.241537e-01;4.789363e-01;6.159284e-01;8.456237e-01;3.922857e+00;4.831800e+01;1.272273e+01;-2.055847e+01;8.237893e+00;1.047006e+01;6.390158e+00;1.116924e+01;7.981854e+00;-2.808541e+00;1.035869e+01;-1.123263e+01;2.119626e+01;-2.835562e+01;6.257912e+00;-4.806017e-01;8.554702e+00;2.586062e+00;1.066130e+01;-1.132228e+01;5.303056e+00;2.097361e+00;8.654912e+00;6.281079e+00;6.837254e+00;1.693218e+01;5.293777e+00;7.190875e+00;1.285192e-02;1.799720e-03;6.815408e-06;1.063229e-07;2.817442e-05;-2.801968e-07;2.915873e-05;8.163190e-08;2.121744e-05;-3.503741e-07;5.749579e-04;-3.644980e-05;6.265053e-02;1.362998e-02;1.172442e-01;1.350804e-03;3.676614e-03;6.575533e-04;9.938411e-04;1.806500e-04;6.540423e-03;6.091889e-06;2.160235e-02;1.271026e-04;4.569193e-02;7.277546e-05;5.567425e-02;6.870532e-04;5.894306e-02;1.047968e-03;5.110422e-02;2.560189e-04;9.232655e-02;-1.742119e-03;5.424985e-02;-3.987096e-03;7.014178e-02;-3.614242e-03;1.634869e-01;2.100936e-03;1.822792e-01;-5.124220e-04;3.253514e-01;2.323088e-03;1.870752e-01;4.620829e-03;3.296166e-01;6.381827e-03;3.283423e-01;3.122831e-03;2.175012e-01;2.103807e-03;2.774742e-01;4.472664e-03;3.091779e-01;5.301876e-03;2.568082e-01;3.211156e-03;3.367815e-01;3.875821e-03;1.019185e-01;1.693350e-03;8.468454e-02;1.080370e-03;8.304688e-02;7.189190e-04;7.224946e-02;7.531833e-04;6.197146e-02;4.930758e-04;4.459669e-02;5.260492e-04;1.591242e-01;1.775006e-02;3.358365e-02;4.130495e-03;1.070036e+01;2.583984e+00;1.722058e+01;2.583984e+00;5.708572e+01;1.837500e+00;8.287778e+01;1.198682e+01;3.407848e-02;2.319429e-03;2.311934e+01;3.958936e+00;1.105906e-01;3.910339e-04;1.601504e+04;2.311235e+03;5.088699e-01;-5.887954e-02;3.239497e+01;-3.672918e+00;2.394023e-02;-2.998192e-03;1.898636e-02;3.491468e-03;8.994353e-02;1.084108e-02;1.041058e+00;-8.018689e-02;1.624750e+00;-4.071312e-01;1.852406e+00;1.907831e-01;1.727134e+00;1.199172e-01;1.312664e+00;-1.990398e-01;1.282980e+00;-2.534383e-01;2.543895e+00;-5.611447e-01;1.334187e+00;-1.354684e-01;1.570021e+00;1.716725e-01;2.180760e+00;-9.439385e-03;1.630243e+00;1.343417e-01;1.780940e+00;7.463769e-02;1.425943e+00;1.001392e-02;1.542602e+00;-1.068344e-01
5.500000;1.188218e+02;2.997706e+02;3.527486e-02;8.099838e-01;9.673169e-02;5.256825e-02;1.091703e-01;5.265772e-02;1.142086e-01;2.011892e-01;6.229402e+00;6.301309e+00;2.088698e-01;1.534775e+00;1.889052e-01;1.028628e+00;1.079689e-02;7.934804e-02;4.316100e-03;2.538297e-02;1.149210e-02;1.301020e-01;3.033118e-02;2.737987e-01;4.605155e-02;4.337873e-01;1.081908e-01;5.963321e-01;1.072982e-01;6.998588e-01;7.999370e-02;7.757139e-01;2.716926e-01;9.109217e-01;2.222549e-01;9.416364e-01;2.458259e-01;1.013073e+00;1.671450e-01;1.059664e+00;2.801108e-01;1.135692e+00;3.028648e-01;1.234824e+00;3.149776e-01;1.269845e+00;4.400823e-01;1.371662e+00;4.930772e-01;1.452269e+00;3.236766e-01;1.442170e+00;4.355332e-01;1.492157e+00;7.150180e-01;1.581803e+00;6.436348e-01;1.495243e+00;7.141663e-01;1.487055e+00;2.361870e-01;1.368012e+00;2.035998e-01;1.241902e+00;1.952904e-01;1.083105e+00;1.604710e-01;9.080412e-01;1.344345e-01;7.443401e-01;1.050796e-01;6.013230e-01;5.220763e-01;1.785244e+00;1.492098e-01;2.768689e-01;1.269790e+01;3.410859e+02;8.492810e+00;3.804199e+02;9.773365e+01;4.358320e+02;4.368381e+02;1.126761e+03;7.783581e-02;3.844438e-01;6.395693e+01;5.117649e+02;4.612270e-01;2.939181e+00;7.124332e+04;1.782665e+05;1.213627e+00;3.130285e+00;3.238152e+01;3.600496e+01;7.759718e-02;-2.996950e-01;4.300770e-02;5.021116e-01;3.281208e-01;9.897224e-01;4.450477e+00;4.822534e+01;4.714446e+00;-2.427684e+01;7.863465e+00;1.344957e+01;3.686348e+00;1.306956e+01;4.128659e+00;-9.139253e+00;4.657358e+00;-1.870061e+01;1.223587e+01;-3.845090e+01;5.713697e+00;-5.269356e+00;6.467362e+00;5.644049e+00;7.609468e+00;-1.211596e+01;4.569568e+00;2.126379e+00;7.757896e+00;1.016166e+01;5.059017e+00;1.930705e+01;4.944803e+00;6.747985e+00;1.260464e-02;-1.109310e-03;4.316108e-06;-2.960810e-07;1.742397e-05;-2.300956e-07;1.944787e-05;1.462627e-07;1.366600e-05;-6.339158e-07;1.355114e-03;8.434904e-06;5.143750e-02;-3.978002e-03;4.631598e-02;-4.523674e-03;2.896699e-03;-2.775245e-04;9.438872e-04;-2.645503e-05;2.844563e-03;2.806600e-05;7.385849e-03;-4.479020e-04;8.381639e-03;-8.116387e-04;2.145875e-02;-4.770377e-03;1.877791e-02;-4.825575e-03;1.332610e-02;-3.050666e-03;4.608870e-02;1.285301e-03;3.872829e-02;2.441194e-03;4.153629e-02;2.453380e-03;3.430858e-02;-3.194147e-03;7.061007e-02;-4.503873e-03;8.924514e-02;-1.088651e-02;6.026034e-02;-8.917402e-03;8.130451e-02;-1.112453e-02;1.136306e-01;1.917476e-03;7.706024e-02;-6.323067e-03;9.591031e-02;-8.882334e-03;1.637451e-01;-1.477149e-02;1.363784e-01;-1.375081e-02;1.553904e-01;-1.751440e-02;8.587273e-02;-2.299550e-03;7.525808e-02;-2.537513e-03;7.134826e-02;-2.223335e-03;5.900085e-02;-1.985564e-03;4.940529e-02;-1.660824e-03;3.885383e-02;-1.259448e-03;1.310379e-01;-1.351040e-02;3.714417e-02;-3.463723e-03;4.125793e+00;0;2.439374e+00;-2.153320e-01;2.645994e+01;-3.301758e-01;9.683197e+01;-5.038770e+00;2.509515e-02;-1.271684e-03;1.478919e+01;-6.091380e-01;1.007667e-01;2.252755e-03;1.433746e+04;-5.974946e+02;2.466658e-01;5.175197e-03;6.997864e+00;1.387265e-01;2.004975e-02;2.182460e-03;1.034252e-02;-4.332198e-04;7.803003e-02;-7.893790e-03;1.051453e+00;6.806483e-02;1.241317e+00;2.601627e-02;1.471135e+00;-1.291539e-01;9.549275e-01;9.036714e-02;1.135928e+00;-6.489193e-02;1.245207e+00;-2.289201e-03;2.083774e+00;3.591822e-01;1.187168e+00;-5.900984e-02;1.210470e+00;-1.348117e-01;1.264779e+00;1.886276e-02;1.286707e+00;-1.084947e-01;1.567647e+00;2.234016e-02;1.184203e+00;-4.234977e-02;1.299495e+00;2.951887e-02
6.000000;1.409994e+02;2.075920e+02;2.985471e-02;7.976530e-01;1.053606e-01;6.121100e-02;7.597692e-02;3.732556e-02;9.178491e-02;1.443035e-01;6.144894e+00;6.228846e+00;2.539510e-01;1.384487e+00;3.277174e-01;1.002989e+00;9.576258e-03;6.721196e-02;6.679073e-03;2.595364e-02;1.113960e-02;1.323310e-01;2.919438e-02;2.762403e-01;4.659569e-02;4.319837e-01;2.830689e-02;5.223178e-01;5.000811e-02;6.335425e-01;1.073168e-01;7.531291e-01;2.811231e-01;8.987199e-01;2.499366e-01;1.021481e+00;2.796834e-01;1.096760e+00;1.565802e-01;1.050349e+00;3.472407e-01;1.196059e+00;2.428507e-01;1.147939e+00;5.029612e-01;1.183299e+00;3.739917e-01;1.186711e+00;9.612347e-01;1.517265e+00;8.002646e-01;1.386271e+00;8.900872e-01;1.408927e+00;2.546172e-01;1.196736e+00;1.902526e+00;1.700928e+00;1.187511e+00;1.434671e+00;3.673675e-01;1.373232e+00;4.000829e-01;1.275050e+00;2.548197e-01;1.073673e+00;1.481032e-01;8.798331e-01;1.197496e-01;7.190083e-01;9.168050e-02;5.812611e-01;4.844028e-01;1.155734e+00;1.618837e-01;1.942860e-01;4.412783e+01;3.162510e+02;1.124432e+02;3.982207e+02;2.445186e+02;4.916748e+02;3.710022e+02;1.024406e+03;5.888410e-02;3.435892e-01;1.160834e+02;4.994250e+02;5.399559e-01;3.233872e+00;7.441352e+04;1.522895e+05;1.274305e+00;3.105201e+00;3.552068e+01;4.577838e+01;5.929153e-02;-2.149761e-01;8.651260e-02;4.928833e-01;2.442657e-01;6.549330e-01;5.719249e+00;5.207251e+01;7.377856e+00;-2.102980e+01;1.104038e+01;4.610271e+00;4.828400e+00;1.384789e+01;8.781986e+00;-3.905369e+00;6.776975e+00;-1.474256e+01;1.406563e+01;-2.442927e+01;5.138956e+00;-7.491945e+00;8.113101e+00;-2.474194e+00;3.422924e+00;-1.108172e+01;7.466937e+00;-1.438770e+00;8.830507e+00;6.778666e+00;5.172017e+00;1.706544e+01;6.526531e+00;1.167279e+01;1.020074e-02;6.902142e-04;2.755765e-06;3.240226e-08;1.404402e-05;9.049937e-07;1.421826e-05;2.464557e-07;1.288009e-05;4.960683e-07;1.337531e-03;-2.816623e-05;5.413215e-02;3.001997e-03;7.297224e-02;8.313817e-03;1.277767e-03;-9.777392e-05;1.143968e-03;1.403376e-04;2.765422e-03;-8.722808e-06;7.318842e-03;-2.628346e-04;8.454605e-03;-3.173693e-04;5.098219e-03;-9.400735e-04;1.083439e-02;6.345318e-04;2.535951e-02;3.057507e-03;4.596507e-02;1.098503e-03;5.098050e-02;7.027188e-03;5.264783e-02;6.082269e-03;3.233266e-02;-1.315533e-03;7.793365e-02;9.727758e-03;5.811416e-02;1.151365e-03;9.619628e-02;1.505423e-02;7.539640e-02;7.308827e-03;2.085341e-01;2.440799e-02;1.774589e-01;1.905589e-02;2.043471e-01;1.792140e-02;5.079835e-02;-4.264866e-03;4.157423e-01;4.688824e-02;2.542187e-01;2.747896e-02;9.721962e-02;9.730080e-03;9.826270e-02;1.220304e-02;6.998348e-02;7.253610e-03;4.925913e-02;3.085145e-03;4.114264e-02;2.297757e-03;3.179177e-02;1.804407e-03;3.949767e-02;-1.231742e-02;3.258340e-02;2.937392e-03;6.965347e+00;3.445312e-01;1.919128e+01;4.880859e+00;4.658759e+01;9.115723e+00;7.823646e+01;1.851856e+00;1.874866e-02;5.140547e-04;2.167222e+01;3.154627e+00;7.879959e-02;1.195770e-02;1.460547e+04;4.446730e+02;2.454638e-01;-1.293842e-02;7.974587e+00;-1.651261e-02;8.076609e-03;8.292383e-04;1.625515e-02;2.452546e-03;2.994451e-02;-3.109785e-03;1.066684e+00;4.939383e-03;1.384325e+00;-4.261006e-02;1.265028e+00;-1.531396e-01;1.196002e+00;-6.250039e-02;1.003399e+00;1.565007e-01;1.234631e+00;-2.115137e-02;1.317967e+00;3.683808e-01;1.251858e+00;1.223532e-01;1.143318e+00;-2.506867e-01;9.079470e-01;8.732897e-02;1.347440e+00;1.977877e-03;1.561885e+00;-2.349671e-01;1.179987e+00;5.906558e-03;1.257206e+00;2.369537e-01
6.500000;1.683928e+02;2.964915e+02;2.839636e-02;8.103544e-01;1.050372e-01;6.080624e-02;7.593724e-02;3.581152e-02;5.895716e-02;1.564434e-01;2.376158e+00;4.664018e+00;3.000751e-01;1.472476e+00;3.541294e-01;1.054110e+00;6.889889e-03;5.961720e-02;1.091028e-02;3.568783e-02;5.495572e-03;1.293183e-01;1.662149e-02;2.691255e-01;2.962918e-02;4.121909e-01;1.864102e-02;5.059516e-01;5.602552e-02;6.434677e-01;1.244878e-01;7.820984e-01;1.148280e-01;8.217336e-01;2.026068e-01;1.051705e+00;2.058761e-01;1.107548e+00;1.040412e-01;9.655288e-01;3.176914e-01;1.195029e+00;1.893201e-01;1.108101e+00;6.142663e-01;1.424996e+00;4.458561e-01;1.356455e+00;1.013694e+00;1.546425e+00;8.583087e-01;1.490302e+00;9.514850e-01;1.558154e+00;2.111079e-01;1.223550e+00;1.997432e+00;2.112025e+00;1.257343e+00;1.734380e+00;4.089880e-01;1.391494e+00;4.472385e-01;1.288445e+00;2.788149e-01;1.083615e+00;1.636975e-01;8.887723e-01;1.331172e-01;7.283765e-01;1.039286e-01;5.880611e-01;1.928281e-01;5.964091e-01;2.110258e-01;2.628255e-01;5.353242e+01;3.271611e+02;2.030456e+02;5.733574e+02;3.803159e+02;8.152471e+02;3.814583e+02;1.341806e+03;6.271414e-02;3.059824e-01;1.886485e+02;6.476207e+02;3.476317e-01;3.835587e+00;9.023381e+04;2.100006e+05;1.116158e+00;1.843558e+00;2.810559e+01;2.760442e+01;3.641577e-02;-1.645934e-01;1.444663e-01;6.065866e-01;1.534465e-01;4.792630e-01;4.929238e+00;5.291395e+01;9.476091e+00;-2.449197e+01;6.987972e+00;4.756694e-01;4.638311e+00;1.117923e+01;5.473578e+00;2.359303e+00;5.172533e+00;-1.298409e+01;4.085959e+00;-1.410944e+01;1.247476e+01;4.673987e+00;5.834596e+00;-1.091395e+01;7.099597e+00;-1.624794e+01;9.262980e+00;1.380631e+00;5.090579e+00;2.182314e-01;5.158566e+00;1.952993e+01;7.280561e+00;1.921639e+01;7.829835e-03;1.783658e-03;2.029957e-06;2.960548e-07;1.388544e-05;7.177484e-07;1.408575e-05;5.301663e-08;1.062603e-05;6.010017e-07;2.317856e-04;-2.641559e-05;4.710250e-02;-4.478356e-04;7.514232e-02;-1.230502e-03;1.159801e-03;-1.577180e-04;8.796885e-04;1.690602e-04;5.921902e-04;-1.332959e-04;1.842889e-03;-4.486122e-05;4.428134e-03;-5.492486e-04;3.519637e-03;7.169807e-05;1.044260e-02;2.515081e-04;2.363029e-02;6.176563e-04;1.137426e-02;-4.667749e-03;4.304636e-02;-3.228811e-03;4.075072e-02;-3.400516e-03;2.331735e-02;-1.724220e-03;4.960598e-02;1.601719e-04;3.288198e-02;7.265441e-04;1.016068e-01;3.072197e-04;7.323051e-02;-4.402724e-04;2.125078e-01;1.566467e-04;1.840731e-01;1.035432e-03;2.165028e-01;-3.998745e-03;4.435217e-02;1.529096e-03;4.406538e-01;2.552517e-03;2.691652e-01;2.788432e-03;9.725015e-02;-5.701710e-03;1.011100e-01;-4.853957e-03;6.932667e-02;-4.411560e-03;5.189329e-02;-3.673317e-03;4.335609e-02;-3.087124e-03;3.469163e-02;-2.274571e-03;2.196818e-02;-8.139364e-03;2.665919e-02;3.199133e-04;7.304889e+00;1.148437e-01;2.462737e+01;3.660645e+00;4.475961e+01;5.167969e+00;5.302134e+01;4.794726e+00;1.861554e-02;-4.906663e-04;2.001821e+01;2.490288e+00;3.727039e-02;7.103689e-03;1.137826e+04;9.181986e+02;1.062567e-01;-1.994752e-02;4.646806e+00;-2.553881e-01;6.564179e-03;9.134940e-04;1.516758e-02;1.969759e-03;2.592305e-02;-3.123058e-03;1.014367e+00;2.211799e-02;1.336218e+00;-8.665445e-02;1.209892e+00;3.030667e-02;1.149205e+00;-4.276534e-02;8.868455e-01;1.022969e-01;9.929311e-01;1.453410e-03;9.495828e-01;-1.301107e-02;1.208533e+00;2.871014e-01;1.076116e+00;-1.428197e-01;1.001669e+00;-1.126545e-01;1.226013e+00;2.232710e-01;9.183159e-01;-1.377837e-01;8.595095e-01;5.900928e-02;1.195616e+00;2.021342e-01
7.000000;1.488344e+02;3.393154e+02;2.506183e-02;8.116127e-01;1.204134e-01;6.658252e-02;1.571933e-01;7.814761e-02;4.698293e-02;1.663217e-01;2.144276e+00;3.817624e+00;2.741234e-01;1.411994e+00;1.875899e-01;9.689769e-01;1.063959e-02;5.079098e-02;4.647902e-03;4.077350e-02;3.050915e-03;1.271462e-01;7.996741e-03;2.629007e-01;2.711088e-02;4.028778e-01;1.716672e-02;5.085903e-01;6.754496e-02;6.106468e-01;9.665797e-02;7.554646e-01;6.292830e-02;8.276350e-01;1.382434e-01;9.690315e-01;1.353028e-01;1.030063e+00;6.697731e-02;9.048062e-01;2.343321e-01;1.088038e+00;1.204913e-01;1.067704e+00;4.412658e-01;1.316604e+00;3.161754e-01;1.298279e+00;5.252522e-01;1.375296e+00;4.144904e-01;1.370791e+00;4.680608e-01;1.411466e+00;1.146587e-01;1.309041e+00;9.490767e-01;1.535300e+00;6.400539e-01;1.404016e+00;2.449543e-01;1.290321e+00;2.478343e-01;1.162908e+00;1.750085e-01;1.014424e+00;1.372041e-01;8.636073e-01;1.158730e-01;7.103614e-01;9.169500e-02;5.760790e-01;1.503848e-01;3.297666e-01;1.849668e-01;2.318441e-01;4.474003e+01;3.283096e+02;1.345109e+02;6.780088e+02;1.496928e+02;1.002586e+03;2.141830e+02;1.499142e+03;6.821325e-02;2.345221e-01;7.460172e+01;7.413006e+02;1.368395e-01;4.072408e+00;3.827377e+04;2.528144e+05;2.189002e-01;9.754253e-01;4.796092e+00;1.027807e+01;5.046566e-02;-1.224539e-01;5.370097e-02;6.821330e-01;1.806495e-01;3.510614e-01;3.584949e+00;5.271510e+01;4.963691e+00;-2.837933e+01;5.410343e+00;8.277848e-01;4.728973e+00;1.435504e+01;5.023019e+00;3.877282e-01;2.844763e+00;-1.404999e+01;8.232164e+00;-6.648993e+00;5.711190e+00;1.435237e+01;3.569454e+00;-1.429353e+01;5.833685e+00;-2.181709e+01;9.802078e+00;1.027381e+00;3.793122e+00;-1.924293e+00;2.860506e+00;2.355790e+01;5.563793e+00;2.121050e+01;1.115162e-02;-1.564107e-03;1.873314e-06;-2.400323e-07;1.734328e-05;5.272204e-08;2.309708e-05;3.339972e-09;7.002979e-06;-2.981888e-07;1.825768e-04;1.920457e-05;7.182891e-03;-1.013811e-02;2.583686e-02;-1.070520e-02;4.210390e-04;-3.642474e-04;4.734138e-04;-7.709749e-05;6.510815e-04;-4.346042e-06;1.367615e-03;6.610421e-05;3.588863e-03;2.483869e-04;2.353132e-03;2.259140e-04;6.035484e-03;-2.259229e-03;6.626769e-03;-3.997853e-03;7.423903e-03;1.803046e-03;1.409608e-02;-6.035676e-03;1.431130e-02;-5.882746e-03;1.495166e-02;-7.527111e-04;2.367165e-02;-9.616621e-03;1.608563e-02;-3.565692e-03;3.895252e-02;-2.019049e-02;3.037068e-02;-1.419494e-02;7.575428e-02;-2.929728e-02;6.355236e-02;-2.527758e-02;8.788268e-02;-3.029899e-02;3.821933e-02;-3.121898e-03;1.424779e-01;-4.929367e-02;9.178948e-02;-3.225709e-02;6.078947e-02;-1.158005e-02;5.735501e-02;-1.407352e-02;5.040884e-02;-8.618061e-03;4.933546e-02;-4.353127e-03;4.174405e-02;-3.329578e-03;3.390592e-02;-2.677445e-03;8.633413e-03;-4.550983e-03;1.030875e-02;-6.571683e-03;4.901315e+00;-1.105371e+00;2.336405e+01;-1.177148e+00;1.926777e+01;-4.234863e+00;4.932340e+01;-5.512500e+00;1.084794e-02;-1.899127e-03;7.566315e+00;-2.457209e+00;1.528348e-02;-3.388357e-03;6.026102e+03;-1.404137e+03;4.917040e-02;-1.117882e-04;1.551673e+00;4.106890e-02;2.154726e-03;1.701870e-03;5.283187e-03;-1.677275e-03;9.636001e-03;-6.250489e-03;8.644748e-01;1.170460e-01;1.033253e+00;1.514287e-01;8.304186e-01;-1.943548e-01;7.163301e-01;8.273516e-02;9.879904e-01;6.073062e-02;6.299833e-01;6.893855e-02;1.143061e+00;1.240962e-01;1.204632e+00;1.724815e-01;7.362875e-01;2.464823e-02;1.067290e+00;-2.365700e-01;1.289342e+00;-1.380835e-01;9.203362e-01;-1.299583e-03;6.739166e-01;-6.354284e-02;1.190854e+00;-1.133413e-02
7.500000;1.291618e+02;1.675830e+02;1.351688e-02;7.963603e-01;1.231618e-01;6.035258e-02;1.589882e-01;7.403658e-02;7.203446e-02;1.355428e-01;2.739389e+00;6.619796e+00;2.254502e-01;9.925251e-01;3.847489e-02;8.800049e-01;7.928181e-03;3.482398e-02;4.219863e-03;3.481355e-02;2.839575e-03;1.267138e-01;1.250406e-02;2.581340e-01;2.329902e-02;4.023396e-01;1.582578e-02;5.141528e-01;5.229517e-02;5.912358e-01;6.116440e-02;6.854144e-01;6.678569e-02;8.156974e-01;6.205478e-02;8.508672e-01;6.786027e-02;9.093145e-01;9.351452e-02;9.183645e-01;1.284375e-01;9.164314e-01;1.210247e-01;9.635833e-01;1.282228e-01;1.081643e+00;1.285202e-01;1.128814e+00;2.317726e-01;1.112585e+00;1.722905e-01;1.156542e+00;3.132004e-01;1.234441e+00;1.039750e-01;1.315773e+00;2.044545e-01;1.134531e+00;1.722329e-01;1.182124e+00;1.237646e-01;1.279855e+00;1.071755e-01;1.154899e+00;1.060804e-01;1.012786e+00;9.815285e-02;8.590968e-01;8.343922e-02;7.036530e-01;6.413212e-02;5.711365e-01;8.002304e-02;1.446746e-01;4.848620e-02;6.425180e-02;4.534579e+01;2.568193e+02;1.706779e+02;5.439287e+02;7.152928e+01;8.764014e+02;2.289371e+02;1.198538e+03;3.381061e-02;1.562295e-01;8.220533e+01;6.291068e+02;1.580241e-01;3.946797e+00;3.701539e+04;2.113314e+05;4.424281e-01;1.276234e+00;1.092656e+01;1.698046e+01;2.586748e-02;-5.871240e-02;6.743146e-02;5.951458e-01;7.457203e-02;1.491976e-01;2.181712e+00;5.485395e+01;6.643200e+00;-1.986961e+01;3.755806e+00;-4.926882e+00;3.086027e+00;1.806157e+01;5.369663e+00;1.600565e+00;2.849921e+00;-1.270696e+01;6.420212e+00;3.516318e+00;5.899409e+00;1.561908e+01;4.300591e+00;-1.464153e+01;7.133251e+00;-2.803640e+01;8.014880e+00;-8.822275e+00;9.072503e+00;5.254616e+00;3.370685e+00;2.345629e+01;7.521360e+00;1.424735e+01;1.115154e-02;-1.564670e-03;1.816401e-06;-1.102021e-07;1.733591e-05;2.616295e-08;2.309279e-05;5.901674e-09;8.522302e-06;-3.807260e-08;1.774559e-04;2.188280e-05;5.735171e-03;-8.377229e-03;1.186285e-02;-3.359702e-04;3.248233e-04;-3.121944e-04;5.301855e-04;-2.067271e-04;6.643352e-04;-5.158206e-05;1.706610e-03;-3.611199e-04;3.398118e-03;3.710271e-04;2.076540e-03;9.941214e-05;5.864391e-03;-3.821595e-05;6.304606e-03;1.661469e-04;7.805600e-03;1.194951e-03;9.629729e-03;-2.641498e-03;1.021460e-02;-3.008413e-03;1.727950e-02;-1.155545e-03;1.974298e-02;-2.477194e-03;1.663513e-02;-1.930500e-03;2.815295e-02;-4.159667e-03;2.811144e-02;-4.035816e-03;5.058442e-02;-1.978392e-03;3.386639e-02;-2.452411e-03;7.304852e-02;-1.064017e-03;3.922333e-02;1.601555e-03;5.037504e-02;1.710319e-04;4.011432e-02;1.084259e-03;5.054379e-02;2.919784e-03;4.392071e-02;2.645219e-03;4.325272e-02;2.346608e-03;3.919169e-02;1.678349e-03;3.291678e-02;1.411732e-03;2.551894e-02;9.290713e-04;3.567780e-03;-2.653501e-03;3.090197e-03;-1.811848e-03;5.468586e+00;-1.751367e+00;2.296039e+01;-4.421484e+00;1.632246e+01;-4.708594e+00;3.883121e+01;-5.756543e+00;4.206813e-03;-8.502028e-04;7.428734e+00;-3.565005e+00;1.843609e-02;-2.753836e-03;5.867262e+03;-1.336550e+03;7.284557e-02;2.124561e-02;2.566909e+00;5.256400e-01;1.250867e-03;1.049396e-03;5.806369e-03;-2.962555e-03;5.285911e-03;-3.355765e-03;8.277298e-01;5.927716e-03;8.954515e-01;2.515369e-01;6.692638e-01;-5.825026e-02;7.810092e-01;-1.677355e-02;9.445517e-01;3.420019e-03;6.200652e-01;-2.513659e-02;1.245843e+00;1.477864e-01;1.208181e+00;-1.461382e-02;1.092266e+00;6.215742e-02;1.007663e+00;-3.324871e-02;1.443776e+00;-1.991882e-01;1.250835e+00;1.065769e-01;9.003400e-01;-7.039250e-02;1.460690e+00;-1.726104e-01
8.000000;1.009097e-01;9.764173e+01;5.453706e-03;8.027003e-01;2.022949e-03;2.361309e-03;1.274799e-03;1.557781e-03;6.485876e-02;1.031627e-01;1.219341e+00;8.913478e+00;1.591759e-01;6.631245e-01;5.078165e-02;8.836945e-01;5.144100e-03;2.338359e-02;6.352752e-03;2.801587e-02;2.215375e-03;1.269692e-01;1.428888e-02;2.560047e-01;2.004104e-02;3.999539e-01;2.086078e-02;5.154846e-01;5.030304e-02;6.064175e-01;5.782645e-02;6.908488e-01;7.070463e-02;7.870917e-01;9.936053e-02;8.207974e-01;1.106008e-01;8.762308e-01;1.067708e-01;9.366294e-01;1.489379e-01;8.999590e-01;1.446274e-01;9.495287e-01;1.607300e-01;1.098423e+00;1.640545e-01;1.146527e+00;2.031588e-01;1.058720e+00;1.140262e-01;1.114887e+00;2.427389e-01;1.195046e+00;1.102776e-01;1.359625e+00;1.651093e-01;1.273374e+00;1.399027e-01;1.320976e+00;1.305064e-01;1.279849e+00;1.150573e-01;1.168130e+00;1.077878e-01;1.005517e+00;9.620405e-02;8.426427e-01;8.465710e-02;6.868899e-01;6.284210e-02;5.595345e-01;2.283805e-02;6.641693e-02;1.580830e-02;1.511588e-02;5.023409e+01;1.784385e+02;1.440147e+02;3.647725e+02;2.157458e+02;6.620742e+02;1.659390e+02;9.585146e+02;1.783025e-02;1.157482e-01;1.134743e+02;4.750695e+02;1.238486e-01;3.767115e+00;4.362702e+04;1.626533e+05;9.497459e-01;2.215668e+00;2.576619e+01;3.672188e+01;1.190574e-02;-2.657636e-02;9.788220e-02;4.630031e-01;3.458610e-02;5.769877e-02;1.856478e+00;5.547771e+01;6.343760e+00;-9.528266e+00;2.271375e+00;-5.470181e+00;3.888920e+00;1.527464e+01;4.889977e+00;6.058971e+00;3.068973e+00;-1.309741e+01;5.440500e+00;4.879319e+00;5.811718e+00;2.163369e+01;4.210495e+00;-1.293815e+01;5.194703e+00;-3.511156e+01;4.155805e+00;-1.154142e+01;6.342468e+00;1.463022e+01;4.273579e+00;2.125297e+01;5.564569e+00;7.486745e+00;7.968571e-06;2.978156e-07;3.299139e-07;3.214434e-08;1.751616e-07;-1.916007e-08;1.547168e-07;-3.990844e-09;6.844804e-06;-2.609881e-07;5.736325e-05;1.357239e-05;5.596471e-03;-4.727173e-03;1.398359e-02;1.332812e-03;2.013420e-04;-1.786953e-04;5.365275e-04;-1.625095e-04;6.105324e-04;2.593635e-05;2.399470e-03;1.975878e-04;3.062905e-03;5.296691e-04;2.632144e-03;4.443224e-04;5.410888e-03;2.929753e-04;6.339322e-03;7.924323e-04;1.071291e-02;-5.115133e-04;1.569053e-02;2.700135e-04;1.770533e-02;2.533361e-04;2.162807e-02;6.244543e-04;2.814535e-02;2.485380e-03;2.598125e-02;2.375710e-03;3.648506e-02;1.664777e-03;3.653536e-02;1.825696e-03;6.495196e-02;4.827608e-03;2.863651e-02;4.847326e-03;5.859527e-02;8.528133e-03;4.059666e-02;1.202226e-03;3.595980e-02;-8.872625e-04;4.082529e-02;-2.514456e-04;4.846388e-02;1.084867e-03;4.424914e-02;1.231814e-03;4.230460e-02;1.212373e-03;3.712811e-02;7.173497e-04;3.255913e-02;2.665724e-04;2.308821e-02;6.027685e-04;1.413403e-03;-6.262183e-04;1.097335e-03;-4.681774e-04;4.505216e+00;-1.392480e+00;1.470648e+01;-5.024414e+00;2.933333e+01;-5.225390e+00;2.420359e+01;-3.287402e+00;3.371532e-03;-7.479134e-04;7.424964e+00;-2.998847e+00;1.540086e-02;-1.784263e-03;5.998322e+03;-6.030839e+02;1.543428e-01;2.361708e-02;7.070772e+00;5.487486e-01;5.163946e-04;4.277960e-04;6.048739e-03;-2.676898e-03;2.217625e-03;-1.247768e-03;7.259181e-01;-1.874638e-02;7.073705e-01;1.526366e-01;5.266475e-01;6.521557e-02;6.870087e-01;-1.534348e-02;7.464224e-01;-1.200343e-02;6.145213e-01;2.734003e-02;1.115015e+00;6.888223e-02;1.090201e+00;-4.252925e-02;1.236803e+00;3.756800e-02;1.035478e+00;-2.891418e-02;1.242803e+00;-1.282593e-01;1.305407e+00;1.711167e-01;9.912872e-01;1.418740e-02;1.428591e+00;-1.843262e-01
8.500000;1.121521e-01;9.768413e+01;6.989995e-03;8.099816e-01;3.292052e-03;4.078286e-03;1.966921e-03;1.989604e-03;4.350718e-02;8.734896e-02;1.776582e+00;1.055894e+01;7.377587e-02;4.659162e-01;6.316841e-02;9.104655e-01;1.877160e-03;1.733292e-02;3.561020e-03;2.011338e-02;2.583983e-03;1.272341e-01;1.731736e-02;2.658280e-01;2.649820e-02;4.086194e-01;2.360265e-02;5.273951e-01;4.357282e-02;5.888114e-01;4.694582e-02;7.054688e-01;6.275050e-02;7.975577e-01;1.047979e-01;8.115465e-01;1.202185e-01;8.638287e-01;1.109466e-01;9.556934e-01;1.686812e-01;9.743831e-01;1.559934e-01;1.025945e+00;2.005445e-01;1.034014e+00;2.065939e-01;1.081583e+00;2.048598e-01;1.145124e+00;1.295003e-01;1.210681e+00;1.425121e-01;1.251330e+00;1.286793e-01;1.407226e+00;1.265395e-01;1.399538e+00;1.252837e-01;1.393458e+00;1.613587e-01;1.321552e+00;1.541203e-01;1.195793e+00;1.442947e-01;1.032407e+00;1.347578e-01;8.632427e-01;1.274970e-01;7.074382e-01;8.618450e-02;5.764054e-01;1.495240e-02;4.079978e-02;1.879511e-03;2.642091e-03;1.810383e+01;1.240312e+02;3.129492e+01;2.477754e+02;1.191046e+02;3.914736e+02;1.774352e+02;7.858184e+02;2.163484e-02;8.955802e-02;5.356840e+01;3.329708e+02;2.076063e-01;3.502968e+00;3.529364e+04;1.031181e+05;2.857188e+00;4.545730e+00;2.070505e+02;1.544733e+02;3.328661e-03;-1.438280e-02;4.768237e-02;3.379454e-01;5.759424e-03;2.436814e-02;2.295223e+00;5.480487e+01;4.513114e+00;-8.174697e-01;3.434416e+00;-2.397974e+00;4.007218e+00;1.044377e+01;4.991137e+00;1.087990e+01;6.030812e+00;-9.037622e+00;4.407899e+00;2.315973e+00;5.271502e+00;2.269041e+01;3.125259e+00;-1.098848e+01;5.802516e+00;-3.557952e+01;4.484867e+00;-1.327245e+01;7.061164e+00;1.216604e+01;4.133657e+00;1.697190e+01;5.492736e+00;7.873912e+00;7.494745e-06;1.633902e-06;2.974730e-07;7.783230e-08;3.191799e-07;1.109390e-08;2.626772e-07;-1.214106e-09;5.513510e-06;-3.285753e-07;5.814263e-05;1.790232e-05;3.762554e-03;-2.409322e-03;1.616705e-02;1.142553e-03;1.092967e-04;-7.065437e-05;3.869749e-04;-5.794910e-05;6.145058e-04;6.084123e-05;2.671073e-03;5.718622e-04;3.612087e-03;2.469548e-04;3.318463e-03;-4.287666e-05;7.203296e-03;-2.718149e-04;8.421277e-03;9.119500e-04;1.094698e-02;1.781154e-04;1.550751e-02;-1.209424e-04;1.808874e-02;-4.790482e-04;2.955951e-02;1.877258e-03;3.100521e-02;-1.324287e-04;3.044800e-02;2.707055e-04;4.441480e-02;3.311529e-03;4.530897e-02;3.368893e-03;6.262325e-02;9.491324e-04;2.971457e-02;2.838777e-03;3.410279e-02;5.596760e-03;4.458356e-02;8.699447e-04;3.563817e-02;1.621640e-03;4.581206e-02;9.073634e-04;5.176679e-02;1.894658e-03;5.065060e-02;1.131420e-03;4.852198e-02;9.191899e-04;4.465555e-02;1.179671e-03;4.376306e-02;1.028560e-03;2.696633e-02;1.018273e-03;1.122298e-03;-5.074827e-04;2.522062e-04;-3.752714e-05;4.318205e+00;-6.603516e-01;4.824719e+00;-8.900391e-01;2.472015e+01;-1.392480e+00;2.079376e+01;-5.368945e+00;3.498742e-03;-8.771813e-04;4.968860e+00;-1.493642e+00;1.083110e-02;-6.069055e-03;4.029094e+03;-6.376444e+02;5.086088e-01;8.190390e-02;4.076277e+01;5.591620e+00;2.187036e-04;1.062579e-04;4.373321e-03;-1.429026e-03;8.901104e-04;-2.095960e-04;7.532603e-01;-3.857723e-02;7.459011e-01;1.398274e-01;5.229480e-01;1.072525e-01;6.965828e-01;-3.741088e-02;8.573004e-01;5.823799e-02;7.656092e-01;8.866809e-02;1.102764e+00;5.416699e-03;1.365493e+00;5.952654e-02;1.173492e+00;1.746625e-02;1.379482e+00;-4.378434e-02;1.099675e+00;-7.198314e-02;1.428203e+00;-1.937010e-02;9.102615e-01;-7.548806e-02;1.242920e+00;-1.064430e-01
9.000000;9.914821e-02;9.777633e+01;2.816749e-03;8.165615e-01;3.442924e-03;5.484709e-03;2.786138e-03;3.634983e-03;4.169406e-02;1.031988e-01;5.958831e-01;1.218908e+01;6.067744e-02;3.614461e-01;6.070888e-02;9.459853e-01;1.395231e-03;1.465171e-02;3.450780e-03;1.465357e-02;2.592158e-03;1.275504e-01;1.845537e-02;2.722819e-01;2.488757e-02;4.130224e-01;1.393699e-02;5.336902e-01;3.443579e-02;5.897802e-01;8.290511e-02;7.483881e-01;5.538311e-02;7.982654e-01;9.081734e-02;8.090351e-01;1.098502e-01;8.652493e-01;9.911960e-02;9.941535e-01;2.034579e-01;9.872634e-01;1.761062e-01;1.063951e+00;2.070183e-01;9.789886e-01;1.890571e-01;1.059417e+00;1.793581e-01;1.296576e+00;1.011241e-01;1.345561e+00;2.413442e-01;1.440015e+00;1.282963e-01;1.456264e+00;8.724021e-02;1.462643e+00;1.078644e-01;1.431487e+00;1.623435e-01;1.359053e+00;1.688671e-01;1.235378e+00;1.639592e-01;1.077058e+00;1.538337e-01;9.042757e-01;1.426994e-01;7.472827e-01;9.663951e-02;5.989851e-01;7.516049e-03;2.763542e-02;6.978427e-04;7.061108e-04;1.510738e+01;1.055127e+02;3.611506e+01;2.005459e+02;1.844887e+01;2.983066e+02;2.376555e+02;5.380430e+02;2.252092e-02;6.937351e-02;4.495187e+01;2.560102e+02;1.919090e-01;3.204578e+00;2.400849e+04;5.912533e+04;6.354238e+00;1.012885e+01;5.383750e+02;5.768887e+02;2.342464e-03;-1.049228e-02;4.248700e-02;2.674637e-01;5.972347e-03;1.504543e-02;2.875457e+00;5.248212e+01;4.656531e+00;5.736500e+00;5.469560e+00;3.223341e+00;3.781816e+00;6.065561e+00;4.490041e+00;1.091707e+01;5.950345e+00;-1.163308e+00;5.188142e+00;3.927458e+00;6.594292e+00;1.837368e+01;3.009208e+00;-1.069267e+01;7.055363e+00;-3.082653e+01;3.934979e+00;-1.387524e+01;6.051401e+00;4.341599e+00;4.453908e+00;1.171037e+01;5.335413e+00;7.939512e+00;6.217699e-06;3.807324e-07;2.559029e-07;6.947616e-09;4.519960e-07;4.779201e-08;3.909791e-07;4.502371e-08;5.034470e-06;4.136994e-07;6.135186e-05;4.114249e-06;3.353878e-03;-2.232163e-03;1.836013e-02;4.260932e-04;9.658261e-05;-5.282605e-05;2.976524e-04;-1.170320e-04;5.675051e-04;-3.121836e-06;2.704484e-03;-1.180756e-05;3.471092e-03;-1.805332e-04;2.741753e-03;-3.254968e-04;9.489954e-03;1.326590e-03;1.302111e-02;-1.033883e-03;9.941789e-03;1.127316e-04;1.852010e-02;-1.494566e-03;2.269327e-02;-1.841848e-03;3.283608e-02;3.446123e-03;4.244136e-02;-3.288186e-03;4.006296e-02;-2.223728e-03;4.886566e-02;-3.363393e-03;4.958093e-02;-8.488818e-04;4.523848e-02;-7.217006e-04;3.308216e-02;-4.059321e-05;5.381292e-02;4.124462e-03;4.592548e-02;2.369944e-03;3.627892e-02;7.115523e-04;4.575330e-02;1.086207e-03;5.541573e-02;3.330649e-03;5.410878e-02;2.029872e-03;5.336076e-02;1.824606e-03;5.043574e-02;2.256920e-03;4.912719e-02;2.228498e-03;3.182419e-02;1.608019e-03;6.804838e-04;-2.208684e-04;6.240874e-05;-2.863376e-05;3.931826e+00;-4.019531e-01;4.502471e+00;-1.047949e+00;3.836000e+00;-1.234570e+00;2.284945e+01;-5.813965e+00;4.064028e-03;-2.532267e-04;3.036849e+00;-1.705217e+00;1.386214e-02;-6.020331e-03;1.999526e+03;-9.352863e+02;1.009825e+00;2.025264e-01;8.513110e+01;1.747551e+01;1.739184e-04;7.333305e-05;2.818701e-03;-1.585637e-03;5.876339e-04;-2.258961e-04;8.290619e-01;-5.394564e-02;8.507652e-01;1.609849e-01;5.983146e-01;1.557529e-01;8.526894e-01;-1.236586e-01;8.158772e-01;-4.071717e-02;9.852578e-01;2.128987e-01;1.190570e+00;-1.047548e-03;1.534899e+00;-1.843963e-01;1.077785e+00;-2.133649e-02;1.414725e+00;2.240488e-01;1.092751e+00;8.470121e-02;1.246132e+00;-1.544040e-01;8.070689e-01;-1.482983e-01;1.075714e+00;-5.326093e-02
9.500000;9.437910e+01;1.465438e+02;2.477527e-02;8.040093e-01;1.070541e-01;4.916911e-02;1.590129e-01;6.218273e-02;1.389382e-01;1.808273e-01;1.638411e+01;5.930377e+00;6.743999e-01;7.182803e-01;7.847886e-01;1.417879e+00;2.804269e-02;2.910675e-02;1.252533e-02;1.989166e-02;3.535455e-02;1.376302e-01;1.235021e-01;3.198037e-01;2.127132e-01;5.082686e-01;2.786633e-01;6.687468e-01;4.448093e-01;8.757446e-01;4.821394e-01;1.035729e+00;6.007588e-01;1.148611e+00;5.388987e-01;1.107483e+00;9.399102e-01;1.383880e+00;1.335848e+00;1.822547e+00;1.605786e+00;1.870586e+00;1.745569e+00;2.067167e+00;1.158789e+00;1.723060e+00;1.698177e+00;2.059863e+00;1.815187e+00;2.372401e+00;1.603064e+00;2.267738e+00;1.375623e+00;2.339554e+00;1.252862e+00;2.222544e+00;8.737609e-01;1.905036e+00;8.514348e-01;1.869177e+00;6.645235e-01;1.666159e+00;5.084091e-01;1.474372e+00;4.801889e-01;1.290371e+00;4.516757e-01;1.094569e+00;4.226968e-01;9.145103e-01;2.973665e-01;7.193113e-01;4.274176e-01;2.310144e-01;2.245167e-01;1.294221e-01;9.559750e+01;1.498711e+02;2.068953e+02;2.750508e+02;3.476717e+02;4.946895e+02;4.891126e+02;6.813105e+02;2.544599e-01;2.145663e-01;2.272796e+02;3.591206e+02;5.663975e-01;3.386085e+00;1.098241e+05;1.120538e+05;8.252020e+00;1.101386e+01;6.596603e+02;7.027755e+02;1.267953e-01;-7.654309e-02;1.910162e-01;3.496966e-01;3.243631e-01;1.829727e-01;2.822329e+00;5.056710e+01;1.888589e+01;-4.658869e+00;5.352868e+00;8.341125e+00;4.746167e+00;5.975987e+00;7.811779e+00;4.431435e+00;5.607246e+00;2.417229e+00;8.197307e+00;8.071032e-01;1.284751e+01;7.473730e+00;5.399669e+00;-8.798038e+00;1.223097e+01;-1.684548e+01;6.142591e+00;-7.862123e+00;7.402379e+00;-3.743537e+00;6.910357e+00;2.838839e+00;5.204683e+00;3.514496e+00;4.682925e-03;2.093822e-04;2.343741e-06;-1.284815e-07;8.906675e-06;-3.237480e-07;1.363918e-05;-5.803602e-08;1.288214e-05;-4.763026e-07;1.941999e-03;-4.149602e-05;4.582106e-02;1.423813e-02;1.007798e-01;3.927248e-03;2.029926e-03;6.445713e-04;1.547643e-03;1.360544e-04;8.926187e-03;8.599388e-05;2.664983e-02;5.140619e-04;2.886436e-02;1.836000e-03;3.714551e-02;3.549059e-03;5.832365e-02;3.276207e-03;6.200396e-02;2.951797e-03;8.622409e-02;4.865664e-03;7.461280e-02;6.804196e-03;1.431511e-01;5.095533e-03;1.761481e-01;2.094837e-03;2.653920e-01;8.056318e-03;2.440833e-01;8.770096e-03;1.348141e-01;6.035511e-03;2.644151e-01;1.060443e-02;2.516232e-01;8.324661e-03;2.511539e-01;5.227476e-03;2.055211e-01;7.367546e-03;1.905471e-01;5.151021e-03;1.637821e-01;1.762751e-03;1.579738e-01;1.770070e-03;1.107829e-01;3.232382e-04;8.878776e-02;1.372251e-03;7.540860e-02;1.928218e-03;7.093707e-02;1.734018e-03;6.831448e-02;1.648329e-03;4.730314e-02;9.591613e-04;3.709926e-02;1.137393e-02;2.582693e-02;2.809949e-03;2.241201e+01;1.435547e+00;5.403514e+01;1.579102e+00;5.254042e+01;2.856738e+00;6.163320e+01;8.383594e+00;2.796461e-02;5.377450e-03;3.586058e+01;2.905182e+00;8.174093e-02;7.284078e-03;1.390893e+04;1.450994e+03;1.282357e+00;-8.720145e-02;1.075911e+02;-5.911447e+00;9.864962e-03;-2.781512e-03;2.922948e-02;2.614145e-03;3.087203e-02;5.742467e-03;8.286139e-01;-2.199209e-02;1.843213e+00;-3.265250e-01;9.963727e-01;-1.351473e-02;1.460849e+00;2.769593e-02;1.304020e+00;-2.078578e-01;1.636018e+00;4.892110e-02;1.720863e+00;-1.117684e-01;2.050930e+00;-3.488294e-01;1.606321e+00;5.870968e-02;1.657699e+00;2.286306e-01;1.432253e+00;2.395555e-02;1.426373e+00;-2.063666e-01;1.028795e+00;-1.445404e-01;1.305103e+00;-4.872212e-03
10.000000;1.165285e+02;2.325147e+02;3.204722e-02;7.855185e-01;1.126129e-01;7.894557e-02;1.714222e-01;9.184077e-02;1.659087e-01;2.422296e-01;1.713868e+01;-1.295590e+00;6.290634e-01;1.352555e+00;7.705469e-01;1.487944e+00;2.790156e-02;5.815373e-02;1.061433e-02;2.853238e-02;3.539176e-02;1.395710e-01;1.214823e-01;3.277934e-01;2.046025e-01;5.345078e-01;2.700239e-01;7.296398e-01;4.203223e-01;9.298177e-01;4.947996e-01;1.040992e+00;5.738350e-01;1.222899e+00;5.192878e-01;1.164699e+00;9.344693e-01;1.428634e+00;1.342290e+00;1.843116e+00;1.534808e+00;2.028350e+00;1.707497e+00;2.146029e+00;1.054785e+00;1.903979e+00;1.614650e+00;2.275627e+00;1.788495e+00;2.475086e+00;1.616307e+00;2.355407e+00;1.429827e+00;2.420121e+00;1.352133e+00;2.379579e+00;1.041474e+00;2.051106e+00;1.038906e+00;2.022756e+00;6.806321e-01;1.713229e+00;5.170292e-01;1.493283e+00;4.819135e-01;1.306186e+00;4.505458e-01;1.105223e+00;4.210971e-01;9.209180e-01;2.960344e-01;7.280037e-01;4.935996e-01;7.017242e-01;2.347712e-01;2.777802e-01;8.598914e+01;2.268164e+02;1.866968e+02;3.484072e+02;3.290961e+02;6.561885e+02;4.049982e+02;1.025268e+03;2.533960e-01;4.684338e-01;1.949881e+02;5.006460e+02;4.936409e-01;3.694081e+00;9.513103e+04;1.918308e+05;6.841218e+00;5.254055e+00;5.474066e+02;2.694051e+02;1.258842e-01;-1.944549e-01;1.638466e-01;4.737259e-01;3.225538e-01;4.421675e-01;3.731993e+00;5.125344e+01;1.451129e+01;-2.151438e+01;6.806396e+00;8.467705e+00;7.062083e+00;1.149907e+01;9.500443e+00;-3.614761e+00;6.705427e+00;-1.394301e+00;8.002000e+00;-6.732066e+00;8.564831e+00;-3.668350e+00;6.353946e+00;-7.526008e+00;6.543993e+00;-9.584332e+00;6.783575e+00;-5.664837e+00;6.953766e+00;-1.123330e+01;5.205791e+00;-6.012767e+00;5.072087e+00;1.722716e+00;6.656161e-03;4.339970e-04;2.915217e-06;-5.575033e-08;1.012687e-05;-8.094018e-07;1.542247e-05;-1.130473e-06;1.570870e-05;-8.525762e-07;2.201192e-03;-3.423647e-05;7.246558e-02;1.418077e-02;1.120302e-01;7.087458e-04;2.926363e-03;6.097691e-04;1.744170e-03;2.030738e-04;8.944052e-03;-7.273266e-05;2.673708e-02;-1.155586e-04;2.975450e-02;1.410510e-04;4.399925e-02;1.215728e-03;6.151695e-02;-1.956748e-04;7.209447e-02;1.637212e-03;9.459490e-02;-2.210082e-04;7.544810e-02;3.926276e-04;1.497571e-01;2.011294e-03;1.846146e-01;-2.119836e-03;2.696991e-01;1.894142e-03;2.478973e-01;-8.969692e-05;1.431351e-01;7.812354e-03;2.729948e-01;5.154196e-03;2.627670e-01;1.907862e-03;2.686144e-01;4.538425e-03;2.389976e-01;2.794390e-03;2.587629e-01;1.684229e-03;2.190532e-01;8.826526e-04;2.182104e-01;1.253896e-03;1.240402e-01;-3.656824e-03;9.584317e-02;-1.839380e-03;7.944605e-02;-1.807740e-03;7.183979e-02;-1.851217e-03;6.745420e-02;-1.519713e-03;4.779527e-02;-1.403277e-03;6.897066e-02;1.119240e-02;4.416935e-02;3.040611e-03;2.285244e+01;1.880566e+00;5.574952e+01;1.722656e+00;6.600008e+01;3.057715e+00;6.866207e+01;1.002012e+01;4.116816e-02;4.874748e-03;3.967342e+01;3.303872e+00;9.150508e-02;6.078915e-03;1.636751e+04;2.132286e+03;9.026500e-01;-2.109541e-01;7.350572e+01;-1.800499e+01;1.613129e-02;-2.463010e-03;3.242261e-02;2.881158e-03;5.271674e-02;4.895089e-03;8.397908e-01;2.033891e-03;2.117833e+00;-4.269950e-01;1.430908e+00;3.562392e-02;1.725355e+00;1.232418e-01;1.975294e+00;-1.940996e-01;1.693287e+00;-1.330684e-01;1.703656e+00;-2.160833e-01;1.958563e+00;-1.638474e-01;1.912557e+00;5.150025e-02;1.610505e+00;1.253403e-02;1.782115e+00;3.487737e-02;1.734039e+00;-7.109291e-02;1.249230e+00;-1.187583e-01;1.318423e+00;-7.061695e-02
10.500000;1.147574e+02;2.318480e+02;3.309739e-02;7.727240e-01;1.352343e-01;1.222432e-01;1.416274e-01;1.101858e-01;1.348882e-01;2.384300e-01;8.999962e+00;1.388591e+00;2.805937e-01;1.483370e+00;2.328298e-01;1.035891e+00;9.057914e-03;6.780907e-02;6.543600e-03;2.721970e-02;1.156950e-02;1.312458e-01;3.249027e-02;2.775957e-01;5.040454e-02;4.343701e-01;1.156476e-01;5.953500e-01;9.847815e-02;7.033407e-01;1.728678e-01;8.072056e-01;1.657645e-01;8.753601e-01;1.422925e-01;9.431342e-01;2.561220e-01;1.007806e+00;3.352496e-01;1.087883e+00;3.673658e-01;1.190205e+00;3.603080e-01;1.239432e+00;2.411924e-01;1.255061e+00;4.163713e-01;1.358547e+00;4.397714e-01;1.425415e+00;5.220107e-01;1.461532e+00;6.296489e-01;1.507675e+00;7.663312e-01;1.553849e+00;7.348808e-01;1.559379e+00;7.658623e-01;1.538599e+00;2.835117e-01;1.377840e+00;2.046265e-01;1.243389e+00;1.718780e-01;1.086541e+00;1.400861e-01;9.137301e-01;1.158889e-01;7.526898e-01;9.055506e-02;6.059796e-01;2.380465e-01;9.208573e-01;1.785209e-01;2.271826e-01;2.802076e+01;2.540918e+02;4.813066e+01;3.277354e+02;2.325712e+02;5.664668e+02;3.119822e+02;9.898096e+02;1.641468e-01;5.198867e-01;1.027115e+02;4.809181e+02;3.817889e-01;3.619851e+00;6.967469e+04;1.738919e+05;1.439428e+00;3.073872e+00;4.557434e+01;4.615195e+01;5.506870e-02;-2.184454e-01;8.206601e-02;4.674809e-01;1.764197e-01;4.583466e-01;3.324306e+00;5.267669e+01;7.174955e+00;-2.331314e+01;7.239996e+00;7.174669e+00;5.008459e+00;1.395291e+01;6.854206e+00;-9.014431e+00;5.986446e+00;-5.247958e+00;6.748164e+00;-9.513680e+00;4.687995e+00;-7.419362e+00;5.296519e+00;-7.988362e+00;7.183844e+00;-1.218225e+01;7.553010e+00;-7.170954e+00;7.030607e+00;-1.142133e+01;5.038433e+00;-6.131310e+00;4.051039e+00;1.786187e+00;7.646523e-03;-4.587987e-04;2.247508e-06;-1.490092e-07;1.124697e-05;2.098939e-07;1.346585e-05;-1.351737e-06;1.297453e-05;-1.934586e-07;1.045754e-03;1.374678e-05;6.248067e-02;-3.082776e-03;5.398113e-02;-2.728359e-03;2.266629e-03;-1.948111e-04;1.031907e-03;4.812296e-05;3.142192e-03;-2.991295e-05;6.962894e-03;-6.787208e-04;8.401765e-03;-2.112261e-03;2.394345e-02;-4.344333e-03;2.631249e-02;-1.006177e-03;4.312358e-02;-1.644671e-03;4.119160e-02;-6.091523e-03;2.518341e-02;-3.559067e-03;6.790380e-02;-4.706429e-04;8.720821e-02;-1.223345e-04;7.218555e-02;-2.354829e-03;8.049498e-02;-5.872019e-03;6.866380e-02;-7.829404e-03;8.971903e-02;-7.977184e-03;9.512023e-02;-8.028901e-03;1.137137e-01;-5.337948e-03;1.375874e-01;-6.879824e-03;1.826428e-01;-3.179260e-03;1.572343e-01;-1.225737e-03;1.642219e-01;-1.094082e-03;7.500510e-02;5.087079e-04;5.916742e-02;1.296058e-04;5.179837e-02;-3.503657e-04;4.293754e-02;-4.746461e-04;3.601113e-02;-6.538261e-04;2.850126e-02;-2.579645e-04;6.829327e-02;-4.452114e-03;3.919157e-02;-6.527313e-04;6.592193e+00;-7.177734e-02;1.496468e+01;2.583984e-01;5.113344e+01;2.583984e-01;6.005073e+01;1.708301e+00;3.912554e-02;-2.179762e-03;2.094197e+01;1.055842e-01;7.069526e-02;2.511523e-03;1.292271e+04;-5.454728e+01;2.776202e-01;-4.225976e-03;1.032790e+01;9.911486e-03;1.396168e-02;1.159923e-03;1.692581e-02;1.047802e-04;4.610682e-02;-2.317217e-03;7.405492e-01;1.764002e-02;1.579122e+00;6.365319e-02;1.398261e+00;-7.276455e-02;1.336320e+00;-2.946802e-02;2.092387e+00;9.868545e-02;1.639632e+00;-3.558415e-04;1.451297e+00;-8.722498e-02;1.305987e+00;-2.281916e-02;1.687134e+00;6.841858e-02;1.242208e+00;1.128871e-01;2.094467e+00;7.813939e-02;1.581560e+00;4.282463e-02;1.459181e+00;4.472550e-02;1.103804e+00;1.165234e-02
11.000000;9.222626e+01;1.447957e+02;2.343586e-02;7.600179e-01;1.545967e-01;1.340582e-01;1.420310e-01;1.169314e-01;1.087079e-01;1.980162e-01;1.550150e+00;5.092694e+00;2.275273e-01;1.337937e+00;3.157839e-01;1.024598e+00;7.847134e-03;6.031794e-02;5.716335e-03;2.623961e-02;9.926726e-03;1.306162e-01;2.781424e-02;2.692165e-01;3.031351e-02;4.122494e-01;7.555939e-02;5.474841e-01;1.416353e-01;7.308655e-01;1.465646e-01;7.855786e-01;8.530708e-02;8.026053e-01;1.657024e-01;9.664050e-01;1.902464e-01;9.878802e-01;2.890330e-01;1.116571e+00;2.996632e-01;1.056993e+00;3.536133e-01;1.150048e+00;3.141762e-01;1.191509e+00;3.177218e-01;1.150663e+00;8.026039e-01;1.398412e+00;1.628762e+00;1.759699e+00;6.964794e-01;1.439117e+00;4.563478e-01;1.354145e+00;1.437935e+00;1.785805e+00;1.055435e+00;1.608924e+00;4.534933e-01;1.419972e+00;2.357098e-01;1.247894e+00;1.909293e-01;1.082819e+00;1.572137e-01;9.097715e-01;1.122035e-01;7.375473e-01;8.832785e-02;5.967640e-01;2.831347e-01;7.695134e-01;9.061069e-02;1.477049e-01;2.686084e+01;2.536611e+02;4.253170e+01;3.317549e+02;1.841718e+02;5.292861e+02;3.186292e+02;9.898096e+02;1.524984e-01;4.750385e-01;8.787120e+01;4.642017e+02;3.979192e-01;3.706728e+00;6.972912e+04;1.549986e+05;1.431478e+00;3.115384e+00;4.311789e+01;5.014429e+01;4.576259e-02;-1.727455e-01;7.045218e-02;4.573129e-01;1.242108e-01;3.579395e-01;4.157786e+00;5.371498e+01;6.568852e+00;-1.905438e+01;1.090471e+01;3.146837e+00;5.581294e+00;9.873258e+00;8.304747e+00;-5.714155e+00;5.701198e+00;-4.027750e+00;4.064929e+00;-1.098736e+01;4.347458e+00;-1.030650e+01;9.031454e+00;-6.931253e+00;9.511879e+00;-5.511330e+00;9.184400e+00;-4.160875e+00;7.522356e+00;-1.126366e+01;7.076869e+00;-7.367889e-01;7.273342e+00;3.865401e+00;5.981471e-03;-7.229676e-04;1.594591e-06;-4.975515e-08;1.272258e-05;-9.787657e-07;1.413174e-05;5.279140e-07;1.155264e-05;-2.413420e-07;1.529957e-04;8.908484e-06;4.360091e-02;-1.220804e-03;6.223487e-02;2.578642e-03;1.222134e-03;-6.450876e-06;1.161514e-03;-7.999496e-05;3.113966e-03;2.744099e-05;6.838423e-03;-3.859749e-05;6.344847e-03;-1.076795e-04;9.650111e-03;4.623210e-04;2.743213e-02;3.713713e-03;3.303106e-02;2.141353e-03;1.788555e-02;5.153737e-05;3.619039e-02;4.477835e-03;6.321939e-02;-3.281952e-04;8.232905e-02;-8.363317e-04;5.900927e-02;-3.216828e-03;7.577624e-02;6.725778e-04;7.131592e-02;3.043859e-03;7.845944e-02;-1.298676e-03;1.645976e-01;2.818366e-03;3.453602e-01;1.043142e-02;1.220460e-01;4.651258e-03;8.880178e-02;2.084007e-03;2.894307e-01;1.323486e-02;2.155736e-01;8.866649e-03;1.023175e-01;6.373060e-03;5.517238e-02;2.542719e-03;4.759520e-02;2.420292e-03;3.977466e-02;1.940083e-03;2.931887e-02;1.619254e-03;2.311584e-02;1.298409e-03;4.676004e-02;2.782776e-03;1.979296e-02;-2.124573e-03;5.526091e+00;5.742187e-02;9.107241e+00;6.459961e-01;3.672142e+01;-1.191504e+00;6.771915e+01;-6.617871e+00;3.526535e-02;-1.116758e-03;1.717458e+01;-8.134329e-01;6.456786e-02;1.171487e-04;1.757346e+04;-1.130982e+03;2.677117e-01;2.369653e-02;1.041239e+01;4.152566e-01;7.684562e-03;5.390241e-05;1.285185e-02;-4.502368e-04;2.316926e-02;4.526451e-04;8.496891e-01;-9.609756e-03;1.416435e+00;9.155334e-02;1.543129e+00;2.600367e-02;1.362878e+00;-1.721906e-01;1.766996e+00;-8.260408e-02;1.907889e+00;-4.672157e-02;1.520216e+00;2.361137e-02;1.334973e+00;2.600902e-02;2.156878e+00;-6.083221e-02;1.299161e+00;1.525167e-01;2.402194e+00;8.444291e-02;1.825154e+00;-5.831791e-02;1.642789e+00;2.908042e-01;1.571338e+00;1.625965e-01
11.500000;4.381907e+00;9.699059e+01;1.980472e-02;7.720120e-01;1.168864e-01;8.085615e-02;1.175850e-01;1.067252e-01;9.336563e-02;1.872086e-01;9.520146e-01;5.539180e+00;2.015367e-01;1.293387e+00;3.092226e-01;1.020979e+00;8.823737e-03;5.675977e-02;4.365114e-03;2.581381e-02;4.136170e-03;1.289817e-01;1.571616e-02;2.692392e-01;2.880808e-02;4.097810e-01;8.003069e-02;5.462525e-01;1.666548e-01;7.203985e-01;1.391086e-01;7.374179e-01;5.288265e-02;8.007023e-01;1.633306e-01;9.744287e-01;1.245968e-01;9.202742e-01;1.808292e-01;1.065688e+00;1.666288e-01;1.023619e+00;1.567103e-01;1.058153e+00;3.214602e-01;1.230294e+00;2.865653e-01;1.157991e+00;7.895193e-01;1.439033e+00;1.621068e+00;1.888469e+00;6.940774e-01;1.479004e+00;4.151772e-01;1.354243e+00;1.428084e+00;1.887568e+00;1.040439e+00;1.668189e+00;4.791104e-01;1.386007e+00;2.601300e-01;1.200842e+00;2.235624e-01;1.039911e+00;1.863168e-01;8.729568e-01;1.386734e-01;7.107109e-01;1.086912e-01;5.753068e-01;3.366600e-01;7.071920e-01;6.063762e-02;1.007298e-01;2.928797e+01;2.549531e+02;4.227899e+01;3.418037e+02;1.146227e+02;4.836357e+02;2.359646e+02;9.104238e+02;1.297892e-01;4.631813e-01;5.908163e+01;4.531736e+02;2.322486e-01;3.760595e+00;5.578004e+04;1.535889e+05;9.136767e-01;3.242814e+00;1.801731e+01;3.761846e+01;4.988063e-02;-1.520315e-01;4.716998e-02;4.498366e-01;1.585514e-01;3.490531e-01;4.435635e+00;5.375726e+01;5.494184e+00;-1.935693e+01;1.238588e+01;7.336174e+00;5.877729e+00;4.388054e+00;9.504384e+00;-7.961115e+00;5.004712e+00;-2.324683e+00;5.319485e+00;-9.564501e+00;4.942159e+00;-8.889861e+00;1.255871e+01;-1.415067e+01;3.852400e+00;1.055246e-01;9.271233e+00;3.708843e+00;8.094401e+00;-1.834872e+01;9.559711e+00;8.518691e+00;1.016986e+01;1.322370e+01;3.721560e-04;-3.982939e-05;7.201729e-07;1.252352e-07;1.030114e-05;-1.267584e-06;1.102624e-05;3.504963e-07;1.038461e-05;8.482442e-08;8.817929e-05;-7.006355e-07;3.551332e-02;-4.567173e-03;6.109534e-02;-2.041200e-03;1.014313e-03;-1.486988e-04;1.070677e-03;-1.220710e-04;6.963644e-04;-1.494612e-04;2.819608e-03;-1.049868e-04;5.827549e-03;2.290384e-04;8.297184e-03;2.548563e-04;2.441086e-02;-2.930211e-03;4.126515e-02;-1.265710e-03;1.338232e-02;-1.974761e-05;3.461692e-02;-1.940303e-03;5.269199e-02;-3.904548e-03;5.522070e-02;-2.456171e-03;4.592142e-02;-2.868493e-03;4.977614e-02;-4.993058e-04;6.666752e-02;3.374882e-03;6.966858e-02;-4.810020e-03;1.580717e-01;-6.108599e-03;3.432832e-01;-5.476697e-03;1.240038e-01;-2.037627e-03;8.442169e-02;-3.876377e-03;2.890247e-01;-2.090113e-03;2.110257e-01;-2.479772e-03;1.028779e-01;-3.426265e-03;6.264402e-02;-2.852952e-03;5.813734e-02;-2.330071e-03;4.978406e-02;-2.069570e-03;3.966008e-02;-1.818395e-03;3.126944e-02;-1.414603e-03;3.817699e-02;-3.431955e-03;1.218028e-02;-1.851712e-03;5.005326e+00;-3.301758e-01;8.779681e+00;-9.474609e-01;1.978187e+01;-2.196387e+00;4.872387e+01;-5.885742e+00;3.106971e-02;-1.205883e-03;1.273844e+01;-1.606857e+00;4.232926e-02;-4.504732e-03;1.555043e+04;-9.533584e+02;1.482657e-01;1.628044e-02;5.536155e+00;2.773710e-01;5.910383e-03;8.545320e-04;9.313370e-03;-1.331527e-03;2.199808e-02;-2.191646e-03;9.449298e-01;3.610299e-02;1.228719e+00;7.849515e-03;1.461153e+00;1.206207e-01;1.368454e+00;-5.372468e-02;1.283209e+00;-4.176552e-04;1.491508e+00;4.732865e-02;1.273924e+00;-1.554450e-02;1.327546e+00;6.743273e-02;2.083927e+00;-1.049850e-01;1.265523e+00;-5.739135e-02;1.982291e+00;3.448219e-02;1.626972e+00;-1.362946e-01;1.400076e+00;1.244397e-01;1.654473e+00;1.216337e-01
12.000000;7.821757e-02;9.830218e+01;6.615155e-03;7.862814e-01;8.937091e-02;7.656533e-02;9.614057e-02;9.630108e-02;1.050479e-01;2.156528e-01;1.031615e+00;4.995961e+00;2.598986e-01;1.062320e+00;9.856709e-02;9.160658e-01;1.204122e-02;4.725077e-02;4.233031e-03;2.076468e-02;4.469349e-03;1.266936e-01;1.376110e-02;2.629452e-01;2.339383e-02;3.974811e-01;5.179518e-02;5.284987e-01;1.105428e-01;6.463968e-01;1.245233e-01;7.063726e-01;4.896680e-02;7.870191e-01;1.230697e-01;8.686043e-01;1.061396e-01;8.630531e-01;1.279897e-01;9.493214e-01;1.242743e-01;9.738176e-01;9.271265e-02;1.052793e+00;1.965640e-01;1.184216e+00;1.956160e-01;1.157126e+00;2.757034e-01;1.226689e+00;4.545358e-01;1.370712e+00;2.729189e-01;1.268359e+00;1.668140e-01;1.274804e+00;4.192399e-01;1.337498e+00;3.194962e-01;1.295652e+00;2.020192e-01;1.243495e+00;1.816345e-01;1.160291e+00;1.758735e-01;1.011747e+00;1.535217e-01;8.491729e-01;1.321249e-01;7.038832e-01;1.021905e-01;5.710719e-01;3.396840e-01;5.256026e-01;2.823598e-02;3.816059e-02;3.541439e+01;2.327021e+02;4.501670e+01;3.169688e+02;3.933372e+01;3.997998e+02;1.481937e+02;6.424072e+02;1.070653e-01;3.979228e-01;5.409449e+01;3.834875e+02;1.826266e-01;3.593454e+00;4.374729e+04;1.064124e+05;1.471856e+00;4.914423e+00;9.796400e+01;1.028849e+02;5.543495e-02;-1.099864e-01;4.636405e-02;3.925247e-01;1.846319e-01;2.343316e-01;2.900649e+00;5.368048e+01;6.700678e+00;-1.661022e+01;5.185501e+00;1.156198e+01;6.137956e+00;6.709263e+00;4.831788e+00;-1.176806e+01;6.035296e+00;-3.926294e+00;6.446609e+00;-4.773581e+00;4.934196e+00;-6.811594e+00;6.751984e+00;-1.855550e+01;4.628189e+00;-5.333104e-01;7.226971e+00;3.013487e+00;4.173036e+00;-2.113705e+01;3.538877e+00;1.443537e+01;4.628025e+00;1.891331e+01;6.259306e-06;-4.182222e-07;2.855088e-07;5.342859e-09;7.993398e-06;-1.523612e-08;7.839738e-06;-9.949879e-07;1.170409e-05;-1.658826e-07;7.026229e-05;-3.695888e-06;9.474456e-03;-9.168707e-03;1.644103e-02;-4.684615e-03;4.901332e-04;-4.264656e-04;4.350927e-04;-6.311412e-05;7.220628e-04;3.463875e-05;2.276920e-03;1.521784e-05;5.700552e-03;-1.707808e-04;5.045452e-03;-1.910779e-03;1.046671e-02;-4.686004e-03;4.153771e-02;-2.062221e-03;8.874994e-03;-9.085253e-04;1.232218e-02;-5.635308e-03;3.737324e-02;-2.246652e-03;2.338208e-02;-9.566289e-04;2.287121e-02;1.117978e-03;2.560187e-02;-1.593909e-03;3.229665e-02;-8.038760e-03;4.457499e-02;-5.325470e-03;4.075408e-02;-1.124552e-02;5.572149e-02;-2.088547e-02;5.322652e-02;-1.344735e-02;3.929655e-02;-6.320916e-03;5.461608e-02;-1.658639e-02;4.093405e-02;-1.131764e-02;4.966186e-02;-4.436259e-03;5.738086e-02;-1.442671e-03;5.671379e-02;-1.243055e-03;5.037310e-02;-9.688794e-04;4.354978e-02;-7.613922e-04;3.400319e-02;-7.772557e-04;2.212808e-02;-1.234393e-02;2.524131e-03;-8.583585e-04;5.666520e+00;-9.618164e-01;5.675242e+00;-1.478613e+00;9.451743e+00;-1.004883e+00;1.903782e+01;-2.339942e+00;2.400783e-02;-1.803927e-03;4.244854e+00;-1.537429e+00;4.030677e-02;-1.593795e-03;5.133300e+03;-7.735013e+02;2.885508e-01;5.024451e-02;2.094914e+01;4.175657e+00;3.003511e-03;2.047059e-03;3.320316e-03;-1.435830e-03;1.623703e-02;-4.878053e-03;8.243485e-01;3.720329e-02;1.036561e+00;1.833547e-01;7.817536e-01;-1.248591e-01;8.194443e-01;1.601265e-01;9.563096e-01;1.850528e-01;9.698135e-01;-2.001804e-02;1.417359e+00;6.273372e-02;1.421258e+00;-1.222350e-03;1.394609e+00;8.640401e-02;1.424454e+00;1.956281e-02;1.216640e+00;-1.144530e-01;1.073431e+00;1.660716e-02;8.457252e-01;-8.697284e-02;1.233674e+00;-3.300310e-02
12.500000;1.059834e-01;9.822237e+01;4.950993e-03;7.848368e-01;7.594354e-02;8.379638e-02;5.297012e-02;6.632641e-02;1.353958e-01;2.027788e-01;1.024059e+00;4.635425e+00;1.714260e-01;6.821063e-01;4.142551e-02;8.637824e-01;7.661842e-03;3.098376e-02;1.901894e-03;1.606954e-02;3.766562e-03;1.270872e-01;1.662473e-02;2.557910e-01;2.286016e-02;3.890607e-01;2.420752e-02;4.993632e-01;4.395524e-02;5.832636e-01;1.030306e-01;6.571051e-01;7.739872e-02;7.572734e-01;9.684166e-02;7.919682e-01;1.018366e-01;8.602378e-01;1.200643e-01;8.778154e-01;1.243077e-01;9.360192e-01;1.118983e-01;9.992266e-01;1.743320e-01;1.042670e+00;2.014428e-01;1.082422e+00;1.840683e-01;1.094990e+00;2.131527e-01;1.133251e+00;1.679617e-01;1.140957e+00;1.199140e-01;1.265263e+00;1.523609e-01;1.160020e+00;1.325677e-01;1.199823e+00;1.496442e-01;1.265927e+00;1.666440e-01;1.181276e+00;1.492105e-01;1.024342e+00;1.305360e-01;8.567502e-01;1.120479e-01;7.038938e-01;8.237862e-02;5.725445e-01;1.089450e-01;2.015227e-01;6.487377e-03;7.667487e-03;3.412226e+01;1.795869e+02;3.295510e+01;2.569629e+02;3.383874e+01;3.453926e+02;8.562540e+01;4.776064e+02;9.679978e-02;2.883247e-01;3.800455e+01;3.016806e+02;1.600002e-01;3.441906e+00;1.594631e+04;5.757111e+04;2.529891e+00;7.142722e+00;2.171076e+02;2.818079e+02;2.370925e-02;-4.924840e-02;3.753609e-02;3.181078e-01;3.794702e-02;6.808607e-02;2.484237e+00;5.451134e+01;5.883667e+00;-6.106365e+00;3.709189e+00;6.390156e+00;3.530645e+00;1.184910e+01;5.712751e+00;-4.914531e+00;5.293450e+00;-5.044924e+00;6.222857e+00;4.691248e-01;5.217726e+00;-6.370638e+00;5.135798e+00;-1.441408e+01;4.873589e+00;-1.200293e+00;5.309465e+00;-5.684569e+00;4.220495e+00;-1.669591e+01;2.980972e+00;1.344119e+01;3.080412e+00;1.700444e+01;6.448444e-06;-8.096483e-07;2.567384e-07;2.511461e-08;5.524618e-06;-1.494642e-07;4.173716e-06;-2.118470e-07;1.342404e-05;-3.591172e-07;9.214651e-05;3.954794e-06;5.680362e-03;-5.763971e-03;1.423336e-02;5.898032e-04;2.762348e-04;-2.506177e-04;3.097607e-04;-9.410432e-05;6.565338e-04;1.113753e-04;2.198869e-03;1.013368e-06;6.111685e-03;-3.176848e-04;4.390802e-03;-5.611274e-06;6.180178e-03;2.712405e-04;3.406254e-02;-1.955350e-03;1.045957e-02;-1.681485e-03;1.437711e-02;-6.402676e-04;2.629497e-02;1.369535e-03;2.562978e-02;2.393956e-04;2.595379e-02;-1.273084e-03;2.647620e-02;-1.515432e-03;4.161128e-02;-4.776182e-04;5.647295e-02;2.395095e-03;5.675739e-02;5.022111e-03;6.827652e-02;5.809313e-03;4.806708e-02;6.223977e-04;3.621430e-02;2.541455e-03;3.970953e-02;1.408581e-03;3.143997e-02;2.139816e-03;5.258907e-02;1.517673e-03;5.518341e-02;7.505934e-04;5.021761e-02;-1.301458e-04;4.394846e-02;-4.350632e-04;3.703056e-02;-2.475827e-04;2.761156e-02;-1.853741e-04;7.692545e-03;-3.272223e-03;6.124977e-04;-2.972496e-04;5.169484e+00;-1.177148e+00;5.296585e+00;-9.043945e-01;7.315319e+00;-1.177148e+00;1.642705e+01;-3.703711e+00;1.897545e-02;-1.074226e-03;2.960882e+00;-1.453236e+00;3.309481e-02;-5.347033e-03;2.777059e+03;-4.799985e+02;5.935175e-01;7.696756e-02;5.396905e+01;5.450365e+00;1.185979e-03;6.934664e-04;2.710717e-03;-1.434368e-03;4.842670e-03;-1.114235e-03;8.081972e-01;-3.117792e-02;1.039608e+00;1.678736e-01;8.450187e-01;1.818524e-02;8.338037e-01;1.209495e-01;1.264158e+00;5.853319e-02;1.080272e+00;-2.211389e-02;1.656499e+00;2.094676e-01;1.497836e+00;-3.008107e-02;1.491488e+00;-7.906909e-02;1.379027e+00;4.811350e-02;1.230166e+00;-2.790369e-02;1.121787e+00;1.289196e-01;7.947131e-01;2.696732e-02;9.752301e-01;1.143615e-02
13.000000;7.264370e-02;9.812812e+01;3.033565e-03;7.852746e-01;6.439764e-02;8.809570e-02;5.816326e-02;9.371484e-02;1.386318e-01;2.086804e-01;1.376871e+00;5.280766e+00;9.766711e-02;4.523426e-01;6.310486e-02;8.835720e-01;4.030778e-03;2.120491e-02;1.456136e-03;1.400983e-02;2.524253e-03;1.279321e-01;1.698377e-02;2.542345e-01;2.034132e-02;3.935255e-01;3.495035e-02;5.076565e-01;4.964542e-02;5.891525e-01;1.292994e-01;7.031333e-01;1.247275e-01;7.780563e-01;1.321392e-01;8.652594e-01;1.136290e-01;9.094272e-01;1.061611e-01;9.019825e-01;1.034259e-01;9.400630e-01;1.060468e-01;9.405791e-01;1.719207e-01;9.928296e-01;1.806304e-01;1.097693e+00;1.874140e-01;1.088475e+00;2.603950e-01;1.103884e+00;2.268555e-01;1.193596e+00;1.426002e-01;1.344168e+00;1.721102e-01;1.303882e+00;1.544820e-01;1.329884e+00;1.517979e-01;1.292936e+00;1.419619e-01;1.182784e+00;1.224114e-01;1.018293e+00;1.108033e-01;8.522157e-01;9.816492e-02;6.971624e-01;6.761859e-02;5.640675e-01;4.014090e-02;7.769643e-02;1.339794e-03;1.490283e-03;3.184068e+01;1.294863e+02;2.772650e+01;2.205000e+02;2.964708e+01;3.024697e+02;5.753947e+01;4.002305e+02;6.176337e-02;1.875269e-01;2.821267e+01;2.488081e+02;1.750127e-01;3.241851e+00;9.057848e+03;3.848540e+04;4.013763e+00;1.071629e+01;3.993513e+02;6.580369e+02;9.581865e-03;-2.240281e-02;2.894153e-02;2.655212e-01;1.175376e-02;3.029018e-02;2.301407e+00;5.411498e+01;6.192079e+00;3.523013e+00;3.765660e+00;5.372125e+00;6.003355e+00;8.647246e+00;6.191635e+00;2.706831e+00;4.268981e+00;-2.017548e+00;4.841427e+00;1.840116e+00;5.039095e+00;-2.420289e+00;4.635055e+00;-1.399963e+01;5.447024e+00;-5.494593e+00;5.568332e+00;-5.316096e+00;5.056254e+00;-1.051965e+01;4.504403e+00;1.096773e+01;2.743014e+00;1.566610e+01;5.761762e-06;-1.768380e-07;2.081810e-07;3.206388e-09;5.982216e-06;3.922107e-07;5.684362e-06;-2.621470e-08;1.329545e-05;-5.671983e-08;1.263180e-04;6.009194e-06;5.487607e-03;-2.947449e-03;1.613676e-02;1.577249e-03;1.915955e-04;-1.326226e-04;3.268716e-04;-1.637693e-05;4.615365e-04;-2.140303e-05;2.308227e-03;9.199843e-05;5.700855e-03;1.631033e-04;4.879050e-03;6.963984e-04;5.341078e-03;1.721953e-03;3.014584e-02;9.988428e-04;1.485389e-02;9.690808e-04;1.825405e-02;9.317625e-04;2.622942e-02;1.918233e-04;2.860147e-02;-2.358190e-04;2.720465e-02;4.721659e-04;3.246211e-02;1.686620e-03;4.549785e-02;1.567570e-03;5.802647e-02;6.340862e-04;5.417122e-02;3.120906e-03;7.017862e-02;5.129858e-03;5.826249e-02;4.518799e-03;4.027602e-02;3.769377e-03;4.085173e-02;3.353838e-03;4.336039e-02;3.028320e-03;5.241491e-02;1.863741e-03;4.603181e-02;1.245025e-03;4.193782e-02;1.501925e-03;3.875541e-02;1.342466e-03;3.352634e-02;1.264789e-03;2.458819e-02;1.001268e-03;3.176280e-03;-1.302760e-03;1.412163e-04;-5.625420e-05;3.707493e+00;-7.177734e-01;7.024197e+00;-1.291992e-01;6.247516e+00;-5.742188e-01;1.231398e+01;-2.009766e-01;1.373929e-02;-1.340980e-03;2.389890e+00;-5.610345e-01;2.596065e-02;-1.759343e-03;1.707224e+03;-2.125310e+02;8.977637e-01;8.539756e-02;8.637645e+01;9.755524e+00;5.266183e-04;2.993293e-04;2.458806e-03;-5.530662e-04;1.891939e-03;-3.427327e-04;7.267568e-01;-1.567922e-02;9.639623e-01;1.799826e-01;9.152226e-01;2.494709e-02;9.005439e-01;-1.512509e-01;1.261078e+00;3.218507e-02;1.045306e+00;7.492083e-02;1.462877e+00;2.069229e-03;1.200838e+00;9.336112e-02;1.510686e+00;5.988570e-02;1.116204e+00;-5.503923e-02;1.185176e+00;6.907862e-03;1.018905e+00;6.676812e-02;1.100366e+00;-1.259705e-05;8.771425e-01;1.594133e-02
13.500000;5.915772e-02;9.808346e+01;9.052883e-03;7.906756e-01;6.589983e-02;7.994679e-02;6.334835e-02;8.637401e-02;1.245670e-01;2.052472e-01;1.473282e+00;5.987623e+00;4.723917e-02;3.338654e-01;5.804192e-02;9.239823e-01;2.534003e-03;1.600580e-02;1.375446e-03;1.272739e-02;2.963215e-03;1.254397e-01;1.763512e-02;2.609712e-01;2.106466e-02;3.941047e-01;3.676029e-02;5.138665e-01;6.075332e-02;5.993379e-01;1.088669e-01;7.544710e-01;1.045017e-01;7.978348e-01;1.236654e-01;8.420004e-01;1.121143e-01;8.833549e-01;9.930103e-02;9.261858e-01;8.172422e-02;9.830773e-01;1.608051e-01;1.032295e+00;1.568269e-01;1.079992e+00;1.344344e-01;1.143889e+00;1.664241e-01;1.152278e+00;2.489475e-01;1.176808e+00;2.164865e-01;1.326850e+00;1.360338e-01;1.406425e+00;1.273131e-01;1.436820e+00;1.305782e-01;1.434970e+00;1.504900e-01;1.324573e+00;1.185143e-01;1.211426e+00;1.239825e-01;1.047622e+00;1.198929e-01;8.743170e-01;1.109924e-01;7.143082e-01;7.575946e-02;5.803216e-01;1.517535e-02;3.904808e-02;2.563852e-04;3.595294e-04;1.149424e+01;1.029287e+02;2.626541e+01;1.983926e+02;2.575837e+01;2.730410e+02;3.025702e+01;3.479766e+02;3.616097e-02;1.369271e-01;1.704934e+01;2.176630e+02;1.227672e-01;3.071368e+00;4.981212e+03;2.959973e+04;5.667187e+00;1.719681e+01;5.531514e+02;1.311398e+03;3.663620e-03;-1.257359e-02;1.851431e-02;2.336577e-01;7.314437e-03;1.741873e-02;2.582608e+00;5.224815e+01;4.434408e+00;1.029949e+01;3.692552e+00;8.184856e+00;5.029705e+00;3.267618e+00;3.862938e+00;6.778690e+00;3.216962e+00;6.093884e-01;4.734825e+00;-1.638804e+00;4.065170e+00;2.489347e+00;5.851808e+00;-9.777591e+00;4.624685e+00;-7.512212e+00;4.333707e+00;-3.716052e+00;3.922197e+00;-9.186760e+00;4.552323e+00;6.842776e+00;3.321237e+00;1.414443e+01;7.974819e-06;5.194890e-07;4.929966e-07;-1.901664e-08;5.366515e-06;-1.743749e-07;5.487072e-06;-3.615944e-07;1.201048e-05;1.361292e-08;1.230152e-04;3.998603e-06;4.796600e-03;-1.210328e-03;1.695591e-02;1.118362e-03;1.189588e-04;-8.193110e-05;4.047654e-04;3.980853e-05;3.805291e-04;-1.357577e-04;2.737964e-03;-2.384878e-04;6.200666e-03;-1.095037e-04;6.106623e-03;5.893151e-05;8.929597e-03;7.935535e-05;2.713825e-02;1.222721e-03;1.390028e-02;1.509106e-03;1.938011e-02;8.114753e-04;2.783464e-02;8.560591e-04;2.764017e-02;-1.348030e-05;3.142258e-02;3.492548e-03;4.861994e-02;6.107863e-03;5.087671e-02;3.109105e-03;5.612259e-02;5.096876e-03;5.978687e-02;6.052325e-03;6.086712e-02;1.225696e-03;5.993260e-02;4.599090e-03;4.347519e-02;-3.838479e-04;3.821453e-02;9.434517e-04;4.527183e-02;1.887551e-03;5.169133e-02;-6.025227e-04;3.702687e-02;-9.396353e-04;4.162097e-02;-1.259753e-03;4.025606e-02;-1.410557e-03;3.595063e-02;-1.623474e-03;2.617770e-02;-1.257723e-03;1.600996e-03;-3.993127e-04;4.878336e-05;-5.231346e-06;3.746200e+00;-1.435547e-01;7.451802e+00;-1.722656e-01;6.112463e+00;-1.435547e-01;5.902787e+00;-3.588867e-01;1.083690e-02;-6.354880e-04;2.396289e+00;-6.832009e-02;2.787742e-02;-2.423214e-04;1.875267e+03;1.935102e+02;1.156784e+00;2.498193e-02;1.180378e+02;1.495816e+00;2.603598e-04;1.264990e-04;2.441355e-03;-1.204184e-04;9.644891e-04;-2.040717e-04;6.316832e-01;-2.988224e-02;1.237705e+00;-3.291929e-02;7.419347e-01;7.395575e-02;1.004979e+00;-5.484128e-02;9.471251e-01;7.517388e-02;9.553097e-01;-4.098627e-02;1.147763e+00;-8.714298e-02;8.984559e-01;1.464252e-01;1.385000e+00;1.201368e-01;1.167919e+00;-1.979166e-02;1.305211e+00;-3.092296e-04;9.888200e-01;-4.043440e-02;1.153062e+00;-9.347979e-02;9.394496e-01;-3.204864e-02
14.000000;6.366533e+01;1.356788e+02;2.212238e-02;7.841827e-01;9.546872e-02;9.358355e-02;1.158945e-01;9.785499e-02;9.887278e-02;1.614038e-01;2.782953e+00;5.076920e+00;7.276999e-01;9.021163e-01;8.371016e-01;1.438828e+00;3.166835e-02;3.920853e-02;1.036394e-02;2.190224e-02;3.614280e-02;1.400245e-01;1.363309e-01;3.335782e-01;2.184105e-01;5.141207e-01;2.310558e-01;6.594133e-01;5.350038e-01;9.090209e-01;7.104189e-01;1.147036e+00;5.266146e-01;1.114768e+00;7.286193e-01;1.191949e+00;1.364393e+00;1.643114e+00;1.293692e+00;1.685871e+00;1.589242e+00;1.942125e+00;2.072683e+00;2.213277e+00;1.437898e+00;1.976423e+00;2.407571e+00;2.448444e+00;2.002602e+00;2.337659e+00;1.581118e+00;2.096550e+00;1.446994e+00;2.272502e+00;1.158093e+00;2.067470e+00;7.301549e-01;1.859555e+00;7.056076e-01;1.818891e+00;4.800398e-01;1.617038e+00;3.827640e-01;1.443241e+00;3.802837e-01;1.276420e+00;3.648369e-01;1.085813e+00;3.179936e-01;8.993826e-01;2.275248e-01;7.158526e-01;5.124029e-01;4.129075e-01;2.268425e-01;1.794685e-01;7.284661e+01;1.630781e+02;1.066188e+02;2.774912e+02;3.008242e+02;5.142129e+02;4.922092e+02;7.652900e+02;2.757557e-01;3.234529e-01;1.877514e+02;3.742641e+02;5.717665e-01;3.535597e+00;1.034905e+05;1.191145e+05;9.873492e+00;1.222466e+01;8.728185e+02;8.891655e+02;1.383820e-01;-1.191849e-01;1.625951e-01;3.682901e-01;3.357547e-01;2.731335e-01;3.708758e+00;5.171178e+01;1.874540e+01;-5.434529e+00;7.270666e+00;6.131909e+00;7.515409e+00;7.496469e+00;6.218657e+00;2.721570e+00;5.166285e+00;-1.137234e+00;6.515878e+00;-6.306667e+00;7.098907e+00;-9.226950e-01;4.196599e+00;-5.899263e+00;5.158190e+00;-4.035991e+00;6.282732e+00;-1.717558e+00;4.420496e+00;-9.877952e+00;5.753948e+00;2.067810e+00;8.466897e+00;7.145832e+00;2.253866e-03;7.506205e-06;1.688515e-06;-4.452754e-08;6.358779e-06;2.779736e-08;8.919943e-06;1.731343e-07;9.212162e-06;2.340759e-07;1.940839e-04;-4.206228e-06;5.684129e-02;1.164599e-02;1.458562e-01;-6.831865e-04;2.361692e-03;5.716195e-04;8.681240e-04;1.284958e-04;8.721268e-03;1.001709e-04;3.049380e-02;2.323273e-04;3.725889e-02;7.125145e-05;3.218965e-02;7.745911e-04;8.161191e-02;-2.322151e-04;1.062454e-01;3.186815e-05;1.030488e-01;1.321264e-03;1.376909e-01;1.116618e-03;2.482294e-01;5.665179e-03;2.173690e-01;5.695493e-03;3.455536e-01;1.338777e-03;3.903180e-01;-2.630983e-04;2.436774e-01;-1.275955e-03;4.548629e-01;-8.394950e-04;3.652342e-01;-2.600943e-03;2.762462e-01;-1.753003e-03;2.654597e-01;-2.358056e-03;2.371017e-01;-4.331352e-03;1.523205e-01;-5.868933e-03;1.608391e-01;-6.114331e-03;1.183855e-01;-1.739392e-03;9.220248e-02;-1.373202e-03;9.194019e-02;-1.546285e-03;8.599678e-02;-1.399945e-03;7.318648e-02;-1.424843e-03;5.432497e-02;-9.893092e-04;4.690343e-02;8.638086e-03;2.134996e-02;3.053250e-03;1.077617e+01;1.291992e+00;2.040341e+01;1.392480e+00;4.362913e+01;4.493262e+00;4.750489e+01;6.474317e+00;3.802713e-02;6.981070e-03;2.008176e+01;2.661955e+00;6.141819e-02;6.859101e-03;1.121321e+04;1.022704e+03;1.058620e+00;-1.645622e-01;9.837267e+01;-1.423198e+01;9.714195e-03;-2.452888e-03;1.671188e-02;2.436123e-03;2.874092e-02;5.937967e-03;9.972221e-01;7.603537e-02;1.641930e+00;-3.211201e-01;1.382503e+00;-1.702359e-01;1.468006e+00;1.072381e-01;1.400952e+00;-1.365431e-02;1.596666e+00;1.440820e-02;1.497688e+00;-1.710595e-02;1.368457e+00;-1.842695e-01;1.309649e+00;-4.396667e-02;1.449668e+00;7.181664e-02;1.666759e+00;7.164369e-02;1.471568e+00;7.381288e-02;1.317944e+00;-1.332852e-01;1.172757e+00;-2.310950e-01
14.500000;8.818457e+01;1.638980e+02;2.097583e-02;7.666641e-01;1.434119e-01;1.423251e-01;1.465150e-01;1.333987e-01;9.286705e-02;1.636001e-01;3.035783e+00;3.766130e+00;4.296263e-01;1.481842e+00;8.277826e-01;1.489874e+00;1.954428e-02;6.397023e-02;5.603800e-03;3.002142e-02;3.516049e-02;1.425936e-01;1.358549e-01;3.345930e-01;2.083721e-01;5.319777e-01;2.057695e-01;7.004107e-01;5.266556e-01;9.234635e-01;7.167785e-01;1.135439e+00;5.095462e-01;1.182982e+00;6.962855e-01;1.247146e+00;1.349834e+00;1.676370e+00;1.288219e+00;1.704427e+00;1.589473e+00;1.949234e+00;2.092563e+00;2.173855e+00;1.437000e+00;2.022846e+00;2.357542e+00;2.619488e+00;1.973360e+00;2.493687e+00;1.573611e+00;2.237379e+00;1.469608e+00;2.454090e+00;1.295730e+00;2.284847e+00;9.127879e-01;1.966823e+00;9.015303e-01;1.920150e+00;5.189340e-01;1.634380e+00;3.978815e-01;1.441023e+00;3.894502e-01;1.269039e+00;3.723750e-01;1.082071e+00;3.248958e-01;8.980626e-01;2.389010e-01;7.103403e-01;3.553014e-01;7.346807e-01;1.733290e-01;2.718090e-01;3.720781e+01;2.281084e+02;7.198319e+01;3.385020e+02;2.086795e+02;6.640840e+02;2.866754e+02;1.145279e+03;2.198149e-01;5.160380e-01;1.031116e+02;5.092982e+02;2.819219e-01;3.966232e+00;7.199604e+04;1.984093e+05;2.590866e+00;2.869962e+00;9.897056e+01;5.374591e+01;9.104436e-02;-2.085116e-01;8.412175e-02;4.882285e-01;2.384876e-01;4.654230e-01;4.288579e+00;5.324866e+01;7.766818e+00;-2.260957e+01;1.048591e+01;3.986874e+00;5.577833e+00;1.155870e+01;8.434512e+00;-3.819694e+00;5.065840e+00;-2.515062e+00;5.968551e+00;-8.231608e+00;6.803645e+00;-6.261207e+00;4.479166e+00;-6.556766e+00;5.931415e+00;-4.374040e+00;5.300323e+00;7.616835e-01;4.468614e+00;-8.335020e+00;5.478140e+00;-4.156330e+00;5.973510e+00;-1.748574e+00;4.131154e-03;-2.517546e-05;1.849782e-06;-3.799017e-08;1.045890e-05;1.045189e-06;1.143285e-05;3.252326e-07;7.072782e-06;5.270509e-08;2.110868e-04;-3.992806e-06;6.648237e-02;7.919051e-03;1.511588e-01;-2.692374e-03;2.546916e-03;3.983754e-04;1.003209e-03;5.353992e-05;8.745230e-03;-7.968438e-07;3.047335e-02;-2.542499e-04;3.704851e-02;-1.074363e-04;3.411987e-02;7.233011e-04;8.264183e-02;2.092282e-04;1.062570e-01;-1.292751e-03;1.088227e-01;3.720533e-04;1.372015e-01;1.752385e-05;2.499159e-01;-3.101077e-03;2.197848e-01;-2.603576e-03;3.456506e-01;-5.832422e-03;3.886434e-01;-6.730085e-03;2.487004e-01;-5.848256e-03;4.598528e-01;-8.166228e-03;3.709114e-01;-9.791344e-03;2.999531e-01;-4.235278e-03;3.132669e-01;-6.628610e-03;3.058517e-01;-3.822329e-03;2.049004e-01;-4.701858e-03;2.090295e-01;-6.307894e-03;1.276815e-01;-2.597379e-03;9.417607e-02;-1.431065e-03;9.107286e-02;-1.679727e-04;8.543120e-02;6.179833e-04;7.309555e-02;9.934278e-04;5.518047e-02;6.853815e-04;5.643266e-02;5.489020e-03;2.406396e-02;3.216648e-04;1.078358e+01;1.507324e+00;2.228973e+01;1.076660e+00;4.811916e+01;1.248926e+00;5.903816e+01;3.158203e+00;4.826819e-02;5.058287e-03;2.223207e+01;1.544675e+00;6.608179e-02;3.093845e-03;1.461890e+04;2.819256e+02;5.870942e-01;-9.887419e-02;3.114494e+01;-6.954809e+00;1.174254e-02;-1.173416e-03;1.817904e-02;1.584983e-03;3.400112e-02;2.405387e-03;1.021179e+00;5.353611e-02;1.759352e+00;-1.488356e-01;2.297714e+00;-8.049422e-02;1.522552e+00;-5.440822e-03;1.832516e+00;-2.536401e-01;1.824309e+00;2.925528e-02;1.466529e+00;-2.254169e-02;1.577404e+00;-1.208586e-01;1.693266e+00;1.832573e-02;1.372326e+00;-8.926311e-02;1.863198e+00;-4.883605e-02;1.376692e+00;5.321330e-02;1.298220e+00;-5.075116e-02;1.083271e+00;-1.106533e-01
15.000000;9.435997e+01;1.689102e+02;1.799428e-02;7.639706e-01;1.483788e-01;1.537556e-01;1.348669e-01;1.076040e-01;1.076272e-01;1.906878e-01;6.708202e+00;2.771903e+00;2.350299e-01;1.400152e+00;2.182751e-01;1.000897e+00;7.775679e-03;5.890185e-02;7.453730e-03;3.091333e-02;9.265140e-03;1.265204e-01;2.321224e-02;2.601954e-01;2.363059e-02;4.159356e-01;4.683600e-02;5.557376e-01;8.937650e-02;6.433558e-01;1.092116e-01;7.363580e-01;1.702165e-01;8.547463e-01;7.552695e-02;8.950758e-01;2.489459e-01;1.003733e+00;2.550894e-01;1.066843e+00;3.102203e-01;1.112060e+00;4.552576e-01;1.256172e+00;4.227927e-01;1.293278e+00;4.887917e-01;1.353051e+00;5.353365e-01;1.443324e+00;5.831940e-01;1.493531e+00;6.905338e-01;1.486133e+00;8.526366e-01;1.502538e+00;6.831207e-01;1.458099e+00;6.786644e-01;1.429615e+00;2.822440e-01;1.313715e+00;1.709268e-01;1.174889e+00;1.463137e-01;1.019991e+00;1.366253e-01;8.558134e-01;1.265074e-01;7.031391e-01;9.910374e-02;5.694723e-01;1.380241e-01;5.769001e-01;1.742516e-01;2.221599e-01;3.511988e+01;2.450479e+02;1.163363e+02;3.565898e+02;3.128231e+02;6.995420e+02;3.016513e+02;1.121449e+03;1.453907e-01;4.730898e-01;1.332974e+02;5.257620e+02;2.772735e-01;3.921699e+00;8.127686e+04;1.989550e+05;1.116096e+00;2.302625e+00;2.254969e+01;2.912617e+01;4.492829e-02;-1.625669e-01;1.022666e-01;5.009537e-01;1.365625e-01;3.537564e-01;3.735920e+00;5.518944e+01;7.730927e+00;-2.437156e+01;1.016845e+01;3.261837e+00;6.980183e+00;1.454433e+01;7.928340e+00;-6.165316e+00;5.568869e+00;-4.103069e+00;4.621094e+00;-5.997618e+00;6.666485e+00;-8.266988e+00;5.351364e+00;-8.510123e+00;6.052423e+00;-4.897076e+00;4.804988e+00;-1.601800e+00;4.277689e+00;-9.627225e+00;5.716102e+00;-4.549370e+00;4.404433e+00;-1.326839e+00;4.462762e-03;-5.286176e-06;1.395297e-06;-3.235298e-08;1.154636e-05;1.624647e-06;9.405677e-06;1.220022e-06;7.970937e-06;2.718307e-07;5.415813e-04;2.631502e-06;4.349791e-02;-4.328451e-03;4.554575e-02;-9.242477e-04;1.336138e-03;-2.416164e-04;9.962814e-04;-2.481733e-05;2.972085e-03;-9.943362e-05;5.376340e-03;-5.879301e-04;4.407820e-03;-1.203009e-04;1.393382e-02;-6.174362e-04;2.178817e-02;2.644393e-04;2.272066e-02;-6.028143e-04;3.708963e-02;-2.360581e-03;1.378251e-02;-3.837463e-04;5.104057e-02;-5.148125e-03;5.355427e-02;-6.036030e-03;5.395260e-02;-2.706057e-03;8.481587e-02;-3.255185e-03;9.358824e-02;-2.228282e-03;9.898989e-02;3.595548e-04;1.056103e-01;7.526240e-04;1.511289e-01;-1.735576e-03;1.796317e-01;-4.179671e-03;1.991437e-01;-1.923275e-03;1.428500e-01;1.142037e-03;1.390894e-01;1.127190e-03;7.048994e-02;6.798573e-04;4.595143e-02;1.101070e-03;4.176828e-02;7.774111e-04;3.799575e-02;7.078298e-04;3.489634e-02;5.889155e-04;2.731880e-02;4.530655e-04;3.461653e-02;-4.286484e-03;3.881399e-02;-2.367625e-03;9.242012e+00;-7.177734e-02;3.230006e+01;-5.598633e-01;5.637680e+01;-2.885449e+00;5.551081e+01;-1.062305e+00;3.769059e-02;-3.584352e-03;2.380779e+01;-7.502542e-01;5.095390e-02;-1.925504e-03;1.472441e+04;-2.378185e+02;2.032986e-01;1.339195e-02;5.294500e+00;3.344918e-01;8.427048e-03;1.554473e-03;1.847417e-02;-6.444145e-04;2.847590e-02;-4.251051e-03;7.155943e-01;-3.194632e-03;1.609239e+00;1.164858e-02;2.078362e+00;1.946675e-02;1.241512e+00;5.091699e-02;1.758746e+00;-4.602615e-02;1.609725e+00;-1.232020e-01;1.498988e+00;4.194064e-02;1.468223e+00;6.026011e-02;2.059335e+00;-7.617107e-02;1.271819e+00;-2.647080e-02;1.817037e+00;5.315563e-03;1.053654e+00;-4.720699e-02;1.383595e+00;3.670918e-02;8.487877e-01;1.131058e-01
15.500000;7.350818e+01;1.487740e+02;2.155389e-02;7.723956e-01;1.389201e-01;1.567144e-01;1.228397e-01;9.805390e-02;1.270154e-01;2.088052e-01;6.626014e+00;3.550004e+00;2.433711e-01;1.263928e+00;3.171560e-01;1.049476e+00;6.696010e-03;5.151269e-02;7.092461e-03;3.075334e-02;9.093207e-03;1.266364e-01;2.525891e-02;2.628453e-01;2.239335e-02;4.017031e-01;5.863898e-02;5.568179e-01;1.731878e-01;7.271433e-01;1.122923e-01;7.213779e-01;7.605553e-02;7.893364e-01;2.237974e-01;9.851153e-01;2.414309e-01;9.795626e-01;2.183579e-01;1.103850e+00;3.127145e-01;1.100107e+00;4.868749e-01;1.210842e+00;3.637364e-01;1.213224e+00;2.167081e-01;1.148144e+00;5.519326e-01;1.403878e+00;1.710086e+00;1.914534e+00;1.121693e+00;1.610452e+00;6.257909e-01;1.435903e+00;1.454237e+00;1.862954e+00;1.057202e+00;1.662907e+00;5.020996e-01;1.487707e+00;2.237856e-01;1.248374e+00;2.102873e-01;1.089522e+00;1.733621e-01;9.135112e-01;1.267658e-01;7.356814e-01;9.596151e-02;5.942486e-01;1.155160e-01;4.810654e-01;1.844542e-01;1.727905e-01;4.071085e+01;2.549531e+02;1.136895e+02;3.675000e+02;3.326185e+02;6.594902e+02;3.060902e+02;1.063166e+03;1.055330e-01;4.208826e-01;1.411801e+02;5.176321e+02;2.984721e-01;3.844842e+00;9.223317e+04;1.952420e+05;1.183960e+00;2.558885e+00;2.479077e+01;3.297536e+01;3.260785e-02;-1.234915e-01;1.083798e-01;4.950303e-01;1.349237e-01;2.922350e-01;5.134352e+00;5.502734e+01;7.885681e+00;-2.274494e+01;1.097215e+01;2.180528e+00;1.083253e+01;1.366954e+01;8.421555e+00;-4.370817e+00;7.878640e+00;-5.138187e+00;4.969477e+00;-4.325262e+00;5.445378e+00;-1.039155e+01;7.773031e+00;-1.579230e+01;6.226499e+00;-2.607001e+00;7.081921e+00;2.418270e+00;7.626957e+00;-1.149997e+01;1.040178e+01;1.996967e+00;9.228514e+00;5.945518e+00;3.122267e-03;2.757935e-05;1.171719e-06;8.905739e-08;1.062201e-05;8.666142e-07;9.475875e-06;1.147337e-06;1.007602e-05;8.469848e-07;5.329489e-04;2.710743e-06;4.422113e-02;1.380335e-03;6.689334e-02;2.721163e-03;1.320095e-03;1.289157e-06;1.060320e-03;9.145881e-05;2.924381e-03;9.899445e-05;5.723219e-03;5.060540e-04;4.950190e-03;2.115187e-04;1.148793e-02;3.185438e-04;3.617650e-02;1.908420e-03;2.450576e-02;2.025877e-05;1.534726e-02;-2.491112e-04;3.986118e-02;1.067802e-03;4.790891e-02;1.081260e-03;4.892706e-02;3.870560e-03;4.998968e-02;4.889586e-03;9.478960e-02;1.999350e-03;7.874012e-02;2.993071e-03;6.604161e-02;4.592704e-03;1.196956e-01;3.201810e-03;3.568388e-01;5.889522e-03;2.009536e-01;5.495716e-03;1.063748e-01;4.226622e-03;3.360259e-01;7.357961e-03;2.370416e-01;6.393815e-03;1.160471e-01;5.011780e-03;6.102791e-02;3.302939e-03;5.876480e-02;1.920933e-03;4.951033e-02;1.575245e-03;4.018340e-02;1.727080e-03;3.076721e-02;1.337808e-03;2.604195e-02;-3.162357e-05;3.828320e-02;4.427976e-04;1.040227e+01;2.153320e-01;3.208046e+01;9.761719e-01;5.938780e+01;3.732422e-01;6.294257e+01;2.569629e+00;2.949608e-02;-2.068150e-03;2.670856e+01;8.818333e-01;5.902996e-02;1.045741e-03;1.857742e+04;7.412704e+02;2.362110e-01;-5.853090e-03;6.516562e+00;-2.390738e-01;6.896844e-03;7.776841e-05;2.078419e-02;7.295748e-04;2.716455e-02;1.039816e-03;9.503448e-01;-5.287252e-02;1.443399e+00;-4.798326e-02;1.691997e+00;7.003962e-02;1.642927e+00;-6.662505e-02;1.724736e+00;7.457980e-02;1.412599e+00;6.367783e-02;1.724954e+00;-3.862488e-02;1.318993e+00;-1.383015e-01;1.825855e+00;-2.070706e-01;1.306265e+00;1.786442e-01;1.635622e+00;1.705381e-01;1.474197e+00;-9.948535e-02;1.920683e+00;1.758925e-01;1.216150e+00;1.909289e-01
16.000000;2.504209e+01;1.062725e+02;1.670432e-02;7.801435e-01;1.488054e-01;1.700139e-01;1.129428e-01;1.107607e-01;1.386601e-01;2.305796e-01;1.374394e+00;5.061621e+00;2.027038e-01;1.099576e+00;3.120156e-01;1.013947e+00;5.782827e-03;4.530714e-02;5.535814e-03;2.565256e-02;4.420428e-03;1.280603e-01;1.708768e-02;2.754664e-01;2.862791e-02;4.126529e-01;6.446144e-02;5.425246e-01;1.803992e-01;6.916060e-01;1.053000e-01;6.966456e-01;7.979978e-02;7.856116e-01;2.460110e-01;9.360697e-01;1.085848e-01;8.585988e-01;1.592952e-01;1.004597e+00;1.482144e-01;1.020467e+00;1.492164e-01;9.779727e-01;1.706753e-01;1.063836e+00;1.788510e-01;1.107054e+00;5.301677e-01;1.318093e+00;1.695225e+00;1.877105e+00;1.088198e+00;1.702723e+00;5.789131e-01;1.539979e+00;1.467898e+00;1.813682e+00;1.065337e+00;1.628368e+00;5.176779e-01;1.430445e+00;2.203536e-01;1.237407e+00;2.146868e-01;1.076856e+00;1.775148e-01;9.032332e-01;1.259041e-01;7.376201e-01;9.768602e-02;5.959477e-01;1.382562e-01;4.108118e-01;3.754275e-02;6.548205e-02;3.229534e+01;2.344248e+02;5.556067e+01;3.161074e+02;1.009600e+02;4.354014e+02;2.459375e+02;8.662090e+02;9.636917e-02;3.774815e-01;8.093778e+01;4.280771e+02;2.358378e-01;3.649133e+00;8.029723e+04;1.640485e+05;9.597334e-01;3.555346e+00;2.637371e+01;4.390298e+01;2.357805e-02;-9.666721e-02;6.429068e-02;4.216931e-01;1.111712e-01;2.258377e-01;4.744913e+00;5.315252e+01;5.939455e+00;-1.939962e+01;1.173025e+01;9.869044e+00;8.958402e+00;9.125702e+00;9.441339e+00;-8.093504e+00;9.629540e+00;2.500131e+00;5.006565e+00;-2.459149e+00;9.966462e+00;-1.877332e+01;4.896513e+00;-2.029689e+01;7.841012e+00;3.619423e+00;6.740334e+00;3.727541e+00;7.771828e+00;-1.531704e+01;9.479014e+00;7.373827e+00;8.669537e+00;1.098680e+01;1.349145e-03;7.099081e-07;5.127715e-07;3.597185e-08;9.388534e-06;-3.893175e-07;8.461619e-06;-1.763256e-07;9.620877e-06;-2.425907e-07;6.882472e-05;-2.176910e-07;3.517623e-02;-2.618032e-03;6.498814e-02;1.883038e-04;8.596645e-04;-1.195525e-04;8.248136e-04;-7.004284e-05;7.070233e-04;9.332717e-05;3.065654e-03;4.964505e-04;5.196453e-03;8.251751e-05;1.028161e-02;-8.018430e-04;3.339174e-02;-2.092460e-03;3.524107e-02;-1.534193e-03;1.289108e-02;1.705221e-03;4.229540e-02;1.457183e-03;3.695282e-02;-4.872724e-04;4.108558e-02;7.093399e-04;2.188766e-02;1.020836e-03;5.121432e-02;9.330228e-05;5.092013e-02;5.585409e-04;5.388661e-02;1.614716e-03;1.085442e-01;3.639847e-03;3.487870e-01;4.141450e-03;1.968442e-01;3.404912e-03;1.025897e-01;2.259597e-03;3.367327e-01;1.572859e-03;2.371424e-01;1.136185e-03;1.126835e-01;-3.430157e-03;6.057112e-02;-2.667627e-03;5.987793e-02;-2.569591e-03;5.086771e-02;-2.250483e-03;4.200217e-02;-1.831622e-03;3.271944e-02;-1.425162e-03;2.188882e-02;-2.331218e-03;8.350447e-03;-5.265984e-04;6.481856e+00;-3.588867e-01;1.003334e+01;-7.608398e-01;2.861243e+01;-1.435547e+00;5.034448e+01;-3.847266e+00;2.549918e-02;-1.372051e-04;1.578559e+01;-1.133498e+00;4.983063e-02;-5.076275e-03;1.610604e+04;-2.550128e+02;1.767407e-01;2.314861e-02;5.920025e+00;2.198132e-01;3.814062e-03;3.191092e-04;1.216979e-02;-1.099041e-03;1.611112e-02;-5.381991e-04;9.696686e-01;-4.338426e-02;1.166582e+00;3.281356e-02;1.629674e+00;2.287225e-01;1.712471e+00;-5.262333e-02;1.514845e+00;-1.046801e-01;1.409461e+00;2.568871e-01;1.504458e+00;1.313062e-01;1.123891e+00;-1.532103e-01;1.416197e+00;-7.321738e-02;1.190795e+00;7.876122e-02;1.391658e+00;-6.189130e-02;1.436083e+00;-1.957342e-01;1.651729e+00;1.283781e-02;1.503304e+00;1.223435e-01
16.500000;7.039624e-02;9.835907e+01;8.691262e-03;7.792509e-01;1.196290e-01;1.456742e-01;8.909370e-02;1.129846e-01;1.338529e-01;2.042203e-01;1.256302e+00;4.859685e+00;2.275566e-01;8.237672e-01;5.501966e-02;8.704872e-01;7.461444e-03;3.565724e-02;5.607980e-03;1.917989e-02;5.336682e-03;1.262847e-01;2.120667e-02;2.672329e-01;3.606105e-02;4.060775e-01;2.465271e-02;5.099025e-01;6.553271e-02;6.062072e-01;9.575738e-02;7.011278e-01;6.939701e-02;7.767440e-01;1.142113e-01;8.549336e-01;9.085415e-02;8.576210e-01;1.742706e-01;9.141377e-01;1.052278e-01;9.802170e-01;1.398943e-01;1.013535e+00;1.473268e-01;1.019728e+00;2.087161e-01;1.075251e+00;1.987999e-01;1.093474e+00;3.017370e-01;1.192225e+00;3.101936e-01;1.253529e+00;1.918548e-01;1.258342e+00;1.684359e-01;1.178338e+00;1.346323e-01;1.185831e+00;1.167417e-01;1.173526e+00;1.159129e-01;1.143178e+00;1.189911e-01;9.840344e-01;1.071544e-01;8.222463e-01;9.701736e-02;6.832232e-01;7.430894e-02;5.557187e-01;1.153269e-01;2.475197e-01;2.579405e-02;2.520480e-02;2.015704e+01;2.041348e+02;4.615769e+01;2.721797e+02;5.409003e+01;3.555850e+02;2.256550e+02;6.101074e+02;1.045855e-01;3.055936e-01;6.698367e+01;3.438827e+02;2.326151e-01;3.455789e+00;6.371954e+04;1.015818e+05;1.838414e+00;5.395395e+00;1.233212e+02;1.419378e+02;2.524982e-02;-6.303743e-02;5.475203e-02;3.507755e-01;7.245257e-02;1.185137e-01;2.512391e+00;5.381417e+01;8.824107e+00;-1.248794e+01;5.208154e+00;1.180824e+01;4.537843e+00;8.913105e+00;5.428570e+00;-9.602418e+00;6.264310e+00;7.443352e+00;4.487679e+00;1.522006e+00;5.413438e+00;-2.363914e+01;5.092627e+00;-1.805690e+01;4.326558e+00;7.153125e+00;6.518052e+00;-3.307375e+00;4.316957e+00;-1.936679e+01;5.388685e+00;7.892651e+00;5.336019e+00;1.426087e+01;3.683441e-06;3.113945e-07;2.145664e-07;-2.470588e-08;6.672337e-06;-3.236217e-07;5.552019e-06;-3.873650e-07;8.310846e-06;-9.035219e-07;6.984267e-05;-5.495157e-06;8.092438e-03;-7.108298e-03;1.324558e-02;-1.068927e-03;3.220481e-04;-2.863869e-04;5.512651e-04;-1.379441e-04;7.280082e-04;-2.449930e-06;2.475432e-03;-8.972328e-05;4.427789e-03;-5.215967e-04;5.353801e-03;-8.138742e-04;9.930953e-03;-1.876558e-03;3.295802e-02;3.907339e-04;1.059417e-02;1.023339e-03;2.205259e-02;-1.643193e-04;2.822355e-02;1.749619e-04;3.715842e-02;-1.097726e-03;1.480639e-02;-2.257449e-03;3.810664e-02;-2.826697e-03;4.761339e-02;-1.765616e-03;6.341183e-02;-4.070824e-03;5.302757e-02;-1.599617e-03;6.341008e-02;-4.874574e-03;5.521933e-02;-5.045267e-03;3.324633e-02;-1.526764e-03;4.800047e-02;-5.138347e-03;3.773993e-02;-1.687691e-03;4.338846e-02;5.367656e-04;4.326687e-02;4.642684e-04;4.304214e-02;1.505488e-03;3.837366e-02;1.603861e-03;3.490234e-02;1.064489e-03;2.660687e-02;8.030935e-04;9.156726e-03;-4.697487e-03;1.366933e-03;-7.487942e-04;4.102626e+00;-1.076660e+00;4.122670e+00;-1.363770e+00;9.154873e+00;-7.464844e-01;2.651568e+01;-3.875977e+00;2.316413e-02;-1.299340e-03;3.792686e+00;-1.713581e+00;3.277545e-02;-1.020772e-03;6.549179e+03;-1.061842e+03;3.562059e-01;5.758971e-02;2.511613e+01;4.346772e+00;1.367477e-03;8.878576e-04;2.785782e-03;-1.520158e-03;6.801350e-03;-3.126347e-03;7.382448e-01;1.885829e-02;8.835333e-01;2.772900e-01;8.985824e-01;-1.394295e-01;1.283233e+00;8.531868e-03;1.201670e+00;6.873380e-02;1.633443e+00;3.575494e-02;1.524671e+00;1.523990e-01;1.314781e+00;5.586835e-03;1.608683e+00;9.136620e-02;1.419966e+00;3.624575e-03;1.504212e+00;-1.833537e-01;1.301878e+00;-1.404522e-02;1.214019e+00;-4.863063e-02;1.451895e+00;-2.328483e-02
17.000000;5.122316e-02;9.840753e+01;7.906373e-03;7.820290e-01;5.805794e-02;1.125820e-01;6.331416e-02;1.085794e-01;1.132961e-01;1.649610e-01;9.076045e-01;4.765103e+00;1.252066e-01;5.265943e-01;4.901205e-02;8.672199e-01;6.149283e-03;2.436366e-02;1.576291e-03;1.449609e-02;4.297412e-03;1.253543e-01;1.710853e-02;2.520505e-01;2.419615e-02;3.834859e-01;1.794035e-02;5.103648e-01;5.207362e-02;6.171474e-01;7.314096e-02;6.944003e-01;8.033338e-02;7.640393e-01;1.247908e-01;8.286088e-01;9.850271e-02;8.682288e-01;1.552278e-01;8.605406e-01;9.621999e-02;8.960945e-01;1.525933e-01;1.008128e+00;2.111835e-01;1.073050e+00;2.506893e-01;1.078679e+00;1.675071e-01;1.045812e+00;2.069471e-01;1.063118e+00;2.483376e-01;1.103793e+00;1.733146e-01;1.237920e+00;1.651143e-01;1.291104e+00;1.313641e-01;1.306824e+00;1.876983e-01;1.264625e+00;1.260273e-01;1.174245e+00;1.436384e-01;1.007881e+00;1.420628e-01;8.405597e-01;1.241497e-01;6.892388e-01;9.072191e-02;5.624222e-01;5.829106e-02;1.081681e-01;3.337326e-03;3.260061e-03;2.376253e+01;1.722656e+02;1.524318e+01;2.404541e+02;2.380585e+01;3.229980e+02;5.906713e+01;4.464551e+02;8.377932e-02;2.157544e-01;2.014086e+01;2.788379e+02;1.259469e-01;3.324631e+00;1.267096e+04;4.494729e+04;3.432107e+00;8.722234e+00;3.272851e+02;4.554249e+02;1.686733e-02;-3.039691e-02;1.893382e-02;2.964883e-01;2.378644e-02;4.188664e-02;2.243890e+00;5.469006e+01;6.227167e+00;4.087934e-02;3.804383e+00;7.069875e+00;4.193903e+00;5.755551e+00;4.989064e+00;-2.009880e+00;7.436794e+00;2.645597e+00;5.282129e+00;9.150860e-01;9.051788e+00;-1.310091e+01;6.096730e+00;-1.456924e+01;5.323737e+00;1.423104e+00;5.742267e+00;-6.632743e+00;7.221019e+00;-1.541287e+01;6.246277e+00;9.762707e+00;3.645690e+00;1.685600e+01;3.694775e-06;-9.383440e-08;2.042618e-07;3.467012e-08;4.266657e-06;9.398595e-08;4.547102e-06;-2.917119e-07;8.671448e-06;2.205194e-08;6.739712e-05;-3.309950e-06;6.407672e-03;-4.754635e-03;1.559695e-02;7.329822e-04;2.328675e-04;-2.213168e-04;4.327763e-04;-4.081633e-05;6.020650e-04;-5.983870e-05;2.257075e-03;-2.936693e-04;5.171346e-03;-5.419088e-04;4.822434e-03;6.760749e-05;8.358786e-03;9.584533e-04;2.273082e-02;1.502582e-03;1.164263e-02;-6.502851e-04;1.620298e-02;-2.254126e-03;3.438057e-02;2.303230e-03;3.819254e-02;6.841806e-04;2.760202e-02;-1.196316e-03;4.024531e-02;2.092514e-04;4.708140e-02;3.746193e-03;7.409228e-02;-2.506854e-03;4.703474e-02;-2.192079e-03;6.524029e-02;-8.623742e-04;5.644448e-02;-1.033124e-03;4.045404e-02;2.459735e-03;3.694632e-02;2.568325e-03;3.558438e-02;2.863327e-03;5.841870e-02;4.314133e-03;4.461411e-02;1.780156e-03;4.575366e-02;2.092000e-03;4.327790e-02;2.231171e-03;3.670720e-02;1.677264e-03;2.692378e-02;1.190522e-03;4.769376e-03;-2.138258e-03;3.241608e-04;-1.575356e-04;3.967931e+00;-8.613281e-01;4.421764e+00;-2.583984e-01;6.040412e+00;-1.004883e-01;1.863107e+01;-1.492969e+00;1.780387e-02;-3.180521e-03;2.318943e+00;-7.308717e-01;2.581185e-02;3.755491e-04;2.087993e+03;-5.118518e+02;8.120118e-01;1.043106e-01;6.686720e+01;1.026623e+01;9.012887e-04;6.021055e-04;2.213218e-03;-6.479053e-04;2.609695e-03;-1.158994e-03;7.106256e-01;-4.228500e-03;8.550600e-01;2.122761e-01;6.503063e-01;-6.539187e-02;1.063327e+00;-7.267051e-02;1.117578e+00;1.555853e-01;1.663855e+00;-1.536884e-01;1.485965e+00;-1.041967e-01;1.871469e+00;2.498957e-01;1.665491e+00;8.942138e-02;1.480074e+00;-7.995028e-02;1.501202e+00;3.472179e-02;1.392878e+00;1.774908e-01;1.456496e+00;8.742673e-02;1.187838e+00;2.036641e-03
17.500000;2.619128e+01;1.025547e+02;1.343968e-02;7.859608e-01;8.156489e-02;1.072444e-01;7.350566e-02;9.825882e-02;1.319092e-01;1.863911e-01;1.556366e+00;4.989619e+00;3.309943e-01;4.826490e-01;7.143975e-01;1.124624e+00;1.153659e-02;2.002737e-02;7.724614e-03;1.617284e-02;2.130408e-02;1.278216e-01;9.118522e-02;2.682049e-01;1.168515e-01;4.152640e-01;8.667421e-02;5.305660e-01;1.705566e-01;6.418940e-01;3.015727e-01;8.157535e-01;3.150922e-01;8.712133e-01;4.412604e-01;9.247757e-01;9.382769e-01;1.160294e+00;1.110738e+00;1.235875e+00;1.659673e+00;1.406696e+00;2.160565e+00;1.642089e+00;1.576661e+00;1.619636e+00;1.505566e+00;1.637897e+00;1.622945e+00;1.665091e+00;1.250418e+00;1.554868e+00;1.635608e+00;1.721242e+00;1.115373e+00;1.692428e+00;7.402304e-01;1.623971e+00;4.394578e-01;1.537077e+00;4.821943e-01;1.446600e+00;3.082151e-01;1.273751e+00;3.012221e-01;1.108017e+00;2.892322e-01;9.333732e-01;2.459512e-01;7.674171e-01;1.749933e-01;6.184205e-01;1.127479e-01;7.448755e-02;1.186921e-01;3.545195e-02;4.340387e+01;1.475742e+02;1.397408e+02;2.688779e+02;2.504318e+02;3.944883e+02;2.963081e+02;5.155049e+02;8.580519e-02;1.654199e-01;1.419850e+02;3.003319e+02;3.310230e-01;3.385668e+00;7.677334e+04;6.181568e+04;4.574923e+00;1.105991e+01;3.665296e+02;7.012679e+02;4.232655e-02;-2.574457e-02;1.148313e-01;3.099082e-01;1.018431e-01;4.665744e-02;2.775553e+00;5.323747e+01;1.224022e+01;2.321866e+00;4.231694e+00;6.782546e+00;6.300749e+00;3.387221e+00;3.761979e+00;8.799626e-01;5.264712e+00;-1.253165e-01;4.430099e+00;-1.816302e+00;6.504050e+00;-4.392197e+00;5.058704e+00;-1.074387e+01;4.199168e+00;-2.084587e+00;6.543490e+00;-3.745061e+00;4.939468e+00;-9.589434e+00;6.630838e+00;8.019897e+00;5.095706e+00;1.402103e+01;1.488446e-03;3.579949e-04;8.031975e-07;-2.489067e-08;5.178283e-06;-3.162378e-07;4.633010e-06;1.071776e-07;8.317174e-06;5.109071e-07;1.288992e-04;-1.270175e-05;5.424173e-02;1.249237e-02;1.390982e-01;2.246768e-02;2.109029e-03;5.004244e-04;1.137190e-03;1.709498e-04;6.980242e-03;6.121130e-04;2.062138e-02;3.533191e-03;2.142501e-02;6.155939e-03;1.967885e-02;4.163490e-03;4.518463e-02;1.086343e-02;5.918038e-02;1.757661e-02;6.264885e-02;1.001454e-02;8.398043e-02;1.356843e-02;1.770916e-01;3.315147e-02;1.995966e-01;3.773199e-02;3.654583e-01;4.150966e-02;4.654907e-01;6.008782e-02;2.965137e-01;4.979660e-02;2.641394e-01;5.336522e-02;2.706231e-01;5.971962e-02;2.125640e-01;4.553615e-02;3.522477e-01;3.926425e-02;2.318264e-01;3.354687e-02;1.455410e-01;2.455972e-02;1.056148e-01;8.447136e-03;1.282079e-01;8.456076e-03;8.471362e-02;5.591736e-03;8.014901e-02;5.419752e-03;7.645897e-02;4.908871e-03;6.639021e-02;3.950880e-03;4.935374e-02;2.628091e-03;2.754319e-02;7.132310e-03;2.227222e-02;4.969173e-03;8.666947e+00;1.004883e+00;3.727917e+01;1.392480e+00;4.999547e+01;6.689649e+00;4.664468e+01;9.532031e+00;2.122793e-02;3.157774e-03;2.638477e+01;3.530982e+00;7.138390e-02;7.272781e-03;1.250476e+04;2.139034e+03;1.160170e+00;-8.055933e-02;9.169563e+01;-4.591542e+00;7.390125e-03;-2.154792e-03;2.087935e-02;2.861381e-03;1.926399e-02;5.929067e-03;7.912324e-01;3.110297e-02;1.656384e+00;-3.718857e-01;9.448493e-01;-1.419293e-02;1.413174e+00;1.448032e-01;1.350235e+00;-2.441586e-02;1.774406e+00;-1.035306e-01;1.277873e+00;-1.321985e-01;1.809363e+00;4.364604e-02;1.462105e+00;5.050881e-02;1.597921e+00;-1.212229e-01;1.535212e+00;6.734779e-02;1.403620e+00;1.088201e-01;1.491809e+00;-1.144094e-01;9.693776e-01;-1.597618e-01
18.000000;6.547398e+01;1.286584e+02;1.816460e-02;7.732975e-01;9.813165e-02;1.069678e-01;1.074884e-01;1.170643e-01;1.260697e-01;1.897129e-01;2.682627e+00;4.689457e+00;6.200841e-01;1.037682e+00;7.857311e-01;1.350924e+00;3.040302e-02;4.777338e-02;8.629576e-03;2.226127e-02;2.470403e-02;1.371543e-01;1.070827e-01;3.164436e-01;1.703021e-01;5.033896e-01;2.685802e-01;6.830966e-01;3.385608e-01;8.056490e-01;4.619486e-01;1.043623e+00;4.559306e-01;1.097033e+00;4.849806e-01;1.123152e+00;1.074413e+00;1.482705e+00;1.215618e+00;1.616787e+00;1.741597e+00;1.881492e+00;2.315712e+00;2.168060e+00;1.767695e+00;2.024469e+00;1.683022e+00;2.159868e+00;1.775329e+00;2.164008e+00;1.378575e+00;1.833790e+00;1.666165e+00;2.001590e+00;1.162979e+00;1.851427e+00;7.882461e-01;1.705097e+00;4.575931e-01;1.599252e+00;5.750613e-01;1.611604e+00;3.782824e-01;1.416304e+00;3.693562e-01;1.255095e+00;3.390093e-01;1.067016e+00;2.847818e-01;8.780548e-01;2.051944e-01;6.978733e-01;6.326786e-01;6.522309e-01;2.116109e-01;1.816952e-01;7.169346e+01;1.969570e+02;1.387217e+02;3.158203e+02;2.901841e+02;5.258408e+02;4.105931e+02;8.119453e+02;2.544742e-01;3.818477e-01;1.670872e+02;4.087615e+02;3.890024e-01;3.616551e+00;8.706962e+04;1.192667e+05;5.831248e+00;7.011755e+00;4.473083e+02;3.827993e+02;1.342435e-01;-1.501572e-01;1.399065e-01;4.048920e-01;2.783093e-01;2.984100e-01;3.854162e+00;5.488392e+01;1.547914e+01;-9.502542e+00;9.886326e+00;-1.257433e+00;1.016766e+01;1.066794e+01;4.725192e+00;1.597001e-01;1.268007e+01;-9.649399e+00;5.282679e+00;-5.580389e+00;5.975873e+00;-5.246397e+00;5.026352e+00;-1.127334e+01;4.092379e+00;-3.036939e+00;5.613963e+00;-7.093483e-01;4.427858e+00;-8.764423e+00;6.391376e+00;-1.018915e+00;6.365474e+00;6.233817e+00;2.928950e-03;2.201451e-04;9.766367e-07;-4.345846e-08;6.714313e-06;-1.994205e-07;7.199325e-06;4.799055e-07;7.040667e-06;3.593227e-07;1.725919e-04;-1.080429e-05;6.140249e-02;8.796715e-03;1.497825e-01;-8.542463e-04;2.567176e-03;3.954547e-04;1.255319e-03;1.788864e-04;7.193286e-03;-5.176666e-05;2.265825e-02;9.164108e-05;2.457039e-02;1.104008e-04;4.020762e-02;-1.476308e-03;5.349089e-02;-1.940169e-03;7.219979e-02;-2.803897e-03;7.534594e-02;-1.418159e-03;9.005871e-02;8.644701e-04;2.049289e-01;-1.843184e-03;2.276080e-01;2.185223e-04;3.825379e-01;3.128934e-03;4.963865e-01;2.067528e-03;3.245080e-01;-3.712349e-03;2.996899e-01;5.417156e-04;3.222156e-01;-1.157128e-03;2.498631e-01;1.360621e-03;3.706823e-01;4.885440e-03;2.602407e-01;4.715719e-03;1.676092e-01;-1.610376e-03;1.110349e-01;-1.849262e-03;1.405758e-01;-4.548382e-03;9.764986e-02;-3.653938e-03;9.247383e-02;-3.992429e-03;8.430945e-02;-4.167280e-03;7.275212e-02;-3.459057e-03;5.503444e-02;-2.511726e-03;6.902229e-02;5.159783e-03;3.557479e-02;1.499138e-03;9.154648e+00;1.177148e+00;3.761975e+01;6.459961e-01;5.951457e+01;2.239453e+00;6.262519e+01;7.823730e+00;3.363122e-02;3.234823e-03;2.874778e+01;2.140314e+00;7.578874e-02;3.206521e-03;1.454184e+04;1.375423e+03;9.066982e-01;-1.365862e-01;6.647564e+01;-1.090777e+01;1.297250e-02;-1.298876e-03;2.272821e-02;1.829215e-03;2.921996e-02;2.585202e-03;9.256968e-01;1.567446e-02;1.807668e+00;-2.995088e-01;1.297715e+00;-7.177510e-02;1.410392e+00;1.063072e-01;1.579287e+00;5.934041e-02;2.055220e+00;1.996387e-02;1.318852e+00;-1.029146e-01;1.336703e+00;-1.307749e-01;1.743881e+00;4.678951e-02;1.480413e+00;-6.275990e-02;1.990457e+00;-1.074763e-01;1.311484e+00;-3.476228e-02;1.508478e+00;-1.810129e-01;9.002721e-01;-1.341124e-01
18.500000;1.050370e+02;2.347965e+02;2.459194e-02;7.788286e-01;7.869198e-02;8.294678e-02;1.050716e-01;9.767057e-02;1.030405e-01;2.237214e-01;2.705372e+00;3.050528e+00;2.329877e-01;1.487764e+00;4.701932e-01;1.207150e+00;1.272308e-02;6.716225e-02;4.544094e-03;2.821366e-02;1.390153e-02;1.359732e-01;6.877350e-02;3.018481e-01;1.441322e-01;4.750159e-01;2.585703e-01;6.867788e-01;3.104984e-01;7.791151e-01;4.288896e-01;9.268772e-01;4.077494e-01;1.071133e+00;3.053735e-01;1.022022e+00;6.560257e-01;1.275483e+00;6.902204e-01;1.342625e+00;8.526940e-01;1.435954e+00;1.169181e+00;1.554072e+00;1.010352e+00;1.619750e+00;1.048846e+00;1.878196e+00;1.031518e+00;1.841447e+00;8.686541e-01;1.635268e+00;1.091500e+00;1.841998e+00;1.217541e+00;1.939906e+00;6.138574e-01;1.595216e+00;4.095151e-01;1.495629e+00;5.372424e-01;1.533026e+00;3.399919e-01;1.342295e+00;3.120250e-01;1.178909e+00;2.728479e-01;9.992442e-01;2.271875e-01;8.216333e-01;1.687299e-01;6.564724e-01;4.075565e-01;9.478339e-01;1.565956e-01;2.349861e-01;2.063196e+01;2.601211e+02;3.502382e+01;3.339082e+02;1.723667e+02;6.096768e+02;2.594230e+02;1.103074e+03;1.466995e-01;5.203282e-01;7.399821e+01;5.043487e+02;1.806396e-01;3.799366e+00;5.749359e+04;1.831785e+05;8.317043e-01;2.478650e+00;2.649629e+01;2.896939e+01;8.049721e-02;-2.174969e-01;5.732867e-02;4.892368e-01;1.757674e-01;4.665263e-01;3.386403e+00;5.561594e+01;6.720296e+00;-2.227218e+01;9.265045e+00;-2.465894e+00;5.612104e+00;1.622952e+01;7.895761e+00;-5.874880e+00;1.021583e+01;-1.254046e+01;7.066645e+00;-4.251086e+00;4.480710e+00;-8.260843e+00;4.474589e+00;-1.373220e+01;6.412900e+00;-9.487597e+00;5.443074e+00;-1.258934e+00;7.254419e+00;-2.925537e+00;6.409739e+00;-9.884216e+00;5.211634e+00;-2.232444e+00;3.348638e-03;-3.076087e-04;1.040612e-06;-1.129341e-07;5.744961e-06;-8.167039e-08;6.868784e-06;-4.013754e-08;5.624432e-06;-2.674826e-07;1.437511e-04;1.205621e-05;4.550925e-02;-3.241574e-03;6.932481e-02;-2.076286e-02;1.907214e-03;-1.580881e-04;9.354998e-04;5.291018e-06;1.628154e-03;-6.404946e-04;8.351976e-03;-3.464411e-03;1.082789e-02;-5.606914e-03;3.888802e-02;-3.897920e-03;2.967799e-02;-9.813788e-03;4.369602e-02;-1.658564e-02;5.496050e-02;-1.178507e-02;3.069488e-02;-1.349524e-02;9.848507e-02;-3.283517e-02;1.001319e-01;-3.853758e-02;1.043925e-01;-4.034724e-02;1.645177e-01;-4.881234e-02;1.334571e-01;-4.496558e-02;1.621272e-01;-5.039167e-02;1.809964e-01;-5.586633e-02;1.815567e-01;-3.405527e-02;2.404486e-01;-3.859209e-02;2.686960e-01;-3.190029e-02;1.617199e-01;-8.593771e-03;9.832175e-02;-3.824936e-03;1.212860e-01;-1.008682e-02;7.983182e-02;-8.531859e-03;7.176103e-02;-8.319710e-03;6.130584e-02;-7.738444e-03;5.081455e-02;-6.534460e-03;3.965535e-02;-4.611273e-03;7.412262e-02;-2.122878e-03;2.944596e-02;-2.552136e-03;5.743103e+00;1.004883e-01;1.000232e+01;-6.459961e-01;4.261615e+01;-1.464258e+00;5.895791e+01;1.004883e-01;3.496476e-02;-1.348236e-03;1.566787e+01;-3.124537e-01;4.095760e-02;-2.009690e-03;1.196168e+04;2.991464e+02;2.113761e-01;3.219021e-03;7.141950e+00;-1.093265e-03;1.283632e-02;9.780392e-04;1.204781e-02;-3.290875e-04;2.959676e-02;-2.991452e-03;9.435482e-01;-1.417869e-02;1.401059e+00;1.575559e-02;1.528050e+00;8.718556e-02;1.009478e+00;5.607846e-03;1.574993e+00;-5.210037e-02;1.886747e+00;-9.584122e-02;1.586019e+00;-8.335774e-02;1.342690e+00;1.570609e-01;1.649041e+00;2.464198e-02;9.585169e-01;-1.006593e-01;1.774164e+00;4.887724e-02;1.358461e+00;-2.931517e-02;1.331601e+00;-4.488532e-02;1.075932e+00;1.203576e-01
19.000000;1.203065e+02;2.021736e+02;2.751246e-02;7.770018e-01;8.663785e-02;7.264884e-02;1.073242e-01;8.447076e-02;1.191933e-01;1.973924e-01;2.830966e+00;4.410834e+00;2.978913e-01;1.228848e+00;2.335527e-01;9.771351e-01;1.355396e-02;5.042567e-02;4.366106e-03;2.884228e-02;1.312298e-02;1.242830e-01;2.517344e-02;2.524848e-01;3.613319e-02;3.920414e-01;6.801144e-02;5.264141e-01;1.096105e-01;6.256138e-01;1.406598e-01;7.195487e-01;2.234761e-01;8.265405e-01;9.476583e-02;8.708346e-01;1.681322e-01;9.344715e-01;1.082023e-01;9.889344e-01;1.481980e-01;9.933535e-01;3.830549e-01;1.157169e+00;2.728142e-01;1.203367e+00;5.266044e-01;1.261293e+00;5.051650e-01;1.311865e+00;5.919553e-01;1.438636e+00;1.019110e+00;1.576152e+00;1.251439e+00;1.680585e+00;6.554558e-01;1.520092e+00;4.139201e-01;1.443743e+00;3.949996e-01;1.311586e+00;2.119696e-01;1.165493e+00;1.536874e-01;1.001348e+00;1.323146e-01;8.378630e-01;1.125224e-01;6.871076e-01;8.820897e-02;5.546930e-01;2.552578e-01;5.238866e-01;7.782959e-02;1.335614e-01;2.020197e+01;2.563887e+02;3.091463e+01;3.255820e+02;1.422305e+02;5.825449e+02;2.363948e+02;1.155328e+03;1.112259e-01;3.797739e-01;6.743884e+01;4.985075e+02;1.655225e-01;3.817278e+00;5.533314e+04;1.900023e+05;5.352115e-01;2.374337e+00;1.540952e+01;2.355540e+01;6.215365e-02;-1.271548e-01;5.198879e-02;4.821931e-01;1.741335e-01;2.859268e-01;3.792773e+00;5.562183e+01;6.381838e+00;-2.195593e+01;8.443384e+00;-3.294827e-01;6.110885e+00;1.559778e+01;8.489485e+00;-5.393605e+00;8.224401e+00;-1.053617e+01;8.399610e+00;-5.252364e+00;5.572387e+00;-5.351399e+00;7.646507e+00;-9.832089e+00;5.122851e+00;-1.143929e+01;5.525363e+00;-3.693541e+00;6.360951e+00;-2.208385e+00;8.327296e+00;-7.059601e+00;6.539877e+00;-7.930834e-01;2.258348e-03;-2.070927e-04;1.227518e-06;8.174257e-08;5.606034e-06;-4.067634e-07;6.054355e-06;-4.113640e-07;5.631479e-06;-2.107830e-07;9.038835e-05;1.403738e-05;4.514851e-02;-2.142577e-03;5.565918e-02;2.991218e-03;1.620519e-03;-2.779506e-04;1.018070e-03;5.643738e-05;3.103629e-03;-4.674858e-04;6.350095e-03;-5.687813e-04;8.172885e-03;-1.069625e-03;1.849607e-02;1.658571e-04;2.571257e-02;8.756491e-04;3.189668e-02;5.945992e-04;4.048593e-02;-5.171663e-04;2.538117e-02;-4.170986e-04;3.946035e-02;-2.769023e-04;2.520643e-02;-7.902264e-04;4.069180e-02;1.222513e-03;7.346018e-02;-1.440299e-03;7.452627e-02;3.333289e-03;1.121292e-01;9.310046e-03;1.046754e-01;7.547064e-03;1.487030e-01;8.097216e-03;2.303897e-01;1.329314e-02;2.554317e-01;7.452810e-03;1.671325e-01;9.848112e-03;1.056653e-01;5.981589e-03;1.032516e-01;2.774707e-03;6.362885e-02;3.557848e-03;5.316124e-02;2.992355e-03;4.623209e-02;2.661676e-03;3.809088e-02;2.039601e-03;2.945610e-02;1.571175e-03;4.247570e-02;-4.590285e-03;1.319198e-02;-5.981736e-04;5.885725e+00;1.435547e-02;9.222191e+00;7.034180e-01;4.283191e+01;4.722949e+00;6.001283e+01;2.454785e+00;2.873486e-02;-1.883950e-03;1.590384e+01;1.831326e+00;5.597367e-02;8.089448e-03;1.399296e+04;1.434702e+03;1.436621e-01;-6.613879e-03;4.253660e+00;-5.607626e-02;8.177436e-03;9.718759e-04;1.186797e-02;1.381706e-03;2.198527e-02;-1.920201e-03;8.882056e-01;-7.041124e-02;1.384208e+00;-9.052388e-02;1.491171e+00;6.427713e-02;1.247485e+00;3.423641e-02;1.594242e+00;-1.087432e-01;1.847809e+00;2.571440e-02;1.752707e+00;5.353771e-02;1.414425e+00;6.538264e-02;1.773903e+00;1.709837e-02;1.297219e+00;-7.360543e-02;1.779813e+00;2.661614e-02;1.283884e+00;4.574046e-02;1.259770e+00;3.531886e-02;1.145937e+00;1.836974e-02
19.500000;4.457587e+01;1.057942e+02;2.365744e-02;7.778932e-01;9.972251e-02;7.863569e-02;1.217781e-01;1.096123e-01;1.475754e-01;1.772027e-01;1.954301e+00;5.800169e+00;2.460215e-01;1.169839e+00;2.531941e-01;1.027826e+00;1.043589e-02;4.691912e-02;5.579072e-03;2.941925e-02;1.681912e-02;1.285471e-01;4.340687e-02;2.772218e-01;5.826275e-02;4.306170e-01;6.990010e-02;5.307418e-01;1.798689e-01;6.872128e-01;2.866158e-01;8.878064e-01;2.317838e-01;8.819590e-01;1.544743e-01;9.445655e-01;2.710034e-01;9.758571e-01;1.903032e-01;9.967858e-01;3.246796e-01;1.086331e+00;4.711946e-01;1.290030e+00;3.572477e-01;1.300801e+00;4.824827e-01;1.285195e+00;5.785516e-01;1.403215e+00;7.789112e-01;1.472066e+00;8.692576e-01;1.462348e+00;6.763957e-01;1.519984e+00;5.988181e-01;1.520383e+00;3.301522e-01;1.508089e+00;3.029566e-01;1.404314e+00;2.566172e-01;1.274002e+00;2.492799e-01;1.117753e+00;2.211184e-01;9.410099e-01;1.828503e-01;7.722192e-01;1.465213e-01;6.244211e-01;2.129857e-01;4.666372e-01;1.006941e-01;1.202962e-01;2.656499e+01;2.489238e+02;1.215442e+02;3.762568e+02;2.421005e+02;6.362344e+02;2.846078e+02;1.105371e+03;1.394888e-01;3.920577e-01;1.078786e+02;5.152596e+02;2.379705e-01;3.887494e+00;7.010762e+04;1.808254e+05;7.996425e-01;2.376301e+00;1.861886e+01;2.896111e+01;4.153389e-02;-1.091588e-01;8.209771e-02;4.977342e-01;1.179623e-01;2.379674e-01;3.823869e+00;5.584171e+01;6.931693e+00;-2.075439e+01;6.267528e+00;-3.804448e+00;4.193871e+00;1.682178e+01;7.794317e+00;-4.125873e+00;8.418193e+00;-1.556198e+01;7.339638e+00;-6.024939e+00;8.350789e+00;1.910735e+00;6.152709e+00;-4.594925e+00;5.637130e+00;-8.928692e+00;4.980756e+00;-5.887583e+00;3.628098e+00;-8.669901e+00;7.757723e+00;-4.847448e+00;6.077980e+00;-4.919032e-01;1.743994e-03;-3.630344e-05;1.029359e-06;1.632739e-07;6.476214e-06;-7.202750e-08;7.217615e-06;-2.856306e-07;7.642308e-06;3.439694e-07;1.194631e-04;1.927638e-06;4.073413e-02;-3.116227e-03;4.447475e-02;-1.617867e-03;1.704845e-03;-4.024757e-05;9.117368e-04;-9.045101e-05;5.350541e-03;-7.132658e-05;1.153909e-02;-8.448354e-05;1.203442e-02;2.984314e-04;9.997361e-03;8.257679e-04;4.374480e-02;-4.866549e-04;4.736371e-02;-4.102506e-04;3.469211e-02;1.637326e-03;3.402633e-02;-4.306200e-04;6.800767e-02;1.617684e-03;4.844298e-02;9.109297e-04;6.684648e-02;1.806036e-03;9.329854e-02;-7.907042e-03;6.604186e-02;-5.377172e-03;7.824140e-02;-1.377337e-03;8.917221e-02;-1.838077e-03;1.116715e-01;-1.219182e-02;1.565619e-01;-1.621401e-04;1.255559e-01;-1.579965e-03;1.275390e-01;-1.541093e-02;7.478968e-02;-6.605157e-03;7.315712e-02;-1.078706e-03;7.511757e-02;1.564298e-03;7.008082e-02;1.374380e-03;6.275821e-02;1.129530e-03;5.361341e-02;9.770927e-04;4.287260e-02;8.056504e-04;2.885709e-02;9.467545e-04;2.442565e-02;-1.844643e-03;1.009282e+01;-1.435547e-01;3.566228e+01;-2.871094e-02;4.649109e+01;-3.545801e+00;5.493036e+01;-7.077246e+00;4.318174e-02;6.938736e-04;2.055104e+01;-1.796547e+00;5.658736e-02;-4.076254e-03;1.247424e+04;-1.914441e+03;1.716289e-01;1.879590e-02;5.345865e+00;4.833789e-01;6.576362e-03;1.201103e-04;1.567980e-02;-1.211066e-03;2.497579e-02;-8.202079e-04;9.728121e-01;3.343371e-02;1.221593e+00;1.597723e-01;1.171198e+00;-1.744630e-01;1.243449e+00;-5.047587e-02;1.495977e+00;2.251017e-02;2.025355e+00;-6.899219e-02;1.658901e+00;9.984969e-02;1.466525e+00;8.544387e-03;1.838669e+00;2.995748e-02;1.443277e+00;4.599424e-02;1.977925e+00;-1.106147e-01;1.371115e+00;-2.342733e-02;1.136020e+00;-1.246896e-01;9.771255e-01;-1.451271e-01
20.000000;4.182679e+01;1.120857e+02;9.235148e-03;7.987177e-01;8.940564e-02;6.217437e-02;9.684969e-02;6.641904e-02;1.453274e-01;2.085210e-01;1.482705e+00;4.884870e+00;2.453806e-01;1.121284e+00;2.500339e-01;1.020915e+00;8.692984e-03;4.658467e-02;6.154077e-03;2.742630e-02;1.077433e-02;1.308009e-01;3.458598e-02;2.813875e-01;5.246233e-02;4.304399e-01;6.876877e-02;5.392002e-01;1.719964e-01;6.616682e-01;2.658706e-01;8.790389e-01;1.951092e-01;9.260602e-01;1.480592e-01;9.458227e-01;2.501450e-01;1.014597e+00;2.038503e-01;9.787461e-01;3.307677e-01;1.144385e+00;3.692667e-01;1.158876e+00;3.535485e-01;1.222346e+00;4.502873e-01;1.335198e+00;5.597313e-01;1.451414e+00;7.425270e-01;1.397640e+00;8.351855e-01;1.459146e+00;6.208451e-01;1.533365e+00;4.802160e-01;1.485093e+00;3.214103e-01;1.436278e+00;3.331998e-01;1.403942e+00;2.832431e-01;1.274690e+00;2.733950e-01;1.116920e+00;2.400727e-01;9.409089e-01;1.995426e-01;7.709765e-01;1.582733e-01;6.248364e-01;1.911294e-01;4.771897e-01;1.024241e-01;9.155943e-02;2.579994e+01;2.426074e+02;1.240315e+02;3.805635e+02;2.145451e+02;6.465703e+02;2.866345e+02;9.099932e+02;1.421341e-01;4.119841e-01;1.097999e+02;4.923230e+02;2.782623e-01;3.750015e+00;7.796430e+04;1.452802e+05;1.154686e+00;2.823191e+00;5.904703e+01;5.409574e+01;3.708224e-02;-1.055524e-01;8.071445e-02;4.853172e-01;1.069952e-01;2.404896e-01;4.049528e+00;5.648466e+01;8.288221e+00;-1.803343e+01;5.421726e+00;-5.599710e+00;4.077485e+00;1.390803e+01;6.180961e+00;-5.162456e+00;7.387500e+00;-1.606355e+01;5.396061e+00;-1.969562e+00;8.621279e+00;8.272200e+00;3.799464e+00;-2.864864e+00;6.025390e+00;-9.877807e+00;4.565128e+00;-6.593016e+00;5.017320e+00;-1.363082e+01;6.770584e+00;-1.362346e+01;4.171539e+00;-2.563631e+00;1.710037e-03;1.028606e-06;5.921099e-07;-3.061787e-08;4.542806e-06;4.509955e-07;5.385750e-06;7.488465e-09;8.535734e-06;2.593012e-07;1.133313e-04;-2.972976e-07;3.227418e-02;-2.230184e-03;4.108503e-02;-3.013992e-03;1.386315e-03;5.272170e-05;6.970508e-04;-1.471403e-04;4.374715e-03;4.818107e-04;9.976364e-03;4.979444e-04;1.125765e-02;1.186615e-03;8.850927e-03;5.739264e-04;4.695783e-02;1.215121e-03;4.161485e-02;1.875397e-03;3.198817e-02;1.766416e-03;2.985610e-02;-1.393496e-05;6.481234e-02;1.693896e-03;5.227611e-02;3.723548e-04;6.393447e-02;-1.185145e-03;8.226144e-02;1.856940e-03;5.920788e-02;-9.088278e-04;5.704673e-02;-6.429587e-03;8.383813e-02;-5.067656e-03;9.424992e-02;-8.487413e-03;1.342495e-01;-1.924526e-02;1.036655e-01;-1.725222e-02;9.692522e-02;-1.154482e-02;6.070880e-02;-7.826267e-03;8.835740e-02;-3.001019e-03;8.690592e-02;-3.150916e-03;8.347287e-02;-2.072389e-03;7.341422e-02;-1.565861e-03;6.283420e-02;-1.126696e-03;5.021601e-02;-1.006188e-03;2.515250e-02;1.384157e-03;2.370421e-02;-7.567577e-04;9.400366e+00;0;3.776908e+01;-5.167969e-01;3.469416e+01;-4.091309e+00;4.075652e+01;-7.795020e+00;4.918513e-02;-4.606197e-04;1.763705e+01;-2.152800e+00;3.426915e-02;-8.977956e-03;7.700812e+03;-2.311635e+03;3.113277e-01;9.591950e-03;1.815462e+01;2.736617e-01;5.796701e-03;-5.466638e-05;1.367082e-02;-1.432410e-03;2.464244e-02;3.095251e-04;1.124416e+00;1.371757e-01;1.243324e+00;1.756728e-01;9.162769e-01;-1.939927e-01;1.011835e+00;-3.934056e-02;1.280847e+00;3.186297e-02;1.503441e+00;-2.250803e-01;1.320569e+00;8.805412e-02;1.356615e+00;2.463400e-01;1.321870e+00;1.528413e-02;1.489657e+00;8.545513e-02;1.584798e+00;9.732289e-02;1.478043e+00;-1.262593e-01;9.425027e-01;-1.373789e-01;8.070342e-01;-2.451573e-02
20.500000;1.108159e-01;9.792811e+01;7.106042e-03;7.999311e-01;1.003827e-01;8.161417e-02;1.034597e-01;7.820874e-02;1.946525e-01;2.561726e-01;1.343588e+00;5.724821e+00;1.697145e-01;7.805972e-01;6.363115e-02;8.869492e-01;7.010831e-03;3.565624e-02;3.916116e-03;2.047745e-02;4.751194e-03;1.262430e-01;1.115747e-02;2.592122e-01;2.597115e-02;4.036726e-01;6.859060e-02;5.353018e-01;1.040773e-01;6.127264e-01;7.572507e-02;7.073234e-01;7.043213e-02;7.748021e-01;9.238567e-02;8.310236e-01;1.636104e-01;8.993541e-01;1.303728e-01;9.690804e-01;1.961520e-01;1.001373e+00;1.577406e-01;1.003481e+00;1.343433e-01;9.933156e-01;1.818773e-01;1.017705e+00;2.399132e-01;1.052366e+00;1.581451e-01;1.163051e+00;1.422176e-01;1.195028e+00;1.644275e-01;1.211565e+00;1.519676e-01;1.363760e+00;1.691843e-01;1.337018e+00;2.264552e-01;1.279360e+00;2.034633e-01;1.177099e+00;1.962391e-01;1.021689e+00;1.699706e-01;8.550571e-01;1.431083e-01;7.014877e-01;1.100985e-01;5.685866e-01;1.316235e-01;3.035815e-01;2.242020e-02;1.970476e-02;1.375730e+01;2.291133e+02;5.556345e+01;3.062021e+02;1.106749e+02;4.936846e+02;1.404930e+02;6.517383e+02;1.066804e-01;3.268983e-01;5.370403e+01;3.856513e+02;2.239151e-01;3.370651e+00;2.820050e+04;7.259797e+04;2.168703e+00;4.652852e+00;1.533429e+02;1.785773e+02;2.463802e-02;-6.184989e-02;4.843871e-02;4.010858e-01;5.948787e-02;1.322415e-01;3.065364e+00;5.794413e+01;8.112959e+00;-6.030029e+00;2.473539e+00;-9.127808e+00;4.739039e+00;8.938181e+00;4.981678e+00;2.265922e+00;5.095006e+00;-1.529116e+01;5.824555e+00;-4.893849e+00;6.544466e+00;9.727001e+00;5.555665e+00;-1.992196e+00;5.741641e+00;-8.552995e+00;3.960171e+00;-6.005276e+00;3.516896e+00;-1.701460e+01;3.814008e+00;-1.649632e+01;3.602269e+00;-1.817714e+00;3.434504e-06;-5.539600e-07;1.940115e-07;1.156670e-08;4.402978e-06;-6.923303e-09;3.681624e-06;-8.311069e-10;1.131061e-05;1.067297e-08;6.669794e-05;3.550871e-06;1.144554e-02;-5.714211e-03;2.375223e-02;-1.206767e-04;2.982736e-04;-2.492876e-04;6.165752e-04;-8.226252e-05;7.439309e-04;7.826670e-05;2.343382e-03;-5.552130e-05;7.187169e-03;-3.586868e-04;7.870930e-03;-6.274747e-04;3.896905e-02;-1.756591e-03;1.390782e-02;-5.173809e-05;9.827076e-03;-4.375164e-04;1.885194e-02;4.263848e-04;3.484353e-02;1.647853e-03;3.559956e-02;2.259581e-04;3.442895e-02;-2.918683e-03;4.991664e-02;-1.453848e-03;3.572142e-02;-1.021715e-03;3.960500e-02;3.744980e-06;5.243648e-02;3.143301e-04;5.073117e-02;1.045441e-03;3.870123e-02;1.079511e-03;5.120146e-02;3.009164e-05;4.953387e-02;5.121927e-04;5.244634e-02;6.869871e-04;8.043047e-02;2.010848e-04;7.143509e-02;-9.125884e-05;7.073177e-02;-2.982062e-04;6.149097e-02;-1.368703e-04;5.191884e-02;-1.164720e-04;4.036216e-02;-6.486752e-05;1.043468e-02;-5.148305e-03;3.210484e-03;-5.565509e-04;3.990588e+00;-2.153320e-01;1.656922e+01;-5.742188e-01;1.703090e+01;-1.937988e+00;2.556971e+01;-1.679590e+00;3.900445e-02;-1.803353e-03;6.633523e+00;-1.057853e+00;3.704786e-02;-5.340388e-03;4.171065e+03;-6.127010e+02;5.245557e-01;1.282781e-02;3.850952e+01;1.348045e+00;1.708883e-03;9.810381e-04;5.887969e-03;-9.177896e-04;6.749085e-03;-1.655178e-03;1.099683e+00;8.291680e-03;1.164061e+00;1.858122e-01;7.629629e-01;-2.464544e-02;9.602982e-01;-1.190626e-01;1.014542e+00;1.561630e-01;1.187010e+00;1.526177e-01;1.334238e+00;3.587674e-02;1.159554e+00;2.754483e-02;1.313919e+00;-6.299642e-02;1.476180e+00;-1.394544e-02;1.310723e+00;4.245802e-02;1.195891e+00;-1.890529e-02;1.112397e+00;9.552635e-03;8.374018e-01;6.323235e-03
21.000000;8.008192e-02;9.784814e+01;1.056132e-02;7.943139e-01;1.123554e-01;1.522471e-01;1.022244e-01;1.088700e-01;2.044822e-01;3.101702e-01;1.516611e+00;5.941738e+00;1.202373e-01;5.413445e-01;5.561930e-02;9.046392e-01;5.308262e-03;2.585191e-02;3.140147e-03;1.587176e-02;4.385735e-03;1.262996e-01;1.332660e-02;2.599147e-01;2.370222e-02;4.012283e-01;7.084308e-02;5.284558e-01;9.938099e-02;5.944453e-01;9.144751e-02;6.714901e-01;8.422563e-02;7.461258e-01;7.389558e-02;7.999700e-01;1.547648e-01;9.071989e-01;1.014549e-01;1.006323e+00;1.690452e-01;9.393164e-01;1.813796e-01;9.882958e-01;1.305122e-01;1.019035e+00;1.029366e-01;1.027821e+00;1.602553e-01;1.056913e+00;1.430870e-01;1.262258e+00;9.452085e-02;1.307266e+00;1.376243e-01;1.330754e+00;1.052582e-01;1.417101e+00;1.205820e-01;1.410144e+00;1.852447e-01;1.315923e+00;1.636242e-01;1.200958e+00;1.607498e-01;1.040229e+00;1.450702e-01;8.690696e-01;1.276934e-01;7.138125e-01;9.105946e-02;5.802718e-01;6.975413e-02;1.539492e-01;2.995036e-03;4.169424e-03;2.192724e+01;2.100205e+02;4.446466e+01;2.683037e+02;1.137869e+02;3.653467e+02;9.856793e+01;5.086143e+02;8.726890e-02;2.516662e-01;4.806529e+01;3.131310e+02;2.138759e-01;3.099136e+00;1.274115e+04;4.479252e+04;3.697881e+00;8.134192e+00;2.983192e+02;4.546766e+02;1.333190e-02;-3.313712e-02;4.806150e-02;3.327260e-01;3.370689e-02;6.391314e-02;2.846437e+00;5.598726e+01;4.549310e+00;3.161371e+00;3.930213e+00;-5.908648e+00;4.006614e+00;3.886109e+00;4.381289e+00;8.120557e+00;8.339952e+00;-6.276205e+00;4.981892e+00;-4.532763e+00;5.118092e+00;6.301518e+00;7.222964e+00;-6.698663e+00;6.081853e+00;-1.021697e+01;3.720747e+00;-4.891153e+00;4.985813e+00;-1.426231e+01;4.194824e+00;-1.363815e+01;3.296861e+00;-4.176316e+00;2.274756e-06;-3.537568e-07;1.756068e-07;-9.240967e-09;4.675612e-06;-2.786416e-07;4.367249e-06;-1.168067e-07;1.175390e-05;6.054959e-07;8.939493e-05;-3.647474e-06;7.772115e-03;-4.013919e-03;1.970264e-02;1.201751e-03;2.174574e-04;-1.379317e-04;5.423740e-04;-7.482992e-05;7.321255e-04;6.247810e-05;2.534368e-03;2.162269e-04;7.840265e-03;1.018414e-04;9.049598e-03;1.463466e-03;3.509045e-02;-8.437730e-04;1.582859e-02;-7.768093e-04;1.180460e-02;-4.496993e-05;1.392340e-02;2.512518e-04;2.472395e-02;-1.226923e-03;2.539041e-02;-3.591579e-04;3.773288e-02;-3.883841e-04;5.001492e-02;8.014765e-04;3.408639e-02;1.143118e-03;2.786639e-02;1.590126e-03;3.522547e-02;-3.664751e-05;4.247849e-02;1.175420e-03;3.338269e-02;3.689984e-03;4.809427e-02;4.448466e-03;3.915451e-02;2.413213e-03;4.746259e-02;2.137267e-03;6.640527e-02;3.239538e-03;5.850890e-02;2.641349e-03;5.584858e-02;2.703664e-03;5.055948e-02;2.619260e-03;4.373532e-02;2.420346e-03;3.225314e-02;1.803672e-03;5.416795e-03;-1.562689e-03;5.275964e-04;-1.359591e-04;5.022753e+00;-5.885742e-01;1.012752e+01;-5.167969e-01;1.515165e+01;-2.871094e+00;1.481493e+01;-2.268164e+00;3.180529e-02;1.146563e-05;4.678405e+00;-1.613035e+00;4.328362e-02;-5.306856e-03;2.597421e+03;-4.579739e+02;8.787937e-01;1.460531e-01;7.218018e+01;1.179214e+01;8.626319e-04;3.227108e-04;4.519007e-03;-1.565774e-03;3.352212e-03;-8.782232e-04;9.237122e-01;-8.613949e-02;8.185650e-01;1.988411e-01;6.189892e-01;1.059342e-01;9.161712e-01;-5.293217e-02;8.269046e-01;1.090658e-01;1.097413e+00;2.041487e-01;1.314684e+00;-4.952440e-02;9.759189e-01;-1.233644e-01;1.328618e+00;-5.022334e-02;1.279841e+00;-9.511515e-02;1.394275e+00;-1.066565e-01;1.171663e+00;6.894922e-02;1.116628e+00;5.997392e-02;8.901770e-01;-4.639846e-02
21.500000;4.529440e-02;9.778313e+01;1.372839e-02;7.875175e-01;1.134745e-01;1.483921e-01;6.728327e-02;7.231922e-02;1.977785e-01;3.272598e-01;1.896794e+00;5.864666e+00;6.598160e-02;3.929906e-01;5.482967e-02;9.208030e-01;3.650589e-03;1.854577e-02;1.308987e-03;1.347317e-02;3.725289e-03;1.256300e-01;1.422759e-02;2.541514e-01;2.035928e-02;3.929545e-01;6.536183e-02;5.117046e-01;1.023436e-01;6.181905e-01;7.527944e-02;6.621836e-01;6.150458e-02;7.661945e-01;6.397064e-02;8.447776e-01;8.851038e-02;9.088054e-01;1.240746e-01;9.264016e-01;1.672311e-01;9.919275e-01;1.754550e-01;1.021835e+00;1.263631e-01;1.072437e+00;1.175824e-01;1.111003e+00;1.514760e-01;1.161627e+00;1.207714e-01;1.325491e+00;1.091020e-01;1.368524e+00;1.148160e-01;1.400327e+00;1.149582e-01;1.432067e+00;1.319963e-01;1.405540e+00;1.358310e-01;1.302710e+00;1.211812e-01;1.188007e+00;1.216059e-01;1.023277e+00;1.149097e-01;8.551803e-01;1.072577e-01;7.001376e-01;7.193676e-02;5.697927e-01;3.300567e-02;7.466273e-02;9.737179e-04;1.285769e-03;2.218884e+01;1.933682e+02;1.325920e+01;2.459092e+02;2.357927e+01;2.927080e+02;8.802267e+01;4.058291e+02;7.258672e-02;1.830433e-01;1.830508e+01;2.702609e+02;1.572614e-01;2.940929e+00;7.688133e+03;3.463859e+04;4.946488e+00;1.397998e+01;4.783751e+02;9.833821e+02;6.791492e-03;-1.698149e-02;1.908017e-02;2.899864e-01;1.295517e-02;2.976634e-02;2.716877e+00;5.402667e+01;2.830722e+00;7.735183e+00;3.022333e+00;-8.294931e-01;3.246352e+00;3.050013e-01;3.603502e+00;1.012964e+01;4.932992e+00;1.090412e+00;3.723064e+00;-4.203158e+00;2.875727e+00;3.107452e+00;3.949436e+00;-9.376186e+00;4.229999e+00;-1.266878e+01;4.308242e+00;-7.616223e+00;4.483049e+00;-1.295958e+01;4.526842e+00;-8.411054e+00;4.972136e+00;-7.035559e-01;2.593111e-06;-9.663423e-08;3.158668e-07;-6.911869e-08;3.900309e-06;3.225965e-07;3.316490e-06;1.233485e-07;1.023245e-05;-3.586078e-07;1.073304e-04;1.674273e-06;3.871931e-03;-2.806050e-03;1.662729e-02;-1.462975e-04;1.767319e-04;-1.635542e-04;3.917214e-04;-3.817083e-05;6.439809e-04;-1.043832e-05;2.751205e-03;-3.516079e-05;7.790283e-03;-3.154881e-04;8.315933e-03;-1.630364e-03;2.907648e-02;8.286807e-04;1.320829e-02;-2.033922e-03;8.013413e-03;-5.410888e-04;1.075637e-02;-7.947483e-04;1.685571e-02;-2.390557e-03;2.343505e-02;-9.455133e-05;3.438149e-02;-7.104269e-04;3.851867e-02;-1.893853e-04;3.341307e-02;2.785218e-03;3.486425e-02;1.108638e-03;4.558862e-02;-9.949749e-04;4.115945e-02;4.750235e-04;4.209578e-02;-4.530658e-04;4.435948e-02;4.291198e-04;3.991594e-02;1.673994e-03;5.194849e-02;1.109532e-03;4.780043e-02;-4.745210e-04;4.672406e-02;4.558581e-04;4.452600e-02;-3.797913e-04;3.995944e-02;-4.767023e-04;3.705881e-02;-6.182279e-04;2.617419e-02;-5.264020e-04;2.987219e-03;-1.474547e-03;8.579926e-05;-3.473589e-05;6.978235e+00;-6.890625e-01;3.723439e+00;-3.588867e-01;7.237776e+00;-5.742188e-01;1.696860e+01;-2.899805e+00;2.547967e-02;-2.134302e-03;2.528744e+00;-8.560571e-01;3.800852e-02;-2.259021e-03;2.167438e+03;-6.289391e+01;9.656736e-01;1.487508e-01;8.727534e+01;1.157638e+01;4.597316e-04;2.754639e-04;2.565339e-03;-9.057993e-04;2.172983e-03;-6.747162e-04;7.980512e-01;-7.617411e-02;5.675566e-01;6.133524e-02;4.807517e-01;1.312300e-01;8.994843e-01;-4.739820e-02;7.814094e-01;8.009478e-02;1.075609e+00;1.142884e-01;1.060660e+00;-2.228234e-02;9.587046e-01;1.507265e-02;1.132890e+00;4.273983e-02;1.203163e+00;-4.590819e-02;1.296117e+00;-4.704047e-02;1.285970e+00;5.607660e-02;9.560626e-01;9.747505e-02;9.095355e-01;4.658202e-02
22.000000;6.189999e+01;1.306641e+02;2.211683e-02;7.879209e-01;1.024224e-01;1.071416e-01;1.165776e-01;1.059149e-01;2.030588e-01;2.911976e-01;2.940540e+00;5.728760e+00;6.725684e-01;7.351102e-01;7.045065e-01;1.369591e+00;3.158588e-02;3.310569e-02;1.172460e-02;2.048123e-02;3.416168e-02;1.382639e-01;1.239674e-01;3.084930e-01;1.346334e-01;4.724753e-01;2.213346e-01;6.684063e-01;5.827290e-01;9.706541e-01;5.388911e-01;9.723935e-01;4.257433e-01;1.028362e+00;5.617385e-01;1.185841e+00;8.261987e-01;1.340606e+00;1.147687e+00;1.524364e+00;1.157006e+00;1.671260e+00;2.051954e+00;2.103147e+00;1.954414e+00;2.171152e+00;1.700833e+00;2.194231e+00;1.922155e+00;2.336590e+00;1.768386e+00;2.264940e+00;9.742429e-01;2.000197e+00;9.205244e-01;1.969848e+00;6.187841e-01;1.781960e+00;3.880771e-01;1.641198e+00;5.657136e-01;1.643299e+00;4.129473e-01;1.429450e+00;3.380527e-01;1.225310e+00;3.083836e-01;1.035867e+00;2.657809e-01;8.525195e-01;1.935108e-01;6.785290e-01;6.681776e-01;3.840830e-01;4.024214e-01;1.883283e-01;5.155992e+01;2.182031e+02;1.696258e+02;3.138105e+02;3.438689e+02;4.844971e+02;4.555254e+02;6.528867e+02;2.160601e-01;2.568268e-01;1.904185e+02;3.764447e+02;5.086498e-01;3.172225e+00;1.020618e+05;9.553725e+04;8.208371e+00;1.299951e+01;7.127877e+02;9.586566e+02;1.598141e-01;-9.703924e-02;1.531819e-01;3.761573e-01;4.119079e-01;2.398876e-01;3.236275e+00;5.271803e+01;1.779371e+01;-2.013012e+00;4.539929e+00;1.987564e+00;9.883262e+00;4.028604e+00;8.056348e+00;5.134392e+00;1.021590e+01;-3.349805e+00;5.139841e+00;-7.410686e+00;6.337260e+00;-5.692205e-01;4.628568e+00;-8.619569e+00;5.339349e+00;-9.625548e+00;4.485491e+00;-8.419606e+00;6.676798e+00;-1.275384e+01;4.485043e+00;-3.741095e+00;4.373937e+00;3.135990e+00;1.068872e-03;1.907413e-04;9.293958e-07;-9.284933e-09;5.479427e-06;-7.990551e-08;6.503599e-06;1.967250e-07;9.748862e-06;-4.874069e-07;1.495336e-04;-3.549181e-06;5.229033e-02;1.413551e-02;9.004331e-02;3.319659e-03;2.512101e-03;7.005401e-04;1.366619e-03;1.356765e-04;8.467822e-03;1.072383e-04;2.234578e-02;6.508019e-04;1.691766e-02;1.705130e-03;3.148479e-02;2.650691e-03;8.329335e-02;6.324289e-03;7.660978e-02;5.972569e-03;4.846784e-02;6.122266e-03;9.058489e-02;4.335843e-03;1.378349e-01;8.105074e-03;2.075913e-01;6.937449e-03;1.802890e-01;4.521629e-03;3.261902e-01;2.861251e-03;2.949509e-01;2.641633e-03;2.940723e-01;9.451344e-03;3.016306e-01;8.401589e-03;2.867536e-01;-6.181918e-04;1.655650e-01;3.805958e-03;1.742378e-01;4.404411e-03;1.326156e-01;-7.268611e-04;1.016797e-01;-4.871376e-04;9.311230e-02;2.943588e-03;6.686959e-02;2.252517e-03;5.348892e-02;1.419242e-03;4.851181e-02;1.020740e-03;4.206746e-02;7.698075e-04;3.012644e-02;7.383128e-04;7.059969e-02;1.838000e-02;8.164845e-02;3.188847e-03;1.224624e+01;9.043945e-01;5.037946e+01;9.331055e-01;4.712752e+01;2.397363e+00;5.075481e+01;6.000586e+00;3.892416e-02;2.210521e-03;2.728153e+01;2.210613e+00;7.601140e-02;8.449741e-03;1.207724e+04;9.003547e+02;9.396938e-01;-1.457215e-01;9.887968e+01;-1.189518e+01;1.527670e-02;-3.664063e-03;2.044466e-02;2.044380e-03;5.458322e-02;8.147733e-03;1.012628e+00;5.764861e-02;1.797881e+00;-2.978013e-01;9.997727e-01;-6.743013e-02;1.572038e+00;4.771388e-02;1.355360e+00;-2.109672e-01;1.954742e+00;-1.949802e-01;1.770869e+00;-5.659884e-02;1.397463e+00;-1.333231e-01;1.490243e+00;-3.249009e-02;1.140648e+00;6.814146e-02;1.368535e+00;6.707022e-02;1.588294e+00;1.356255e-01;1.232250e+00;2.229196e-02;1.089222e+00;-3.134728e-02
22.500000;9.530409e+01;1.686309e+02;2.492350e-02;7.872358e-01;1.232397e-01;1.038955e-01;1.361442e-01;1.229222e-01;1.414649e-01;2.275284e-01;3.348793e+00;5.339275e+00;5.984980e-01;1.325443e+00;6.724960e-01;1.453865e+00;2.955157e-02;6.041328e-02;1.041294e-02;2.840640e-02;3.310526e-02;1.430410e-01;1.192305e-01;3.260520e-01;1.351974e-01;4.875877e-01;2.116379e-01;7.044743e-01;5.917656e-01;9.686632e-01;5.251238e-01;1.025565e+00;4.214599e-01;1.129620e+00;5.483326e-01;1.226312e+00;8.016105e-01;1.414988e+00;1.089152e+00;1.641719e+00;1.144293e+00;1.711428e+00;2.051744e+00;2.105166e+00;1.927313e+00;2.223429e+00;1.604862e+00;2.410222e+00;1.848000e+00;2.508695e+00;1.768748e+00;2.329128e+00;1.049205e+00;2.256051e+00;1.019953e+00;2.264636e+00;7.540547e-01;1.939890e+00;4.980809e-01;1.789412e+00;6.264139e-01;1.780637e+00;4.257048e-01;1.516465e+00;3.304601e-01;1.262651e+00;3.030604e-01;1.064497e+00;2.623731e-01;8.750255e-01;1.929323e-01;6.951358e-01;6.995460e-01;8.942906e-01;3.694895e-01;2.873432e-01;4.442223e+01;2.494980e+02;1.597228e+02;3.616143e+02;3.104241e+02;6.132656e+02;4.210005e+02;9.965566e+02;2.187654e-01;4.302070e-01;1.645998e+02;4.916503e+02;4.763909e-01;3.600274e+00;9.676220e+04;1.658850e+05;7.024928e+00;5.602761e+00;6.179490e+02;3.114218e+02;1.482626e-01;-2.105870e-01;1.298352e-01;4.752752e-01;3.673941e-01;4.741830e-01;4.329431e+00;5.313564e+01;1.491745e+01;-1.774890e+01;8.405935e+00;2.362339e+00;1.060877e+01;9.793811e+00;8.343923e+00;-2.671495e+00;1.023215e+01;-9.874476e+00;5.556425e+00;-7.368041e+00;6.015396e+00;-3.327209e+00;5.083186e+00;-1.145793e+01;6.368365e+00;-1.105218e+01;5.268386e+00;-5.174967e+00;9.040215e+00;-5.056124e+00;6.507246e+00;-6.176754e+00;6.001393e+00;-1.245215e+00;2.148895e-03;3.458771e-04;1.051680e-06;6.380380e-08;6.555157e-06;-1.972937e-07;7.318760e-06;-9.016676e-08;6.921461e-06;4.550319e-08;1.473593e-04;-9.353485e-06;6.514651e-02;1.321444e-02;9.800229e-02;2.202376e-03;3.022218e-03;4.720425e-04;1.509455e-03;2.694633e-04;8.482836e-03;1.716687e-05;2.242887e-02;-6.703498e-05;1.801879e-02;-1.336722e-05;3.622803e-02;1.337031e-03;8.406645e-02;5.080684e-04;8.222668e-02;2.532783e-03;6.334700e-02;2.542670e-03;9.166986e-02;5.064794e-04;1.488249e-01;2.188602e-03;2.097169e-01;-4.506437e-05;1.812833e-01;5.074225e-03;3.270378e-01;1.380929e-04;2.953536e-01;1.303870e-03;3.090294e-01;3.086222e-03;3.146508e-01;3.667739e-03;2.919452e-01;3.920171e-03;2.082216e-01;8.203858e-03;2.397384e-01;8.524286e-03;1.768704e-01;4.789458e-03;1.183755e-01;4.750219e-03;1.384111e-01;1.043115e-03;9.048494e-02;-1.644542e-04;6.116181e-02;5.433742e-04;5.450595e-02;7.964855e-04;4.635711e-02;1.227022e-03;3.421110e-02;8.507600e-04;9.838388e-02;4.828550e-03;8.332397e-02;2.259620e-03;1.192091e+01;1.277637e+00;5.128737e+01;1.995410e+00;5.178091e+01;4.708594e+00;7.686586e+01;1.078096e+01;4.277968e-02;2.711301e-03;2.991082e+01;3.882389e+00;8.373126e-02;1.345212e-02;1.609187e+04;2.258428e+03;7.454612e-01;-1.764609e-01;7.896826e+01;-1.334774e+01;1.894663e-02;-1.481945e-03;2.239895e-02;3.308692e-03;6.183498e-02;4.182979e-03;1.097040e+00;-1.099866e-02;1.964750e+00;-3.946376e-01;1.496460e+00;6.779080e-02;1.923472e+00;5.988967e-02;1.703370e+00;-2.539466e-01;2.162066e+00;-7.326096e-02;1.825588e+00;-2.761907e-02;1.500847e+00;-3.053869e-02;1.692024e+00;-2.383258e-02;1.137584e+00;-3.459105e-03;1.737264e+00;1.047023e-01;1.716196e+00;1.146778e-01;1.576418e+00;-8.376802e-02;1.071039e+00;-1.041484e-01
23.000000;1.084230e+02;2.084617e+02;2.234099e-02;7.799674e-01;1.217208e-01;1.071091e-01;1.144246e-01;9.146690e-02;1.018825e-01;2.400007e-01;6.762690e+00;3.074982e+00;1.915242e-01;1.427593e+00;1.829782e-01;1.027315e+00;1.314746e-02;6.089624e-02;6.889293e-03;3.069287e-02;7.109940e-03;1.319317e-01;2.906560e-02;2.759281e-01;5.784533e-02;4.175786e-01;9.971173e-02;5.543974e-01;1.444457e-01;6.856361e-01;1.653112e-01;7.815027e-01;2.179454e-01;9.076875e-01;1.237645e-01;9.395353e-01;2.281004e-01;9.554914e-01;2.244381e-01;1.005113e+00;1.884620e-01;1.115912e+00;5.203329e-01;1.230524e+00;2.996373e-01;1.269369e+00;3.929272e-01;1.394108e+00;3.618326e-01;1.412575e+00;4.306571e-01;1.451413e+00;7.126166e-01;1.636535e+00;7.793913e-01;1.638113e+00;6.278660e-01;1.559283e+00;4.870061e-01;1.488801e+00;4.642537e-01;1.360873e+00;2.900341e-01;1.225052e+00;1.797071e-01;1.061124e+00;1.562970e-01;8.900949e-01;1.371808e-01;7.311658e-01;1.077208e-01;5.904607e-01;4.723029e-01;7.571897e-01;8.894315e-02;1.806297e-01;2.984971e+01;2.500723e+02;9.521951e+01;3.580254e+02;2.390820e+02;6.247500e+02;3.363121e+02;1.178871e+03;1.307458e-01;4.347603e-01;1.083025e+02;5.268636e+02;2.478126e-01;3.859345e+00;8.077327e+04;2.113691e+05;9.780096e-01;2.471492e+00;2.998898e+01;2.876821e+01;8.010814e-02;-1.806594e-01;8.118135e-02;5.022306e-01;1.596067e-01;3.900904e-01;3.858134e+00;5.384175e+01;7.030688e+00;-2.469801e+01;9.307859e+00;6.283667e+00;7.686717e+00;1.223243e+01;6.812008e+00;-9.918305e+00;8.328950e+00;-1.015851e+01;5.418641e+00;-4.622712e+00;5.523446e+00;-3.247182e-01;1.042878e+01;-8.140177e+00;4.805891e+00;-1.373033e+01;8.682716e+00;-4.805029e+00;6.969573e+00;-1.600888e+00;6.440361e+00;-9.618763e+00;5.615840e+00;-3.367010e+00;2.585297e-03;1.441363e-04;7.501466e-07;3.217688e-10;5.446545e-06;1.040708e-07;4.585090e-06;-2.792581e-07;5.638060e-06;-2.050997e-07;3.485478e-04;9.283457e-07;4.766528e-02;-6.616032e-03;4.600156e-02;-4.884816e-03;1.871880e-03;-3.668235e-04;1.136845e-03;-2.809273e-05;7.954526e-04;-9.394207e-05;3.317597e-03;-6.304487e-04;9.894460e-03;-1.022790e-03;1.911788e-02;-2.823702e-03;3.327904e-02;-4.789620e-03;3.878162e-02;-4.626203e-03;4.269965e-02;-5.953405e-03;2.185208e-02;-3.725734e-03;7.497969e-02;-7.471152e-03;5.888084e-02;-7.646003e-03;3.981437e-02;-5.215986e-03;1.208362e-01;-2.452609e-03;7.980316e-02;-4.471401e-03;1.031719e-01;-1.494692e-02;1.010839e-01;-1.185433e-02;9.589148e-02;-3.621552e-03;1.400571e-01;-7.774969e-03;1.749818e-01;-1.187474e-02;1.466358e-01;-5.068810e-03;9.063312e-02;-4.168966e-03;1.118343e-01;-5.766894e-03;7.840474e-02;-3.573025e-03;5.966525e-02;-2.387241e-03;5.109569e-02;-2.118423e-03;4.472405e-02;-1.673421e-03;3.500652e-02;-1.252976e-03;6.788749e-02;-1.396833e-02;2.805484e-02;-2.466093e-03;9.841614e+00;-2.871094e-01;3.234053e+01;-5.024414e-01;5.429305e+01;-6.459961e-01;8.161511e+01;-2.397363e+00;3.454250e-02;-2.642118e-04;2.478734e+01;-6.078140e-01;5.714121e-02;-1.659251e-03;1.612025e+04;4.132676e+01;2.395630e-01;2.095968e-03;8.723807e+00;-1.569117e-02;1.132639e-02;2.583450e-03;1.855655e-02;-6.236123e-04;3.210730e-02;-5.453845e-03;9.292153e-01;2.169499e-03;1.401463e+00;3.811118e-02;1.528030e+00;8.255028e-02;1.583423e+00;7.882003e-02;1.433043e+00;-2.642976e-02;1.706112e+00;9.969078e-03;1.646725e+00;4.234074e-02;1.424830e+00;9.159392e-02;2.137407e+00;2.052362e-01;1.109172e+00;3.343601e-02;2.270030e+00;-1.966470e-01;1.658865e+00;-1.420638e-01;1.453282e+00;1.078696e-01;1.143392e+00;1.058586e-01
23.500000;9.255699e+01;2.016057e+02;1.836107e-02;7.775972e-01;1.589578e-01;1.681038e-01;1.761867e-01;1.666690e-01;8.956394e-02;2.379711e-01;6.415597e+00;2.621512e+00;2.196571e-01;1.182877e+00;1.822723e-01;9.595886e-01;8.046340e-03;4.730597e-02;6.129980e-03;2.912069e-02;1.449553e-02;1.291919e-01;3.467560e-02;2.694440e-01;5.666436e-02;4.170686e-01;6.187950e-02;5.131979e-01;1.361389e-01;6.852100e-01;1.787459e-01;7.810065e-01;1.266204e-01;7.901346e-01;1.169036e-01;9.235354e-01;3.067794e-01;9.862543e-01;3.587340e-01;1.026559e+00;2.377812e-01;1.098748e+00;5.306631e-01;1.263856e+00;3.468173e-01;1.236104e+00;2.962945e-01;1.133261e+00;3.237071e-01;1.210931e+00;4.313236e-01;1.362134e+00;4.089638e-01;1.336182e+00;5.825681e-01;1.333104e+00;3.824442e-01;1.361319e+00;4.086477e-01;1.372483e+00;3.475061e-01;1.273813e+00;2.542583e-01;1.165806e+00;2.498273e-01;1.057682e+00;2.260152e-01;8.914392e-01;1.898283e-01;7.357191e-01;1.472978e-01;5.951209e-01;1.415098e-01;4.045097e-01;9.309788e-02;1.176623e-01;2.860307e+01;2.368652e+02;9.999684e+01;3.314678e+02;2.400437e+02;6.299180e+02;3.311939e+02;1.124751e+03;9.804797e-02;3.528638e-01;1.080459e+02;5.031673e+02;2.206143e-01;3.875171e+00;7.863331e+04;1.964058e+05;8.906624e-01;2.377204e+00;2.362956e+01;2.747322e+01;3.279623e-02;-1.074305e-01;8.110146e-02;4.825014e-01;9.628999e-02;2.415760e-01;3.464034e+00;5.544824e+01;7.598861e+00;-2.223811e+01;7.952419e+00;4.444249e+00;4.805230e+00;1.294435e+01;7.894228e+00;-8.158677e+00;8.733764e+00;-9.448535e+00;6.077503e+00;-6.388919e+00;5.318091e+00;1.271520e+00;1.107065e+01;3.577658e-01;5.492703e+00;-9.508616e+00;1.056516e+01;-1.093469e+01;6.585218e+00;-6.308185e+00;8.588743e+00;-2.698420e+00;6.582654e+00;-1.090344e-01;2.486837e-03;-2.255503e-04;7.589192e-07;-4.393488e-08;7.291851e-06;5.197350e-07;6.184827e-06;-2.673058e-07;4.677775e-06;4.969753e-09;3.478743e-04;1.667024e-06;3.809886e-02;-3.771210e-03;3.491088e-02;2.247708e-03;1.575638e-03;-4.246522e-05;1.082525e-03;-1.530612e-04;4.071519e-03;7.843410e-05;7.062988e-03;4.730691e-04;1.048916e-02;1.310468e-03;1.164232e-02;1.539295e-03;3.998955e-02;-8.119424e-05;4.359454e-02;2.145527e-03;2.304799e-02;8.188721e-04;2.279866e-02;1.749392e-04;6.857398e-02;1.075754e-03;6.825589e-02;3.159859e-03;5.557675e-02;-3.669533e-03;1.242946e-01;-1.017845e-04;8.365335e-02;1.494721e-03;4.949632e-02;1.549018e-03;5.194746e-02;-2.531237e-03;9.534547e-02;1.273286e-03;1.060382e-01;7.255364e-03;1.427811e-01;1.572829e-02;9.905370e-02;-2.477070e-03;8.737487e-02;9.359295e-03;6.701600e-02;9.040680e-03;5.815427e-02;2.428528e-03;6.025352e-02;3.003401e-03;5.351766e-02;2.418621e-03;4.584984e-02;1.642105e-03;3.588885e-02;1.331718e-03;3.001453e-02;1.315696e-03;2.408789e-02;-1.476147e-03;9.557023e+00;-4.737305e-01;3.183116e+01;-1.134082e+00;5.711200e+01;-2.713184e+00;7.010420e+01;-4.952637e+00;3.252915e-02;2.176617e-03;2.378314e+01;-1.874451e+00;5.602810e-02;-4.324301e-03;1.520037e+04;-1.388824e+03;2.147053e-01;1.208435e-02;6.381548e+00;2.698419e-01;6.302851e-03;1.742114e-04;1.790368e-02;-1.450942e-03;2.027719e-02;-1.514406e-03;9.130431e-01;3.642165e-02;1.338072e+00;9.877325e-02;1.412436e+00;-2.501786e-02;1.394945e+00;-2.428105e-02;1.406290e+00;4.808611e-02;2.350685e+00;6.455150e-03;1.653215e+00;-5.743784e-02;1.684188e+00;-2.469326e-02;2.239472e+00;1.231134e-01;1.322302e+00;7.750917e-02;2.198135e+00;-2.086965e-01;1.526911e+00;-4.703593e-02;1.310224e+00;2.049939e-01;1.349719e+00;-1.301505e-01
24.000000;5.958065e+01;1.290939e+02;1.656201e-02;7.901847e-01;1.756633e-01;1.748353e-01;1.755674e-01;1.434468e-01;1.164885e-01;2.575984e-01;1.935424e+00;4.829515e+00;1.601870e-01;1.014760e+00;1.895496e-01;9.583412e-01;7.145972e-03;4.562642e-02;4.675879e-03;2.259133e-02;1.438953e-02;1.298462e-01;3.425903e-02;2.734909e-01;5.246926e-02;4.273248e-01;7.431532e-02;5.580055e-01;1.233126e-01;6.465490e-01;1.710165e-01;7.817026e-01;1.249756e-01;8.061821e-01;1.121909e-01;8.887881e-01;2.717556e-01;1.012692e+00;3.123580e-01;1.084102e+00;2.314006e-01;1.085068e+00;2.258318e-01;1.047386e+00;2.252495e-01;1.094615e+00;2.965823e-01;1.105927e+00;2.962116e-01;1.095437e+00;3.826692e-01;1.212069e+00;5.301101e-01;1.338899e+00;7.739244e-01;1.483045e+00;2.933439e-01;1.360140e+00;4.817643e-01;1.459059e+00;3.638560e-01;1.390277e+00;2.658808e-01;1.241827e+00;2.611140e-01;1.095183e+00;2.367306e-01;9.249513e-01;1.967141e-01;7.604911e-01;1.510167e-01;6.138156e-01;1.649044e-01;4.510174e-01;3.936478e-02;5.226138e-02;1.565997e+01;2.282520e+02;3.350580e+01;2.896934e+02;1.456448e+02;4.790420e+02;2.475852e+02;7.947188e+02;1.437282e-01;4.012947e-01;6.395610e+01;4.055065e+02;2.641569e-01;3.613452e+00;5.201001e+04;1.084199e+05;1.628523e+00;3.655300e+00;9.454831e+01;8.653400e+01;3.085815e-02;-1.008429e-01;5.021481e-02;4.107178e-01;7.069524e-02;1.952471e-01;3.295222e+00;5.674434e+01;7.049503e+00;-1.431033e+01;6.124302e+00;-3.040033e-01;6.060611e+00;7.400991e+00;6.612811e+00;-1.990494e+00;8.473509e+00;-5.788406e+00;4.427978e+00;-1.125883e+01;4.993643e+00;-1.334923e+00;6.416553e+00;3.454395e+00;4.219161e+00;-8.316489e+00;5.725025e+00;-1.532412e+01;4.525873e+00;-5.780864e+00;4.719047e+00;7.515874e-01;9.150702e+00;-5.993818e+00;1.744399e-03;-2.151491e-04;6.007915e-07;3.576716e-08;7.079064e-06;-1.900473e-07;5.898969e-06;-2.469699e-07;5.701876e-06;1.911708e-07;8.568611e-05;5.251611e-06;2.674756e-02;-3.597836e-03;3.128077e-02;1.928351e-04;1.240897e-03;-1.275230e-04;7.817234e-04;-6.550769e-05;4.068644e-03;-1.117640e-04;7.057656e-03;-3.254287e-04;1.077497e-02;-9.074679e-04;1.289702e-02;-2.979484e-04;3.674348e-02;-6.199006e-04;3.888251e-02;-7.436336e-04;1.920184e-02;-4.943712e-04;1.830337e-02;-1.227154e-03;5.786013e-02;-5.528186e-05;5.529173e-02;1.519136e-03;5.064565e-02;-5.188874e-04;5.813817e-02;-1.118977e-03;4.241922e-02;-1.777729e-03;4.057050e-02;7.677515e-04;4.718390e-02;6.590330e-04;6.636175e-02;-1.056770e-03;1.041038e-01;-1.753777e-03;1.488214e-01;2.015242e-03;6.438344e-02;3.990763e-03;8.273229e-02;2.454842e-03;7.116483e-02;1.150584e-03;6.658777e-02;1.512001e-03;6.420847e-02;7.660767e-04;5.785031e-02;5.723037e-04;4.831977e-02;3.349739e-04;3.759691e-02;2.800902e-04;2.641968e-02;-1.246485e-03;8.113821e-03;-5.599157e-04;4.945683e+00;-4.306640e-02;1.286234e+01;-2.871094e-02;3.074082e+01;-5.742188e-01;4.710226e+01;-1.737012e+00;4.816488e-02;5.838071e-04;1.213736e+01;-7.176232e-01;5.265849e-02;-2.912641e-03;1.014261e+04;-7.262794e+02;3.739763e-01;2.568701e-02;2.163405e+01;1.735093e+00;4.932673e-03;4.973809e-04;9.687873e-03;-5.383865e-04;1.396828e-02;-1.714258e-03;9.417340e-01;-1.107376e-02;1.181176e+00;1.693303e-01;1.279584e+00;-9.532738e-02;1.202786e+00;-1.703742e-01;1.333373e+00;1.967501e-01;2.256265e+00;1.585144e-01;1.186596e+00;-1.013709e-01;1.485041e+00;-7.166246e-02;1.721365e+00;-7.751226e-02;1.218722e+00;-1.653659e-02;1.506746e+00;1.442850e-01;1.278348e+00;8.115263e-02;1.105652e+00;-8.143152e-02;1.229824e+00;-1.014468e-01
24.500000;1.328853e-01;9.810190e+01;1.002829e-02;7.972829e-01;1.233256e-01;1.107963e-01;6.338850e-02;5.960456e-02;1.688288e-01;3.154173e-01;1.810813e+00;5.447169e+00;1.980985e-01;8.179618e-01;9.993344e-02;9.109970e-01;9.008088e-03;3.952344e-02;3.032221e-03;1.734568e-02;4.131517e-03;1.281709e-01;1.814555e-02;2.636332e-01;3.571807e-02;4.101884e-01;8.324522e-02;5.521305e-01;8.028545e-02;6.132520e-01;1.243776e-01;7.291501e-01;1.017603e-01;7.999662e-01;6.817388e-02;8.225688e-01;1.023921e-01;8.837110e-01;7.756012e-02;9.823935e-01;1.704063e-01;9.937097e-01;1.768834e-01;9.853985e-01;1.687407e-01;1.094547e+00;2.063918e-01;1.171805e+00;1.224281e-01;1.082570e+00;1.610271e-01;1.152586e+00;3.937021e-01;1.291780e+00;5.863878e-01;1.355167e+00;1.564860e-01;1.339185e+00;3.511326e-01;1.360439e+00;2.477139e-01;1.293236e+00;1.970299e-01;1.184115e+00;1.867207e-01;1.034860e+00;1.658769e-01;8.712789e-01;1.404007e-01;7.124926e-01;1.073843e-01;5.775887e-01;1.863316e-01;3.667182e-01;1.625267e-02;2.001489e-02;2.363165e+01;2.151885e+02;3.564553e+01;2.710312e+02;6.469381e+01;3.584561e+02;1.171881e+02;5.888613e+02;1.497180e-01;3.911549e-01;4.309154e+01;3.348276e+02;2.294860e-01;3.345147e+00;2.129540e+04;6.287529e+04;1.804547e+00;5.338492e+00;1.290202e+02;1.855423e+02;3.506190e-02;-7.730436e-02;3.973988e-02;3.507114e-01;6.976621e-02;1.365398e-01;2.851683e+00;5.697868e+01;7.290257e+00;-7.064874e+00;5.827031e+00;-1.256448e+00;4.010314e+00;4.983411e+00;6.709369e+00;2.229577e+00;5.051021e+00;-2.728339e+00;5.370906e+00;-1.094125e+01;5.163042e+00;-1.346585e+00;4.334980e+00;7.426850e-01;4.253458e+00;-1.148988e+01;5.060403e+00;-1.155320e+01;6.082262e+00;-6.156639e-01;4.011314e+00;-3.142943e+00;4.636374e+00;-1.306806e+01;3.635438e-06;-6.649034e-07;1.895371e-07;2.918065e-08;2.872202e-06;-6.645640e-07;2.164687e-06;1.202567e-08;8.013863e-06;5.268732e-07;8.779724e-05;5.329636e-06;9.709864e-03;-6.551162e-03;1.840760e-02;-4.635852e-03;4.299256e-04;-2.305388e-04;6.009583e-04;-1.021668e-04;6.329592e-04;-1.193373e-04;3.031601e-03;-4.322751e-04;8.670826e-03;-6.643241e-04;1.075520e-02;-5.648290e-04;3.136146e-02;1.438799e-04;2.302561e-02;-3.579553e-03;1.268630e-02;-3.357014e-03;1.268369e-02;-1.408355e-03;3.700974e-02;-4.479295e-03;3.003823e-02;-3.826394e-03;2.280869e-02;2.088768e-04;5.185391e-02;2.225343e-04;3.539940e-02;-3.860809e-03;3.872941e-02;-5.302181e-03;3.360869e-02;-3.232342e-03;3.335009e-02;-5.701552e-03;5.393482e-02;-1.607466e-02;7.434720e-02;-2.510288e-02;4.453127e-02;-3.201537e-03;4.603165e-02;-1.473092e-02;5.399092e-02;-9.931495e-03;6.088742e-02;-3.002184e-03;5.730781e-02;-3.644093e-03;5.089660e-02;-3.589946e-03;4.339204e-02;-3.144650e-03;3.339088e-02;-2.156846e-03;1.652548e-02;-3.925180e-03;2.300787e-03;-7.376978e-04;5.944533e+00;-7.177734e-02;1.020148e+01;-5.742188e-01;1.451549e+01;-1.564746e+00;2.289298e+01;-5.469434e+00;5.101815e-02;-3.331719e-03;6.216188e+00;-1.602645e+00;4.924290e-02;-9.018827e-03;3.762381e+03;-9.443148e+02;5.304667e-01;5.594397e-02;4.015203e+01;4.076266e+00;2.488260e-03;8.932206e-04;5.560310e-03;-1.399796e-03;7.782536e-03;-2.176814e-03;8.737767e-01;3.924192e-02;1.021648e+00;2.250662e-01;9.626658e-01;-9.681939e-02;8.687404e-01;6.558791e-02;9.117603e-01;1.599031e-01;1.618151e+00;-6.365205e-02;1.150638e+00;-3.664201e-02;1.325520e+00;-4.655378e-02;1.459456e+00;-6.521890e-02;1.176846e+00;-4.838074e-02;1.479868e+00;5.918466e-02;1.500357e+00;6.893245e-03;1.073473e+00;-1.068032e-01;1.043932e+00;1.087297e-01
25.000000;1.127414e-01;9.792371e+01;9.544654e-03;7.927571e-01;8.625965e-02;1.123412e-01;6.586264e-02;7.009676e-02;1.835138e-01;3.253031e-01;2.054862e+00;6.226146e+00;8.864580e-02;5.672370e-01;5.679727e-02;8.927578e-01;4.197604e-03;2.817118e-02;1.834676e-03;1.504157e-02;3.378903e-03;1.267061e-01;1.633224e-02;2.595761e-01;3.057934e-02;3.951173e-01;8.858856e-02;5.030998e-01;9.425279e-02;5.983791e-01;7.538730e-02;6.823239e-01;7.309161e-02;7.675907e-01;1.501156e-01;8.829386e-01;1.731370e-01;9.294852e-01;7.726192e-02;9.358727e-01;1.620712e-01;9.020677e-01;1.828863e-01;9.960104e-01;1.756455e-01;1.050488e+00;1.944292e-01;1.088790e+00;1.249757e-01;1.139637e+00;1.198398e-01;1.209240e+00;1.387789e-01;1.202515e+00;1.806556e-01;1.241986e+00;1.363544e-01;1.380637e+00;1.528408e-01;1.339460e+00;1.698355e-01;1.268597e+00;1.603614e-01;1.179524e+00;1.483435e-01;1.017309e+00;1.305829e-01;8.510501e-01;1.103367e-01;6.974731e-01;8.197089e-02;5.658292e-01;7.327520e-02;1.598809e-01;3.598066e-03;5.064162e-03;2.868365e+01;1.903535e+02;1.800796e+01;2.428945e+02;3.253470e+01;3.006035e+02;9.645113e+01;5.083271e+02;1.032572e-01;2.733570e-01;2.106294e+01;2.887303e+02;2.193550e-01;3.143641e+00;1.167601e+04;4.683053e+04;3.682429e+00;7.165487e+00;3.968317e+02;3.675928e+02;1.160162e-02;-3.798012e-02;2.113570e-02;3.059678e-01;2.424490e-02;6.302786e-02;2.702880e+00;5.720678e+01;5.754375e+00;2.324088e+00;2.667016e+00;-4.143320e+00;5.518669e+00;3.201880e+00;4.711219e+00;9.013564e+00;6.801006e+00;7.283947e-01;7.198551e+00;-4.894986e+00;5.867377e+00;2.184217e+00;5.697980e+00;-5.760596e+00;6.308171e+00;-1.587695e+01;4.052111e+00;-9.031334e+00;6.540033e+00;-6.807302e-01;4.667705e+00;-2.384962e+00;5.895305e+00;-8.191139e+00;2.996814e-06;-2.897863e-07;1.877423e-07;-2.797947e-08;3.128848e-06;-3.638485e-08;2.774795e-06;3.307604e-08;9.065474e-06;-2.076451e-07;1.062431e-04;4.614221e-06;6.625076e-03;-3.604027e-03;1.527599e-02;1.522325e-03;3.651365e-04;-1.424074e-04;5.356113e-04;-4.787099e-05;5.945786e-04;1.137481e-04;3.208971e-03;4.548712e-04;7.822450e-03;8.445953e-04;1.263211e-02;1.427711e-03;3.630280e-02;-9.867960e-04;2.206066e-02;-1.050143e-03;1.294106e-02;2.664948e-04;1.978049e-02;-8.515294e-04;2.570840e-02;-1.758232e-03;1.681419e-02;-1.724495e-03;2.795883e-02;-1.324894e-03;5.286806e-02;-2.869954e-03;4.417803e-02;7.113453e-05;4.906122e-02;1.205781e-03;3.747063e-02;4.654267e-03;3.715541e-02;5.393924e-03;4.490463e-02;7.554064e-03;5.788514e-02;6.713809e-03;4.156968e-02;4.161346e-03;3.942766e-02;4.848831e-03;4.934485e-02;4.318489e-03;5.087104e-02;2.238974e-03;4.699562e-02;2.078407e-03;4.196721e-02;1.751885e-03;3.670091e-02;1.211578e-03;2.665674e-02;8.365863e-04;9.339798e-03;-2.572006e-03;5.267475e-04;-1.689807e-04;7.020338e+00;-5.455078e-01;4.253945e+00;-4.737305e-01;1.017772e+01;-1.536035e+00;1.907428e+01;-2.942871e+00;3.431134e-02;-2.843920e-03;3.386666e+00;-1.117706e+00;4.677534e-02;-5.892710e-03;2.743022e+03;-3.584073e+02;7.882160e-01;1.928237e-01;8.051814e+01;2.319457e+01;1.401757e-03;4.265610e-04;3.205646e-03;-1.110862e-03;4.471584e-03;-7.922824e-04;8.448670e-01;-6.269250e-02;7.072003e-01;1.766193e-01;7.350228e-01;1.233415e-01;1.096772e+00;-1.053339e-02;9.386244e-01;1.905715e-02;1.482590e+00;5.655186e-02;1.129423e+00;1.562411e-01;1.551526e+00;7.674483e-02;1.174439e+00;-1.280750e-01;1.738758e+00;-1.171328e-01;1.494413e+00;-4.016035e-02;1.500308e+00;-3.592135e-02;1.236384e+00;3.424518e-02;9.237079e-01;4.827495e-02
25.500000;8.097386e-02;9.778259e+01;8.062345e-03;7.935134e-01;8.295565e-02;1.239854e-01;4.926835e-02;5.946599e-02;2.151644e-01;3.144075e-01;2.013124e+00;6.078917e+00;6.894331e-02;4.324259e-01;4.881075e-02;9.195575e-01;4.078322e-03;2.294466e-02;1.840677e-03;1.384480e-02;3.381986e-03;1.272519e-01;1.771408e-02;2.625849e-01;3.754031e-02;3.952091e-01;9.607802e-02;5.171185e-01;1.004276e-01;6.119339e-01;8.438165e-02;7.199906e-01;5.190253e-02;7.890285e-01;1.685423e-01;8.893292e-01;1.957877e-01;9.560467e-01;1.133723e-01;9.112492e-01;1.257944e-01;9.321915e-01;1.929051e-01;1.009372e+00;1.413352e-01;1.014015e+00;1.506810e-01;1.057327e+00;1.142419e-01;1.204683e+00;1.231334e-01;1.286975e+00;1.634973e-01;1.283415e+00;1.398657e-01;1.371886e+00;1.194701e-01;1.441330e+00;1.332369e-01;1.396654e+00;1.622645e-01;1.318927e+00;1.439438e-01;1.202151e+00;1.365610e-01;1.041636e+00;1.224831e-01;8.715432e-01;9.907154e-02;7.158700e-01;7.339062e-02;5.807774e-01;5.036592e-02;9.997314e-02;1.204596e-03;1.191209e-03;3.163289e+01;1.668105e+02;1.896389e+01;2.286826e+02;2.280487e+01;2.787832e+02;1.126424e+02;4.234863e+02;8.449616e-02;2.174203e-01;2.262294e+01;2.548655e+02;1.943078e-01;2.980708e+00;1.323114e+04;3.484921e+04;7.141274e+00;1.275085e+01;9.297462e+02;1.033615e+03;8.958120e-03;-2.573007e-02;2.229329e-02;2.724003e-01;1.741870e-02;4.195743e-02;3.071779e+00;5.522433e+01;4.794378e+00;1.074113e+01;5.139867e+00;-7.089592e-01;4.108642e+00;-1.474872e+00;2.884809e+00;1.042269e+01;4.250033e+00;5.806380e+00;5.405847e+00;-8.445696e-01;4.980979e+00;4.267810e+00;4.564613e+00;-9.026925e+00;5.437901e+00;-1.717600e+01;3.809262e+00;-9.777225e+00;4.577960e+00;-5.110221e+00;4.142181e+00;-1.059315e+00;2.597969e+00;-2.313925e+00;2.650952e-06;-2.697763e-07;1.468168e-07;1.501294e-09;3.024611e-06;-1.543370e-07;2.636135e-06;-8.267575e-08;1.028680e-05;1.582054e-08;1.017940e-04;-4.234330e-06;3.501151e-03;-2.248279e-03;1.489052e-02;6.477433e-04;2.645165e-04;-1.553768e-04;4.244426e-04;-2.292769e-05;6.408003e-04;5.839053e-05;3.063465e-03;2.611186e-04;8.522332e-03;-8.020127e-04;1.297045e-02;-1.167362e-03;3.550377e-02;-7.899789e-04;1.967243e-02;1.248630e-03;1.039782e-02;1.025528e-03;2.243507e-02;2.257849e-03;2.610281e-02;2.919995e-03;2.062103e-02;-7.788413e-04;3.233287e-02;-1.584965e-03;5.359333e-02;1.541479e-04;4.245470e-02;1.044830e-04;4.422035e-02;5.461814e-04;3.659728e-02;3.021774e-03;3.643334e-02;2.022930e-03;3.624007e-02;2.070161e-03;4.315546e-02;9.153650e-04;3.823442e-02;5.506102e-04;3.860822e-02;2.862739e-04;4.835554e-02;7.025529e-04;4.515168e-02;7.255335e-04;4.143300e-02;6.248870e-04;3.780696e-02;1.130558e-03;3.189381e-02;8.049606e-04;2.341355e-02;5.325659e-04;5.165242e-03;-2.014230e-03;1.090880e-04;-4.735403e-05;5.406049e+00;-1.033594e+00;4.941618e+00;-7.464844e-01;6.442567e+00;-4.737305e-01;1.957772e+01;1.004883e+00;2.873801e-02;-4.590258e-04;2.012945e+00;-4.645121e-01;3.762026e-02;2.045925e-03;2.300692e+03;1.517319e+02;1.171370e+00;6.244373e-02;1.463467e+02;5.394064e+00;7.947292e-04;3.404378e-04;1.966314e-03;-5.372681e-04;3.245598e-03;-4.351911e-04;7.815692e-01;-6.180417e-02;6.287426e-01;1.293663e-01;6.933191e-01;3.674604e-02;1.072858e+00;-1.340315e-01;8.820823e-01;-4.829441e-02;9.692140e-01;1.946636e-01;1.105688e+00;2.719566e-01;1.379643e+00;1.245592e-01;1.280280e+00;-3.418022e-02;1.606992e+00;-2.108213e-02;1.293585e+00;2.012274e-02;1.162100e+00;-2.842808e-02;1.020223e+00;6.356095e-02;7.329959e-01;8.322267e-02
26.000000;1.071931e-01;9.770721e+01;1.293922e-02;8.063806e-01;7.764414e-02;8.026441e-02;3.133116e-02;4.053895e-02;2.163630e-01;2.650138e-01;3.216438e+00;7.861333e+00;5.696201e-02;3.383265e-01;8.603816e-02;9.457947e-01;4.919704e-03;1.710900e-02;2.007473e-03;1.169564e-02;3.538297e-03;1.271267e-01;1.965391e-02;2.544492e-01;4.421018e-02;3.748611e-01;1.046767e-01;5.201321e-01;1.061958e-01;6.392018e-01;1.088747e-01;7.066870e-01;7.667608e-02;7.727538e-01;1.201715e-01;8.394614e-01;1.598495e-01;9.111169e-01;1.322886e-01;8.710324e-01;2.358213e-01;1.023028e+00;3.379764e-01;1.077094e+00;3.677275e-01;1.150488e+00;1.933543e-01;1.191410e+00;3.815506e-01;1.322659e+00;1.592257e-01;1.366498e+00;2.097874e-01;1.409560e+00;1.494571e-01;1.420854e+00;1.024996e-01;1.446680e+00;1.143415e-01;1.426022e+00;1.358563e-01;1.332965e+00;1.178222e-01;1.204434e+00;1.189113e-01;1.040234e+00;1.196366e-01;8.730248e-01;1.135930e-01;7.119423e-01;7.359912e-02;5.769469e-01;4.291835e-02;5.506977e-02;3.756570e-04;3.496673e-04;3.565102e+01;1.284814e+02;4.278219e+01;2.049961e+02;3.868952e+01;2.667246e+02;7.044002e+01;3.478330e+02;8.751555e-02;1.550964e-01;2.648753e+01;2.253305e+02;1.874659e-01;2.919001e+00;1.074356e+04;3.194232e+04;5.722916e+00;1.675806e+01;7.662029e+02;1.335677e+03;8.884964e-03;-1.523340e-02;2.917410e-02;2.412517e-01;1.801308e-02;2.439499e-02;2.650077e+00;5.234502e+01;4.784831e+00;1.269685e+01;3.961856e+00;5.618107e+00;3.785244e+00;-2.518535e+00;3.180408e+00;8.058037e+00;4.632051e+00;6.568436e+00;5.984185e+00;1.932415e+00;5.948419e+00;6.508842e+00;5.643049e+00;-7.652722e+00;3.921246e+00;-1.479671e+01;3.517972e+00;-9.177154e+00;3.704235e+00;-4.764622e+00;5.954929e+00;3.288793e+00;5.829554e+00;3.204278e+00;4.447510e-06;3.604032e-08;1.987701e-07;5.006351e-08;2.380340e-06;-1.547271e-07;1.381328e-06;-1.178322e-07;8.732053e-06;-9.320284e-08;8.823656e-05;3.159538e-06;8.237586e-03;-1.956878e-03;3.051805e-02;-8.362338e-04;2.166523e-04;-1.554330e-04;3.520034e-04;-4.069036e-05;5.847560e-04;-3.705648e-05;2.708785e-03;-4.233327e-04;8.235648e-03;-2.014501e-03;1.069711e-02;-3.800387e-03;3.496698e-02;8.819497e-04;2.263744e-02;-1.686927e-04;1.274927e-02;-6.651867e-05;1.688911e-02;2.387133e-03;2.475293e-02;2.876708e-03;3.474921e-02;1.700313e-04;6.776129e-02;1.492760e-03;1.031849e-01;2.157107e-03;1.241929e-01;2.895310e-03;7.386980e-02;1.581696e-03;1.246506e-01;-1.871555e-03;5.844412e-02;-1.119631e-03;7.799217e-02;-1.171199e-03;5.693722e-02;-3.301684e-03;3.568712e-02;-3.518287e-03;3.688826e-02;-1.855344e-03;4.781947e-02;-4.315228e-03;4.310349e-02;-2.974170e-03;4.431158e-02;-3.367302e-03;4.434638e-02;-3.009332e-03;4.346201e-02;-1.966420e-03;2.701099e-02;-1.204138e-03;2.754272e-03;-1.336674e-03;1.343649e-04;-5.394379e-06;3.996496e+00;-9.187500e-01;5.738220e+00;-1.277637e+00;4.931600e+00;-1.033594e+00;1.753792e+01;-3.732422e-01;2.060304e-02;-1.218892e-03;3.405206e+00;-6.938042e-01;3.483987e-02;-2.940105e-03;2.799447e+03;2.075210e+02;1.331361e+00;-8.483995e-02;1.472412e+02;-1.589762e+01;4.604101e-04;2.895602e-04;3.293107e-03;-8.255592e-04;2.666509e-03;-4.293519e-04;7.328199e-01;-2.315559e-02;1.487713e+00;-6.854701e-02;8.283669e-01;4.277834e-02;1.200414e+00;-6.447884e-02;1.008028e+00;7.765580e-03;1.111180e+00;1.250055e-01;1.253444e+00;1.443161e-01;1.332156e+00;2.036954e-01;1.585084e+00;1.239950e-01;1.220123e+00;1.444136e-01;1.134150e+00;6.206718e-02;9.570137e-01;9.825959e-02;1.005655e+00;1.475849e-01;9.848641e-01;8.874708e-02
26.500000;1.689297e+01;9.531615e+01;2.995730e-02;8.048828e-01;6.348481e-02;4.136378e-02;3.796801e-02;2.894859e-02;1.403138e-01;1.543877e-01;1.633479e+01;7.396748e+00;3.554271e-01;4.439608e-01;5.244853e-01;1.234825e+00;1.332220e-02;1.696378e-02;1.095999e-02;1.662132e-02;2.799428e-02;1.317477e-01;9.587121e-02;2.875954e-01;1.996107e-01;4.402717e-01;2.738680e-01;6.020653e-01;5.616088e-01;8.463335e-01;4.296341e-01;8.333636e-01;5.669696e-01;9.522091e-01;5.251904e-01;1.068441e+00;6.831310e-01;1.203629e+00;8.507801e-01;1.388803e+00;1.079435e+00;1.662446e+00;1.287355e+00;1.809408e+00;1.211011e+00;1.811280e+00;1.302943e+00;1.940597e+00;1.076625e+00;1.987185e+00;8.393541e-01;1.845639e+00;9.354985e-01;1.936590e+00;7.028896e-01;1.764584e+00;4.699167e-01;1.670189e+00;3.672235e-01;1.618926e+00;3.065291e-01;1.464432e+00;2.510430e-01;1.310065e+00;2.742555e-01;1.140928e+00;2.707224e-01;9.632453e-01;2.442114e-01;7.934812e-01;1.682689e-01;6.319926e-01;1.255016e-01;5.776086e-02;7.236143e-02;3.006481e-02;6.098963e+01;1.220215e+02;1.466066e+02;2.120303e+02;3.631030e+02;3.844395e+02;4.102903e+02;5.340234e+02;1.197242e-01;1.226744e-01;1.883000e+02;2.910597e+02;6.002197e-01;3.116844e+00;1.031106e+05;9.749648e+04;6.949798e+00;1.221998e+01;5.499161e+02;7.343455e+02;3.905825e-02;-2.174954e-02;1.585155e-01;2.866110e-01;1.146145e-01;4.713835e-02;3.806142e+00;4.994326e+01;1.668738e+01;-7.888888e-01;6.109779e+00;8.325483e+00;1.119286e+01;4.508437e+00;4.242926e+00;8.177240e+00;6.980011e+00;6.491096e+00;8.264047e+00;2.278156e+00;8.210296e+00;6.495740e+00;5.520601e+00;-5.937721e+00;7.961784e+00;-8.715537e+00;6.350201e+00;-4.256835e+00;4.261305e+00;-2.944226e+00;4.689626e+00;6.853965e+00;4.911022e+00;7.191319e+00;6.994011e-05;9.099532e-06;1.023195e-06;-4.938129e-08;2.270313e-06;-1.096213e-07;7.511385e-07;-3.655164e-08;4.669421e-06;-6.068018e-07;7.359150e-04;1.513748e-06;4.217095e-02;9.255192e-03;9.599756e-02;7.890606e-03;1.712040e-03;3.704811e-04;1.160024e-03;1.769967e-04;8.062822e-03;4.300308e-04;2.142623e-02;1.688668e-03;3.534605e-02;4.656532e-03;4.375751e-02;5.280965e-03;1.014294e-01;1.727649e-02;6.422835e-02;9.330635e-03;1.083045e-01;8.517489e-03;7.783622e-02;8.524999e-03;1.060105e-01;1.035423e-02;1.213173e-01;1.365178e-02;1.935036e-01;1.792286e-02;2.704935e-01;1.309495e-02;2.591918e-01;1.242723e-02;2.785820e-01;1.451640e-02;2.560951e-01;1.004864e-02;1.801285e-01;3.041102e-03;2.114918e-01;3.857302e-03;1.653186e-01;3.134399e-03;1.094459e-01;7.229293e-05;1.019217e-01;7.239993e-04;5.716055e-02;8.590299e-03;5.454083e-02;7.979186e-03;5.490359e-02;9.075929e-03;5.696039e-02;8.111427e-03;5.329417e-02;7.482652e-03;3.456779e-02;5.365276e-03;2.353677e-02;3.435791e-03;1.060974e-02;1.528374e-03;1.174081e+01;1.291992e+00;3.901505e+01;1.665234e+00;5.884126e+01;4.636817e+00;5.398225e+01;7.335645e+00;2.386038e-02;2.304934e-03;3.074957e+01;2.964551e+00;8.444611e-02;9.021539e-03;1.503869e+04;1.403916e+03;1.212996e+00;-1.286359e-01;9.634708e+01;-9.567202e+00;5.687692e-03;-1.103087e-03;2.491571e-02;2.643859e-03;2.140071e-02;3.159613e-03;9.023238e-01;3.411009e-02;2.190346e+00;-3.300322e-01;1.119275e+00;-1.356343e-01;1.975723e+00;2.625663e-01;1.286210e+00;-2.432419e-02;1.580732e+00;-2.627210e-01;1.622687e+00;-1.524379e-01;1.458929e+00;-1.424916e-01;1.535667e+00;-1.226456e-02;1.599640e+00;1.434345e-01;1.570704e+00;1.445671e-01;1.165076e+00;6.755293e-02;1.353860e+00;3.876494e-03;1.232336e+00;1.537208e-02
27.000000;2.868941e+01;9.806321e+01;3.000319e-02;7.811055e-01;9.738580e-02;7.976563e-02;8.566461e-02;7.903241e-02;9.801284e-02;1.343804e-01;1.608806e+01;5.204247e+00;4.678879e-01;8.997700e-01;5.199917e-01;1.310955e+00;2.039599e-02;3.540168e-02;1.018648e-02;2.658478e-02;2.990593e-02;1.380460e-01;9.584208e-02;3.179229e-01;1.963672e-01;5.081322e-01;2.635981e-01;6.737039e-01;5.828696e-01;9.868281e-01;5.593573e-01;1.106184e+00;5.809323e-01;1.159392e+00;5.231518e-01;1.183507e+00;6.848974e-01;1.289389e+00;7.550139e-01;1.582865e+00;1.047855e+00;1.825652e+00;1.216499e+00;1.940368e+00;1.165922e+00;1.845032e+00;1.258732e+00;2.116876e+00;1.036996e+00;1.998097e+00;8.790036e-01;1.773842e+00;9.722711e-01;1.889288e+00;7.420461e-01;1.825931e+00;5.265273e-01;1.664940e+00;4.644923e-01;1.615778e+00;3.833597e-01;1.531878e+00;3.055376e-01;1.362088e+00;3.212755e-01;1.205672e+00;3.059570e-01;1.021678e+00;2.660615e-01;8.482193e-01;1.911322e-01;6.735220e-01;2.759019e-01;2.992649e-01;8.651851e-02;8.398481e-02;7.991485e+01;1.939424e+02;1.792121e+02;3.409424e+02;3.490302e+02;5.551260e+02;4.087490e+02;8.779805e+02;1.641950e-01;2.469393e-01;1.891413e+02;4.401144e+02;6.490122e-01;3.640321e+00;8.548371e+04;1.519521e+05;5.290583e+00;5.216363e+00;3.278110e+02;1.992569e+02;6.319172e-02;-7.779243e-02;1.695630e-01;4.262108e-01;1.720433e-01;1.908998e-01;5.634393e+00;5.291727e+01;1.160027e+01;-1.555990e+01;1.003249e+01;7.594079e-01;8.400523e+00;1.109817e+01;6.255085e+00;4.340618e+00;1.198248e+01;-3.889484e+00;8.757336e+00;-4.801482e+00;7.661376e+00;6.588564e+00;6.851723e+00;6.133382e-01;5.994829e+00;-1.878427e+00;5.366567e+00;2.289892e+00;4.568388e+00;-3.343078e+00;1.008872e+01;-2.451467e+00;7.312240e+00;7.757829e-01;9.733231e-04;2.074975e-04;1.145873e-06;-5.996970e-09;3.571703e-06;1.464436e-07;2.750177e-06;1.646273e-07;4.500334e-06;1.169365e-09;7.363192e-04;-1.817877e-05;5.742474e-02;1.174819e-02;9.775150e-02;1.360707e-03;2.273681e-03;4.270982e-04;1.478013e-03;3.717561e-04;8.132294e-03;-3.851590e-05;2.171849e-02;6.386134e-05;3.762383e-02;8.934152e-04;4.648904e-02;2.223823e-03;1.080504e-01;5.130784e-04;8.936958e-02;-6.093588e-04;1.123856e-01;1.136725e-04;8.027364e-02;-1.018465e-03;1.089105e-01;-1.100803e-03;1.234717e-01;2.450467e-03;1.919064e-01;-1.753078e-04;2.596740e-01;1.851476e-03;2.349699e-01;3.166252e-03;2.766804e-01;6.078056e-04;2.302741e-01;-7.084056e-04;1.795557e-01;3.547166e-03;2.210882e-01;6.157183e-03;1.794418e-01;5.251688e-03;1.314105e-01;5.652849e-03;1.325466e-01;4.318703e-03;7.723871e-02;3.279075e-03;6.318713e-02;-4.040908e-05;6.203988e-02;2.044594e-04;5.960438e-02;-1.058417e-04;5.066726e-02;-5.061969e-04;3.740189e-02;-6.133012e-04;4.486065e-02;5.272493e-03;2.102570e-02;2.567942e-03;1.337883e+01;1.521680e+00;4.148866e+01;3.818555e+00;6.738421e+01;8.613281e+00;6.773820e+01;1.240312e+01;3.027964e-02;4.137631e-03;3.378857e+01;4.779458e+00;8.442471e-02;1.668867e-02;1.801643e+04;2.484902e+03;7.664989e-01;-1.451790e-01;5.468124e+01;-9.153719e+00;9.259219e-03;-1.262338e-03;2.705915e-02;4.173558e-03;3.107924e-02;3.843677e-03;1.140297e+00;2.193170e-02;1.946702e+00;-3.504805e-01;1.487572e+00;-1.069062e-02;1.866729e+00;1.130906e-01;1.406254e+00;-1.228724e-01;1.535269e+00;-2.880719e-01;1.615673e+00;-3.095169e-01;1.423810e+00;-9.882039e-02;1.475082e+00;8.363385e-02;1.476143e+00;1.926113e-02;1.515246e+00;6.505211e-02;1.242367e+00;-3.389226e-02;1.396514e+00;-1.591658e-01;1.282771e+00;-1.752034e-01
27.500000;8.974132e+01;1.899931e+02;3.958977e-02;8.072293e-01;8.930455e-02;6.562366e-02;8.597878e-02;6.919861e-02;6.719047e-02;1.683893e-01;2.201256e+00;6.367718e+00;2.890300e-01;1.414179e+00;3.812829e-01;1.174983e+00;1.005609e-02;5.527436e-02;6.002611e-03;3.480474e-02;1.370834e-02;1.327047e-01;4.874437e-02;2.830603e-01;8.395364e-02;4.716380e-01;1.022655e-01;6.225151e-01;3.026180e-01;7.845549e-01;4.501031e-01;1.047196e+00;2.980117e-01;1.026217e+00;2.282977e-01;9.785888e-01;2.453097e-01;1.009186e+00;2.302503e-01;1.104467e+00;4.429528e-01;1.348768e+00;3.465343e-01;1.347458e+00;5.079780e-01;1.435037e+00;6.662311e-01;1.650533e+00;6.418408e-01;1.577064e+00;7.156333e-01;1.602867e+00;1.599090e+00;2.065848e+00;1.341824e+00;2.039859e+00;9.842754e-01;1.759340e+00;9.677132e-01;1.737794e+00;6.555243e-01;1.570405e+00;2.997626e-01;1.329912e+00;2.905201e-01;1.172480e+00;2.462578e-01;9.880512e-01;2.061234e-01;8.129520e-01;1.575177e-01;6.510599e-01;2.831131e-01;6.703386e-01;1.505986e-01;2.180132e-01;9.455275e+01;3.123750e+02;7.401131e+01;4.860762e+02;2.918153e+02;7.952930e+02;3.497912e+02;1.312233e+03;9.045082e-02;3.138516e-01;1.242401e+02;6.177344e+02;1.406662e-01;3.889140e+00;8.583675e+04;2.202393e+05;5.701815e-01;1.891964e+00;1.595642e+01;2.114389e+01;5.208950e-02;-1.455397e-01;9.231091e-02;5.844414e-01;2.283589e-01;4.515152e-01;5.307072e+00;5.303838e+01;7.933193e+00;-2.545035e+01;1.106538e+01;3.070666e+00;3.962013e+00;9.279113e+00;8.095078e+00;-7.633960e+00;3.620321e+00;-1.307796e+01;8.804983e+00;-1.657874e+01;6.152398e+00;7.858446e+00;9.169440e+00;1.360529e+01;3.766325e+00;6.323059e-01;6.239393e+00;6.379790e-01;3.980632e+00;-5.341701e+00;5.204666e+00;-1.132834e+01;5.864974e+00;-9.541882e+00;9.902330e-04;1.958433e-04;6.649979e-07;4.294527e-08;3.487522e-06;-9.258886e-08;3.140703e-06;-1.113355e-07;3.316956e-06;-4.954768e-08;8.959670e-05;-2.832995e-07;5.931899e-02;2.595495e-03;8.392992e-02;-7.653452e-03;2.213861e-03;5.512159e-06;1.252581e-03;1.303855e-04;1.113614e-03;-4.254229e-04;4.381263e-03;-1.511076e-03;1.649513e-02;-3.983047e-03;2.171198e-02;-4.941760e-03;3.954590e-02;-1.648357e-02;7.522548e-02;-1.029874e-02;3.526689e-02;-9.188644e-03;2.006172e-02;-9.434459e-03;2.752152e-02;-1.138342e-02;3.908757e-02;-1.248567e-02;7.390378e-02;-1.573361e-02;7.065398e-02;-1.185531e-02;1.090820e-01;-1.257642e-02;1.529571e-01;-1.522663e-02;1.620851e-01;-9.286460e-03;1.603722e-01;1.104831e-03;3.630069e-01;-5.769304e-03;3.137276e-01;-3.667082e-03;2.284772e-01;7.006717e-04;2.242280e-01;-4.220316e-04;1.499339e-01;-8.575324e-03;7.188646e-02;-7.670634e-03;7.126928e-02;-8.921018e-03;5.826722e-02;-8.321839e-03;4.784121e-02;-7.270896e-03;3.685363e-02;-5.362910e-03;6.124173e-02;1.894463e-03;2.991952e-02;1.559300e-03;2.018797e+01;1.722656e-01;2.107506e+01;1.794434e+00;7.564833e+01;4.909570e+00;6.268197e+01;3.158203e+00;2.949795e-02;-4.618939e-04;2.407019e+01;1.961166e+00;5.057558e-02;3.117999e-03;1.685869e+04;1.369016e+03;1.354082e-01;-8.636619e-03;4.138964e+00;-2.313241e-01;1.126679e-02;-1.229245e-04;1.800872e-02;1.437434e-03;4.227746e-02;4.499118e-04;1.141955e+00;-4.416382e-02;1.486278e+00;-1.506250e-01;1.693935e+00;2.600757e-01;1.000121e+00;-7.818821e-02;1.432461e+00;-1.702479e-01;1.164675e+00;1.135680e-02;1.649503e+00;-1.606059e-01;1.513393e+00;6.287777e-02;1.789469e+00;1.976468e-01;1.165321e+00;7.833423e-02;1.378808e+00;-3.289043e-02;1.043271e+00;-1.615843e-01;1.242964e+00;-1.250638e-01;1.273764e+00;-3.323198e-02
28.000000;6.275017e+01;2.311356e+02;3.896766e-02;8.102927e-01;1.026954e-01;8.837174e-02;1.636445e-01;9.948935e-02;7.045184e-02;2.002073e-01;3.039071e+00;5.019424e+00;3.385068e-01;1.394951e+00;3.792501e-01;1.061554e+00;1.327496e-02;5.213724e-02;5.576836e-03;3.572814e-02;9.697394e-03;1.240505e-01;2.232733e-02;2.597821e-01;4.267528e-02;4.240949e-01;6.400631e-02;5.671675e-01;1.546687e-01;6.523647e-01;2.035883e-01;7.619079e-01;1.237163e-01;8.200541e-01;6.732472e-02;8.528471e-01;7.496239e-02;9.104708e-01;1.666494e-01;1.002616e+00;2.642682e-01;1.171282e+00;2.692548e-01;1.189256e+00;5.121026e-01;1.366905e+00;6.726155e-01;1.365671e+00;7.126368e-01;1.498792e+00;7.912562e-01;1.647920e+00;1.658280e+00;1.923947e+00;1.416602e+00;1.809448e+00;1.036795e+00;1.657302e+00;9.931254e-01;1.609849e+00;6.484889e-01;1.437111e+00;2.598203e-01;1.238352e+00;2.441738e-01;1.075501e+00;1.994411e-01;9.006069e-01;1.614893e-01;7.363412e-01;1.246632e-01;5.967528e-01;3.180798e-01;6.361927e-01;1.453080e-01;2.390952e-01;8.481349e+01;3.284531e+02;9.007127e+01;4.629639e+02;2.835494e+02;8.528584e+02;2.125123e+02;1.474450e+03;8.655215e-02;2.957800e-01;1.024376e+02;6.509300e+02;1.900404e-01;3.919806e+00;6.327798e+04;2.569755e+05;3.881509e-01;1.620616e+00;6.919172e+00;1.228496e+01;6.222655e-02;-1.327786e-01;7.842777e-02;6.054502e-01;2.545475e-01;4.184923e-01;4.549884e+00;5.210184e+01;5.784759e+00;-2.922364e+01;7.888646e+00;7.737493e+00;7.244607e+00;1.404291e+01;6.161519e+00;-1.208405e+01;6.771239e+00;-1.640645e+01;5.736681e+00;-2.074640e+01;8.302128e+00;1.234467e+00;8.097809e+00;1.614270e+01;5.486706e+00;5.051186e+00;6.545321e+00;-3.890356e+00;5.138790e+00;-8.816427e+00;3.820975e+00;-9.652518e+00;6.738935e+00;-8.413624e+00;1.489193e-03;-2.011908e-04;7.460324e-07;3.939542e-09;3.908500e-06;-2.759367e-07;5.258098e-06;4.645602e-07;2.831900e-06;-1.832256e-07;9.238673e-05;1.604118e-05;5.343272e-02;-1.802538e-03;8.285856e-02;1.636660e-03;2.115717e-03;-6.865292e-05;9.764725e-04;-1.735954e-04;3.236257e-03;-3.324498e-06;7.320600e-03;7.608864e-04;1.290675e-02;8.820951e-04;2.034480e-02;1.426168e-03;2.492809e-02;-2.221726e-03;4.218093e-02;8.314840e-04;3.006273e-02;2.220341e-03;3.186201e-02;3.542792e-03;3.335007e-02;5.943930e-03;4.698304e-02;4.028069e-03;5.642793e-02;1.152825e-03;5.638250e-02;1.166102e-04;1.071690e-01;-5.258531e-03;1.518582e-01;4.000239e-03;1.812064e-01;7.215704e-03;1.775621e-01;3.281182e-03;3.544771e-01;-2.091140e-03;3.073573e-01;2.031583e-03;2.319616e-01;6.606156e-03;2.164966e-01;4.480250e-03;1.478566e-01;3.661847e-04;6.982376e-02;6.125877e-04;6.840191e-02;8.338376e-04;5.559311e-02;1.002401e-03;4.552515e-02;4.363681e-04;3.497067e-02;3.562218e-04;5.492387e-02;-2.043987e-03;2.665735e-02;-1.243033e-03;2.022695e+01;1.435547e-02;1.830724e+01;-1.708301e+00;7.752089e+01;-3.000293e+00;4.946219e+01;-1.937988e+00;2.590303e-02;-2.115596e-03;2.208005e+01;-1.081379e+00;5.618206e-02;-5.601788e-04;1.555219e+04;-7.048435e+02;1.315739e-01;5.363131e-04;2.420439e+00;-5.960108e-02;1.032432e-02;3.597927e-04;1.634707e-02;-8.141313e-04;3.772263e-02;-2.096842e-03;1.063796e+00;3.624425e-02;1.469919e+00;-3.579185e-02;1.528091e+00;5.024354e-03;9.863809e-01;5.549499e-02;1.506109e+00;2.328892e-02;1.464845e+00;1.272717e-01;1.538970e+00;5.272675e-02;1.826830e+00;-1.344175e-01;2.029004e+00;-1.407447e-01;1.303008e+00;-4.298492e-02;1.900036e+00;-5.098562e-02;1.182579e+00;-1.993718e-01;1.104941e+00;-6.483138e-02;1.217061e+00;1.243708e-01
28.500000;6.132934e+01;1.417691e+02;2.299507e-02;7.910018e-01;1.016904e-01;9.149039e-02;1.804235e-01;1.307718e-01;1.078902e-01;2.186645e-01;3.276654e+00;5.295940e+00;2.221007e-01;1.230711e+00;1.947745e-01;9.971611e-01;1.163256e-02;4.980038e-02;5.074625e-03;2.872386e-02;1.532023e-02;1.300351e-01;4.466732e-02;2.870145e-01;5.283085e-02;4.331055e-01;9.268610e-02;5.812019e-01;1.629034e-01;6.692727e-01;2.082505e-01;7.706217e-01;2.268259e-01;9.107195e-01;1.997305e-01;9.634702e-01;3.200354e-01;1.083632e+00;2.705391e-01;1.105547e+00;1.362448e-01;9.742122e-01;2.006320e-01;1.057126e+00;2.982745e-01;1.260133e+00;3.170551e-01;1.227507e+00;4.085526e-01;1.322102e+00;4.809130e-01;1.390231e+00;3.726639e-01;1.328799e+00;5.745049e-01;1.479164e+00;4.866812e-01;1.380128e+00;6.271707e-01;1.526912e+00;3.883367e-01;1.417219e+00;2.443825e-01;1.252288e+00;2.298574e-01;1.091830e+00;2.022780e-01;9.194282e-01;1.705392e-01;7.549812e-01;1.274499e-01;6.095074e-01;3.262583e-01;5.866668e-01;8.303033e-02;1.187704e-01;3.498731e+01;2.612695e+02;6.812422e+01;3.847266e+02;1.595509e+02;6.639404e+02;2.996487e+02;1.101926e+03;1.328873e-01;3.857046e-01;7.583828e+01;5.293465e+02;2.701676e-01;3.891669e+00;6.221269e+04;1.736759e+05;8.200822e-01;2.317206e+00;2.225259e+01;2.945379e+01;5.419816e-02;-1.228248e-01;5.742393e-02;5.152416e-01;1.518081e-01;2.928413e-01;2.960058e+00;5.474638e+01;5.311450e+00;-2.333111e+01;5.414188e+00;1.975804e+00;8.079055e+00;1.329656e+01;6.347161e+00;-9.489671e+00;8.520988e+00;-1.469652e+01;7.797202e+00;-1.156541e+01;8.610558e+00;6.342098e-01;8.917586e+00;4.546401e+00;1.101112e+01;-7.417974e-01;7.065851e+00;-7.480531e+00;6.917596e+00;-8.570337e+00;3.286030e+00;-6.118464e+00;1.081763e+01;-1.034840e+01;1.478284e-03;-1.984929e-04;6.851071e-07;1.479567e-08;3.561565e-06;-9.337433e-08;6.195108e-06;-6.630314e-08;4.051592e-06;2.253379e-07;8.347292e-05;1.161101e-06;3.479372e-02;-4.577902e-03;4.098956e-02;-1.243122e-03;1.759456e-03;-1.003989e-04;7.744998e-04;-1.748551e-04;4.207248e-03;8.930312e-05;8.937686e-03;-3.016428e-05;1.059041e-02;-1.363818e-04;2.336902e-02;-6.917890e-04;3.147768e-02;8.555911e-04;3.363301e-02;1.581445e-04;3.754102e-02;-5.542828e-05;4.078200e-02;-1.274686e-03;6.152742e-02;-2.771957e-04;6.006795e-02;1.199445e-04;3.213767e-02;-1.524972e-03;6.156343e-02;-2.092293e-03;6.112401e-02;-1.283272e-03;7.100303e-02;-1.012677e-03;1.032596e-01;-2.449014e-03;1.012927e-01;-6.452326e-03;8.826262e-02;-2.008296e-04;1.141435e-01;-4.469385e-04;1.264112e-01;-4.347454e-03;1.396617e-01;-2.828025e-03;1.024851e-01;-2.039602e-03;7.935327e-02;-2.298308e-03;7.487907e-02;-1.320073e-03;6.597865e-02;-1.015042e-03;5.617216e-02;-9.817171e-04;4.239363e-02;-7.859556e-04;5.475369e-02;-1.182216e-03;1.323970e-02;-2.677860e-03;8.346875e+00;-5.024414e-01;1.794520e+01;-2.253808e+00;4.392445e+01;-6.316406e+00;4.049489e+01;-7.909863e+00;3.994562e-02;-1.871385e-03;1.416233e+01;-3.017530e+00;5.296950e-02;-3.395593e-03;9.842895e+03;-2.336338e+03;2.000675e-01;1.934112e-02;6.107181e+00;5.906456e-01;8.570887e-03;3.339812e-04;1.118608e-02;-2.187298e-03;2.227069e-02;-2.135099e-03;1.130114e+00;6.430302e-02;1.333451e+00;1.789243e-01;1.481243e+00;-1.410032e-01;1.091528e+00;-6.619631e-02;1.499401e+00;1.469436e-02;1.546491e+00;6.611827e-02;1.458879e+00;2.194862e-01;1.832019e+00;1.654705e-02;1.984422e+00;-1.395790e-01;1.371457e+00;-1.532623e-01;1.946412e+00;-7.055002e-02;1.379712e+00;1.673586e-01;8.971309e-01;3.531814e-02;1.517757e+00;-2.230619e-01
29.000000;1.215265e-01;9.808305e+01;8.830344e-03;8.087546e-01;2.746597e-02;1.418934e-02;1.083937e-01;3.983830e-02;1.195422e-01;2.022844e-01;1.657467e+00;7.069077e+00;2.501849e-01;1.063030e+00;1.890147e-01;9.754059e-01;1.185590e-02;4.567592e-02;2.698277e-03;2.349458e-02;1.105681e-02;1.327831e-01;4.326937e-02;2.834953e-01;5.849710e-02;4.204343e-01;1.108705e-01;5.473161e-01;1.045648e-01;6.484143e-01;1.868556e-01;8.092573e-01;2.135486e-01;9.284263e-01;1.978837e-01;9.616678e-01;3.211417e-01;1.083724e+00;2.479434e-01;1.088738e+00;9.929755e-02;9.318120e-01;1.882038e-01;1.028809e+00;3.324592e-01;1.152630e+00;3.135354e-01;1.207316e+00;2.649289e-01;1.211940e+00;3.362497e-01;1.239606e+00;3.558861e-01;1.305162e+00;5.664110e-01;1.452000e+00;3.800027e-01;1.424935e+00;6.205169e-01;1.489109e+00;3.936806e-01;1.394222e+00;2.418338e-01;1.251690e+00;2.303176e-01;1.091760e+00;2.040231e-01;9.175624e-01;1.721898e-01;7.520252e-01;1.311416e-01;6.057184e-01;3.377271e-01;5.020643e-01;4.417448e-02;5.275790e-02;2.508061e+01;2.334199e+02;8.445312e+01;3.944883e+02;6.631092e+01;5.996279e+02;1.759549e+02;7.635674e+02;1.443342e-01;3.701026e-01;4.581184e+01;4.560731e+02;2.246687e-01;3.700098e+00;3.809262e+04;1.010968e+05;7.603006e-01;3.000322e+00;4.926079e+01;7.393231e+01;5.588245e-02;-1.058428e-01;3.938496e-02;4.649955e-01;1.567727e-01;2.430660e-01;3.293313e+00;5.598726e+01;6.711011e+00;-1.502281e+01;5.867729e+00;-2.748220e+00;4.872294e+00;4.759922e+00;5.543544e+00;-7.032827e+00;5.405972e+00;-7.293858e+00;5.917220e+00;-9.949731e-01;7.301536e+00;7.882198e+00;5.680357e+00;7.682425e-01;5.847746e+00;-8.891252e+00;5.455769e+00;-7.963100e+00;6.310958e+00;-4.538705e+00;5.175363e+00;-8.794307e+00;8.067776e+00;-1.788533e+01;3.591558e-06;-1.173738e-07;2.550755e-07;-1.955202e-08;9.146825e-07;-1.010095e-07;3.516276e-06;-7.955455e-07;4.182214e-06;-5.245915e-08;5.894293e-05;-3.778872e-06;1.886099e-02;-5.078855e-03;3.079593e-02;-3.177515e-03;1.147226e-03;-1.632772e-04;5.581907e-04;-8.289240e-05;2.812642e-03;7.700713e-06;5.984137e-03;-7.821650e-04;9.269895e-03;-2.419910e-04;1.981196e-02;-7.510752e-04;2.973070e-02;1.542256e-03;3.404290e-02;9.618192e-04;3.088894e-02;-2.122709e-03;2.801810e-02;-4.250836e-03;6.097294e-02;-4.844971e-03;5.292561e-02;-4.971251e-03;2.849862e-02;-1.014366e-03;6.228910e-02;-2.562385e-03;6.956101e-02;4.257328e-03;6.689665e-02;-2.270439e-03;5.350067e-02;-7.459337e-03;4.684274e-02;-8.499475e-03;6.832591e-02;-7.403714e-03;1.045348e-01;-9.527157e-03;9.490814e-02;-1.185322e-02;1.217882e-01;-1.016176e-02;9.439804e-02;-4.380473e-03;7.733733e-02;-1.409291e-03;7.418114e-02;-1.731287e-03;6.603813e-02;-1.570376e-03;5.614243e-02;-9.345237e-04;4.277953e-02;-6.417143e-04;4.848235e-02;-1.318526e-03;5.999452e-03;-1.227786e-03;5.545208e+00;-2.440430e-01;2.080750e+01;1.435547e-02;2.353850e+01;-1.277637e+00;3.713419e+01;-6.732715e+00;4.132831e-02;-1.177919e-03;9.892447e+00;-1.320567e+00;4.568925e-02;-4.374717e-03;6.221422e+03;-1.517760e+03;2.835801e-01;1.525101e-02;1.491444e+01;9.362819e-01;6.514491e-03;5.185877e-04;8.463372e-03;-8.618752e-04;1.892304e-02;-9.229304e-04;1.051174e+00;3.724314e-02;1.228054e+00;2.267205e-01;1.284087e+00;-1.395609e-01;1.246333e+00;-5.872089e-02;1.202467e+00;-1.206591e-02;1.492754e+00;-1.304424e-01;1.522426e+00;1.218429e-01;1.657059e+00;2.002067e-01;2.035146e+00;6.193252e-02;1.465500e+00;-6.562511e-02;1.676357e+00;-5.059813e-03;1.528656e+00;1.910768e-01;9.899892e-01;-1.368442e-02;1.640323e+00;-2.023953e-01
29.500000;7.229780e-02;9.804867e+01;5.326515e-03;8.088894e-01;6.606993e-02;3.263925e-02;6.414413e-02;3.259207e-02;1.060202e-01;1.916081e-01;8.375256e-01;6.399030e+00;1.588660e-01;7.037430e-01;5.769207e-02;8.659668e-01;7.092173e-03;2.938328e-02;2.378845e-03;2.014235e-02;4.084626e-03;1.264446e-01;1.698823e-02;2.554126e-01;2.157565e-02;3.818803e-01;6.062523e-02;4.860885e-01;8.643783e-02;6.093286e-01;5.220829e-02;6.934519e-01;4.902710e-02;7.726187e-01;5.164051e-02;8.561081e-01;1.037295e-01;9.005327e-01;1.194896e-01;9.163705e-01;9.634794e-02;9.729857e-01;1.089883e-01;1.008386e+00;2.246487e-01;9.782115e-01;2.251065e-01;1.020105e+00;1.656254e-01;1.073608e+00;1.414144e-01;1.116938e+00;1.345145e-01;1.094479e+00;1.571529e-01;1.137778e+00;1.204162e-01;1.374481e+00;1.703242e-01;1.240038e+00;1.656450e-01;1.230541e+00;1.430923e-01;1.164425e+00;1.401457e-01;1.007424e+00;1.300946e-01;8.448364e-01;1.106476e-01;6.913903e-01;8.441305e-02;5.612741e-01;1.012425e-01;1.836655e-01;9.520600e-03;1.123924e-02;2.618998e+01;2.087285e+02;9.713244e+01;3.530010e+02;5.787426e+01;5.651748e+02;4.457575e+01;6.662373e+02;8.944754e-02;2.409899e-01;4.524317e+01;4.015837e+02;1.376586e-01;3.644044e+00;9.162967e+03;7.001645e+04;1.218149e+00;3.652852e+00;7.372412e+01;1.429830e+02;2.112175e-02;-4.353183e-02;4.491003e-02;4.185382e-01;5.014100e-02;9.076378e-02;2.577042e+00;5.733138e+01;5.991134e+00;-4.360608e+00;2.425134e+00;-8.486908e+00;4.620650e+00;4.250466e-01;5.935675e+00;2.762254e-01;5.477192e+00;-3.563321e+00;4.163164e+00;2.513783e+00;5.660334e+00;1.183728e+01;4.250226e+00;2.704481e+00;3.677033e+00;-7.750334e+00;3.721361e+00;-5.077307e+00;5.641239e+00;-6.297615e+00;3.867297e+00;-1.164383e+01;7.299694e+00;-1.240009e+01;2.317570e-06;-1.198021e-07;9.609651e-08;-1.474967e-08;1.808008e-06;9.916547e-08;1.760381e-06;1.704967e-07;4.247756e-06;1.451262e-07;2.076468e-05;-2.589749e-06;1.108784e-02;-5.896402e-03;1.844068e-02;4.975898e-04;3.648100e-04;-2.262614e-04;4.046232e-04;-8.175862e-05;7.212935e-04;-1.740924e-04;2.870548e-03;-4.583582e-04;6.294746e-03;-1.678012e-04;9.346294e-03;9.690571e-04;2.788614e-02;-1.623163e-03;1.156797e-02;-2.239740e-04;8.809613e-03;-6.917721e-04;1.140630e-02;8.619912e-04;4.763615e-02;-6.642916e-04;4.541044e-02;-1.705627e-03;3.005674e-02;2.549169e-03;4.214721e-02;3.125859e-03;7.459644e-02;2.789978e-03;7.083632e-02;2.990890e-03;5.113673e-02;8.301161e-04;3.365955e-02;1.570934e-03;4.036847e-02;-7.119813e-04;4.922951e-02;-9.035544e-04;3.679349e-02;2.158936e-03;2.767472e-02;2.125305e-03;5.810400e-02;3.669585e-04;5.691214e-02;2.906531e-04;5.689855e-02;-4.283574e-05;5.271950e-02;-7.714605e-05;4.585819e-02;-3.517692e-04;3.410732e-02;1.038608e-04;9.589241e-03;-3.755947e-03;1.901174e-03;-3.921357e-04;5.012094e+00;-4.306641e-01;1.787069e+01;-4.306641e-01;8.213173e+00;-1.248926e+00;1.443061e+01;-6.890625e-01;2.093499e-02;5.055871e-04;5.655222e+00;-8.638071e-01;3.261700e-02;-5.080953e-03;2.474822e+03;-2.560146e+02;3.848303e-01;1.319731e-02;2.376297e+01;9.806588e-01;1.539040e-03;8.319278e-04;5.436578e-03;-8.286191e-04;3.544429e-03;-1.374733e-03;9.738289e-01;2.918402e-02;1.093747e+00;1.372638e-01;7.580935e-01;-8.003752e-02;1.255190e+00;-4.122784e-02;7.960313e-01;2.052812e-01;1.730201e+00;3.490429e-02;1.296259e+00;-5.094090e-02;1.758107e+00;1.285294e-01;1.716328e+00;4.074257e-02;1.326088e+00;3.613914e-03;1.386123e+00;-2.085717e-02;1.676376e+00;-2.083759e-01;1.001061e+00;-3.034677e-03;1.487044e+00;2.711631e-01
30.000000;6.703577e-02;9.795924e+01;7.169388e-03;8.100458e-01;6.511173e-02;4.296378e-02;6.649765e-02;4.464264e-02;1.254867e-01;2.094322e-01;1.739029e+00;7.132225e+00;8.327235e-02;4.981872e-01;5.519146e-02;9.104734e-01;2.576325e-03;2.133933e-02;2.648528e-03;1.618418e-02;3.622546e-03;1.256861e-01;1.614659e-02;2.527518e-01;2.593869e-02;4.063134e-01;8.554500e-02;5.654625e-01;7.096013e-02;5.940722e-01;7.822607e-02;6.322816e-01;3.161473e-02;7.506583e-01;5.285263e-02;8.555188e-01;1.050659e-01;8.881768e-01;1.188775e-01;9.081980e-01;1.320789e-01;1.000237e+00;1.269211e-01;1.037734e+00;2.033627e-01;1.054542e+00;2.121368e-01;1.087034e+00;1.668049e-01;1.131546e+00;1.375466e-01;1.263768e+00;1.485869e-01;1.250082e+00;1.357344e-01;1.313108e+00;1.034435e-01;1.431436e+00;8.730175e-02;1.392150e+00;1.560088e-01;1.315772e+00;1.566468e-01;1.205086e+00;1.427475e-01;1.041444e+00;1.278627e-01;8.731082e-01;1.146498e-01;7.158666e-01;8.013324e-02;5.802751e-01;2.455555e-02;8.968021e-02;2.424079e-03;2.706505e-03;2.218884e+01;1.933682e+02;3.703016e+01;2.754814e+02;1.219667e+02;4.388467e+02;1.251707e+02;5.548389e+02;5.739931e-02;1.855683e-01;4.852184e+01;3.296476e+02;3.192714e-01;3.354944e+00;1.599394e+04;5.198448e+04;3.780664e+00;7.251502e+00;2.976945e+02;4.158921e+02;5.656714e-03;-2.192743e-02;4.700226e-02;3.487400e-01;1.122227e-02;4.187094e-02;2.527225e+00;5.615268e+01;3.991184e+00;3.443647e+00;3.916195e+00;-6.342725e+00;3.463937e+00;-1.120650e+00;4.176836e+00;7.828691e+00;4.299218e+00;-1.300436e+00;6.261416e+00;-2.497907e+00;6.693769e+00;9.467866e+00;6.545995e+00;-1.567470e+00;5.625885e+00;-1.106374e+01;4.648089e+00;-8.408636e+00;4.616903e+00;-1.141642e+01;5.259377e+00;-7.134003e+00;7.803398e+00;-1.702755e+00;2.488881e-06;-7.655767e-08;1.023258e-07;1.085413e-08;1.931626e-06;2.454641e-08;1.949809e-06;-2.685982e-09;4.637969e-06;2.259827e-07;2.859300e-05;2.842395e-06;6.223469e-03;-3.396871e-03;1.894230e-02;4.331951e-05;2.222391e-04;-1.244053e-04;4.180008e-04;-9.145879e-05;6.352782e-04;4.088812e-06;2.664375e-03;-1.373673e-04;5.918278e-03;-2.687948e-04;8.209236e-03;-5.419906e-04;2.199736e-02;-2.518929e-04;1.297375e-02;6.090432e-05;5.462599e-03;-7.588395e-05;9.349841e-03;1.160027e-03;4.109696e-02;-9.038112e-04;4.079551e-02;-1.993819e-04;3.571276e-02;-2.178881e-03;3.684643e-02;-2.787895e-04;5.966660e-02;-2.904772e-03;6.073337e-02;-2.002851e-03;4.363839e-02;1.539256e-03;4.049044e-02;1.396796e-03;4.997393e-02;1.508197e-03;3.942236e-02;2.593327e-03;3.530026e-02;-1.291031e-03;3.229750e-02;4.920212e-04;6.007084e-02;9.313615e-04;6.147853e-02;-2.528220e-04;5.764143e-02;8.185588e-04;5.179055e-02;7.032115e-04;4.622078e-02;7.514931e-04;3.247218e-02;4.553237e-04;3.404628e-03;-1.344167e-03;6.206015e-04;-9.047757e-05;5.649182e+00;-3.014649e-01;1.013992e+01;-3.732422e-01;9.243406e+00;-2.871094e+00;1.486206e+01;-1.780078e+00;1.870050e-02;-1.885481e-04;4.325118e+00;-1.249725e+00;2.838148e-02;-6.135200e-03;1.982603e+03;-3.269898e+02;7.276259e-01;9.720133e-02;5.894208e+01;7.732702e+00;5.670069e-04;2.968186e-04;4.097546e-03;-1.221800e-03;2.098973e-03;-5.301143e-04;9.161323e-01;-3.912563e-02;9.317728e-01;1.572727e-01;6.839610e-01;4.399879e-02;9.802798e-01;-7.183326e-02;7.214829e-01;8.406353e-02;1.417035e+00;1.385875e-01;1.292724e+00;-1.067675e-02;1.630781e+00;-1.155826e-01;1.314966e+00;-1.222072e-01;1.246484e+00;-5.082647e-02;1.243544e+00;-4.681126e-02;1.646354e+00;-5.388805e-02;8.040594e-01;1.188492e-01;1.390002e+00;2.043071e-01
30.500000;8.017500e-02;9.791422e+01;7.084251e-03;8.149646e-01;2.110080e-02;1.829361e-02;3.050067e-02;2.108753e-02;1.157003e-01;2.024376e-01;2.244496e+00;8.498739e+00;6.484099e-02;3.748157e-01;6.155733e-02;9.321548e-01;4.055417e-03;1.610706e-02;1.508572e-03;1.331822e-02;2.857464e-03;1.260534e-01;1.288287e-02;2.503366e-01;4.254382e-02;3.926947e-01;9.905376e-02;5.515103e-01;7.444417e-02;6.119093e-01;1.443523e-01;6.750423e-01;4.495270e-02;7.819541e-01;4.370658e-02;8.399523e-01;8.756877e-02;8.660111e-01;1.315773e-01;9.512668e-01;1.397041e-01;9.927421e-01;1.935039e-01;1.054418e+00;2.084239e-01;1.108039e+00;1.669943e-01;1.138115e+00;2.261789e-01;1.237652e+00;1.110012e-01;1.341722e+00;1.247709e-01;1.360878e+00;1.170338e-01;1.397669e+00;1.235201e-01;1.439984e+00;9.600482e-02;1.420839e+00;1.616987e-01;1.323750e+00;1.512829e-01;1.205904e+00;1.390801e-01;1.033048e+00;1.274237e-01;8.581271e-01;1.137800e-01;7.027114e-01;7.544462e-02;5.736968e-01;3.302584e-02;5.450230e-02;5.245262e-04;8.369697e-04;4.349754e+01;1.554697e+02;3.348365e+01;2.420332e+02;4.713318e+01;3.158203e+02;1.017725e+02;5.188066e+02;5.972634e-02;1.345185e-01;2.212524e+01;2.755831e+02;1.628210e-01;3.155650e+00;1.163831e+04;4.413497e+04;2.433620e+00;1.062138e+01;2.039346e+02;6.318795e+02;6.069600e-03;-1.294183e-02;2.399797e-02;2.939766e-01;1.363326e-02;2.513668e-02;2.740728e+00;5.402499e+01;3.414547e+00;7.297626e+00;3.426253e+00;-8.320039e-01;3.952201e+00;-2.980690e+00;2.831771e+00;9.430744e+00;5.305750e+00;2.155451e+00;5.750736e+00;-2.970056e+00;5.297115e+00;8.341703e+00;5.778584e+00;-4.192954e+00;5.587285e+00;-1.190152e+01;4.037230e+00;-1.007024e+01;4.201952e+00;-1.244934e+01;3.956387e+00;-3.383522e+00;6.215865e+00;4.565898e+00;2.464076e-06;-3.424776e-07;1.390836e-07;3.169027e-08;7.171283e-07;-7.685721e-08;8.508223e-07;-1.591595e-07;3.999387e-06;-4.371530e-07;3.809918e-05;1.236197e-05;4.611298e-03;-1.626694e-03;1.969275e-02;1.005378e-03;1.484100e-04;-9.349666e-05;4.093313e-04;-2.595113e-05;5.197522e-04;7.369193e-05;2.039911e-03;1.835241e-04;6.528227e-03;6.232994e-04;8.539834e-03;6.868422e-04;1.722621e-02;1.332831e-03;2.167387e-02;2.202539e-03;5.207161e-03;9.982531e-04;7.359712e-03;-4.675417e-04;2.740229e-02;4.555929e-04;3.639933e-02;3.891018e-03;3.780178e-02;-1.306829e-03;5.686426e-02;-2.074762e-03;6.972864e-02;-8.299638e-06;5.577604e-02;6.922502e-04;6.011562e-02;2.081594e-03;4.138916e-02;7.960377e-04;5.333464e-02;3.414446e-03;3.781667e-02;2.358006e-03;3.845307e-02;7.609154e-04;3.457382e-02;-6.316634e-04;5.705177e-02;1.893669e-03;5.627254e-02;2.584687e-03;5.111849e-02;2.276591e-03;4.732737e-02;1.130331e-03;4.103388e-02;1.625158e-03;2.839528e-02;5.676121e-04;1.958454e-03;-5.590475e-04;8.747484e-05;-1.531723e-05;5.205713e+00;-7.177734e-01;5.405668e+00;-2.871094e-02;6.081621e+00;-1.507324e+00;1.600734e+01;-5.598633e-01;1.723561e-02;-2.158833e-03;2.798305e+00;-6.575001e-01;2.771683e-02;-1.589141e-03;2.385404e+03;-1.484219e+02;8.491771e-01;7.637066e-02;6.761898e+01;5.312160e+00;2.854396e-04;1.317978e-04;2.704584e-03;-6.405586e-04;1.437739e-03;-1.839030e-04;7.736151e-01;-7.068697e-02;1.106528e+00;7.281268e-02;6.416397e-01;1.057364e-01;1.066446e+00;-1.942332e-02;8.878353e-01;-5.701498e-02;1.020203e+00;1.954492e-03;1.331046e+00;5.911927e-02;1.313114e+00;-8.434381e-02;1.451626e+00;-6.717563e-02;1.196309e+00;2.690755e-02;1.175594e+00;3.471486e-02;1.363100e+00;9.586251e-02;8.833877e-01;5.459437e-03;1.302943e+00;1.188440e-02
31.000000;3.976958e+01;1.139410e+02;3.020809e-02;8.030626e-01;8.447992e-02;4.290329e-02;1.110347e-01;5.227882e-02;1.633545e-01;2.156702e-01;3.465992e+00;8.717235e+00;5.806296e-01;6.476051e-01;5.775737e-01;1.315482e+00;2.359861e-02;2.388336e-02;1.197944e-02;2.119930e-02;2.675943e-02;1.365320e-01;1.427376e-01;3.144380e-01;2.015137e-01;4.678536e-01;2.190418e-01;6.018167e-01;6.030869e-01;9.235120e-01;4.439853e-01;9.532351e-01;2.959036e-01;9.427038e-01;5.613031e-01;1.138300e+00;7.267395e-01;1.285762e+00;7.526500e-01;1.419462e+00;1.118610e+00;1.691158e+00;1.471748e+00;1.901788e+00;1.453304e+00;1.979795e+00;1.033202e+00;1.961679e+00;1.100353e+00;2.079472e+00;1.107027e+00;2.023408e+00;9.691610e-01;2.079703e+00;8.768846e-01;1.982238e+00;6.668939e-01;1.834400e+00;6.025631e-01;1.763283e+00;4.770164e-01;1.594188e+00;3.495779e-01;1.377089e+00;3.518287e-01;1.210671e+00;3.322719e-01;1.023073e+00;3.031209e-01;8.459804e-01;2.073348e-01;6.709984e-01;2.948757e-01;1.574811e-01;2.194412e-01;1.130872e-01;7.613326e+01;1.515938e+02;1.551902e+02;2.921338e+02;4.117874e+02;5.417754e+02;4.377076e+02;8.641992e+02;1.880712e-01;1.776073e-01;2.119438e+02;3.925916e+02;5.407968e-01;3.578331e+00;1.280122e+05;1.350606e+05;4.716763e+00;7.779956e+00;3.104766e+02;3.978710e+02;9.106824e-02;-5.240675e-02;1.696799e-01;3.810172e-01;2.476191e-01;1.281914e-01;3.382202e+00;5.129728e+01;1.757390e+01;-5.865090e+00;5.935880e+00;3.729328e+00;9.560719e+00;2.100888e+00;4.807673e+00;5.816673e+00;6.539756e+00;2.279149e+00;8.147257e+00;-3.115524e+00;6.774176e+00;7.065220e+00;4.636557e+00;-3.600553e+00;4.979227e+00;-7.111884e+00;6.826543e+00;-4.297882e+00;4.372394e+00;-1.060903e+01;4.418151e+00;-2.000276e+00;5.686256e+00;5.000633e+00;8.445913e-04;5.749030e-06;9.339093e-07;-7.070371e-08;2.813032e-06;7.609928e-08;3.885628e-06;3.513947e-07;6.070804e-06;-1.541344e-07;9.921523e-05;-4.391340e-06;4.474388e-02;1.378476e-02;7.077786e-02;5.513849e-03;2.083039e-03;5.595437e-04;1.240074e-03;2.505669e-04;6.458987e-03;2.304303e-04;2.805127e-02;1.215165e-03;3.249627e-02;2.220835e-03;3.615689e-02;2.241572e-03;9.877844e-02;7.403276e-03;5.060776e-02;1.013087e-02;5.059335e-02;4.830439e-03;8.639185e-02;5.652599e-03;1.076136e-01;5.573818e-03;9.531524e-02;5.441528e-03;1.754668e-01;8.903011e-03;2.382133e-01;9.968245e-03;2.076549e-01;1.029076e-02;1.464252e-01;1.048901e-02;1.938889e-01;5.443390e-03;1.794850e-01;3.381699e-03;1.622226e-01;8.405132e-03;1.394438e-01;1.164967e-02;1.341248e-01;4.971887e-03;1.272257e-01;4.565712e-03;7.549687e-02;5.165031e-03;5.622318e-02;3.709127e-03;5.441247e-02;3.160201e-03;5.605092e-02;3.270260e-03;5.522350e-02;2.867065e-03;3.609520e-02;2.179349e-03;3.377146e-02;8.830510e-03;2.631925e-02;3.666378e-03;1.197087e+01;1.047949e+00;4.133616e+01;1.981055e+00;4.881635e+01;5.670410e+00;5.470507e+01;9.761719e+00;3.083690e-02;4.192111e-03;2.903354e+01;3.536782e+00;6.709711e-02;1.303434e-02;1.905468e+04;1.920204e+03;7.508494e-01;-1.149105e-01;5.694220e+01;-8.657561e+00;9.077888e-03;-2.187458e-03;2.213637e-02;2.962766e-03;3.065179e-02;5.120933e-03;9.002825e-01;2.351044e-02;1.770093e+00;-4.114196e-01;1.489565e+00;4.575196e-02;1.484321e+00;1.030916e-01;1.320294e+00;-1.153247e-01;1.244047e+00;-1.100057e-01;1.485788e+00;-2.126228e-01;1.251355e+00;-1.556900e-02;1.228560e+00;1.610959e-01;1.372981e+00;1.158175e-01;1.802880e+00;1.041666e-01;1.206726e+00;8.170445e-02;1.056916e+00;1.790390e-03;1.334431e+00;-9.549671e-02
31.500000;5.718252e+01;1.272190e+02;3.059735e-02;7.826655e-01;9.865864e-02;7.115874e-02;1.250769e-01;8.363148e-02;1.749742e-01;1.922276e-01;3.566733e+00;7.095968e+00;5.612470e-01;1.226861e+00;5.586355e-01;1.377675e+00;2.448434e-02;4.713224e-02;9.302604e-03;3.306122e-02;2.629857e-02;1.414117e-01;1.357486e-01;3.394824e-01;1.860338e-01;5.107336e-01;2.003943e-01;6.474702e-01;5.905724e-01;9.904101e-01;4.401105e-01;1.062663e+00;2.978536e-01;9.901530e-01;5.578226e-01;1.184223e+00;7.068245e-01;1.346183e+00;7.072631e-01;1.495322e+00;1.054748e+00;1.816387e+00;1.415269e+00;2.005625e+00;1.418316e+00;2.051271e+00;9.496157e-01;2.174607e+00;1.076438e+00;2.141613e+00;1.126123e+00;2.065529e+00;9.645662e-01;2.233314e+00;8.960446e-01;2.137432e+00;7.328867e-01;1.850760e+00;6.503034e-01;1.737227e+00;5.297085e-01;1.647080e+00;3.895099e-01;1.391256e+00;3.827736e-01;1.239994e+00;3.546675e-01;1.056083e+00;3.208311e-01;8.750812e-01;2.284883e-01;6.882422e-01;3.411002e-01;4.491964e-01;2.008173e-01;2.528200e-01;7.963288e+01;2.184902e+02;1.517858e+02;4.028145e+02;3.587720e+02;8.202715e+02;3.653621e+02;1.267157e+03;1.839744e-01;3.180907e-01;1.803001e+02;5.677927e+02;4.454379e-01;4.043393e+00;1.017050e+05;2.338374e+05;3.628735e+00;3.007048e+00;2.170858e+02;9.563354e+01;9.207465e-02;-1.304987e-01;1.471909e-01;5.277925e-01;2.441085e-01;3.197004e-01;4.993880e+00;5.289780e+01;1.138460e+01;-2.402074e+01;6.339586e+00;4.729541e+00;6.277528e+00;1.252368e+01;6.393922e+00;-1.858445e-02;7.486913e+00;-5.535424e+00;9.530117e+00;-1.271355e+01;5.878879e+00;1.667604e+00;1.057378e+01;3.993010e+00;5.880275e+00;-1.269132e+00;5.338455e+00;-3.825955e-01;5.086417e+00;-6.239067e+00;7.244707e+00;-4.710779e+00;8.746786e+00;-2.516971e+00;1.485617e-03;1.534277e-06;1.000166e-06;-6.782318e-08;3.945423e-06;1.726073e-07;5.372767e-06;3.463213e-07;6.159208e-06;-3.881490e-08;1.026574e-04;-6.482462e-06;5.733581e-02;1.205250e-02;7.964206e-02;1.793035e-03;2.420114e-03;4.318083e-04;1.398933e-03;2.335601e-04;6.493672e-03;3.400557e-05;2.812448e-02;9.536442e-05;3.355011e-02;-5.171973e-04;3.805760e-02;-1.398688e-03;9.953146e-02;-7.930942e-04;6.452642e-02;7.210085e-04;5.563425e-02;1.129993e-03;8.925669e-02;1.979409e-03;1.086696e-01;1.677680e-03;9.499457e-02;-4.863509e-04;1.777678e-01;4.779120e-04;2.360231e-01;7.802602e-04;2.037634e-01;1.041600e-03;1.667382e-01;6.241950e-03;1.974252e-01;4.337928e-03;1.921652e-01;2.579670e-03;2.054736e-01;4.470930e-03;1.905861e-01;5.817274e-03;1.526552e-01;6.090743e-03;1.368636e-01;2.396283e-03;1.065061e-01;3.539259e-03;7.650623e-02;9.398775e-04;7.483922e-02;8.088690e-04;7.042503e-02;1.840315e-03;6.575416e-02;1.421632e-03;4.650282e-02;1.392289e-03;4.935502e-02;4.504109e-03;3.068936e-02;2.663196e-03;1.444342e+01;1.478613e+00;4.427166e+01;2.899805e+00;6.585712e+01;7.350000e+00;5.883357e+01;8.771192e+00;3.219409e-02;2.489391e-03;3.295920e+01;4.217903e+00;7.024746e-02;9.182118e-03;2.083739e+04;2.613665e+03;5.319257e-01;-1.080172e-01;4.276814e+01;-6.871168e+00;1.136227e-02;-1.288669e-03;2.535396e-02;3.413139e-03;3.579301e-02;4.252543e-03;1.128120e+00;1.117938e-04;1.893464e+00;-3.845411e-01;1.792957e+00;4.130417e-02;1.346477e+00;1.478857e-01;1.544746e+00;-1.129535e-01;1.302666e+00;-2.304558e-02;1.465020e+00;-1.064624e-01;1.487991e+00;-1.314738e-02;1.994681e+00;1.660730e-01;1.333265e+00;7.371597e-02;1.860428e+00;8.851661e-02;1.096145e+00;7.646670e-02;1.516725e+00;-9.399213e-02;1.631324e+00;-1.874515e-01
32.000000;4.603633e+01;1.112979e+02;2.038580e-02;7.703061e-01;8.004145e-02;5.046568e-02;1.530345e-01;9.164032e-02;9.287175e-02;1.229633e-01;2.138238e+00;6.892855e+00;1.993405e-01;1.396056e+00;1.768154e-01;1.014075e+00;8.827026e-03;5.377436e-02;3.465922e-03;3.643613e-02;8.926237e-03;1.317636e-01;3.816168e-02;2.792945e-01;5.224943e-02;4.267556e-01;7.763445e-02;5.609857e-01;2.078074e-01;7.263936e-01;2.294283e-01;8.676141e-01;1.155065e-01;8.708822e-01;1.568217e-01;9.096798e-01;1.638053e-01;9.624976e-01;1.742332e-01;1.093941e+00;2.014162e-01;1.187214e+00;1.886042e-01;1.212042e+00;2.801697e-01;1.235307e+00;4.711479e-01;1.382594e+00;3.621913e-01;1.373548e+00;3.698443e-01;1.406517e+00;5.215816e-01;1.501301e+00;5.161394e-01;1.522862e+00;4.187165e-01;1.430965e+00;2.531149e-01;1.329693e+00;3.274956e-01;1.355538e+00;2.265996e-01;1.236820e+00;2.181100e-01;1.083721e+00;1.971858e-01;9.151343e-01;1.702017e-01;7.552143e-01;1.322906e-01;6.076701e-01;1.956499e-01;5.047529e-01;8.611887e-02;2.487836e-01;3.799836e+01;2.520820e+02;6.856731e+01;4.621025e+02;2.062009e+02;9.153047e+02;7.734001e+01;1.386308e+03;8.074492e-02;3.359194e-01;6.438039e+01;6.269109e+02;1.356380e-01;4.127730e+00;3.854880e+04;2.479170e+05;2.628722e-01;1.338851e+00;5.404087e+00;1.096243e+01;4.669397e-02;-1.369533e-01;5.092664e-02;5.845354e-01;1.060112e-01;3.503917e-01;3.548490e+00;5.530035e+01;4.734918e+00;-2.778071e+01;5.076797e+00;1.920164e+00;3.695031e+00;1.635866e+01;4.182898e+00;-4.012498e+00;6.124255e+00;-8.414132e+00;5.925897e+00;-1.577959e+01;6.028571e+00;-2.632655e+00;7.699039e+00;1.391371e+01;6.117431e+00;6.018483e+00;6.582634e+00;-1.339891e+00;3.685954e+00;-4.558867e+00;5.693725e+00;-1.005789e+01;5.342525e+00;-9.242922e+00;1.226687e-03;4.713193e-06;5.254820e-07;6.807849e-09;3.294311e-06;1.432910e-07;5.591478e-06;-2.026792e-07;3.318896e-06;1.024082e-07;4.882452e-05;1.626947e-06;3.946972e-02;-4.872710e-03;4.246120e-02;-5.182168e-03;1.436715e-03;-2.423978e-04;9.829799e-04;-8.692390e-06;8.322924e-04;-1.924094e-04;3.823083e-03;-8.078147e-04;1.162023e-02;-2.049172e-03;1.995868e-02;-1.486304e-03;3.104415e-02;-4.462852e-03;4.278993e-02;-1.014762e-02;2.341627e-02;-4.584210e-03;2.322458e-02;-5.676706e-03;2.487285e-02;-4.943603e-03;3.302339e-02;-3.015819e-03;4.134467e-02;-4.605705e-03;3.834075e-02;-7.915194e-03;5.931444e-02;-9.577719e-03;9.569325e-02;-1.238087e-02;8.152460e-02;-3.666429e-03;9.017979e-02;-1.934451e-03;1.329777e-01;-1.423228e-02;1.343089e-01;-1.621711e-02;1.049937e-01;-7.651043e-03;7.055243e-02;-5.851823e-03;9.384806e-02;-4.778484e-03;7.345340e-02;-1.558225e-03;7.033448e-02;-1.883289e-03;6.174596e-02;-1.967817e-03;5.226487e-02;-1.828571e-03;4.093987e-02;-1.320852e-03;4.056113e-02;-5.064093e-03;1.781322e-02;-1.514280e-03;1.110022e+01;1.435547e-01;2.115375e+01;-2.871094e-01;6.569244e+01;1.550391e+00;2.432310e+01;-1.148438e+00;1.677001e-02;-1.670513e-03;1.941977e+01;-8.276742e-02;3.266494e-02;-1.665059e-03;9.898066e+03;-1.809158e+02;9.969599e-02;1.401060e-03;1.970132e+00;1.208920e-01;7.656698e-03;1.181155e-03;1.541674e-02;-3.837885e-05;2.045639e-02;-2.847282e-03;1.041463e+00;3.890829e-03;1.401121e+00;9.658384e-02;1.343349e+00;-1.265004e-01;7.868043e-01;1.284663e-01;1.219036e+00;5.283137e-02;1.180384e+00;-1.012923e-01;1.327149e+00;9.515806e-02;1.546855e+00;-9.132387e-02;2.065059e+00;-1.059364e-02;1.082848e+00;2.691955e-01;1.367075e+00;1.147435e-01;9.222903e-01;-1.100827e-01;1.447254e+00;-8.110751e-02;1.523992e+00;9.878761e-02
32.500000;4.030975e+01;1.126005e+02;2.354344e-02;7.662572e-01;9.660064e-02;7.325012e-02;1.619031e-01;9.892275e-02;9.886596e-02;1.384220e-01;2.143977e+00;6.733722e+00;2.375829e-01;1.156242e+00;1.556792e-01;9.595722e-01;1.023740e-02;4.260363e-02;4.474390e-03;3.500252e-02;1.249453e-02;1.243439e-01;3.691837e-02;2.598178e-01;6.676114e-02;4.112566e-01;7.863677e-02;5.448233e-01;2.160643e-01;6.645843e-01;1.475200e-01;7.243537e-01;1.201509e-01;8.180863e-01;1.584046e-01;8.730932e-01;2.409822e-01;9.900419e-01;2.498136e-01;1.038076e+00;1.614143e-01;1.070154e+00;2.508879e-01;1.139274e+00;3.348110e-01;1.210169e+00;2.559918e-01;1.172520e+00;3.289767e-01;1.303248e+00;3.726352e-01;1.398312e+00;3.657614e-01;1.299159e+00;3.312176e-01;1.301991e+00;3.889987e-01;1.404683e+00;2.691951e-01;1.378106e+00;2.392294e-01;1.305603e+00;1.973861e-01;1.230496e+00;1.875378e-01;1.063498e+00;1.759881e-01;8.932931e-01;1.545418e-01;7.350345e-01;1.184645e-01;5.948598e-01;1.497433e-01;3.257837e-01;8.181392e-02;1.660029e-01;3.803522e+01;2.469141e+02;7.930198e+01;4.458809e+02;2.306821e+02;9.102803e+02;7.261314e+01;1.362047e+03;8.568010e-02;2.933141e-01;7.498180e+01;6.105845e+02;1.492242e-01;4.086805e+00;4.113221e+04;2.329938e+05;3.689359e-01;1.377678e+00;6.166092e+00;1.336301e+01;3.756545e-02;-8.860479e-02;5.929279e-02;5.723484e-01;1.139753e-01;2.284227e-01;3.351128e+00;5.553620e+01;5.481724e+00;-2.519169e+01;5.211924e+00;-1.632108e+00;3.177213e+00;1.854968e+01;4.860414e+00;-1.409150e+00;8.258364e+00;-1.097029e+01;4.934565e+00;-1.302298e+01;5.024074e+00;-4.671199e+00;9.216910e+00;9.476098e+00;6.778278e+00;1.051747e+01;7.789665e+00;1.406005e-01;5.478778e+00;-9.371745e+00;4.651574e+00;-8.617858e+00;7.001051e+00;-4.025950e+00;7.320241e-04;1.102954e-04;8.389327e-07;-3.867981e-08;3.595718e-06;-1.293941e-07;5.689889e-06;-2.783445e-07;3.087818e-06;9.843690e-09;6.542387e-05;-4.950331e-06;3.486745e-02;-1.276601e-03;3.148553e-02;4.196663e-04;1.692891e-03;-6.192891e-06;9.898235e-04;-3.968254e-05;3.366572e-03;8.779294e-05;8.081985e-03;6.229153e-04;1.634952e-02;1.537629e-03;2.269989e-02;1.841879e-03;4.361514e-02;2.871636e-03;3.051948e-02;1.104346e-03;2.748884e-02;2.824008e-03;3.024022e-02;2.447089e-03;3.664621e-02;6.112820e-03;3.964309e-02;3.024646e-03;3.140379e-02;-1.225540e-03;5.406208e-02;2.919547e-03;6.292184e-02;3.165179e-03;5.490975e-02;-5.061863e-03;6.879288e-02;-5.287790e-04;8.842138e-02;2.003151e-03;6.216630e-02;-2.324827e-05;6.945775e-02;5.880587e-04;9.904128e-02;-5.474391e-03;7.288931e-02;2.990075e-04;6.972141e-02;-1.735659e-03;6.204542e-02;-1.649076e-03;5.968686e-02;-1.211968e-03;5.528813e-02;-1.366343e-03;4.911914e-02;-1.350675e-03;3.723560e-02;-9.108193e-04;3.466592e-02;1.180469e-03;1.162068e-02;-8.460248e-04;1.171389e+01;6.029297e-01;2.324513e+01;-1.277637e+00;7.182666e+01;-2.784961e+00;1.924434e+01;-2.124609e+00;2.363098e-02;3.382221e-03;1.980471e+01;-1.027846e+00;4.257177e-02;-1.141398e-03;8.527003e+03;-1.214968e+03;1.249158e-01;4.738322e-03;2.322258e+00;5.580203e-02;6.602764e-03;-4.224539e-05;1.586451e-02;-6.431614e-04;1.580442e-02;-8.673861e-04;1.056453e+00;4.681710e-02;1.278498e+00;1.991713e-02;1.020603e+00;-6.365044e-02;9.669882e-01;-3.088935e-02;1.257494e+00;-6.063394e-03;1.564167e+00;-3.544692e-02;1.497049e+00;4.491416e-02;1.555282e+00;-7.787845e-02;1.357990e+00;-1.442938e-01;1.586314e+00;-3.246120e-02;1.616418e+00;-6.909302e-02;1.320199e+00;-2.345755e-02;9.624818e-01;1.197837e-01;1.256461e+00;4.880604e-02
33.000000;7.103827e+01;1.408961e+02;2.865311e-02;7.837350e-01;1.072226e-01;9.385975e-02;1.160419e-01;8.145228e-02;1.133521e-01;1.781607e-01;1.513155e+00;5.544652e+00;2.403180e-01;1.159451e+00;2.242853e-01;1.016793e+00;1.222402e-02;4.552360e-02;4.529355e-03;3.089191e-02;1.334683e-02;1.257306e-01;3.854170e-02;2.727987e-01;8.220291e-02;4.392414e-01;1.148453e-01;5.840895e-01;1.780608e-01;6.670616e-01;2.551321e-01;8.300938e-01;2.732423e-01;9.595352e-01;1.905397e-01;9.391052e-01;2.843910e-01;1.043661e+00;2.371951e-01;1.028501e+00;1.472248e-01;9.883043e-01;2.757393e-01;1.136104e+00;3.557202e-01;1.309392e+00;3.441918e-01;1.307816e+00;4.202122e-01;1.387918e+00;3.749312e-01;1.329130e+00;5.216685e-01;1.440215e+00;8.224788e-01;1.550319e+00;3.387639e-01;1.423655e+00;3.369731e-01;1.468099e+00;3.457040e-01;1.413281e+00;2.964972e-01;1.291798e+00;2.875740e-01;1.130316e+00;2.643223e-01;9.536133e-01;2.275689e-01;7.845688e-01;1.731474e-01;6.322831e-01;3.054639e-01;5.027562e-01;5.266922e-02;1.104372e-01;4.999826e+01;2.675859e+02;8.762000e+01;4.621025e+02;2.076287e+02;7.246641e+02;2.506520e+02;1.140255e+03;1.239088e-01;3.450173e-01;6.601704e+01;5.629384e+02;2.366127e-01;3.912530e+00;5.478025e+04;1.776307e+05;8.265992e-01;2.131602e+00;2.518784e+01;2.979998e+01;4.979969e-02;-1.041727e-01;5.029871e-02;5.454248e-01;1.325503e-01;2.544442e-01;3.686852e+00;5.534715e+01;5.045062e+00;-2.226407e+01;4.734511e+00;-4.543813e+00;4.478183e+00;1.608856e+01;8.882837e+00;-6.129872e+00;7.123499e+00;-1.711391e+01;7.004387e+00;-7.641826e+00;6.800931e+00;1.531744e+00;5.403856e+00;4.225411e+00;1.094123e+01;2.277935e+00;6.889947e+00;-2.174864e+00;7.323923e+00;-7.747594e+00;5.489316e+00;-9.865337e+00;1.014677e+01;-8.225681e+00;1.234186e-03;1.893941e-04;8.462436e-07;6.854323e-08;4.163746e-06;-2.054764e-07;4.634176e-06;-1.119140e-07;3.651882e-06;-8.957090e-08;6.608134e-05;-1.945006e-07;3.506663e-02;-4.463913e-04;4.035248e-02;1.015991e-03;1.738154e-03;7.813249e-05;7.589229e-04;-1.181658e-04;3.412776e-03;1.582370e-05;7.769179e-03;-1.096009e-04;1.712919e-02;5.887567e-04;2.361680e-02;9.419073e-04;3.875091e-02;-2.642158e-03;3.835430e-02;1.243125e-03;4.391407e-02;1.003160e-03;3.853620e-02;-4.341799e-04;5.095847e-02;-2.357346e-03;4.025414e-02;-8.565186e-04;3.258448e-02;1.042398e-04;6.772594e-02;1.038975e-04;5.679932e-02;-2.548088e-04;6.689633e-02;1.760788e-03;7.695033e-02;-3.154321e-03;7.657264e-02;-3.261897e-03;9.265515e-02;4.154453e-03;1.555012e-01;1.858702e-03;8.340777e-02;7.000772e-03;8.548795e-02;3.513394e-03;9.004185e-02;4.420197e-03;8.565570e-02;3.220710e-03;8.179322e-02;3.021204e-03;7.469162e-02;2.632843e-03;6.501350e-02;2.207887e-03;4.915737e-02;1.694752e-03;4.465001e-02;5.373450e-03;1.003695e-02;-1.538187e-03;1.432900e+01;-3.158203e-01;2.144341e+01;-5.024414e-01;5.368571e+01;-4.206152e+00;4.941447e+01;-7.019824e+00;4.074180e-02;3.172163e-04;1.754861e+01;-1.475351e+00;4.785661e-02;-8.480755e-03;8.586356e+03;-1.208880e+03;2.012701e-01;3.608388e-02;8.041908e+00;1.487374e+00;7.167748e-03;-4.718665e-04;1.403176e-02;-1.009103e-03;1.822437e-02;1.350092e-03;1.182845e+00;-5.926675e-02;1.243123e+00;1.233697e-01;8.862764e-01;-9.211111e-03;9.457263e-01;-8.596399e-02;1.400607e+00;-6.648787e-02;1.598443e+00;-9.165581e-02;1.453930e+00;3.831187e-02;1.228213e+00;1.434203e-01;1.297578e+00;-1.928459e-02;1.527867e+00;-2.615262e-01;1.428458e+00;-1.699284e-01;1.378722e+00;-3.272453e-03;1.160085e+00;-1.215123e-01;1.239233e+00;-1.757748e-01
33.500000;9.058778e+01;1.702608e+02;1.901018e-02;8.078687e-01;1.014698e-01;6.172314e-02;1.123068e-01;6.666478e-02;9.439204e-02;1.929986e-01;1.177442e+00;6.216854e+00;2.432538e-01;1.131625e+00;2.009460e-01;9.799151e-01;1.070969e-02;4.892216e-02;3.272925e-03;2.545603e-02;5.253722e-03;1.284311e-01;2.054971e-02;2.716641e-01;7.517796e-02;4.272841e-01;1.345665e-01;5.778697e-01;8.556570e-02;6.651410e-01;2.202006e-01;8.376797e-01;2.675961e-01;9.366496e-01;1.582117e-01;9.068716e-01;2.280840e-01;9.350311e-01;1.588438e-01;1.004296e+00;1.163112e-01;1.026644e+00;1.634288e-01;1.118234e+00;3.258668e-01;1.195982e+00;3.895499e-01;1.227929e+00;4.344249e-01;1.238809e+00;2.167983e-01;1.184497e+00;4.853006e-01;1.362277e+00;7.973654e-01;1.513565e+00;1.994520e-01;1.393379e+00;2.863944e-01;1.408848e+00;3.291909e-01;1.387455e+00;2.958182e-01;1.270810e+00;2.825438e-01;1.114156e+00;2.522886e-01;9.424711e-01;2.130086e-01;7.765193e-01;1.638639e-01;6.253015e-01;2.787170e-01;6.592661e-01;4.868256e-02;7.207140e-02;3.900463e+01;2.761992e+02;7.889751e+01;4.552119e+02;2.246573e+01;5.953213e+02;2.047540e+02;8.000303e+02;1.333278e-01;3.697284e-01;5.277375e+01;5.020743e+02;2.488945e-01;3.590735e+00;3.291075e+04;1.139983e+05;7.354772e-01;3.081867e+00;3.819105e+01;6.210852e+01;4.662953e-02;-1.185859e-01;4.339392e-02;5.072415e-01;1.263002e-01;2.949573e-01;3.568707e+00;5.583772e+01;7.257046e+00;-1.586056e+01;4.753630e+00;-8.435536e+00;3.439422e+00;1.187044e+01;8.172219e+00;-6.811721e+00;7.041972e+00;-2.182210e+01;8.298573e+00;-9.884097e+00;4.562967e+00;7.653914e+00;6.017094e+00;8.977908e+00;7.012678e+00;-3.724568e+00;3.816924e+00;-7.716171e+00;8.096873e+00;-8.068333e+00;3.743030e+00;-1.481481e+01;6.620510e+00;-1.342473e+01;1.325823e-03;-1.078363e-04;4.756615e-07;7.949355e-08;3.680474e-06;-4.320434e-08;3.556082e-06;-4.960330e-08;3.269697e-06;-3.020926e-08;3.149679e-05;3.168704e-06;2.061034e-02;-6.855467e-03;3.679107e-02;-2.606333e-03;1.067670e-03;-2.929346e-04;3.429536e-04;-8.591585e-05;8.456963e-04;-1.522205e-04;2.312578e-03;-7.884866e-04;1.048122e-02;-2.220316e-03;1.677646e-02;-3.685662e-03;2.439242e-02;-1.538711e-03;2.636295e-02;-4.153119e-03;3.470551e-02;-5.410556e-03;3.273969e-02;-5.717984e-03;4.561590e-02;-9.492150e-03;3.057508e-02;-5.479666e-03;2.580525e-02;-1.552362e-03;5.215466e-02;-3.405200e-03;4.747527e-02;-1.555315e-03;6.577515e-02;1.177189e-03;7.195991e-02;-3.475572e-03;4.683060e-02;-6.253574e-03;8.521210e-02;-5.904320e-03;1.474886e-01;-5.948971e-03;6.503513e-02;-2.942498e-04;7.568382e-02;-1.511104e-04;9.641738e-02;-1.662066e-03;9.345866e-02;1.795780e-04;8.762149e-02;-1.069706e-04;7.777270e-02;-3.381806e-05;6.577079e-02;-4.000508e-05;5.091584e-02;-9.902796e-05;4.010645e-02;-4.505828e-03;6.791626e-03;-1.635263e-03;1.131080e+01;-8.613281e-01;1.609890e+01;4.880859e-01;8.333235e+00;-1.765723e+00;4.976124e+01;-4.722949e+00;4.970691e-02;-4.801269e-03;7.621118e+00;-1.148360e+00;3.662318e-02;-2.543869e-03;5.276855e+03;-6.439395e+02;2.775886e-01;1.485984e-02;1.346819e+01;5.827248e-01;5.577039e-03;1.086229e-03;6.108870e-03;-8.684043e-04;1.533967e-02;-2.919571e-03;1.229041e+00;-4.164504e-02;1.173544e+00;2.145070e-01;8.342434e-01;-8.217376e-02;8.036397e-01;4.515284e-02;1.244862e+00;1.073674e-01;1.325567e+00;-1.985210e-01;1.393227e+00;-1.071331e-01;8.789547e-01;2.196913e-01;1.539262e+00;2.326367e-01;1.141186e+00;6.604873e-02;9.743614e-01;3.982473e-02;1.273249e+00;-5.285956e-02;1.127277e+00;-1.260606e-01;1.152716e+00;-3.232539e-02
34.000000;8.031041e+01;1.418321e+02;1.103209e-02;8.154954e-01;6.857393e-02;2.816497e-02;8.827757e-02;3.240313e-02;1.032349e-01;1.850646e-01;1.668748e+00;7.811015e+00;2.138390e-01;7.639480e-01;8.320736e-02;8.894907e-01;1.261891e-02;3.414534e-02;2.507329e-03;2.117158e-02;3.669208e-03;1.264760e-01;1.143785e-02;2.627087e-01;6.699377e-02;4.052652e-01;1.726474e-01;5.570272e-01;9.009973e-02;6.036665e-01;8.894111e-02;7.056792e-01;1.135481e-01;7.769512e-01;9.692679e-02;8.088180e-01;1.183811e-01;8.352349e-01;9.888511e-02;9.364625e-01;1.547723e-01;9.820365e-01;1.478993e-01;1.016936e+00;2.352785e-01;1.020634e+00;2.820088e-01;1.057243e+00;2.288770e-01;1.081437e+00;1.643491e-01;1.168970e+00;1.845797e-01;1.169192e+00;1.705692e-01;1.246418e+00;1.508914e-01;1.380914e+00;1.515268e-01;1.366418e+00;2.327791e-01;1.290831e+00;2.097533e-01;1.180289e+00;1.937307e-01;1.020589e+00;1.730219e-01;8.564202e-01;1.467849e-01;7.020904e-01;1.115057e-01;5.680527e-01;3.107733e-01;3.525913e-01;1.967080e-02;2.179640e-02;3.515068e+01;2.351426e+02;7.253064e+01;3.452490e+02;5.453170e+01;5.525420e+02;8.900055e+01;6.421201e+02;1.375180e-01;2.524747e-01;5.084875e+01;4.167192e+02;2.493402e-01;3.415101e+00;2.638170e+04;8.036753e+04;1.513831e+00;3.984970e+00;1.186592e+02;1.343459e+02;4.775838e-02;-6.259981e-02;4.687395e-02;4.315556e-01;1.286927e-01;1.458987e-01;3.040973e+00;5.686227e+01;6.763397e+00;-6.126449e+00;3.316173e+00;-8.959351e+00;5.382829e+00;9.883877e+00;4.269110e+00;2.564972e+00;6.966269e+00;-2.144836e+01;5.341485e+00;-1.420890e+01;5.716228e+00;1.159965e+01;5.945210e+00;1.115689e+01;6.479587e+00;-4.506725e-01;6.377387e+00;-5.488878e+00;6.032874e+00;-1.424246e+01;3.774832e+00;-1.645063e+01;4.811430e+00;-9.270308e+00;8.418722e-04;-1.963177e-04;2.950952e-07;-7.746951e-09;2.443361e-06;-1.685375e-08;2.477801e-06;-4.864676e-09;3.372235e-06;-1.485045e-07;2.107755e-05;4.104545e-06;1.189055e-02;-6.600128e-03;2.604457e-02;-7.779625e-04;5.941507e-04;-2.683490e-04;4.578035e-04;-8.125473e-05;6.226279e-04;-1.090299e-04;1.815711e-03;-2.155193e-04;7.892907e-03;1.860847e-04;1.310710e-02;3.571392e-04;2.662253e-02;1.286925e-03;1.430460e-02;-1.334805e-03;1.278847e-02;-1.392663e-03;2.563274e-02;-1.128194e-03;3.625106e-02;1.216381e-03;2.403783e-02;-8.631091e-04;3.412395e-02;-2.920764e-03;3.975003e-02;-2.129567e-03;6.034924e-02;-1.472085e-03;7.223640e-02;-5.169705e-04;6.330962e-02;-9.550487e-04;4.441051e-02;1.963985e-03;5.653454e-02;1.565703e-03;5.362975e-02;4.631267e-03;5.260384e-02;-1.456749e-03;5.421888e-02;-9.090987e-04;8.038498e-02;-3.077368e-03;7.555608e-02;-3.378954e-03;6.947646e-02;-3.161562e-03;6.198584e-02;-2.550872e-03;5.266406e-02;-2.158634e-03;4.037838e-02;-1.703521e-03;1.887957e-02;-7.095217e-03;2.152482e-03;-5.936132e-04;4.964502e+00;-2.871094e-02;1.726964e+01;-1.191504e+00;1.023576e+01;-1.722656e+00;2.256020e+01;-4.450195e-01;3.822211e-02;-8.159015e-04;6.124863e+00;-1.381908e+00;2.797477e-02;-4.106540e-03;4.507373e+03;-5.669048e+02;3.845575e-01;3.030189e-02;2.656057e+01;3.198013e+00;2.660525e-03;1.164671e-03;5.508795e-03;-1.263872e-03;7.768710e-03;-3.071383e-03;1.153215e+00;5.298185e-02;1.270118e+00;1.705360e-01;7.088637e-01;7.245034e-02;1.330540e+00;-1.203454e-01;1.125212e+00;9.223053e-02;1.519294e+00;9.700619e-02;1.400078e+00;-1.549384e-01;1.173044e+00;-7.217082e-02;1.628788e+00;2.644110e-02;1.090573e+00;4.476395e-02;1.424195e+00;1.996000e-02;1.246280e+00;-2.795784e-02;8.890052e-01;4.450503e-02;1.007977e+00;6.399689e-02
34.500000;1.107340e-01;9.781477e+01;7.430593e-03;8.195427e-01;5.763320e-03;8.583391e-03;3.100758e-03;5.024238e-03;1.109609e-01;1.911288e-01;1.595601e+00;9.771711e+00;9.012327e-02;5.114682e-01;7.560422e-02;8.997257e-01;5.150469e-03;2.225637e-02;2.444770e-03;1.897455e-02;4.123244e-03;1.250285e-01;2.157283e-02;2.528437e-01;6.143580e-02;3.977112e-01;1.581988e-01;5.544421e-01;9.562515e-02;5.824674e-01;8.243110e-02;6.957821e-01;1.031434e-01;7.739113e-01;8.554801e-02;8.110105e-01;1.076733e-01;8.609403e-01;1.321600e-01;9.357991e-01;1.409898e-01;9.183245e-01;1.510348e-01;9.471875e-01;1.927543e-01;1.033506e+00;2.264940e-01;1.104905e+00;2.023944e-01;1.168560e+00;1.212150e-01;1.260384e+00;1.491125e-01;1.262090e+00;1.672137e-01;1.327660e+00;1.204463e-01;1.407593e+00;1.263739e-01;1.388763e+00;2.078390e-01;1.290502e+00;1.871346e-01;1.179131e+00;1.717569e-01;1.012466e+00;1.590726e-01;8.471678e-01;1.358376e-01;6.926282e-01;1.007995e-01;5.620646e-01;6.814425e-02;1.232099e-01;3.627679e-03;3.557193e-03;2.607958e+01;2.133223e+02;3.492217e+01;2.927080e+02;8.062101e+01;4.938281e+02;4.555255e+01;6.105381e+02;6.613141e-02;1.521028e-01;3.221269e+01;3.573569e+02;2.264446e-01;3.294604e+00;2.578485e+04;5.609869e+04;2.393487e+00;5.728335e+00;1.880264e+02;2.909747e+02;1.089023e-02;-2.432796e-02;2.768636e-02;3.778073e-01;2.130979e-02;4.919988e-02;2.847708e+00;5.573880e+01;6.479587e+00;1.794786e+00;3.664369e+00;-3.449537e+00;6.430373e+00;4.442621e+00;3.647794e+00;3.242896e+00;5.156102e+00;-1.609921e+01;5.357929e+00;-1.175347e+01;5.719925e+00;1.178204e+01;5.137877e+00;6.970452e+00;3.608862e+00;2.666729e-01;5.534927e+00;-1.648516e+00;4.999077e+00;-1.610256e+01;2.899813e+00;-1.688281e+01;3.984625e+00;-7.279444e+00;1.917192e-06;-1.650756e-07;6.879434e-08;2.916899e-08;1.824021e-07;3.511150e-09;9.710261e-08;8.462677e-10;3.757842e-06;1.158941e-07;1.378632e-05;6.341629e-06;7.836709e-03;-3.476452e-03;2.376423e-02;-5.807647e-04;3.756707e-04;-1.018578e-04;5.268059e-04;-5.832704e-05;6.991600e-04;-2.355965e-05;2.107500e-03;-1.724990e-04;7.719132e-03;9.008639e-04;1.373387e-02;2.524680e-03;2.926604e-02;-1.550319e-03;1.260816e-02;-6.482503e-04;1.261573e-02;4.568983e-04;2.149664e-02;1.923394e-03;3.246022e-02;9.193556e-06;2.793374e-02;-1.095540e-03;3.429987e-02;2.551050e-03;4.052247e-02;1.478350e-03;5.440968e-02;-3.279421e-03;6.588594e-02;-4.138825e-03;5.914256e-02;-3.156080e-03;3.276784e-02;1.197563e-03;4.491265e-02;-8.775021e-05;5.617853e-02;-3.850130e-04;4.399545e-02;-3.454707e-05;4.472272e-02;-3.361468e-03;7.109005e-02;-1.649595e-03;6.774126e-02;-1.645603e-03;6.032749e-02;-1.558823e-03;5.530800e-02;-1.133050e-03;4.722857e-02;-1.399623e-03;3.564161e-02;-8.219092e-04;7.024246e-03;-8.902761e-04;5.705275e-04;-1.793470e-04;4.930513e+00;-8.613281e-02;1.143015e+01;-1.823145e+00;1.741855e+01;-2.612695e+00;1.316308e+01;-1.894922e+00;1.982971e-02;-7.853726e-04;4.866322e+00;-1.627055e+00;2.479705e-02;-6.145495e-03;3.685731e+03;-8.544163e+02;7.644418e-01;3.819276e-02;5.680235e+01;2.890463e+00;1.024637e-03;2.083383e-04;4.585059e-03;-1.435507e-03;2.161367e-03;-3.287080e-04;1.008107e+00;2.011539e-02;1.038558e+00;1.351461e-01;5.821981e-01;9.150016e-02;1.247534e+00;-1.235416e-01;8.455704e-01;4.036445e-03;1.378378e+00;1.281125e-01;1.357451e+00;-4.768466e-03;1.312547e+00;-1.334835e-01;1.189254e+00;-1.418128e-01;1.128506e+00;-4.399289e-02;1.500141e+00;-7.454692e-02;1.036871e+00;-8.819346e-02;1.027021e+00;3.293669e-02;7.911317e-01;1.673616e-01
35.000000;4.811176e-02;9.777094e+01;7.525334e-03;8.196366e-01;3.136504e-02;1.640946e-02;2.015186e-02;1.034699e-02;9.376121e-02;1.794201e-01;2.217411e+00;9.838078e+00;7.522142e-02;3.855807e-01;5.734602e-02;9.225307e-01;5.164390e-03;1.638244e-02;2.740515e-03;1.639204e-02;4.368574e-03;1.263490e-01;1.994613e-02;2.484967e-01;4.492459e-02;3.859604e-01;7.342938e-02;5.155024e-01;1.115432e-01;6.167696e-01;5.550012e-02;6.688070e-01;5.800225e-02;7.500679e-01;8.935438e-02;8.596199e-01;1.075798e-01;8.977672e-01;1.430671e-01;9.290794e-01;1.216381e-01;9.794484e-01;1.769063e-01;1.012875e+00;1.456000e-01;1.070448e+00;1.414889e-01;1.129749e+00;1.653697e-01;1.202273e+00;9.156255e-02;1.333658e+00;1.084061e-01;1.360620e+00;1.308286e-01;1.404881e+00;9.810232e-02;1.440833e+00;1.120956e-01;1.418583e+00;1.498753e-01;1.302967e+00;1.484813e-01;1.186326e+00;1.396698e-01;1.023750e+00;1.300273e-01;8.529169e-01;1.097697e-01;6.980131e-01;7.782220e-02;5.700389e-01;5.650526e-02;7.218753e-02;5.584430e-04;8.001041e-04;4.199533e+01;1.953779e+02;3.279966e+01;2.747637e+02;9.822498e+01;3.921914e+02;5.777965e+01;5.656055e+02;5.501687e-02;1.210321e-01;3.527312e+01;3.114779e+02;1.339053e-01;3.181118e+00;7.511150e+03;4.189683e+04;4.070608e+00;9.932622e+00;2.797283e+02;6.039741e+02;9.350446e-03;-1.388666e-02;3.783814e-02;3.337664e-01;1.799953e-02;3.009606e-02;2.782672e+00;5.357238e+01;2.426786e+00;6.662798e+00;3.231494e+00;1.629610e+00;2.669518e+00;1.751785e-01;3.784091e+00;2.422583e+00;5.610689e+00;-1.121979e+01;5.232626e+00;-1.080653e+01;4.419018e+00;9.295834e+00;3.202923e+00;3.666906e+00;3.733648e+00;-4.767215e-01;4.026946e+00;-2.722576e+00;3.800932e+00;-1.633442e+01;4.769574e+00;-1.308013e+01;5.017068e+00;-2.157257e+00;1.425626e-06;-3.088167e-08;7.080148e-08;-1.779277e-08;7.889326e-07;1.960633e-07;7.649485e-07;1.731299e-07;3.323491e-06;5.998216e-08;2.035282e-05;-4.045645e-06;4.465698e-03;-2.953343e-03;1.983004e-02;-6.064432e-04;2.385341e-04;-1.918973e-04;4.139314e-04;-1.436130e-05;7.252767e-04;1.163200e-04;2.644157e-03;1.648251e-04;7.720020e-03;-9.453178e-04;8.407569e-03;-2.967554e-03;3.187934e-02;-3.014031e-04;1.035744e-02;-8.137917e-04;8.685412e-03;-4.940260e-04;1.811839e-02;1.286774e-03;3.088920e-02;-1.818539e-03;3.035651e-02;-1.376494e-03;2.811905e-02;2.375785e-03;3.980334e-02;1.512143e-03;4.084488e-02;3.146623e-04;4.349038e-02;5.526001e-05;5.562189e-02;1.132326e-03;3.536527e-02;-6.886338e-04;3.481323e-02;1.322609e-03;5.032117e-02;-1.564385e-03;4.335705e-02;-1.947855e-03;4.239383e-02;-1.535218e-03;5.932266e-02;-1.842853e-03;5.873257e-02;-1.883448e-03;5.465036e-02;-2.021107e-03;5.117552e-02;-1.354775e-03;4.269600e-02;-1.644151e-03;2.991815e-02;-8.486592e-04;4.007439e-03;-2.487146e-03;6.750004e-05;-2.514472e-05;5.924671e+00;-1.622168e+00;5.396129e+00;-6.890625e-01;1.531496e+01;-1.665234e+00;7.961062e+00;-1.205859e+00;1.560163e-02;-2.364919e-03;2.728096e+00;-1.064130e+00;2.582643e-02;1.041097e-03;1.523679e+03;7.927813e+01;8.825672e-01;9.210012e-02;6.624525e+01;5.934725e+00;6.276210e-04;3.972059e-04;2.800777e-03;-1.171602e-03;1.561030e-03;-7.677445e-04;8.655890e-01;-5.225399e-02;7.317635e-01;1.219129e-02;6.734868e-01;1.198399e-01;7.710186e-01;1.067391e-02;8.012596e-01;3.640595e-02;1.206107e+00;1.353811e-01;1.385948e+00;1.067508e-01;1.355448e+00;9.736203e-02;9.691759e-01;5.027433e-02;1.231534e+00;6.632439e-02;1.131557e+00;-3.854939e-02;1.272014e+00;-3.939221e-02;1.026658e+00;8.571397e-02;1.013643e+00;1.218107e-01
35.500000;2.415886e-01;9.768652e+01;8.706989e-03;8.129585e-01;6.433954e-02;4.372763e-02;5.914904e-02;3.069117e-02;1.442401e-01;2.040756e-01;3.015186e+00;9.297457e+00;5.020392e-02;3.223804e-01;1.740688e-01;1.019514e+00;2.592001e-03;1.330341e-02;4.282005e-03;1.553540e-02;3.138164e-03;1.313654e-01;1.755561e-02;2.672135e-01;7.927113e-02;4.122227e-01;1.439353e-01;5.507447e-01;1.072479e-01;6.434941e-01;5.873001e-02;6.436179e-01;8.085740e-02;7.463009e-01;4.492164e-01;1.029645e+00;8.218948e-01;1.164216e+00;4.771836e-01;1.092237e+00;2.681206e-01;1.097811e+00;3.032692e-01;1.164234e+00;3.159949e-01;1.224291e+00;5.054712e-01;1.359651e+00;4.897999e-01;1.426007e+00;2.530252e-01;1.459384e+00;5.933406e-01;1.600025e+00;2.834619e-01;1.530680e+00;2.262236e-01;1.531039e+00;1.731410e-01;1.477634e+00;1.295034e-01;1.372603e+00;1.159350e-01;1.242345e+00;1.246102e-01;1.082291e+00;1.183119e-01;9.089410e-01;1.049364e-01;7.476791e-01;6.382915e-02;6.016877e-01;2.603413e-02;4.062840e-02;1.403060e-03;7.968851e-04;5.758315e+01;1.679590e+02;4.807067e+01;2.459092e+02;1.438171e+02;3.547236e+02;1.850555e+02;5.015801e+02;3.173445e-02;9.775516e-02;5.278734e+01;2.814944e+02;3.650760e-01;3.001401e+00;4.430228e+04;5.007623e+04;9.092553e+00;1.731745e+01;1.190338e+03;1.438155e+03;3.335809e-03;-8.843812e-03;4.667453e-02;2.986663e-01;1.401511e-02;2.198766e-02;2.866957e+00;5.026226e+01;8.427222e+00;7.264493e+00;6.074266e+00;7.519057e+00;3.861001e+00;2.678186e+00;5.467253e+00;4.920961e+00;1.097874e+01;-4.188025e+00;9.325682e+00;-8.476548e+00;6.324389e+00;5.907611e+00;8.529196e+00;-1.248395e+00;6.869296e+00;-5.040101e+00;4.105725e+00;-4.951347e+00;7.754588e+00;-1.273719e+01;6.876727e+00;-5.370281e+00;4.498753e+00;3.952706e+00;8.096429e-06;-2.280697e-08;1.131539e-07;-1.319436e-08;1.271113e-06;-5.097442e-09;1.252214e-06;-1.669069e-09;4.469931e-06;-7.271432e-08;4.543925e-05;-1.600862e-06;7.790016e-03;1.793244e-04;2.722706e-02;5.131068e-03;3.641794e-04;-3.791511e-05;7.755879e-04;1.158983e-05;5.888524e-04;1.135404e-04;2.803405e-03;5.494183e-04;1.285424e-02;-9.544250e-04;1.901409e-02;-1.647812e-03;2.887825e-02;-5.354768e-05;1.520629e-02;-4.030886e-04;1.550723e-02;-7.319742e-04;8.409920e-02;8.866110e-03;1.775548e-01;1.571576e-02;1.008342e-01;7.239531e-03;5.123892e-02;4.160937e-03;5.686576e-02;2.795515e-03;7.274027e-02;3.677109e-03;8.770858e-02;9.123450e-03;8.740214e-02;1.406896e-02;6.682444e-02;6.052019e-03;1.335187e-01;1.977925e-02;7.811605e-02;9.251639e-03;6.280460e-02;9.079709e-03;5.856412e-02;5.815093e-03;4.669105e-02;5.561195e-03;4.276410e-02;4.750968e-03;4.607055e-02;3.605094e-03;4.393284e-02;2.652649e-03;3.766448e-02;2.622567e-03;2.369742e-02;1.718143e-03;3.658253e-03;-4.428045e-04;3.690644e-04;1.331539e-05;9.832647e+00;-1.205859e+00;9.553227e+00;-1.134082e+00;3.304907e+01;7.464844e-01;3.367780e+01;2.942871e+00;1.282010e-02;-1.822694e-04;1.163517e+01;1.297227e-01;5.481794e-02;2.199352e-03;7.172859e+03;9.489026e+02;1.376248e+00;-2.127420e-02;1.566877e+02;-2.262419e+00;4.621175e-04;4.204483e-05;1.037150e-02;-1.236589e-04;2.055108e-03;-1.852589e-04;7.577021e-01;-1.061645e-01;1.351768e+00;-1.297878e-01;1.298622e+00;7.057396e-02;8.460203e-01;4.474419e-02;1.383929e+00;1.369641e-01;1.664340e+00;3.878841e-01;1.947590e+00;2.318640e-01;1.556275e+00;-1.161157e-01;1.746558e+00;-2.829175e-01;1.423892e+00;-2.105898e-01;1.426401e+00;3.537179e-02;1.798747e+00;2.506479e-01;1.450773e+00;2.167240e-01;1.108206e+00;5.793855e-02
36.000000;1.053384e+02;1.495066e+02;3.225001e-02;8.135977e-01;7.743875e-02;5.093749e-02;8.364362e-02;4.423982e-02;1.499020e-01;1.933712e-01;3.899933e+00;9.517595e+00;8.590422e-01;9.088340e-01;7.274526e-01;1.491641e+00;4.483055e-02;4.212830e-02;9.768048e-03;2.353238e-02;3.082000e-02;1.418001e-01;1.566759e-01;3.393027e-01;2.113854e-01;4.999364e-01;3.776872e-01;7.781411e-01;6.280561e-01;1.060256e+00;4.122185e-01;8.743575e-01;6.445923e-01;1.095898e+00;5.951180e-01;1.340333e+00;9.772468e-01;1.610192e+00;9.493302e-01;1.686945e+00;1.580847e+00;1.915321e+00;1.822649e+00;2.105527e+00;1.647301e+00;2.254614e+00;1.624444e+00;2.434607e+00;1.396800e+00;2.186578e+00;1.486383e+00;2.251689e+00;1.102378e+00;2.244118e+00;1.396119e+00;2.321674e+00;9.385291e-01;2.044932e+00;1.173935e+00;2.044914e+00;6.538862e-01;1.761984e+00;5.312758e-01;1.548861e+00;5.263799e-01;1.368710e+00;4.675373e-01;1.158055e+00;4.075701e-01;9.580506e-01;2.996995e-01;7.558783e-01;1.455659e+00;7.650753e-01;5.734780e-01;3.461628e-01;9.139102e+01;1.940859e+02;1.384626e+02;3.046230e+02;3.691226e+02;5.885742e+02;5.344436e+02;8.751094e+02;3.031480e-01;2.494796e-01;1.996065e+02;4.204442e+02;6.623715e-01;3.216765e+00;1.204687e+05;1.462334e+05;1.228938e+01;1.220348e+01;1.417474e+03;1.063267e+03;2.845847e-01;-1.766808e-01;1.643603e-01;4.074702e-01;1.026410e+00;5.659522e-01;3.366989e+00;4.849630e+01;1.899710e+01;-7.921859e+00;8.246549e+00;7.240091e+00;7.976331e+00;9.205859e+00;7.706050e+00;7.558322e+00;1.407967e+01;1.152296e+00;1.524088e+01;-9.661199e+00;8.272147e+00;-2.957438e+00;9.386878e+00;-1.057791e+01;9.926164e+00;-1.255603e+01;6.752384e+00;-2.454933e+00;1.451551e+01;-1.459601e+00;8.372583e+00;5.038816e+00;3.070057e+00;6.406743e+00;1.125213e-03;2.536622e-04;8.044764e-07;4.964819e-08;2.246274e-06;-1.867796e-07;2.551002e-06;-1.864389e-07;4.524069e-06;3.110926e-08;1.076759e-04;3.010664e-06;7.884590e-02;1.804888e-02;1.348589e-01;2.942315e-03;4.232752e-03;9.946076e-04;1.083218e-03;1.397077e-04;7.590775e-03;-4.327961e-05;3.306730e-02;2.649093e-04;4.422303e-02;3.631164e-04;7.037927e-02;4.596022e-03;7.682762e-02;4.134864e-03;5.597400e-02;1.987830e-03;9.379625e-02;1.411278e-03;1.092248e-01;6.983318e-04;2.096946e-01;3.537487e-03;1.711266e-01;4.912136e-03;3.149161e-01;1.047728e-03;3.736493e-01;3.729623e-03;2.858837e-01;5.050776e-03;3.218705e-01;8.014217e-03;2.674493e-01;6.514146e-04;3.023739e-01;3.578138e-03;2.913979e-01;4.997361e-03;3.677319e-01;1.198693e-02;2.502050e-01;3.679002e-03;3.050444e-01;1.862427e-03;1.396929e-01;1.325592e-03;1.097748e-01;1.707053e-03;1.091229e-01;2.395049e-03;1.015721e-01;1.676605e-03;8.963164e-02;1.932985e-03;6.485521e-02;1.002566e-03;2.175774e-01;3.129585e-02;9.668152e-02;7.821620e-03;1.348402e+01;2.368652e+00;2.641551e+01;1.765723e+00;6.706718e+01;1.349414e+00;6.066399e+01;9.718653e+00;7.046777e-02;3.540113e-03;2.289845e+01;3.428022e+00;9.396576e-02;-3.518208e-04;1.505407e+04;1.769993e+03;1.293517e+00;-1.529879e-01;1.510024e+02;-1.072060e+01;4.021432e-02;-5.598016e-03;1.885204e-02;3.036105e-03;1.508869e-01;1.988792e-02;1.140146e+00;-3.704936e-03;1.875274e+00;-4.074240e-01;2.045431e+00;-1.738532e-02;1.768045e+00;1.111264e-01;1.701165e+00;-8.560543e-02;1.968115e+00;-2.436993e-02;2.488367e+00;-2.461185e-01;1.906313e+00;-2.636625e-01;1.755126e+00;-1.483540e-01;1.956718e+00;-3.014591e-01;1.807409e+00;1.184553e-01;2.317703e+00;4.374203e-01;1.534267e+00;2.358737e-01;1.073842e+00;-9.518393e-03
36.500000;1.260419e+02;2.749293e+02;4.299025e-02;8.271041e-01;1.169963e-01;6.243730e-02;1.495920e-01;6.664919e-02;9.697230e-02;1.619199e-01;4.032290e+00;8.489679e+00;6.838645e-01;1.745695e+00;7.224316e-01;1.489177e+00;3.967296e-02;8.639552e-02;9.781125e-03;3.192996e-02;3.109309e-02;1.419298e-01;1.550554e-01;3.443414e-01;2.001911e-01;4.976871e-01;3.587525e-01;7.936105e-01;5.994203e-01;1.116652e+00;3.714937e-01;9.660431e-01;6.226100e-01;1.143719e+00;5.028493e-01;1.190310e+00;7.163146e-01;1.360591e+00;9.036100e-01;1.597110e+00;1.578568e+00;1.889167e+00;1.809973e+00;2.147241e+00;1.612010e+00;2.284353e+00;1.580376e+00;2.413332e+00;1.367378e+00;2.207392e+00;1.472497e+00;2.328113e+00;1.055927e+00;2.182383e+00;1.413477e+00;2.478977e+00;9.855202e-01;2.085994e+00;1.227646e+00;2.063863e+00;6.804605e-01;1.752097e+00;5.504720e-01;1.534219e+00;5.342125e-01;1.360472e+00;4.724615e-01;1.144944e+00;4.116074e-01;9.442079e-01;3.029345e-01;7.498509e-01;1.620962e+00;2.072364e+00;5.348529e-01;7.266570e-01;9.174751e+01;2.790703e+02;1.128025e+02;3.814248e+02;4.487942e+02;8.294590e+02;4.287427e+02;1.341519e+03;2.914740e-01;4.437781e-01;1.695128e+02;5.960164e+02;6.160939e-01;3.374510e+00;1.126120e+05;2.581812e+05;1.789860e+00;2.432484e+00;6.621258e+01;4.179718e+01;2.662207e-01;-4.200664e-01;1.326289e-01;5.510980e-01;1.018273e+00;1.432042e+00;3.835498e+00;4.848083e+01;1.001896e+01;-2.676634e+01;8.706652e+00;7.539257e+00;8.043803e+00;1.645278e+01;1.097898e+01;5.601994e-02;1.436405e+01;-6.350718e+00;1.536957e+01;-1.988465e+01;9.439816e+00;-9.954782e+00;7.464775e+00;-1.071146e+01;7.969642e+00;-1.748801e+01;7.500245e+00;3.707959e+00;1.285646e+01;1.386140e+01;5.347773e+00;1.110403e+01;5.667506e+00;4.328795e+00;1.895567e-03;2.538600e-04;1.095369e-06;2.772081e-08;3.659881e-06;3.675444e-08;4.777404e-06;2.161581e-08;3.081358e-06;1.651233e-08;1.228380e-04;-5.362891e-06;9.710464e-02;1.573360e-02;1.381309e-01;-4.342943e-03;5.921508e-03;7.196526e-04;1.416557e-03;2.326783e-04;7.742862e-03;-3.638779e-06;3.313683e-02;-7.305222e-05;4.283592e-02;6.264990e-04;7.167144e-02;8.090246e-04;7.847995e-02;6.652189e-05;5.876099e-02;1.354195e-03;9.444970e-02;-2.898697e-04;7.033686e-02;-1.043285e-02;1.133403e-01;-1.340245e-02;1.433694e-01;-3.644579e-03;3.123193e-01;-4.881105e-03;3.775820e-01;-3.190333e-03;2.847468e-01;-2.071415e-03;3.196659e-01;-6.546961e-03;2.716031e-01;-9.703490e-03;3.084935e-01;-4.728486e-03;2.815185e-01;-1.897077e-02;4.024254e-01;-6.944831e-03;2.616065e-01;-9.165258e-03;3.156988e-01;-6.959870e-03;1.553079e-01;-4.378505e-03;1.218645e-01;-3.753656e-03;1.154639e-01;-2.495647e-03;1.037713e-01;-1.748595e-03;9.066848e-02;-1.341253e-03;6.681293e-02;-1.046180e-03;3.153059e-01;1.253608e-02;1.243975e-01;8.383415e-03;1.341680e+01;2.440430e+00;2.515731e+01;2.138965e+00;7.846754e+01;9.890918e+00;7.898870e+01;9.718653e+00;8.351200e-02;3.324435e-03;2.603824e+01;4.615820e+00;1.153744e-01;2.506514e-03;1.938935e+04;2.924401e+03;3.580785e-01;-3.977961e-02;1.262030e+01;-1.300847e+00;5.444663e-02;-3.078556e-03;1.956835e-02;3.587313e-03;2.088469e-01;1.125413e-02;1.332628e+00;1.956118e-02;1.629571e+00;-2.637005e-01;1.952099e+00;8.701072e-02;1.841849e+00;2.109781e-01;1.667539e+00;-2.291818e-01;1.811050e+00;-3.765506e-01;2.252817e+00;-3.744540e-01;2.070606e+00;-9.760522e-02;1.410811e+00;1.732926e-01;1.928027e+00;3.253008e-02;1.977970e+00;1.704513e-01;2.293641e+00;1.715917e-01;1.335880e+00;-2.950432e-02;1.280584e+00;-5.953334e-02
37.000000;1.162536e+02;2.988380e+02;3.760818e-02;8.242735e-01;1.284059e-01;6.504934e-02;2.130702e-01;1.032087e-01;8.578997e-02;1.562914e-01;2.537549e+00;7.567082e+00;2.558148e-01;1.876025e+00;1.611848e-01;1.007401e+00;1.615755e-02;9.327230e-02;8.792290e-03;3.250315e-02;1.118222e-02;1.350142e-01;3.658339e-02;2.830923e-01;7.281882e-02;4.436816e-01;1.072988e-01;5.786420e-01;1.312934e-01;7.027758e-01;9.510589e-02;7.999678e-01;1.313360e-01;8.708320e-01;1.349791e-01;8.957890e-01;1.851730e-01;9.607902e-01;2.801734e-01;1.032061e+00;1.837018e-01;1.117392e+00;3.689811e-01;1.219013e+00;2.300389e-01;1.241207e+00;2.877724e-01;1.321307e+00;5.032083e-01;1.415775e+00;4.710277e-01;1.440775e+00;4.768256e-01;1.438128e+00;7.081323e-01;1.537830e+00;4.805252e-01;1.468010e+00;4.951910e-01;1.426545e+00;2.481920e-01;1.350869e+00;1.969523e-01;1.223429e+00;1.626522e-01;1.070479e+00;1.307959e-01;8.939484e-01;1.104309e-01;7.328239e-01;9.001741e-02;5.922361e-01;1.006888e+00;2.142966e+00;3.524957e-01;6.453662e-01;4.000903e+01;3.222803e+02;1.923633e+01;3.786973e+02;4.175694e+02;7.935703e+02;3.920546e+02;1.417172e+03;1.515547e-01;4.757192e-01;1.275065e+02;6.083481e+02;4.690033e-01;3.320485e+00;1.026509e+05;2.702118e+05;1.011264e+00;2.081091e+00;1.686941e+01;1.789048e+01;1.448615e-01;-4.170596e-01;8.895866e-02;5.637037e-01;6.265077e-01;1.379415e+00;3.548253e+00;4.967828e+01;6.436025e+00;-2.895123e+01;7.186848e+00;9.675167e+00;4.681255e+00;2.078572e+01;6.919800e+00;-6.771965e+00;7.180351e+00;-1.591608e+01;6.539591e+00;-2.594500e+01;9.725409e+00;-9.741727e+00;7.203492e+00;-4.246440e+00;4.940828e+00;-1.762592e+01;7.271333e+00;4.536866e+00;9.453144e+00;1.743628e+01;5.027650e+00;1.000438e+01;5.558193e+00;4.591136e+00;1.878302e-03;-2.504608e-04;7.977231e-07;-6.990872e-08;4.059857e-06;-1.461684e-08;5.896786e-06;-6.877350e-09;2.231383e-06;-9.865121e-08;7.760884e-05;4.793471e-07;6.505616e-02;-5.964719e-03;4.237393e-02;-3.975212e-03;4.459394e-03;-2.868979e-04;1.405651e-03;-1.763667e-05;3.076042e-03;3.237777e-05;9.364811e-03;-3.444279e-04;1.559971e-02;-1.081270e-04;2.378167e-02;-3.173653e-03;2.346308e-02;-4.312629e-03;2.433864e-02;-5.239465e-04;2.743168e-02;1.026830e-04;2.837492e-02;-4.439284e-04;3.981961e-02;-1.524268e-03;6.073757e-02;-6.942458e-03;3.894428e-02;-2.334314e-03;9.127368e-02;-2.648304e-03;6.980937e-02;-4.421019e-03;8.326566e-02;-7.093637e-03;1.210165e-01;-5.562611e-03;1.075264e-01;-9.141713e-03;1.188137e-01;-9.791979e-03;1.828201e-01;-1.699635e-02;1.011682e-01;-8.365496e-03;1.089429e-01;-6.498048e-03;8.952332e-02;-3.256568e-03;7.600467e-02;-2.394562e-03;6.387206e-02;-2.486262e-03;5.268726e-02;-2.168864e-03;4.474471e-02;-1.693834e-03;3.652459e-02;-1.263545e-03;2.360519e-01;-1.506243e-02;9.086809e-02;-5.679429e-03;1.041217e+01;-2.153320e-01;3.701234e+00;-2.153320e-01;7.946703e+01;-8.613281e-02;9.164797e+01;-5.612988e+00;4.960392e-02;-7.177428e-06;2.397849e+01;-1.151482e+00;9.901273e-02;2.931446e-03;1.939303e+04;-6.709337e+02;2.231768e-01;9.597879e-03;5.194509e+00;1.707678e-01;3.914509e-02;2.656163e-03;1.663034e-02;-9.280824e-04;1.550373e-01;-1.129158e-02;1.132846e+00;5.661181e-02;1.200587e+00;1.513041e-01;1.577263e+00;-8.486193e-02;1.066926e+00;9.819516e-02;1.730597e+00;2.283967e-02;2.082397e+00;-1.802529e-01;2.043292e+00;1.296349e-01;2.170027e+00;1.476723e-01;2.169430e+00;5.701371e-02;1.617502e+00;5.277930e-02;2.264872e+00;-8.524922e-02;1.891966e+00;-9.703165e-02;1.350792e+00;-5.407646e-02;1.256077e+00;8.516317e-03
37.500000;1.518329e+02;2.458432e+02;2.891840e-02;8.018950e-01;9.927147e-02;4.058360e-02;1.946843e-01;8.094854e-02;9.419291e-02;1.403907e-01;2.882512e+00;6.290961e+00;2.822976e-01;1.858019e+00;2.206304e-01;1.029055e+00;1.594296e-02;9.552920e-02;6.098042e-03;3.133157e-02;1.280534e-02;1.325269e-01;4.138105e-02;2.794152e-01;7.939871e-02;4.450306e-01;3.953914e-02;5.585778e-01;8.756394e-02;7.062432e-01;1.201542e-01;8.680127e-01;1.740058e-01;8.534710e-01;1.904694e-01;1.020793e+00;2.238289e-01;1.091087e+00;2.735639e-01;1.019674e+00;4.006963e-01;1.246639e+00;2.970646e-01;1.147056e+00;2.376239e-01;1.181573e+00;2.509601e-01;1.189586e+00;6.522404e-01;1.398361e+00;6.887767e-01;1.467280e+00;1.085022e+00;1.633267e+00;2.477682e-01;1.190308e+00;1.121658e+00;1.694267e+00;7.738366e-01;1.576051e+00;2.913663e-01;1.417581e+00;2.282340e-01;1.279713e+00;1.762361e-01;1.091098e+00;1.579392e-01;9.163283e-01;1.333248e-01;7.467656e-01;1.095331e-01;6.047373e-01;8.832328e-01;2.216458e+00;3.145367e-01;5.357121e-01;4.539598e+01;3.186914e+02;3.173663e+01;3.811377e+02;2.609955e+02;6.442734e+02;4.065577e+02;1.240743e+03;1.426340e-01;5.532225e-01;1.053678e+02;5.545862e+02;2.683722e-01;3.507055e+00;8.529647e+04;2.125332e+05;1.123256e+00;2.469404e+00;3.064271e+01;2.841556e+01;1.525989e-01;-4.375391e-01;7.925370e-02;5.297965e-01;4.333153e-01;1.206249e+00;4.054806e+00;5.242210e+01;7.581146e+00;-2.448259e+01;8.362574e+00;3.827948e+00;7.712395e+00;1.864548e+01;6.886234e+00;-3.945950e+00;7.034707e+00;-1.919763e+01;6.672218e+00;-2.145772e+01;7.252260e+00;-7.389080e+00;9.002003e+00;-7.155299e+00;1.092848e+01;-1.125085e+01;7.774055e+00;4.426395e+00;1.212805e+01;9.209218e+00;8.974192e+00;1.166892e+01;7.540104e+00;7.104328e+00;1.777815e-03;6.030391e-05;4.246281e-07;-3.454423e-08;3.478189e-06;8.705899e-10;5.399586e-06;-2.730588e-09;1.872499e-06;4.211033e-08;4.995203e-05;-4.695437e-06;5.866734e-02;6.922992e-04;4.825881e-02;-4.698396e-05;2.569165e-03;2.166175e-04;1.252659e-03;-1.143865e-04;2.755746e-03;-1.566288e-04;9.461256e-03;-2.830775e-04;1.575072e-02;-4.584402e-04;8.688441e-03;3.891106e-04;1.640993e-02;9.637129e-04;2.508700e-02;8.536804e-04;2.541442e-02;-4.176821e-04;3.364245e-02;5.854638e-03;4.576776e-02;3.804882e-03;6.176059e-02;-2.085508e-03;8.982805e-02;-2.645523e-03;8.735947e-02;-3.766936e-03;6.139854e-02;3.386432e-03;6.712962e-02;1.104933e-03;1.480211e-01;-2.600327e-03;1.486654e-01;-5.318564e-04;2.767559e-01;2.931159e-03;5.802472e-02;-6.134470e-03;2.496547e-01;1.461718e-03;1.725764e-01;3.461658e-03;6.948123e-02;3.732148e-04;6.524498e-02;-8.334721e-04;5.806986e-02;-1.212200e-03;5.378846e-02;-1.754921e-03;4.850309e-02;-1.647812e-03;3.996057e-02;-1.277878e-03;1.466817e-01;1.247793e-02;7.814957e-02;-5.362960e-03;8.283292e+00;2.296875e-01;5.137974e+00;4.306641e-01;6.995744e+01;-7.364356e+00;9.284923e+01;-8.828613e+00;3.425447e-02;2.228830e-03;2.243384e+01;-2.210657e+00;6.125347e-02;-1.218260e-03;1.716891e+04;-2.726965e+03;2.593246e-01;1.661401e-02;7.508155e+00;2.492835e-01;2.676550e-02;-1.856877e-03;1.646522e-02;-1.223617e-03;9.201328e-02;2.466834e-03;1.041713e+00;4.959933e-02;1.466924e+00;8.852176e-02;1.647380e+00;-1.440434e-01;1.307594e+00;-1.955845e-01;1.569420e+00;-1.962974e-02;1.953762e+00;-6.091857e-02;2.035532e+00;2.241498e-01;2.028748e+00;1.168374e-01;2.217382e+00;-2.454831e-01;2.200432e+00;3.779967e-02;2.108483e+00;1.343579e-02;2.286811e+00;-9.270523e-02;1.494067e+00;2.618295e-01;1.652468e+00;8.435962e-02
38.000000;1.634328e+02;3.119436e+02;2.250165e-02;7.937636e-01;1.003969e-01;5.845825e-02;1.183147e-01;6.084432e-02;9.067641e-02;1.803868e-01;5.967560e+00;2.703040e+00;2.986182e-01;1.835324e+00;2.225045e-01;1.022339e+00;1.947090e-02;9.263298e-02;6.338997e-03;3.216427e-02;8.447188e-03;1.252504e-01;3.081260e-02;2.673025e-01;5.379168e-02;4.043563e-01;7.772586e-02;5.421577e-01;1.103413e-01;6.986622e-01;1.556497e-01;8.406907e-01;1.926240e-01;8.257664e-01;2.211403e-01;1.009877e+00;2.282716e-01;1.071101e+00;1.813881e-01;1.008282e+00;4.348904e-01;1.224767e+00;3.087305e-01;1.137013e+00;2.744423e-01;1.233235e+00;2.729424e-01;1.228214e+00;6.266899e-01;1.444898e+00;6.589378e-01;1.509170e+00;1.072710e+00;1.686600e+00;1.974248e-01;1.254322e+00;1.135023e+00;1.670128e+00;7.709293e-01;1.513999e+00;3.156456e-01;1.356183e+00;2.473169e-01;1.234135e+00;2.010618e-01;1.060589e+00;1.802092e-01;8.976817e-01;1.510044e-01;7.381821e-01;1.206798e-01;5.982492e-01;1.026237e+00;2.052669e+00;3.118902e-01;4.461373e-01;5.282344e+01;3.273047e+02;4.766599e+01;4.101357e+02;2.398273e+02;6.563320e+02;2.968500e+02;1.123746e+03;1.227547e-01;5.620018e-01;9.650095e+01;5.552807e+02;2.620680e-01;3.630106e+00;6.166029e+04;1.745612e+05;1.118363e+00;2.500051e+00;2.998492e+01;3.157377e+01;1.734329e-01;-4.159121e-01;7.719836e-02;5.401177e-01;4.534455e-01;1.118268e+00;4.032718e+00;5.367216e+01;6.504911e+00;-2.391827e+01;6.791358e+00;1.150192e-01;7.359066e+00;1.499879e+01;5.906391e+00;-4.789714e+00;6.950156e+00;-1.780896e+01;7.323558e+00;-1.518876e+01;6.015396e+00;-7.133700e+00;6.608470e+00;-1.289736e+01;9.523493e+00;-4.149431e+00;7.053135e+00;6.321036e+00;1.102323e+01;1.890269e+00;1.023618e+01;1.818354e+01;9.242944e+00;1.006550e+01;2.601154e-03;1.580009e-04;4.906309e-07;-1.446761e-08;3.447125e-06;5.948945e-08;3.917952e-06;4.975077e-08;1.950511e-06;7.364991e-08;1.441833e-04;-2.907263e-05;6.049311e-02;-1.264545e-03;5.010330e-02;-3.962204e-05;2.583841e-03;-2.805318e-04;1.480863e-03;1.095994e-04;1.038951e-03;-5.998906e-05;3.599617e-03;-2.738105e-04;6.695897e-03;-4.731009e-04;1.036334e-02;-7.895983e-04;1.789879e-02;-1.874474e-03;2.718585e-02;-2.308812e-03;3.122886e-02;-6.500184e-04;3.688771e-02;-1.464844e-03;4.159458e-02;-8.667514e-04;4.914419e-02;4.213332e-03;1.057560e-01;-9.081250e-04;8.761828e-02;-2.516107e-03;8.241773e-02;3.550969e-03;8.012104e-02;2.757528e-03;1.464651e-01;-3.518691e-04;1.444965e-01;2.136319e-03;2.845248e-01;3.133488e-03;5.825671e-02;3.586275e-03;2.507671e-01;-1.581018e-03;1.690435e-01;-6.142479e-04;7.328418e-02;-8.913514e-04;7.021939e-02;-1.025137e-03;6.900489e-02;-1.004800e-03;6.382447e-02;-1.058210e-03;5.708141e-02;-9.551339e-04;4.576067e-02;-7.407081e-04;1.464369e-01;-1.045149e-02;7.749955e-02;-3.609126e-04;9.869330e+00;1.004883e-01;1.336070e+01;2.440430e-01;6.986684e+01;4.134375e+00;7.732477e+01;4.608106e+00;3.039041e-02;-7.719368e-04;2.404185e+01;1.312496e+00;5.717321e-02;6.514566e-03;1.692808e+04;7.095185e+02;2.578704e-01;-1.298351e-02;7.453074e+00;-1.649186e-01;2.543488e-02;1.669929e-03;1.826681e-02;1.042560e-03;8.241130e-02;-5.244805e-03;1.200083e+00;-1.681305e-02;1.541511e+00;-6.974587e-02;1.483377e+00;-3.245601e-02;1.668666e+00;-1.725286e-03;1.762759e+00;-4.613225e-02;1.605268e+00;9.758814e-02;2.058670e+00;1.444327e-01;1.789286e+00;-1.275359e-01;1.751564e+00;-5.692369e-02;2.271649e+00;1.559930e-01;1.904109e+00;-3.214846e-02;2.352316e+00;-1.093065e-02;1.808781e+00;1.340434e-01;2.005973e+00;-5.574887e-02
38.500000;1.690459e+02;2.373580e+02;2.170482e-02;7.810642e-01;7.918321e-02;6.165254e-02;7.490768e-02;4.822424e-02;7.961549e-02;1.521571e-01;6.749527e+00;3.258962e+00;3.117578e-01;1.474241e+00;8.043853e-02;9.054554e-01;1.692558e-02;6.597804e-02;6.515231e-03;3.167171e-02;5.754749e-03;1.251173e-01;2.509541e-02;2.513207e-01;3.379800e-02;3.888642e-01;8.265830e-02;5.218451e-01;1.109265e-01;6.140164e-01;1.364309e-01;6.980259e-01;1.846572e-01;8.320555e-01;2.173374e-01;8.779690e-01;2.325044e-01;9.353717e-01;1.292216e-01;9.725096e-01;2.782180e-01;1.067911e+00;2.449459e-01;1.083894e+00;2.151137e-01;1.157815e+00;1.956821e-01;1.177881e+00;2.838266e-01;1.201234e+00;1.800696e-01;1.195546e+00;2.365428e-01;1.236829e+00;1.698611e-01;1.295946e+00;1.836141e-01;1.185791e+00;1.539355e-01;1.199914e+00;2.017701e-01;1.232657e+00;1.996219e-01;1.144397e+00;1.878476e-01;1.009919e+00;1.667244e-01;8.528076e-01;1.412403e-01;7.085607e-01;1.094901e-01;5.736440e-01;5.038869e-01;9.888131e-01;1.947089e-01;2.659472e-01;4.244439e+01;3.314678e+02;4.606205e+01;4.108535e+02;2.796689e+02;7.329902e+02;2.417292e+02;1.165808e+03;1.120583e-01;4.029217e-01;9.373141e+01;5.766506e+02;3.024657e-01;3.635555e+00;5.830955e+04;1.778162e+05;8.967381e-01;2.096429e+00;1.595792e+01;2.449010e+01;1.085185e-01;-2.148175e-01;7.079735e-02;5.582070e-01;3.349130e-01;5.940790e-01;3.390866e+00;5.417867e+01;4.494777e+00;-2.357691e+01;5.560750e+00;-3.777113e+00;5.332856e+00;1.810500e+01;6.887677e+00;-3.736326e+00;7.958306e+00;-1.771097e+01;7.190268e+00;-1.364530e+01;4.916918e+00;-8.202987e+00;8.353765e+00;-9.493005e+00;5.992843e+00;-1.264367e+00;7.233568e+00;2.386932e+00;8.389575e+00;2.697773e+00;6.135125e+00;2.113475e+01;6.149755e+00;1.092284e+01;2.285011e-03;-2.139472e-04;3.864002e-07;-3.048825e-08;2.650141e-06;2.262506e-08;1.945049e-06;4.984093e-08;1.845498e-06;-3.544113e-08;2.118717e-04;5.177578e-06;3.774177e-02;-8.928894e-03;2.629981e-02;2.441448e-04;1.912197e-03;-5.956821e-04;1.473152e-03;1.599898e-05;7.964444e-04;1.508297e-04;2.834701e-03;2.638276e-04;5.196983e-03;7.460508e-04;1.250235e-02;-5.126577e-04;1.754669e-02;-1.815689e-03;2.189592e-02;-2.592625e-03;3.459631e-02;5.145857e-04;4.004912e-02;-5.758709e-04;4.281095e-02;-9.250418e-05;4.503893e-02;7.240452e-04;8.059737e-02;4.474519e-03;7.016604e-02;4.556608e-03;7.383705e-02;-6.005440e-03;6.634879e-02;-4.422420e-03;9.342697e-02;-1.246537e-03;6.345902e-02;-2.063900e-03;9.017210e-02;-3.317511e-03;5.875111e-02;4.836509e-03;5.438873e-02;-1.478003e-03;4.762021e-02;4.860227e-04;7.185134e-02;1.590057e-03;7.310870e-02;2.475534e-03;7.113839e-02;2.565012e-03;6.416288e-02;2.816101e-03;5.511624e-02;2.399990e-03;4.296130e-02;1.871221e-03;7.133989e-02;-2.159377e-02;4.875714e-02;-1.559473e-03;8.770287e+00;-4.880859e-01;1.414651e+01;-4.306641e-01;7.521591e+01;2.799316e+00;6.554603e+01;3.631934e+00;1.389736e-02;-4.128193e-03;2.410327e+01;4.622902e-01;5.593658e-02;2.777929e-03;1.460023e+04;4.415537e+02;2.278648e-01;-1.392800e-02;5.054365e+00;-1.359567e-01;1.212012e-02;4.035894e-03;1.814697e-02;2.538047e-04;4.485447e-02;-1.094566e-02;1.211915e+00;5.668692e-02;1.196096e+00;6.764035e-02;1.212127e+00;-1.569838e-01;1.362699e+00;1.232275e-01;1.896671e+00;2.086544e-01;1.688581e+00;8.603287e-02;2.261150e+00;-6.602379e-02;1.632369e+00;-9.052878e-02;1.822429e+00;1.754753e-01;1.696756e+00;5.419435e-02;1.750617e+00;-2.141930e-01;2.009480e+00;-5.784151e-02;1.659913e+00;-2.876893e-02;1.757247e+00;3.291978e-02
39.000000;2.403626e+00;9.358170e+01;6.409367e-03;7.701540e-01;4.168151e-02;3.648324e-02;2.817662e-02;2.873695e-02;4.818336e-02;1.104513e-01;3.598989e+00;6.467880e+00;2.011954e-01;1.081356e+00;6.380470e-02;8.934329e-01;9.998972e-03;4.729099e-02;6.148337e-03;2.717687e-02;3.622699e-03;1.280792e-01;2.417025e-02;2.580765e-01;2.508709e-02;3.960669e-01;6.041821e-02;5.273781e-01;1.027613e-01;6.139508e-01;1.276569e-01;6.924015e-01;1.755989e-01;8.086715e-01;1.852290e-01;8.387392e-01;2.067913e-01;8.973826e-01;1.050512e-01;9.697267e-01;2.218931e-01;1.059737e+00;2.025902e-01;1.086520e+00;1.582515e-01;1.054537e+00;1.506815e-01;1.098761e+00;2.451365e-01;1.095897e+00;1.284147e-01;1.124960e+00;1.569736e-01;1.160214e+00;1.559138e-01;1.335103e+00;1.354895e-01;1.251308e+00;1.385247e-01;1.286702e+00;1.794811e-01;1.268582e+00;1.687705e-01;1.160024e+00;1.570383e-01;1.011372e+00;1.341530e-01;8.493266e-01;1.146303e-01;6.932226e-01;8.610316e-02;5.625149e-01;2.767318e-01;5.485919e-01;1.022974e-01;1.258654e-01;4.209752e+01;3.155332e+02;2.644642e+01;3.831475e+02;2.680747e+02;5.971875e+02;2.478346e+02;1.080967e+03;7.899168e-02;2.781514e-01;9.461615e+01;5.147226e+02;2.266196e-01;3.503106e+00;5.262924e+04;1.470665e+05;8.839043e-01;2.356695e+00;2.311228e+01;3.464808e+01;4.363165e-02;-1.090042e-01;7.279458e-02;5.081117e-01;1.207116e-01;2.951428e-01;3.075726e+00;5.635297e+01;5.404860e+00;-1.681254e+01;3.469800e+00;-9.083501e+00;3.858629e+00;1.900205e+01;7.419197e+00;3.859125e+00;7.500445e+00;-1.896495e+01;6.915131e+00;-1.771572e+01;4.475955e+00;-8.785168e+00;6.957603e+00;-4.357165e+00;5.419660e+00;-4.232829e-01;5.577714e+00;-6.576267e-01;5.735319e+00;5.356805e+00;4.352007e+00;1.956703e+01;5.581787e+00;1.143554e+01;6.106340e-04;-6.413267e-05;1.212137e-07;3.043643e-09;1.298591e-06;-6.628978e-09;5.823115e-07;2.435300e-08;1.424332e-06;-1.031466e-08;1.562494e-04;2.731293e-05;1.698758e-02;-6.241671e-03;2.008252e-02;-7.859332e-05;9.928806e-04;-2.072462e-04;1.081782e-03;-1.642731e-04;6.381690e-04;-4.248426e-06;2.702422e-03;1.398370e-04;3.362244e-03;1.102428e-04;9.230729e-03;-5.642981e-05;1.656400e-02;1.702606e-03;2.253664e-02;3.540049e-03;2.945499e-02;-2.740112e-03;4.072273e-02;1.083007e-03;4.631621e-02;1.265542e-03;3.371368e-02;-2.648869e-03;5.882998e-02;1.291466e-05;5.646652e-02;4.310824e-04;5.563259e-02;-6.883504e-03;5.348036e-02;-5.966571e-03;7.676156e-02;4.077137e-03;4.843221e-02;3.106220e-04;6.403513e-02;-3.357969e-03;5.193574e-02;4.284259e-04;4.017765e-02;4.910927e-03;4.234038e-02;2.737926e-03;6.453240e-02;1.043544e-04;6.059198e-02;3.301428e-05;5.561917e-02;-3.823546e-04;4.800214e-02;-2.361532e-04;4.023811e-02;-4.447711e-04;3.027753e-02;-2.101319e-04;3.513116e-02;-3.434766e-03;1.964922e-02;-1.618788e-03;6.624874e+00;-3.301758e-01;6.647931e+00;-1.722656e-01;5.381693e+01;-3.588867e+00;6.431606e+01;-5.153613e+00;1.137550e-02;-1.895491e-03;1.721212e+01;-1.771958e+00;3.989729e-02;-4.562153e-03;9.198762e+03;-1.446329e+03;2.216972e-01;1.364915e-02;7.470061e+00;6.513398e-01;4.803492e-03;8.296663e-04;1.293794e-02;-1.315300e-03;1.566822e-02;-2.359456e-03;9.875183e-01;4.723868e-02;8.381916e-01;1.762922e-01;9.512666e-01;-3.453920e-02;1.017981e+00;-1.419806e-01;1.638401e+00;1.370920e-01;1.638255e+00;4.876038e-02;2.069865e+00;-1.219000e-01;1.612759e+00;4.851317e-02;1.840815e+00;-3.070553e-03;1.705225e+00;2.370610e-02;1.235919e+00;1.686177e-01;1.862646e+00;-1.867313e-02;1.360383e+00;-6.344840e-02;1.747644e+00;1.958590e-01
39.500000;1.064664e+00;9.318133e+01;5.605751e-03;7.750658e-01;8.845204e-02;6.167067e-02;6.466722e-02;5.957291e-02;7.994751e-02;1.689678e-01;5.049679e-01;7.126528e+00;1.971162e-01;7.764579e-01;5.379960e-02;8.953383e-01;9.587375e-03;3.428475e-02;3.384352e-03;2.206853e-02;3.000759e-03;1.262773e-01;1.662053e-02;2.584913e-01;3.002001e-02;3.841780e-01;4.137002e-02;5.199004e-01;6.517524e-02;6.330992e-01;1.109762e-01;7.241648e-01;1.545255e-01;8.067144e-01;1.645701e-01;8.443345e-01;1.806307e-01;9.056986e-01;8.709791e-02;9.398245e-01;1.990451e-01;9.840207e-01;2.016505e-01;1.033521e+00;1.732816e-01;9.890244e-01;1.622260e-01;1.046201e+00;2.338515e-01;1.086902e+00;1.386774e-01;1.137694e+00;1.651561e-01;1.189269e+00;1.183520e-01;1.369063e+00;9.140815e-02;1.366896e+00;1.059393e-01;1.370977e+00;1.582403e-01;1.287266e+00;1.409252e-01;1.167813e+00;1.380198e-01;1.008592e+00;1.212181e-01;8.448732e-01;1.052058e-01;6.922463e-01;7.688327e-02;5.617549e-01;1.838726e-01;3.015296e-01;4.430741e-02;3.863895e-02;5.493401e+01;2.810801e+02;1.372356e+01;3.687920e+02;1.102885e+02;4.366934e+02;2.729894e+02;8.122324e+02;5.913741e-02;2.042300e-01;6.011549e+01;4.209875e+02;1.821467e-01;3.342015e+00;3.715023e+04;9.180588e+04;1.097874e+00;3.428429e+00;6.456175e+01;9.364191e+01;3.323586e-02;-5.943379e-02;4.949198e-02;4.333059e-01;1.006355e-01;1.580221e-01;2.389751e+00;5.697409e+01;6.191157e+00;-7.552341e+00;2.901367e+00;-9.426258e+00;6.693684e+00;1.159296e+01;5.086787e+00;9.087996e+00;6.287786e+00;-1.376526e+01;6.470182e+00;-1.915524e+01;4.318358e+00;-6.449967e+00;6.899982e+00;-4.526136e+00;6.468011e+00;-1.517539e+00;6.502550e+00;4.261333e+00;6.867292e+00;9.065246e+00;4.077322e+00;1.911701e+01;5.583057e+00;1.400271e+01;1.635363e-05;-2.121986e-06;8.308925e-08;8.366983e-09;2.897690e-06;-2.839676e-08;1.776966e-06;2.000397e-08;1.699532e-06;9.090967e-08;1.425880e-05;1.237037e-06;1.128667e-02;-6.051033e-03;1.949462e-02;-9.812766e-04;5.732961e-04;-2.039513e-04;4.849237e-04;-1.347947e-04;6.281002e-04;-1.241694e-04;1.642172e-03;-5.199090e-04;3.513066e-03;-3.891173e-04;6.283271e-03;8.259006e-04;1.157749e-02;1.489078e-03;2.088303e-02;1.579235e-03;2.456829e-02;1.418808e-03;4.633624e-02;1.186367e-04;5.105811e-02;7.304698e-05;2.544402e-02;-2.344589e-03;5.792284e-02;-7.124329e-03;6.202455e-02;-6.180362e-03;7.014646e-02;-9.491665e-04;6.473163e-02;-1.093566e-03;7.986107e-02;-6.177776e-04;4.852689e-02;-4.938217e-04;6.341739e-02;-1.288793e-03;4.689252e-02;-1.328916e-03;3.728513e-02;-1.982322e-04;4.143380e-02;-1.335424e-03;6.185393e-02;-1.820087e-03;5.537695e-02;-1.388392e-03;5.392509e-02;-1.073531e-03;4.828100e-02;-1.085641e-03;4.077818e-02;-9.050320e-04;2.950576e-02;-7.570225e-04;1.632514e-02;-2.051621e-03;5.545853e-03;-1.471493e-03;9.618582e+00;-2.727539e-01;3.290379e+00;-1.148437e-01;2.590301e+01;-5.325879e+00;5.354202e+01;-4.966992e+00;6.866085e-03;-5.811579e-04;8.865077e+00;-2.240148e+00;3.103560e-02;-7.665481e-03;6.081446e+03;-1.458570e+03;2.852848e-01;3.474426e-02;1.542710e+01;2.191474e+00;2.069816e-03;6.799437e-04;7.122432e-03;-1.722019e-03;6.711287e-03;-2.132777e-03;9.006200e-01;-2.634659e-02;9.525698e-01;2.443603e-01;8.908752e-01;5.571506e-02;1.252525e+00;-2.656394e-01;1.556397e+00;-1.134286e-01;1.711199e+00;6.797229e-02;2.121404e+00;1.026869e-01;1.764559e+00;1.170295e-01;2.098444e+00;-6.170027e-02;2.338006e+00;-1.123020e-01;1.279238e+00;1.727453e-01;2.024627e+00;1.917263e-01;1.208451e+00;1.209284e-02;2.043563e+00;3.044210e-03
40.000000;3.544000e+00;9.266447e+01;1.112284e-02;7.772942e-01;8.595633e-02;6.132418e-02;6.986016e-02;5.575664e-02;9.873705e-02;1.927434e-01;1.079870e+00;7.870697e+00;2.132317e-01;5.949873e-01;3.691840e-01;1.010937e+00;7.249463e-03;2.496052e-02;6.450932e-03;2.079239e-02;1.162907e-02;1.248921e-01;5.605929e-02;2.608558e-01;1.034221e-01;4.051659e-01;4.157750e-02;5.218725e-01;4.357616e-02;6.290396e-01;1.362336e-01;7.301500e-01;2.764368e-01;8.616633e-01;2.666536e-01;8.912827e-01;4.434903e-01;9.955357e-01;5.461880e-01;1.070265e+00;5.798786e-01;1.103443e+00;8.052174e-01;1.214750e+00;5.968994e-01;1.212736e+00;7.922119e-01;1.295262e+00;1.393005e+00;1.550322e+00;9.372917e-01;1.480732e+00;8.025756e-01;1.504939e+00;6.363053e-01;1.558382e+00;3.614170e-01;1.510481e+00;3.296321e-01;1.483202e+00;2.572657e-01;1.364760e+00;2.342257e-01;1.231598e+00;2.216198e-01;1.062976e+00;1.959940e-01;8.915161e-01;1.574813e-01;7.351975e-01;1.207162e-01;5.933486e-01;6.705169e-02;1.420188e-01;8.999547e-02;2.669845e-02;7.144410e+01;2.374395e+02;9.981697e+01;3.825732e+02;1.997425e+02;4.470293e+02;2.296650e+02;6.099639e+02;6.055304e-02;1.570692e-01;1.049648e+02;3.856981e+02;3.154492e-01;3.237877e+00;5.374291e+04;7.252273e+04;2.247583e+00;5.035214e+00;1.636081e+02;2.111737e+02;2.336218e-02;-3.224498e-02;8.258178e-02;4.008648e-01;5.744505e-02;7.760056e-02;2.634949e+00;5.465044e+01;8.312199e+00;-2.774970e+00;4.002726e+00;-5.810788e+00;6.605182e+00;6.665768e+00;4.448781e+00;9.600962e+00;5.717541e+00;-9.210019e+00;7.318237e+00;-1.813883e+01;5.038389e+00;-4.058370e+00;8.059875e+00;-5.220905e+00;7.411216e+00;-2.598447e+00;4.453259e+00;8.315743e+00;8.924883e+00;1.170159e+01;6.139896e+00;1.816584e+01;4.716959e+00;1.447960e+01;1.618469e-04;2.536626e-05;3.394033e-07;-4.961017e-09;2.870139e-06;1.266204e-07;2.151711e-06;1.304123e-07;2.710184e-06;1.899219e-07;3.099243e-05;-1.618439e-07;4.627869e-02;8.263105e-03;7.864866e-02;2.065507e-02;1.567151e-03;2.176147e-04;8.478156e-04;2.107584e-04;4.821497e-03;5.294699e-04;1.842341e-02;3.544166e-03;2.546550e-02;6.110663e-03;7.879430e-03;1.860615e-03;8.982638e-03;-2.335782e-04;2.866648e-02;2.404365e-03;6.762616e-02;1.729767e-02;6.090744e-02;1.002369e-02;9.901462e-02;2.116943e-02;1.078112e-01;3.032131e-02;1.330910e-01;2.965426e-02;1.726011e-01;4.018864e-02;1.419114e-01;3.330497e-02;1.852635e-01;4.056728e-02;2.942713e-01;6.870417e-02;1.896353e-01;5.017389e-02;1.414526e-01;3.864581e-02;1.436590e-01;3.208353e-02;8.173874e-02;1.741790e-02;6.933084e-02;1.576536e-02;7.538024e-02;1.733055e-02;7.451766e-02;1.530325e-02;6.939574e-02;1.440932e-02;6.037965e-02;1.236994e-02;4.965865e-02;1.031503e-02;3.762078e-02;7.770138e-03;1.043104e-02;3.023111e-04;2.035658e-02;4.718253e-03;1.465672e+01;-4.737305e-01;2.150111e+01;3.603223e+00;4.308524e+01;8.828613e+00;4.674723e+01;5.900098e+00;1.437891e-02;1.738564e-03;1.944121e+01;3.710185e+00;6.544547e-02;1.037671e-02;1.004724e+04;2.235618e+03;5.739035e-01;-2.457669e-02;4.261343e+01;-6.674550e-01;5.632190e-03;-9.725555e-04;1.482730e-02;2.721510e-03;1.326192e-02;2.130734e-03;8.346975e-01;-1.008527e-01;1.442884e+00;-2.156593e-01;1.189290e+00;4.264298e-02;1.559959e+00;1.525317e-01;1.639847e+00;-9.935210e-03;1.522020e+00;1.194972e-01;2.309612e+00;1.682861e-01;1.677195e+00;-6.641460e-02;2.078066e+00;-4.928402e-02;2.254025e+00;3.778862e-03;1.411297e+00;-1.276606e-01;2.095953e+00;-2.340475e-01;1.391430e+00;-1.918385e-01;1.787324e+00;-1.042657e-01
40.500000;1.315342e+02;2.123054e+02;3.494584e-02;8.000461e-01;6.945701e-02;5.043547e-02;8.713365e-02;5.441534e-02;9.260554e-02;1.775065e-01;2.410495e+00;7.641272e+00;7.495770e-01;1.265086e+00;6.230767e-01;1.344872e+00;4.576353e-02;6.524084e-02;8.733826e-03;2.516881e-02;1.817916e-02;1.330367e-01;8.608148e-02;3.101583e-01;1.522881e-01;4.929506e-01;2.715498e-01;6.901665e-01;2.913623e-01;8.153819e-01;2.376912e-01;8.769791e-01;4.088102e-01;1.040441e+00;3.738786e-01;1.063329e+00;5.949705e-01;1.198522e+00;7.643184e-01;1.391127e+00;7.472141e-01;1.462644e+00;1.087654e+00;1.694275e+00;1.174251e+00;1.893033e+00;1.599534e+00;2.185966e+00;1.933085e+00;2.196626e+00;1.457761e+00;2.186542e+00;1.273501e+00;2.219677e+00;1.740291e+00;2.362225e+00;6.956339e-01;1.823531e+00;8.927367e-01;1.873181e+00;4.844819e-01;1.622779e+00;4.245134e-01;1.463176e+00;3.954024e-01;1.287486e+00;3.345922e-01;1.083508e+00;2.707657e-01;8.877942e-01;2.089431e-01;7.121385e-01;1.834229e+00;1.683498e+00;4.663449e-01;3.828922e-01;8.496922e+01;2.754814e+02;1.199151e+02;4.124326e+02;3.006097e+02;5.414883e+02;5.187698e+02;9.497578e+02;2.494554e-01;3.572643e-01;1.613791e+02;4.877597e+02;5.479920e-01;3.142055e+00;1.061986e+05;1.497594e+05;2.749978e+00;4.215570e+00;1.914880e+02;1.546358e+02;3.041402e-01;-2.953955e-01;1.248997e-01;4.788687e-01;1.113060e+00;1.010751e+00;3.321948e+00;5.101969e+01;1.510917e+01;-1.550716e+01;5.516365e+00;3.323003e-01;7.551965e+00;1.179643e+01;1.026813e+01;4.372161e-02;8.359744e+00;-1.337378e+01;1.025505e+01;-2.318113e+01;8.353868e+00;-8.390680e+00;6.856099e+00;-3.762489e+00;1.002013e+01;-6.517886e+00;6.209557e+00;4.664236e+00;1.009205e+01;1.220367e+01;6.739254e+00;1.624442e+01;6.453555e+00;9.305963e+00;1.162569e-03;5.532659e-05;5.776762e-07;-3.835143e-08;1.829263e-06;1.476893e-07;2.182913e-06;8.836860e-08;2.795427e-06;-5.046822e-08;6.289552e-05;4.920773e-07;6.259137e-02;1.019266e-02;9.593845e-02;-2.992735e-04;4.255661e-03;5.249558e-04;1.145895e-03;1.457546e-04;5.186674e-03;2.089674e-05;2.049894e-02;3.924900e-04;2.911411e-02;3.950423e-04;4.343159e-02;-5.455129e-04;4.120176e-02;-8.777922e-05;3.848825e-02;1.506075e-03;7.521133e-02;9.916546e-04;5.500329e-02;-4.114286e-03;1.060010e-01;-2.854898e-03;1.366002e-01;3.701831e-03;1.432089e-01;6.257172e-03;2.071293e-01;2.950938e-03;1.695927e-01;1.119316e-03;2.914228e-01;9.491227e-04;3.508742e-01;2.410585e-03;2.347397e-01;2.869191e-04;2.155469e-01;-8.676694e-04;3.315955e-01;-3.665528e-03;1.123209e-01;-2.363362e-03;1.853350e-01;-3.048694e-03;8.266285e-02;-2.460508e-03;8.170502e-02;-2.335842e-03;7.437732e-02;-2.179375e-03;6.248590e-02;-1.797682e-03;5.096805e-02;-1.426815e-03;3.974478e-02;-1.015199e-03;2.309233e-01;1.560272e-02;6.234991e-02;2.843481e-03;1.306063e+01;4.450195e-01;2.643541e+01;6.459961e-01;5.698650e+01;2.124609e+00;6.399809e+01;2.268164e+00;3.947977e-02;5.311014e-03;2.193391e+01;1.592177e+00;1.098052e-01;4.195616e-03;1.284665e+04;1.110583e+03;5.505296e-01;-2.389463e-02;4.052613e+01;-2.178081e+00;3.606514e-02;-2.677360e-03;1.646435e-02;1.223845e-03;1.400184e-01;7.980555e-03;7.777564e-01;2.136151e-02;1.409683e+00;-3.266315e-01;1.326432e+00;4.681918e-02;1.299299e+00;2.181391e-01;1.532097e+00;-6.440604e-02;1.268268e+00;-1.316198e-01;2.149200e+00;-1.817427e-01;1.720729e+00;-9.530511e-02;1.457724e+00;9.125326e-02;2.020630e+00;1.646449e-01;1.696450e+00;-1.081339e-02;1.993572e+00;-2.307984e-01;1.575625e+00;-2.156771e-01;1.016154e+00;-1.273358e-01
41.000000;6.795435e+01;3.423670e+02;3.700697e-02;8.311382e-01;7.968899e-02;6.098828e-02;9.294891e-02;6.213785e-02;7.080505e-02;1.738097e-01;2.911569e+00;7.266796e+00;2.836687e-01;1.888652e+00;5.551855e-01;1.302005e+00;2.131157e-02;9.660070e-02;9.571522e-03;3.110355e-02;1.443649e-02;1.334180e-01;7.236153e-02;3.043484e-01;1.278926e-01;4.755808e-01;2.700515e-01;7.025260e-01;2.875176e-01;8.251567e-01;2.316327e-01;8.562558e-01;3.479133e-01;1.009014e+00;2.984539e-01;1.065060e+00;4.442037e-01;1.157343e+00;5.987407e-01;1.331462e+00;5.999278e-01;1.306668e+00;8.602846e-01;1.589319e+00;1.117800e+00;1.833899e+00;1.500113e+00;2.113486e+00;1.513485e+00;1.985909e+00;1.267405e+00;2.015570e+00;1.154404e+00;2.077914e+00;1.724616e+00;2.421968e+00;8.586659e-01;1.886430e+00;9.490473e-01;1.842249e+00;4.815269e-01;1.588381e+00;4.144589e-01;1.438941e+00;3.836376e-01;1.263494e+00;3.212923e-01;1.060951e+00;2.615818e-01;8.690549e-01;2.021498e-01;6.977414e-01;1.245473e+00;2.529565e+00;4.524313e-01;6.651268e-01;1.528099e+01;3.426650e+02;7.506084e+01;4.160215e+02;4.347286e+02;6.956660e+02;4.438487e+02;1.368076e+03;1.841853e-01;4.742348e-01;1.422716e+02;6.161768e+02;5.621317e-01;3.075717e+00;1.119831e+05;2.497516e+05;1.177769e+00;2.259647e+00;2.297958e+01;2.203380e+01;1.942845e-01;-4.523852e-01;9.552369e-02;5.759183e-01;7.541063e-01;1.598046e+00;3.253170e+00;4.848291e+01;5.260159e+00;-3.017410e+01;6.361364e+00;7.056781e+00;2.495192e+00;1.637350e+01;4.424024e+00;-9.764211e+00;6.938252e+00;-1.598030e+01;7.803486e+00;-2.840856e+01;8.770157e+00;-1.162254e+01;5.790905e+00;-3.808562e+00;1.049894e+01;-1.457399e+01;7.394311e+00;3.990033e+00;9.155688e+00;1.591486e+01;6.026850e+00;1.382899e+01;5.221252e+00;5.715561e+00;1.397901e-03;2.071505e-04;7.417881e-07;7.427521e-08;1.660893e-06;-1.527362e-07;1.942775e-06;-1.681116e-07;2.111057e-06;-1.695179e-07;7.663540e-05;3.214252e-06;6.313238e-02;-3.508739e-04;6.186136e-02;-2.042878e-02;4.801720e-03;2.639386e-04;1.873023e-03;-1.369363e-04;2.143692e-03;-7.294361e-04;7.803188e-03;-4.090689e-03;1.178631e-02;-6.466257e-03;4.678270e-02;-1.110647e-03;4.260462e-02;1.689794e-04;2.969754e-02;-4.518119e-03;3.271030e-02;-1.296268e-02;2.591939e-02;-9.964175e-03;4.585040e-02;-2.241143e-02;8.299158e-02;-2.975524e-02;6.076314e-02;-3.017073e-02;1.257099e-01;-4.082016e-02;1.278093e-01;-3.016954e-02;2.464520e-01;-3.784402e-02;2.099992e-01;-6.599864e-02;1.481695e-01;-4.917035e-02;1.827406e-01;-3.878661e-02;3.404853e-01;-3.534755e-02;1.758548e-01;-1.760368e-02;2.009119e-01;-1.712130e-02;7.931017e-02;-1.703693e-02;7.364819e-02;-1.513773e-02;6.605750e-02;-1.424428e-02;5.439724e-02;-1.223357e-02;4.474046e-02;-9.966273e-03;3.521547e-02;-7.657280e-03;2.578088e-01;1.698793e-02;9.825972e-02;-2.676775e-03;5.751225e+00;9.187500e-01;1.743997e+01;-3.574512e+00;9.992530e+01;-9.302343e+00;8.512923e+01;-6.617871e+00;4.382313e-02;3.657618e-04;2.870120e+01;-2.963145e+00;1.129006e-01;-2.066756e-02;2.307023e+04;-1.618579e+03;2.272482e-01;2.679390e-02;5.809045e+00;1.262529e-01;4.058070e-02;-1.598694e-03;1.871721e-02;-2.124286e-03;1.609912e-01;7.841815e-03;1.008782e+00;1.127102e-02;1.171515e+00;-2.470382e-02;1.513104e+00;7.601794e-02;7.808046e-01;-8.578390e-02;1.277372e+00;-2.487912e-01;1.280030e+00;-2.282840e-01;1.751766e+00;-2.039646e-01;2.183251e+00;2.198352e-02;1.618695e+00;5.037736e-03;2.168209e+00;-1.448778e-01;2.099752e+00;1.180355e-01;2.232042e+00;2.564818e-01;1.572921e+00;1.280524e-01;1.526707e+00;6.355200e-02
41.500000;3.942868e+01;3.611885e+02;2.926106e-02;8.378946e-01;5.673112e-02;4.584583e-02;5.236094e-02;3.737776e-02;7.129163e-02;1.921185e-01;2.410741e+00;7.085004e+00;2.588776e-01;1.811647e+00;1.794605e-01;1.014552e+00;1.146422e-02;8.824527e-02;1.113248e-02;3.181154e-02;9.519793e-03;1.228092e-01;2.728404e-02;2.702894e-01;3.167649e-02;4.188878e-01;7.637051e-02;5.552582e-01;5.305938e-02;6.649222e-01;1.137206e-01;7.722545e-01;1.241294e-01;8.549852e-01;7.437740e-02;9.213415e-01;7.638745e-02;9.702681e-01;2.030746e-01;1.109392e+00;2.207524e-01;1.089725e+00;3.863530e-01;1.251325e+00;3.913010e-01;1.270742e+00;4.530882e-01;1.333527e+00;5.269398e-01;1.434940e+00;3.911003e-01;1.386452e+00;4.045338e-01;1.419309e+00;7.117438e-01;1.587711e+00;6.789365e-01;1.534855e+00;4.899726e-01;1.438162e+00;2.461223e-01;1.377382e+00;2.158333e-01;1.249432e+00;1.938837e-01;1.086283e+00;1.594848e-01;9.094518e-01;1.309033e-01;7.456149e-01;1.042105e-01;6.030238e-01;4.871239e-01;1.958747e+00;5.193686e-01;6.139897e-01;1.570661e+01;3.484072e+02;1.452220e+02;4.315254e+02;4.577694e+02;7.057148e+02;3.594736e+02;1.382288e+03;1.430800e-01;4.491862e-01;1.619196e+02;6.244450e+02;4.312811e-01;3.100894e+00;1.131664e+05;2.464456e+05;1.006092e+00;2.154163e+00;1.356592e+01;1.888153e+01;8.984489e-02;-3.652819e-01;1.089477e-01;5.822740e-01;4.056197e-01;1.274054e+00;3.245385e+00;4.854622e+01;5.577648e+00;-3.083251e+01;7.565656e+00;5.445006e+00;3.206590e+00;1.717096e+01;5.198849e+00;-1.068368e+01;6.885726e+00;-1.751182e+01;5.881200e+00;-2.842715e+01;9.176424e+00;-1.422136e+01;6.039972e+00;-4.929118e+00;6.887232e+00;-1.474011e+01;7.286469e+00;3.564281e+00;7.757377e+00;1.562068e+01;5.058871e+00;1.033987e+01;6.190291e+00;4.922410e+00;7.989769e-04;1.754834e-04;7.167934e-07;8.316617e-08;1.115477e-06;-1.458486e-07;1.055200e-06;-1.454777e-07;1.843319e-06;1.004230e-08;6.616700e-05;-9.035118e-07;6.113754e-02;3.820094e-04;4.299362e-02;5.357147e-04;3.349857e-03;2.038349e-04;2.127318e-03;-1.553288e-04;2.345293e-03;1.010554e-04;5.783490e-03;-2.329117e-04;6.867202e-03;-8.827937e-05;2.223575e-02;8.286447e-04;1.414050e-02;5.781815e-04;2.404776e-02;-7.838487e-04;2.270330e-02;6.116714e-05;2.021731e-02;-7.779356e-04;2.045859e-02;-9.395876e-04;4.737943e-02;4.490188e-04;4.774654e-02;2.057923e-03;9.646311e-02;1.244252e-03;9.722262e-02;-4.385164e-04;1.190676e-01;-4.031095e-04;1.369037e-01;-4.742193e-03;9.713580e-02;-3.203511e-03;1.064157e-01;-1.362730e-03;1.748719e-01;1.963568e-03;1.602504e-01;1.783274e-03;1.159980e-01;1.253867e-03;7.511131e-02;3.676298e-03;7.015476e-02;3.537036e-03;6.280772e-02;3.070001e-03;5.204815e-02;2.593129e-03;4.299908e-02;2.097658e-03;3.439301e-02;1.606122e-03;1.403424e-01;1.161892e-02;1.385295e-01;4.961710e-04;5.784452e+00;8.613281e-02;4.953725e+01;-5.311524e-01;1.136158e+02;-2.095898e+00;8.476810e+01;-1.335059e+00;3.334454e-02;-2.178766e-03;3.769126e+01;-8.180164e-01;9.902452e-02;-8.572193e-03;2.463848e+04;-6.594773e+02;2.076039e-01;1.306329e-02;2.992079e+00;3.752131e-01;2.637356e-02;-1.489571e-03;2.529418e-02;-5.626308e-04;1.193340e-01;5.196051e-03;1.008555e+00;-3.402305e-02;1.242913e+00;5.540027e-02;1.407723e+00;-4.883720e-02;9.075809e-01;-2.577493e-02;1.408606e+00;1.159368e-02;1.216000e+00;-4.803423e-02;1.458212e+00;-1.501452e-01;2.396125e+00;-1.843076e-01;1.807337e+00;5.789700e-02;1.713218e+00;-2.336437e-02;2.132390e+00;-3.491738e-02;2.073140e+00;1.316297e-01;1.341632e+00;-6.861968e-02;1.830434e+00;-1.158432e-02
42.000000;3.538490e+01;3.976144e+02;1.555270e-02;8.354138e-01;3.070311e-02;4.164439e-02;2.958738e-02;3.403725e-02;5.595043e-02;2.053494e-01;3.622898e+00;4.280098e+00;2.796582e-01;1.906728e+00;2.345223e-01;1.056503e+00;1.207551e-02;9.384577e-02;1.009227e-02;3.336105e-02;9.176713e-03;1.204621e-01;3.256988e-02;2.645207e-01;2.807039e-02;4.323372e-01;6.330630e-02;5.386271e-01;8.443350e-02;6.667567e-01;1.705906e-01;8.339182e-01;8.871634e-02;8.425765e-01;2.329626e-01;1.047921e+00;2.116096e-01;1.100415e+00;2.078863e-01;1.020290e+00;2.883716e-01;1.286563e+00;3.336733e-01;1.220835e+00;2.697729e-01;1.194499e+00;2.758740e-01;1.218161e+00;6.921441e-01;1.570880e+00;6.712583e-01;1.571342e+00;8.344366e-01;1.643793e+00;2.710096e-01;1.224119e+00;1.444088e+00;1.912439e+00;1.058707e+00;1.735816e+00;3.081509e-01;1.432877e+00;2.250507e-01;1.264898e+00;1.740009e-01;1.083919e+00;1.429212e-01;9.031324e-01;1.186671e-01;7.393565e-01;9.618524e-02;5.986248e-01;8.137538e-01;2.197207e+00;4.710172e-01;6.578552e-01;3.627676e+01;3.630498e+02;2.101285e+02;4.919619e+02;3.523347e+02;7.256689e+02;3.111186e+02;1.249787e+03;1.150263e-01;5.036276e-01;1.517131e+02;6.345050e+02;4.191650e-01;3.191436e+00;7.561419e+04;2.050504e+05;1.074209e+00;2.228492e+00;1.984993e+01;2.402131e+01;1.091900e-01;-4.135486e-01;1.126879e-01;6.017010e-01;4.244088e-01;1.303224e+00;3.159893e+00;4.817034e+01;6.506175e+00;-3.172898e+01;5.995065e+00;1.681733e+00;9.507788e+00;1.070790e+01;6.051769e+00;-1.135760e+01;6.585787e+00;-1.941230e+01;7.793880e+00;-2.776837e+01;7.432350e+00;-1.829972e+01;1.087869e+01;-1.307297e+01;8.737604e+00;-5.095683e+00;8.469409e+00;5.030610e+00;1.509445e+01;5.849177e-01;8.525301e+00;1.439364e+01;1.280013e+01;1.303138e+01;7.448915e-04;-5.859918e-05;4.909800e-07;-4.568078e-08;1.269626e-06;1.658788e-07;1.426120e-06;1.980416e-07;1.534457e-06;7.295397e-08;5.780608e-05;-4.698474e-06;6.094644e-02;2.808407e-03;5.327713e-02;7.633194e-04;2.495927e-03;-3.963364e-05;1.482114e-03;1.638952e-04;2.220768e-03;2.478712e-04;5.379743e-03;1.070133e-03;7.086241e-03;6.962588e-04;1.278374e-02;-9.354494e-04;1.133309e-02;-2.037730e-03;4.071593e-02;-2.736449e-03;1.970242e-02;-4.167493e-03;3.830227e-02;2.590449e-04;3.547352e-02;1.325372e-03;4.181801e-02;3.510356e-03;6.309889e-02;6.543196e-03;8.702739e-02;5.473768e-03;6.896146e-02;-1.527080e-04;7.166421e-02;-1.632758e-03;1.363814e-01;-6.883626e-04;1.484864e-01;9.214450e-05;2.135295e-01;1.178811e-03;6.643775e-02;2.827410e-03;3.162157e-01;6.242160e-04;2.352526e-01;2.400210e-03;7.665151e-02;6.727187e-04;6.651251e-02;8.527585e-04;5.750369e-02;1.452105e-03;5.126994e-02;1.187633e-03;4.310899e-02;9.445280e-04;3.508692e-02;8.387081e-04;1.251092e-01;-1.274275e-02;1.258527e-01;8.305097e-03;1.232903e+01;2.009766e-01;5.173886e+01;6.431250e+00;7.194868e+01;9.374121e+00;7.135113e+01;5.900098e+00;3.169338e-02;-1.067276e-03;2.902603e+01;4.330474e+00;8.295207e-02;9.788117e-03;1.493676e+04;1.137254e+03;1.936086e-01;-3.133219e-02;4.578448e+00;-1.794570e-01;2.387222e-02;4.459977e-04;2.047390e-02;3.304278e-03;1.065379e-01;-2.121422e-03;9.019684e-01;-1.386632e-02;1.387357e+00;-7.524834e-02;1.588474e+00;-2.014128e-02;1.511077e+00;2.837771e-02;1.523566e+00;1.932579e-01;1.231481e+00;1.536873e-01;1.727359e+00;8.066303e-03;2.210752e+00;-1.571782e-01;1.795061e+00;-2.115172e-01;1.509922e+00;1.110466e-01;1.933032e+00;-3.989783e-02;1.914695e+00;-3.236930e-01;1.264611e+00;1.102582e-01;1.775463e+00;1.907477e-01
42.500000;8.786573e+01;4.013580e+02;2.950015e-02;8.315216e-01;8.917505e-02;5.785168e-02;1.199782e-01;6.457727e-02;4.649007e-02;1.671532e-01;3.385452e+00;3.027536e+00;3.167891e-01;1.787963e+00;2.368251e-01;1.007830e+00;1.964523e-02;8.061168e-02;8.607041e-03;4.175989e-02;6.236074e-03;1.234045e-01;2.799893e-02;2.527289e-01;2.719257e-02;4.195215e-01;5.951111e-02;4.984566e-01;1.030591e-01;6.001320e-01;1.906895e-01;7.320272e-01;1.264512e-01;8.140805e-01;2.517963e-01;1.049690e+00;2.286198e-01;1.114648e+00;1.855930e-01;9.636306e-01;2.693185e-01;1.265997e+00;1.890156e-01;1.179502e+00;1.686837e-01;1.130756e+00;1.732544e-01;1.140996e+00;6.601139e-01;1.504379e+00;6.753311e-01;1.494866e+00;8.682904e-01;1.562117e+00;1.822390e-01;1.196703e+00;1.485552e+00;1.806187e+00;1.087589e+00;1.613528e+00;3.196542e-01;1.341089e+00;2.250642e-01;1.203843e+00;1.714105e-01;1.038439e+00;1.460665e-01;8.691734e-01;1.240644e-01;7.109969e-01;9.945063e-02;5.766866e-01;1.188112e+00;1.383053e+00;2.821838e-01;6.711957e-01;1.740094e+02;4.521973e+02;2.939367e+02;7.035615e+02;3.171815e+02;1.050390e+03;2.144903e+02;1.258400e+03;1.513231e-01;3.727614e-01;1.678162e+02;7.762241e+02;3.356493e-01;3.375829e+00;4.916523e+04;2.019884e+05;1.237187e+00;1.274980e+00;1.855546e+01;1.940694e+01;1.577368e-01;-3.144987e-01;1.314151e-01;7.176341e-01;4.736677e-01;9.830177e-01;3.592939e+00;4.872521e+01;5.072028e+00;-3.361614e+01;8.882898e+00;-3.045207e+00;7.915126e+00;8.745581e+00;8.446363e+00;-6.340834e+00;7.670807e+00;-1.219621e+01;1.003000e+01;-2.060710e+01;7.860802e+00;-2.051528e+01;6.213436e+00;-2.184228e+01;8.403698e+00;-2.308248e+00;1.122552e+01;1.325530e+00;8.085324e+00;-1.456461e+01;6.159181e+00;2.064120e+01;7.244672e+00;2.566332e+01;1.724576e-03;-2.148277e-04;4.844928e-07;-6.456584e-08;2.517400e-06;1.074895e-07;2.837502e-06;2.607472e-07;1.264908e-06;-1.079211e-07;5.028315e-05;-8.326351e-07;5.390718e-02;-5.680054e-03;5.158887e-02;-1.894664e-03;1.899379e-03;-5.905468e-04;1.441696e-03;1.136306e-04;1.399589e-03;-1.270691e-04;2.535163e-03;-2.263509e-04;4.832147e-03;-5.595053e-06;7.480877e-03;-4.974611e-04;1.378350e-02;-4.397277e-04;3.700321e-02;-1.037048e-03;2.583028e-02;-3.149241e-03;4.225142e-02;-2.160550e-03;3.907811e-02;-3.875688e-03;4.221093e-02;-4.826452e-03;6.199753e-02;-6.132835e-03;5.202975e-02;-2.967476e-03;5.211236e-02;-1.332252e-03;5.549575e-02;-1.448408e-03;1.293388e-01;3.885187e-04;1.470086e-01;7.764963e-04;2.190433e-01;7.275860e-04;5.384690e-02;-1.827212e-03;3.184384e-01;-2.104311e-03;2.325788e-01;-5.393528e-04;7.429253e-02;-4.373365e-03;6.532540e-02;-3.926806e-03;5.845041e-02;-3.300470e-03;5.296886e-02;-2.768798e-03;4.513169e-02;-2.448868e-03;3.635059e-02;-1.638529e-03;9.450522e-02;-2.539160e-02;7.457526e-02;-2.093263e-03;3.112314e+01;-3.301758e-01;5.329079e+01;9.474609e-01;6.108978e+01;3.775488e+00;5.117926e+01;3.215625e+00;2.138180e-02;-2.076571e-03;2.842528e+01;1.502807e+00;5.356964e-02;9.061779e-03;1.177718e+04;8.940826e+02;2.008746e-01;-1.735121e-02;4.387272e+00;-3.133537e-01;1.684050e-02;3.769428e-03;2.167508e-02;1.087085e-03;6.566039e-02;-1.225272e-02;9.676353e-01;-2.111575e-02;1.406659e+00;-2.906434e-02;1.719422e+00;2.786476e-02;1.623214e+00;1.724493e-02;1.652242e+00;-2.726591e-02;1.286755e+00;8.549587e-02;1.902504e+00;2.092118e-01;2.386297e+00;-2.676610e-02;1.612763e+00;-2.102160e-01;2.056029e+00;7.704521e-02;1.821218e+00;-1.077610e-01;1.798666e+00;-3.144754e-01;1.147654e+00;1.858100e-01;1.758606e+00;2.184893e-01
43.000000;1.647605e+02;3.046178e+02;3.746957e-02;8.043504e-01;1.101016e-01;6.411941e-02;1.582152e-01;1.134197e-01;5.757318e-02;1.283790e-01;5.413500e+00;4.851080e+00;3.332363e-01;1.258076e+00;7.886965e-02;8.835366e-01;1.386370e-02;5.198557e-02;1.034367e-02;3.893172e-02;4.932964e-03;1.248143e-01;2.246308e-02;2.479656e-01;2.158345e-02;4.054817e-01;5.647120e-02;5.245342e-01;8.530359e-02;6.177630e-01;9.152035e-02;6.770584e-01;1.557477e-01;7.531486e-01;2.196244e-01;8.544939e-01;2.488277e-01;9.168311e-01;1.524391e-01;9.726398e-01;2.820330e-01;1.082801e+00;2.561895e-01;1.110032e+00;1.954954e-01;1.056217e+00;2.089112e-01;1.084609e+00;3.033611e-01;1.161444e+00;2.172945e-01;1.154656e+00;2.497015e-01;1.162748e+00;1.457240e-01;1.279761e+00;1.603599e-01;1.141367e+00;1.525951e-01;1.166587e+00;1.775490e-01;1.228852e+00;1.695887e-01;1.142058e+00;1.620365e-01;1.002333e+00;1.432167e-01;8.467527e-01;1.229643e-01;6.939922e-01;9.661459e-02;5.630099e-01;1.840666e-01;4.352244e-01;3.070083e-01;3.806489e-01;1.827257e+02;4.300898e+02;3.082075e+02;6.290566e+02;3.724760e+02;1.040054e+03;1.783397e+02;1.258831e+03;5.626792e-02;2.275138e-01;1.896322e+02;7.352321e+02;1.779752e-01;3.345905e+00;4.700408e+04;1.845652e+05;1.414909e+00;1.282094e+00;2.231064e+01;2.203375e+01;6.593873e-02;-1.305906e-01;1.493893e-01;6.847174e-01;2.659968e-01;4.251108e-01;2.968214e+00;5.130127e+01;6.573768e+00;-2.735747e+01;6.639550e+00;-8.589936e+00;3.213792e+00;1.464540e+01;8.271285e+00;-1.927625e+00;6.433641e+00;-1.221171e+01;8.565840e+00;-1.838157e+01;7.494606e+00;-2.744329e+01;7.014338e+00;-2.137237e+01;7.079294e+00;-8.430039e-01;5.829246e+00;-4.951209e+00;6.102245e+00;-1.342476e+01;5.113716e+00;1.988467e+01;5.903911e+00;2.660718e+01;2.026701e-03;1.094367e-04;4.513711e-07;1.625086e-09;3.142100e-06;-2.442222e-07;4.148212e-06;-2.823640e-07;1.210101e-06;-4.477332e-08;7.941331e-05;-4.880510e-06;2.959455e-02;-7.898247e-03;1.883548e-02;3.838833e-04;1.368154e-03;-3.449564e-04;1.557404e-03;-8.881330e-05;1.577579e-03;5.948363e-06;2.127590e-03;-5.249790e-04;3.189896e-03;-5.072165e-04;6.781927e-03;8.083066e-04;1.158127e-02;1.903753e-03;1.801413e-02;2.880977e-03;2.957256e-02;4.148960e-03;3.173059e-02;2.464753e-03;3.562031e-02;2.781784e-03;3.338757e-02;-1.879503e-03;6.122645e-02;-3.159554e-03;5.505843e-02;-2.289844e-03;4.646905e-02;-3.925012e-04;5.649833e-02;1.112205e-03;8.648933e-02;-2.239495e-03;6.851228e-02;4.078756e-04;8.945112e-02;4.397029e-03;4.124524e-02;3.594864e-04;5.791180e-02;-1.626385e-03;4.843713e-02;5.725152e-05;5.201918e-02;1.525963e-03;5.152852e-02;6.160905e-04;5.017693e-02;-1.388461e-04;4.400541e-02;-2.954940e-04;3.846312e-02;-1.961415e-04;2.960638e-02;-2.394661e-04;1.913305e-02;-3.743952e-03;5.182527e-02;-8.570199e-03;2.899982e+01;1.435547e-02;5.039010e+01;-6.101074e+00;7.507498e+01;-4.306641e-01;4.661351e+01;0;7.364548e-03;-1.033412e-03;3.025896e+01;-1.948968e+00;3.674719e-02;-1.355783e-03;1.082236e+04;-5.729387e+02;2.889695e-01;4.033253e-03;5.406377e+00;4.921122e-03;7.151113e-03;1.800686e-03;2.336922e-02;-1.375343e-03;3.069747e-02;-6.129009e-03;8.653913e-01;6.631133e-02;1.020326e+00;1.551425e-01;1.244824e+00;-2.016896e-01;1.132131e+00;-8.050770e-02;1.912704e+00;4.982499e-02;1.290250e+00;-3.912913e-02;2.217038e+00;2.643590e-03;2.188186e+00;-4.348184e-02;1.720935e+00;1.431051e-01;1.942289e+00;3.276403e-02;1.652753e+00;-1.633957e-01;1.441281e+00;1.497929e-01;9.172038e-01;4.980991e-02;1.483767e+00;-3.458919e-02
43.500000;1.550204e+02;1.925163e+02;1.076552e-02;7.776606e-01;1.088053e-01;6.316960e-02;1.540222e-01;1.233005e-01;5.611958e-02;9.837124e-02;6.738945e+00;7.526001e+00;1.355706e-01;8.539250e-01;6.768078e-02;8.872738e-01;5.590629e-03;3.588085e-02;7.433681e-03;2.709751e-02;3.766458e-03;1.236918e-01;1.311127e-02;2.474619e-01;1.643275e-02;3.954060e-01;3.561102e-02;5.511405e-01;4.960479e-02;6.643380e-01;5.876330e-02;7.294567e-01;1.987996e-01;7.978684e-01;2.127817e-01;8.425417e-01;2.389809e-01;9.075353e-01;1.356339e-01;9.322925e-01;3.111621e-01;9.537412e-01;3.007111e-01;9.959392e-01;2.180852e-01;1.039883e+00;2.026300e-01;1.078282e+00;3.496434e-01;1.139724e+00;2.327595e-01;1.147833e+00;1.857729e-01;1.148597e+00;1.001230e-01;1.326548e+00;1.494595e-01;1.255095e+00;1.430957e-01;1.298785e+00;1.329170e-01;1.260858e+00;1.227087e-01;1.154579e+00;1.085222e-01;9.972989e-01;9.339819e-02;8.373353e-01;8.287557e-02;6.868896e-01;6.353264e-02;5.559973e-01;8.227607e-02;3.307879e-01;6.872647e-02;7.725123e-02;1.809643e+01;3.369229e+02;1.641490e+01;3.753955e+02;3.503587e+02;6.847559e+02;2.538036e+02;1.091303e+03;3.532718e-02;1.746008e-01;1.101903e+02;5.430734e+02;2.487193e-01;3.080675e+00;5.859680e+04;1.277368e+05;1.882049e+00;2.962204e+00;8.324933e+01;7.661282e+01;1.721379e-02;-6.112587e-02;8.476473e-02;5.389360e-01;6.188422e-02;1.650797e-01;1.894514e+00;5.292724e+01;5.633978e+00;-1.705162e+01;6.330135e+00;-1.206708e+01;7.102300e+00;8.376663e+00;9.426033e+00;-2.196729e+00;4.245107e+00;-1.565518e+01;9.603139e+00;-1.962624e+01;6.908411e+00;-2.722057e+01;7.799424e+00;-2.192299e+01;7.074863e+00;-2.251635e+00;5.057705e+00;-3.075827e+00;6.094437e+00;-6.173460e+00;5.058787e+00;2.038835e+01;6.333226e+00;2.711425e+01;1.568898e-03;-1.488902e-05;2.084314e-07;1.940695e-08;3.076324e-06;-1.750274e-07;4.444905e-06;-3.495878e-07;1.126609e-06;-5.010482e-08;8.671253e-05;7.335734e-06;1.350852e-02;-3.675480e-03;1.348019e-02;2.110700e-03;4.996371e-04;-1.344762e-04;1.149758e-03;-1.297556e-05;1.607793e-03;-5.230925e-05;2.032260e-03;1.814853e-04;2.135928e-03;-2.215407e-05;4.595941e-03;-5.500772e-04;7.861822e-03;-5.392317e-04;1.194703e-02;1.101360e-03;2.427818e-02;-1.120360e-04;2.527365e-02;2.096720e-03;2.876045e-02;2.271831e-03;2.442742e-02;3.500390e-03;5.754510e-02;7.743602e-03;5.867133e-02;8.455331e-03;4.717062e-02;5.099513e-03;5.198003e-02;4.109812e-03;7.887059e-02;-9.883654e-04;6.097928e-02;-2.143438e-04;6.238731e-02;4.543105e-04;2.778001e-02;3.311904e-03;3.790325e-02;2.541753e-03;3.185264e-02;3.145330e-03;4.390567e-02;3.413351e-03;3.916935e-02;2.754625e-03;3.504327e-02;2.295409e-03;3.068194e-02;1.838412e-03;2.848604e-02;1.876122e-03;2.082976e-02;1.165453e-03;9.113497e-03;-1.628477e-03;1.194934e-02;-9.238513e-04;3.461157e+00;1.866211e-01;9.560397e+00;-1.062305e+00;6.196721e+01;-2.512207e+00;5.711863e+01;6.172851e-01;4.465324e-03;-1.095941e-03;1.918490e+01;-7.849671e-01;3.624975e-02;-3.017667e-03;9.389405e+03;-4.394222e+02;3.405980e-01;2.877397e-03;1.518905e+01;7.285371e-02;1.819959e-03;3.899222e-04;1.483556e-02;-5.517463e-04;1.172406e-02;-8.227572e-04;6.735507e-01;1.273359e-02;8.528511e-01;1.384296e-01;9.381570e-01;-1.375418e-01;9.523951e-01;-8.524419e-02;1.742357e+00;1.964021e-01;1.227536e+00;-7.846680e-02;2.030023e+00;-2.091884e-01;1.474207e+00;8.478639e-02;1.686108e+00;1.075651e-01;1.396414e+00;-9.107539e-02;1.321990e+00;1.857880e-02;1.289495e+00;1.533155e-01;8.623025e-01;6.626646e-03;1.267242e+00;-9.631145e-03
44.000000;8.949482e+01;1.284151e+02;1.118261e-02;7.818069e-01;1.746829e-01;8.898939e-02;1.509367e-01;1.033690e-01;1.347746e-01;1.321625e-01;4.783476e+00;8.683370e+00;1.683418e-01;6.235962e-01;3.487108e-02;9.000450e-01;8.741861e-03;2.500608e-02;4.970901e-03;2.316956e-02;4.707953e-03;1.241811e-01;2.105735e-02;2.643047e-01;1.788058e-02;4.046386e-01;4.240745e-02;5.097600e-01;6.815596e-02;5.947501e-01;7.495525e-02;7.138559e-01;1.989228e-01;8.520322e-01;1.723079e-01;8.141789e-01;1.897520e-01;8.685281e-01;1.940642e-01;9.130122e-01;2.587993e-01;9.728705e-01;2.678710e-01;1.020878e+00;1.655191e-01;1.044021e+00;1.242220e-01;1.087756e+00;2.940586e-01;1.113381e+00;1.940753e-01;1.165220e+00;1.403281e-01;1.201029e+00;1.016232e-01;1.382466e+00;1.094894e-01;1.396592e+00;1.060432e-01;1.413164e+00;1.049892e-01;1.284099e+00;1.022904e-01;1.166925e+00;8.841779e-02;1.005353e+00;8.148863e-02;8.382592e-01;7.558882e-02;6.881467e-01;5.371219e-02;5.617666e-01;1.145037e-01;1.870896e-01;3.880642e-02;2.385326e-02;3.048332e+01;3.153896e+02;3.169244e+01;3.472588e+02;1.979163e+02;4.745918e+02;2.668423e+02;9.521982e+02;3.422924e-02;1.261510e-01;7.891374e+01;4.638727e+02;2.637888e-01;3.011476e+00;3.852069e+04;9.313004e+04;2.243469e+00;4.253718e+00;1.198043e+02;1.347351e+02;2.224512e-02;-3.279882e-02;6.604831e-02;4.744721e-01;7.042807e-02;9.056148e-02;2.140049e+00;5.264489e+01;4.761347e+00;-9.337920e+00;5.969753e+00;-1.154700e+01;3.484774e+00;2.705979e+00;9.348048e+00;2.861330e+00;5.500506e+00;-1.439774e+01;1.109412e+01;-2.264919e+01;6.666933e+00;-1.837985e+01;7.712875e+00;-1.790594e+01;4.888956e+00;-7.430914e+00;5.503435e+00;-5.503826e+00;7.664592e+00;-8.308299e+00;7.518870e+00;1.597093e+01;4.636767e+00;2.752287e+01;9.102733e-04;-2.627407e-04;1.866865e-07;3.464861e-09;4.977100e-06;2.168224e-08;3.977110e-06;6.396709e-09;2.489033e-06;-5.929014e-08;6.142535e-05;7.478710e-06;9.438718e-03;-5.786822e-03;1.304687e-02;8.938843e-05;3.094297e-04;-2.628201e-04;7.518391e-04;-1.421013e-04;1.755135e-03;-2.073661e-06;3.040201e-03;3.703164e-04;1.800819e-03;4.995007e-04;5.060340e-03;-3.697844e-04;6.131171e-03;-1.417367e-03;9.039778e-03;-1.209697e-03;2.150704e-02;-5.314507e-03;3.202197e-02;-9.390092e-04;3.685325e-02;-7.381908e-04;3.654720e-02;-9.045019e-04;5.080047e-02;9.836426e-04;5.387369e-02;1.463747e-03;3.518516e-02;1.410751e-03;3.541481e-02;6.204470e-04;6.505228e-02;-1.081028e-03;4.922655e-02;-2.752291e-04;4.626986e-02;-1.511189e-03;3.412985e-02;2.006018e-03;3.319584e-02;1.339798e-03;3.746005e-02;3.201505e-04;4.520528e-02;1.341824e-03;4.375669e-02;1.671046e-03;3.743735e-02;1.420614e-03;3.461334e-02;1.173354e-03;3.151207e-02;8.083521e-04;2.182239e-02;6.571165e-04;5.110353e-03;-2.679956e-03;5.310609e-03;-1.851333e-03;3.039124e+00;-8.469726e-01;3.173663e+00;-1.076660e+00;2.902823e+01;-9.345410e+00;5.908533e+01;-2.038476e+00;4.161075e-03;-9.697134e-04;1.133745e+01;-2.887347e+00;3.966952e-02;-4.224894e-03;7.088787e+03;-6.992944e+02;5.167338e-01;2.817341e-02;3.121072e+01;6.271286e-01;8.135063e-04;7.057985e-04;8.791601e-03;-2.431481e-03;6.520099e-03;-2.490536e-03;6.968652e-01;-5.349351e-02;9.355956e-01;1.901432e-01;9.008687e-01;1.133717e-01;8.738288e-01;-1.651172e-02;1.298553e+00;1.477839e-01;1.121904e+00;5.159083e-02;1.677788e+00;-9.300395e-02;1.302551e+00;7.574794e-02;1.232356e+00;7.862116e-03;1.455191e+00;-1.357702e-01;1.064563e+00;-5.687899e-02;1.374821e+00;-5.579622e-02;1.143559e+00;-1.104109e-01;1.209746e+00;-1.917186e-02
44.500000;5.678262e+01;1.194669e+02;1.958952e-02;7.814239e-01;2.146739e-01;1.454183e-01;2.013844e-01;1.515887e-01;1.486025e-01;1.773313e-01;3.272396e+00;7.251663e+00;6.532029e-01;9.592239e-01;5.446059e-01;1.260186e+00;3.370504e-02;4.054413e-02;8.281705e-03;2.792139e-02;5.298287e-02;1.545160e-01;1.510581e-01;3.552339e-01;1.652927e-01;5.084013e-01;2.062734e-01;6.196864e-01;2.901570e-01;7.345014e-01;5.633671e-01;1.035341e+00;5.445232e-01;1.138749e+00;3.441463e-01;1.021111e+00;5.646413e-01;1.189451e+00;8.813334e-01;1.443553e+00;3.820618e-01;1.222798e+00;9.766257e-01;1.612220e+00;1.197361e+00;1.827307e+00;1.232892e+00;1.896880e+00;1.365869e+00;1.982470e+00;1.334486e+00;1.950814e+00;1.375049e+00;2.115091e+00;8.350649e-01;1.926364e+00;6.058170e-01;1.729450e+00;4.058127e-01;1.623930e+00;4.052221e-01;1.541691e+00;3.592032e-01;1.383907e+00;3.439272e-01;1.213833e+00;3.096059e-01;1.021606e+00;2.675509e-01;8.420312e-01;1.908406e-01;6.738905e-01;7.831128e-01;5.587489e-01;3.106087e-01;2.005373e-01;2.608551e+01;2.812236e+02;1.199327e+02;3.686484e+02;3.606284e+02;6.197256e+02;3.097782e+02;1.085417e+03;3.267475e-01;3.140602e-01;1.341081e+02;5.113020e+02;5.022969e-01;3.459811e+00;8.628782e+04;1.561907e+05;2.372016e+00;3.374278e+00;1.172470e+02;8.874451e+01;1.731706e-01;-1.295798e-01;9.930739e-02;4.988260e-01;4.019753e-01;3.027321e-01;2.512659e+00;5.252289e+01;1.214548e+01;-1.580932e+01;5.696869e+00;-4.003989e+00;8.068323e+00;9.138342e+00;1.013976e+01;2.496187e+00;8.546594e+00;-1.079846e+01;1.111743e+01;-2.073497e+01;5.744240e+00;-1.308761e+01;5.993600e+00;-1.096383e+01;5.873403e+00;-9.637564e+00;5.830602e+00;-9.446369e+00;7.061412e+00;-9.978868e+00;5.803670e+00;7.884134e+00;1.359793e+01;1.567615e+01;9.074926e-04;7.689175e-06;4.658516e-07;-2.271074e-08;5.566336e-06;5.823673e-09;4.801208e-06;8.730929e-09;3.479878e-06;1.772797e-09;7.644221e-05;-6.835875e-06;5.303033e-02;1.013954e-02;7.296333e-02;1.152560e-03;2.386518e-03;6.385421e-04;1.079575e-03;-7.054673e-05;1.000836e-02;3.016715e-04;2.920262e-02;8.413506e-04;2.450128e-02;1.071746e-03;2.472167e-02;2.037748e-03;3.598352e-02;2.213054e-03;6.485388e-02;2.073296e-03;7.070402e-02;5.125991e-03;4.340754e-02;2.946157e-03;8.682846e-02;5.096735e-03;1.173591e-01;3.107063e-03;7.665716e-02;-6.891624e-03;1.711599e-01;-4.976734e-03;1.555587e-01;-9.838083e-05;1.880679e-01;-1.012044e-03;1.811200e-01;4.164805e-03;1.897895e-01;9.166673e-04;2.313599e-01;6.293764e-04;1.423835e-01;3.442344e-03;1.198775e-01;-5.853500e-04;1.000548e-01;4.026421e-04;7.424059e-02;1.407679e-03;5.884537e-02;1.732086e-03;5.157111e-02;1.781609e-03;4.676762e-02;1.745035e-03;4.232902e-02;1.400088e-03;2.992857e-02;1.093535e-03;7.145973e-02;1.431805e-02;5.790867e-02;2.744127e-03;7.891592e+00;-8.613281e-01;3.726687e+01;-4.880859e-01;6.190330e+01;1.722656e-01;6.117549e+01;-3.430957e+00;4.372178e-02;5.948314e-03;2.518629e+01;-6.334308e-01;6.839316e-02;5.136029e-03;1.260934e+04;-2.993688e+01;4.977577e-01;3.524391e-03;2.816753e+01;2.053967e-02;1.330404e-02;-3.172712e-03;1.913966e-02;-6.084063e-04;4.273278e-02;6.097479e-03;6.420330e-01;3.759188e-02;1.416196e+00;-5.836777e-02;1.190931e+00;9.719002e-02;1.270667e+00;4.437676e-02;1.537026e+00;-1.503663e-01;1.413216e+00;8.637664e-02;1.760369e+00;2.192089e-01;1.345836e+00;1.579615e-01;1.774297e+00;8.316513e-02;1.414550e+00;-1.549226e-01;1.874637e+00;-1.231010e-01;1.473197e+00;4.202405e-02;1.297254e+00;-1.672618e-01;1.250044e+00;-2.817586e-01
45.000000;1.071015e+02;1.765750e+02;3.751892e-02;7.853408e-01;1.758720e-01;1.329918e-01;1.965349e-01;1.258325e-01;1.161680e-01;1.796340e-01;2.776499e+00;5.690548e+00;5.315495e-01;1.578983e+00;5.204038e-01;1.385433e+00;2.813289e-02;7.435804e-02;7.811812e-03;3.003275e-02;5.081396e-02;1.594098e-01;1.496425e-01;3.592531e-01;1.617231e-01;5.171350e-01;1.872571e-01;6.825615e-01;2.617263e-01;7.910230e-01;5.527551e-01;1.060040e+00;5.270113e-01;1.196149e+00;2.716219e-01;1.094931e+00;4.740851e-01;1.336603e+00;8.082498e-01;1.578271e+00;4.208236e-01;1.362904e+00;9.582072e-01;1.633686e+00;1.133175e+00;1.961282e+00;1.146793e+00;2.091432e+00;1.266185e+00;2.190181e+00;1.289405e+00;2.147186e+00;1.360627e+00;2.382619e+00;1.212459e+00;2.348582e+00;9.421775e-01;2.013769e+00;9.165645e-01;1.932581e+00;5.521412e-01;1.761672e+00;3.609510e-01;1.497366e+00;3.339121e-01;1.278670e+00;2.913210e-01;1.070528e+00;2.508013e-01;8.774473e-01;1.825283e-01;6.959765e-01;7.564244e-01;1.300807e+00;3.061923e-01;3.840777e-01;3.273550e+01;2.670117e+02;1.208383e+02;3.677871e+02;3.482595e+02;7.166250e+02;2.758110e+02;1.143844e+03;2.767669e-01;5.784249e-01;1.317355e+02;5.405721e+02;3.594727e-01;3.670789e+00;7.863032e+04;1.937461e+05;1.202452e+00;2.440292e+00;3.281246e+01;3.463602e+01;1.516958e-01;-2.937087e-01;1.000667e-01;5.161915e-01;3.719646e-01;6.624097e-01;3.757869e+00;5.252922e+01;9.256119e+00;-2.466535e+01;8.114845e+00;2.618650e+00;9.205755e+00;1.195438e+01;8.312615e+00;-8.980593e-01;7.133328e+00;-6.809277e+00;7.352300e+00;-1.538014e+01;7.182831e+00;-9.969504e+00;7.170923e+00;-9.772658e+00;6.677552e+00;-1.549436e+01;6.602791e+00;-1.090211e+01;6.707900e+00;-3.866443e+00;6.295862e+00;1.680526e+00;9.557992e+00;1.402600e+00;1.146287e-03;1.734828e-04;6.086403e-07;3.922052e-08;3.548742e-06;-1.988750e-07;4.405842e-06;-2.668106e-09;3.333452e-06;2.037274e-07;7.447995e-05;-2.617957e-06;7.872923e-02;1.549914e-02;9.216286e-02;1.216729e-03;3.232718e-03;8.124587e-04;1.359077e-03;2.642983e-04;9.950879e-03;1.723039e-05;2.916077e-02;-3.373264e-04;2.498366e-02;-2.207245e-04;3.275307e-02;7.001506e-04;4.120389e-02;1.356259e-03;6.985608e-02;-1.966051e-04;7.945330e-02;1.888506e-03;3.512000e-02;-3.490163e-03;9.414186e-02;-1.242448e-03;1.286059e-01;1.156824e-03;1.008875e-01;6.205925e-03;1.740627e-01;9.306320e-05;1.689745e-01;-4.534373e-03;2.004630e-01;7.102794e-03;1.879401e-01;1.015674e-02;2.039986e-01;5.828743e-03;2.686067e-01;3.360350e-03;2.951545e-01;-3.554760e-03;2.112360e-01;3.493882e-04;2.144800e-01;-1.096421e-03;1.303686e-01;-2.600414e-03;7.547919e-02;-6.564097e-06;6.443299e-02;2.432512e-03;5.281141e-02;2.902952e-03;4.532114e-02;2.977076e-03;3.414303e-02;2.386240e-03;1.169885e-01;1.647831e-02;7.173424e-02;1.171645e-02;9.000994e+00;2.727539e-01;3.792799e+01;5.024414e-01;7.358985e+01;9.144434e+00;6.775880e+01;2.253808e+00;5.417021e-02;5.916828e-03;2.964303e+01;2.793421e+00;7.819054e-02;5.559484e-03;1.625948e+04;1.811635e+03;3.031596e-01;-2.379001e-02;8.700193e+00;-6.103371e-01;2.180505e-02;-4.201708e-03;2.285673e-02;2.082118e-03;6.274557e-02;1.274001e-02;7.066202e-01;-2.825295e-02;1.644357e+00;-2.524093e-01;1.542823e+00;1.519667e-01;1.916127e+00;1.140435e-01;1.659130e+00;-2.311597e-01;1.405860e+00;2.707768e-02;1.775111e+00;1.245311e-01;1.557283e+00;-8.805273e-03;1.790504e+00;-3.064097e-02;1.313936e+00;7.587887e-02;1.976034e+00;2.265163e-01;1.794151e+00;-4.203652e-02;1.107899e+00;-3.141403e-01;1.322340e+00;-1.637868e-01
45.500000;1.043014e+02;2.420217e+02;3.960668e-02;8.006883e-01;1.300569e-01;9.151306e-02;1.101323e-01;6.850651e-02;1.041143e-01;1.870612e-01;2.110267e+00;4.414665e+00;2.855200e-01;1.689584e+00;2.593381e-01;1.027279e+00;1.641599e-02;7.782135e-02;8.300768e-03;3.306501e-02;1.223993e-02;1.281959e-01;2.864216e-02;2.716946e-01;4.149540e-02;4.045398e-01;1.185306e-01;5.389504e-01;1.016879e-01;6.747895e-01;1.472611e-01;7.907465e-01;2.314438e-01;8.674752e-01;1.359499e-01;9.312647e-01;2.102800e-01;1.004083e+00;2.436763e-01;1.070920e+00;4.393880e-01;1.233407e+00;2.367987e-01;1.180503e+00;3.334919e-01;1.226316e+00;3.923502e-01;1.332505e+00;3.913251e-01;1.383662e+00;4.568062e-01;1.455949e+00;6.769807e-01;1.512302e+00;1.173275e+00;1.699075e+00;8.961971e-01;1.584430e+00;9.626287e-01;1.592298e+00;5.668936e-01;1.400721e+00;2.863754e-01;1.217485e+00;1.990186e-01;1.043054e+00;1.496730e-01;8.718265e-01;1.176064e-01;7.150197e-01;9.239494e-02;5.780495e-01;5.915486e-01;1.224533e+00;3.653309e-01;4.718381e-01;3.762639e+01;2.800752e+02;1.191417e+02;3.990820e+02;3.317492e+02;8.155342e+02;2.691057e+02;1.202271e+03;1.645159e-01;5.448632e-01;1.355046e+02;5.857635e+02;3.473449e-01;3.718286e+00;6.624665e+04;2.078115e+05;1.175491e+00;1.987977e+00;2.666438e+01;2.363495e+01;1.155725e-01;-2.921317e-01;1.067753e-01;5.539315e-01;3.344495e-01;7.077661e-01;4.293303e+00;5.338139e+01;7.493739e+00;-2.734860e+01;7.981966e+00;3.178421e+00;8.306772e+00;1.214664e+01;6.625519e+00;-3.091468e+00;5.374715e+00;-6.160297e+00;7.941976e+00;-1.543910e+01;7.636398e+00;-9.877252e+00;7.712547e+00;-7.117642e+00;9.643718e+00;-1.243515e+01;7.105730e+00;-8.636142e+00;7.163275e+00;-5.829356e+00;6.836617e+00;-4.160651e+00;5.498565e+00;2.597528e-02;9.605753e-04;1.433959e-05;4.619268e-07;1.378330e-08;2.598518e-06;-1.820817e-07;2.294040e-06;1.100375e-07;2.778275e-06;1.921064e-07;5.117564e-05;-1.673370e-06;6.425455e-02;-3.617362e-03;5.884099e-02;-2.319408e-03;2.590541e-03;-4.209573e-04;1.416687e-03;1.636432e-04;1.536401e-03;-2.902118e-04;4.257284e-03;-6.578206e-04;6.289729e-03;-1.494169e-03;2.278615e-02;-2.367891e-03;2.730084e-02;-2.734874e-03;3.432049e-02;-3.296884e-03;4.660323e-02;-3.147484e-03;2.776627e-02;1.408168e-03;6.320475e-02;-2.889518e-03;7.127404e-02;-6.177457e-03;8.677066e-02;-5.961246e-04;7.272606e-02;-3.591672e-03;9.240354e-02;-5.719294e-03;9.305251e-02;8.692137e-05;8.790269e-02;-1.621074e-04;1.085868e-01;6.094318e-04;1.507303e-01;9.490188e-04;2.665012e-01;-5.653614e-03;1.783056e-01;-2.257191e-03;1.955938e-01;-3.889099e-03;1.167282e-01;-4.135521e-03;6.754687e-02;-3.613176e-03;5.915662e-02;-3.193389e-03;4.892479e-02;-2.920323e-03;4.081425e-02;-2.613466e-03;3.210052e-02;-1.956862e-03;1.010248e-01;-1.318019e-02;6.584021e-02;-1.762021e-03;7.149773e+00;1.722656e-01;2.535387e+01;1.693945e+00;6.757993e+01;3.746777e+00;6.064043e+01;4.292285e+00;3.554725e-02;-4.278488e-03;2.561159e+01;1.679579e+00;5.951980e-02;6.136210e-03;1.436856e+04;8.870298e+02;2.580577e-01;-1.295229e-02;7.296510e+00;-2.437168e-01;1.937965e-02;2.489488e-03;1.981174e-02;1.323130e-03;5.660402e-02;-4.183801e-03;9.399611e-01;3.059270e-02;1.343095e+00;-1.329071e-01;1.480143e+00;5.241368e-02;1.856756e+00;3.670628e-02;1.521494e+00;-9.385736e-02;1.515146e+00;5.667974e-02;1.835586e+00;1.606782e-01;1.869844e+00;1.663758e-02;1.869304e+00;-2.655531e-02;1.775704e+00;1.269352e-01;1.764068e+00;5.106834e-02;1.855611e+00;-1.174404e-01;1.758052e+00;-5.572461e-03;1.183587e+00;8.507777e-02
46.000000;9.007548e+01;2.057060e+02;2.991972e-02;7.996235e-01;1.273698e-01;9.372436e-02;1.331646e-01;1.005031e-01;9.959169e-02;1.809834e-01;1.986934e+00;4.805946e+00;2.493698e-01;1.499408e+00;2.378959e-01;9.966379e-01;1.622462e-02;6.240916e-02;7.032244e-03;3.390023e-02;9.270067e-03;1.216128e-01;1.623144e-02;2.574170e-01;2.285968e-02;3.790900e-01;1.316597e-01;5.445361e-01;1.565827e-01;7.448932e-01;1.540995e-01;7.661211e-01;1.528517e-01;8.310391e-01;1.426594e-01;9.572445e-01;1.706344e-01;9.158144e-01;1.944910e-01;1.005984e+00;3.342225e-01;1.083495e+00;2.386711e-01;1.123497e+00;2.976522e-01;1.165433e+00;3.120475e-01;1.165591e+00;3.424267e-01;1.306598e+00;7.169648e-01;1.582769e+00;6.204166e-01;1.510703e+00;5.379865e-01;1.379845e+00;1.175279e+00;1.665910e+00;8.539543e-01;1.527454e+00;5.813339e-01;1.385052e+00;3.139742e-01;1.208532e+00;2.740007e-01;1.069743e+00;2.269344e-01;9.015072e-01;1.431754e-01;7.254264e-01;1.108859e-01;5.872777e-01;4.712802e-01;8.001231e-01;3.753650e-01;3.446082e-01;4.021453e+01;3.050537e+02;9.869330e+01;4.440146e+02;3.038163e+02;8.389336e+02;2.483976e+02;1.204137e+03;1.083176e-01;4.244401e-01;1.065980e+02;6.098165e+02;4.734685e-01;3.820352e+00;5.812721e+04;2.014718e+05;1.191922e+00;1.880081e+00;1.390416e+01;1.738982e+01;1.042715e-01;-1.926475e-01;7.797215e-02;5.802934e-01;3.294826e-01;5.459160e-01;5.295681e+00;5.433136e+01;4.531072e+00;-2.831057e+01;8.433886e+00;1.111602e+00;9.218123e+00;9.915764e+00;6.076263e+00;-8.682719e+00;5.336282e+00;-6.482284e+00;8.658078e+00;-1.193503e+01;7.330397e+00;-1.243681e+01;7.391091e+00;-6.607367e+00;7.047493e+00;-3.149566e+00;6.789401e+00;-4.825095e+00;4.526600e+00;-9.097360e+00;1.256223e+01;1.980745e+00;7.226866e+00;4.644288e+00;6.376150e-04;-9.779730e-05;2.700875e-07;-2.799293e-08;2.901814e-06;-2.459429e-08;3.074277e-06;-2.441619e-08;2.583737e-06;-1.347697e-07;3.555540e-05;8.986730e-07;3.661678e-02;-5.334261e-03;4.755709e-02;1.258413e-04;1.691066e-03;-3.779297e-04;1.243242e-03;-1.960192e-04;1.619751e-03;-7.208200e-05;3.912256e-03;1.669202e-05;5.735738e-03;-3.020068e-05;1.702231e-02;2.470078e-04;3.198821e-02;9.398359e-04;3.289152e-02;-5.776855e-04;2.681159e-02;1.242929e-03;3.161052e-02;9.785347e-04;5.478612e-02;-1.015674e-03;5.195276e-02;3.332981e-04;5.134629e-02;-7.599629e-03;6.886484e-02;-3.237591e-03;7.820237e-02;6.660287e-03;7.983319e-02;-1.193774e-02;8.491010e-02;-2.098986e-03;1.404645e-01;7.164477e-03;1.210704e-01;2.810054e-03;9.671832e-02;6.546250e-03;2.665442e-01;9.521300e-03;1.781718e-01;8.076039e-03;1.081497e-01;1.543693e-03;6.823415e-02;-1.666562e-03;6.404362e-02;-4.197408e-03;5.511971e-02;-4.058330e-03;3.942166e-02;-3.491150e-03;3.035961e-02;-2.825475e-03;5.799006e-02;-7.554960e-03;4.901589e-02;-1.043931e-02;6.906682e+00;5.024414e-01;2.567613e+01;3.588867e-01;6.025297e+01;-8.412305e+00;4.686405e+01;-3.359180e+00;2.272023e-02;-2.489899e-03;2.211023e+01;-1.930640e+00;5.678215e-02;-2.409570e-03;1.253817e+04;-1.136515e+03;1.624427e-01;2.178001e-02;2.741678e+00;9.084465e-02;1.025412e-02;2.672987e-03;1.659036e-02;-1.346141e-03;3.820591e-02;-7.567674e-03;1.050896e+00;1.834385e-02;1.029520e+00;-3.815763e-02;1.428533e+00;1.248534e-01;1.514996e+00;-2.265778e-01;1.329022e+00;-1.623180e-01;1.632512e+00;6.704253e-02;1.860526e+00;-4.134860e-02;1.771606e+00;1.263862e-02;2.297990e+00;5.396064e-02;1.729524e+00;1.169421e-01;2.002028e+00;-2.865560e-02;1.360603e+00;-5.524258e-02;1.947201e+00;3.805706e-01;1.176642e+00;1.132426e-01
46.500000;4.273045e+01;1.249732e+02;1.792889e-02;7.947109e-01;9.990761e-02;6.522407e-02;1.342513e-01;8.007641e-02;1.410054e-01;2.166911e-01;1.654082e+00;5.714155e+00;1.743082e-01;1.272206e+00;2.342991e-01;1.003733e+00;9.003004e-03;4.986387e-02;4.402173e-03;2.845049e-02;7.935135e-03;1.254584e-01;1.982164e-02;2.700723e-01;3.993966e-02;4.164368e-01;1.143316e-01;5.572678e-01;1.623136e-01;6.962976e-01;1.241238e-01;7.121746e-01;8.506960e-02;8.083289e-01;1.255866e-01;9.229178e-01;1.464864e-01;9.281825e-01;1.530023e-01;1.014814e+00;1.371244e-01;1.011925e+00;1.433017e-01;1.035753e+00;2.523267e-01;1.106657e+00;2.633627e-01;1.150028e+00;3.062036e-01;1.342485e+00;7.295273e-01;1.677257e+00;6.075407e-01;1.562171e+00;5.029049e-01;1.466413e+00;1.188275e+00;1.714267e+00;8.590700e-01;1.570294e+00;5.599568e-01;1.424528e+00;2.944999e-01;1.246992e+00;2.609211e-01;1.086189e+00;2.137865e-01;9.120414e-01;1.300369e-01;7.399358e-01;1.007169e-01;5.981606e-01;3.495167e-01;5.918318e-01;4.361226e-02;9.865561e-02;5.096009e+01;2.911289e+02;5.121825e+01;3.801328e+02;1.643116e+02;5.602939e+02;2.058584e+02;1.009477e+03;8.766656e-02;3.817112e-01;6.388111e+01;5.109054e+02;4.130901e-01;3.741306e+00;4.686101e+04;1.718825e+05;9.819589e-01;2.936434e+00;1.482849e+01;2.774051e+01;4.743895e-02;-1.208812e-01;5.273244e-02;5.014136e-01;1.921468e-01;3.374167e-01;5.177764e+00;5.280251e+01;3.761504e+00;-2.538498e+01;9.268792e+00;5.731864e+00;7.540635e+00;5.386098e+00;5.830117e+00;-1.457864e+01;7.075554e+00;-2.338152e+00;9.599478e+00;-7.848417e+00;9.885634e+00;-1.986103e+01;7.594498e+00;-1.355751e+01;7.245379e+00;3.468966e+00;7.521236e+00;-2.578631e+00;7.171588e+00;-1.353985e+01;8.274790e+00;1.041288e+01;7.846243e+00;9.172472e+00;4.620923e-04;2.758666e-07;1.758992e-07;1.349779e-08;2.243236e-06;1.278678e-07;3.502913e-06;-8.916657e-08;3.203387e-06;-1.782735e-08;1.894135e-05;-7.332563e-07;3.003024e-02;-2.741749e-03;4.617675e-02;1.073590e-03;1.197171e-03;-6.743161e-05;1.061244e-03;-1.211892e-04;1.208626e-03;2.410862e-04;2.294986e-03;1.784125e-04;6.591324e-03;6.911505e-04;1.626527e-02;2.902318e-04;2.715072e-02;1.839888e-04;3.437389e-02;-7.866010e-04;1.544051e-02;9.270476e-04;2.597056e-02;-2.208000e-03;4.792306e-02;-1.145117e-03;3.837081e-02;1.352179e-03;3.221890e-02;3.881745e-03;5.284440e-02;4.190992e-03;5.716148e-02;3.057066e-04;8.150102e-02;-5.340831e-03;7.284908e-02;9.986057e-04;1.346726e-01;3.807061e-03;1.224244e-01;2.559122e-03;9.557789e-02;4.025902e-03;2.722544e-01;-1.158354e-04;1.806550e-01;9.325568e-04;1.055401e-01;2.671570e-03;6.573544e-02;2.760565e-03;6.197723e-02;2.403455e-03;5.240074e-02;1.970883e-03;3.801960e-02;1.765081e-03;2.962134e-02;1.372369e-03;4.422820e-02;-3.908292e-05;1.039325e-02;-8.721966e-04;6.455349e+00;-2.440430e-01;8.704896e+00;-2.138965e+00;3.218898e+01;-4.895215e+00;4.599012e+01;-4.665527e+00;2.442646e-02;1.910754e-03;1.314143e+01;-2.054103e+00;5.612231e-02;-6.828588e-03;1.169317e+04;-5.365767e+02;1.622131e-01;2.089286e-02;4.224639e+00;2.060028e-01;6.462482e-03;2.386225e-04;9.737671e-03;-1.755270e-03;2.620639e-02;-8.032109e-04;9.502236e-01;-6.003163e-02;1.013101e+00;1.108815e-01;1.501462e+00;1.249515e-01;1.400340e+00;-9.426910e-02;1.053806e+00;-4.765210e-02;1.507601e+00;2.209788e-01;1.975102e+00;8.067728e-03;1.563763e+00;-3.521583e-01;2.049946e+00;-4.837747e-02;1.727417e+00;2.468967e-01;1.799807e+00;-8.891713e-02;1.542138e+00;-2.194241e-01;1.421266e+00;1.133302e-01;1.480454e+00;1.630950e-01
47.000000;1.550823e+01;1.012207e+02;8.693489e-03;7.896562e-01;1.549621e-01;1.507262e-01;1.446566e-01;1.298642e-01;1.489853e-01;2.387341e-01;1.726809e+00;4.918396e+00;2.292534e-01;9.979379e-01;6.733060e-02;8.984564e-01;8.113977e-03;3.833694e-02;4.945381e-03;2.467246e-02;6.795952e-03;1.280217e-01;2.295415e-02;2.680269e-01;3.623708e-02;4.234878e-01;2.903161e-02;4.981777e-01;4.584994e-02;5.937766e-01;9.996278e-02;7.080067e-01;5.370685e-02;7.881330e-01;8.745864e-02;8.776625e-01;1.235017e-01;8.764064e-01;1.089794e-01;9.567838e-01;1.363335e-01;9.914216e-01;1.392256e-01;1.025884e+00;1.871190e-01;1.081457e+00;3.163628e-01;1.119543e+00;2.915598e-01;1.245505e+00;4.957430e-01;1.393181e+00;2.762519e-01;1.235385e+00;2.233363e-01;1.251637e+00;3.096113e-01;1.248220e+00;2.309807e-01;1.236162e+00;1.185076e-01;1.187531e+00;1.243403e-01;1.141246e+00;1.250299e-01;9.939612e-01;1.183245e-01;8.342991e-01;1.038863e-01;6.937926e-01;7.843481e-02;5.621583e-01;1.728505e-01;3.247620e-01;3.834143e-02;4.689494e-02;3.985136e+01;2.520820e+02;4.489384e+01;3.158203e+02;7.445162e+01;4.496133e+02;1.642167e+02;8.741045e+02;1.046188e-01;3.248891e-01;6.527486e+01;4.380376e+02;2.106361e-01;3.650824e+00;5.527752e+04;1.474695e+05;6.463878e-01;3.588519e+00;2.588226e+01;4.475749e+01;3.089279e-02;-7.167055e-02;5.285211e-02;4.360136e-01;9.447876e-02;1.683385e-01;2.897648e+00;5.331488e+01;5.658880e+00;-2.041862e+01;4.861380e+00;6.886331e+00;3.799903e+00;7.558920e+00;4.706766e+00;-1.511158e+01;6.197946e+00;2.039620e+00;8.270257e+00;-1.728673e+00;7.847744e+00;-2.450529e+01;5.858788e+00;-1.740147e+01;8.197161e+00;5.946085e+00;9.013895e+00;-6.812839e+00;7.071344e+00;-2.106300e+01;4.913203e+00;9.579439e+00;6.458091e+00;1.317549e+01;3.182130e-04;-7.195809e-05;8.257599e-08;-1.114891e-08;3.082811e-06;9.938176e-08;3.363997e-06;9.900963e-08;2.836792e-06;-6.285696e-08;2.003815e-05;-2.147740e-06;1.114426e-02;-7.441538e-03;1.359104e-02;-1.403395e-03;4.497985e-04;-3.267298e-04;1.020993e-03;-5.996473e-05;1.069529e-03;6.553048e-05;2.599416e-03;-9.525051e-05;6.603686e-03;-9.514556e-05;5.999822e-03;-4.590519e-04;8.211664e-03;-3.338674e-04;2.564319e-02;1.547495e-03;1.094073e-02;1.915865e-04;1.559464e-02;9.901232e-05;3.436927e-02;-1.022904e-03;2.103034e-02;-1.102008e-03;3.073720e-02;-2.281962e-03;3.858927e-02;-1.182922e-03;3.625342e-02;-1.766724e-03;8.555777e-02;2.378212e-03;5.661728e-02;-3.037573e-03;8.342937e-02;-8.364163e-03;7.745935e-02;-8.088021e-03;6.567405e-02;-4.991990e-03;6.784836e-02;-8.720206e-03;4.973220e-02;-7.077664e-03;4.398415e-02;8.202014e-04;4.392448e-02;1.564391e-03;4.470133e-02;2.008836e-03;4.170403e-02;1.493691e-03;3.664152e-02;1.100149e-03;2.864687e-02;8.620879e-04;1.454239e-02;-7.953763e-03;3.447335e-03;-1.264139e-03;4.878220e+00;-1.220215e+00;5.854691e+00;-9.043945e-01;1.805767e+01;-4.306641e-01;2.676276e+01;-3.430957e+00;2.633194e-02;-1.732406e-03;7.794785e+00;-1.475620e+00;4.436825e-02;2.500976e-03;8.703828e+03;-1.012241e+03;1.583185e-01;1.780077e-02;6.904993e+00;7.885611e-01;1.997867e-03;1.309225e-03;5.847033e-03;-1.246771e-03;1.210806e-02;-4.645418e-03;7.671879e-01;4.935556e-02;1.051145e+00;2.014731e-01;1.148414e+00;-1.777681e-01;1.098181e+00;1.551651e-01;9.318822e-01;3.229999e-02;1.613729e+00;-7.633670e-02;1.719260e+00;2.990663e-01;1.667170e+00;-1.777400e-02;1.834286e+00;-7.372274e-02;1.909759e+00;5.236354e-02;1.639899e+00;-1.035227e-01;1.762730e+00;-3.616492e-02;1.148740e+00;-1.214883e-01;1.451581e+00;-1.784950e-02
47.500000;7.654393e-02;9.818115e+01;1.233167e-02;7.952712e-01;1.635456e-01;1.648467e-01;1.343358e-01;1.335118e-01;1.310577e-01;2.316532e-01;1.790983e+00;5.417096e+00;1.553782e-01;6.707187e-01;5.188850e-02;8.867221e-01;7.632809e-03;2.514558e-02;3.030544e-03;2.136936e-02;6.013350e-03;1.263895e-01;1.366863e-02;2.458036e-01;3.312655e-02;3.742265e-01;4.206350e-02;5.082353e-01;7.283437e-02;6.019323e-01;7.201590e-02;6.913350e-01;5.232171e-02;7.875895e-01;8.899210e-02;8.062035e-01;1.043628e-01;8.392683e-01;9.919922e-02;9.194489e-01;1.826157e-01;9.898161e-01;1.135990e-01;1.040079e+00;1.990153e-01;1.120131e+00;3.419386e-01;1.172807e+00;3.197666e-01;1.154771e+00;5.045191e-01;1.242312e+00;2.179362e-01;1.087133e+00;1.652826e-01;1.221502e+00;1.196324e-01;1.288895e+00;1.183877e-01;1.323862e+00;1.290140e-01;1.254084e+00;1.106400e-01;1.169284e+00;1.199627e-01;1.004914e+00;1.210182e-01;8.380296e-01;9.807868e-02;6.885466e-01;7.258545e-02;5.581761e-01;6.895153e-02;1.405553e-01;1.097268e-02;1.186597e-02;2.607800e+01;2.296875e+02;3.138435e+01;3.011777e+02;3.961979e+01;4.058291e+02;1.190292e+02;6.817412e+02;9.392034e-02;2.229433e-01;2.284139e+01;3.798528e+02;2.059150e-01;3.571597e+00;2.947315e+04;9.392151e+04;1.581457e+00;4.846093e+00;1.119938e+02;1.226899e+02;1.779319e-02;-3.210991e-02;1.865511e-02;3.912835e-01;4.061924e-02;6.498926e-02;2.311162e+00;5.424267e+01;5.120090e+00;-1.219801e+01;3.968029e+00;1.903560e+00;3.625897e+00;8.775211e+00;5.800650e+00;-7.567136e+00;7.430223e+00;-3.378625e+00;6.334339e+00;-1.467832e+00;9.775597e+00;-1.695715e+01;6.197235e+00;-1.538132e+01;8.286846e+00;4.946168e+00;7.871326e+00;-6.633476e+00;8.747677e+00;-1.957581e+01;6.872455e+00;9.587983e+00;5.816406e+00;1.632306e+01;1.742642e-06;-4.313199e-08;6.493167e-08;1.754803e-08;3.459764e-06;-1.675072e-07;2.842241e-06;-5.291559e-08;2.387289e-06;-4.526812e-08;1.860995e-05;3.176600e-06;7.672309e-03;-6.022024e-03;1.350200e-02;5.907851e-05;2.048266e-04;-2.770239e-04;7.471627e-04;-8.692365e-05;9.091610e-04;-1.491873e-04;2.039746e-03;-4.285712e-04;5.286752e-03;-7.057682e-04;5.382523e-03;-3.998733e-04;8.045693e-03;-7.273788e-04;1.745904e-02;1.725405e-03;9.092825e-03;-6.380212e-04;1.443369e-02;-2.117572e-03;3.385877e-02;-8.497754e-04;2.584893e-02;-2.920851e-04;4.546711e-02;-2.488550e-03;2.848104e-02;-1.874728e-03;4.525657e-02;6.189997e-03;8.518531e-02;4.379741e-03;6.847111e-02;-1.271986e-03;1.031568e-01;-1.480020e-03;6.064614e-02;-3.732292e-03;4.203374e-02;-1.768107e-03;3.761498e-02;3.844137e-03;3.901871e-02;2.385158e-03;4.894048e-02;8.985454e-04;4.097123e-02;-6.725189e-04;4.394229e-02;4.156459e-04;4.246214e-02;7.117475e-04;3.520730e-02;2.518613e-04;2.704549e-02;3.302513e-04;4.061695e-03;-2.507019e-03;1.013110e-03;-4.184514e-04;4.664975e+00;-5.742188e-01;7.106334e+00;-1.004883e-01;1.152110e+01;-4.306641e-01;1.846408e+01;-2.497852e+00;2.048006e-02;-3.901908e-03;4.838846e+00;-9.177043e-01;3.802400e-02;2.326232e-03;5.327441e+03;-7.218198e+02;4.420641e-01;3.458711e-02;3.307311e+01;1.795308e+00;7.017742e-04;6.633517e-04;3.993304e-03;-7.400248e-04;3.925017e-03;-1.835541e-03;7.349161e-01;-2.210333e-02;1.167256e+00;1.202378e-01;1.109274e+00;-9.412601e-02;1.086655e+00;5.372715e-02;1.284835e+00;1.668847e-01;1.286366e+00;-2.504852e-01;1.552230e+00;-3.145373e-02;1.529080e+00;3.905179e-01;1.750157e+00;4.240872e-02;1.851418e+00;-1.157004e-01;1.569097e+00;1.517933e-01;1.809339e+00;1.087916e-01;1.385094e+00;-5.683178e-02;1.390143e+00;-2.508225e-02
48.000000;2.575515e+00;9.753072e+01;2.211815e-02;8.067989e-01;1.024797e-01;5.094058e-02;7.651599e-02;4.788075e-02;1.219055e-01;2.242518e-01;2.469597e+00;7.568674e+00;1.020028e-01;4.546429e-01;5.837977e-02;9.093230e-01;5.284668e-03;1.484214e-02;3.076434e-03;2.031494e-02;5.631103e-03;1.246825e-01;1.173174e-02;2.433937e-01;3.298886e-02;3.730983e-01;4.610061e-02;4.985226e-01;8.041733e-02;6.021139e-01;7.745846e-02;7.222602e-01;1.128196e-01;7.479991e-01;1.244109e-01;8.033085e-01;1.839657e-01;9.236436e-01;1.355532e-01;9.032890e-01;1.772954e-01;9.723902e-01;1.213110e-01;1.022681e+00;2.572533e-01;1.090646e+00;2.902031e-01;1.202656e+00;2.900245e-01;1.154655e+00;4.153565e-01;1.210954e+00;3.266847e-01;1.240665e+00;2.110654e-01;1.356823e+00;1.585681e-01;1.405013e+00;1.325913e-01;1.402802e+00;1.358117e-01;1.319054e+00;1.083526e-01;1.191613e+00;1.117392e-01;1.019017e+00;1.126670e-01;8.499486e-01;9.004537e-02;6.947234e-01;6.497782e-02;5.664456e-01;4.912839e-02;5.682354e-02;2.667532e-03;2.919781e-03;4.024655e+01;2.038477e+02;3.522213e+01;2.957227e+02;3.066027e+01;3.916172e+02;9.951602e+01;6.181465e+02;6.363080e-02;1.267888e-01;2.764806e+01;3.512465e+02;2.312367e-01;3.655063e+00;1.767652e+04;7.762528e+04;2.074014e+00;6.865553e+00;1.284380e+02;2.486462e+02;8.970119e-03;-1.200854e-02;2.858509e-02;3.668028e-01;2.137041e-02;2.226789e-02;2.673681e+00;5.236329e+01;4.305768e+00;-6.021967e+00;5.041561e+00;1.696671e+00;6.174547e+00;4.605250e+00;3.927150e+00;-2.464179e+00;5.718562e+00;-4.616140e+00;6.344625e+00;-3.091382e+00;7.413056e+00;-7.588919e+00;5.639490e+00;-1.234508e+01;6.263605e+00;3.611863e+00;5.918114e+00;-2.697088e+00;7.234340e+00;-1.434565e+01;6.596984e+00;1.024626e+01;5.389353e+00;1.695129e+01;5.563949e-05;-4.960918e-06;2.145231e-07;-4.611593e-08;2.154264e-06;-1.578105e-08;1.556278e-06;9.225273e-08;2.813294e-06;1.189630e-07;3.001102e-05;3.055375e-06;9.747927e-03;-2.906034e-03;1.420347e-02;1.461242e-03;2.884568e-04;-1.579178e-04;7.168152e-04;6.046863e-05;1.992556e-03;-4.814031e-04;2.136637e-03;-1.576223e-04;4.866149e-03;6.137701e-04;5.020268e-03;-1.110693e-03;1.069796e-02;-9.677044e-04;1.998660e-02;1.704255e-03;1.886463e-02;-1.346754e-03;1.963720e-02;-1.073407e-03;4.204913e-02;1.943616e-04;3.785759e-02;2.522282e-05;4.712044e-02;2.405441e-03;3.019633e-02;3.322176e-03;5.617151e-02;4.719428e-03;7.583972e-02;7.243543e-03;6.317562e-02;9.186441e-04;9.967277e-02;-3.507625e-03;6.828308e-02;1.256144e-02;4.780925e-02;6.736138e-03;4.221922e-02;4.138153e-03;4.429834e-02;3.349340e-03;4.440894e-02;2.626505e-04;3.564803e-02;-2.692233e-04;4.084207e-02;-3.871120e-04;4.061442e-02;1.100237e-04;3.372543e-02;-7.100728e-04;2.433663e-02;-3.006934e-04;2.465651e-03;-1.386991e-03;8.686007e-04;-8.016076e-06;6.849996e+00;-4.306640e-02;9.259489e+00;4.880859e-01;1.767607e+01;1.966699e+00;2.644498e+01;5.311524e-01;9.332892e-03;-1.671182e-03;9.122272e+00;6.099225e-01;4.166705e-02;-2.668400e-05;5.569580e+03;3.851358e+02;5.994536e-01;2.563946e-02;4.030320e+01;1.555646e+00;5.098569e-04;2.656460e-04;7.756782e-03;4.387578e-04;1.947319e-03;-6.949152e-04;6.454418e-01;-9.156723e-02;1.170876e+00;-1.397247e-03;1.208476e+00;6.179723e-02;1.070088e+00;-9.647400e-02;1.355313e+00;5.685703e-02;9.829583e-01;-4.371503e-02;1.718439e+00;-1.662066e-01;1.521332e+00;1.977322e-01;1.589239e+00;1.436710e-01;1.813988e+00;-1.719652e-01;1.553081e+00;3.887334e-03;1.943162e+00;9.315939e-02;1.439960e+00;-1.238351e-01;1.332249e+00;-1.735847e-01
48.500000;7.449961e+01;1.635885e+02;2.728775e-02;8.120307e-01;9.231303e-02;4.721168e-02;1.359055e-01;6.977898e-02;1.000577e-01;1.956723e-01;3.637933e+00;6.081364e+00;8.068631e-01;1.115170e+00;7.603052e-01;1.350878e+00;3.987287e-02;4.721287e-02;8.960536e-03;2.732930e-02;3.639915e-02;1.444658e-01;1.370587e-01;3.330176e-01;2.032997e-01;5.273384e-01;2.067772e-01;6.374882e-01;5.021340e-01;8.788933e-01;6.784034e-01;1.124544e+00;4.802012e-01;1.067975e+00;4.696396e-01;1.110626e+00;1.080482e+00;1.559968e+00;1.308660e+00;1.643404e+00;1.314611e+00;1.771392e+00;1.496746e+00;1.807303e+00;1.235450e+00;1.797266e+00;1.762431e+00;2.024907e+00;1.779307e+00;1.981319e+00;1.247683e+00;1.758829e+00;1.368541e+00;2.137973e+00;1.225365e+00;2.062723e+00;8.918575e-01;1.897534e+00;8.743253e-01;1.849672e+00;6.168786e-01;1.621329e+00;4.830451e-01;1.435429e+00;4.711441e-01;1.271961e+00;4.213244e-01;1.080366e+00;3.599845e-01;8.885786e-01;2.650113e-01;7.085214e-01;7.088895e-01;6.326027e-01;5.203630e-01;3.993213e-01;6.709689e+01;2.327021e+02;1.494053e+02;3.914736e+02;3.267280e+02;6.889189e+02;3.433455e+02;9.631084e+02;2.663378e-01;3.116826e-01;1.720470e+02;4.947838e+02;2.108686e-01;3.830609e+00;6.937866e+04;1.384135e+05;3.590144e+00;4.676023e+00;1.607433e+02;1.670643e+02;1.963572e-01;-1.764258e-01;1.446951e-01;4.844437e-01;6.347598e-01;5.293942e-01;3.741643e+00;5.239077e+01;1.288431e+01;-1.564500e+01;6.439075e+00;3.986396e-01;5.751318e+00;3.730391e+00;4.232273e+00;-1.621937e+00;5.959136e+00;-1.131125e+00;1.132780e+01;-9.412478e+00;8.387314e+00;-8.400240e+00;6.484226e+00;-8.334390e+00;5.226193e+00;2.122089e+00;8.839340e+00;1.483669e+00;5.326776e+00;-1.159961e+01;8.611004e+00;2.023209e+00;1.211975e+01;5.048328e+00;4.689124e-04;1.042809e-04;4.367262e-07;-1.403591e-08;2.360184e-06;3.062663e-08;2.044114e-06;3.865609e-08;2.523996e-06;1.210430e-09;5.461541e-05;-3.136734e-06;6.512528e-02;1.120656e-02;1.075888e-01;-2.231187e-04;3.040326e-03;5.863031e-04;8.892329e-04;1.064500e-04;9.687517e-03;1.768149e-04;2.614612e-02;6.163036e-04;2.749795e-02;6.786826e-04;2.475530e-02;1.200042e-03;9.442213e-02;7.513792e-04;1.082540e-01;-4.703633e-04;8.208720e-02;1.964029e-03;9.760672e-02;-3.634142e-05;1.687034e-01;2.690905e-03;1.918752e-01;2.800738e-03;2.586818e-01;4.521294e-04;2.266260e-01;4.848385e-04;1.592696e-01;-5.050298e-03;3.081974e-01;-3.694582e-04;3.199412e-01;-5.650401e-04;2.262772e-01;3.189457e-03;2.545057e-01;6.005991e-03;2.199669e-01;5.418358e-04;1.583124e-01;-5.650495e-03;1.472975e-01;-5.434332e-03;1.054905e-01;-2.112146e-03;8.382798e-02;-1.355739e-03;8.425073e-02;-2.094229e-03;7.727244e-02;-1.887944e-03;6.784025e-02;-1.221064e-03;5.088123e-02;-1.106770e-03;8.005489e-02;8.493633e-03;6.795838e-02;3.486690e-03;1.059002e+01;5.742188e-01;2.910345e+01;1.119727e+00;4.462902e+01;3.761133e+00;4.291157e+01;4.019531e+00;3.692421e-02;6.122612e-03;2.028422e+01;1.893354e+00;6.257586e-02;-4.388536e-04;1.063524e+04;4.717740e+02;5.500643e-01;-4.861954e-02;2.703856e+01;-1.769674e+00;1.789967e-02;-2.358570e-03;1.634592e-02;1.692659e-03;6.920660e-02;6.184000e-03;8.661776e-01;5.359245e-02;1.588381e+00;-1.314982e-01;1.466101e+00;-5.271464e-02;1.442050e+00;-1.424539e-02;1.749609e+00;-5.435864e-02;1.819327e+00;1.293495e-01;2.132710e+00;-8.540742e-02;1.913477e+00;-2.461187e-01;1.735664e+00;6.516614e-02;1.505259e+00;6.079676e-02;1.977759e+00;-5.415519e-03;1.648085e+00;1.159403e-01;1.533291e+00;-1.185733e-01;1.180414e+00;-3.148325e-01
49.000000;6.937524e+01;2.425038e+02;3.102116e-02;7.958058e-01;1.098190e-01;8.259121e-02;1.524728e-01;1.080412e-01;8.132020e-02;1.945134e-01;3.079401e+00;3.209696e+00;3.661994e-01;1.677163e+00;7.438519e-01;1.389645e+00;1.810823e-02;7.645305e-02;6.626989e-03;3.286722e-02;3.502526e-02;1.468116e-01;1.297715e-01;3.464065e-01;1.948814e-01;5.444291e-01;1.761777e-01;6.823536e-01;5.280433e-01;8.427950e-01;7.090354e-01;1.072844e+00;4.378115e-01;1.163982e+00;4.568848e-01;1.125202e+00;1.100177e+00;1.523754e+00;1.291942e+00;1.680393e+00;1.290256e+00;1.878606e+00;1.448958e+00;1.908303e+00;1.189219e+00;1.889092e+00;1.718416e+00;2.190051e+00;1.748842e+00;2.119717e+00;1.221347e+00;1.813730e+00;1.383816e+00;2.140270e+00;1.301655e+00;2.161137e+00;9.460930e-01;1.865738e+00;9.262414e-01;1.827974e+00;6.249002e-01;1.655891e+00;4.789777e-01;1.468971e+00;4.631490e-01;1.311529e+00;4.125939e-01;1.116402e+00;3.499205e-01;9.225767e-01;2.616540e-01;7.318000e-01;4.464752e-01;1.014921e+00;4.362229e-01;5.436701e-01;4.520013e+01;2.611260e+02;1.502973e+02;4.186055e+02;3.041905e+02;8.418047e+02;1.860891e+02;1.200261e+03;1.668159e-01;5.123169e-01;1.195285e+02;5.878273e+02;3.093980e-01;3.698015e+00;4.680353e+04;1.989261e+05;1.076778e+00;1.827527e+00;2.889749e+01;2.487786e+01;1.179411e-01;-2.857664e-01;1.011416e-01;5.579130e-01;4.504558e-01;8.045050e-01;3.906078e+00;5.290238e+01;5.885960e+00;-2.556236e+01;8.374544e+00;-2.245883e-02;5.753216e+00;1.080834e+01;7.697867e+00;-2.223872e+00;6.664434e+00;-1.499338e+00;1.010928e+01;-1.229066e+01;1.023664e+01;-1.058984e+01;8.097945e+00;-6.797044e+00;1.175415e+01;-4.851056e+00;1.242989e+01;-2.748048e+00;5.749240e+00;-1.273212e+01;6.888287e+00;-9.615130e+00;5.440309e+00;-6.667202e+00;1.104491e-03;1.608709e-04;5.139078e-07;3.429657e-08;2.911085e-06;-1.826132e-08;3.093390e-06;-1.697530e-07;2.214003e-06;-3.585766e-08;7.169676e-05;-4.835484e-06;7.038341e-02;8.566780e-03;1.099581e-01;-2.235938e-03;3.191676e-03;4.259746e-04;1.223193e-03;4.535148e-05;9.531818e-03;3.562930e-04;2.623363e-02;-2.393417e-04;2.765774e-02;-9.466670e-04;2.531452e-02;1.004101e-03;9.544398e-02;2.020021e-04;1.083524e-01;-2.346536e-03;8.954185e-02;1.477950e-04;9.752023e-02;1.305301e-03;1.739442e-01;-1.080907e-03;1.968997e-01;-2.969705e-03;2.654228e-01;2.032278e-03;2.289586e-01;-5.528749e-04;1.633761e-01;-3.302406e-03;3.200467e-01;-2.118900e-03;3.288837e-01;-1.765948e-04;2.232567e-01;-3.148630e-03;2.553237e-01;-1.562425e-02;2.606817e-01;-1.126110e-02;1.722752e-01;-7.138767e-03;1.636239e-01;-5.536995e-03;1.155577e-01;-2.521650e-03;9.158469e-02;-1.601419e-03;9.022519e-02;-9.606809e-04;8.155791e-02;-1.041432e-03;7.090195e-02;-2.245383e-04;5.478032e-02;-3.887394e-04;8.403506e-02;4.069900e-03;7.384913e-02;2.708476e-03;9.775167e+00;7.177734e-02;3.483004e+01;3.158203e-01;5.707230e+01;5.799609e+00;5.204696e+01;6.043653e+00;4.278748e-02;3.317126e-03;2.437145e+01;1.996785e+00;7.208784e-02;2.614000e-03;1.420890e+04;1.299934e+03;3.847039e-01;-6.515758e-02;1.341121e+01;-2.445552e+00;1.915818e-02;-1.183065e-03;1.958479e-02;1.545066e-03;7.585798e-02;2.971091e-03;1.065192e+00;1.069925e-01;1.757974e+00;-1.285253e-01;1.773094e+00;-1.434791e-01;1.440339e+00;2.383193e-01;2.014654e+00;1.168938e-01;2.272764e+00;-7.717314e-02;2.226531e+00;-1.679358e-03;2.668819e+00;1.968599e-02;2.796158e+00;-2.792610e-02;2.236357e+00;-2.963097e-02;2.418359e+00;2.401782e-02;1.734674e+00;-4.151730e-02;1.705884e+00;-1.219649e-01;1.313999e+00;2.996742e-02
49.500000;8.350679e+01;2.258550e+02;2.337381e-02;7.772251e-01;1.163518e-01;1.239639e-01;1.415820e-01;1.238639e-01;9.271978e-02;1.998835e-01;2.938493e+00;2.842137e+00;1.910431e-01;1.452049e+00;1.563275e-01;9.838173e-01;9.913763e-03;6.324393e-02;5.388926e-03;3.070421e-02;1.431443e-02;1.311931e-01;3.688546e-02;2.684171e-01;4.807562e-02;4.048907e-01;4.007837e-02;5.475985e-01;2.341361e-01;6.879944e-01;2.081147e-01;7.670000e-01;2.037896e-01;8.250745e-01;1.745799e-01;9.697713e-01;2.218703e-01;9.695699e-01;2.309958e-01;1.013458e+00;3.651416e-01;1.072318e+00;2.927053e-01;1.167135e+00;2.969219e-01;1.218819e+00;4.551729e-01;1.353370e+00;4.751921e-01;1.388468e+00;5.365798e-01;1.361871e+00;5.212649e-01;1.369090e+00;6.647270e-01;1.420624e+00;3.980020e-01;1.375811e+00;3.918214e-01;1.337666e+00;2.880246e-01;1.365749e+00;2.352903e-01;1.237636e+00;2.178867e-01;1.077417e+00;1.926819e-01;9.053201e-01;1.585822e-01;7.421762e-01;1.272266e-01;6.008096e-01;2.122563e-01;6.662924e-01;1.562088e-01;2.609019e-01;2.613287e+01;2.484932e+02;1.125874e+02;3.805635e+02;2.799086e+02;7.629932e+02;1.948064e+02;1.147002e+03;1.290484e-01;4.539629e-01;1.006859e+02;5.506015e+02;3.870835e-01;3.766793e+00;5.411701e+04;1.940558e+05;8.784867e-01;2.005845e+00;2.135388e+01;2.684101e+01;5.673310e-02;-1.892682e-01;8.164719e-02;5.266659e-01;1.707611e-01;4.699414e-01;3.864495e+00;5.427145e+01;6.910931e+00;-2.331960e+01;1.002101e+01;-2.616928e+00;4.695322e+00;1.530941e+01;7.776612e+00;-2.698988e+00;6.843378e+00;-4.761915e+00;6.987879e+00;-5.162293e+00;8.704496e+00;-8.736629e+00;8.716546e+00;-9.686594e+00;1.082047e+01;-7.084656e+00;1.028648e+01;-4.590482e+00;8.971882e+00;-8.502916e+00;9.075212e+00;-7.281352e+00;5.867228e+00;-4.518139e+00;1.156562e-03;-1.012253e-04;5.537728e-07;-2.548129e-09;3.083050e-06;1.318672e-08;3.595596e-06;-2.837613e-08;2.348595e-06;-2.709123e-09;6.417942e-05;1.271956e-06;4.462099e-02;-4.327775e-03;3.790258e-02;-9.981644e-04;1.847849e-03;-2.711359e-04;1.167578e-03;3.829680e-05;3.151668e-03;-2.123094e-04;6.359190e-03;-8.503674e-04;5.700163e-03;-1.072735e-03;8.926075e-03;-3.811702e-04;3.453207e-02;8.066597e-04;3.589676e-02;3.774516e-05;4.467079e-02;-6.849806e-04;3.358595e-02;7.300458e-04;6.478368e-02;-3.503765e-03;7.265403e-02;-2.372028e-03;8.081787e-02;-1.499022e-03;7.421990e-02;3.773255e-03;6.563513e-02;3.861912e-03;1.081086e-01;-3.582781e-03;1.043739e-01;-3.586119e-03;1.012462e-01;-6.380292e-03;1.154853e-01;-7.379397e-03;1.563547e-01;-3.529309e-03;1.076713e-01;2.608662e-03;1.127340e-01;3.566466e-03;8.441392e-02;-9.179006e-04;7.396112e-02;-7.991572e-04;6.717362e-02;-1.206234e-03;5.874492e-02;-1.278276e-03;4.824552e-02;-1.173022e-03;3.873114e-02;-9.281619e-04;3.798003e-02;-5.558307e-03;3.905804e-02;-2.407946e-03;6.388990e+00;5.024414e-01;2.727619e+01;4.737305e-01;5.809492e+01;5.024414e-01;5.199335e+01;1.464258e+00;3.199916e-02;-3.957506e-03;2.100898e+01;3.567257e-01;6.650809e-02;4.628349e-03;1.376068e+04;1.626794e+02;2.306850e-01;-3.974333e-03;6.872939e+00;-9.791647e-02;1.023236e-02;1.587225e-03;1.667283e-02;3.106743e-04;4.137276e-02;-4.611171e-03;1.077333e+00;2.367219e-02;1.556942e+00;4.247330e-02;1.492759e+00;-1.047074e-01;1.252190e+00;8.809640e-03;1.637220e+00;8.464371e-02;2.117662e+00;-1.477002e-01;1.767678e+00;4.619974e-02;2.524023e+00;2.324012e-01;2.906645e+00;-3.929788e-02;2.383238e+00;-1.062721e-01;2.138490e+00;3.455605e-02;1.801021e+00;6.216862e-02;1.635856e+00;1.352251e-01;1.508992e+00;1.767517e-01
50.000000;1.011581e+02;1.795466e+02;2.536536e-02;7.954453e-01;1.214476e-01;9.309392e-02;1.327669e-01;8.556946e-02;9.165622e-02;1.708608e-01;6.775404e+00;4.544608e+00;2.556048e-01;1.485270e+00;3.654710e-01;1.103073e+00;1.249854e-02;6.184293e-02;3.622813e-03;2.947090e-02;1.419299e-02;1.298606e-01;3.543552e-02;2.655232e-01;4.021440e-02;3.935221e-01;1.352968e-01;5.947633e-01;1.975250e-01;8.158466e-01;2.210486e-01;7.861171e-01;1.415036e-01;8.352949e-01;1.880927e-01;1.042920e+00;1.833536e-01;9.784281e-01;1.837774e-01;1.065749e+00;1.654144e-01;1.018351e+00;2.795798e-01;1.139538e+00;3.022549e-01;1.243601e+00;2.897016e-01;1.186565e+00;6.300598e-01;1.535334e+00;1.606129e+00;2.081345e+00;1.117542e+00;1.702770e+00;7.624942e-01;1.523764e+00;1.902432e+00;2.126957e+00;1.410479e+00;1.896265e+00;6.571668e-01;1.553722e+00;3.539755e-01;1.307179e+00;2.992227e-01;1.126993e+00;2.502763e-01;9.456217e-01;1.836957e-01;7.650837e-01;1.468658e-01;6.187790e-01;5.503734e-01;8.644961e-01;1.187289e-01;1.981511e-01;4.782310e+01;2.958662e+02;6.334829e+01;4.181748e+02;2.117421e+02;7.157637e+02;2.494002e+02;1.074507e+03;1.006618e-01;4.330845e-01;6.882134e+01;5.588929e+02;4.207345e-01;3.864836e+00;6.681466e+04;1.910640e+05;1.409917e+00;2.519061e+00;3.373111e+01;3.318912e+01;7.877209e-02;-1.885217e-01;4.951378e-02;5.410677e-01;2.623385e-01;5.041134e-01;5.982886e+00;5.281238e+01;6.541371e+00;-2.284046e+01;1.244252e+01;-8.042513e-02;1.122317e+01;6.565263e+00;6.823947e+00;-6.571321e+00;5.848905e+00;-4.817239e+00;7.616308e+00;-5.663765e+00;5.612717e+00;-1.119424e+01;9.274322e+00;-1.645835e+01;6.591320e+00;7.025859e-01;5.572275e+00;5.720931e+00;1.207783e+01;-9.330984e+00;1.267139e+01;8.914158e+00;1.449150e+01;9.567653e+00;1.341863e-03;-9.278177e-05;4.564496e-07;1.764276e-08;2.891283e-06;-5.376322e-08;2.938856e-06;-2.118876e-08;2.012481e-06;3.943034e-08;1.680700e-04;4.795622e-06;5.409408e-02;1.312421e-03;7.824642e-02;2.023527e-04;2.311667e-03;2.586211e-05;7.723337e-04;-5.832704e-05;3.048639e-03;1.298884e-04;5.973247e-03;8.390795e-04;6.417445e-03;7.437647e-04;2.192017e-02;-7.551392e-04;3.856518e-02;-9.043770e-04;4.001108e-02;1.076459e-03;2.528815e-02;1.577613e-03;4.761462e-02;1.569773e-03;5.203212e-02;8.966781e-04;5.594492e-02;8.906479e-04;5.377345e-02;-4.604171e-03;7.710291e-02;-1.292418e-03;7.934029e-02;2.846393e-04;6.698411e-02;-7.508765e-03;1.338189e-01;-5.241090e-04;3.240083e-01;7.423753e-03;2.617005e-01;3.052977e-03;1.713764e-01;2.399758e-03;4.179169e-01;6.919792e-03;3.057470e-01;5.771023e-03;1.531494e-01;-1.834448e-03;8.733942e-02;-1.872121e-03;7.530650e-02;-2.744990e-03;6.330304e-02;-2.537602e-03;4.963135e-02;-2.040279e-03;4.007296e-02;-1.696282e-03;6.965492e-02;2.038701e-03;2.940120e-02;-1.888402e-03;8.447995e+00;3.158203e-01;1.872835e+01;1.291992e-01;4.951466e+01;-5.670410e+00;6.346627e+01;-4.450195e+00;3.184724e-02;6.588384e-04;1.643754e+01;-1.120446e+00;6.606513e-02;1.447078e-03;1.604000e+04;-2.753480e+02;2.786928e-01;1.773109e-02;1.025629e+01;6.126671e-02;1.287685e-02;-1.952648e-04;1.241869e-02;-8.344233e-04;5.012802e-02;8.272932e-04;1.118206e+00;-2.826459e-02;1.527782e+00;-3.815014e-03;1.780407e+00;2.328386e-01;1.716523e+00;-3.222041e-01;1.266587e+00;-1.580041e-01;1.785728e+00;1.676086e-01;2.069592e+00;3.837845e-02;1.603661e+00;1.855397e-02;2.413442e+00;-1.586144e-01;1.792290e+00;1.230026e-01;1.565813e+00;1.042362e-01;1.975062e+00;-2.015974e-01;1.993558e+00;3.788238e-01;1.962421e+00;2.904401e-01
50.500000;9.162267e+01;1.299388e+02;2.056880e-02;7.965757e-01;1.809537e-01;1.293338e-01;1.755868e-01;1.134175e-01;1.049670e-01;1.504333e-01;6.452959e+00;5.488861e+00;2.749810e-01;1.370636e+00;3.650999e-01;1.060138e+00;1.358213e-02;5.710334e-02;3.611337e-03;2.707609e-02;4.786263e-03;1.262092e-01;2.015799e-02;2.696451e-01;3.316070e-02;4.210304e-01;1.421615e-01;5.820326e-01;1.661137e-01;6.820618e-01;1.614989e-01;7.103583e-01;9.801490e-02;8.667755e-01;1.820424e-01;9.203733e-01;1.459174e-01;8.838962e-01;1.762463e-01;9.769120e-01;1.568393e-01;1.005326e+00;1.689092e-01;1.088944e+00;3.018732e-01;1.242160e+00;2.740072e-01;1.148826e+00;6.090926e-01;1.482088e+00;1.567554e+00;2.043004e+00;1.061004e+00;1.732337e+00;7.138866e-01;1.604188e+00;1.933356e+00;2.031160e+00;1.434523e+00;1.804655e+00;6.811823e-01;1.435204e+00;3.480322e-01;1.230052e+00;2.954786e-01;1.066855e+00;2.458506e-01;8.938298e-01;1.764409e-01;7.271382e-01;1.390143e-01;5.885196e-01;5.624750e-01;8.287325e-01;7.792278e-02;1.120609e-01;5.233331e+01;2.869658e+02;4.538599e+01;3.677871e+02;1.427614e+02;5.439287e+02;2.186464e+02;9.046816e+02;8.113229e-02;4.279656e-01;6.276507e+01;4.962894e+02;3.502374e-01;3.734512e+00;6.486537e+04;1.814815e+05;1.171017e+00;3.329653e+00;3.128505e+01;3.604332e+01;8.499059e-02;-1.656311e-01;5.169113e-02;4.871733e-01;2.929837e-01;4.271756e-01;5.143032e+00;5.141526e+01;3.895318e+00;-2.194106e+01;8.852670e+00;9.444606e+00;7.365265e+00;1.270948e+00;7.376060e+00;-1.348363e+01;6.294960e+00;-3.951523e-01;9.107505e+00;-5.526710e+00;8.744442e+00;-1.295824e+01;8.582896e+00;-1.839333e+01;5.307151e+00;2.773417e+00;8.020549e+00;1.857747e+00;1.054059e+01;-2.007065e+01;7.687223e+00;1.759001e+01;1.011026e+01;2.006808e+01;1.215785e-03;5.997140e-05;2.748216e-07;1.179145e-09;2.717482e-06;2.213906e-07;3.120195e-06;6.060362e-08;2.613717e-06;-2.292368e-09;1.651678e-04;2.411136e-08;4.187743e-02;-1.286769e-03;7.348963e-02;3.257461e-04;1.670685e-03;-2.258975e-05;8.273107e-04;-1.397077e-04;8.929692e-04;8.770441e-05;2.508724e-03;7.074727e-04;6.317017e-03;1.027046e-03;2.120494e-02;-2.432812e-04;2.448066e-02;-1.057238e-03;3.956621e-02;-1.201350e-03;1.536081e-02;-9.239077e-04;3.836035e-02;1.177504e-03;4.654817e-02;5.447328e-03;3.893999e-02;1.263694e-03;3.339532e-02;9.056752e-04;5.075067e-02;-5.676396e-03;7.874764e-02;-6.358161e-03;7.784607e-02;4.837662e-03;1.308734e-01;5.377738e-03;3.191782e-01;3.726480e-03;2.553494e-01;2.569723e-03;1.700003e-01;9.499711e-04;4.136298e-01;-1.220273e-03;2.967990e-01;-1.792590e-03;1.414193e-01;-1.137601e-03;7.091636e-02;-1.748971e-04;6.386561e-02;7.694401e-05;5.350925e-02;1.248625e-04;4.118410e-02;1.693438e-05;3.308131e-02;-4.164630e-05;6.418923e-02;-1.603051e-04;1.338584e-02;-8.362384e-04;7.207460e+00;-5.024414e-01;7.245403e+00;-1.550391e+00;2.971102e+01;-3.990820e+00;5.519276e+01;-3.947754e+00;2.606439e-02;1.658305e-03;1.078891e+01;-1.675948e+00;5.245601e-02;-6.141488e-03;1.683644e+04;-2.768509e+02;2.415682e-01;2.109131e-02;9.281014e+00;1.190743e-01;1.019796e-02;3.239725e-05;7.626071e-03;-1.517341e-03;4.196077e-02;1.329653e-04;9.582806e-01;-8.855428e-03;1.222858e+00;-2.957471e-02;1.828560e+00;2.641217e-01;1.621075e+00;-4.688720e-02;1.567262e+00;-2.137181e-01;1.689221e+00;2.148493e-01;2.177409e+00;1.774739e-01;1.977439e+00;-1.796637e-01;2.349115e+00;-2.281412e-01;1.684209e+00;2.301447e-03;1.556950e+00;-1.149715e-02;2.480116e+00;-2.595274e-01;1.879348e+00;3.962583e-02;2.442530e+00;2.060266e-01
51.000000;1.811428e+00;9.802905e+01;1.085461e-02;7.871286e-01;1.706451e-01;1.940280e-01;1.618494e-01;1.562417e-01;1.442767e-01;2.340070e-01;1.214953e+00;4.803657e+00;2.222655e-01;9.941916e-01;5.087516e-02;8.756552e-01;1.021961e-02;3.882003e-02;3.344801e-03;2.428445e-02;4.934652e-03;1.267713e-01;2.007096e-02;2.632646e-01;3.302725e-02;4.067835e-01;3.125087e-02;4.817562e-01;6.225668e-02;5.580148e-01;1.417286e-01;7.141019e-01;3.917374e-02;7.725434e-01;8.429748e-02;8.416523e-01;1.607812e-01;8.870423e-01;1.799495e-01;9.422774e-01;1.488688e-01;9.736106e-01;1.510897e-01;1.034301e+00;2.879075e-01;1.137131e+00;2.266634e-01;1.098341e+00;2.438627e-01;1.214911e+00;2.948499e-01;1.293460e+00;3.393270e-01;1.208409e+00;2.383255e-01;1.260542e+00;1.978357e-01;1.160432e+00;1.670934e-01;1.160331e+00;1.481246e-01;1.157584e+00;1.567493e-01;1.104447e+00;1.593120e-01;9.624146e-01;1.374817e-01;8.047698e-01;1.175207e-01;6.635597e-01;8.953346e-02;5.385847e-01;1.757883e-01;3.128570e-01;2.756352e-02;3.980417e-02;2.587810e+01;2.222227e+02;4.654892e+01;2.991680e+02;8.877206e+01;4.593750e+02;1.138163e+02;8.498438e+02;1.124998e-01;3.495591e-01;4.501726e+01;4.295908e+02;1.541101e-01;3.782985e+00;4.611583e+04;1.688985e+05;4.816277e-01;3.398025e+00;1.442132e+01;3.276934e+01;3.677490e-02;-7.608323e-02;3.928144e-02;4.227789e-01;9.528774e-02;1.496542e-01;2.732484e+00;5.440527e+01;4.122499e+00;-1.913320e+01;4.658064e+00;7.906572e+00;6.050858e+00;9.099638e+00;6.961593e+00;-1.322094e+01;6.185546e+00;2.220396e+00;1.102518e+01;5.277951e+00;9.015615e+00;-1.386076e+01;8.666967e+00;-1.826021e+01;5.472758e+00;4.836655e+00;7.082051e+00;-5.910509e+00;6.580059e+00;-2.622565e+01;4.772973e+00;1.418565e+01;6.708057e+00;1.965346e+01;4.756454e-05;-6.595511e-08;2.354078e-07;-7.324240e-09;2.552666e-06;8.058217e-08;3.086215e-06;9.701506e-09;3.289294e-06;-4.537786e-08;2.343179e-05;-1.608084e-06;9.987457e-03;-7.518472e-03;1.495627e-02;-8.388062e-05;3.082163e-04;-3.317618e-04;8.453589e-04;-4.484755e-05;7.677918e-04;-1.915507e-05;2.478428e-03;-4.457681e-04;5.676973e-03;-6.842854e-04;5.680248e-03;4.191826e-04;1.230677e-02;4.780165e-04;4.194320e-02;-1.994928e-03;8.061576e-03;-1.397447e-05;1.443969e-02;-3.628901e-04;3.496513e-02;1.858408e-03;3.273969e-02;1.656561e-03;2.973884e-02;4.639841e-04;3.210671e-02;-2.253946e-03;4.850372e-02;-6.627229e-03;6.790298e-02;3.064646e-03;6.744124e-02;-3.456583e-03;8.497284e-02;-5.742986e-03;8.715016e-02;-4.784713e-03;6.176384e-02;1.192705e-03;6.168867e-02;-3.477134e-03;5.203932e-02;-1.941215e-03;5.028850e-02;3.469914e-03;4.900659e-02;3.858038e-03;4.933631e-02;4.281854e-03;4.373201e-02;3.549234e-03;3.659234e-02;2.939685e-03;2.814684e-02;2.391687e-03;1.164100e-02;-5.474843e-03;3.520353e-03;-8.385263e-04;4.240674e+00;-8.039063e-01;7.870673e+00;-1.148438e+00;2.061867e+01;-9.905273e-01;2.350570e+01;-7.608398e-01;2.388142e-02;-2.624807e-03;7.168396e+00;-1.272667e+00;3.359403e-02;-6.659665e-04;1.242071e+04;-1.023596e+03;1.190398e-01;6.327995e-03;4.255784e+00;3.580112e-01;1.562626e-03;1.186172e-03;5.029276e-03;-1.045259e-03;6.977704e-03;-3.412251e-03;7.996002e-01;1.630716e-02;9.007921e-01;1.688253e-01;1.037521e+00;-1.902763e-01;1.078537e+00;1.502809e-01;1.703984e+00;8.961639e-02;1.553203e+00;3.684903e-02;1.642905e+00;2.765852e-01;2.093907e+00;-9.287313e-02;1.917581e+00;-6.051716e-02;1.415115e+00;3.761766e-02;1.603866e+00;-4.400093e-02;2.017510e+00;5.157300e-02;9.477569e-01;-1.468205e-01;2.006416e+00;7.866985e-03
51.500000;5.773813e-02;9.828583e+01;7.084291e-03;7.974178e-01;1.162740e-01;1.085616e-01;8.716680e-02;9.431496e-02;1.206024e-01;2.487094e-01;1.209822e+00;5.304804e+00;1.440044e-01;6.994495e-01;6.283673e-02;8.876094e-01;6.003946e-03;2.569816e-02;2.673393e-03;2.151927e-02;3.327983e-03;1.265232e-01;1.795049e-02;2.496245e-01;2.220944e-02;3.789069e-01;6.108009e-02;5.111550e-01;1.061069e-01;6.046205e-01;1.116905e-01;6.802354e-01;5.504245e-02;7.929164e-01;6.727917e-02;8.880861e-01;1.264876e-01;9.032591e-01;1.586958e-01;9.557670e-01;1.498336e-01;9.741965e-01;1.391904e-01;9.917861e-01;2.478009e-01;1.052364e+00;2.097343e-01;1.157938e+00;2.021366e-01;1.112697e+00;2.325274e-01;1.141557e+00;2.516840e-01;1.143592e+00;1.831055e-01;1.251001e+00;1.556479e-01;1.256894e+00;1.417031e-01;1.283587e+00;1.804608e-01;1.286415e+00;1.605425e-01;1.186374e+00;1.575117e-01;1.023232e+00;1.395169e-01;8.549864e-01;1.196751e-01;7.016523e-01;8.921992e-02;5.684775e-01;6.021753e-02;1.213815e-01;1.027610e-02;1.219747e-02;2.776624e+01;2.057139e+02;3.381894e+01;2.869658e+02;8.630908e+01;4.701416e+02;6.362502e+01;8.242910e+02;8.902498e-02;2.455435e-01;3.319380e+01;3.986612e+02;1.317371e-01;3.734270e+00;5.052432e+04;1.306408e+05;8.039317e-01;3.751511e+00;6.271766e+01;7.465720e+01;1.618850e-02;-3.337089e-02;2.710718e-02;4.007809e-01;2.782095e-02;5.851257e-02;2.377049e+00;5.494523e+01;6.544033e+00;-1.152144e+01;3.887844e+00;1.731836e+00;5.413556e+00;8.710419e+00;4.782406e+00;-8.927544e+00;4.105083e+00;1.930034e+00;5.520320e+00;1.401885e+01;8.591646e+00;-1.154056e+01;7.285305e+00;-2.192083e+01;6.931044e+00;5.047572e+00;6.840166e+00;-5.132799e+00;7.066200e+00;-2.408469e+01;3.804851e+00;1.327257e+01;6.255109e+00;2.339940e+01;1.281909e-06;-8.859893e-08;5.636268e-08;1.840736e-08;1.574540e-06;-2.530538e-07;1.687931e-06;-6.659541e-08;2.588588e-06;-4.643116e-08;2.092481e-05;1.090684e-06;7.985058e-03;-5.069769e-03;1.831809e-02;2.169410e-04;2.821771e-04;-2.428973e-04;6.956198e-04;2.935247e-05;5.514784e-04;-5.023641e-05;2.161240e-03;-3.057485e-04;6.180526e-03;-6.400915e-04;7.497989e-03;-1.973181e-04;1.417599e-02;4.942205e-04;3.483298e-02;7.873427e-04;8.698059e-03;-2.090429e-04;1.236583e-02;-7.713932e-04;2.475362e-02;-4.314729e-03;2.612613e-02;-7.611581e-05;2.602761e-02;1.826633e-03;3.185542e-02;3.972508e-03;3.725821e-02;5.378773e-03;5.041652e-02;-1.212947e-03;4.634194e-02;-4.217270e-03;5.226127e-02;-5.738046e-03;7.113226e-02;1.970991e-04;5.145386e-02;-2.366441e-04;5.036419e-02;1.973159e-03;4.818173e-02;3.152637e-03;6.410741e-02;2.081679e-03;5.623841e-02;1.752514e-03;5.346821e-02;7.977458e-04;4.818739e-02;1.652272e-04;4.172570e-02;4.556159e-04;3.113583e-02;5.749064e-04;5.024628e-03;-2.616824e-03;1.045927e-03;-2.473088e-04;5.576485e+00;-7.034180e-01;8.125753e+00;2.871094e-01;2.237914e+01;1.607813e+00;1.427383e+01;-4.163086e-01;1.953309e-02;-3.522545e-03;6.381289e+00;-2.465756e-01;3.149094e-02;6.114506e-04;8.047924e+03;-4.990567e+02;2.154503e-01;4.548968e-03;1.185746e+01;1.128818e+00;8.658612e-04;6.723056e-04;5.268771e-03;-1.285352e-04;4.035332e-03;-1.566905e-03;8.761404e-01;-3.202426e-02;8.494104e-01;1.704648e-01;7.463298e-01;-1.497429e-01;9.325156e-01;-4.810987e-02;1.264677e+00;2.326367e-01;1.047924e+00;-8.902477e-02;1.313144e+00;-5.165535e-02;1.421513e+00;1.938924e-01;1.745571e+00;1.358249e-01;1.312141e+00;-1.210576e-02;1.496895e+00;-9.698558e-02;1.155292e+00;1.196555e-01;8.806874e-01;3.971221e-02;1.122290e+00;2.124662e-02
52.000000;5.616549e+01;1.232261e+02;1.750728e-02;8.003148e-01;1.075902e-01;7.103506e-02;9.817028e-02;7.440813e-02;1.753625e-01;2.448512e-01;2.176513e+00;5.495773e+00;4.989223e-01;7.969118e-01;5.104599e-01;1.177240e+00;2.442515e-02;3.136923e-02;6.755358e-03;2.432099e-02;2.241227e-02;1.315492e-01;1.174533e-01;2.970836e-01;1.809644e-01;4.659766e-01;1.961333e-01;6.196663e-01;2.667306e-01;7.671952e-01;5.706334e-01;9.662708e-01;2.354106e-01;9.165041e-01;1.377523e-01;9.352317e-01;7.426344e-01;1.253181e+00;7.026064e-01;1.293307e+00;9.175655e-01;1.422584e+00;1.472198e+00;1.682338e+00;1.028051e+00;1.544787e+00;1.371495e+00;1.929481e+00;9.565782e-01;1.567706e+00;6.088557e-01;1.371529e+00;1.451652e+00;1.957609e+00;7.732460e-01;1.767997e+00;5.154492e-01;1.628081e+00;3.583712e-01;1.575174e+00;4.076492e-01;1.510087e+00;3.403477e-01;1.353938e+00;3.252344e-01;1.182386e+00;2.944444e-01;9.950228e-01;2.500593e-01;8.171781e-01;1.825246e-01;6.563795e-01;5.168793e-01;2.887333e-01;2.032738e-01;1.062322e-01;4.924909e+01;2.078672e+02;9.540459e+01;3.327598e+02;2.332118e+02;6.037910e+02;2.414398e+02;9.137256e+02;2.111408e-01;2.733035e-01;1.224303e+02;4.421188e+02;1.971037e-01;3.762702e+00;6.935077e+04;1.253984e+05;1.454074e+00;3.589692e+00;7.077518e+01;1.028497e+02;1.196491e-01;-7.448582e-02;9.516948e-02;4.407153e-01;2.922298e-01;1.751771e-01;2.620532e+00;5.427256e+01;1.087775e+01;-1.099051e+01;3.209932e+00;-8.486490e-01;6.307651e+00;6.290347e+00;5.628799e+00;-5.227052e+00;6.301085e+00;-1.608579e-01;1.114429e+01;7.271255e+00;8.439433e+00;-8.014456e+00;8.774045e+00;-1.823692e+01;7.575318e+00;-5.731435e-01;5.332051e+00;-3.775389e+00;7.754461e+00;-1.468635e+01;6.975360e+00;1.090940e+01;1.367382e+01;1.870764e+01;4.662157e-04;1.370300e-04;3.639524e-07;-1.436795e-08;1.892581e-06;1.974165e-08;2.022151e-06;9.424146e-08;3.422837e-06;7.899573e-08;4.325452e-05;-3.590023e-06;4.628474e-02;1.302708e-02;7.912082e-02;7.270657e-03;2.205030e-03;6.494952e-04;1.009400e-03;4.887879e-05;6.470695e-03;1.334033e-04;2.231894e-02;1.165742e-03;2.456379e-02;3.068597e-03;2.554168e-02;5.214292e-03;3.719533e-02;4.241072e-03;7.660433e-02;8.158654e-03;3.871350e-02;3.407890e-03;2.054629e-02;2.371610e-03;1.229932e-01;7.637409e-03;9.809452e-02;9.166537e-03;1.785356e-01;8.733392e-03;2.840268e-01;1.309983e-02;1.901959e-01;1.217912e-02;2.570960e-01;2.009523e-02;1.475524e-01;1.730641e-02;1.072104e-01;6.507611e-03;2.979552e-01;1.728580e-02;1.330622e-01;1.393035e-02;1.065961e-01;7.047568e-03;7.559232e-02;1.007308e-02;8.985214e-02;4.856888e-03;7.798080e-02;3.188201e-03;7.494400e-02;3.081158e-03;6.715209e-02;2.927970e-03;5.731336e-02;2.405488e-03;4.274825e-02;1.753733e-03;5.958629e-02;1.682231e-02;1.996007e-02;5.828152e-03;1.040203e+01;8.182617e-01;3.200363e+01;6.603516e-01;5.572556e+01;2.383008e+00;4.437958e+01;5.871387e+00;3.545205e-02;2.388161e-03;2.574589e+01;1.694715e+00;5.032958e-02;1.058707e-03;1.359025e+04;9.646504e+02;3.436714e-01;-1.727025e-02;1.545408e+01;-3.850037e-01;1.158029e-02;-3.511083e-03;1.945330e-02;1.386112e-03;3.301161e-02;7.055200e-03;9.192895e-01;-4.268568e-03;1.530269e+00;-1.999591e-01;1.003888e+00;1.663658e-02;1.397659e+00;4.779406e-02;1.422877e+00;-3.392518e-02;1.399541e+00;-1.646770e-01;1.669421e+00;-3.910961e-01;1.521246e+00;1.167909e-02;2.230363e+00;1.573836e-01;1.461917e+00;-2.144713e-01;1.646062e+00;2.283178e-02;1.272357e+00;2.539619e-01;1.045352e+00;-1.668469e-01;1.374320e+00;-3.448959e-01
52.500000;1.006250e+02;1.884038e+02;3.319464e-02;7.870601e-01;1.615091e-01;1.530402e-01;1.682373e-01;1.351549e-01;1.680741e-01;2.609177e-01;2.862772e+00;4.453304e+00;5.794145e-01;1.284213e+00;5.011552e-01;1.305657e+00;2.840343e-02;5.651083e-02;6.902387e-03;2.828420e-02;2.274806e-02;1.359086e-01;1.111994e-01;3.175406e-01;1.696140e-01;5.084332e-01;2.116146e-01;6.765532e-01;2.694794e-01;7.654375e-01;5.496483e-01;1.020777e+00;2.402295e-01;9.942540e-01;1.545923e-01;9.410992e-01;7.230378e-01;1.331362e+00;6.513877e-01;1.413295e+00;9.252207e-01;1.654953e+00;1.426790e+00;1.841606e+00;9.689586e-01;1.692174e+00;1.348071e+00;2.137933e+00;9.077057e-01;1.906194e+00;6.420452e-01;1.566293e+00;1.458534e+00;2.222398e+00;1.138238e+00;2.240711e+00;7.053412e-01;1.861478e+00;5.217429e-01;1.762789e+00;5.596446e-01;1.673088e+00;3.881512e-01;1.443287e+00;3.314052e-01;1.250930e+00;2.909568e-01;1.047909e+00;2.457122e-01;8.555866e-01;1.807978e-01;6.851005e-01;6.223202e-01;8.022044e-01;2.773407e-01;2.679726e-01;5.799752e+01;2.405977e+02;9.666455e+01;3.458232e+02;3.029548e+02;6.676729e+02;3.309681e+02;1.085130e+03;2.344473e-01;4.456539e-01;1.376724e+02;5.024957e+02;2.200196e-01;3.733432e+00;8.730281e+04;1.723995e+05;1.372839e+00;2.822546e+00;6.203106e+01;5.906805e+01;1.360388e-01;-1.858628e-01;1.056574e-01;4.859060e-01;3.323287e-01;4.246415e-01;3.552220e+00;5.406443e+01;1.116421e+01;-1.990002e+01;5.389363e+00;-5.168148e-02;7.375906e+00;1.018528e+01;5.004340e+00;-3.857976e+00;7.858545e+00;-4.699450e+00;1.077576e+01;-5.500437e+00;7.048628e+00;-8.561775e+00;7.494462e+00;-1.457173e+01;8.804036e+00;-9.675597e+00;6.725640e+00;-1.708483e+00;7.879427e+00;-6.394516e+00;1.233674e+01;-2.780783e+00;1.201729e+01;5.290019e+00;1.464934e-03;1.489098e-04;5.048403e-07;7.994909e-09;2.980896e-06;2.768594e-08;3.597958e-06;3.634500e-08;3.434979e-06;7.121681e-08;6.267259e-05;-1.742491e-06;6.341133e-02;1.540644e-02;9.175759e-02;4.487218e-03;2.916413e-03;7.320431e-04;1.080215e-03;2.145377e-04;6.567977e-03;-3.929090e-05;2.264686e-02;-5.677493e-05;2.564982e-02;7.800319e-04;3.330781e-02;2.116882e-03;3.969670e-02;1.197713e-03;7.784802e-02;1.400201e-03;4.683798e-02;1.572320e-03;2.277159e-02;5.967379e-05;1.310973e-01;1.442029e-03;1.023370e-01;3.940481e-05;1.960779e-01;6.480047e-03;2.918169e-01;8.529815e-04;1.984622e-01;-2.621020e-03;2.708829e-01;1.362600e-02;1.722784e-01;1.714374e-02;1.402730e-01;9.899796e-03;3.251120e-01;1.052903e-02;2.438795e-01;2.182965e-02;1.669410e-01;8.131421e-03;1.139959e-01;7.727518e-03;1.476397e-01;5.952045e-03;1.034655e-01;2.656537e-03;8.725216e-02;2.035370e-03;7.557296e-02;1.979220e-03;6.363217e-02;1.207571e-03;4.853305e-02;7.255883e-04;9.277287e-02;1.503445e-02;3.979263e-02;8.212700e-03;1.053672e+01;1.320703e+00;3.302374e+01;4.593750e-01;6.428054e+01;6.158496e+00;5.742237e+01;1.184326e+01;4.161032e-02;4.793196e-03;2.852026e+01;3.618689e+00;5.547941e-02;-8.131862e-04;1.590674e+04;3.359296e+03;3.039158e-01;-2.842025e-02;1.104629e+01;-1.409410e+00;1.803185e-02;-3.455853e-03;2.169357e-02;2.540553e-03;4.815913e-02;9.976506e-03;9.781359e-01;-7.221819e-02;1.763908e+00;-2.924076e-01;1.403007e+00;1.704707e-01;1.636405e+00;9.013046e-02;1.440069e+00;-1.604371e-01;1.480206e+00;-8.185402e-02;1.944195e+00;-2.155251e-01;1.672556e+00;-1.558654e-01;2.266733e+00;-5.208178e-02;1.732172e+00;-8.881304e-02;2.033154e+00;1.820848e-01;1.675108e+00;8.090150e-02;1.674935e+00;-4.223750e-01;1.397073e+00;-2.289569e-01
53.000000;9.423669e+01;2.675870e+02;3.693561e-02;8.009608e-01;1.465903e-01;1.482795e-01;1.633263e-01;1.353862e-01;7.591806e-02;2.079801e-01;2.314565e+00;4.512662e+00;2.841523e-01;1.657847e+00;2.499316e-01;1.094818e+00;1.098706e-02;7.400075e-02;9.061680e-03;3.430587e-02;9.108490e-03;1.303698e-01;3.261163e-02;2.695784e-01;6.044634e-02;4.293624e-01;1.283629e-01;6.130420e-01;7.288118e-02;6.700106e-01;1.305942e-01;8.018970e-01;1.411551e-01;9.600996e-01;9.839812e-02;9.276912e-01;2.016543e-01;9.981535e-01;1.988110e-01;1.057188e+00;4.895847e-01;1.270161e+00;5.680286e-01;1.353119e+00;4.160335e-01;1.371247e+00;5.611832e-01;1.540992e+00;5.450467e-01;1.614471e+00;6.892831e-01;1.582805e+00;6.924721e-01;1.575797e+00;1.092821e+00;1.847910e+00;6.382781e-01;1.611652e+00;5.254070e-01;1.534794e+00;5.046569e-01;1.484987e+00;2.997506e-01;1.311522e+00;2.212069e-01;1.137628e+00;1.790659e-01;9.552099e-01;1.446882e-01;7.843816e-01;1.128022e-01;6.312003e-01;3.350640e-01;1.103143e+00;3.752939e-01;4.612566e-01;5.790274e+01;3.010342e+02;2.396055e+02;4.180312e+02;3.832656e+02;8.093613e+02;4.063245e+02;1.343241e+03;1.101382e-01;4.991247e-01;1.692713e+02;6.058400e+02;1.678585e-01;3.658213e+00;1.109158e+05;2.501568e+05;1.013464e+00;2.024682e+00;1.837255e+01;1.979680e+01;7.296380e-02;-2.577121e-01;1.237794e-01;5.611730e-01;2.390361e-01;6.403277e-01;3.884295e+00;5.304166e+01;6.391550e+00;-2.683076e+01;6.229879e+00;1.699273e+00;5.671458e+00;1.531456e+01;6.256720e+00;-9.062416e+00;6.291861e+00;-1.108115e+01;6.968427e+00;-8.841022e+00;7.811834e+00;-9.586469e+00;8.641536e+00;-1.441976e+01;7.589829e+00;-1.369249e+01;6.887608e+00;-2.080198e-01;7.660644e+00;-4.720337e+00;8.249809e+00;-1.347003e+01;5.557152e+00;2.493928e+00;1.542971e-03;1.180194e-05;3.704800e-07;3.322197e-08;2.993518e-06;-3.626171e-08;3.600078e-06;-5.929498e-08;1.700836e-06;-5.575738e-08;5.172192e-05;1.390010e-06;6.013707e-02;-2.589939e-03;5.456417e-02;-6.219280e-03;2.564900e-03;-2.470939e-04;1.385022e-03;1.087176e-04;1.418342e-03;-1.803604e-04;4.501123e-03;-1.202010e-03;8.682585e-03;-2.889726e-03;2.177536e-02;-5.425163e-03;1.896566e-02;-3.925366e-03;3.048072e-02;-5.134212e-03;3.154685e-02;-2.365432e-03;1.518386e-02;-2.434699e-03;5.956391e-02;-9.272129e-03;4.711394e-02;-9.744029e-03;9.064209e-02;-8.121923e-03;1.512430e-01;-7.864221e-03;1.242338e-01;-5.371349e-03;1.043018e-01;-1.661751e-02;1.065609e-01;-1.386682e-02;1.683145e-01;1.820795e-03;1.483238e-01;-1.335017e-02;2.270745e-01;-1.487114e-02;1.435238e-01;-9.285292e-03;1.006194e-01;-1.239247e-02;1.319454e-01;-5.083568e-03;8.840665e-02;-3.646439e-03;7.260020e-02;-3.321753e-03;6.309979e-02;-2.906628e-03;5.416103e-02;-2.435990e-03;4.265578e-02;-1.813642e-03;8.315811e-02;-1.093237e-02;9.342286e-02;-2.135844e-03;1.498047e+01;3.875977e-01;6.555508e+01;1.263281e+00;6.552541e+01;4.766016e+00;5.872277e+01;2.483496e+00;3.630210e-02;-6.046132e-04;3.256185e+01;1.716435e+00;4.186048e-02;2.256837e-03;1.469227e+04;1.132539e+03;1.964494e-01;-4.676846e-03;4.676913e+00;-2.824732e-02;1.840123e-02;1.926981e-03;2.383100e-02;1.251397e-03;5.704156e-02;-1.721648e-03;9.786031e-01;-2.989779e-02;1.552762e+00;-1.416043e-02;1.292387e+00;-3.123743e-02;1.388300e+00;8.974827e-02;1.278976e+00;-1.154150e-01;1.326292e+00;-1.249586e-01;1.685560e+00;2.023769e-01;1.534335e+00;1.008183e-01;1.767378e+00;9.012436e-02;1.940667e+00;8.548341e-02;1.844790e+00;-9.899344e-02;1.898874e+00;-7.832101e-02;2.160154e+00;-2.558761e-02;1.212287e+00;9.225778e-02
53.500000;9.893466e+01;2.443564e+02;2.809454e-02;8.064673e-01;1.042926e-01;1.015353e-01;1.299694e-01;1.097864e-01;8.830309e-02;1.906788e-01;2.103480e+00;5.493315e+00;2.951733e-01;1.570890e+00;1.901978e-01;9.993353e-01;1.283097e-02;6.721799e-02;8.680753e-03;3.606072e-02;9.289816e-03;1.275075e-01;3.901045e-02;2.746908e-01;4.203367e-02;4.145087e-01;6.039537e-02;5.206538e-01;1.111067e-01;6.795558e-01;1.343603e-01;7.999703e-01;1.488903e-01;8.487499e-01;1.333449e-01;9.596823e-01;1.865656e-01;9.960372e-01;2.768795e-01;1.050153e+00;2.850698e-01;1.099309e+00;6.532022e-01;1.323091e+00;5.269520e-01;1.339297e+00;4.841728e-01;1.271837e+00;5.418168e-01;1.364721e+00;7.466660e-01;1.568148e+00;4.358461e-01;1.391104e+00;4.906159e-01;1.362354e+00;3.540372e-01;1.420210e+00;2.975399e-01;1.374574e+00;2.410546e-01;1.309366e+00;1.995236e-01;1.204144e+00;1.849302e-01;1.055942e+00;1.640734e-01;8.935556e-01;1.356281e-01;7.372397e-01;1.065117e-01;5.963148e-01;3.447008e-01;8.577300e-01;3.720132e-01;4.216583e-01;5.930651e+01;2.993115e+02;2.398161e+02;4.539199e+02;3.391177e+02;8.853018e+02;3.806556e+02;1.365779e+03;1.223177e-01;4.309344e-01;1.569992e+02;6.329058e+02;2.320243e-01;3.778059e+00;1.107540e+05;2.481851e+05;1.037488e+00;1.801889e+00;3.356471e+01;2.442996e+01;8.009733e-02;-2.151618e-01;1.116645e-01;5.861955e-01;2.472875e-01;5.696105e-01;3.656024e+00;5.383823e+01;7.851099e+00;-2.596259e+01;6.919956e+00;-1.968450e+00;6.662600e+00;1.597703e+01;6.432158e+00;-9.705022e+00;8.510009e+00;-1.320209e+01;5.770614e+00;-6.726918e+00;7.075599e+00;-7.584080e+00;8.674305e+00;-1.019343e+01;6.706913e+00;-8.725077e+00;7.140949e+00;-3.700414e+00;6.997689e+00;-8.380823e+00;9.019400e+00;-9.016251e+00;5.593936e+00;3.312155e+00;9.445119e-04;-5.202284e-05;3.443125e-07;-1.977982e-08;2.587955e-06;-1.259322e-08;2.969665e-06;-5.900131e-08;1.847679e-06;-1.480525e-08;4.032897e-05;-7.644285e-07;5.619364e-02;-3.322473e-03;4.007988e-02;-1.858800e-03;2.373646e-03;-1.811516e-04;1.685707e-03;-1.312673e-04;2.706179e-03;8.180842e-05;6.070209e-03;8.398294e-04;8.557824e-03;7.098238e-04;9.296960e-03;-2.141242e-03;3.126470e-02;2.068135e-03;3.518379e-02;2.313389e-03;2.407533e-02;-5.594837e-04;2.680758e-02;2.079601e-03;5.486159e-02;2.908606e-03;6.490532e-02;2.593185e-03;6.314091e-02;-5.912709e-03;1.662653e-01;1.617336e-03;1.322960e-01;7.011715e-03;9.483387e-02;-1.158457e-02;9.619497e-02;-6.441978e-03;1.626869e-01;4.940740e-03;8.490859e-02;-9.010342e-03;1.198119e-01;-2.020596e-02;8.204079e-02;-5.457487e-03;7.980083e-02;-6.530396e-03;6.680521e-02;-4.013520e-03;6.073470e-02;-2.240956e-03;6.018741e-02;-7.134705e-04;5.436636e-02;-3.820093e-04;4.596323e-02;-1.688039e-04;3.671507e-02;-1.300619e-04;5.721194e-02;-6.766645e-03;9.987608e-02;-5.134101e-03;1.492838e+01;-4.737305e-01;7.055831e+01;6.029297e-01;7.569781e+01;-3.430957e+00;6.821719e+01;-8.096484e+00;4.248653e-02;-1.719974e-03;3.683038e+01;-1.671129e+00;4.961634e-02;4.418572e-03;1.839744e+04;-2.347010e+03;2.401344e-01;3.869907e-03;8.913864e+00;6.864235e-02;1.574796e-02;1.259435e-03;2.636803e-02;-9.311383e-04;5.391654e-02;-3.822439e-03;9.552834e-01;9.501068e-02;1.751346e+00;4.335000e-02;1.115369e+00;-1.896984e-01;1.780262e+00;2.025445e-02;1.517324e+00;3.255032e-02;2.089042e+00;-5.369289e-02;1.952663e+00;1.464018e-01;1.417894e+00;1.370855e-01;1.599594e+00;4.405289e-02;1.864686e+00;7.843690e-02;1.727340e+00;-7.697392e-02;1.784331e+00;-8.653876e-02;2.059027e+00;2.476537e-01;1.401673e+00;-6.837776e-02
54.000000;8.517567e+01;1.686781e+02;1.955114e-02;7.866837e-01;1.184417e-01;1.437586e-01;1.384076e-01;1.345802e-01;1.173489e-01;2.415570e-01;2.245459e+00;4.593190e+00;2.120368e-01;1.373836e+00;1.648038e-01;9.604710e-01;7.749627e-03;6.154159e-02;7.510471e-03;2.756362e-02;8.448039e-03;1.302891e-01;2.988651e-02;2.878141e-01;3.677154e-02;4.382775e-01;5.940589e-02;5.262745e-01;1.403024e-01;6.981754e-01;1.445464e-01;8.083335e-01;1.041745e-01;8.170959e-01;1.638056e-01;9.175236e-01;2.119709e-01;9.907461e-01;2.627577e-01;1.092069e+00;2.463046e-01;1.042439e+00;4.466460e-01;1.154452e+00;3.827232e-01;1.188889e+00;3.447455e-01;1.153419e+00;4.307345e-01;1.213401e+00;5.475709e-01;1.298553e+00;3.568871e-01;1.290032e+00;3.948138e-01;1.315106e+00;3.043670e-01;1.371083e+00;2.780546e-01;1.409721e+00;2.276209e-01;1.331299e+00;2.099945e-01;1.218443e+00;1.950323e-01;1.062372e+00;1.674151e-01;8.922796e-01;1.368164e-01;7.315537e-01;1.067613e-01;5.926064e-01;1.993823e-01;7.583801e-01;1.820387e-01;1.913405e-01;2.965542e+01;2.576807e+02;9.458282e+01;3.689355e+02;2.391475e+02;6.706875e+02;2.984569e+02;1.027564e+03;1.715291e-01;5.007770e-01;1.115441e+02;5.108722e+02;2.767786e-01;3.784691e+00;7.342387e+04;1.496563e+05;1.122773e+00;2.504215e+00;4.195636e+01;4.367268e+01;4.613868e-02;-1.788689e-01;8.402645e-02;5.010313e-01;1.349642e-01;4.120803e-01;3.089072e+00;5.693916e+01;7.611100e+00;-1.973863e+01;3.851723e+00;-7.841720e+00;6.124332e+00;1.237744e+01;5.642143e+00;-5.378085e+00;7.607503e+00;-1.410423e+01;5.895166e+00;-5.951858e+00;4.524899e+00;-2.734696e+00;5.055135e+00;-8.758079e+00;4.572600e+00;-6.623794e+00;5.848423e+00;-3.937789e+00;5.988438e+00;-1.003314e+01;5.211730e+00;-6.243141e+00;5.706906e+00;-2.362437e+00;7.769393e-04;-1.457609e-04;3.338974e-07;-2.612167e-08;2.708120e-06;1.556324e-07;3.143220e-06;-5.690536e-08;2.234129e-06;8.822925e-08;3.693394e-05;6.984897e-07;4.222886e-02;-4.531041e-03;3.295523e-02;-2.148360e-04;1.754339e-03;3.427395e-05;1.278532e-03;-2.271353e-04;2.637603e-03;3.905255e-06;6.191113e-03;4.815399e-04;9.260643e-03;7.286182e-04;9.620330e-03;8.650738e-04;3.932825e-02;3.147198e-04;3.619669e-02;-4.423772e-04;1.913822e-02;-6.945215e-04;2.811259e-02;-6.455727e-04;5.399009e-02;5.190834e-04;6.757973e-02;5.976801e-04;5.585878e-02;8.443880e-04;1.082431e-01;1.748909e-04;8.153149e-02;-2.033617e-03;8.421265e-02;-3.674580e-03;8.782439e-02;-3.866655e-03;9.992472e-02;-6.886436e-03;7.688618e-02;-8.501139e-04;8.912589e-02;8.641406e-04;6.760486e-02;2.302547e-03;7.685357e-02;6.544866e-04;7.202524e-02;1.484637e-03;6.809478e-02;1.170389e-03;6.237760e-02;8.168443e-04;5.385332e-02;6.232886e-04;4.445506e-02;5.584095e-04;3.493070e-02;5.035162e-04;4.274343e-02;3.893759e-03;5.198720e-02;-2.805752e-03;7.170496e+00;-7.464844e-01;3.017806e+01;-1.923633e+00;5.610073e+01;-8.268750e+00;6.042916e+01;-9.173144e+00;4.979381e-02;1.280301e-03;2.394491e+01;-3.505336e+00;5.503486e-02;-7.988594e-03;1.567232e+04;-2.466325e+03;2.676638e-01;2.233755e-02;1.323404e+01;5.025427e-01;1.050233e-02;-2.905483e-04;1.755435e-02;-2.655929e-03;3.435139e-02;-1.618147e-03;9.443720e-01;8.343219e-02;1.574977e+00;2.011231e-01;1.166107e+00;-1.127377e-01;1.601179e+00;-9.135231e-02;1.525804e+00;2.128827e-01;2.020555e+00;3.523178e-02;1.845732e+00;-1.405875e-01;1.257558e+00;-1.137680e-02;1.704867e+00;-1.499619e-02;1.575069e+00;-1.802335e-02;1.727269e+00;-9.672794e-03;1.594587e+00;-2.590974e-02;1.634996e+00;-1.364427e-02;1.250157e+00;-9.803525e-02
54.500000;5.789913e+01;1.266828e+02;5.894693e-03;7.837955e-01;1.127448e-01;2.005939e-01;1.051292e-01;1.234017e-01;1.076518e-01;2.813639e-01;1.269453e+00;3.876693e+00;2.093225e-01;1.200330e+00;7.689364e-02;9.242564e-01;8.626308e-03;6.124139e-02;3.959601e-03;2.043966e-02;5.444011e-03;1.289886e-01;1.893559e-02;2.715929e-01;4.499976e-02;4.250776e-01;7.185762e-02;5.481009e-01;1.404793e-01;6.624333e-01;1.360355e-01;7.577506e-01;7.059602e-02;8.210108e-01;1.220141e-01;8.896489e-01;1.705621e-01;9.594089e-01;1.501617e-01;1.010967e+00;1.113719e-01;9.792583e-01;1.982818e-01;1.056898e+00;1.502814e-01;1.111291e+00;1.372042e-01;1.106704e+00;2.118291e-01;1.143548e+00;2.808910e-01;1.173867e+00;1.065287e-01;1.179747e+00;1.842453e-01;1.282605e+00;1.582547e-01;1.352264e+00;2.059111e-01;1.368608e+00;1.838222e-01;1.321721e+00;1.788049e-01;1.216190e+00;1.657269e-01;1.058934e+00;1.398247e-01;8.871936e-01;1.165336e-01;7.276953e-01;9.135767e-02;5.891647e-01;2.539413e-01;8.414507e-01;6.486794e-02;9.175255e-02;1.832277e+01;2.372959e+02;5.372763e+01;3.021826e+02;1.244819e+02;4.718643e+02;1.669953e+02;7.835215e+02;1.874603e-01;5.751209e-01;6.694964e+01;4.103515e+02;3.340869e-01;3.447178e+00;3.387421e+04;9.414186e+04;1.343507e+00;3.578711e+00;7.673901e+01;8.468349e+01;4.662326e-02;-1.798543e-01;5.809400e-02;4.186953e-01;1.191183e-01;3.623992e-01;2.728050e+00;5.886350e+01;7.180198e+00;-1.199630e+01;3.888709e+00;-1.175506e+01;3.632380e+00;1.009996e+01;7.079522e+00;1.320552e+00;4.297758e+00;-1.357480e+01;4.898307e+00;-5.956828e+00;3.791979e+00;-1.444638e-01;5.651531e+00;-1.269034e+01;6.568084e+00;-1.217188e+01;4.795016e+00;-4.189261e+00;5.527656e+00;-9.511432e+00;3.945278e+00;-7.821748e+00;4.324890e+00;-4.227720e+00;4.124626e-04;-9.366662e-05;1.012125e-07;-2.034744e-08;2.195962e-06;4.958303e-08;2.307735e-06;3.929895e-08;2.256000e-06;-1.193064e-08;2.543950e-05;2.900750e-06;1.989250e-02;-9.039069e-03;1.939077e-02;-2.390511e-03;7.565785e-04;-3.586390e-04;7.441810e-04;-1.247166e-04;8.951761e-04;-2.651079e-05;3.749770e-03;-5.330309e-04;8.595679e-03;-1.482922e-03;9.757152e-03;-1.033251e-03;4.364503e-02;-4.054884e-03;3.066652e-02;-4.334142e-03;9.870887e-03;-1.468532e-03;1.777522e-02;-2.886752e-03;3.877615e-02;-4.457082e-03;4.356798e-02;-3.507627e-03;2.909151e-02;1.134041e-04;6.632863e-02;-5.046549e-03;4.444171e-02;-7.219336e-03;3.747103e-02;-2.135732e-03;4.453368e-02;-6.795316e-03;6.240124e-02;-1.011425e-02;3.373062e-02;-2.772348e-03;4.406404e-02;-3.501950e-04;4.742869e-02;-7.343325e-04;5.204315e-02;-5.329469e-04;6.194717e-02;-1.048759e-03;6.226877e-02;-3.604146e-04;5.703106e-02;-6.632293e-04;4.803548e-02;-4.311092e-04;4.029754e-02;-1.755232e-04;3.148302e-02;-1.019343e-04;3.404110e-02;-6.693800e-03;1.497265e-02;-2.879820e-03;5.703928e+00;-3.588867e-01;1.308138e+01;-1.823145e+00;2.634727e+01;-5.598633e+00;3.571748e+01;-3.990820e+00;6.943744e-02;-2.679119e-03;1.204434e+01;-2.415624e+00;5.278692e-02;-8.517529e-03;6.839519e+03;-1.116125e+03;3.164387e-01;2.434827e-02;1.980606e+01;1.012607e+00;5.014112e-03;1.698909e-03;1.018408e-02;-2.100478e-03;1.769814e-02;-5.347583e-03;8.030657e-01;8.735728e-03;1.069450e+00;2.191571e-01;8.114725e-01;-6.878899e-02;1.002522e+00;-2.239808e-02;1.196885e+00;2.285518e-01;1.349153e+00;1.013012e-01;1.630257e+00;-3.475110e-03;1.020598e+00;6.371923e-02;1.752468e+00;-9.846117e-03;1.614589e+00;-1.094913e-01;1.251648e+00;-3.534912e-02;1.326957e+00;-3.267315e-02;1.238734e+00;-1.406474e-01;1.019361e+00;4.211986e-02
55.000000;1.342578e-01;9.808875e+01;1.287609e-02;7.911163e-01;1.139945e-01;1.599491e-01;8.173846e-02;9.781022e-02;1.444297e-01;3.091108e-01;1.822191e+00;5.485651e+00;2.082300e-01;8.673890e-01;6.601390e-02;9.010876e-01;1.320399e-02;4.682129e-02;2.154554e-03;1.691232e-02;5.618608e-03;1.277186e-01;1.483227e-02;2.653975e-01;4.189919e-02;4.014083e-01;8.687290e-02;5.418223e-01;1.234164e-01;5.925729e-01;1.056288e-01;6.819220e-01;7.191918e-02;7.448735e-01;1.222303e-01;8.673797e-01;1.318031e-01;9.190546e-01;1.511392e-01;9.089319e-01;1.229498e-01;1.003160e+00;1.591640e-01;1.040024e+00;1.020099e-01;1.055775e+00;1.128225e-01;1.068101e+00;1.496883e-01;1.091319e+00;2.045975e-01;1.186865e+00;1.625012e-01;1.241974e+00;1.642883e-01;1.306638e+00;1.301578e-01;1.389456e+00;1.321192e-01;1.359263e+00;1.790441e-01;1.297508e+00;1.593677e-01;1.182454e+00;1.561947e-01;1.024718e+00;1.369247e-01;8.580703e-01;1.186458e-01;7.024992e-01;8.952671e-02;5.693730e-01;3.610713e-01;5.202250e-01;2.741952e-02;3.045029e-02;2.034783e+01;2.149014e+02;2.821096e+01;2.571064e+02;7.418653e+01;3.508477e+02;1.395342e+02;6.134092e+02;2.115747e-01;4.533690e-01;4.286692e+01;3.355164e+02;2.356217e-01;3.149312e+00;2.287551e+04;6.431702e+04;2.152085e+00;5.165930e+00;1.529022e+02;1.763375e+02;6.455491e-02;-1.125239e-01;3.932434e-02;3.500564e-01;1.257762e-01;2.041664e-01;2.945660e+00;5.889653e+01;4.828191e+00;-3.762846e+00;3.724840e+00;-1.188336e+01;3.545184e+00;9.393927e+00;6.011906e+00;1.114225e+01;4.997548e+00;-9.749547e+00;4.924636e+00;-8.591657e+00;5.144351e+00;1.149710e+00;6.191405e+00;-1.153305e+01;5.387610e+00;-1.560866e+01;4.937095e+00;-8.550888e+00;5.232316e+00;-1.155762e+01;4.999478e+00;-6.530663e+00;4.472598e+00;2.763238e-02;1.511191e-06;-1.095572e-07;8.954335e-08;1.180702e-08;1.695725e-06;-2.040569e-07;1.334248e-06;-9.598924e-09;2.815127e-06;-1.012259e-08;2.980876e-05;3.659799e-06;1.365908e-02;-6.410595e-03;2.070794e-02;-4.193500e-04;6.236620e-04;-3.016351e-04;5.706139e-04;-2.708492e-05;8.957825e-04;8.831172e-05;2.832376e-03;-2.233659e-04;7.938208e-03;1.168271e-05;9.363354e-03;3.160039e-04;4.074294e-02;-9.945307e-04;2.754094e-02;-3.223820e-03;1.118906e-02;-2.507810e-03;1.611391e-02;8.268346e-04;2.766003e-02;1.164652e-03;3.542379e-02;-6.326396e-04;2.666444e-02;-2.165213e-03;5.547135e-02;-4.396316e-03;4.053255e-02;-2.219621e-03;4.083359e-02;1.026480e-03;5.008019e-02;2.371333e-03;5.409296e-02;-1.372763e-03;4.087804e-02;3.618968e-03;4.928780e-02;2.821219e-03;4.960830e-02;-6.411516e-04;4.915609e-02;-1.980881e-04;6.061497e-02;-1.108631e-03;5.486070e-02;-7.732279e-04;5.208154e-02;-8.836489e-04;4.545576e-02;-7.960803e-04;3.901802e-02;-4.545166e-04;2.964784e-02;-5.571721e-04;2.524911e-02;-7.568318e-03;3.045604e-03;-9.225496e-04;4.022094e+00;-1.435547e-01;6.239528e+00;-3.158203e-01;1.851699e+01;-8.469726e-01;2.529194e+01;-4.134375e+00;6.531068e-02;-2.215289e-03;6.781799e+00;-1.150480e+00;4.608994e-02;-6.255808e-03;4.099756e+03;-6.488933e+02;5.395187e-01;6.146713e-02;4.006294e+01;4.934893e+00;3.827638e-03;1.488058e-03;6.004822e-03;-1.036220e-03;1.126193e-02;-3.337641e-03;8.906622e-01;-3.918641e-02;8.359159e-01;1.561270e-01;6.260973e-01;9.342418e-02;1.042939e+00;-2.656318e-02;1.173776e+00;1.373926e-01;1.272777e+00;1.956962e-01;1.685910e+00;5.277944e-02;9.503600e-01;-7.016222e-02;1.647100e+00;-1.197313e-01;1.546471e+00;-1.596835e-01;1.406326e+00;-6.053264e-02;1.160362e+00;9.489428e-02;1.299648e+00;1.013354e-01;1.051644e+00;9.552807e-02
55.500000;7.301329e-02;9.798676e+01;1.241752e-02;7.931057e-01;7.541402e-02;1.066237e-01;7.216794e-02;7.215367e-02;1.970053e-01;3.671994e-01;1.992832e+00;6.363906e+00;1.017750e-01;5.969639e-01;6.474204e-02;9.133811e-01;5.704552e-03;3.139793e-02;2.045822e-03;1.530234e-02;4.781945e-03;1.274651e-01;1.218921e-02;2.598756e-01;3.218532e-02;3.919049e-01;9.196661e-02;5.213898e-01;7.367500e-02;5.761725e-01;1.143515e-01;6.678445e-01;8.382543e-02;7.480696e-01;1.143197e-01;8.528879e-01;1.177382e-01;9.066449e-01;1.868268e-01;8.960999e-01;1.674583e-01;9.946521e-01;1.266682e-01;1.022200e+00;9.299199e-02;1.048485e+00;1.148577e-01;1.090874e+00;1.686042e-01;1.147516e+00;1.703507e-01;1.265625e+00;1.379654e-01;1.349067e+00;1.530002e-01;1.393346e+00;1.144757e-01;1.409773e+00;1.209253e-01;1.400347e+00;1.731564e-01;1.305491e+00;1.630276e-01;1.193203e+00;1.541621e-01;1.032668e+00;1.345889e-01;8.645039e-01;1.159706e-01;7.083020e-01;8.590309e-02;5.734988e-01;8.925414e-02;1.936938e-01;5.739176e-03;7.043350e-03;2.006636e+01;1.965264e+02;1.790467e+01;2.351426e+02;3.162474e+01;2.924209e+02;1.301857e+02;4.697109e+02;1.331363e-01;3.046231e-01;2.028205e+01;2.875356e+02;2.065883e-01;2.977700e+00;1.723875e+04;4.782204e+04;2.424045e+00;7.313861e+00;1.901282e+02;3.331960e+02;1.746376e-02;-4.872447e-02;1.846235e-02;3.038940e-01;3.324222e-02;7.915705e-02;3.234239e+00;5.656014e+01;4.048597e+00;2.039219e+00;3.322550e+00;-6.856650e+00;3.870741e+00;7.446542e+00;3.930773e+00;1.572515e+01;6.833588e+00;-1.629169e+00;4.696661e+00;-7.908600e+00;5.405709e+00;1.266363e+00;6.554485e+00;-1.041859e+01;5.848278e+00;-1.786837e+01;5.691207e+00;-1.250987e+01;4.423412e+00;-1.208735e+01;6.786903e+00;-2.839146e+00;5.335576e+00;2.620694e+00;1.276737e-06;-1.984266e-07;8.658380e-08;8.790719e-09;1.507514e-06;-3.071130e-08;1.348235e-06;-4.261044e-08;3.916090e-06;1.346429e-08;4.295372e-05;4.268011e-08;5.633741e-03;-3.169464e-03;1.845074e-02;6.342035e-04;3.174336e-04;-1.200301e-04;5.459884e-04;-4.308389e-05;7.952880e-04;-7.819874e-06;1.617725e-03;-2.999629e-04;6.963482e-03;8.191266e-04;9.986323e-03;2.678235e-03;2.244896e-02;1.848375e-04;2.020596e-02;-7.257195e-04;1.342046e-02;9.054915e-04;1.458018e-02;1.510206e-03;2.637053e-02;1.157185e-03;4.087950e-02;2.660627e-04;2.749359e-02;-3.285253e-04;4.828572e-02;5.795251e-04;3.541552e-02;1.309378e-03;3.725402e-02;1.320930e-03;5.430901e-02;4.996331e-04;4.985657e-02;-1.177515e-04;3.914530e-02;1.305792e-03;4.868222e-02;1.298365e-03;4.313828e-02;1.012718e-03;4.962566e-02;-6.148668e-04;5.672752e-02;4.906459e-04;5.302513e-02;1.011622e-03;4.899552e-02;8.894065e-04;4.295852e-02;6.275919e-04;3.762686e-02;3.632235e-04;2.784665e-02;3.539667e-04;8.461211e-03;-8.029669e-04;6.210736e-04;-2.004154e-04;5.406716e+00;1.004883e-01;3.381162e+00;7.177734e-02;8.959228e+00;-1.435547e-02;2.530905e+01;-4.478906e+00;3.862903e-02;6.490535e-04;3.053419e+00;-5.701479e-01;3.494789e-02;-4.938486e-03;2.723008e+03;-3.970562e+02;6.499797e-01;5.514323e-02;5.066372e+01;4.308908e+00;1.349946e-03;3.555363e-04;2.862885e-03;-4.902897e-04;6.250599e-03;-3.530672e-04;8.864225e-01;-3.930802e-02;7.341049e-01;1.054814e-01;6.496397e-01;8.603286e-02;8.824927e-01;-3.945680e-02;1.123454e+00;5.399308e-02;8.958688e-01;1.109357e-01;1.249411e+00;-4.804266e-02;9.220659e-01;-5.156187e-02;1.524683e+00;-9.541728e-05;1.206461e+00;-1.555117e-01;1.452150e+00;-1.634938e-01;1.186004e+00;4.613143e-02;1.355306e+00;1.648734e-01;1.113964e+00;1.310962e-01
56.000000;7.154814e+01;1.497073e+02;2.263630e-02;7.918183e-01;8.484196e-02;1.119187e-01;1.145187e-01;9.275199e-02;1.867646e-01;3.253135e-01;2.915858e+00;4.968247e+00;6.841021e-01;1.036496e+00;5.474948e-01;1.273000e+00;3.436147e-02;5.201519e-02;1.031922e-02;2.183674e-02;2.026106e-02;1.333922e-01;6.522626e-02;2.881791e-01;1.054391e-01;4.587149e-01;1.774257e-01;6.319638e-01;5.203084e-01;9.087775e-01;6.205521e-01;1.004997e+00;3.203452e-01;9.822254e-01;2.711927e-01;1.039225e+00;4.932149e-01;1.217437e+00;7.185748e-01;1.397586e+00;9.008992e-01;1.465125e+00;1.447826e+00;1.739094e+00;1.314708e+00;1.796875e+00;1.121682e+00;1.874898e+00;1.189657e+00;1.969229e+00;1.085260e+00;1.969648e+00;1.038302e+00;2.115687e+00;8.960825e-01;1.962430e+00;6.736509e-01;1.771907e+00;5.252391e-01;1.695806e+00;4.592532e-01;1.563624e+00;3.655156e-01;1.388988e+00;3.330480e-01;1.208097e+00;2.815653e-01;1.013671e+00;2.325490e-01;8.323109e-01;1.767987e-01;6.681083e-01;9.207429e-01;7.771788e-01;4.875597e-01;2.854158e-01;4.297155e+01;2.276777e+02;1.720049e+02;3.207012e+02;3.394786e+02;4.949766e+02;4.443497e+02;7.388760e+02;2.575425e-01;4.389168e-01;1.822142e+02;4.040986e+02;4.503281e-01;3.201812e+00;89920;1.073737e+05;3.670907e+00;5.901525e+00;2.310879e+02;2.689440e+02;2.038436e-01;-1.807257e-01;1.485049e-01;4.005349e-01;5.236112e-01;4.211901e-01;2.970122e+00;5.405499e+01;1.445810e+01;-7.970106e+00;5.187264e+00;-2.362091e+00;5.510392e+00;8.578686e+00;1.105805e+01;7.951850e+00;8.662328e+00;-2.192334e+00;9.035257e+00;-1.165110e+01;7.921279e+00;-5.480738e+00;8.350724e+00;-1.032844e+01;7.624743e+00;-1.637167e+01;6.014824e+00;-1.166693e+01;5.274858e+00;-7.641464e+00;4.716982e+00;1.135779e+00;7.311229e+00;8.405928e-01;4.119991e-04;8.720083e-05;3.023671e-07;-1.003383e-08;1.675336e-06;-5.208896e-08;2.385802e-06;4.413993e-08;3.785611e-06;-1.605005e-08;5.497515e-05;-4.928462e-06;5.934398e-02;1.060000e-02;7.445514e-02;8.408804e-04;3.145674e-03;5.011546e-04;1.557810e-03;6.865709e-05;4.978237e-03;-8.392621e-05;1.068055e-02;-9.471093e-05;1.572999e-02;-1.292931e-04;1.985723e-02;1.382680e-04;7.712509e-02;1.962419e-03;1.016133e-01;4.043547e-03;4.599304e-02;2.833486e-03;4.438461e-02;2.717388e-04;1.073970e-01;1.401347e-03;1.233698e-01;2.512283e-03;1.667958e-01;9.056490e-04;2.688125e-01;-1.849007e-03;2.161941e-01;4.395244e-04;1.752694e-01;4.130562e-03;1.976571e-01;2.676826e-03;1.692037e-01;2.915931e-03;1.688170e-01;2.700505e-03;1.373099e-01;-1.923144e-03;9.669525e-02;-1.568720e-03;8.599942e-02;-9.161587e-04;7.330325e-02;-1.820768e-04;7.194231e-02;-6.675893e-05;6.805208e-02;4.920002e-04;5.782883e-02;6.071377e-04;4.940053e-02;2.894888e-04;3.780545e-02;3.559696e-04;8.650795e-02;1.647102e-02;1.205157e-01;2.368355e-03;8.939331e+00;3.301758e-01;3.813827e+01;7.608398e-01;6.828577e+01;1.550391e+00;6.739310e+01;5.340234e+00;4.654943e-02;5.193097e-03;2.962462e+01;1.695898e+00;7.696994e-02;8.274526e-03;1.600596e+04;8.464133e+02;8.097055e-01;-6.198807e-02;5.531122e+01;-4.915234e+00;2.321012e-02;-3.023632e-03;2.222545e-02;1.546209e-03;8.335526e-02;7.222094e-03;7.760027e-01;-1.534679e-02;1.523470e+00;-2.346553e-01;1.489553e+00;2.746111e-03;1.474074e+00;1.547209e-02;1.610430e+00;-3.015253e-01;1.567881e+00;-1.336915e-01;1.984518e+00;-1.877983e-02;1.364056e+00;-1.152588e-01;1.745392e+00;8.024119e-02;1.516168e+00;1.857750e-01;1.607307e+00;7.663186e-02;1.164342e+00;8.392347e-02;1.440885e+00;1.920495e-02;1.328831e+00;-1.792209e-01
56.500000;8.574774e+01;2.398053e+02;2.641855e-02;7.961667e-01;1.367751e-01;1.299640e-01;1.724456e-01;1.568843e-01;1.001116e-01;2.606332e-01;2.866130e+00;3.015711e+00;4.793056e-01;1.650693e+00;5.278236e-01;1.349377e+00;2.410359e-02;8.103706e-02;8.487347e-03;2.848199e-02;1.999991e-02;1.356800e-01;6.085628e-02;2.995144e-01;9.082250e-02;4.795779e-01;1.367812e-01;6.858029e-01;5.191209e-01;9.147491e-01;6.209124e-01;1.005030e+00;2.897438e-01;1.050319e+00;2.611118e-01;1.039052e+00;5.047518e-01;1.258671e+00;6.881885e-01;1.450907e+00;8.627274e-01;1.547823e+00;1.435868e+00;1.766571e+00;1.247363e+00;1.960809e+00;1.098733e+00;2.095412e+00;1.164398e+00;2.176280e+00;1.076643e+00;2.130530e+00;1.077825e+00;2.327374e+00;9.198620e-01;2.244360e+00;7.394290e-01;1.871482e+00;5.417036e-01;1.694464e+00;5.378678e-01;1.669356e+00;3.880680e-01;1.448364e+00;3.366763e-01;1.245545e+00;2.819652e-01;1.044170e+00;2.339451e-01;8.551556e-01;1.792071e-01;6.868107e-01;7.226675e-01;1.509814e+00;4.377168e-01;4.620958e-01;2.530597e+01;2.548096e+02;1.556691e+02;3.590303e+02;3.054875e+02;6.122607e+02;4.047752e+02;1.126187e+03;2.002486e-01;6.001014e-01;1.423337e+02;5.119574e+02;3.366253e-01;3.497427e+00;9.228152e+04;1.892308e+05;2.399865e+00;3.048912e+00;1.381205e+02;7.100035e+01;1.502020e-01;-3.329213e-01;1.096004e-01;4.898030e-01;3.988905e-01;7.258604e-01;3.593222e+00;5.244124e+01;8.379944e+00;-2.327929e+01;7.115621e+00;3.466980e+00;5.328168e+00;1.453488e+01;9.295160e+00;-4.658440e+00;7.344052e+00;-8.285234e+00;8.637515e+00;-1.367489e+01;6.590043e+00;-1.365839e+01;8.458418e+00;-9.400896e+00;8.382438e+00;-1.436253e+01;6.050285e+00;-1.263588e+01;8.789142e+00;-2.049611e+00;4.150263e+00;-4.837541e-02;7.265986e+00;-3.886664e+00;7.673736e-04;1.391622e-04;3.628089e-07;1.158568e-08;2.740512e-06;-7.261107e-08;3.225735e-06;6.167445e-08;2.402324e-06;7.749504e-08;5.319166e-05;-3.742280e-06;7.152422e-02;1.162721e-02;8.186547e-02;-6.559508e-04;3.512024e-03;5.921262e-04;1.684846e-03;1.104812e-04;5.020028e-03;-2.040695e-05;1.094412e-02;4.184107e-05;1.530732e-02;-2.393396e-04;2.497292e-02;-5.194499e-04;7.776012e-02;1.316028e-03;1.016486e-01;2.607234e-03;4.928858e-02;1.220838e-03;4.466911e-02;-5.767632e-04;1.154517e-01;-1.573104e-03;1.257573e-01;-1.618825e-03;1.710194e-01;-5.322433e-04;2.695858e-01;-8.439597e-04;2.185893e-01;4.922368e-04;2.041478e-01;-9.761028e-04;2.188665e-01;-1.523914e-03;1.869866e-01;-1.124523e-03;2.259008e-01;-1.028946e-03;1.788673e-01;8.998215e-04;1.308503e-01;-3.291299e-03;8.765045e-02;-1.457459e-03;1.024784e-01;-2.998377e-03;8.074547e-02;-2.506001e-03;7.316449e-02;-1.226571e-03;6.141273e-02;-7.716608e-04;5.109660e-02;-4.192727e-04;3.995330e-02;-3.845081e-04;1.233989e-01;1.626018e-02;1.243952e-01;1.915106e-03;8.500801e+00;3.014649e-01;3.839034e+01;7.321289e-01;7.617885e+01;7.608398e-01;8.757577e+01;5.038770e+00;5.076243e-02;3.955193e-03;3.271734e+01;1.441068e+00;8.714109e-02;4.922288e-03;2.049041e+04;8.900394e+02;7.252813e-01;-6.104955e-02;4.456187e+01;-5.103136e+00;2.686794e-02;-3.076103e-03;2.450451e-02;1.291193e-03;8.977955e-02;5.035642e-03;8.577182e-01;4.649065e-03;1.688975e+00;-3.131083e-01;1.757164e+00;1.088950e-01;1.614883e+00;1.000968e-01;1.821615e+00;-3.618777e-01;1.806901e+00;-1.367911e-01;2.115778e+00;-4.638783e-02;1.674886e+00;-1.385359e-01;2.010875e+00;8.725695e-02;1.652865e+00;3.535031e-02;1.764708e+00;3.093360e-02;1.622801e+00;1.857466e-01;1.368648e+00;-9.950779e-02;1.328228e+00;-2.054765e-01
57.000000;6.758186e+01;2.973490e+02;1.761051e-02;7.964064e-01;1.265085e-01;1.368237e-01;1.574277e-01;1.586674e-01;9.102234e-02;2.824213e-01;1.968466e+00;2.376854e+00;2.441832e-01;1.624571e+00;1.894612e-01;9.969707e-01;1.029966e-02;7.790600e-02;5.081548e-03;2.673217e-02;6.462050e-03;1.287134e-01;2.026978e-02;2.635137e-01;2.755326e-02;4.102607e-01;6.606106e-02;5.678721e-01;8.533589e-02;6.420828e-01;1.334242e-01;7.340322e-01;9.591424e-02;8.862845e-01;5.712523e-02;8.857017e-01;2.411004e-01;9.676303e-01;2.186727e-01;1.012835e+00;1.990476e-01;1.103783e+00;2.027944e-01;1.118313e+00;2.985540e-01;1.221862e+00;5.543502e-01;1.382157e+00;5.341664e-01;1.427997e+00;4.970990e-01;1.436597e+00;6.719359e-01;1.517787e+00;6.999708e-01;1.541760e+00;4.519989e-01;1.421093e+00;1.849162e-01;1.345897e+00;4.064593e-01;1.369587e+00;2.578114e-01;1.234852e+00;1.828944e-01;1.070095e+00;1.466044e-01;8.978473e-01;1.207459e-01;7.363875e-01;9.651446e-02;5.962947e-01;3.839892e-01;1.390132e+00;1.752937e-01;2.812027e-01;2.113474e+01;2.591162e+02;2.029358e+01;3.163945e+02;1.434021e+02;4.916748e+02;3.300875e+02;1.094892e+03;1.410982e-01;5.276526e-01;7.071517e+01;4.801722e+02;1.989540e-01;3.502412e+00;7.742680e+04;1.803003e+05;9.972592e-01;2.872968e+00;4.058138e+01;3.629288e+01;7.808284e-02;-2.879043e-01;5.038232e-02;4.673887e-01;1.712440e-01;5.678279e-01;3.353164e+00;5.306615e+01;5.576708e+00;-2.488133e+01;6.249783e+00;3.234858e+00;3.970929e+00;1.816130e+01;4.791534e+00;-1.104174e+01;7.078897e+00;-1.013397e+01;5.248775e+00;-7.607305e+00;4.849685e+00;-1.606020e+01;6.156449e+00;-9.697181e+00;8.161378e+00;-1.401889e+01;3.908273e+00;-1.546084e+01;8.342275e+00;-3.147743e-01;4.713838e+00;-1.131285e+00;5.289263e+00;-5.370277e+00;8.824468e-04;5.159035e-05;2.344119e-07;5.555398e-09;2.541471e-06;6.098162e-09;2.777750e-06;-2.476294e-09;1.935171e-06;3.731285e-09;3.814166e-05;1.010286e-06;4.479470e-02;-5.016197e-03;3.703874e-02;-1.997669e-03;1.938895e-03;-2.697952e-04;8.761433e-04;1.259765e-05;1.013109e-03;7.198854e-05;3.990558e-03;2.931068e-05;6.547614e-03;-5.420353e-04;1.780783e-02;-9.876644e-04;1.768013e-02;-1.776077e-03;2.231677e-02;-2.238206e-03;2.207781e-02;-1.376734e-03;1.814703e-02;-1.774148e-03;6.494819e-02;-3.735909e-03;6.125874e-02;-3.485126e-03;5.086830e-02;-2.050727e-03;5.073968e-02;3.969127e-04;4.618962e-02;-1.217193e-03;1.229683e-01;-4.956159e-03;1.130800e-01;-5.496301e-03;9.639528e-02;-5.543271e-03;1.551562e-01;-6.717911e-03;1.253465e-01;-2.090819e-03;9.566897e-02;-6.378620e-04;4.664127e-02;7.590677e-04;8.503883e-02;-1.263998e-03;6.030273e-02;-1.708121e-03;5.020330e-02;-1.740701e-03;4.098282e-02;-1.587084e-03;3.371028e-02;-1.267434e-03;2.695349e-02;-1.003183e-03;9.953387e-02;-1.076584e-02;3.306916e-02;-1.841220e-03;4.708594e+00;5.742187e-02;5.679688e+00;-1.148437e-01;3.905524e+01;-1.047949e+00;6.818959e+01;-2.038476e+00;4.093522e-02;-4.110084e-03;1.583010e+01;-6.063662e-01;5.827185e-02;-3.507925e-03;1.512093e+04;-3.384764e+02;2.893678e-01;1.283543e-02;1.415478e+01;4.150400e-01;1.563873e-02;2.073849e-03;1.183466e-02;-5.083885e-04;3.513792e-02;-4.189426e-03;7.473742e-01;1.084373e-02;1.295797e+00;3.315473e-02;1.244962e+00;1.519567e-02;1.324149e+00;5.033365e-02;1.418485e+00;4.152182e-02;1.694729e+00;-2.338042e-02;1.312858e+00;4.385331e-02;1.511645e+00;1.065161e-01;1.666874e+00;1.079971e-02;1.361326e+00;-6.705600e-02;1.350480e+00;-3.920761e-02;1.785185e+00;-2.658420e-02;1.160791e+00;-2.899873e-02;1.143421e+00;5.904729e-02
57.500000;1.023360e+02;2.485748e+02;1.735560e-02;7.888636e-01;1.270198e-01;1.230958e-01;1.323896e-01;1.179623e-01;1.139627e-01;2.579356e-01;6.071395e+00;2.571963e+00;2.312801e-01;1.479474e+00;1.512018e-01;9.805354e-01;1.208483e-02;6.696284e-02;5.875533e-03;2.804863e-02;1.182996e-02;1.290837e-01;3.473356e-02;2.673867e-01;4.734675e-02;4.059089e-01;5.800473e-02;5.104374e-01;1.076495e-01;6.924856e-01;2.362623e-01;8.890249e-01;2.575778e-01;8.927552e-01;1.131972e-01;9.116767e-01;2.096119e-01;9.796223e-01;2.500110e-01;1.063270e+00;2.192151e-01;1.097693e+00;3.501729e-01;1.253898e+00;2.758194e-01;1.210037e+00;3.333336e-01;1.246422e+00;3.373457e-01;1.249219e+00;4.089870e-01;1.387087e+00;4.778148e-01;1.413884e+00;5.874169e-01;1.381428e+00;3.023597e-01;1.400105e+00;2.756299e-01;1.433599e+00;1.760456e-01;1.287708e+00;1.498879e-01;1.181031e+00;1.340638e-01;1.038364e+00;1.179803e-01;8.724121e-01;9.928842e-02;7.181700e-01;7.894956e-02;5.812120e-01;3.924361e-01;1.047161e+00;1.355301e-01;2.318933e-01;2.924431e+01;2.741895e+02;9.233089e+01;3.840088e+02;2.632771e+02;6.027861e+02;2.738176e+02;1.071923e+03;1.310624e-01;4.912102e-01;1.016295e+02;5.179897e+02;2.971196e-01;3.642162e+00;6.286804e+04;1.663316e+05;1.123557e+00;2.593193e+00;3.133337e+01;3.602519e+01;7.218668e-02;-2.162486e-01;7.819234e-02;5.047866e-01;1.774000e-01;4.864005e-01;2.069396e+00;5.460636e+01;5.385042e+00;-2.394687e+01;3.805309e+00;-1.725842e+00;5.341018e+00;1.631126e+01;7.113858e+00;-9.865044e+00;6.831881e+00;-1.101000e+01;5.168204e+00;-8.710877e+00;6.094274e+00;-1.181887e+01;9.127282e+00;-3.767421e+00;6.324307e+00;-8.170414e+00;5.530869e+00;-1.305384e+01;5.378374e+00;-2.786268e+00;4.706766e+00;3.062446e-01;9.501249e+00;-6.736497e+00;9.794490e-04;-9.535160e-05;3.022838e-07;-1.045272e-08;2.191211e-06;-1.562129e-07;2.550867e-06;-2.479390e-07;2.123493e-06;-9.680460e-08;1.371619e-04;2.414252e-06;3.782985e-02;-2.214482e-03;2.746699e-02;2.313137e-04;1.953068e-03;-1.968898e-04;8.600455e-04;1.247165e-05;3.583604e-03;1.028501e-04;7.043077e-03;3.524865e-04;8.499182e-03;1.072475e-05;1.171248e-02;-1.101556e-03;2.639880e-02;-7.237605e-04;3.872622e-02;7.627266e-04;4.453667e-02;2.130695e-04;2.347587e-02;1.161625e-04;6.428246e-02;1.156094e-03;6.784654e-02;1.438661e-03;5.424537e-02;-2.862555e-03;6.082543e-02;-1.772192e-03;4.559350e-02;-2.397979e-04;8.008029e-02;9.864379e-04;7.829529e-02;-2.689603e-03;7.530453e-02;1.872340e-03;9.369516e-02;4.096608e-03;1.353874e-01;-2.894972e-03;6.193976e-02;1.272358e-03;7.545009e-02;1.443918e-03;4.818746e-02;2.294882e-03;4.609277e-02;1.465532e-03;4.277878e-02;4.495674e-04;3.812514e-02;1.799565e-04;3.239775e-02;3.806876e-05;2.572415e-02;4.615984e-05;7.629085e-02;-8.492365e-03;2.866736e-02;-4.123307e-04;1.131563e+01;-1.866211e-01;2.049971e+01;1.636523e+00;5.073739e+01;2.440430e+00;5.748897e+01;1.679590e+00;4.063502e-02;-6.380281e-04;1.852475e+01;8.494523e-01;5.958201e-02;4.616078e-03;1.278516e+04;-3.024873e+01;2.177805e-01;-7.164370e-03;7.225717e+00;2.047361e-01;1.332003e-02;1.482888e-03;1.389141e-02;8.391217e-04;2.874686e-02;-7.655296e-04;6.649935e-01;1.772166e-02;1.254133e+00;5.873895e-02;1.183338e+00;-1.047438e-01;1.296261e+00;-8.305815e-02;1.581169e+00;3.287164e-02;2.001914e+00;1.715117e-02;1.288277e+00;9.118026e-02;1.348075e+00;1.199584e-01;1.832784e+00;1.367238e-01;1.354416e+00;2.054048e-01;1.556291e+00;1.071044e-04;1.499349e+00;-5.229635e-02;1.313188e+00;7.653265e-02;1.361216e+00;-2.067780e-01
58.000000;8.247641e+01;1.392839e+02;1.522292e-02;7.863852e-01;1.419795e-01;9.604079e-02;1.222293e-01;6.809899e-02;1.008795e-01;1.730459e-01;6.104973e+00;3.623655e+00;2.502839e-01;1.337598e+00;1.525115e-01;9.748178e-01;1.038060e-02;6.157425e-02;6.970336e-03;2.646133e-02;1.152322e-02;1.307703e-01;3.192651e-02;2.744552e-01;4.403805e-02;4.225352e-01;8.126879e-02;5.340392e-01;1.239981e-01;6.364686e-01;2.458247e-01;8.479310e-01;2.642706e-01;8.665887e-01;1.151829e-01;9.290512e-01;1.784295e-01;9.789196e-01;2.162760e-01;1.074543e+00;2.228117e-01;1.023816e+00;3.779879e-01;1.137360e+00;2.939365e-01;1.184234e+00;3.285257e-01;1.171102e+00;3.576611e-01;1.197281e+00;4.187017e-01;1.324049e+00;4.958113e-01;1.402514e+00;5.743595e-01;1.482705e+00;2.932423e-01;1.436887e+00;2.856457e-01;1.440058e+00;1.861279e-01;1.345246e+00;1.581787e-01;1.224304e+00;1.418640e-01;1.063512e+00;1.251336e-01;8.919797e-01;1.045815e-01;7.321179e-01;8.263604e-02;5.927952e-01;3.415977e-01;9.145355e-01;1.523888e-01;1.751026e-01;3.209306e+01;2.639971e+02;9.781490e+01;3.969287e+02;2.539960e+02;6.200127e+02;3.037149e+02;9.768896e+02;1.587340e-01;5.346065e-01;1.146390e+02;5.003355e+02;3.533764e-01;3.599464e+00;7.266588e+04;1.389615e+05;1.562811e+00;2.944796e+00;7.986711e+01;6.539956e+01;6.295873e-02;-1.830444e-01;8.820201e-02;4.937731e-01;1.821658e-01;4.372001e-01;2.310699e+00;5.582953e+01;7.776363e+00;-1.984095e+01;3.644341e+00;-4.281874e+00;5.205762e+00;1.203219e+01;6.898270e+00;-7.625754e+00;6.334732e+00;-8.561969e+00;5.466109e+00;-8.263674e+00;5.639452e+00;-8.012915e+00;8.690343e+00;1.517568e+00;6.840837e+00;-6.452073e+00;6.619991e+00;-1.442344e+01;5.200503e+00;-3.225106e+00;5.467640e+00;-1.318828e+00;1.005125e+01;-1.319869e+01;7.802982e-04;-9.516049e-05;2.835860e-07;2.489452e-09;2.277166e-06;-1.072831e-07;2.295309e-06;-2.193747e-07;1.947796e-06;-9.338889e-08;1.362290e-04;1.053723e-06;3.445397e-02;-1.414943e-03;2.821914e-02;7.242758e-04;1.653340e-03;-2.423145e-05;8.690695e-04;-2.532125e-05;3.587767e-03;-1.683690e-05;6.680779e-03;-4.637535e-05;8.967997e-03;-9.226852e-05;1.305229e-02;8.022093e-05;2.594612e-02;-2.555892e-04;3.607042e-02;1.805709e-03;4.460024e-02;1.574348e-03;2.505866e-02;5.710905e-04;5.115975e-02;5.994426e-04;5.127575e-02;1.610817e-04;5.127573e-02;3.206304e-03;6.394400e-02;1.496898e-03;4.679107e-02;-2.051909e-03;6.139944e-02;-3.140853e-03;8.004471e-02;-2.359450e-03;7.463425e-02;5.287473e-03;1.003264e-01;4.913343e-03;1.435998e-01;1.076607e-03;6.639577e-02;2.093881e-03;7.823646e-02;9.969882e-04;6.012939e-02;9.862547e-04;5.408824e-02;8.569535e-04;4.897279e-02;4.655006e-04;4.326834e-02;2.276557e-04;3.613550e-02;1.388259e-04;2.823250e-02;2.558781e-04;6.349887e-02;4.745445e-04;2.673964e-02;-3.004676e-04;1.141536e+01;1.866211e-01;2.338821e+01;5.455078e-01;4.821573e+01;9.331055e-01;5.407855e+01;-3.588867e-01;5.853347e-02;4.367167e-03;1.827392e+01;1.748149e-01;5.661425e-02;-5.292403e-04;1.109946e+04;-2.298333e+02;3.183309e-01;7.058819e-03;1.885552e+01;1.039281e+00;1.114629e-02;-1.805979e-06;1.396488e-02;2.287790e-04;2.899439e-02;-3.855456e-04;7.438831e-01;9.916457e-03;1.168567e+00;8.647217e-02;1.134338e+00;-3.279074e-02;1.034144e+00;-1.791797e-01;1.526619e+00;3.473882e-02;1.746282e+00;2.027269e-01;1.306687e+00;-7.704673e-03;1.624703e+00;-4.201512e-02;1.982354e+00;1.886365e-01;1.948785e+00;1.299287e-01;1.794076e+00;-1.365805e-01;1.697201e+00;-1.054037e-01;1.649006e+00;-2.040095e-02;1.345285e+00;-9.373891e-02
58.500000;2.113992e+00;9.749481e+01;1.410712e-02;7.843621e-01;1.362110e-01;1.157329e-01;1.179393e-01;9.060273e-02;1.630131e-01;2.268526e-01;1.124260e+00;4.853850e+00;2.323841e-01;1.036532e+00;4.830796e-02;8.940534e-01;8.357882e-03;5.274440e-02;4.526302e-03;1.965105e-02;4.571426e-03;1.272035e-01;1.520109e-02;2.669353e-01;2.112728e-02;4.154556e-01;6.745611e-02;5.441536e-01;8.780363e-02;5.940939e-01;7.041787e-02;7.014242e-01;7.373095e-02;7.847978e-01;9.451956e-02;8.459134e-01;1.185449e-01;8.496146e-01;1.112396e-01;9.144222e-01;1.019416e-01;9.615465e-01;1.359049e-01;9.626264e-01;2.100430e-01;1.050123e+00;2.206860e-01;1.122846e+00;2.377186e-01;1.207985e+00;1.802339e-01;1.119857e+00;2.350478e-01;1.163361e+00;2.520426e-01;1.241320e+00;1.345576e-01;1.330663e+00;1.365224e-01;1.323016e+00;1.708566e-01;1.303701e+00;1.570448e-01;1.199327e+00;1.378767e-01;1.042228e+00;1.191327e-01;8.753379e-01;9.891511e-02;7.167254e-01;7.681728e-02;5.807119e-01;2.449380e-01;7.101844e-01;5.303321e-02;5.422233e-02;1.805083e+01;2.416025e+02;6.789697e+01;3.086426e+02;1.062362e+02;4.408564e+02;1.933568e+02;6.887754e+02;1.654441e-01;4.852178e-01;7.241132e+01;3.862502e+02;3.359995e-01;3.225690e+00;3.888448e+04;7.543223e+04;2.236325e+00;5.020088e+00;1.594202e+02;1.889040e+02;4.221904e-02;-1.336168e-01;6.376568e-02;4.000277e-01;1.101769e-01;2.853231e-01;2.086901e+00;5.649984e+01;8.064109e+00;-1.029723e+01;2.972004e+00;-5.358745e+00;4.454152e+00;1.103715e+01;4.940430e+00;-5.139462e+00;6.470138e+00;-1.088968e+01;2.780900e+00;-4.853323e+00;8.261870e+00;-2.422060e+00;6.622663e+00;-6.711939e-01;7.059093e+00;-9.623051e+00;5.978928e+00;-1.430247e+01;5.968983e+00;-6.838212e+00;6.602310e+00;-8.493593e+00;4.575871e+00;-1.429722e+01;4.589101e-05;-1.023726e-07;9.181226e-08;-2.264858e-09;1.807481e-06;1.280201e-07;1.667564e-06;1.218265e-07;2.893207e-06;8.366842e-08;2.369378e-05;-1.448221e-06;1.272405e-02;-6.935124e-03;1.545040e-02;2.889304e-04;4.056295e-04;-2.199468e-04;6.161311e-04;-6.550768e-05;8.120235e-04;-1.498071e-04;2.924953e-03;-3.813285e-04;7.424120e-03;-1.834548e-04;8.604678e-03;1.117998e-03;2.031937e-02;-9.493213e-04;1.384349e-02;-1.974568e-03;1.311381e-02;-1.480284e-03;1.827904e-02;-9.522203e-04;3.678785e-02;-1.990003e-03;2.245826e-02;-1.472273e-03;2.408661e-02;3.566577e-03;3.905277e-02;3.435495e-03;4.549332e-02;1.394957e-03;5.058158e-02;8.772633e-04;6.957582e-02;4.351247e-03;5.805949e-02;-8.902751e-04;6.801442e-02;-2.389210e-03;7.338599e-02;1.258404e-03;4.214185e-02;9.572575e-04;4.323903e-02;2.786490e-04;5.639451e-02;8.501949e-04;5.200299e-02;5.153351e-04;4.616839e-02;5.854673e-04;4.003244e-02;4.992500e-04;3.317923e-02;3.711580e-04;2.558785e-02;2.656877e-04;2.444075e-02;-4.707335e-03;6.374198e-03;-1.449211e-03;4.403059e+00;-7.177734e-02;1.277178e+01;-1.966699e+00;1.463143e+01;-2.469141e+00;3.056404e+01;-5.268457e+00;6.365537e-02;-4.990507e-04;7.495106e+00;-1.873547e+00;4.150581e-02;-7.961644e-03;4.890011e+03;-7.900341e+02;4.116642e-01;4.441057e-02;3.122662e+01;2.482108e+00;3.636543e-03;1.049035e-03;6.523301e-03;-1.693643e-03;1.487711e-02;-3.596010e-03;7.028370e-01;-8.326439e-04;9.789309e-01;1.730287e-01;8.183561e-01;2.432273e-03;9.704378e-01;6.273150e-02;9.934584e-01;1.405545e-01;1.294494e+00;-1.528544e-01;9.116350e-01;-5.640312e-02;1.750635e+00;1.137552e-01;1.517221e+00;-1.059629e-01;1.989343e+00;-1.096941e-01;1.483349e+00;3.356998e-02;1.518973e+00;-1.687463e-01;1.494385e+00;-1.621958e-01;8.054295e-01;2.195725e-01
59.000000;2.122897e+00;9.752955e+01;1.074522e-02;7.734855e-01;1.183608e-01;1.946447e-01;1.111778e-01;1.420186e-01;1.793278e-01;3.235672e-01;1.991311e+00;5.539911e+00;1.730033e-01;7.096107e-01;4.445001e-02;8.822411e-01;9.718832e-03;3.781569e-02;2.445920e-03;1.580877e-02;4.211640e-03;1.260143e-01;1.922426e-02;2.606953e-01;2.594296e-02;3.899419e-01;5.795236e-02;4.896744e-01;1.126933e-01;5.975744e-01;1.002370e-01;6.315005e-01;9.303688e-02;7.449490e-01;1.243560e-01;8.249869e-01;1.884857e-01;8.685464e-01;1.724303e-01;8.940850e-01;1.047923e-01;9.952027e-01;1.303559e-01;1.036840e+00;1.856761e-01;1.069266e+00;1.888869e-01;1.118137e+00;2.042508e-01;1.165537e+00;1.529459e-01;1.163531e+00;1.851600e-01;1.150186e+00;1.186928e-01;1.234887e+00;9.058500e-02;1.378556e+00;1.060911e-01;1.362095e+00;1.208298e-01;1.260134e+00;1.045340e-01;1.145572e+00;9.485804e-02;9.850407e-01;8.359296e-02;8.234945e-01;7.165102e-02;6.743065e-01;5.434049e-02;5.475156e-01;2.141262e-01;3.560201e-01;8.402984e-03;1.104749e-02;2.500655e+01;2.176289e+02;2.294137e+01;2.539482e+02;7.559814e+01;3.339082e+02;1.083529e+02;4.809082e+02;1.389561e-01;3.673563e-01;4.303156e+01;3.077754e+02;2.086423e-01;2.938865e+00;1.289255e+04;4.704865e+04;1.768810e+00;6.987929e+00;1.320233e+02;3.013495e+02;3.471605e-02;-7.174818e-02;4.374835e-02;3.259600e-01;8.092594e-02;1.409397e-01;2.045433e+00;5.592204e+01;4.240747e+00;-2.597188e+00;3.125400e+00;-4.933941e+00;3.184044e+00;1.152475e+01;8.719901e+00;6.363149e+00;7.093121e+00;-9.683928e+00;2.954143e+00;-5.733338e+00;5.122818e+00;4.002280e+00;6.552402e+00;-6.370090e+00;6.579242e+00;-1.534225e+01;4.885147e+00;-1.177303e+01;4.402378e+00;-1.106908e+01;5.825821e+00;-1.003770e+01;5.686609e+00;-6.365221e+00;4.589412e-05;-4.155746e-08;1.090365e-07;-4.997959e-09;2.044924e-06;1.272367e-07;2.160206e-06;2.753009e-08;3.944630e-06;3.186202e-07;3.993414e-05;-1.011991e-06;7.906266e-03;-5.487417e-03;1.281360e-02;6.455398e-04;3.358861e-04;-3.486740e-04;5.828305e-04;-3.917862e-05;7.790714e-04;-7.674856e-05;2.977623e-03;-2.965429e-04;6.165077e-03;-2.527109e-04;9.143730e-03;6.935657e-05;2.563033e-02;4.426708e-04;1.908097e-02;-2.343962e-03;1.757380e-02;-3.219018e-04;2.058300e-02;3.522896e-04;4.306282e-02;5.818612e-04;3.171633e-02;4.010715e-04;2.229057e-02;-2.351818e-03;3.210878e-02;1.282105e-03;4.509030e-02;4.851995e-03;4.659943e-02;5.694370e-03;5.608810e-02;6.831882e-03;4.895978e-02;-1.494683e-03;5.589040e-02;-1.398506e-03;3.858472e-02;2.165982e-03;3.074175e-02;3.533500e-04;3.816758e-02;1.876607e-04;3.978075e-02;5.426812e-04;3.522268e-02;7.333905e-04;3.072617e-02;2.244020e-04;2.708419e-02;2.783297e-04;2.311946e-02;2.638815e-04;1.760989e-02;6.362855e-05;1.463393e-02;-8.291199e-03;1.051868e-03;-2.391290e-04;4.307980e+00;-1.263281e+00;6.134406e+00;-1.234570e+00;1.232127e+01;-1.507324e+00;1.845633e+01;-1.320703e+00;4.878993e-02;-5.611679e-03;4.266912e+00;-1.207279e+00;5.032714e-02;-3.457121e-04;2.944365e+03;3.213707e+01;4.517926e-01;1.226534e-02;3.617714e+01;4.317024e-01;2.214577e-03;1.366958e-03;3.925335e-03;-1.286312e-03;9.449403e-03;-3.210370e-03;5.582284e-01;-1.782189e-02;7.722673e-01;5.271072e-02;7.425569e-01;3.810314e-02;9.471093e-01;1.223524e-01;1.006460e+00;2.032927e-01;1.404996e+00;-1.031763e-01;8.546747e-01;1.745870e-02;1.516742e+00;2.321371e-01;1.378967e+00;-1.516559e-01;1.452063e+00;-1.950124e-01;1.316239e+00;9.727109e-02;1.308802e+00;4.506450e-03;1.233988e+00;8.167020e-03;8.214989e-01;1.876396e-01
59.500000;2.108039e-01;9.787870e+01;1.836549e-02;7.856165e-01;1.001101e-01;1.467642e-01;7.557589e-02;9.308987e-02;1.887353e-01;2.986113e-01;2.954963e+00;7.026049e+00;9.600089e-02;5.303326e-01;1.680125e-01;9.688859e-01;7.871459e-03;2.540589e-02;3.872802e-03;1.625472e-02;3.931606e-03;1.281402e-01;1.678221e-02;2.492774e-01;5.144348e-02;3.676229e-01;1.367021e-01;5.019078e-01;1.077757e-01;6.184085e-01;1.349669e-01;6.575193e-01;1.211676e-01;7.537840e-01;1.353808e-01;8.973810e-01;1.803008e-01;9.932522e-01;2.593826e-01;1.031799e+00;3.026723e-01;1.106795e+00;2.741176e-01;1.157818e+00;2.424381e-01;1.131114e+00;4.531048e-01;1.238425e+00;8.277357e-01;1.432577e+00;6.994177e-01;1.511198e+00;6.406086e-01;1.483963e+00;2.950957e-01;1.445142e+00;2.997946e-01;1.507518e+00;1.984210e-01;1.439271e+00;1.349639e-01;1.299917e+00;1.224275e-01;1.164647e+00;1.227530e-01;9.980587e-01;1.140580e-01;8.332343e-01;9.629805e-02;6.855811e-01;7.599664e-02;5.566823e-01;1.159065e-01;1.495036e-01;4.155559e-03;5.458780e-03;5.128159e+01;1.841807e+02;3.483975e+01;2.426074e+02;1.265220e+02;3.357744e+02;2.657992e+02;5.034463e+02;1.351951e-01;2.416364e-01;5.161248e+01;2.975750e+02;3.950921e-01;2.986295e+00;6.748084e+04;6.948432e+04;2.929911e+00;7.599353e+00;2.328677e+02;3.576198e+02;2.156687e-02;-3.370778e-02;3.848959e-02;3.088687e-01;4.642385e-02;6.950551e-02;2.849382e+00;5.408615e+01;8.688865e+00;-2.434399e+00;5.402317e+00;-2.182820e+00;4.008658e+00;1.074657e+01;4.650826e+00;1.376401e+01;7.766335e+00;-6.069574e-01;7.030696e+00;-5.457565e+00;6.864937e+00;2.800200e+00;6.588425e+00;-1.010198e+01;8.867314e+00;-1.578820e+01;6.988736e+00;-9.332641e+00;5.972871e+00;-1.002732e+01;6.477135e+00;-2.836390e+00;4.806227e+00;2.236692e+00;1.983817e-06;-2.722787e-07;1.517377e-07;3.553082e-09;1.633432e-06;-6.220856e-08;1.600719e-06;-8.160451e-08;3.608878e-06;-1.217633e-07;4.580358e-05;2.267700e-06;1.347877e-02;-1.937516e-03;3.990439e-02;1.551405e-03;5.369372e-04;-2.638864e-04;7.033972e-04;5.391786e-05;6.260750e-04;1.647209e-04;3.119536e-03;3.658656e-04;8.807582e-03;-8.322372e-04;1.666103e-02;-2.329032e-03;2.417539e-02;2.946072e-03;3.231222e-02;3.530891e-03;2.447898e-02;-4.836469e-04;2.763138e-02;3.748514e-03;3.991659e-02;3.890220e-03;6.930587e-02;-4.350904e-04;7.344542e-02;3.642483e-03;6.352205e-02;2.462617e-03;5.904084e-02;1.059311e-03;9.047986e-02;6.068611e-03;1.744489e-01;7.339557e-03;1.682218e-01;5.836849e-03;1.451200e-01;6.799863e-03;8.231699e-02;1.460801e-04;8.965475e-02;-3.076062e-04;6.351235e-02;-4.961961e-04;4.606436e-02;-5.026009e-04;4.296119e-02;-5.951618e-04;3.884782e-02;-3.410332e-04;3.651614e-02;-3.631375e-04;3.172939e-02;-5.531000e-04;2.506361e-02;-4.262806e-04;9.519832e-03;-4.101220e-03;9.975507e-04;-1.373981e-05;7.432682e+00;-1.220215e+00;6.024151e+00;-7.321289e-01;3.282793e+01;1.234570e+00;3.749636e+01;4.737305e+00;3.534430e-02;-3.778520e-03;1.145224e+01;4.813646e-01;6.718594e-02;7.989530e-03;1.112171e+04;1.145704e+03;7.326734e-01;-4.617358e-02;6.286133e+01;-2.729686e+00;1.462437e-03;7.042229e-04;9.296170e-03;1.778888e-04;7.271629e-03;-1.213246e-03;7.009941e-01;-2.798915e-02;1.488169e+00;-1.536484e-01;1.085934e+00;6.658330e-02;9.425945e-01;-1.934571e-02;1.231606e+00;3.593883e-02;1.333627e+00;2.533458e-01;1.130169e+00;1.849639e-01;1.760172e+00;2.720165e-02;1.490086e+00;7.921906e-03;1.575667e+00;1.751717e-01;1.552646e+00;1.751152e-01;1.561545e+00;8.366527e-02;1.258440e+00;1.548654e-01;1.085460e+00;9.460802e-02
60.000000;2.935423e+00;9.645227e+01;2.651567e-02;7.831923e-01;6.749450e-02;7.681523e-02;5.040322e-02;5.931779e-02;1.650605e-01;2.034735e-01;2.876968e+00;7.455420e+00;5.659424e-01;9.630821e-01;3.436803e-01;1.251583e+00;2.909156e-02;4.336922e-02;6.978790e-03;2.331066e-02;2.300061e-02;1.400366e-01;1.098376e-01;3.172960e-01;1.812738e-01;4.798374e-01;2.295972e-01;6.532407e-01;3.995631e-01;9.276934e-01;3.187738e-01;9.960124e-01;3.062913e-01;9.796438e-01;3.370046e-01;1.100904e+00;3.116269e-01;1.187004e+00;4.228782e-01;1.327938e+00;5.939914e-01;1.526909e+00;7.155893e-01;1.587647e+00;8.365484e-01;1.631638e+00;7.334566e-01;1.763722e+00;8.800996e-01;1.842510e+00;8.025811e-01;1.847632e+00;6.563228e-01;2.032797e+00;5.585166e-01;1.949168e+00;4.378926e-01;1.758357e+00;4.801459e-01;1.738884e+00;3.943990e-01;1.581658e+00;3.338345e-01;1.392127e+00;3.241310e-01;1.222718e+00;2.844558e-01;1.030233e+00;2.328039e-01;8.455190e-01;1.813014e-01;6.800417e-01;4.941470e-01;4.225878e-01;1.771989e-01;1.363889e-01;5.646281e+01;1.851855e+02;7.753162e+01;2.875400e+02;2.425384e+02;5.289990e+02;4.193050e+02;9.114287e+02;2.306776e-01;3.340212e-01;1.183038e+02;4.095728e+02;5.407091e-01;3.494658e+00;9.049738e+04;1.476215e+05;3.950188e+00;4.863880e+00;2.860164e+02;2.105574e+02;1.373224e-01;-1.272242e-01;9.605408e-02;4.006267e-01;3.056954e-01;2.803443e-01;3.069000e+00;5.291294e+01;1.252939e+01;-1.343914e+01;4.605136e+00;1.075752e+00;6.549851e+00;1.162254e+01;7.261708e+00;8.050874e+00;7.509369e+00;1.439314e+00;1.131924e+01;-8.158296e+00;7.174169e+00;5.057322e-02;1.034763e+01;-4.100999e+00;9.601265e+00;-8.347438e+00;7.118520e+00;-5.651595e+00;7.883047e+00;-8.070527e+00;6.373043e+00;-1.080206e+00;8.456782e+00;-3.259583e-01;3.527988e-05;-3.190789e-06;3.619633e-07;-2.462007e-09;1.136677e-06;-1.073051e-07;9.799290e-07;2.537575e-08;2.458400e-06;-3.195697e-07;4.672915e-05;2.785125e-06;4.098164e-02;1.004830e-02;5.809356e-02;4.363527e-04;2.149477e-03;5.714346e-04;1.091723e-03;1.169060e-04;5.633357e-03;1.802193e-04;1.659028e-02;8.291187e-04;2.291841e-02;1.121375e-03;3.165649e-02;9.992823e-04;6.521273e-02;2.179748e-03;4.779262e-02;4.513981e-03;5.257344e-02;5.575335e-04;4.842338e-02;-1.463270e-03;4.981420e-02;-8.157673e-04;8.014135e-02;1.023171e-03;1.157184e-01;3.254715e-03;1.530792e-01;1.995462e-04;1.430732e-01;-3.391495e-03;1.552999e-01;-5.187551e-04;1.975641e-01;-3.591131e-03;1.797283e-01;-3.352549e-03;1.577041e-01;3.896465e-03;1.238104e-01;2.827296e-03;1.252202e-01;8.359195e-04;1.245388e-01;8.545225e-04;7.876655e-02;-1.659733e-04;6.917492e-02;7.920659e-05;6.501687e-02;3.976827e-04;5.809126e-02;4.205964e-04;4.872479e-02;2.264782e-04;3.856172e-02;2.472421e-04;5.409241e-02;1.149833e-02;2.972859e-02;1.739961e-03;8.632627e+00;5.885742e-01;2.151710e+01;8.326172e-01;6.968857e+01;2.339942e+00;5.707901e+01;3.301758e+00;3.577556e-02;2.271109e-03;2.495617e+01;1.471617e+00;6.819668e-02;6.759599e-03;1.620544e+04;5.636010e+02;6.729629e-01;-4.060746e-02;5.755037e+01;-2.200117e+00;1.179166e-02;-2.702488e-03;1.983646e-02;1.386273e-03;3.388707e-02;5.313622e-03;9.005007e-01;5.219788e-02;1.606668e+00;-1.689378e-01;1.249683e+00;8.318169e-02;1.459422e+00;-6.026551e-02;1.162670e+00;-1.581514e-01;1.649221e+00;2.381816e-02;1.811318e+00;-2.422582e-01;1.761699e+00;-1.395635e-01;1.620946e+00;2.561505e-01;1.712349e+00;2.373318e-01;1.712061e+00;1.264931e-01;1.641803e+00;8.775543e-02;1.526076e+00;-1.113968e-01;1.311433e+00;-2.248900e-01
60.500000;6.197704e+01;1.216402e+02;2.601621e-02;7.829453e-01;8.033757e-02;6.217582e-02;1.079801e-01;7.670797e-02;8.087834e-02;1.493668e-01;2.745488e+00;6.885915e+00;3.652800e-01;1.498313e+00;3.622099e-01;1.257781e+00;1.876338e-02;6.766003e-02;5.838480e-03;2.973545e-02;2.392144e-02;1.396661e-01;1.015599e-01;3.321985e-01;1.586700e-01;5.074407e-01;1.909092e-01;6.620819e-01;4.237323e-01;8.972063e-01;3.126346e-01;1.049990e+00;2.805364e-01;1.022083e+00;3.763193e-01;1.101219e+00;3.561950e-01;1.143978e+00;4.382021e-01;1.264678e+00;5.677105e-01;1.477465e+00;7.043235e-01;1.541763e+00;8.225223e-01;1.682696e+00;7.536770e-01;1.875828e+00;6.939051e-01;1.762097e+00;6.539176e-01;1.700511e+00;7.581292e-01;2.045077e+00;7.459489e-01;2.060765e+00;6.362087e-01;1.811217e+00;6.606917e-01;1.800970e+00;4.514404e-01;1.604633e+00;3.683390e-01;1.400061e+00;3.511880e-01;1.237881e+00;3.010173e-01;1.043063e+00;2.473807e-01;8.527299e-01;1.931298e-01;6.850168e-01;4.259717e-01;7.667185e-01;1.663064e-01;2.714566e-01;3.337732e+01;2.039912e+02;9.447371e+01;3.372100e+02;2.522875e+02;6.755684e+02;3.912418e+02;1.245193e+03;1.789144e-01;4.439321e-01;1.182134e+02;5.140992e+02;2.209640e-01;3.814902e+00;9.803002e+04;2.249453e+05;9.105752e-01;2.256961e+00;2.792658e+01;2.818245e+01;9.536177e-02;-2.309931e-01;8.977210e-02;4.838469e-01;2.554041e-01;5.353016e-01;4.075565e+00;5.295430e+01;7.247828e+00;-2.331714e+01;6.776609e+00;6.222542e+00;6.951812e+00;1.332545e+01;7.726078e+00;3.386218e-02;6.070758e+00;-2.050543e+00;1.012940e+01;-1.544856e+01;6.931261e+00;8.004326e-01;8.542066e+00;6.400818e+00;7.178064e+00;-4.837755e+00;5.766720e+00;-3.524963e+00;6.961368e+00;-6.569583e+00;8.779948e+00;-9.860401e+00;7.818589e+00;-1.152913e+01;6.354529e-04;-2.253552e-06;4.159582e-07;7.902127e-09;1.717789e-06;-1.384953e-08;2.309837e-06;-3.846590e-08;1.655373e-06;2.484889e-08;4.903840e-05;9.773491e-07;6.144675e-02;7.744156e-03;6.194305e-02;-2.810905e-03;2.688515e-03;4.151141e-04;1.359570e-03;2.443941e-05;5.685288e-03;1.803892e-06;1.653553e-02;-1.038572e-04;2.234103e-02;9.066270e-04;3.198505e-02;1.956395e-03;6.598412e-02;-1.939288e-03;6.099003e-02;-2.582779e-03;5.447124e-02;4.121024e-04;5.185620e-02;-3.565115e-03;5.010314e-02;-2.886507e-03;5.918072e-02;2.476857e-03;9.621744e-02;-6.679257e-03;1.441272e-01;-5.026086e-03;1.443675e-01;-7.232633e-04;1.746758e-01;-9.522214e-03;1.454932e-01;-1.066574e-02;1.176931e-01;-5.431041e-03;1.819499e-01;-1.086576e-02;1.781760e-01;-2.297604e-03;1.605527e-01;-3.517065e-03;1.664410e-01;-3.252022e-03;9.457918e-02;-2.989022e-03;8.089926e-02;-1.773703e-03;7.649274e-02;-1.910930e-03;6.500282e-02;-1.529718e-03;5.378838e-02;-8.786630e-04;4.274071e-02;-6.977060e-04;8.135117e-02;5.128011e-03;3.971468e-02;8.849119e-04;7.255905e+00;6.459961e-01;2.805373e+01;3.875977e-01;8.382032e+01;7.464844e-01;8.890482e+01;-1.737012e+00;3.702389e-02;9.601453e-04;3.216047e+01;4.142644e-01;6.167930e-02;-6.190169e-04;2.215897e+04;-8.945009e+01;2.389891e-01;2.035288e-03;7.100745e+00;-5.782511e-02;1.568739e-02;-1.459130e-03;2.499466e-02;4.728614e-04;4.900857e-02;3.203115e-03;1.055373e+00;3.634942e-02;1.354095e+00;-6.399970e-02;1.380399e+00;7.718869e-02;1.703563e+00;2.413616e-02;1.714470e+00;-1.098416e-01;1.574692e+00;-9.071451e-02;1.979828e+00;-2.388531e-01;1.453307e+00;-2.512139e-02;1.768203e+00;1.301431e-01;1.555317e+00;-1.030088e-01;1.562580e+00;-7.575261e-02;1.347075e+00;4.824966e-02;1.554927e+00;-1.294212e-01;1.389085e+00;-2.263323e-01
61.000000;6.683657e+01;1.338828e+02;2.135555e-02;7.861947e-01;1.298042e-01;8.561667e-02;1.708929e-01;1.117476e-01;7.556531e-02;1.647354e-01;2.684522e+00;6.531908e+00;2.497320e-01;1.445537e+00;2.098386e-01;1.001770e+00;9.181309e-03;6.485511e-02;5.963765e-03;2.891283e-02;8.486878e-03;1.277170e-01;1.803919e-02;2.703837e-01;3.002079e-02;4.180134e-01;5.739916e-02;5.557093e-01;1.757465e-01;6.868641e-01;1.889434e-01;7.830228e-01;1.009094e-01;8.371404e-01;2.173513e-01;8.918461e-01;2.057633e-01;9.463137e-01;2.392852e-01;1.080502e+00;2.045852e-01;1.119969e+00;2.183817e-01;1.161176e+00;3.173569e-01;1.281888e+00;6.113074e-01;1.326020e+00;5.902265e-01;1.388545e+00;4.808313e-01;1.438252e+00;7.726724e-01;1.481004e+00;7.033241e-01;1.483438e+00;6.402026e-01;1.463928e+00;5.762199e-01;1.403131e+00;2.972100e-01;1.342424e+00;2.257825e-01;1.235736e+00;2.138511e-01;1.078518e+00;1.779315e-01;9.047425e-01;1.437492e-01;7.406484e-01;1.136943e-01;5.990986e-01;2.648990e-01;6.891240e-01;1.395736e-01;2.307780e-01;2.689343e+01;2.078672e+02;8.931490e+01;3.153896e+02;2.322981e+02;6.135527e+02;4.073898e+02;1.188346e+03;1.433663e-01;4.185335e-01;1.179856e+02;4.926880e+02;2.154391e-01;3.738276e+00;9.675816e+04;2.148105e+05;9.291236e-01;2.420061e+00;2.766821e+01;2.868965e+01;5.626017e-02;-2.028953e-01;9.004363e-02;4.664671e-01;2.060449e-01;4.766633e-01;4.084408e+00;5.365334e+01;7.692394e+00;-2.235375e+01;8.172963e+00;6.026916e+00;6.233487e+00;1.690289e+01;7.007136e+00;-2.074873e+00;6.426246e+00;-6.460019e+00;7.125505e+00;-1.726249e+01;8.495214e+00;-2.184979e+00;7.141591e+00;9.694490e+00;8.526443e+00;-2.373925e+00;6.775028e+00;-4.229287e+00;4.000056e+00;-5.316381e+00;5.678621e+00;-1.313779e+01;4.370991e+00;-1.511308e+01;7.772284e-04;5.376522e-07;2.897002e-07;-9.739031e-10;2.858882e-06;8.927676e-09;3.731346e-06;-2.587470e-08;1.498330e-06;-2.056062e-09;4.001258e-05;-8.264826e-07;5.469986e-02;-3.860957e-03;4.840189e-02;-1.218797e-03;2.128569e-03;-2.420369e-04;1.184163e-03;-4.094230e-05;1.199520e-03;-7.451626e-05;2.893403e-03;-5.214076e-04;9.265676e-03;-6.283128e-04;2.036739e-02;-1.117631e-03;3.141876e-02;-1.161898e-03;4.878838e-02;-2.174908e-03;2.618730e-02;-3.694247e-04;3.501098e-02;-1.317758e-03;3.380789e-02;-2.183635e-03;5.707255e-02;-2.817274e-03;5.429293e-02;-2.035461e-03;5.815216e-02;-2.188477e-03;7.148155e-02;1.993785e-04;1.227521e-01;1.730669e-03;1.167834e-01;4.002100e-04;1.092174e-01;2.236742e-03;1.808381e-01;-2.636856e-03;1.558654e-01;-3.939312e-03;1.459379e-01;-3.462247e-03;1.308954e-01;-1.087866e-03;7.892372e-02;-1.838418e-03;7.062293e-02;-2.134951e-03;6.593000e-02;-1.479760e-03;5.530287e-02;-1.286040e-03;4.516822e-02;-9.853840e-04;3.625730e-02;-8.141611e-04;7.124177e-02;-6.753725e-03;3.192038e-02;-9.678706e-04;6.192035e+00;1.004883e-01;2.083583e+01;-3.445312e-01;6.455920e+01;7.177734e-02;9.784079e+01;7.177734e-02;3.776145e-02;-3.224049e-05;2.651464e+01;-1.742294e-01;5.957600e-02;-1.275375e-03;2.068152e+04;-3.600609e+01;2.512633e-01;9.202674e-03;7.919771e+00;4.320934e-01;1.391116e-02;1.524661e-03;2.046467e-02;-1.651610e-04;4.632556e-02;-2.574885e-03;9.770204e-01;-3.280985e-02;1.454101e+00;5.985419e-02;1.430452e+00;-1.630177e-03;1.404804e+00;1.232435e-01;1.858592e+00;-1.017861e-01;1.555264e+00;-1.607511e-01;1.833789e+00;1.480464e-01;1.606769e+00;4.243251e-02;2.015373e+00;-4.201119e-02;1.483032e+00;5.453039e-02;1.865965e+00;2.690495e-02;1.292263e+00;-3.774373e-02;1.303865e+00;-3.741698e-02;1.282616e+00;-5.366826e-03
61.500000;5.688216e+01;1.285035e+02;1.894996e-02;7.795902e-01;1.305032e-01;1.277304e-01;1.780446e-01;1.323958e-01;9.596846e-02;1.911187e-01;2.239925e+00;5.585742e+00;2.059567e-01;1.259762e+00;1.484384e-01;9.814218e-01;1.108130e-02;5.598166e-02;4.385137e-03;2.734820e-02;9.892837e-03;1.222865e-01;3.512777e-02;2.628440e-01;4.890794e-02;4.235250e-01;6.581451e-02;5.700614e-01;1.887002e-01;6.992985e-01;2.267504e-01;7.791021e-01;2.816158e-01;8.894610e-01;2.159474e-01;9.266427e-01;2.836053e-01;1.033662e+00;2.976170e-01;1.098990e+00;2.248042e-01;1.065523e+00;2.708081e-01;1.176667e+00;3.718226e-01;1.275984e+00;3.785188e-01;1.199487e+00;4.264831e-01;1.345719e+00;4.056598e-01;1.412983e+00;2.859392e-01;1.244738e+00;2.300704e-01;1.233088e+00;3.760954e-01;1.357343e+00;3.784319e-01;1.395004e+00;2.549397e-01;1.374915e+00;1.835526e-01;1.257383e+00;1.669089e-01;1.096996e+00;1.454880e-01;9.181162e-01;1.219736e-01;7.501758e-01;9.651360e-02;6.069739e-01;2.672781e-01;5.828944e-01;8.943135e-02;1.564420e-01;2.504772e+01;2.202129e+02;7.514084e+01;3.214189e+02;2.360607e+02;6.112559e+02;2.770114e+02;1.092595e+03;1.549108e-01;4.382080e-01;9.170316e+01;4.820146e+02;2.494088e-01;3.729002e+00;6.679093e+04;1.795646e+05;9.010250e-01;2.481942e+00;2.818577e+01;3.387141e+01;5.722750e-02;-1.535702e-01;7.327090e-02;4.654227e-01;1.599559e-01;3.399622e-01;3.181876e+00;5.438023e+01;5.474718e+00;-1.976286e+01;6.507921e+00;-7.826563e-02;5.466060e+00;1.910119e+01;5.347852e+00;-1.213242e+00;7.984126e+00;-1.295609e+01;7.248363e+00;-1.373438e+01;8.119163e+00;-4.406479e+00;1.215901e+01;3.577054e+00;8.964317e+00;-2.578689e-01;6.771432e+00;-6.033849e+00;6.543149e+00;-8.800894e+00;6.137186e+00;-7.869225e+00;7.332352e+00;-9.745229e+00;9.337087e-04;3.195140e-06;3.064164e-07;3.878152e-10;2.881791e-06;8.177264e-08;3.924696e-06;-1.340285e-08;2.024925e-06;-3.538086e-08;3.606348e-05;-1.845685e-06;4.101688e-02;2.887398e-03;3.553856e-02;3.256370e-03;1.869056e-03;1.682620e-04;1.132090e-03;-1.814060e-05;1.785123e-03;-3.321315e-05;7.561693e-03;5.654744e-05;1.028939e-02;3.682818e-04;1.874969e-02;4.278391e-04;3.204432e-02;2.439603e-03;3.262203e-02;3.761781e-03;3.913234e-02;5.537472e-03;4.563598e-02;6.142701e-03;5.269733e-02;7.685007e-03;6.460845e-02;4.172226e-03;6.244640e-02;1.028351e-03;8.475080e-02;2.236219e-03;7.855105e-02;4.234805e-03;8.125608e-02;8.306147e-03;9.287637e-02;6.913142e-03;9.902290e-02;-2.839502e-04;9.547404e-02;2.791577e-03;7.935832e-02;8.436679e-04;1.133188e-01;3.607319e-03;9.156339e-02;4.192221e-03;7.239474e-02;4.848269e-03;6.415122e-02;4.158284e-03;5.856401e-02;3.530355e-03;5.122842e-02;3.087600e-03;4.285772e-02;2.586914e-03;3.438846e-02;2.026478e-03;5.001365e-02;5.698909e-03;2.514679e-02;1.253046e-03;6.179375e+00;6.747071e-01;1.644735e+01;2.368652e+00;6.249640e+01;6.603516e-01;9.263888e+01;3.316113e+00;4.842518e-02;4.127666e-03;2.465399e+01;1.483621e+00;7.134870e-02;3.257565e-03;1.862140e+04;1.451035e+01;2.880392e-01;-7.097643e-03;9.901269e+00;2.630774e-02;1.131936e-02;-7.735440e-04;1.917095e-02;1.444838e-03;3.313206e-02;2.588749e-03;9.992746e-01;3.305545e-02;1.500857e+00;3.754054e-02;1.255210e+00;-2.652690e-01;1.506047e+00;-3.922793e-02;1.507316e+00;4.777364e-02;1.895666e+00;-2.519832e-01;1.862723e+00;1.052676e-01;1.789530e+00;9.851158e-02;2.209403e+00;-2.724036e-01;2.016557e+00;-4.485808e-02;2.266267e+00;4.109907e-02;1.747592e+00;-5.969360e-02;1.525430e+00;9.703241e-02;1.378953e+00;7.032616e-02
62.000000;6.050882e+01;1.330578e+02;1.588497e-02;7.849547e-01;1.300790e-01;1.692173e-01;1.765443e-01;1.593733e-01;1.539304e-01;2.201058e-01;1.830075e+00;5.175683e+00;1.935252e-01;1.170589e+00;1.418107e-01;9.772205e-01;1.067170e-02;5.300301e-02;4.592956e-03;2.577979e-02;9.118487e-03;1.233059e-01;3.771949e-02;2.681179e-01;5.173166e-02;4.162823e-01;7.764933e-02;5.327043e-01;1.498049e-01;6.274621e-01;2.405918e-01;8.137010e-01;3.096678e-01;9.426934e-01;2.319534e-01;9.451707e-01;3.038664e-01;1.060469e+00;2.744586e-01;1.028896e+00;1.587884e-01;9.901780e-01;2.519234e-01;1.133958e+00;3.500519e-01;1.236070e+00;3.473656e-01;1.283917e+00;3.960948e-01;1.336509e+00;3.462387e-01;1.310305e+00;2.588961e-01;1.254481e+00;2.338309e-01;1.292793e+00;3.070665e-01;1.431688e+00;3.311265e-01;1.450104e+00;2.633395e-01;1.371136e+00;2.142217e-01;1.238507e+00;1.961178e-01;1.076627e+00;1.750188e-01;9.026446e-01;1.476722e-01;7.407736e-01;1.172751e-01;5.992379e-01;3.056389e-01;6.125240e-01;6.772339e-02;1.035828e-01;1.732438e+01;2.288262e+02;8.152289e+01;3.519961e+02;2.191965e+02;6.095332e+02;2.856822e+02;9.527725e+02;1.716472e-01;4.554277e-01;8.776941e+01;4.768795e+02;2.779948e-01;3.639140e+00;7.271484e+04;1.460578e+05;1.113945e+00;2.865760e+00;4.995802e+01;5.737330e+01;5.446798e-02;-1.381696e-01;6.806602e-02;4.701988e-01;1.334147e-01;3.085638e-01;3.692648e+00;5.563571e+01;6.081771e+00;-1.619219e+01;7.137916e+00;-6.652718e+00;6.380514e+00;1.553928e+01;6.104720e+00;1.025487e-01;7.167153e+00;-1.831839e+01;7.031783e+00;-7.949476e+00;1.021666e+01;4.556553e+00;1.154384e+01;-3.237816e+00;8.389666e+00;-4.594245e+00;5.276433e+00;-5.386433e+00;5.110983e+00;-1.253546e+01;7.172780e+00;-8.367686e+00;7.559928e+00;-9.912685e+00;9.697871e-04;3.566770e-06;2.931361e-07;1.431711e-08;2.399151e-06;-1.932242e-08;3.480500e-06;-5.396096e-08;2.964450e-06;-8.611243e-09;3.510417e-05;8.164814e-07;3.534654e-02;-1.229751e-03;3.513310e-02;1.565079e-04;1.408953e-03;-1.453415e-04;1.005807e-03;2.809273e-05;1.682352e-03;-8.519159e-05;7.675799e-03;-1.517150e-05;8.818340e-03;-7.644169e-04;1.546887e-02;-1.312716e-03;3.082779e-02;1.626854e-03;3.594135e-02;-5.275997e-04;4.683274e-02;-7.916751e-04;5.022568e-02;2.124768e-03;6.659105e-02;5.559642e-03;6.235204e-02;5.307958e-03;5.584364e-02;1.998595e-03;8.961488e-02;4.656008e-03;8.797534e-02;1.455238e-03;9.222537e-02;-4.136088e-03;1.047020e-01;-9.877170e-04;9.048688e-02;-7.798333e-04;8.902914e-02;-2.821673e-03;8.432183e-02;-9.459839e-04;1.065341e-01;2.282752e-04;8.829469e-02;-1.981544e-03;7.709304e-02;-8.278557e-04;7.468845e-02;-6.735688e-04;6.799410e-02;-7.673155e-04;6.060765e-02;-5.828969e-04;5.131412e-02;-5.081961e-04;4.066344e-02;-3.787108e-04;4.107323e-02;-2.943640e-03;1.985718e-02;-1.857288e-04;5.268183e+00;-7.177734e-02;2.089318e+01;8.326172e-01;5.517241e+01;4.593750e-01;8.236271e+01;1.220215e+00;4.970167e-02;-2.329245e-03;2.312067e+01;6.497499e-01;7.278439e-02;2.186181e-03;1.781585e+04;9.620678e+01;3.496259e-01;-1.646850e-02;1.706764e+01;-5.061206e-01;7.194457e-03;6.790563e-04;1.796148e-02;6.081864e-04;2.065947e-02;-1.603706e-03;1.189035e+00;4.204075e-02;1.587687e+00;-1.808608e-02;1.192783e+00;-2.041018e-01;1.614338e+00;-7.391862e-02;1.642332e+00;1.732260e-01;2.042984e+00;6.846726e-02;1.952031e+00;4.920727e-02;2.161288e+00;6.927712e-02;2.451988e+00;-8.568814e-02;2.195769e+00;-5.345777e-02;2.095590e+00;-1.422828e-02;1.646860e+00;-5.156310e-02;1.699987e+00;6.548245e-02;1.450139e+00;2.524603e-02
62.500000;6.637970e+01;1.336014e+02;1.869022e-02;7.965360e-01;1.403059e-01;1.324672e-01;1.670760e-01;1.226451e-01;1.588580e-01;2.168726e-01;2.090481e+00;6.322205e+00;2.168367e-01;9.762099e-01;6.597480e-02;9.030190e-01;1.286970e-02;4.389448e-02;2.377659e-03;2.327538e-02;9.933770e-03;1.220938e-01;3.050716e-02;2.499613e-01;4.001499e-02;3.962055e-01;8.147737e-02;5.442568e-01;1.443614e-01;6.324913e-01;1.833643e-01;7.458619e-01;2.135506e-01;8.413821e-01;1.718674e-01;8.748958e-01;2.132083e-01;9.528179e-01;1.936318e-01;9.891877e-01;1.415760e-01;9.966514e-01;1.853807e-01;1.067268e+00;1.875529e-01;1.084755e+00;1.831205e-01;1.112357e+00;1.950200e-01;1.131072e+00;1.653345e-01;1.154117e+00;1.542901e-01;1.179019e+00;1.641759e-01;1.276998e+00;1.478607e-01;1.346305e+00;1.383888e-01;1.290123e+00;1.886178e-01;1.237036e+00;1.934813e-01;1.158908e+00;1.804736e-01;9.983948e-01;1.610177e-01;8.403925e-01;1.353874e-01;6.935811e-01;1.067282e-01;5.623611e-01;2.760588e-01;4.606393e-01;4.243528e-02;5.279171e-02;2.300237e+01;2.404541e+02;6.864421e+01;3.363486e+02;7.683744e+01;5.315830e+02;1.774208e+02;7.960107e+02;1.757526e-01;3.862537e-01;4.106047e+01;4.386197e+02;2.571016e-01;3.506513e+00;2.908132e+04;1.025271e+05;9.793043e-01;3.262327e+00;5.204919e+01;7.508408e+01;5.878061e-02;-9.934857e-02;3.726795e-02;4.463188e-01;1.326693e-01;2.230610e-01;2.925926e+00;5.757670e+01;4.199724e+00;-1.165156e+01;3.314641e+00;-1.299611e+01;5.554975e+00;1.149175e+01;6.213851e+00;3.193034e+00;5.659214e+00;-1.968686e+01;6.526267e+00;-8.759940e+00;8.309014e+00;7.802669e+00;9.030456e+00;-5.056341e+00;5.937250e+00;-8.985412e+00;5.067358e+00;-4.896632e+00;4.636221e+00;-1.155461e+01;6.147954e+00;-1.009926e+01;6.865669e+00;-9.682374e+00;8.491999e-04;2.629279e-07;1.700824e-07;6.034802e-09;2.257038e-06;-7.277027e-08;2.998784e-06;-1.360490e-08;2.900547e-06;7.465540e-08;2.263220e-05;1.927700e-06;2.004227e-02;-1.003478e-02;2.209657e-02;-2.953487e-03;7.475857e-04;-5.517215e-04;4.914133e-04;-2.418744e-05;1.070280e-03;-5.928450e-05;2.822343e-03;-6.017874e-04;8.022226e-03;-1.413364e-03;1.262964e-02;-1.541621e-03;3.332496e-02;-2.212128e-03;3.882994e-02;-6.243722e-03;4.083332e-02;-7.832649e-03;3.582270e-02;-5.343149e-03;5.629811e-02;-7.826515e-03;5.728887e-02;-6.743236e-03;5.130929e-02;1.324138e-03;7.277483e-02;-1.441133e-03;6.812890e-02;-9.400423e-03;6.670764e-02;-9.676225e-03;8.535617e-02;-5.699729e-03;4.483696e-02;-5.429879e-04;6.432240e-02;8.135928e-04;5.913258e-02;7.240936e-04;5.562281e-02;-2.761082e-04;4.627078e-02;-7.565152e-04;6.734744e-02;-2.343275e-03;6.785364e-02;-2.303914e-03;6.287428e-02;-2.181271e-03;5.588451e-02;-1.981304e-03;4.665331e-02;-1.827972e-03;3.652590e-02;-1.404208e-03;2.677159e-02;-1.015215e-02;9.638771e-03;-2.097487e-03;4.249219e+00;4.019531e-01;1.972223e+01;-1.737012e+00;1.813763e+01;-1.665234e+00;5.740063e+01;-1.349414e+00;3.773789e-02;-4.469735e-03;1.224273e+01;-1.193573e+00;5.487126e-02;-2.140375e-03;9.304736e+03;-3.111587e+02;3.515826e-01;1.206997e-02;1.976621e+01;4.041055e-01;3.905856e-03;2.180460e-03;1.027971e-02;-1.078098e-03;1.542519e-02;-5.611994e-03;1.029998e+00;-5.135901e-02;1.303708e+00;1.275248e-01;9.427955e-01;3.643802e-02;1.533749e+00;-2.311252e-02;1.715820e+00;9.806697e-02;1.974915e+00;1.301191e-01;1.870074e+00;-1.106041e-01;2.248690e+00;-1.507187e-01;2.433076e+00;1.316428e-01;1.875667e+00;7.587910e-02;1.797218e+00;-4.486324e-02;1.463584e+00;-4.705552e-02;1.644694e+00;3.577020e-03;1.514475e+00;2.203111e-01
63.000000;5.632500e+01;1.182792e+02;1.017335e-02;8.088016e-01;7.155297e-02;3.632024e-02;8.389100e-02;3.484049e-02;1.043589e-01;1.946591e-01;1.568979e+00;7.298790e+00;1.546675e-01;6.537866e-01;5.321583e-02;8.933598e-01;9.074084e-03;2.475629e-02;2.285662e-03;2.185941e-02;1.105787e-02;1.233247e-01;2.551125e-02;2.396747e-01;4.046525e-02;3.748479e-01;8.787461e-02;5.357050e-01;1.181152e-01;6.235413e-01;1.629315e-01;6.927581e-01;1.666879e-01;7.569874e-01;1.267813e-01;8.389601e-01;1.386154e-01;8.894729e-01;1.717156e-01;9.642276e-01;1.405867e-01;9.867517e-01;1.377810e-01;1.011745e+00;1.497698e-01;1.022072e+00;1.619562e-01;1.070417e+00;1.784716e-01;1.147979e+00;1.582525e-01;1.226434e+00;1.511999e-01;1.250693e+00;1.214976e-01;1.335479e+00;1.221462e-01;1.380075e+00;1.549665e-01;1.355405e+00;1.488253e-01;1.239351e+00;1.249197e-01;1.144606e+00;1.213635e-01;9.807839e-01;1.058248e-01;8.200575e-01;8.849096e-02;6.707657e-01;6.797808e-02;5.452391e-01;1.219351e-01;1.632733e-01;1.213288e-02;1.599402e-02;2.909737e+01;2.374395e+02;4.593279e+01;3.102217e+02;8.030085e+01;5.010059e+02;1.595416e+02;7.698838e+02;1.008667e-01;2.144820e-01;4.075029e+01;4.137798e+02;2.967807e-01;3.630647e+00;2.501775e+04;9.671064e+04;9.086491e-01;3.504155e+00;4.855377e+01;8.528017e+01;2.228713e-02;-3.260803e-02;3.819289e-02;4.234281e-01;5.405484e-02;7.099948e-02;2.306802e+00;5.680217e+01;3.454475e+00;-8.188826e+00;3.375059e+00;-1.211260e+01;5.018555e+00;8.168747e+00;6.075252e+00;8.200089e+00;6.427260e+00;-1.574074e+01;4.616559e+00;-1.363582e+01;6.330851e+00;5.436209e+00;6.395020e+00;-4.153119e+00;6.429981e+00;-7.142790e+00;7.095441e+00;-3.385708e-01;5.192640e+00;-9.292414e+00;4.285452e+00;-8.789337e+00;5.280253e+00;-3.192929e+00;6.715156e-04;4.354969e-08;1.194832e-07;4.224140e-09;1.337908e-06;-9.777472e-10;1.742744e-06;-1.505061e-09;1.930728e-06;6.018760e-08;1.753548e-05;3.291894e-07;1.284095e-02;-4.710800e-03;1.639298e-02;1.339776e-03;6.760057e-04;-2.475941e-04;6.310786e-04;-6.172840e-05;1.054037e-03;-3.021717e-06;2.505989e-03;-5.927805e-06;7.367565e-03;7.789454e-04;1.172519e-02;1.622398e-03;3.061028e-02;-3.050279e-03;3.907122e-02;3.562862e-04;3.747475e-02;1.090237e-03;3.019592e-02;7.732846e-04;4.106961e-02;-2.154466e-03;4.713189e-02;-2.789934e-03;5.579609e-02;-1.634221e-04;5.717095e-02;-3.403444e-03;5.634023e-02;-3.080454e-04;5.832392e-02;1.446197e-03;7.479624e-02;1.597486e-03;3.963630e-02;3.452425e-03;4.624202e-02;5.429075e-03;3.911461e-02;3.695117e-03;4.149083e-02;3.241762e-03;4.876035e-02;3.623552e-03;5.321574e-02;4.478019e-03;4.497549e-02;3.797115e-03;4.205801e-02;3.602214e-03;3.738209e-02;3.254174e-03;3.150669e-02;2.522204e-03;2.429901e-02;1.952211e-03;1.304794e-02;-2.121910e-03;2.984912e-03;-5.756400e-04;5.899294e+00;2.153320e-01;1.481674e+01;-7.464844e-01;2.140213e+01;-7.608398e-01;4.460152e+01;-2.770606e+00;2.242465e-02;-1.346054e-03;1.051986e+01;-8.503461e-01;4.840912e-02;-1.566539e-03;7.278022e+03;-3.907959e+02;2.823115e-01;4.013027e-02;1.492895e+01;2.045840e+00;1.814347e-03;6.015970e-04;9.452803e-03;-7.138455e-04;6.512046e-03;-1.256465e-03;7.418774e-01;-7.638218e-02;9.267899e-01;1.312402e-01;8.263133e-01;4.392001e-02;1.373862e+00;-1.016943e-01;1.672543e+00;3.058646e-02;1.641876e+00;4.746230e-02;1.599802e+00;-4.939566e-02;1.794193e+00;-2.517818e-02;1.877835e+00;-5.586096e-03;1.685446e+00;-6.815737e-02;1.946820e+00;-5.469998e-02;1.847019e+00;1.692834e-02;1.505879e+00;6.496269e-02;1.552723e+00;1.240120e-01
63.500000;1.292676e-01;9.804024e+01;6.920614e-03;8.128971e-01;9.259251e-03;9.983956e-03;7.483725e-03;8.203545e-03;1.057006e-01;1.869374e-01;1.733056e+00;8.129070e+00;6.024393e-02;4.736568e-01;4.754185e-02;9.231148e-01;2.017370e-03;1.567040e-02;2.862424e-03;1.956286e-02;5.364643e-03;1.285184e-01;1.991974e-02;2.531173e-01;4.142298e-02;3.813330e-01;6.236449e-02;5.080411e-01;8.751705e-02;6.186991e-01;1.339045e-01;7.046173e-01;1.566129e-01;7.753975e-01;1.529410e-01;8.772078e-01;1.445472e-01;9.036437e-01;2.253041e-01;9.709764e-01;1.446810e-01;9.805058e-01;1.245641e-01;9.984648e-01;1.421248e-01;1.040427e+00;1.548652e-01;1.098058e+00;1.575991e-01;1.175283e+00;1.193815e-01;1.321110e+00;1.552775e-01;1.359291e+00;1.157240e-01;1.418260e+00;9.507927e-02;1.431401e+00;1.371851e-01;1.392316e+00;1.360651e-01;1.311090e+00;9.309164e-02;1.193949e+00;9.079454e-02;1.030765e+00;8.499196e-02;8.598298e-01;7.370474e-02;7.002612e-01;5.642152e-02;5.684214e-01;1.640056e-02;5.579709e-02;3.662816e-03;4.433554e-03;3.106757e+01;2.213613e+02;3.102774e+01;2.983066e+02;8.134625e+01;4.837793e+02;1.428423e+02;7.077246e+02;3.436664e-02;1.308280e-01;4.344198e+01;3.836516e+02;2.317639e-01;3.659239e+00;2.598456e+04;8.410856e+04;1.994877e+00;4.985408e+00;1.196656e+02;1.838422e+02;2.831098e-03;-1.175493e-02;3.928860e-02;3.968573e-01;8.287400e-03;2.382314e-02;2.025625e+00;5.509811e+01;4.297536e+00;-2.958047e+00;3.346625e+00;-8.626101e+00;6.443983e+00;1.487062e+00;4.771151e+00;8.610641e+00;6.595426e+00;-8.342030e+00;5.480181e+00;-1.067411e+01;5.197453e+00;6.257298e+00;3.631503e+00;-2.483434e+00;5.166770e+00;-6.135997e+00;7.255069e+00;-3.056083e-01;4.861278e+00;-7.801633e+00;5.901080e+00;-4.472245e+00;4.286162e+00;1.040743e+00;1.884485e-06;-2.291187e-08;7.770786e-08;-8.090800e-10;1.468218e-07;-1.420321e-09;9.961072e-08;2.106958e-09;1.760557e-06;1.470565e-08;2.012141e-05;-1.336051e-06;8.223113e-03;-2.166612e-03;1.399940e-02;1.116879e-03;2.579724e-04;-8.018700e-05;6.670411e-04;-4.572941e-05;7.416079e-04;-4.770935e-05;2.707525e-03;2.751484e-04;6.439338e-03;8.142610e-04;7.300203e-03;5.601100e-04;3.335442e-02;1.131546e-03;2.834373e-02;6.690018e-04;2.764951e-02;-5.943524e-04;2.735142e-02;-1.548278e-03;3.210288e-02;-2.543014e-04;5.487458e-02;1.780211e-03;5.517017e-02;3.924032e-04;4.829807e-02;1.276810e-03;5.301815e-02;2.300495e-03;5.755680e-02;3.299228e-03;6.492598e-02;4.266438e-03;4.387997e-02;3.172527e-03;5.571951e-02;3.074009e-03;4.019850e-02;3.783907e-03;3.574389e-02;3.204765e-04;5.051205e-02;5.861914e-04;4.353857e-02;9.660321e-04;3.651761e-02;6.540566e-04;3.203664e-02;6.913289e-04;2.911470e-02;5.370037e-04;2.645804e-02;6.129803e-04;2.038615e-02;3.193504e-04;2.784111e-03;-5.822528e-04;5.122188e-04;-8.570353e-05;6.607556e+00;-1.019238e+00;9.553928e+00;-3.732422e-01;2.112946e+01;-1.033594e+00;2.813212e+01;-4.076953e+00;1.321594e-02;-1.293734e-03;8.916250e+00;-1.119081e+00;4.857950e-02;-1.423024e-03;4.585638e+03;-4.595111e+02;4.116875e-01;6.841188e-02;2.218025e+01;3.708210e+00;4.190289e-04;1.150271e-04;8.466454e-03;-9.972139e-04;1.564665e-03;-2.276871e-04;6.409340e-01;-3.957934e-02;7.976180e-01;6.160642e-02;8.363024e-01;1.374672e-01;1.114472e+00;-7.605307e-02;1.501693e+00;-6.368259e-02;1.457310e+00;1.188060e-01;1.556178e+00;4.712539e-02;1.601196e+00;-6.277797e-02;1.552804e+00;-6.148544e-02;1.500322e+00;2.289425e-02;1.950535e+00;1.189528e-01;1.788014e+00;1.372735e-01;1.381615e+00;2.024430e-02;1.407751e+00;-6.136753e-02
64.000000;7.053242e+01;1.302861e+02;2.566764e-02;8.068092e-01;7.223187e-02;3.621006e-02;1.217362e-01;3.508421e-02;1.027608e-01;1.576983e-01;1.581341e+01;4.434347e+00;6.405124e-01;8.171871e-01;5.720215e-01;1.316196e+00;2.612820e-02;2.940395e-02;9.789867e-03;2.558579e-02;4.330838e-02;1.416059e-01;1.214232e-01;3.101229e-01;1.518506e-01;4.785050e-01;1.683144e-01;6.249026e-01;4.261488e-01;8.599471e-01;5.697231e-01;9.747633e-01;4.909092e-01;1.053524e+00;5.487361e-01;1.196890e+00;5.787731e-01;1.247347e+00;5.396644e-01;1.263619e+00;1.220538e+00;1.673182e+00;1.359862e+00;1.764109e+00;1.171222e+00;1.781816e+00;1.209820e+00;1.957307e+00;9.389958e-01;1.904474e+00;1.025754e+00;2.013897e+00;1.314348e+00;2.259172e+00;1.042602e+00;2.121808e+00;7.415743e-01;1.888645e+00;7.568575e-01;1.829697e+00;4.684368e-01;1.633152e+00;3.646527e-01;1.405750e+00;3.669074e-01;1.240531e+00;3.350494e-01;1.046733e+00;2.782116e-01;8.602886e-01;2.075551e-01;6.893029e-01;4.965662e-01;2.880937e-01;2.156595e-01;1.328849e-01;7.838914e+01;2.527998e+02;1.521828e+02;3.960674e+02;3.364849e+02;6.673857e+02;3.918157e+02;9.134385e+02;1.741396e-01;2.072533e-01;1.851839e+02;4.874061e+02;4.276870e-01;3.809233e+00;9.534676e+04;1.379375e+05;3.092802e+00;4.941883e+00;1.550148e+02;1.949808e+02;1.108112e-01;-7.189538e-02;1.475082e-01;4.771483e-01;3.380137e-01;2.050169e-01;3.511505e+00;5.240782e+01;1.532878e+01;-1.142490e+01;6.169106e+00;-2.612675e+00;8.139649e+00;1.807102e+00;7.303398e+00;1.499895e+00;5.693272e+00;-3.930265e+00;6.356910e+00;-8.675533e+00;6.024986e+00;3.604216e+00;8.657833e+00;-2.777341e+00;4.946476e+00;-7.859232e+00;6.967353e+00;-3.767492e+00;5.420458e+00;-6.383473e+00;4.438519e+00;-1.556289e-01;4.815802e+00;1.804305e+00;4.966635e-04;2.650965e-05;4.495147e-07;-2.726895e-08;1.522514e-06;1.177716e-07;1.834828e-06;-1.214329e-07;1.477001e-06;6.104399e-08;3.065054e-04;-1.453640e-06;5.517395e-02;1.194065e-02;8.700742e-02;1.797687e-03;2.227301e-03;5.322434e-04;8.908195e-04;9.649786e-05;1.026560e-02;2.250223e-04;2.456940e-02;5.676768e-04;2.700904e-02;1.224062e-03;2.722536e-02;7.980177e-04;8.074643e-02;3.863682e-03;8.026048e-02;5.662265e-03;8.351335e-02;2.267715e-03;9.062359e-02;2.886542e-03;1.018107e-01;3.081252e-03;9.587429e-02;1.392142e-03;2.083385e-01;3.939388e-03;2.245450e-01;5.144273e-03;1.734306e-01;4.863854e-03;2.212881e-01;6.891072e-03;1.319622e-01;3.752294e-03;1.821327e-01;2.946902e-03;2.906160e-01;3.852248e-03;2.125260e-01;5.559682e-03;1.647567e-01;2.740976e-03;1.686585e-01;2.899071e-03;7.674776e-02;-1.125553e-03;6.603599e-02;-3.867027e-03;6.430712e-02;-3.912194e-03;6.014860e-02;-3.722739e-03;5.092040e-02;-2.891630e-03;3.826460e-02;-2.299117e-03;6.540423e-02;9.487962e-03;2.737667e-02;2.830398e-03;1.778978e+01;1.291992e+00;2.287094e+01;2.383008e+00;4.680315e+01;2.784961e+00;3.569723e+01;7.192090e+00;3.011663e-02;3.033361e-03;2.124172e+01;2.631964e+00;6.403277e-02;4.995129e-03;1.034701e+04;1.007318e+03;5.101874e-01;-4.401435e-02;2.748474e+01;-2.170919e+00;1.217893e-02;-2.018129e-03;1.726459e-02;2.231073e-03;4.105675e-02;5.702795e-03;8.751010e-01;3.897527e-02;1.521326e+00;-3.258622e-01;1.285535e+00;1.473722e-01;1.516636e+00;-2.082665e-02;1.527162e+00;-1.939169e-01;1.785071e+00;1.978836e-02;1.743344e+00;-5.580540e-02;1.572182e+00;6.030513e-02;1.678247e+00;5.276267e-02;1.635938e+00;-1.222703e-02;1.829819e+00;1.398408e-02;1.521202e+00;2.653693e-02;1.261733e+00;4.410884e-02;1.293335e+00;-3.166207e-02
64.500000;8.842127e+01;1.695574e+02;3.438408e-02;7.932625e-01;1.291103e-01;9.238247e-02;1.820729e-01;9.546784e-02;7.019973e-02;1.428526e-01;1.532796e+01;2.445549e+00;5.838270e-01;1.434072e+00;5.429505e-01;1.394408e+00;2.329054e-02;5.148552e-02;1.248135e-02;3.999748e-02;4.232676e-02;1.461685e-01;1.155497e-01;3.271064e-01;1.447097e-01;4.928227e-01;1.651151e-01;6.301154e-01;4.185087e-01;8.806579e-01;5.626786e-01;9.981971e-01;4.671997e-01;1.082149e+00;5.614444e-01;1.159259e+00;5.978845e-01;1.211889e+00;5.111213e-01;1.307426e+00;1.146566e+00;1.815328e+00;1.293720e+00;1.896634e+00;1.086599e+00;1.948675e+00;1.084027e+00;2.242217e+00;8.382431e-01;2.129084e+00;9.973372e-01;2.095317e+00;1.293115e+00;2.505414e+00;1.085150e+00;2.339182e+00;8.354475e-01;1.991176e+00;8.198420e-01;1.943276e+00;5.171273e-01;1.707018e+00;3.754071e-01;1.445863e+00;3.767723e-01;1.280690e+00;3.367598e-01;1.082052e+00;2.760607e-01;8.877204e-01;2.066254e-01;7.091578e-01;4.566898e-01;5.046194e-01;2.964197e-01;3.771375e-01;1.054126e+02;3.186914e+02;3.443600e+02;6.481494e+02;4.520636e+02;1.025268e+03;3.996046e+02;1.405831e+03;1.651927e-01;3.370822e-01;2.569430e+02;7.286464e+02;3.279634e-01;4.202408e+00;1.256963e+05;2.741543e+05;2.822861e+00;2.223346e+00;1.254216e+02;6.148908e+01;9.492903e-02;-1.460177e-01;1.833152e-01;6.523330e-01;3.067042e-01;4.280305e-01;4.404158e+00;5.039335e+01;1.165986e+01;-2.849699e+01;7.834519e+00;5.379111e+00;7.794038e+00;1.064530e+01;7.913215e+00;-6.552242e+00;5.767176e+00;-6.256954e+00;7.194432e+00;-1.322679e+01;4.729019e+00;2.158044e+00;1.195366e+01;4.611284e+00;5.847873e+00;-4.834773e+00;6.409718e+00;-3.776453e+00;5.061892e+00;-6.157268e+00;5.949497e+00;-3.885751e+00;6.209179e+00;-3.314623e+00;6.773461e-04;9.377878e-05;4.757158e-07;1.354605e-08;2.349070e-06;-5.992307e-08;2.904305e-06;-2.983176e-07;1.044747e-06;3.746243e-08;3.064756e-04;-1.011318e-06;6.877305e-02;1.419989e-02;9.775787e-02;2.381745e-04;2.552599e-03;5.169364e-04;1.247700e-03;4.265558e-04;1.028611e-02;5.196289e-05;2.465668e-02;1.541113e-04;2.802077e-02;-1.677242e-04;2.980664e-02;-2.278782e-04;7.709050e-02;-1.438274e-03;8.284737e-02;2.689655e-03;8.243325e-02;2.579778e-03;9.045683e-02;1.258367e-04;1.025757e-01;-8.040136e-04;9.219624e-02;-7.057316e-04;2.077492e-01;1.841027e-03;2.245676e-01;2.456181e-03;1.794443e-01;4.631713e-03;2.470707e-01;6.123780e-03;1.584283e-01;1.885967e-03;1.944315e-01;-3.361064e-03;3.407380e-01;-1.408757e-03;2.807261e-01;-2.473085e-03;2.153363e-01;-2.190238e-03;2.118330e-01;-2.302285e-03;1.118625e-01;-3.203521e-04;7.985396e-02;-7.626766e-04;7.766477e-02;-3.803919e-04;6.936330e-02;3.366941e-05;5.696115e-02;-2.998942e-05;4.303659e-02;1.913233e-04;7.400494e-02;2.703491e-03;4.117545e-02;8.712375e-03;2.416013e+01;3.890332e+00;4.113179e+01;1.109678e+01;7.566367e+01;1.505889e+01;4.172217e+01;1.382432e+01;3.374981e-02;1.777642e-03;3.260176e+01;8.883219e+00;5.911363e-02;4.920203e-03;2.080524e+04;3.579376e+03;3.291178e-01;-1.026920e-01;1.703624e+01;-4.332692e+00;1.399206e-02;-1.617031e-03;2.308418e-02;6.392966e-03;4.715611e-02;6.405891e-03;1.124883e+00;-3.753030e-02;1.799823e+00;-3.726851e-01;2.159550e+00;1.086555e-01;1.525258e+00;2.508118e-01;1.845388e+00;-1.493271e-01;1.731413e+00;-1.700501e-01;1.610495e+00;-8.202887e-02;1.394817e+00;1.644279e-01;1.449094e+00;3.254749e-01;1.783910e+00;4.634902e-02;1.559307e+00;-1.333601e-01;1.433838e+00;-8.529711e-02;1.134317e+00;-1.558872e-01;1.509838e+00;-1.532641e-01
65.000000;8.257713e+01;2.157715e+02;3.154292e-02;8.005435e-01;1.688807e-01;9.978050e-02;1.879686e-01;1.040609e-01;8.389720e-02;1.821003e-01;1.722387e+00;4.989995e+00;1.799445e-01;1.614608e+00;1.741773e-01;1.019518e+00;5.503380e-03;6.091120e-02;1.047203e-02;4.283699e-02;7.853573e-03;1.322039e-01;2.336578e-02;2.785799e-01;5.368447e-02;4.251749e-01;7.408143e-02;5.517660e-01;1.022528e-01;7.050912e-01;1.724448e-01;8.407390e-01;6.512902e-02;8.614030e-01;9.520005e-02;8.813277e-01;1.407082e-01;9.353313e-01;2.278268e-01;1.026754e+00;2.000497e-01;1.201404e+00;1.856722e-01;1.200197e+00;2.839158e-01;1.255733e+00;5.239937e-01;1.366685e+00;4.687510e-01;1.468693e+00;3.908203e-01;1.464831e+00;7.096813e-01;1.510887e+00;6.933490e-01;1.540612e+00;5.635914e-01;1.463356e+00;5.066385e-01;1.406188e+00;3.566099e-01;1.371032e+00;2.157337e-01;1.252391e+00;2.058940e-01;1.092445e+00;1.677592e-01;9.173234e-01;1.315702e-01;7.509455e-01;1.029621e-01;6.063754e-01;2.473537e-01;6.432852e-01;2.500279e-01;4.344937e-01;1.003446e+02;3.962109e+02;3.394331e+02;7.180605e+02;4.079707e+02;1.086709e+03;2.505457e+02;1.544074e+03;9.532361e-02;3.711781e-01;2.095133e+02;7.964673e+02;3.435971e-01;4.050556e+00;1.107776e+05;2.936389e+05;6.846102e-01;1.109241e+00;4.987331e+00;9.832220e+00;2.873106e-02;-1.693691e-01;1.346283e-01;7.101926e-01;1.335756e-01;5.322327e-01;4.352168e+00;5.127325e+01;5.492941e+00;-3.181602e+01;7.854276e+00;6.264714e+00;6.026931e+00;1.403740e+01;6.218187e+00;-1.261086e+01;6.436033e+00;-1.188400e+01;6.303334e+00;-1.506338e+01;7.278960e+00;3.918757e+00;8.402219e+00;1.719695e+01;9.628062e+00;4.347026e+00;5.058343e+00;-3.884842e+00;8.648864e+00;-9.645045e+00;4.905133e+00;-9.529409e+00;7.817316e+00;-5.934854e+00;6.125510e-04;-1.954539e-05;2.043559e-07;4.968629e-09;2.389298e-06;1.023547e-07;2.736058e-06;1.512470e-07;1.372223e-06;-3.409672e-08;2.435298e-05;5.112559e-08;4.679126e-02;-2.677022e-03;4.803797e-02;-3.216511e-03;1.659404e-03;-1.380419e-04;1.370290e-03;6.878307e-05;9.528272e-04;-1.546012e-04;3.777251e-03;-5.253030e-04;1.315383e-02;-1.160006e-03;1.865942e-02;-6.823593e-04;1.771299e-02;-2.043796e-03;3.176988e-02;-6.516676e-03;1.531065e-02;-3.927674e-03;2.142209e-02;-1.771917e-03;2.745331e-02;-1.039801e-03;5.119361e-02;-2.769633e-04;4.543981e-02;-6.473875e-03;4.289951e-02;-5.458466e-03;7.552417e-02;1.708118e-04;1.346351e-01;-2.383410e-03;1.282478e-01;-5.270648e-03;9.885222e-02;-1.000753e-02;1.928291e-01;-8.051792e-03;1.918741e-01;-1.035411e-02;1.553022e-01;-8.537139e-03;1.413889e-01;-8.245173e-03;9.443842e-02;-3.539699e-03;6.348519e-02;2.328924e-04;5.986042e-02;6.180090e-04;5.031478e-02;7.580023e-04;4.109699e-02;5.308643e-04;3.225955e-02;4.811003e-04;4.861579e-02;-3.415380e-03;4.125122e-02;-8.051302e-04;2.057781e+01;-3.301758e-01;5.100806e+01;-1.148437e-01;7.697887e+01;-8.039063e-01;4.780048e+01;-2.871094e-01;2.519789e-02;-1.118527e-03;3.183976e+01;-1.325523e-01;4.803185e-02;-5.931801e-04;2.109070e+04;2.155131e+02;1.163002e-01;1.195688e-03;1.370217e+00;4.758923e-02;9.188135e-03;7.457484e-04;2.045386e-02;-1.713921e-04;2.996042e-02;-2.130504e-03;9.973999e-01;-8.383342e-03;1.351868e+00;7.651080e-02;1.977326e+00;-1.224257e-01;1.408325e+00;2.096638e-01;1.801028e+00;1.051337e-03;1.753958e+00;-1.589074e-01;1.794715e+00;9.424536e-02;1.950671e+00;-6.183949e-02;1.786779e+00;4.565447e-02;1.966569e+00;7.259307e-02;1.686562e+00;3.473006e-02;2.102278e+00;1.005090e-01;1.325045e+00;-8.061565e-02;2.074973e+00;-4.799952e-02
65.500000;7.796770e+01;2.119764e+02;2.987882e-02;7.920651e-01;1.799935e-01;1.396522e-01;2.032877e-01;1.600295e-01;9.135181e-02;1.981536e-01;1.982288e+00;4.683033e+00;1.990966e-01;1.469869e+00;1.397520e-01;9.775265e-01;1.087367e-02;5.609498e-02;8.819723e-03;4.079617e-02;1.498821e-02;1.287761e-01;4.975582e-02;2.718687e-01;6.461867e-02;4.206968e-01;8.527874e-02;5.532625e-01;1.554864e-01;7.095138e-01;2.099359e-01;8.084014e-01;1.231532e-01;8.185952e-01;1.578667e-01;9.303064e-01;1.982234e-01;1.043052e+00;2.293774e-01;1.098312e+00;2.321794e-01;1.063984e+00;3.162893e-01;1.199063e+00;3.970773e-01;1.279848e+00;3.937999e-01;1.203983e+00;4.599454e-01;1.317782e+00;4.296929e-01;1.406749e+00;3.692619e-01;1.273265e+00;4.253125e-01;1.314169e+00;5.635282e-01;1.429333e+00;4.136756e-01;1.369029e+00;2.872110e-01;1.314661e+00;2.067004e-01;1.217463e+00;1.902858e-01;1.051076e+00;1.658183e-01;8.815865e-01;1.369420e-01;7.237461e-01;1.083175e-01;5.871688e-01;2.859692e-01;6.028795e-01;2.275443e-01;3.615984e-01;2.044281e+02;4.349707e+02;2.932854e+02;6.630791e+02;3.661496e+02;1.022971e+03;1.986871e+02;1.472871e+03;1.323684e-01;3.961406e-01;1.992526e+02;7.651445e+02;3.125795e-01;3.989764e+00;6.785288e+04;2.492192e+05;7.903022e-01;1.143513e+00;6.869708e+00;1.208243e+01;5.188243e-02;-1.487149e-01;1.352964e-01;6.946996e-01;1.810981e-01;4.619474e-01;4.248543e+00;5.256031e+01;5.890913e+00;-3.048405e+01;6.334151e+00;1.211325e+00;5.645182e+00;1.603531e+01;7.698030e+00;-9.433565e+00;7.024664e+00;-1.501555e+01;6.893396e+00;-1.457224e+01;7.899282e+00;2.364265e+00;1.033021e+01;1.425986e+01;8.803056e+00;6.587111e+00;6.020626e+00;-1.740018e+00;9.501855e+00;-7.940981e+00;6.741442e+00;-6.189576e+00;7.779607e+00;-4.403104e+00;8.800534e-04;-9.216333e-05;2.935498e-07;-2.112067e-08;2.835079e-06;1.556108e-07;2.598576e-06;2.385768e-07;1.587708e-06;-7.928763e-09;3.172346e-05;8.120765e-07;4.166502e-02;-1.810899e-03;3.155289e-02;2.761242e-03;2.219429e-03;-2.618406e-05;1.621294e-03;-1.913580e-04;3.941578e-03;3.746382e-05;1.028332e-02;2.435606e-04;1.463082e-02;1.067545e-03;2.306427e-02;1.671557e-03;3.246423e-02;2.250434e-03;3.021428e-02;1.831026e-03;2.968141e-02;3.628386e-03;3.150416e-02;5.382131e-03;5.146451e-02;5.356394e-03;5.418772e-02;6.348350e-04;4.144096e-02;-3.994564e-03;7.143565e-02;-1.812881e-03;9.342895e-02;-1.793361e-03;9.973229e-02;-3.152915e-03;1.374907e-01;-2.021994e-03;1.067284e-01;4.648790e-04;9.027147e-02;3.352913e-03;1.229077e-01;1.555518e-02;1.243008e-01;3.672211e-03;9.587527e-02;1.207988e-02;7.569993e-02;6.930639e-03;5.972001e-02;4.975707e-03;5.604792e-02;5.025355e-03;5.031739e-02;4.256771e-03;4.282070e-02;3.523640e-03;3.332243e-02;2.627500e-03;5.118472e-02;4.463376e-03;5.752734e-02;-6.307057e-03;6.108889e+01;-2.583984e+00;6.426143e+01;-8.728125e+00;7.476469e+01;-1.070918e+01;5.054920e+01;-5.541211e+00;3.300674e-02;3.133506e-03;4.219372e+01;-5.506627e+00;7.103461e-02;1.084201e-03;1.518044e+04;-2.076845e+03;1.578885e-01;2.112106e-02;1.906331e+00;2.034547e-01;1.140270e-02;2.475511e-05;2.889633e-02;-3.534441e-03;3.787475e-02;-2.061601e-03;1.080228e+00;3.046533e-02;1.400921e+00;1.313356e-01;1.262864e+00;-1.489459e-01;1.431692e+00;-1.866221e-01;1.536178e+00;2.584493e-02;2.151544e+00;3.551291e-02;2.103189e+00;4.427220e-02;2.157967e+00;-1.797544e-02;2.150905e+00;-1.916388e-01;1.889460e+00;-1.202688e-01;2.233256e+00;5.748628e-02;2.250816e+00;1.201749e-01;1.560174e+00;1.570026e-01;2.023455e+00;1.741415e-02
66.000000;6.350152e+01;1.336326e+02;2.131960e-02;7.846506e-01;1.457371e-01;1.087948e-01;1.770062e-01;1.402855e-01;8.668619e-02;1.685774e-01;1.951756e+00;5.535536e+00;2.330783e-01;1.302155e+00;1.533340e-01;9.577462e-01;1.040551e-02;4.641918e-02;9.162663e-03;3.780423e-02;1.674349e-02;1.248405e-01;5.329664e-02;2.723388e-01;5.087704e-02;4.136391e-01;6.910701e-02;5.487354e-01;1.769279e-01;6.254103e-01;1.852934e-01;6.993153e-01;1.468454e-01;8.215352e-01;1.774586e-01;9.109625e-01;1.997732e-01;1.076030e+00;1.840807e-01;1.133015e+00;1.769416e-01;9.786612e-01;3.325192e-01;1.110959e+00;3.932522e-01;1.234873e+00;3.510722e-01;1.243476e+00;4.277503e-01;1.272357e+00;3.404517e-01;1.251366e+00;3.553282e-01;1.341749e+00;4.904150e-01;1.404507e+00;5.352915e-01;1.400783e+00;4.442877e-01;1.392677e+00;3.290650e-01;1.305525e+00;2.296154e-01;1.177103e+00;2.167941e-01;1.024911e+00;1.915410e-01;8.611247e-01;1.568608e-01;7.045549e-01;1.184406e-01;5.709527e-01;1.911620e-01;3.704358e-01;2.208753e-01;2.489584e-01;2.144192e+02;3.580254e+02;2.707109e+02;5.848418e+02;3.083386e+02;9.618164e+02;2.111655e+02;1.389179e+03;1.326682e-01;3.963872e-01;1.966750e+02;7.049905e+02;1.800890e-01;4.193789e+00;5.810967e+04;2.320982e+05;7.350457e-01;1.177658e+00;8.900622e+00;1.281066e+01;4.588286e-02;-1.037482e-01;1.378792e-01;6.470798e-01;1.370290e-01;2.733459e-01;4.805706e+00;5.522157e+01;6.286534e+00;-2.996175e+01;5.913261e+00;-3.103441e+00;4.588566e+00;1.665489e+01;6.249753e+00;-4.182400e+00;8.349968e+00;-1.126122e+01;7.156401e+00;-1.041063e+01;6.481733e+00;3.142963e-01;7.052417e+00;2.408350e+00;7.701757e+00;-2.724650e+00;5.500139e+00;-7.829552e-01;5.321312e+00;-8.265256e-01;5.137071e+00;-4.541616e+00;7.531628e+00;-8.880386e+00;7.921975e-04;-5.336273e-06;2.767821e-07;2.150797e-08;2.563773e-06;-2.793643e-07;2.505006e-06;-3.282482e-07;1.471953e-06;6.597764e-08;2.770180e-05;2.021803e-06;3.800647e-02;-5.352456e-03;3.126995e-02;-8.570043e-04;1.997790e-03;-2.575957e-04;1.424575e-03;-8.075083e-05;3.978155e-03;-1.299875e-04;1.012673e-02;-1.022773e-04;1.215852e-02;-1.414168e-04;2.040200e-02;2.227885e-04;3.231642e-02;-2.330021e-03;3.225045e-02;-3.164276e-03;3.091965e-02;-1.295553e-03;3.547052e-02;-1.882554e-03;5.480774e-02;-4.246648e-03;4.745900e-02;-3.097785e-03;3.231972e-02;1.346833e-03;7.246748e-02;-1.199520e-04;8.031221e-02;-4.812458e-03;7.726841e-02;-4.638610e-03;1.136910e-01;2.288430e-03;9.076354e-02;1.694127e-03;8.256922e-02;-4.044877e-03;1.429306e-01;-9.334153e-04;1.106587e-01;2.975006e-03;9.507611e-02;2.620250e-03;8.108272e-02;-4.880275e-04;6.552687e-02;-6.082074e-04;6.200677e-02;-4.248085e-04;5.548729e-02;-3.994920e-04;4.671828e-02;-3.695206e-04;3.543811e-02;-1.996818e-04;4.047543e-02;-5.420873e-03;5.216558e-02;-1.518608e-03;6.102263e+01;-9.905273e-01;5.584863e+01;-2.225098e+00;6.721626e+01;7.321289e-01;4.597216e+01;3.014649e-01;3.361705e-02;-2.142162e-03;4.031408e+01;-9.992549e-01;6.412475e-02;-3.261387e-04;1.369533e+04;2.022827e+02;1.610181e-01;-4.963408e-04;2.763865e+00;-4.234141e-02;9.862968e-03;1.036650e-03;2.819796e-02;-9.962500e-04;3.392769e-02;-3.068418e-03;1.104265e+00;2.593172e-02;1.507634e+00;1.010068e-02;1.312863e+00;-2.209195e-03;1.227469e+00;3.496816e-02;1.349797e+00;1.620138e-01;1.950912e+00;1.016738e-01;1.603225e+00;1.601649e-03;1.670948e+00;-2.426805e-02;1.779690e+00;-2.652696e-01;1.400273e+00;-2.254401e-01;1.998485e+00;7.711650e-03;1.462034e+00;-5.293511e-02;1.279214e+00;-3.787793e-03;1.543004e+00;1.010061e-01
66.500000;1.460206e-01;9.831657e+01;1.160315e-02;7.998284e-01;3.147057e-02;1.356046e-02;6.231496e-02;2.695474e-02;9.089641e-02;1.558612e-01;1.935878e+00;7.475086e+00;2.723783e-01;1.004748e+00;8.734650e-02;8.959520e-01;9.714019e-03;3.586609e-02;5.557823e-03;2.896070e-02;7.665919e-03;1.232828e-01;2.334002e-02;2.690158e-01;2.704375e-02;4.127707e-01;6.566466e-02;5.428519e-01;1.224625e-01;5.930849e-01;1.884120e-01;7.480359e-01;1.527434e-01;8.488614e-01;1.330480e-01;8.677852e-01;1.687905e-01;9.487969e-01;1.589811e-01;9.714714e-01;1.148111e-01;9.426526e-01;1.302416e-01;9.571488e-01;1.532728e-01;1.016685e+00;2.060800e-01;1.094170e+00;2.823590e-01;1.166875e+00;1.761443e-01;1.123658e+00;2.879386e-01;1.215846e+00;3.613207e-01;1.287375e+00;1.530949e-01;1.279434e+00;2.531977e-01;1.283717e+00;2.497862e-01;1.267516e+00;2.086461e-01;1.171375e+00;1.993135e-01;1.025373e+00;1.752941e-01;8.610736e-01;1.490838e-01;7.064814e-01;1.087299e-01;5.694142e-01;1.402123e-01;2.507720e-01;7.639169e-02;9.125187e-02;4.876023e+01;2.617002e+02;9.888991e+01;4.008047e+02;1.815045e+02;7.120312e+02;2.720391e+02;1.124895e+03;1.108113e-01;2.915860e-01;1.014445e+02;5.368354e+02;3.265763e-01;3.979423e+00;6.479073e+04;1.712484e+05;8.870572e-01;2.076547e+00;3.676746e+01;3.391200e+01;3.559576e-02;-6.393245e-02;8.077575e-02;5.201579e-01;9.187727e-02;1.476718e-01;3.030665e+00;5.743065e+01;8.495742e+00;-2.201267e+01;5.345105e+00;-7.319606e+00;5.668797e+00;1.511914e+01;6.726051e+00;-8.451958e-01;7.750394e+00;-1.004043e+01;5.294043e+00;-5.501260e+00;7.630130e+00;5.755424e-01;6.618412e+00;-4.701155e+00;5.780123e+00;-1.015367e+01;5.564747e+00;-2.332903e+00;6.473803e+00;-4.684562e-01;5.024799e+00;-8.526028e+00;6.465014e+00;-1.062272e+01;1.595231e-06;-1.018182e-07;8.376498e-08;-4.066187e-09;1.078647e-06;-1.402299e-07;1.433146e-06;-2.274185e-07;1.424799e-06;-3.249979e-08;1.518866e-05;9.749788e-07;1.183269e-02;-9.019128e-03;1.887719e-02;-3.110284e-03;5.545713e-04;-3.046792e-04;6.522955e-04;-1.996725e-04;9.587309e-04;-2.567823e-05;2.615902e-03;-4.933736e-05;5.928310e-03;-4.415935e-04;9.435020e-03;-1.738835e-03;2.354025e-02;-2.925294e-03;2.951047e-02;-7.666931e-04;2.059626e-02;-1.356901e-03;2.784266e-02;-6.133530e-03;3.173700e-02;-5.213844e-03;3.039961e-02;-1.583222e-03;2.971775e-02;2.821029e-04;4.227917e-02;-1.265029e-03;2.848172e-02;-1.819467e-03;3.471889e-02;-2.707211e-03;5.777919e-02;-3.415275e-03;5.007799e-02;-2.403637e-03;7.211473e-02;-6.870609e-03;9.905571e-02;-1.599337e-02;4.620129e-02;-6.862073e-04;5.423960e-02;-8.610932e-03;6.363451e-02;-4.762862e-03;6.059155e-02;-2.571435e-03;5.622027e-02;-3.089277e-03;4.973331e-02;-2.776163e-03;4.268739e-02;-2.156573e-03;3.193653e-02;-1.786508e-03;1.651612e-02;-5.390396e-03;7.774657e-03;-2.321600e-03;1.077999e+01;-7.177734e-01;1.549351e+01;-2.038476e+00;3.691486e+01;-1.966699e+00;3.979098e+01;-7.809375e+00;2.075449e-02;-2.586077e-03;1.290387e+01;-2.530168e+00;4.787084e-02;-1.028292e-02;9.228499e+03;-1.555310e+03;1.294969e-01;2.220476e-02;4.488328e+00;1.234856e+00;2.443123e-03;1.236278e-03;9.974496e-03;-1.987426e-03;8.739155e-03;-3.266579e-03;8.322618e-01;4.600002e-02;1.070431e+00;2.131759e-01;1.124650e+00;-8.706096e-02;9.995579e-01;2.044038e-02;1.130749e+00;1.216995e-01;1.891145e+00;-3.020865e-02;1.289151e+00;7.042125e-02;1.596175e+00;4.982624e-02;1.495545e+00;-1.375751e-02;1.197018e+00;-6.899178e-03;1.679019e+00;-3.717402e-02;1.169198e+00;-1.574512e-01;9.338319e-01;-2.078801e-01;1.293875e+00;-4.176789e-02
67.000000;1.745094e-01;9.820167e+01;1.745325e-02;7.909147e-01;9.086977e-02;6.612690e-02;7.754375e-02;5.608095e-02;1.309361e-01;2.273817e-01;2.588036e+00;6.573983e+00;1.408554e-01;6.796865e-01;6.540929e-02;8.912753e-01;3.309530e-03;2.706899e-02;5.077702e-03;2.146510e-02;5.084156e-03;1.219174e-01;1.614350e-02;2.588466e-01;1.847466e-02;4.177322e-01;6.062236e-02;5.527680e-01;1.007657e-01;6.019030e-01;2.201284e-01;7.289417e-01;2.193527e-01;7.743857e-01;1.367985e-01;8.080792e-01;7.570195e-02;8.356422e-01;9.334639e-02;8.909165e-01;1.048019e-01;9.443244e-01;1.607623e-01;9.900839e-01;1.290709e-01;1.030461e+00;1.112690e-01;1.072220e+00;1.691744e-01;1.119327e+00;1.798172e-01;1.160011e+00;2.190454e-01;1.186435e+00;2.007891e-01;1.235909e+00;1.333806e-01;1.362110e+00;1.350681e-01;1.338691e+00;1.895211e-01;1.313372e+00;1.664432e-01;1.200649e+00;1.498554e-01;1.046113e+00;1.320392e-01;8.776585e-01;1.160352e-01;7.232603e-01;8.637211e-02;5.814002e-01;4.239506e-02;1.697692e-01;1.656992e-02;1.750114e-02;1.091299e+01;2.384443e+02;4.787070e+01;3.072070e+02;1.367919e+02;5.081836e+02;2.913000e+02;7.308369e+02;7.073431e-02;2.272737e-01;6.887774e+01;4.047897e+02;5.125510e-01;3.349193e+00;5.405385e+04;9.054330e+04;3.177625e+00;4.731532e+00;2.238204e+02;1.874630e+02;8.170856e-03;-3.496689e-02;5.863121e-02;4.149491e-01;2.543649e-02;7.545440e-02;2.934741e+00;5.655495e+01;6.867274e+00;-9.396129e+00;3.989633e+00;-9.596244e+00;6.593005e+00;1.296244e+01;4.934621e+00;4.381949e+00;5.575696e+00;-1.432308e+01;6.641348e+00;-8.156381e+00;9.188377e+00;1.735796e+00;7.881351e+00;-8.008376e+00;5.657534e+00;-1.358929e+01;5.336369e+00;-4.943809e+00;7.370250e+00;-6.825131e+00;6.373893e+00;-1.169661e+01;4.540662e+00;-8.270985e+00;1.770662e-06;-1.043160e-08;7.594899e-08;-1.997197e-08;1.327132e-06;1.054265e-07;1.419032e-06;2.558661e-08;1.902882e-06;5.664677e-08;2.264038e-05;-2.293826e-06;9.134297e-03;-4.649352e-03;1.781726e-02;3.850507e-04;3.324100e-04;-1.042426e-04;6.667913e-04;-1.395818e-04;7.643898e-04;2.637459e-05;2.376563e-03;1.609770e-06;5.404708e-03;-1.538534e-04;8.859737e-03;-7.522868e-04;2.574280e-02;-2.208658e-04;2.650687e-02;1.019362e-03;2.319175e-02;1.841594e-04;2.938060e-02;-8.963612e-05;2.622526e-02;2.255202e-03;2.737353e-02;1.661884e-03;3.068564e-02;-2.676228e-03;3.954817e-02;-1.176848e-03;2.875184e-02;6.530875e-04;2.615112e-02;1.121104e-03;5.238012e-02;1.074859e-03;5.024692e-02;9.024834e-04;6.365784e-02;2.270885e-03;6.120098e-02;1.497292e-03;4.120131e-02;-1.229549e-04;4.191087e-02;-1.891002e-04;5.914888e-02;1.126976e-03;5.301719e-02;8.712911e-04;4.810380e-02;4.113345e-04;4.249113e-02;-3.044136e-05;3.693090e-02;1.424830e-04;2.796792e-02;2.031319e-04;5.612039e-03;-3.255078e-04;1.682861e-03;-5.195600e-04;3.539606e+00;2.871094e-02;1.021359e+01;-5.742188e-01;2.544419e+01;-4.751660e+00;2.678662e+01;-9.890918e+00;2.333681e-02;1.181467e-03;8.175544e+00;-2.389083e+00;5.349825e-02;-1.476927e-02;5.888934e+03;-1.847769e+03;4.892167e-01;6.756172e-02;4.534195e+01;3.678199e+00;7.531939e-04;1.910180e-04;6.899807e-03;-1.903486e-03;4.241250e-03;-2.419313e-04;8.335204e-01;-3.647139e-02;7.651286e-01;2.281121e-01;8.229042e-01;1.844600e-02;9.091356e-01;-8.115292e-02;9.382550e-01;6.010934e-02;1.601575e+00;1.342172e-03;1.268194e+00;3.022869e-02;1.580440e+00;-1.335336e-02;1.433165e+00;-1.395210e-01;1.248833e+00;-7.651010e-02;1.522198e+00;-3.411734e-02;1.066760e+00;-1.174773e-02;1.055244e+00;-3.727276e-02;9.551218e-01;-5.344213e-02
67.500000;1.989869e+00;9.751706e+01;1.652419e-02;7.742158e-01;1.186735e-01;1.387753e-01;7.595446e-02;9.552210e-02;1.624292e-01;3.175875e-01;1.677077e+00;5.215546e+00;1.397066e-01;4.677816e-01;5.763695e-02;8.989379e-01;7.862055e-03;1.900624e-02;2.447411e-03;1.770219e-02;5.154731e-03;1.186789e-01;2.236334e-02;2.374968e-01;4.186136e-02;3.828910e-01;8.121915e-02;5.170071e-01;8.466700e-02;5.949194e-01;1.783171e-01;6.948487e-01;1.993575e-01;7.715668e-01;1.367858e-01;7.812032e-01;7.423351e-02;8.487920e-01;7.379533e-02;9.073376e-01;9.830671e-02;9.571192e-01;1.792582e-01;1.014730e+00;1.051024e-01;1.048739e+00;8.924016e-02;1.091486e+00;2.037545e-01;1.155472e+00;2.692719e-01;1.301337e+00;3.128256e-01;1.353207e+00;3.027543e-01;1.428589e+00;1.158688e-01;1.357036e+00;1.269340e-01;1.327300e+00;1.654050e-01;1.263090e+00;1.389917e-01;1.144368e+00;1.277145e-01;9.939041e-01;1.143816e-01;8.370042e-01;9.441179e-02;6.872514e-01;7.248484e-02;5.570105e-01;7.780813e-02;1.076114e-01;3.011489e-03;3.758751e-03;1.672335e+01;2.401670e+02;3.899829e+01;2.784961e+02;1.081088e+02;4.151602e+02;1.173013e+02;5.389043e+02;9.483135e-02;1.762226e-01;4.427104e+01;3.523711e+02;3.018210e-01;3.010924e+00;1.420101e+04;5.542301e+04;2.712781e+00;6.588197e+00;2.055079e+02;2.933269e+02;1.439828e-02;-1.988943e-02;4.387076e-02;3.715667e-01;3.641404e-02;4.538811e-02;2.771481e+00;5.455480e+01;2.800020e+00;-4.015730e+00;6.096823e+00;-7.279723e+00;4.763605e+00;9.278522e+00;6.913421e+00;4.174795e+00;7.478443e+00;-1.130982e+01;5.135081e+00;-9.825322e+00;8.833619e+00;8.820598e-01;9.537912e+00;-5.836844e+00;6.880067e+00;-1.355023e+01;4.269945e+00;-7.794178e+00;5.788748e+00;-9.030311e+00;5.228788e+00;-1.233078e+01;4.213982e+00;-8.059000e+00;3.065024e-05;-2.264355e-08;1.200946e-07;7.090587e-09;1.938917e-06;7.925386e-09;1.632745e-06;9.106344e-09;2.624188e-06;1.140590e-07;2.623996e-05;1.443402e-07;6.541080e-03;-3.931718e-03;1.708034e-02;7.378959e-04;2.112222e-04;-2.105326e-04;5.068340e-04;-3.451751e-05;8.551572e-04;-1.609110e-04;2.620226e-03;-7.900381e-04;6.803723e-03;-7.211101e-04;1.148496e-02;1.213876e-03;2.266654e-02;1.574926e-03;2.181163e-02;-3.164257e-03;2.217540e-02;-3.494908e-03;3.388733e-02;1.490961e-03;2.592993e-02;2.189772e-03;2.597422e-02;1.280177e-03;2.694105e-02;2.111626e-04;4.466718e-02;-4.628771e-04;2.624184e-02;1.389502e-04;2.026828e-02;1.393138e-03;4.875226e-02;6.885832e-03;4.873544e-02;7.522484e-03;4.718481e-02;6.699495e-03;4.727886e-02;4.348736e-03;3.705828e-02;1.613776e-03;4.350763e-02;1.877178e-04;5.170471e-02;-9.381610e-04;4.255159e-02;-2.081236e-03;3.999072e-02;-1.749924e-03;3.646430e-02;-1.579762e-03;2.860411e-02;-1.591505e-03;2.228895e-02;-8.310212e-04;3.627139e-03;-1.841819e-03;3.188023e-04;-8.911773e-05;4.523681e+00;1.435547e-01;8.895712e+00;-2.871094e-02;1.777374e+01;-2.684473e+00;1.923352e+01;-2.153320e-01;2.535704e-02;-2.420595e-03;6.012594e+00;-6.356755e-01;4.688771e-02;-9.213492e-04;3.433297e+03;-4.727427e+01;5.491542e-01;3.334004e-02;5.094730e+01;1.214589e+00;5.403538e-04;3.800433e-04;5.602188e-03;-6.307992e-04;2.575212e-03;-1.108869e-03;7.200639e-01;-5.193827e-02;6.327159e-01;-4.284678e-02;6.205928e-01;1.671487e-01;9.613878e-01;-1.457290e-02;8.960051e-01;-1.427516e-01;1.249450e+00;1.447750e-01;1.092722e+00;-1.644580e-02;1.351676e+00;-2.551799e-01;1.419772e+00;-7.366534e-02;1.234902e+00;9.517402e-03;1.172736e+00;-1.166491e-02;1.060217e+00;1.126700e-01;1.073123e+00;1.610564e-01;7.682869e-01;1.326260e-01
68.000000;2.063009e+00;9.695585e+01;2.014730e-02;7.829415e-01;1.202765e-01;8.097132e-02;6.203866e-02;5.201051e-02;1.757462e-01;2.419540e-01;2.520628e+00;7.652427e+00;6.054384e-02;3.637732e-01;2.423942e-01;1.034009e+00;3.427511e-03;1.040816e-02;6.655602e-03;2.242882e-02;1.178410e-02;1.251723e-01;4.746085e-02;2.621443e-01;4.973692e-02;3.725984e-01;1.007600e-01;5.266302e-01;1.681477e-01;7.000776e-01;1.090711e-01;6.907444e-01;1.069191e-01;7.793124e-01;1.371076e-01;8.421771e-01;8.817380e-02;8.654076e-01;8.579009e-02;9.169071e-01;1.377210e-01;1.008894e+00;2.817399e-01;1.153477e+00;4.089483e-01;1.264618e+00;6.843503e-01;1.462063e+00;6.238158e-01;1.558664e+00;6.725129e-01;1.751375e+00;6.843227e-01;1.786080e+00;1.092421e+00;1.994917e+00;6.366817e-01;1.635207e+00;4.342030e-01;1.488136e+00;3.571067e-01;1.369230e+00;2.818183e-01;1.201799e+00;1.361080e-01;1.018632e+00;1.038981e-01;8.507057e-01;8.579181e-02;6.968815e-01;5.933714e-02;5.623865e-01;2.572202e-02;2.872230e-02;1.215336e-03;1.810077e-03;2.877403e+01;2.199258e+02;2.129260e+01;2.756250e+02;6.591583e+01;3.959238e+02;3.386129e+02;6.771475e+02;5.573909e-02;8.301529e-02;6.665258e+01;3.750982e+02;3.521583e-01;3.333395e+00;1.127675e+05;1.271603e+05;2.024071e+00;5.270258e+00;1.503513e+02;1.720636e+02;4.256916e-03;-5.770336e-03;4.237222e-02;3.775842e-01;9.481710e-03;1.278865e-02;4.576046e+00;5.042947e+01;8.372684e+00;-1.062808e+01;1.730296e+01;7.776306e+00;6.382261e+00;1.098318e+01;1.158361e+01;-6.361450e+00;6.287737e+00;-5.667256e+00;5.390518e+00;-8.791467e+00;6.837890e+00;-3.535713e+00;7.272274e+00;-1.645178e+00;6.433502e+00;-1.120706e+01;4.220071e+00;-7.407410e+00;8.995423e+00;-1.808865e+00;5.397720e+00;-6.854026e+00;4.193254e+00;-4.903735e+00;3.155065e-05;-3.089367e-07;1.320075e-07;2.865413e-09;1.436350e-06;-6.537512e-08;9.238292e-07;8.990636e-12;2.191213e-06;-1.330126e-07;2.311820e-05;1.424763e-06;1.031130e-02;2.946827e-04;5.199166e-02;3.209885e-03;2.419078e-04;-7.485138e-05;7.134564e-04;1.451247e-04;1.893090e-03;5.906702e-04;4.131781e-03;7.484545e-04;7.158364e-03;1.096329e-03;1.368689e-02;9.860162e-04;2.653958e-02;2.582651e-03;2.015588e-02;1.812490e-03;1.717242e-02;9.057205e-04;3.243538e-02;1.481899e-03;2.766365e-02;5.388947e-04;3.438096e-02;1.761275e-04;4.263346e-02;8.292318e-03;7.168512e-02;9.928779e-03;8.517847e-02;4.077260e-03;1.451808e-01;3.262684e-03;1.346266e-01;3.102992e-03;1.449339e-01;7.000895e-03;1.533623e-01;5.948078e-03;2.438478e-01;3.486967e-03;1.359867e-01;6.034045e-03;9.211554e-02;4.853461e-03;8.725687e-02;4.598513e-03;7.637637e-02;2.699959e-03;3.510187e-02;2.595253e-03;2.996960e-02;2.782219e-03;2.246117e-02;2.323149e-03;1.545635e-02;1.551190e-03;1.728771e-03;-7.430661e-04;2.718937e-04;2.173964e-05;5.460742e+00;-7.177734e-01;6.713005e+00;-7.177734e-02;2.033486e+01;4.450195e-01;7.324423e+01;3.517090e+00;1.385960e-02;-1.688391e-03;1.475304e+01;8.211216e-01;4.921013e-02;1.113309e-02;1.975088e+04;1.778108e+03;3.400800e-01;-5.146278e-02;2.582176e+01;-3.539087e+00;3.015953e-04;1.018833e-04;1.013262e-02;4.086567e-04;9.351068e-04;-4.034497e-04;7.289938e-01;-7.694029e-02;1.165104e+00;-2.060915e-01;1.620264e+00;3.678865e-01;9.744512e-01;1.257484e-01;1.387435e+00;-2.295690e-01;1.367705e+00;7.180818e-02;1.170771e+00;-9.718148e-02;1.419271e+00;-8.830350e-02;1.482346e+00;2.840299e-01;1.108288e+00;2.014451e-01;1.296746e+00;2.447737e-03;1.682218e+00;5.994298e-02;1.047256e+00;1.642961e-01;1.038080e+00;9.624565e-02
68.500000;1.358596e+00;9.634674e+01;9.931884e-03;7.928813e-01;1.085406e-02;8.259174e-03;1.543688e-02;1.291673e-02;8.722125e-02;1.400561e-01;1.046257e+00;9.363183e+00;6.549819e-02;3.943065e-01;2.411873e-01;1.107996e+00;2.475336e-03;1.068261e-02;5.261230e-03;2.530990e-02;1.711769e-02;1.428830e-01;2.777404e-02;2.983897e-01;4.704716e-02;4.152386e-01;8.131139e-02;5.872476e-01;1.396167e-01;7.670078e-01;6.188558e-02;6.615437e-01;5.072809e-02;7.310473e-01;9.538631e-02;8.851802e-01;9.510745e-02;9.001291e-01;1.464922e-01;1.020615e+00;1.764065e-01;1.145888e+00;2.814297e-01;1.255221e+00;3.773553e-01;1.338863e+00;6.525562e-01;1.539181e+00;5.705280e-01;1.638297e+00;6.599608e-01;1.812433e+00;7.246286e-01;1.894650e+00;1.190280e+00;2.093400e+00;6.885812e-01;1.803013e+00;4.787420e-01;1.669296e+00;3.840961e-01;1.493911e+00;3.448248e-01;1.317675e+00;1.973562e-01;1.111649e+00;1.528361e-01;9.256442e-01;1.297910e-01;7.542010e-01;1.104047e-01;6.052815e-01;7.198554e-03;1.802368e-02;1.352327e-03;2.540848e-03;3.925007e+01;1.668105e+02;4.316654e+01;2.525127e+02;6.742854e+01;3.697969e+02;3.717818e+02;6.192949e+02;2.534646e-02;6.852303e-02;7.987727e+01;3.594630e+02;2.303413e-01;3.487928e+00;9.802346e+04;1.803598e+05;1.347838e+00;4.385318e+00;6.574194e+01;6.295065e+01;2.755447e-03;-5.742008e-03;6.249738e-02;3.484711e-01;4.340339e-03;9.685603e-03;4.010620e+00;4.652625e+01;5.801388e+00;-1.779142e+01;1.422370e+01;2.875724e+01;7.946089e+00;1.939362e+01;7.972746e+00;-1.173241e+01;5.745793e+00;-2.474636e+00;7.307352e+00;-1.315429e+01;8.734712e+00;-1.152102e+01;4.122409e+00;8.231456e-01;4.914826e+00;-6.496232e+00;5.174869e+00;-1.950926e+00;7.564094e+00;5.823993e+00;5.627248e+00;1.004207e+00;4.770092e+00;7.956798e-01;1.231006e-05;-1.304760e-06;1.069071e-07;-1.781942e-08;1.918735e-07;-6.002678e-10;2.281395e-07;-4.845756e-09;1.347580e-06;-8.702088e-08;1.768154e-05;-1.010518e-06;1.383415e-02;1.769568e-03;6.007188e-02;3.614294e-04;2.261832e-04;3.960531e-05;9.786974e-04;7.445200e-05;2.642346e-03;-4.632975e-05;4.940948e-03;1.673473e-04;6.677045e-03;2.032822e-04;1.995808e-02;1.009276e-04;3.069989e-02;2.385973e-04;1.304767e-02;1.771447e-03;1.275517e-02;9.350592e-04;2.310142e-02;1.200545e-03;3.253613e-02;1.236061e-03;4.090347e-02;4.191429e-04;4.947393e-02;4.351382e-03;8.567320e-02;1.940334e-03;8.788920e-02;1.840358e-03;1.496376e-01;1.604076e-03;1.346897e-01;-4.206316e-03;1.563836e-01;-1.035369e-03;1.835649e-01;-3.489864e-04;2.850664e-01;-2.741143e-03;1.685477e-01;4.705020e-03;1.065149e-01;1.208523e-03;1.068858e-01;2.966924e-03;1.015054e-01;-1.106584e-04;5.132063e-02;-1.157728e-03;3.981766e-02;-1.762735e-03;3.442906e-02;-2.022278e-03;2.825087e-02;-2.060323e-03;1.315210e-03;1.305482e-04;3.527280e-04;4.182848e-05;7.238616e+00;-4.163086e-01;9.688144e+00;1.722656e-01;1.670199e+01;6.029297e-01;8.101937e+01;4.005176e+00;4.415007e-03;2.039595e-04;1.782320e+01;9.611891e-01;5.506634e-02;5.656292e-03;2.334014e+04;2.126821e+03;2.842264e-01;-4.158984e-02;1.233601e+01;-2.498974e+00;2.849214e-04;-3.616610e-05;1.283188e-02;4.914100e-04;8.298388e-04;3.489553e-05;8.420855e-01;-5.895491e-02;1.362362e+00;-1.867376e-01;1.888149e+00;4.014941e-01;1.132586e+00;4.097974e-02;1.892477e+00;6.165325e-02;1.171201e+00;9.114246e-03;1.232223e+00;-2.081018e-01;1.601175e+00;-1.168798e-01;1.279972e+00;2.200798e-02;9.866381e-01;7.207382e-02;1.236042e+00;7.302561e-02;2.405157e+00;6.606402e-02;9.776353e-01;1.681870e-01;1.088958e+00;9.447312e-02
69.000000;1.186538e+02;1.686578e+02;1.090856e-02;7.837452e-01;1.048873e-01;6.362277e-02;1.009130e-01;6.256843e-02;1.219207e-01;1.919211e-01;3.624519e+00;6.370543e+00;8.985277e-02;4.656778e-01;2.003422e-01;1.074175e+00;1.519088e-03;1.280325e-02;6.475101e-03;2.662761e-02;2.086523e-02;1.368021e-01;3.001228e-02;2.729461e-01;3.723437e-02;4.078483e-01;8.373754e-02;5.951240e-01;1.319779e-01;7.347034e-01;6.117878e-02;7.243959e-01;1.037166e-01;8.064536e-01;9.103219e-02;9.391630e-01;1.131138e-01;9.841731e-01;1.508188e-01;1.091293e+00;1.801343e-01;1.206803e+00;2.357027e-01;1.273352e+00;3.427219e-01;1.322899e+00;3.598353e-01;1.398177e+00;3.366536e-01;1.449039e+00;4.203332e-01;1.556313e+00;5.580661e-01;1.669225e+00;8.523498e-01;1.778712e+00;5.843217e-01;1.688091e+00;6.400124e-01;1.721697e+00;3.454382e-01;1.452082e+00;2.985663e-01;1.300711e+00;2.635279e-01;1.133629e+00;1.667461e-01;9.283249e-01;1.407950e-01;7.500046e-01;1.259779e-01;6.065765e-01;1.149397e-02;2.801976e-02;4.474004e-03;5.370105e-03;6.216614e+01;1.813096e+02;6.619101e+01;2.727539e+02;1.214971e+02;3.784102e+02;5.059911e+02;7.822295e+02;1.818211e-02;9.637365e-02;1.232957e+02;3.997142e+02;2.151309e-01;3.408868e+00;1.347686e+05;2.406179e+05;1.241041e+00;3.839146e+00;2.411286e+01;3.443557e+01;2.044361e-03;-7.830121e-03;9.305464e-02;3.744785e-01;8.539749e-03;1.639586e-02;3.758534e+00;4.424188e+01;5.909385e+00;-2.257403e+01;7.582755e+00;3.730039e+01;5.295475e+00;2.199861e+01;7.529150e+00;-9.430132e+00;5.719247e+00;-2.601088e+00;5.474035e+00;-2.041831e+01;6.627656e+00;-1.687790e+01;3.369622e+00;1.583206e+00;3.977448e+00;-5.305191e+00;4.202435e+00;2.602827e+00;6.794766e+00;9.102448e+00;5.417532e+00;7.933112e+00;4.097105e+00;7.317638e+00;8.503049e-04;8.290728e-06;1.420074e-07;-4.308239e-09;1.658476e-06;1.077915e-07;1.565918e-06;1.345078e-07;1.871899e-06;6.760712e-08;4.246403e-05;3.674806e-07;2.058389e-02;1.230899e-03;5.446694e-02;-1.158054e-03;3.946450e-04;4.686718e-05;1.431861e-03;-2.330561e-05;2.293930e-03;-4.198233e-04;4.316737e-03;-5.002415e-04;8.092109e-03;-1.153451e-03;2.467380e-02;-1.993171e-04;3.851052e-02;8.555345e-05;9.609809e-03;2.827126e-04;2.117975e-02;3.246789e-04;2.783150e-02;-1.210604e-03;2.972420e-02;-1.091606e-03;4.426137e-02;8.857590e-05;3.893543e-02;-7.403552e-03;7.089414e-02;-9.144564e-03;8.592380e-02;-2.661305e-03;9.681558e-02;-2.235421e-03;9.384319e-02;-2.039396e-03;1.106244e-01;-1.675556e-03;1.426652e-01;-2.342851e-03;2.143709e-01;-7.895216e-04;1.526126e-01;-2.934218e-03;1.417812e-01;-2.477532e-03;1.013097e-01;1.386204e-03;9.463000e-02;2.427259e-03;7.603764e-02;6.683998e-04;4.933106e-02;8.439694e-04;4.388848e-02;1.047162e-03;3.820744e-02;1.015070e-03;2.199555e-03;2.694234e-04;9.652147e-04;4.059471e-05;1.091902e+01;2.727539e-01;1.218190e+01;9.187500e-01;3.690740e+01;4.163086e-01;9.033334e+01;1.751367e+00;4.558247e-03;4.866510e-04;2.469231e+01;6.233496e-01;6.072464e-02;-4.560225e-03;2.863824e+04;7.136352e+02;2.266825e-01;2.373116e-04;5.283298e+00;-3.240836e-02;4.804045e-04;-5.440036e-05;1.798067e-02;5.246841e-04;1.488821e-03;2.390765e-04;8.886423e-01;-7.310046e-02;1.242066e+00;-2.111446e-02;1.686639e+00;1.416770e-01;1.245634e+00;-8.381595e-02;2.088148e+00;5.719660e-03;1.342655e+00;-2.018088e-02;1.130867e+00;-4.120431e-02;1.497051e+00;-6.519870e-02;9.362578e-01;-7.261597e-02;9.877580e-01;1.391241e-02;1.090665e+00;9.980871e-02;2.418479e+00;1.283996e-01;1.066449e+00;9.260719e-02;9.121412e-01;7.487848e-02
69.500000;1.185995e+02;1.687469e+02;9.905647e-03;7.840044e-01;1.038198e-01;7.047094e-02;1.042115e-01;6.521284e-02;1.254774e-01;1.685760e-01;3.501971e+00;6.191830e+00;1.329473e-01;5.925893e-01;2.291724e-01;1.099406e+00;5.878561e-03;1.829400e-02;6.527720e-03;2.808390e-02;2.432600e-02;1.383600e-01;5.208993e-02;2.914917e-01;9.662912e-02;4.570534e-01;7.478552e-02;6.004598e-01;1.280446e-01;7.304325e-01;9.301858e-02;8.154413e-01;9.588129e-02;9.068985e-01;1.270925e-01;9.867283e-01;1.296029e-01;1.055510e+00;1.523111e-01;1.090479e+00;2.071648e-01;1.233559e+00;2.413972e-01;1.321701e+00;3.664462e-01;1.385593e+00;4.008787e-01;1.453628e+00;3.476440e-01;1.465879e+00;4.670872e-01;1.547135e+00;6.254542e-01;1.644351e+00;9.374968e-01;1.783018e+00;5.741604e-01;1.634748e+00;6.508401e-01;1.643595e+00;5.203534e-01;1.543307e+00;3.768148e-01;1.334301e+00;3.092933e-01;1.158890e+00;1.876179e-01;9.504488e-01;1.665330e-01;7.795298e-01;1.449490e-01;6.320256e-01;3.292298e-02;5.846258e-02;8.860806e-03;1.261807e-02;5.465853e+01;1.904971e+02;5.593459e+01;2.858174e+02;1.163994e+02;3.893203e+02;4.970160e+02;9.338232e+02;4.106881e-02;1.347552e-01;1.085841e+02;4.281020e+02;2.155723e-01;3.484807e+00;1.294700e+05;2.709924e+05;7.919654e-01;3.259562e+00;1.223126e+01;2.330140e+01;1.070783e-02;-1.726881e-02;7.912891e-02;3.965937e-01;1.631589e-02;3.205734e-02;3.838330e+00;4.411477e+01;4.604587e+00;-2.434046e+01;7.671146e+00;3.813951e+01;5.459950e+00;2.263244e+01;8.094893e+00;-7.349310e+00;4.014352e+00;-4.671939e+00;3.807440e+00;-2.341138e+01;4.156796e+00;-1.667553e+01;3.788886e+00;2.216108e+00;4.653147e+00;-5.258559e+00;6.556275e+00;1.187349e+00;6.899285e+00;8.372403e+00;4.474969e+00;9.954352e+00;3.641746e+00;8.815722e+00;8.549597e-04;2.316370e-07;1.324232e-07;7.066216e-09;1.814301e-06;-1.115518e-08;1.779748e-06;-2.142088e-08;1.717192e-06;-3.020390e-08;4.176539e-05;1.152610e-06;2.642060e-02;1.305874e-03;6.218452e-02;-1.810659e-03;5.359784e-04;1.077943e-04;1.548309e-03;4.283195e-06;3.445979e-03;1.764236e-04;8.032734e-03;3.747671e-04;1.805609e-02;-2.545160e-04;2.151817e-02;-1.770537e-04;3.618592e-02;8.842611e-05;2.046040e-02;-6.582886e-04;2.789321e-02;-2.194611e-04;3.935253e-02;-1.734043e-03;3.241065e-02;-2.085197e-03;4.178955e-02;-4.030874e-04;4.735394e-02;-4.412871e-03;6.864338e-02;-4.695609e-03;9.674270e-02;-2.832639e-03;1.117171e-01;-3.283133e-03;9.801900e-02;-2.697828e-03;1.172076e-01;-2.723747e-03;1.514999e-01;-3.691711e-03;2.280362e-01;-1.697003e-03;1.510746e-01;-8.693052e-03;1.453562e-01;-3.411625e-03;1.386908e-01;-5.576759e-03;1.104475e-01;-1.273701e-03;8.836570e-02;-3.476985e-04;5.621022e-02;9.130116e-04;5.157039e-02;1.256120e-03;4.477322e-02;9.831564e-04;4.460655e-03;5.783591e-04;1.888549e-03;3.381285e-05;9.810616e+00;-4.880859e-01;1.258603e+01;-2.153320e-01;3.630626e+01;4.306640e-02;1.234191e+02;-5.756543e+00;5.718145e-03;6.269171e-04;2.553012e+01;-8.409989e-01;6.103289e-02;-4.057989e-03;3.086243e+04;-9.944512e+02;2.040354e-01;1.137437e-02;3.698456e+00;1.526619e-01;9.820436e-04;-1.561642e-04;1.829438e-02;-6.224996e-04;2.573603e-03;3.324817e-04;1.044582e+00;2.132107e-02;1.114989e+00;5.184366e-02;1.648310e+00;3.006889e-03;1.280620e+00;8.000051e-02;1.950356e+00;-7.526715e-02;1.310315e+00;-1.723087e-02;9.795057e-01;5.385042e-02;9.470170e-01;3.031765e-03;8.396834e-01;6.099702e-02;1.145438e+00;1.329170e-02;1.287302e+00;2.651477e-02;2.105161e+00;8.443785e-02;1.044604e+00;5.722748e-03;9.220389e-01;-4.107354e-02
70.000000;1.342426e+00;9.548419e+01;1.179460e-02;7.964664e-01;2.594337e-02;1.707307e-02;3.432914e-02;1.668934e-02;6.265800e-02;9.066882e-02;1.638643e+00;9.802320e+00;1.215224e-01;6.888273e-01;2.216854e-01;1.087644e+00;3.496010e-03;2.584755e-02;5.509493e-03;2.435248e-02;1.954492e-02;1.451664e-01;3.851549e-02;3.161187e-01;7.762795e-02;4.860282e-01;1.054824e-01;5.923124e-01;1.209044e-01;7.184964e-01;1.213550e-01;7.880014e-01;9.132699e-02;9.158925e-01;1.339646e-01;9.865101e-01;1.345743e-01;1.036965e+00;2.140769e-01;1.126160e+00;2.170117e-01;1.146445e+00;2.935524e-01;1.277459e+00;3.339130e-01;1.329262e+00;3.956665e-01;1.393160e+00;2.438048e-01;1.361391e+00;4.070048e-01;1.459405e+00;5.919315e-01;1.565776e+00;8.453341e-01;1.676118e+00;6.906476e-01;1.685084e+00;5.945114e-01;1.613554e+00;5.927320e-01;1.594799e+00;4.563776e-01;1.418207e+00;2.599507e-01;1.171044e+00;1.956595e-01;9.868851e-01;1.819849e-01;8.209267e-01;1.604588e-01;6.675751e-01;3.576656e-02;8.856729e-02;1.150050e-02;1.775382e-02;2.084808e+01;1.511631e+02;3.766936e+01;2.279648e+02;5.196521e+01;3.362051e+02;4.133064e+02;6.504463e+02;4.685662e-02;1.329590e-01;7.181005e+01;3.446767e+02;2.559422e-01;3.359200e+00;9.292777e+04;197231;1.778435e+00;4.349560e+00;8.083253e+01;5.585254e+01;1.020734e-02;-3.267611e-02;5.472682e-02;3.287172e-01;2.833643e-02;5.936381e-02;3.802222e+00;4.443323e+01;5.292205e+00;-1.985562e+01;7.309580e+00;3.943127e+01;6.244170e+00;2.537897e+01;7.940673e+00;-3.749832e+00;3.347687e+00;-4.679283e+00;5.407282e+00;-2.187646e+01;5.591727e+00;-1.381287e+01;5.133912e+00;1.629921e+00;7.260051e+00;-6.945736e+00;6.282717e+00;-3.395912e+00;6.364163e+00;8.397404e+00;4.299909e+00;9.111890e+00;4.036791e+00;5.507325e+00;8.937887e-05;-9.515350e-06;1.658417e-07;9.356579e-09;7.517056e-07;-1.314481e-07;8.484182e-07;-1.661021e-07;1.171028e-06;-5.550922e-08;1.604642e-05;1.287960e-06;2.897902e-02;1.016202e-03;5.632347e-02;-6.410957e-04;6.280452e-04;1.149832e-04;1.282771e-03;-1.851852e-05;3.720455e-03;-1.216355e-04;9.031704e-03;-1.353583e-05;1.777954e-02;4.781778e-04;2.547211e-02;1.987264e-04;3.135258e-02;4.227633e-06;2.209165e-02;1.640537e-04;2.652787e-02;1.703054e-03;3.778058e-02;1.759662e-03;3.377632e-02;-1.070171e-04;5.147287e-02;-5.274722e-04;4.438276e-02;-5.890146e-04;7.464201e-02;-1.322565e-03;8.521864e-02;-1.577665e-03;1.067516e-01;-1.656073e-03;6.729114e-02;-2.688918e-03;9.824088e-02;-1.424279e-03;1.381959e-01;-6.570396e-04;1.959476e-01;-1.178753e-04;1.594260e-01;-1.737494e-03;1.169804e-01;-1.284853e-03;1.477051e-01;-5.149532e-03;1.245346e-01;-3.164533e-03;7.673688e-02;3.447745e-04;6.344735e-02;3.117448e-04;6.031044e-02;1.897263e-04;5.332306e-02;3.168522e-04;6.507215e-03;7.922257e-04;2.890866e-03;-3.074967e-06;5.659114e+00;-2.009766e-01;1.042958e+01;-8.326172e-01;1.163657e+01;-2.153320e-01;1.256677e+02;-5.340234e+00;7.311681e-03;-4.315739e-04;1.876435e+01;-1.401554e+00;5.726478e-02;-2.020580e-03;2.387518e+04;-1.759043e+03;4.698654e-01;3.268253e-02;2.406829e+01;8.619235e-01;1.728742e-03;-2.657924e-04;1.423775e-02;-1.040647e-03;4.834442e-03;5.451100e-04;1.037920e+00;1.000368e-02;1.336346e+00;1.330122e-01;1.632556e+00;-3.137579e-02;1.497622e+00;2.373262e-02;1.688720e+00;-3.790659e-02;1.128880e+00;3.614489e-02;1.154404e+00;2.255662e-02;9.687083e-01;5.435641e-02;1.053608e+00;1.705902e-02;1.148974e+00;-1.450499e-01;1.257200e+00;-1.013032e-01;1.905501e+00;-1.326558e-02;1.030071e+00;-1.767831e-02;9.212289e-01;-6.514202e-02
70.500000;2.453419e+01;1.031689e+02;1.154761e-02;7.994894e-01;7.707511e-02;3.601040e-02;1.032192e-01;4.776760e-02;8.680233e-02;1.193206e-01;2.030201e+00;1.042107e+01;2.083543e-01;8.089746e-01;2.458752e-01;1.098844e+00;5.791380e-03;3.031541e-02;7.642149e-03;2.674351e-02;9.824871e-03;1.335437e-01;3.494595e-02;2.888858e-01;3.627077e-02;4.334727e-01;1.384552e-01;5.967992e-01;1.526459e-01;7.219921e-01;8.464031e-02;7.600774e-01;1.152304e-01;8.895922e-01;1.205513e-01;9.750754e-01;1.261123e-01;1.021724e+00;2.381535e-01;1.159567e+00;2.313563e-01;1.141513e+00;3.010798e-01;1.290725e+00;3.980331e-01;1.381015e+00;4.997835e-01;1.463497e+00;3.942621e-01;1.493347e+00;4.289159e-01;1.519917e+00;4.787013e-01;1.568752e+00;8.784000e-01;1.712542e+00;7.199510e-01;1.735077e+00;8.305975e-01;1.771205e+00;6.045551e-01;1.550978e+00;4.807125e-01;1.397369e+00;2.242767e-01;1.150062e+00;1.772642e-01;9.651315e-01;1.687057e-01;7.977635e-01;1.471116e-01;6.503185e-01;7.105892e-02;1.252033e-01;3.747969e-02;3.766703e-02;2.729201e+01;1.556133e+02;5.926201e+01;2.381572e+02;2.718789e+02;4.137246e+02;5.515589e+02;8.488389e+02;3.806610e-02;1.185979e-01;1.285944e+02;3.877147e+02;2.748349e-01;3.342125e+00;1.522425e+05;2.472752e+05;2.025932e+00;4.021692e+00;8.267171e+01;5.282592e+01;1.829758e-02;-4.549067e-02;9.210915e-02;3.584375e-01;5.940459e-02;1.005873e-01;3.678281e+00;4.282848e+01;6.772704e+00;-2.143423e+01;7.011375e+00;4.138505e+01;6.886090e+00;2.563838e+01;8.575407e+00;-2.891218e+00;4.023962e+00;-4.713046e+00;6.204747e+00;-2.170326e+01;6.422517e+00;-1.222185e+01;4.848181e+00;-1.406179e+00;6.661374e+00;-9.914984e+00;3.974041e+00;-3.471644e+00;5.532409e+00;9.608302e+00;4.341511e+00;1.095393e+01;4.659122e+00;6.357397e+00;2.811747e-04;-3.069941e-07;1.877476e-07;1.179955e-08;1.336436e-06;-3.242017e-08;1.887847e-06;-1.942178e-08;1.416052e-06;2.194096e-08;2.796556e-05;1.053001e-06;4.102066e-02;3.227758e-03;6.267236e-02;1.074934e-03;9.329407e-04;1.577136e-04;1.533312e-03;2.431343e-05;3.101362e-03;1.067554e-04;7.233446e-03;6.861646e-04;8.657968e-03;1.222547e-03;3.438666e-02;5.256062e-04;3.862756e-02;4.426381e-04;1.757155e-02;6.246683e-04;3.428228e-02;1.332264e-03;3.623445e-02;1.727520e-03;3.339335e-02;9.337497e-04;5.576481e-02;-1.642390e-04;5.366191e-02;-3.232483e-04;7.916560e-02;2.144485e-03;1.009937e-01;6.078052e-04;1.299716e-01;3.008021e-04;1.111569e-01;1.420083e-03;1.102142e-01;1.056637e-03;1.213346e-01;3.567175e-04;1.984719e-01;1.640214e-03;1.674574e-01;-4.463791e-04;1.635625e-01;-2.623012e-04;1.569470e-01;-4.244943e-04;1.404239e-01;2.090642e-03;7.111528e-02;3.249287e-03;6.047669e-02;2.927525e-03;5.641314e-02;3.211763e-03;4.968015e-02;2.961083e-03;1.067413e-02;1.463211e-03;7.607752e-03;2.458778e-04;8.152794e+00;1.148437e-01;1.510448e+01;-7.895508e-01;8.284496e+01;-2.583984e-01;1.300522e+02;-7.177734e-02;1.026700e-02;-1.622559e-04;2.958468e+01;-7.448355e-02;7.110373e-02;-2.885368e-04;3.367430e+04;2.016055e+02;4.928852e-01;-5.724863e-04;2.429323e+01;4.598288e-02;2.860794e-03;-5.459926e-04;2.132151e-02;-1.357247e-04;8.917051e-03;1.281803e-03;9.359051e-01;-4.939120e-02;1.540052e+00;4.564246e-02;1.680021e+00;-1.917036e-02;1.687159e+00;8.590077e-02;1.888999e+00;-6.326438e-03;1.658593e+00;1.712856e-02;1.304969e+00;1.750407e-02;1.314603e+00;4.896078e-02;1.181460e+00;-8.146413e-02;1.226302e+00;-1.203829e-01;9.885882e-01;-7.236493e-02;1.843418e+00;-2.290394e-02;9.057407e-01;1.054323e-02;1.033458e+00;2.947091e-02
71.000000;2.428352e+01;1.039581e+02;9.068131e-03;8.009462e-01;7.720903e-02;3.628866e-02;1.039424e-01;4.505042e-02;8.287776e-02;1.249016e-01;1.890275e+00;1.044408e+01;2.020820e-01;9.815960e-01;2.391989e-01;1.095308e+00;9.079469e-03;3.953379e-02;6.747889e-03;2.730159e-02;8.449847e-03;1.362063e-01;3.063680e-02;2.881922e-01;3.863460e-02;4.451093e-01;1.227239e-01;5.752739e-01;1.308514e-01;6.924084e-01;5.861935e-01;1.097750e+00;6.054456e-01;1.134761e+00;9.875895e-02;9.831026e-01;1.279985e-01;1.078459e+00;3.553883e-01;1.246658e+00;2.396385e-01;1.288656e+00;3.072491e-01;1.268187e+00;3.375780e-01;1.279908e+00;4.464929e-01;1.334170e+00;3.929625e-01;1.482737e+00;4.006555e-01;1.490432e+00;4.426657e-01;1.501914e+00;8.276302e-01;1.615013e+00;4.999660e-01;1.500561e+00;7.505350e-01;1.520082e+00;5.758185e-01;1.513150e+00;5.019102e-01;1.386716e+00;2.743151e-01;1.177205e+00;1.995891e-01;9.813932e-01;1.760607e-01;8.039574e-01;1.521716e-01;6.560159e-01;1.071485e-01;2.101401e-01;3.334830e-02;5.564357e-02;2.373476e+01;1.590586e+02;5.386726e+01;2.420332e+02;2.654361e+02;4.589443e+02;4.763010e+02;8.742480e+02;5.822558e-02;1.807753e-01;1.126237e+02;4.030086e+02;2.520464e-01;3.443953e+00;1.422193e+05;2.452524e+05;9.435685e-01;3.303527e+00;2.032527e+01;2.832199e+01;3.562702e-02;-7.805185e-02;7.828161e-02;3.748757e-01;8.119098e-02;1.707899e-01;4.201482e+00;4.455654e+01;5.236887e+00;-2.242182e+01;1.099417e+01;3.628067e+01;8.286515e+00;2.381840e+01;7.978808e+00;-4.482765e+00;4.594778e+00;-4.529268e+00;8.649159e+00;-1.801410e+01;7.499368e+00;-1.229022e+01;9.962416e+00;2.459279e+00;1.106700e+01;-2.773011e+00;4.321806e+00;-3.037388e+00;8.361053e+00;4.236852e+00;1.538161e+01;3.793495e+00;1.074075e+01;2.921601e+00;2.810807e-04;1.657813e-06;1.146909e-07;3.381854e-09;1.334700e-06;-3.952411e-08;1.884089e-06;-1.796201e-08;1.323384e-06;-5.098688e-09;2.610945e-05;-5.630770e-07;4.348142e-02;4.253725e-03;6.297860e-02;2.385939e-04;1.052492e-03;1.898659e-04;1.396952e-03;-5.542961e-06;2.683384e-03;3.256858e-05;6.045301e-03;-4.590449e-05;8.490300e-03;-1.585172e-04;3.303121e-02;-8.440087e-04;3.408305e-02;-1.145759e-03;1.182532e-01;3.243620e-03;1.196909e-01;2.064248e-03;3.304097e-02;-1.135141e-03;3.500657e-02;1.585691e-03;7.684480e-02;7.450505e-03;6.934508e-02;5.675271e-03;9.345058e-02;4.630988e-03;8.228920e-02;1.259407e-04;1.067175e-01;-1.054603e-03;1.104343e-01;4.097561e-04;1.037833e-01;-5.119714e-04;1.140525e-01;-1.385391e-03;1.870733e-01;-1.680166e-03;1.266097e-01;-3.639895e-04;1.457508e-01;-4.902734e-04;1.601628e-01;-9.137768e-04;1.438743e-01;-1.033663e-03;7.979926e-02;-2.063445e-03;6.107240e-02;-2.273073e-03;5.657409e-02;-1.997435e-03;4.949608e-02;-1.918026e-03;1.891870e-02;1.462927e-03;8.389277e-03;5.657268e-04;7.629699e+00;-2.153320e-01;1.422321e+01;-3.014649e-01;8.422442e+01;1.191504e+00;1.058000e+02;3.947754e+00;1.034888e-02;1.558777e-03;2.763108e+01;6.500678e-01;7.001191e-02;5.475209e-03;3.006475e+04;2.451362e+02;2.573483e-01;-3.426022e-02;6.240017e+00;-7.534665e-01;4.189305e-03;-6.577497e-04;2.016657e-02;5.784847e-04;1.285661e-02;1.344079e-03;8.989145e-01;1.003979e-01;1.258404e+00;-6.756885e-02;1.702641e+00;-2.343283e-01;1.760924e+00;-8.980296e-02;2.216889e+00;6.440523e-02;1.606569e+00;3.792971e-02;1.451421e+00;9.881233e-02;1.667190e+00;-5.022486e-02;1.679883e+00;1.935496e-01;1.546590e+00;4.125016e-01;1.280156e+00;6.996776e-02;1.787311e+00;-2.520604e-01;1.732741e+00;-3.601394e-01;1.620410e+00;-1.685314e-01
71.500000;9.402850e-01;9.712988e+01;7.089007e-03;8.010761e-01;1.182121e-02;9.459794e-03;9.866714e-03;6.854697e-03;8.599199e-02;1.376083e-01;1.306587e+00;9.949732e+00;2.001909e-01;1.118320e+00;2.367171e-01;1.079560e+00;5.269910e-03;4.800350e-02;3.991024e-03;2.349458e-02;7.728794e-03;1.336963e-01;2.484801e-02;2.844492e-01;4.055186e-02;4.411471e-01;8.815318e-02;5.599374e-01;1.290391e-01;6.863955e-01;5.709800e-01;1.142116e+00;5.884077e-01;1.175839e+00;9.628590e-02;1.000446e+00;1.723624e-01;1.103334e+00;3.777714e-01;1.232599e+00;2.217010e-01;1.234207e+00;3.242187e-01;1.206835e+00;3.203340e-01;1.211453e+00;3.032807e-01;1.252554e+00;2.408937e-01;1.326641e+00;3.491482e-01;1.404161e+00;5.413280e-01;1.476300e+00;7.043000e-01;1.520558e+00;4.307450e-01;1.495002e+00;4.511510e-01;1.400609e+00;6.277010e-01;1.553393e+00;7.318814e-01;1.511548e+00;4.042918e-01;1.246990e+00;2.392160e-01;1.013363e+00;1.533700e-01;8.005292e-01;1.383289e-01;6.544608e-01;1.361589e-01;3.364422e-01;3.211118e-02;5.911360e-02;1.975169e+01;1.632217e+02;6.430609e+01;2.520820e+02;9.699570e+01;4.575088e+02;2.155889e+02;6.564756e+02;6.423648e-02;2.632944e-01;6.118716e+01;3.730356e+02;2.803035e-01;3.564292e+00;5.499105e+04;1.542986e+05;6.348544e-01;3.651804e+00;2.544816e+01;4.334326e+01;2.801281e-02;-1.105427e-01;5.539437e-02;3.680384e-01;7.449773e-02;2.285838e-01;4.069032e+00;4.751189e+01;3.680550e+00;-1.804308e+01;1.010860e+01;2.427434e+01;1.054294e+01;1.381092e+01;6.519020e+00;-7.403300e+00;5.273116e+00;-5.748729e+00;8.134357e+00;-8.577075e+00;7.258732e+00;-9.879226e+00;9.941589e+00;1.138198e+01;1.088512e+01;9.123189e+00;8.459615e+00;-1.921131e+00;7.431211e+00;-2.058257e+00;1.424730e+01;-1.107434e+01;9.205913e+00;-6.402695e+00;8.111158e-06;1.608457e-06;5.896161e-08;-4.743235e-10;1.590808e-07;-1.022619e-09;1.234718e-07;4.055645e-09;1.354537e-06;-1.700406e-08;1.293579e-05;-8.362674e-07;4.397552e-02;3.393194e-03;5.907406e-02;1.914086e-04;1.120299e-03;1.511076e-04;9.963099e-04;-3.212395e-05;1.578480e-03;-5.169405e-05;4.753586e-03;-2.536637e-04;8.160497e-03;7.566273e-05;2.537822e-02;-8.336156e-05;3.118413e-02;-8.694506e-04;1.196313e-01;-4.763483e-04;1.179349e-01;2.276139e-05;2.982657e-02;-1.745216e-03;4.581359e-02;-8.868293e-04;8.251704e-02;6.038499e-03;5.845270e-02;5.340680e-03;1.073062e-01;2.234661e-03;8.955430e-02;9.847692e-05;7.688922e-02;-4.506764e-04;6.517880e-02;-7.285709e-04;8.232557e-02;-6.833799e-04;1.266779e-01;9.043959e-04;1.620265e-01;-8.274650e-05;1.029355e-01;2.715966e-03;1.133824e-01;8.326281e-04;1.552960e-01;8.437317e-04;1.771076e-01;-1.033930e-03;9.825899e-02;-8.622608e-04;6.450505e-02;-2.334194e-03;5.048425e-02;-1.758658e-03;4.551888e-02;-1.829858e-03;2.786199e-02;2.528375e-03;9.574168e-03;6.249934e-04;5.593109e+00;0;1.669768e+01;1.148437e-01;2.192701e+01;1.536035e+00;6.880936e+01;2.971582e+00;1.184570e-02;1.171847e-03;1.652460e+01;3.869045e-01;5.475502e-02;5.530286e-03;1.297033e+04;-5.766980e+02;2.123020e-01;-5.583623e-03;7.675961e+00;2.314618e-01;5.436630e-03;-7.252702e-04;1.419161e-02;5.071652e-04;1.770636e-02;1.077868e-03;9.116765e-01;5.454142e-02;1.110411e+00;3.587809e-02;1.535816e+00;-2.498206e-01;1.564597e+00;-2.052094e-01;1.929732e+00;8.490945e-02;1.398905e+00;4.150681e-03;1.588596e+00;8.499385e-02;1.577156e+00;-6.557167e-02;1.947110e+00;2.349082e-01;1.640295e+00;3.654681e-01;1.773620e+00;5.055359e-03;1.611212e+00;-1.886878e-01;1.980578e+00;-4.013903e-01;1.563951e+00;-2.079018e-01
72.000000;6.600364e-01;9.734285e+01;7.300059e-03;7.965353e-01;8.216372e-03;6.751923e-03;7.491532e-03;5.185845e-03;1.059600e-01;1.643436e-01;9.201331e-01;9.164776e+00;2.422422e-01;1.308810e+00;2.322175e-01;1.090435e+00;8.259964e-03;5.550894e-02;5.478278e-03;2.478206e-02;5.471990e-03;1.292803e-01;2.099595e-02;2.770077e-01;3.326949e-02;4.314691e-01;9.318047e-02;5.953181e-01;1.869622e-01;7.352985e-01;1.458760e-01;8.131511e-01;1.197977e-01;8.869935e-01;1.930513e-01;9.944777e-01;2.073045e-01;1.030010e+00;2.495913e-01;1.078853e+00;1.853104e-01;1.106102e+00;3.023851e-01;1.202761e+00;4.551662e-01;1.363075e+00;5.229165e-01;1.449118e+00;3.841411e-01;1.439400e+00;4.088619e-01;1.507580e+00;5.649418e-01;1.594265e+00;7.972107e-01;1.719561e+00;4.572934e-01;1.687817e+00;6.032954e-01;1.699996e+00;6.192454e-01;1.631770e+00;6.776059e-01;1.405618e+00;3.944010e-01;1.176884e+00;2.795700e-01;1.008769e+00;1.412752e-01;7.709337e-01;1.112116e-01;6.157924e-01;2.329545e-01;5.276687e-01;5.718329e-02;8.820441e-02;2.965855e+01;1.788691e+02;7.358407e+01;2.894062e+02;7.721735e+01;4.718643e+02;3.026581e+02;7.695967e+02;9.690900e-02;3.402371e-01;7.215012e+01;4.060289e+02;1.842121e-01;3.727783e+00;9.097428e+04;1.694665e+05;7.551925e-01;3.579069e+00;2.735504e+01;4.256970e+01;4.475688e-02;-1.482607e-01;5.739176e-02;3.988606e-01;1.345616e-01;3.113566e-01;4.555228e+00;4.553132e+01;4.358091e+00;-1.644556e+01;7.549418e+00;2.230340e+01;5.688035e+00;3.976155e+00;8.199344e+00;-7.067974e+00;5.911300e+00;-9.598466e+00;5.720335e+00;-7.526525e+00;7.024184e+00;-5.672935e+00;6.178756e+00;1.234787e+01;9.360156e+00;9.806214e+00;8.053957e+00;2.241446e+00;7.096607e+00;-6.187529e+00;8.464900e+00;-1.254923e+01;3.459732e+00;-1.074709e+01;4.391351e-06;-6.461563e-07;8.681032e-08;-3.450402e-09;1.338286e-07;-9.150787e-10;1.262926e-07;-2.151665e-10;1.821944e-06;3.813928e-08;1.247550e-05;-5.869286e-07;5.573525e-02;3.403525e-03;6.106743e-02;-2.403324e-04;1.568475e-03;1.631800e-04;1.172956e-03;4.043839e-05;1.433080e-03;-5.635084e-05;4.798473e-03;1.126256e-04;7.903301e-03;1.697648e-04;2.247655e-02;1.265391e-03;4.379648e-02;1.315310e-03;2.755349e-02;-3.738242e-03;2.179613e-02;-3.639084e-03;5.480640e-02;2.732502e-04;4.999156e-02;1.014717e-03;4.896636e-02;-7.444999e-03;3.750946e-02;-3.992062e-03;9.523941e-02;-6.291163e-04;1.245849e-01;2.637189e-03;1.363457e-01;4.301374e-03;1.044169e-01;2.398943e-03;1.015045e-01;2.165762e-03;1.329750e-01;2.903473e-03;1.903992e-01;4.898970e-03;1.239763e-01;-3.910132e-04;1.652518e-01;-2.252672e-03;1.534187e-01;-1.675852e-03;1.563506e-01;-2.173629e-03;8.636395e-02;-1.564128e-03;6.225143e-02;-1.215446e-03;3.587018e-02;-7.375932e-04;3.344805e-02;-1.952076e-04;5.310181e-02;3.968890e-03;1.563349e-02;3.399117e-04;9.309729e+00;3.301758e-01;2.059635e+01;6.459961e-01;1.682946e+01;-9.761719e-01;8.910172e+01;-1.708301e+00;2.625114e-02;9.612316e-05;2.127390e+01;2.985584e-01;5.515244e-02;-1.106568e-03;2.224302e+04;6.739921e+02;2.405728e-01;5.870824e-03;7.927929e+00;-5.987386e-02;8.529455e-03;-8.124740e-04;1.681778e-02;1.831844e-04;3.153833e-02;2.380949e-03;8.399042e-01;-4.520718e-02;1.109074e+00;-3.590801e-02;1.206473e+00;1.335915e-01;1.308331e+00;-1.230613e-03;1.684254e+00;-1.351791e-01;1.513134e+00;-1.003406e-01;1.363636e+00;-1.528591e-02;1.662402e+00;7.034218e-02;1.598825e+00;-7.732721e-02;1.557646e+00;-2.893039e-01;1.667613e+00;-3.610198e-02;1.681028e+00;1.484949e-01;1.793120e+00;1.892687e-01;1.089117e+00;4.081301e-02
72.500000;9.711912e-01;9.673053e+01;7.902985e-03;7.942886e-01;9.482109e-03;6.089261e-03;1.307830e-02;8.044442e-03;1.032613e-01;1.322202e-01;1.018257e+00;9.088169e+00;1.992799e-01;1.329928e+00;1.622067e-01;1.010998e+00;5.468669e-03;5.976721e-02;5.122142e-03;2.461577e-02;1.013639e-02;1.340181e-01;1.801420e-02;2.749379e-01;3.024421e-02;4.283628e-01;9.018559e-02;5.872217e-01;1.675336e-01;7.077706e-01;1.054806e-01;6.775718e-01;6.582089e-02;7.564316e-01;1.940035e-01;9.324806e-01;1.611340e-01;9.817475e-01;1.598787e-01;9.928886e-01;1.275788e-01;1.064411e+00;2.337221e-01;1.176415e+00;3.782899e-01;1.293029e+00;4.969434e-01;1.366914e+00;3.791876e-01;1.394310e+00;3.578148e-01;1.453948e+00;4.335586e-01;1.523593e+00;6.829418e-01;1.641973e+00;3.972529e-01;1.554559e+00;5.614974e-01;1.578535e+00;4.513994e-01;1.364501e+00;2.154488e-01;1.156870e+00;1.890555e-01;1.023273e+00;2.623077e-01;8.899450e-01;1.637044e-01;7.376922e-01;1.276764e-01;5.925512e-01;2.136470e-01;5.580142e-01;5.219046e-02;9.198003e-02;3.381162e+01;1.686768e+02;6.624952e+01;2.629922e+02;7.454291e+01;3.936270e+02;3.372251e+02;6.821719e+02;1.055769e-01;3.766673e-01;7.624801e+01;3.774437e+02;2.097368e-01;3.607408e+00;8.376152e+04;1.846804e+05;1.413967e+00;4.053423e+00;6.027659e+01;4.796662e+01;3.105673e-02;-1.693492e-01;6.499175e-02;3.660195e-01;1.258950e-01;3.322912e-01;3.134526e+00;4.511000e+01;5.843215e+00;-1.834976e+01;8.294970e+00;2.971256e+01;8.705012e+00;8.904441e+00;8.998807e+00;-7.990905e+00;7.706292e+00;-8.286666e+00;4.377920e+00;-1.230716e+01;7.046158e+00;-5.498799e+00;5.284699e+00;7.775849e+00;8.126470e+00;1.280421e+00;4.285203e+00;2.326259e+00;8.800510e+00;-2.472941e+00;8.115667e+00;-4.149232e+00;6.653054e+00;-6.225859e+00;8.954225e-06;-8.323748e-07;9.012921e-08;-7.153015e-09;1.507509e-07;3.331136e-09;1.911667e-07;5.831690e-09;1.695388e-06;-1.983294e-09;1.328019e-05;-3.245691e-07;4.884716e-02;-1.826205e-03;4.263614e-02;-1.026329e-03;1.500326e-03;7.925360e-06;1.062901e-03;-3.136812e-05;2.120235e-03;-2.774409e-05;4.210610e-03;-5.242036e-04;6.837795e-03;-1.208509e-03;2.152540e-02;-6.789959e-04;4.008878e-02;1.942271e-05;1.689871e-02;-1.658204e-03;8.376474e-03;-1.351558e-03;5.321488e-02;1.499426e-03;4.011500e-02;2.028674e-03;2.352351e-02;-5.413474e-03;2.219761e-02;-4.264316e-03;6.814413e-02;1.580212e-05;9.541740e-02;-2.739210e-04;1.225282e-01;-1.103398e-03;9.926422e-02;-4.132546e-04;9.292422e-02;5.354896e-04;1.053042e-01;4.473288e-04;1.667845e-01;1.250929e-03;1.038495e-01;-1.966436e-03;1.374639e-01;-1.354603e-03;9.596933e-02;-2.635271e-03;4.904495e-02;-2.615674e-03;4.234158e-02;-2.854312e-03;5.092764e-02;-1.301769e-03;4.175464e-02;-1.709327e-03;3.854487e-02;-1.126653e-03;5.336177e-02;-1.339108e-03;1.412446e-02;-5.458483e-04;8.518928e+00;-5.455078e-01;1.452342e+01;-1.148437e-01;1.304768e+01;-1.449902e+00;8.121957e+01;-3.086426e+00;2.633372e-02;-8.871796e-05;1.813058e+01;-8.054858e-01;5.277258e-02;-3.771976e-03;2.150020e+04;1.634979e+02;3.458112e-01;8.412587e-03;1.686779e+01;-2.696930e-01;8.466584e-03;2.835324e-04;1.392920e-02;-8.526588e-04;3.008889e-02;-8.553443e-04;6.344044e-01;1.880568e-02;1.260042e+00;-7.074490e-02;1.565596e+00;1.857070e-01;1.276427e+00;6.839992e-02;1.818054e+00;-8.470476e-02;1.195562e+00;1.312509e-01;1.110834e+00;-3.586859e-02;1.639891e+00;4.806793e-02;1.296178e+00;-1.247102e-01;1.427837e+00;-2.730652e-01;1.091308e+00;1.835955e-02;1.809546e+00;1.612670e-01;1.599791e+00;3.557530e-01;9.835150e-01;1.886844e-01
73.000000;1.000083e+02;1.414341e+02;1.207117e-02;7.830636e-01;7.365292e-02;3.455745e-02;7.686467e-02;3.736215e-02;1.120132e-01;1.644602e-01;2.873346e+00;7.059115e+00;1.732127e-01;1.198503e+00;1.755274e-01;9.865183e-01;7.602905e-03;5.220399e-02;6.299130e-03;2.582892e-02;1.548004e-02;1.270695e-01;2.463934e-02;2.562144e-01;3.228257e-02;3.953198e-01;7.660045e-02;5.649016e-01;1.155263e-01;6.758884e-01;1.007590e-01;6.766254e-01;6.957810e-02;7.473949e-01;1.070592e-01;8.739577e-01;1.566364e-01;9.846516e-01;1.122743e-01;9.918519e-01;1.220800e-01;1.123591e+00;2.327455e-01;1.206361e+00;3.270748e-01;1.239868e+00;3.877884e-01;1.313377e+00;3.404169e-01;1.349073e+00;3.944895e-01;1.431597e+00;4.797960e-01;1.522946e+00;7.470540e-01;1.602042e+00;4.609099e-01;1.489789e+00;5.706752e-01;1.489857e+00;3.426318e-01;1.242939e+00;2.686059e-01;1.171015e+00;2.364232e-01;1.043740e+00;1.549863e-01;8.307914e-01;1.281058e-01;7.138751e-01;1.123620e-01;5.847386e-01;1.115645e-01;4.357993e-01;5.049494e-02;7.877660e-02;4.913598e+01;1.777207e+02;5.999762e+01;2.701699e+02;1.325820e+02;3.914736e+02;4.843225e+02;7.764873e+02;8.685945e-02;3.594690e-01;1.175095e+02;3.957963e+02;1.814552e-01;3.535274e+00;1.306357e+05;2.273957e+05;1.559728e+00;3.955437e+00;6.033346e+01;4.363208e+01;3.637110e-02;-1.297552e-01;8.751899e-02;3.734246e-01;9.698913e-02;2.509692e-01;3.437813e+00;4.599281e+01;5.776377e+00;-2.235133e+01;7.256872e+00;3.410338e+01;3.346183e+00;1.588957e+01;6.761845e+00;-1.127757e+01;7.293523e+00;-3.692152e+00;6.184884e+00;-1.766515e+01;6.707218e+00;-1.182974e+01;4.605998e+00;5.644596e+00;3.950861e+00;-1.902934e+00;4.151520e+00;1.944576e+00;6.687007e+00;5.120225e+00;5.698471e+00;1.886959e+00;4.415021e+00;1.940824e+00;5.470497e-04;1.275727e-04;1.256440e-07;-2.376054e-09;1.047145e-06;1.969577e-08;1.062022e-06;1.300109e-08;1.616550e-06;6.360383e-08;2.465235e-05;-2.237973e-06;4.538327e-02;-1.676542e-03;4.599426e-02;7.783421e-04;1.290775e-03;-1.565754e-04;1.268420e-03;5.353995e-05;2.383885e-03;4.379093e-05;4.289303e-03;-1.281483e-04;5.848895e-03;-9.473055e-04;2.197025e-02;-2.978380e-04;3.325284e-02;4.247011e-04;1.124661e-02;-4.976637e-04;1.188491e-02;3.248144e-04;2.858764e-02;2.065483e-03;4.203834e-02;-3.141885e-03;3.164009e-02;1.695979e-04;3.153409e-02;1.173713e-05;6.505851e-02;1.475993e-03;7.711769e-02;5.068737e-04;1.007310e-01;-4.033623e-04;9.103715e-02;2.201476e-04;1.015813e-01;7.320552e-04;1.212303e-01;6.831806e-04;1.811120e-01;1.403134e-03;1.193898e-01;1.499302e-03;1.216155e-01;6.145150e-03;8.105332e-02;2.782075e-03;7.497954e-02;3.140640e-03;6.563208e-02;1.568450e-03;4.146766e-02;1.431419e-03;4.069018e-02;7.924868e-04;3.601433e-02;2.320467e-04;3.224889e-02;-1.682228e-03;1.204474e-02;5.761973e-05;8.147231e+00;7.464844e-01;1.211563e+01;7.608398e-01;3.897450e+01;0;7.705624e+01;9.359766e+00;1.803327e-02;1.298973e-04;2.302518e+01;1.162507e+00;4.716338e-02;-2.237314e-03;2.734901e+04;1.312674e+03;3.264467e-01;-9.278180e-03;1.632906e+01;-1.162509e-01;5.826827e-03;7.723647e-04;1.666866e-02;8.676303e-04;1.856154e-02;-1.269495e-03;8.188788e-01;-3.695955e-02;1.230555e+00;-7.933803e-02;1.740276e+00;9.254313e-02;1.098907e+00;4.138871e-02;1.678068e+00;4.420557e-02;1.271561e+00;2.418935e-02;1.273589e+00;-1.353695e-01;1.213785e+00;-2.059694e-02;1.146426e+00;1.339915e-02;1.054111e+00;1.049142e-02;1.178537e+00;2.140430e-02;2.211694e+00;8.785462e-02;1.081598e+00;1.855786e-01;8.270830e-01;2.015678e-01
73.500000;1.193222e+02;1.652178e+02;1.062930e-02;7.800549e-01;7.249969e-02;4.330688e-02;7.642218e-02;4.419449e-02;1.027474e-01;1.991001e-01;6.624202e+00;5.377097e+00;1.790563e-01;1.195088e+00;2.001183e-01;1.027869e+00;7.268110e-03;5.035839e-02;6.065370e-03;2.763165e-02;2.010864e-02;1.294411e-01;4.844416e-02;2.720681e-01;9.875991e-02;4.232863e-01;6.990286e-02;5.618413e-01;1.114546e-01;6.837729e-01;1.056762e-01;7.519224e-01;5.993650e-02;8.202699e-01;1.231031e-01;8.956525e-01;1.601389e-01;9.815571e-01;1.400125e-01;1.015105e+00;1.711058e-01;1.150357e+00;2.215230e-01;1.240093e+00;3.359736e-01;1.288533e+00;4.035911e-01;1.366869e+00;3.404998e-01;1.384785e+00;4.255294e-01;1.446549e+00;5.578305e-01;1.527576e+00;8.442917e-01;1.645238e+00;5.253342e-01;1.524126e+00;5.975901e-01;1.535341e+00;4.614244e-01;1.442028e+00;3.295995e-01;1.278225e+00;2.645201e-01;1.108048e+00;1.674824e-01;9.069468e-01;1.532944e-01;7.423791e-01;1.326745e-01;6.026000e-01;8.953019e-02;4.223923e-01;5.319854e-02;9.230942e-02;5.506572e+01;1.910713e+02;6.008480e+01;2.865352e+02;1.290724e+02;3.972158e+02;4.956988e+02;9.440156e+02;9.231301e-02;3.407379e-01;1.127279e+02;4.265687e+02;2.043585e-01;3.536674e+00;1.352888e+05;2.655746e+05;9.073926e-01;3.335950e+00;1.415847e+01;2.513651e+01;3.618249e-02;-1.205468e-01;8.242171e-02;3.960739e-01;9.181974e-02;2.300575e-01;4.016581e+00;4.499009e+01;4.728400e+00;-2.370226e+01;7.802663e+00;3.546664e+01;5.594206e+00;1.851790e+01;7.678334e+00;-1.006285e+01;5.877383e+00;-5.108026e+00;4.543096e+00;-2.068939e+01;5.261612e+00;-1.294666e+01;4.115858e+00;6.079113e+00;4.162414e+00;-1.911373e+00;4.977895e+00;1.399401e+00;7.829745e+00;6.168477e+00;6.096314e+00;5.347710e+00;4.447517e+00;5.775283e+00;7.697690e-04;3.847928e-05;1.265392e-07;2.158079e-09;1.071270e-06;-1.370785e-08;1.102520e-06;-1.829899e-08;1.583789e-06;5.086518e-08;1.113559e-04;-6.811453e-09;5.036146e-02;1.339033e-03;5.623078e-02;1.035638e-03;1.469131e-03;1.128691e-06;1.465250e-03;3.779370e-07;3.498760e-03;-1.555102e-05;9.524699e-03;3.142876e-04;1.612670e-02;3.075388e-04;1.984083e-02;1.635463e-04;3.204256e-02;3.021466e-04;1.603158e-02;8.144928e-04;1.207657e-02;6.232003e-04;2.709009e-02;3.053032e-04;4.221655e-02;-1.215734e-03;3.820779e-02;-1.033560e-03;4.276785e-02;-7.636938e-05;6.863121e-02;-4.900791e-04;8.541250e-02;1.188571e-03;1.117746e-01;2.500654e-03;9.515008e-02;-8.116767e-05;1.083102e-01;1.157163e-03;1.363903e-01;2.035901e-03;2.046691e-01;3.050955e-03;1.445905e-01;8.455334e-04;1.377152e-01;1.385125e-03;1.256926e-01;3.732471e-03;1.075190e-01;1.941072e-03;8.294739e-02;2.201593e-03;5.286197e-02;2.378205e-03;4.700566e-02;2.468448e-03;4.032044e-02;2.122846e-03;2.826406e-02;7.031597e-04;1.403080e-02;4.378188e-04;1.102264e+01;3.301758e-01;1.385965e+01;3.158203e-01;3.865621e+01;-1.435547e-02;1.127161e+02;3.158203e+00;2.321024e-02;1.335080e-03;2.582547e+01;7.713588e-01;5.175957e-02;1.570212e-03;3.237508e+04;9.238563e+02;1.965926e-01;-1.116043e-02;3.431380e+00;-1.208622e-01;7.311365e-03;-1.780619e-04;1.850835e-02;5.830192e-04;2.109778e-02;7.984689e-04;1.010567e+00;-4.495563e-02;1.051104e+00;-1.825412e-03;1.765499e+00;1.726506e-02;1.315493e+00;7.580379e-02;1.732304e+00;1.024254e-02;1.465776e+00;-1.180714e-01;1.243921e+00;-7.295652e-02;1.194332e+00;3.929973e-02;1.027065e+00;5.796596e-02;1.019864e+00;1.021325e-02;1.271123e+00;-8.998726e-02;2.359845e+00;-5.633312e-03;1.055754e+00;4.022547e-02;9.153486e-01;-3.072391e-04
74.000000;8.001424e+01;1.197046e+02;1.251589e-02;7.918453e-01;2.440516e-02;1.911781e-02;2.233352e-02;1.712778e-02;9.741118e-02;1.646056e-01;6.758949e+00;7.876366e+00;1.800400e-01;1.166604e+00;2.090373e-01;1.015024e+00;5.687795e-03;5.452077e-02;5.119953e-03;2.453389e-02;1.584552e-02;1.358570e-01;3.871322e-02;2.922863e-01;8.850758e-02;4.541656e-01;8.902413e-02;5.493729e-01;1.063974e-01;6.685750e-01;8.437042e-02;7.567650e-01;6.036467e-02;8.513916e-01;1.281041e-01;9.361008e-01;1.378842e-01;9.699429e-01;2.131766e-01;1.044303e+00;1.710235e-01;1.063646e+00;2.679775e-01;1.187996e+00;3.101036e-01;1.240265e+00;3.698629e-01;1.304300e+00;2.302502e-01;1.293782e+00;3.573554e-01;1.367417e+00;5.159466e-01;1.449264e+00;7.500660e-01;1.545211e+00;6.986910e-01;1.559278e+00;5.891545e-01;1.509869e+00;5.676333e-01;1.489557e+00;4.478280e-01;1.342029e+00;2.483892e-01;1.082559e+00;2.007714e-01;9.149125e-01;1.955257e-01;7.619674e-01;1.705700e-01;6.198024e-01;1.044794e-01;4.083480e-01;4.877055e-02;8.254581e-02;4.331904e+01;1.609248e+02;5.267812e+01;2.423203e+02;4.595454e+01;3.419473e+02;4.415575e+02;7.279658e+02;1.051639e-01;3.022164e-01;8.541043e+01;3.586749e+02;2.550295e-01;3.391402e+00;1.030040e+05;2.070548e+05;1.270475e+00;4.073958e+00;3.369912e+01;4.062484e+01;3.119953e-02;-1.428285e-01;6.697150e-02;3.408325e-01;8.390508e-02;2.499278e-01;4.113938e+00;4.538111e+01;5.162417e+00;-2.056290e+01;6.872339e+00;3.696002e+01;6.303969e+00;2.147575e+01;8.754760e+00;-7.781860e+00;4.597008e+00;-6.098191e+00;4.908477e+00;-1.854170e+01;6.059760e+00;-9.802936e+00;4.567517e+00;5.835388e+00;4.716444e+00;-3.968033e+00;5.407506e+00;-3.689692e+00;6.720712e+00;5.949054e+00;5.691048e+00;5.922626e+00;5.434090e+00;4.167627e+00;5.202225e-04;-8.941425e-05;1.631825e-07;1.073376e-08;3.218640e-07;-3.355060e-08;3.617715e-07;-3.066028e-08;1.474538e-06;-9.667635e-08;1.094517e-04;3.425681e-06;4.659415e-02;5.268084e-04;5.333982e-02;1.272805e-03;1.445546e-03;1.450026e-04;1.226355e-03;-9.322246e-05;3.513711e-03;-9.692033e-05;9.992923e-03;1.385791e-04;1.662762e-02;1.142890e-03;2.312362e-02;9.253499e-04;2.923591e-02;5.661754e-04;1.353041e-02;1.014541e-03;1.427673e-02;1.041762e-03;3.133119e-02;-1.336508e-03;3.472746e-02;1.069143e-03;4.818283e-02;2.686001e-03;3.626980e-02;1.069579e-03;6.924384e-02;1.363730e-03;7.885225e-02;2.255364e-03;9.773632e-02;2.778751e-03;6.386782e-02;2.864514e-04;8.760598e-02;1.702095e-03;1.206684e-01;2.696748e-03;1.761760e-01;2.827213e-03;1.600476e-01;8.436680e-03;1.155271e-01;4.898149e-03;1.410145e-01;3.302113e-03;1.272093e-01;-9.401122e-04;7.598729e-02;-8.410721e-04;6.019856e-02;-1.466058e-03;5.732566e-02;-1.299084e-03;5.013096e-02;-1.128613e-03;2.731244e-02;5.828821e-04;1.308549e-02;1.255072e-04;9.223319e+00;-8.613281e-01;1.135695e+01;-1.177148e+00;1.090827e+01;0;1.201819e+02;-8.627637e+00;2.333631e-02;-9.188848e-04;1.947900e+01;-1.178701e+00;5.855604e-02;5.812520e-04;2.512492e+04;-1.022201e+03;3.050833e-01;5.788331e-03;1.052366e+01;4.989274e-02;7.937180e-03;-6.343014e-04;1.483305e-02;-9.635573e-04;2.084614e-02;8.060979e-04;1.032317e+00;2.300615e-02;1.160013e+00;4.402714e-02;1.745739e+00;6.195017e-02;1.469140e+00;2.558200e-03;1.776811e+00;9.247968e-02;1.322998e+00;-4.547823e-03;1.131264e+00;-9.061956e-02;1.181774e+00;7.134356e-02;1.084048e+00;-4.459873e-02;1.087641e+00;-7.718474e-02;1.039083e+00;-5.875541e-02;1.965188e+00;-6.747272e-02;1.075245e+00;-5.443133e-02;9.854582e-01;-1.071706e-01
74.500000;1.126908e+00;9.518365e+01;1.258060e-02;7.971509e-01;4.118006e-02;1.874201e-02;2.466058e-02;1.486667e-02;8.304176e-02;1.262058e-01;1.212742e+00;1.062331e+01;2.309913e-01;1.176980e+00;2.419423e-01;1.041763e+00;5.797578e-03;5.436897e-02;7.273454e-03;2.537415e-02;8.850165e-03;1.291658e-01;2.354195e-02;2.763292e-01;3.352587e-02;4.186707e-01;1.146776e-01;5.616956e-01;1.356376e-01;6.787255e-01;9.302083e-02;7.277684e-01;9.182464e-02;8.257996e-01;1.095851e-01;9.389585e-01;1.628614e-01;9.829821e-01;2.383969e-01;1.099938e+00;2.218276e-01;1.103227e+00;3.156237e-01;1.223170e+00;3.789590e-01;1.297716e+00;4.768059e-01;1.371189e+00;3.794051e-01;1.408009e+00;3.912798e-01;1.443620e+00;4.356179e-01;1.499078e+00;8.325419e-01;1.602459e+00;7.257233e-01;1.648756e+00;7.763422e-01;1.648176e+00;6.203873e-01;1.484400e+00;4.870669e-01;1.330893e+00;2.326499e-01;1.091513e+00;1.901975e-01;9.150569e-01;1.760562e-01;7.598647e-01;1.535199e-01;6.186734e-01;1.364967e-01;3.889260e-01;8.968831e-02;1.005396e-01;2.368391e+01;1.520244e+02;4.899297e+01;2.375830e+02;1.903665e+02;3.844395e+02;5.342139e+02;7.945752e+02;8.340658e-02;2.384221e-01;1.180057e+02;3.737256e+02;2.831692e-01;3.372088e+00;1.449850e+05;2.264886e+05;1.490987e+00;3.984762e+00;3.478890e+01;3.950354e+01;2.815122e-02;-1.412247e-01;8.475956e-02;3.495691e-01;1.074312e-01;2.829457e-01;3.869053e+00;4.481611e+01;5.865088e+00;-2.130517e+01;6.504390e+00;3.952288e+01;7.182526e+00;2.206077e+01;9.488686e+00;-5.948483e+00;4.644629e+00;-5.485598e+00;6.850263e+00;-1.961350e+01;7.296697e+00;-9.478922e+00;4.711460e+00;3.074305e+00;5.084281e+00;-6.643179e+00;3.769564e+00;-4.714097e+00;5.506187e+00;6.636607e+00;4.637095e+00;7.777212e+00;5.788672e+00;4.352919e+00;1.415455e-05;-3.434975e-07;1.896224e-07;2.692855e-09;5.961493e-07;3.874427e-08;3.496792e-07;2.101742e-09;1.299876e-06;-9.841464e-09;1.767569e-05;1.518445e-06;5.783133e-02;2.829726e-03;6.233791e-02;1.653635e-03;1.700594e-03;7.571487e-05;1.438425e-03;1.094734e-04;2.472024e-03;-5.798187e-05;6.100608e-03;-3.623479e-07;7.533290e-03;5.713217e-04;2.966529e-02;1.344860e-03;3.646601e-02;1.593453e-03;1.609264e-02;1.548326e-03;2.439060e-02;-7.365892e-04;3.396403e-02;-1.892922e-03;3.991498e-02;-1.895860e-03;5.517842e-02;2.014254e-03;4.867386e-02;1.885746e-03;7.762738e-02;2.863034e-03;9.631436e-02;4.009116e-03;1.243516e-01;5.246790e-03;1.042090e-01;4.893932e-03;1.026203e-01;2.719730e-03;1.129068e-01;1.170809e-03;1.949665e-01;6.853014e-03;1.710846e-01;4.253173e-03;1.543260e-01;7.750612e-03;1.633078e-01;2.596059e-03;1.379071e-01;7.931282e-04;7.132740e-02;-2.685659e-04;5.955872e-02;-1.182017e-03;5.501004e-02;-1.587063e-03;4.840977e-02;-1.491473e-03;3.301533e-02;2.119631e-03;2.066687e-02;1.380774e-03;6.182859e+00;4.306641e-01;1.302141e+01;9.761719e-01;7.170794e+01;2.153320e-01;1.168497e+02;9.733007e+00;2.325779e-02;-1.808856e-03;2.740347e+01;1.513452e+00;7.230106e-02;7.442035e-04;3.253565e+04;1.646180e+03;3.337921e-01;-1.335344e-02;1.061569e+01;-1.474335e-01;7.886645e-03;-4.160536e-04;1.989954e-02;1.111712e-03;2.701396e-02;1.972003e-03;1.018621e+00;-1.657350e-02;1.259658e+00;-8.969108e-02;1.539665e+00;1.321441e-01;1.571177e+00;9.418886e-03;2.128936e+00;6.922460e-02;1.461885e+00;-1.027929e-01;1.269271e+00;-1.400568e-01;1.272085e+00;3.430970e-02;1.155125e+00;-1.022753e-01;1.163696e+00;-3.107307e-02;9.314024e-01;1.191877e-01;1.942599e+00;6.870702e-03;9.494364e-01;-1.693490e-02;1.066639e+00;-1.032683e-02
75.000000;1.255694e+00;9.532137e+01;8.881165e-03;7.993401e-01;3.957202e-02;1.951105e-02;2.586992e-02;1.955167e-02;5.538583e-02;1.049570e-01;1.152080e+00;1.102568e+01;2.006538e-01;1.216141e+00;1.897901e-01;1.014359e+00;5.866316e-03;5.729222e-02;6.845027e-03;2.619174e-02;1.144920e-02;1.312408e-01;2.557241e-02;2.788072e-01;3.849855e-02;4.263491e-01;1.087656e-01;5.652264e-01;1.324486e-01;6.841379e-01;1.165513e-01;7.597935e-01;9.146500e-02;8.256755e-01;8.387544e-02;9.228418e-01;1.648943e-01;1.004033e+00;1.929045e-01;1.054368e+00;2.155617e-01;1.140138e+00;2.872947e-01;1.191846e+00;2.998597e-01;1.235782e+00;4.080265e-01;1.302741e+00;3.820428e-01;1.413047e+00;3.629351e-01;1.439686e+00;3.933263e-01;1.456012e+00;7.864670e-01;1.577238e+00;4.602360e-01;1.458506e+00;6.639526e-01;1.456323e+00;4.804399e-01;1.397314e+00;3.463431e-01;1.250060e+00;2.038562e-01;1.094578e+00;1.743244e-01;9.235107e-01;1.578924e-01;7.624125e-01;1.372957e-01;6.216655e-01;1.465838e-01;4.161672e-01;8.391264e-02;1.098383e-01;2.354078e+01;1.574795e+02;5.808184e+01;2.441865e+02;1.920202e+02;3.818555e+02;5.318002e+02;7.711758e+02;5.920444e-02;2.230538e-01;1.174399e+02;3.816263e+02;2.913009e-01;3.329101e+00;1.407562e+05;2.360513e+05;1.660027e+00;3.859723e+00;6.283753e+01;4.175150e+01;3.193137e-02;-1.567321e-01;8.552396e-02;3.553884e-01;1.066434e-01;3.261928e-01;2.943737e+00;4.450147e+01;5.864625e+00;-2.240046e+01;7.524062e+00;4.063778e+01;6.798845e+00;2.505068e+01;8.599308e+00;-5.630662e+00;4.147116e+00;-5.635780e+00;7.702978e+00;-2.046596e+01;6.430713e+00;-1.186247e+01;4.811879e+00;5.704243e-01;4.627983e+00;-7.235626e+00;4.899768e+00;-3.821423e+00;5.651872e+00;6.868923e+00;5.007905e+00;8.553171e+00;5.412925e+00;5.560384e+00;1.436785e-05;8.612209e-07;1.148987e-07;-4.987375e-09;5.791237e-07;5.222509e-08;3.499193e-07;2.018096e-08;9.257544e-07;1.587746e-08;1.694537e-05;-8.095787e-07;5.094116e-02;-2.336330e-03;5.186577e-02;-2.290304e-03;1.510696e-03;-2.796040e-05;1.260226e-03;-1.675485e-05;2.419812e-03;4.123427e-05;5.304080e-03;-1.585374e-04;7.029139e-03;-2.652653e-04;2.795484e-02;-1.446964e-03;3.425132e-02;-1.703185e-03;1.957615e-02;-1.511461e-04;2.257767e-02;-9.438986e-04;2.474364e-02;-1.355990e-03;3.937253e-02;-8.931848e-06;4.186724e-02;-1.150863e-03;5.317263e-02;-5.955380e-04;7.516658e-02;-4.061294e-03;7.483238e-02;-4.517245e-03;1.025482e-01;-4.401015e-03;1.041088e-01;-4.943812e-04;9.555135e-02;-2.784842e-03;1.023687e-01;-4.225513e-03;1.821078e-01;-4.064113e-03;1.204932e-01;-9.022840e-03;1.320421e-01;-1.077241e-02;1.436426e-01;-3.279964e-03;1.085629e-01;-2.328361e-03;6.494595e-02;-9.358998e-04;5.844628e-02;-4.686133e-04;5.322355e-02;-2.739888e-04;4.647927e-02;-1.783347e-04;3.219342e-02;-2.777811e-03;1.928554e-02;-5.960537e-04;4.895089e+00;-2.153320e-01;1.268445e+01;-2.296875e-01;7.157847e+01;-1.263281e+00;1.039547e+02;-2.971582e+00;1.920999e-02;1.107687e-03;2.514848e+01;-1.045144e+00;6.519518e-02;-3.159945e-03;2.978832e+04;-8.690051e+02;3.566473e-01;1.046974e-02;1.764142e+01;1.042218e-01;7.225190e-03;2.447430e-04;1.797031e-02;-9.051265e-04;2.530664e-02;-6.578511e-04;8.316672e-01;4.407730e-02;1.317083e+00;1.099287e-02;1.566937e+00;-5.228552e-02;1.478813e+00;1.126472e-01;2.272383e+00;-1.089481e-02;1.369749e+00;7.095243e-02;1.210604e+00;1.623591e-01;1.464223e+00;-1.403509e-01;1.413806e+00;-1.969569e-02;1.096383e+00;6.112336e-02;1.039375e+00;-3.833737e-02;1.957033e+00;1.608581e-02;1.001209e+00;-5.823201e-02;1.127872e+00;6.097438e-03
75.500000;1.105332e+00;9.611856e+01;9.239404e-03;7.962622e-01;1.777710e-02;2.261630e-02;1.680947e-02;2.272691e-02;6.108111e-02;1.140199e-01;1.475573e+00;1.023494e+01;1.609743e-01;1.088972e+00;1.272789e-01;9.705598e-01;4.792672e-03;5.668457e-02;5.233778e-03;2.094356e-02;9.772710e-03;1.305005e-01;2.480258e-02;2.790865e-01;3.510435e-02;4.301696e-01;9.134923e-02;5.427057e-01;9.573615e-02;6.686104e-01;9.744518e-02;8.032540e-01;8.896512e-02;8.437309e-01;9.367115e-02;9.085786e-01;1.072573e-01;9.951949e-01;1.201943e-01;1.001450e+00;1.237519e-01;1.098065e+00;2.041374e-01;1.091244e+00;2.402180e-01;1.136588e+00;2.844342e-01;1.210611e+00;2.272561e-01;1.276691e+00;3.041859e-01;1.332392e+00;4.309475e-01;1.370984e+00;6.910699e-01;1.458488e+00;5.096110e-01;1.419417e+00;3.439838e-01;1.301686e+00;2.623470e-01;1.314696e+00;2.287615e-01;1.219540e+00;2.001746e-01;1.081846e+00;1.858329e-01;9.261250e-01;1.670110e-01;7.682661e-01;1.423652e-01;6.246351e-01;1.440139e-01;3.367855e-01;4.091734e-02;6.231042e-02;1.988064e+01;1.491533e+02;4.563933e+01;2.131787e+02;6.472772e+01;2.922773e+02;2.712150e+02;4.577959e+02;5.642544e-02;2.507895e-01;7.201515e+01;3.013420e+02;1.998767e-01;3.123903e+00;8.206231e+04;1.513842e+05;1.964580e+00;5.303568e+00;1.004737e+02;8.852396e+01;2.780251e-02;-1.542647e-01;5.794432e-02;2.932568e-01;9.053535e-02;2.865795e-01;3.077452e+00;4.607664e+01;6.249747e+00;-1.821916e+01;8.654842e+00;3.673712e+01;3.601133e+00;2.752014e+01;6.152180e+00;-6.426124e+00;4.125632e+00;-3.178045e+00;7.972072e+00;-1.551872e+01;5.064962e+00;-1.556051e+01;5.178990e+00;5.694819e-01;4.667156e+00;-4.273965e+00;5.703875e+00;-3.609605e+00;5.588159e+00;6.148537e+00;5.676745e+00;4.413694e+00;3.925732e+00;3.562464e+00;1.135455e-05;4.566662e-07;8.373832e-08;-4.800539e-09;2.338855e-07;1.480918e-08;2.220798e-07;1.708743e-08;8.573554e-07;-5.801633e-09;1.337466e-05;-1.007609e-06;3.052761e-02;-3.450434e-03;3.452976e-02;6.772844e-04;9.543342e-04;-7.299559e-05;6.854883e-04;-1.088435e-04;1.920860e-03;1.320830e-05;4.978336e-03;-1.906210e-04;6.719452e-03;-3.443726e-04;2.625353e-02;-3.314276e-04;2.568159e-02;-1.138337e-03;1.769173e-02;-1.264304e-03;1.640593e-02;3.744592e-04;1.930368e-02;6.511576e-04;2.844974e-02;1.375797e-03;2.877295e-02;-1.392945e-03;3.412865e-02;-4.003223e-04;5.641141e-02;-5.545886e-05;5.665284e-02;1.791708e-03;7.061655e-02;1.033463e-03;6.010219e-02;-4.536966e-04;7.153165e-02;2.860452e-03;1.006493e-01;7.018174e-03;1.527708e-01;6.616000e-03;1.252909e-01;6.134093e-03;9.167914e-02;-5.304679e-03;8.561546e-02;-1.063723e-03;6.621680e-02;1.048073e-03;6.036267e-02;1.740690e-05;5.909204e-02;2.974446e-04;5.488621e-02;1.715837e-04;4.731348e-02;1.462660e-04;2.454715e-02;-3.234198e-03;6.857182e-03;-1.534073e-03;3.472125e+00;-4.306641e-01;6.954628e+00;-1.291992e+00;1.341077e+01;-3.158203e-01;5.568056e+01;-1.260410e+01;1.549769e-02;1.812493e-03;1.141962e+01;-1.893561e+00;4.642342e-02;-3.255100e-03;1.457439e+04;-1.753974e+03;4.564295e-01;1.554200e-02;2.647756e+01;1.206388e-01;5.421329e-03;4.729948e-04;9.066281e-03;-1.481477e-03;1.453138e-02;-1.540775e-03;8.914906e-01;2.979062e-02;1.335662e+00;6.915665e-02;1.681752e+00;-6.118578e-02;1.160355e+00;1.841670e-02;1.849518e+00;-6.887242e-02;1.142593e+00;1.221978e-01;1.354894e+00;1.425017e-01;1.325127e+00;-7.937622e-02;1.349645e+00;9.110914e-02;1.095636e+00;-2.262869e-02;1.308809e+00;-1.048184e-01;1.554975e+00;4.687694e-02;1.094572e+00;-7.403550e-02;1.024919e+00;3.014549e-03
76.000000;2.043006e+01;1.017999e+02;9.905651e-03;7.947872e-01;5.012668e-02;3.195036e-02;1.231054e-01;4.548229e-02;1.024138e-01;1.245622e-01;1.581209e+00;9.711481e+00;1.800039e-01;1.020153e+00;2.131405e-01;1.020522e+00;4.251334e-03;5.515267e-02;7.101102e-03;1.901235e-02;6.541166e-03;1.275555e-01;2.217227e-02;2.720240e-01;3.319713e-02;4.207679e-01;9.426785e-02;5.578467e-01;7.896532e-02;6.723564e-01;8.688066e-02;7.720811e-01;1.013716e-01;8.499182e-01;1.027267e-01;9.061648e-01;8.818729e-02;9.568660e-01;1.430445e-01;1.052080e+00;1.214942e-01;1.114709e+00;2.667938e-01;1.151785e+00;5.158525e-01;1.254129e+00;5.231292e-01;1.327577e+00;3.466810e-01;1.363756e+00;4.562216e-01;1.411806e+00;5.681161e-01;1.482458e+00;9.584640e-01;1.606996e+00;7.229694e-01;1.599105e+00;5.011137e-01;1.505776e+00;4.235272e-01;1.416849e+00;3.634892e-01;1.303442e+00;2.235705e-01;1.106626e+00;1.955706e-01;9.263873e-01;1.724797e-01;7.595099e-01;1.469034e-01;6.150094e-01;8.487810e-02;2.864138e-01;6.357460e-02;5.145443e-02;1.442992e+01;1.487227e+02;3.921330e+01;2.049961e+02;6.206147e+01;2.770605e+02;3.455386e+02;4.646865e+02;7.349691e-02;2.774007e-01;8.895974e+01;2.849642e+02;2.156494e-01;3.048718e+00;1.130143e+05;1.340434e+05;2.436990e+00;6.373929e+00;1.304065e+02;1.333828e+02;2.364410e-02;-1.450699e-01;6.475876e-02;2.790085e-01;9.453832e-02;2.612785e-01;3.476192e+00;4.630018e+01;6.816939e+00;-1.575154e+01;8.702603e+00;3.599229e+01;4.264823e+00;2.664933e+01;6.646441e+00;-6.755514e+00;6.213211e+00;-2.247176e+00;5.917655e+00;-1.344518e+01;6.003637e+00;-1.767458e+01;4.314739e+00;5.755714e-01;4.946969e+00;-2.324061e+00;4.355650e+00;-2.537080e+00;7.378945e+00;5.249883e+00;4.930394e+00;6.148762e-01;2.486485e+00;2.937505e+00;1.764491e-04;3.983079e-05;1.136542e-07;-5.725836e-10;8.845731e-07;-3.039724e-09;1.973358e-06;7.459748e-08;1.401715e-06;6.912904e-08;1.917657e-05;-1.087311e-06;4.657071e-02;3.961524e-03;5.413239e-02;6.086208e-03;1.090492e-03;5.059184e-05;1.348312e-03;1.589821e-04;1.656735e-03;-1.084207e-04;4.885281e-03;-1.326479e-04;6.839093e-03;-2.388722e-04;2.810576e-02;2.151357e-03;2.309178e-02;2.205964e-03;1.709379e-02;3.742892e-04;2.071924e-02;1.221086e-03;2.794726e-02;1.555285e-03;3.118524e-02;-7.482460e-04;3.740717e-02;8.216179e-04;3.135611e-02;4.911086e-04;6.171811e-02;7.701555e-03;1.182060e-01;1.546311e-02;1.319564e-01;1.587986e-02;9.417161e-02;9.795548e-03;1.138471e-01;1.177624e-02;1.378418e-01;1.229373e-02;2.232659e-01;2.086245e-02;1.802707e-01;1.435823e-02;1.308539e-01;1.455847e-02;1.097469e-01;1.038403e-02;9.465981e-02;9.864722e-03;6.805769e-02;3.702139e-03;6.108486e-02;2.215086e-03;5.565273e-02;1.052703e-03;4.798861e-02;7.410596e-04;2.286574e-02;2.745336e-03;1.538624e-02;1.516730e-03;3.620311e+00;2.871094e-01;9.130123e+00;1.291992e+00;1.504146e+01;1.263281e+00;7.108569e+01;1.403965e+01;2.155731e-02;-7.504511e-04;2.148870e+01;2.366475e+00;6.419019e-02;4.079258e-03;2.668720e+04;2.793975e+03;6.342185e-01;-2.098142e-02;3.677802e+01;-2.019357e-01;5.591489e-03;-2.982814e-04;1.579394e-02;1.763163e-03;2.154834e-02;1.930903e-03;1.056253e+00;-9.242564e-02;1.696370e+00;-2.788614e-02;1.921641e+00;8.732253e-02;1.255853e+00;-2.994164e-02;1.821354e+00;-4.077357e-02;1.414645e+00;-1.676024e-01;1.514204e+00;-6.124007e-02;1.273044e+00;6.311124e-02;9.385629e-01;-1.982022e-02;1.273940e+00;-2.795953e-02;1.295976e+00;1.790813e-02;1.682209e+00;3.568653e-02;1.051368e+00;4.043913e-04;7.241119e-01;8.218856e-03
76.500000;2.690933e+01;1.058558e+02;8.295734e-03;7.984825e-01;6.043017e-02;3.006972e-02;1.457297e-01;5.635434e-02;1.072259e-01;1.244726e-01;1.781063e+00;1.001118e+01;2.056197e-01;1.126733e+00;2.152180e-01;1.036932e+00;3.907632e-03;5.882738e-02;7.250843e-03;2.200806e-02;1.145247e-02;1.307234e-01;1.764616e-02;2.699073e-01;2.867506e-02;4.207776e-01;1.081031e-01;5.850729e-01;1.115752e-01;6.881375e-01;7.920914e-02;7.604819e-01;7.942572e-02;8.576508e-01;1.001339e-01;9.212302e-01;1.944559e-01;9.956158e-01;1.733720e-01;1.085869e+00;1.601563e-01;1.115581e+00;3.020465e-01;1.213430e+00;5.270959e-01;1.337885e+00;5.397154e-01;1.396055e+00;3.945528e-01;1.405989e+00;4.765477e-01;1.468590e+00;5.446724e-01;1.518972e+00;9.199847e-01;1.675404e+00;6.613035e-01;1.587924e+00;4.920753e-01;1.567780e+00;4.309496e-01;1.407905e+00;3.821398e-01;1.268499e+00;2.159855e-01;1.068689e+00;1.775621e-01;8.915812e-01;1.556340e-01;7.297572e-01;1.336107e-01;5.907189e-01;1.385748e-01;4.048889e-01;6.944294e-02;7.731666e-02;2.319197e+01;1.536035e+02;5.273442e+01;2.273906e+02;6.208653e+01;3.168252e+02;4.487681e+02;5.798174e+02;9.448541e-02;2.937933e-01;9.908405e+01;3.257742e+02;2.589128e-01;3.175540e+00;1.196112e+05;1.752387e+05;2.523602e+00;5.282436e+00;1.205918e+02;9.018513e+01;2.591952e-02;-1.627451e-01;7.428554e-02;3.126447e-01;1.213341e-01;3.109746e-01;3.822672e+00;4.534563e+01;6.363188e+00;-1.817396e+01;8.180189e+00;3.925252e+01;5.630227e+00;2.751240e+01;8.456123e+00;-8.565209e+00;7.044021e+00;-5.888913e+00;5.779633e+00;-1.701328e+01;6.788150e+00;-1.573798e+01;3.492882e+00;-1.363078e-01;5.512286e+00;-5.291489e+00;4.305309e+00;-1.317061e+00;8.097593e+00;6.820197e+00;4.828986e+00;1.858879e+00;2.772026e+00;3.755347e+00;2.592257e-04;-2.198157e-08;1.020445e-07;1.736264e-09;1.008102e-06;-8.376345e-09;2.461665e-06;-1.823026e-08;1.463517e-06;2.718620e-09;2.260549e-05;-4.266443e-07;4.801160e-02;9.765435e-04;5.592778e-02;6.066245e-04;1.116269e-03;6.038822e-05;1.424888e-03;-3.149416e-06;1.961199e-03;8.739107e-05;3.684577e-03;6.801755e-05;6.116869e-03;-2.340510e-04;2.646373e-02;-1.653691e-04;2.621809e-02;3.741746e-04;1.574682e-02;1.366601e-03;1.990369e-02;8.022853e-04;2.966645e-02;2.073794e-04;4.514003e-02;6.442252e-04;4.353631e-02;3.628040e-03;3.891404e-02;-1.052025e-03;7.377207e-02;-2.755830e-03;1.186848e-01;-5.616321e-03;1.303026e-01;-6.315093e-03;9.702405e-02;-1.538002e-03;1.180944e-01;-9.201642e-04;1.422590e-01;9.698111e-04;2.236775e-01;-1.942983e-04;1.635642e-01;1.930846e-03;1.189854e-01;5.970699e-03;1.138993e-01;4.265007e-03;1.072716e-01;5.609073e-03;6.538703e-02;3.584346e-03;5.578582e-02;2.321009e-03;4.957538e-02;1.481695e-03;4.251619e-02;1.252762e-03;2.864464e-02;1.978713e-03;1.629983e-02;5.954699e-05;5.179918e+00;0;1.240744e+01;4.019531e-01;1.441561e+01;2.871094e-02;9.243613e+01;-1.722656e-01;2.285805e-02;2.258296e-05;2.168109e+01;5.644175e-02;6.519659e-02;1.046460e-03;2.677997e+04;-1.296697e+02;5.442212e-01;3.615889e-03;3.096374e+01;6.451848e-02;6.285446e-03;-3.366824e-04;1.591680e-02;1.101175e-04;2.364363e-02;-8.009626e-05;9.653232e-01;-2.716788e-02;1.534405e+00;3.312168e-02;1.967425e+00;-8.275322e-03;1.211437e+00;-7.082190e-02;2.092320e+00;2.523055e-02;1.277543e+00;1.311510e-02;1.288755e+00;-3.368088e-02;1.811113e+00;-1.529284e-02;8.476990e-01;-4.039348e-02;1.081659e+00;8.536846e-02;1.019968e+00;1.065946e-01;2.364982e+00;-3.045427e-02;1.023293e+00;1.893622e-02;7.088827e-01;5.841049e-04
77.000000;1.908501e+01;9.964633e+01;1.629199e-02;7.869226e-01;6.285957e-02;3.176773e-02;9.390181e-02;4.654216e-02;1.161014e-01;1.442759e-01;2.127933e+00;8.739312e+00;1.924009e-01;1.158375e+00;2.038417e-01;1.029705e+00;8.264508e-03;5.446261e-02;5.515429e-03;2.473167e-02;1.591979e-02;1.261979e-01;2.214548e-02;2.541732e-01;2.293433e-02;3.982719e-01;9.416517e-02;5.734800e-01;1.227398e-01;6.822397e-01;1.016564e-01;7.788848e-01;1.864956e-01;8.788965e-01;1.866867e-01;9.681258e-01;2.129888e-01;1.063079e+00;1.448391e-01;1.057294e+00;1.661578e-01;1.140050e+00;2.386327e-01;1.203425e+00;3.652200e-01;1.258081e+00;3.756095e-01;1.315166e+00;3.279675e-01;1.333998e+00;4.031906e-01;1.436540e+00;5.076162e-01;1.538115e+00;7.775944e-01;1.629474e+00;6.192393e-01;1.601755e+00;4.980143e-01;1.524750e+00;3.770702e-01;1.373285e+00;3.540358e-01;1.235512e+00;3.126546e-01;1.105523e+00;2.471172e-01;9.305661e-01;1.769145e-01;7.583089e-01;1.319439e-01;6.071274e-01;1.306850e-01;4.433760e-01;5.330918e-02;7.783052e-02;3.705380e+01;1.613555e+02;5.653121e+01;2.548096e+02;1.308144e+02;3.716631e+02;4.261291e+02;6.333633e+02;1.011512e-01;3.456358e-01;9.715103e+01;3.649638e+02;2.364248e-01;3.403375e+00;1.044912e+05;2.059593e+05;1.176755e+00;4.122149e+00;2.994653e+01;3.911142e+01;4.126871e-02;-1.436930e-01;7.391810e-02;3.475845e-01;1.212420e-01;2.704715e-01;3.928403e+00;4.458909e+01;3.882248e+00;-2.045279e+01;8.026391e+00;3.763326e+01;7.471600e+00;2.448587e+01;7.769623e+00;-9.810556e+00;6.820365e+00;-3.754735e+00;5.348590e+00;-1.967614e+01;7.113259e+00;-1.642910e+01;4.594694e+00;1.001884e+00;5.303817e+00;-6.319951e+00;3.212372e+00;7.853003e-01;6.442647e+00;8.096248e+00;2.737763e+00;5.901103e+00;2.788543e+00;6.181750e+00;1.840783e-04;-4.309785e-05;1.064159e-07;-2.319546e-08;9.989315e-07;2.338654e-08;1.625408e-06;-8.706178e-09;1.819206e-06;-1.565355e-08;1.894187e-05;-6.964513e-07;5.389452e-02;2.356865e-03;5.903311e-02;3.181223e-03;1.460879e-03;-7.659230e-05;1.346950e-03;5.038965e-07;2.390185e-03;1.152481e-04;4.037788e-03;1.731668e-04;5.978094e-03;-1.071264e-05;2.301329e-02;-1.332251e-03;3.678133e-02;6.400971e-04;2.228691e-02;3.605956e-03;4.534974e-02;7.611668e-03;5.173356e-02;8.468875e-03;5.400799e-02;8.723172e-03;3.963841e-02;2.107416e-03;4.103402e-02;2.546759e-03;7.115769e-02;-4.200576e-03;9.034309e-02;-1.412420e-03;9.631830e-02;-2.594816e-03;9.371682e-02;1.857170e-03;1.068807e-01;1.100368e-04;1.334196e-01;4.587479e-04;2.005118e-01;8.151826e-04;1.688864e-01;6.017360e-03;1.162981e-01;1.031168e-02;1.096191e-01;4.353039e-03;1.083526e-01;7.790367e-03;8.577291e-02;1.012884e-02;6.985652e-02;7.946425e-03;5.239423e-02;5.350878e-03;4.006720e-02;3.130514e-03;3.482511e-02;-2.523956e-06;1.330101e-02;2.863941e-04;8.961538e+00;7.177734e-01;1.434338e+01;3.158203e-01;3.996882e+01;3.617578e+00;9.078843e+01;1.392480e+00;2.175877e-02;2.279555e-03;2.331314e+01;1.762180e+00;6.070088e-02;6.734127e-03;2.552353e+04;1.419742e+03;2.635843e-01;-4.825203e-03;7.472850e+00;-2.377662e-02;7.158744e-03;3.386037e-04;1.749310e-02;1.320366e-03;2.208437e-02;-1.278740e-03;9.073945e-01;-3.012062e-02;1.160068e+00;-2.125821e-02;1.521702e+00;-1.720362e-01;1.287546e+00;-2.056956e-01;2.134358e+00;-1.360023e-02;1.059477e+00;1.219242e-01;1.264271e+00;1.435771e-01;1.694601e+00;2.655944e-02;1.144781e+00;2.323180e-02;1.195919e+00;-7.620626e-02;9.398599e-01;7.144055e-02;2.415058e+00;8.763987e-03;9.500682e-01;7.675982e-02;7.936484e-01;5.410484e-02
77.500000;6.970163e+01;1.138666e+02;1.835600e-02;7.760193e-01;9.286046e-02;5.454218e-02;7.997454e-02;5.137438e-02;1.258119e-01;1.728514e-01;6.449462e+00;6.158718e+00;2.323264e-01;1.235855e+00;2.286908e-01;1.053780e+00;9.602005e-03;5.312939e-02;5.539374e-03;2.667801e-02;2.115252e-02;1.298134e-01;4.634624e-02;2.709168e-01;7.276977e-02;4.218092e-01;6.813815e-02;5.640830e-01;1.420447e-01;6.948525e-01;3.856599e-01;9.040677e-01;2.294004e-01;9.231396e-01;2.632004e-01;1.030145e+00;2.324744e-01;1.084521e+00;1.354068e-01;1.060845e+00;1.607487e-01;1.158372e+00;2.094205e-01;1.249144e+00;3.605282e-01;1.266601e+00;3.698530e-01;1.298912e+00;3.559776e-01;1.374428e+00;4.023631e-01;1.428225e+00;5.038483e-01;1.499198e+00;7.514102e-01;1.600423e+00;6.054260e-01;1.590935e+00;5.933406e-01;1.573579e+00;3.944256e-01;1.480206e+00;3.689505e-01;1.292237e+00;3.315971e-01;1.151821e+00;2.598334e-01;9.589329e-01;1.706887e-01;7.705072e-01;1.190458e-01;6.205592e-01;1.933160e-01;4.911378e-01;5.635322e-02;8.861498e-02;5.336760e+01;1.886309e+02;6.573410e+01;2.906982e+02;1.350100e+02;4.020967e+02;5.055428e+02;8.682188e+02;8.206153e-02;4.161676e-01;1.152533e+02;4.145738e+02;2.591428e-01;3.564876e+00;1.228332e+05;2.350305e+05;1.341039e+00;3.718306e+00;3.213685e+01;3.551190e+01;4.820514e-02;-1.372178e-01;8.786963e-02;3.912820e-01;1.020704e-01;2.631283e-01;3.936281e+00;4.434677e+01;4.916864e+00;-2.167271e+01;7.396342e+00;3.289613e+01;7.214081e+00;1.574720e+01;7.534389e+00;-9.785537e+00;5.831210e+00;-3.071381e+00;5.261056e+00;-1.740519e+01;8.776185e+00;-1.302957e+01;5.087172e+00;3.472847e+00;6.756994e+00;-5.812216e+00;5.739734e+00;1.787745e+00;6.955125e+00;6.893102e+00;4.191591e+00;8.404215e+00;3.432873e+00;7.339167e+00;7.724288e-04;3.804645e-05;1.608487e-07;-4.702156e-09;1.406278e-06;-2.225980e-08;1.177639e-06;-4.134360e-08;1.996082e-06;1.192556e-07;1.017815e-04;-9.566132e-07;6.143250e-02;4.334446e-03;6.363587e-02;1.299546e-04;2.043103e-03;3.217175e-05;1.255714e-03;1.145125e-04;3.480430e-03;6.915993e-05;8.272300e-03;5.589936e-04;1.482645e-02;9.542272e-04;1.893822e-02;-9.167584e-04;3.935873e-02;-1.275176e-03;9.160057e-02;-1.303229e-03;5.974155e-02;5.023845e-03;6.651674e-02;2.249066e-03;5.839576e-02;1.965727e-05;4.087162e-02;-2.964074e-03;4.031386e-02;3.009834e-03;6.489881e-02;2.361428e-03;9.117020e-02;3.614195e-03;9.958161e-02;4.197386e-03;1.007706e-01;-2.381823e-03;1.054510e-01;-2.055152e-03;1.303771e-01;-2.721280e-03;1.903657e-01;-4.889552e-03;1.778089e-01;-2.252985e-03;1.243242e-01;-2.276677e-03;1.160252e-01;1.502955e-03;1.092840e-01;7.289117e-04;9.495975e-02;1.044191e-03;7.576051e-02;-6.493548e-05;5.593409e-02;9.314604e-04;4.139061e-02;2.151655e-04;5.256194e-02;1.768005e-03;1.494314e-02;1.251120e-03;1.187025e+01;1.866211e-01;1.308794e+01;2.009766e-01;4.350992e+01;3.732422e-01;1.054965e+02;9.962695e+00;2.112998e-02;2.861818e-03;2.503716e+01;1.241808e+00;6.968167e-02;5.478659e-03;2.739308e+04;1.405589e+03;2.835126e-01;-1.389191e-02;7.997459e+00;-1.341037e-01;1.060866e-02;-5.525855e-04;1.866520e-02;9.213514e-04;2.591865e-02;1.114216e-03;8.912484e-01;-9.792199e-03;1.228976e+00;-2.642608e-02;1.180807e+00;-1.055268e-01;1.482012e+00;-1.286584e-01;2.047416e+00;1.208385e-02;1.195430e+00;-4.414643e-02;1.282707e+00;1.122804e-01;1.227582e+00;1.847387e-01;1.474132e+00;8.220504e-02;1.559530e+00;-1.205225e-01;1.369454e+00;-1.724095e-01;1.865955e+00;-5.874324e-02;1.092226e+00;-8.589957e-03;1.136318e+00;-3.538838e-03
78.000000;6.948234e+01;1.145359e+02;1.708307e-02;7.782540e-01;8.347507e-02;5.557876e-02;8.112828e-02;5.228105e-02;9.379818e-02;1.704920e-01;6.435272e+00;6.347586e+00;2.022047e-01;1.336007e+00;2.133264e-01;1.052179e+00;7.719912e-03;5.822631e-02;4.943501e-03;2.556563e-02;1.661548e-02;1.360490e-01;4.006267e-02;2.905718e-01;6.982303e-02;4.406831e-01;7.755391e-02;5.506998e-01;1.468215e-01;7.027287e-01;4.544358e-01;9.105237e-01;2.273251e-01;9.158773e-01;2.454079e-01;9.850739e-01;2.285527e-01;1.023647e+00;1.409019e-01;1.050308e+00;1.588928e-01;1.097974e+00;2.613802e-01;1.205962e+00;3.086740e-01;1.270035e+00;3.386373e-01;1.309098e+00;3.235291e-01;1.345805e+00;3.699439e-01;1.422777e+00;5.202566e-01;1.484471e+00;7.386416e-01;1.588441e+00;5.055900e-01;1.567122e+00;5.006774e-01;1.595406e+00;4.230017e-01;1.563226e+00;3.275863e-01;1.337177e+00;2.797605e-01;1.162039e+00;2.758576e-01;1.000596e+00;1.648229e-01;7.721951e-01;1.291635e-01;6.281738e-01;2.199381e-01;5.487947e-01;4.706669e-02;9.785777e-02;5.118666e+01;1.838936e+02;7.022451e+01;2.856738e+02;8.177465e+01;3.880283e+02;4.691189e+02;8.588877e+02;9.499271e-02;4.114523e-01;1.020064e+02;4.068567e+02;2.971277e-01;3.607265e+00;1.071445e+05;2.235644e+05;1.451007e+00;3.748958e+00;4.634294e+01;3.786037e+01;4.265702e-02;-1.613817e-01;8.181840e-02;3.866288e-01;9.328070e-02;3.064469e-01;3.913163e+00;4.399910e+01;5.814738e+00;-2.020430e+01;5.042841e+00;3.037757e+01;5.358766e+00;1.070304e+01;9.280241e+00;-8.189570e+00;5.269302e+00;-5.943538e+00;4.164569e+00;-1.283517e+01;5.890971e+00;-6.070534e+00;6.186129e+00;6.570960e+00;6.305181e+00;-6.443369e+00;8.773685e+00;-9.272798e-01;7.729986e+00;4.179171e+00;4.080206e+00;9.122355e+00;4.991179e+00;4.474448e+00;7.715398e-04;4.127765e-05;1.907069e-07;1.318637e-08;1.249289e-06;-2.545895e-08;1.227850e-06;-1.071559e-07;1.469474e-06;5.165767e-08;1.019512e-04;3.157879e-07;4.933932e-02;-6.965782e-03;5.103156e-02;-9.827544e-03;1.954418e-03;-7.088763e-05;9.258717e-04;-1.126228e-04;3.502642e-03;-8.915688e-05;9.075247e-03;5.105792e-08;1.586008e-02;3.451410e-04;1.539489e-02;-3.394037e-03;2.964163e-02;-6.591734e-03;1.062745e-01;-7.211204e-03;5.304294e-02;-9.020600e-03;5.152141e-02;-1.111094e-02;4.666786e-02;-8.704881e-03;3.970484e-02;-3.534288e-03;3.414142e-02;-5.231348e-03;6.383996e-02;-4.916838e-03;5.968652e-02;-1.581333e-02;7.388978e-02;-1.543365e-02;7.392672e-02;-1.656651e-02;7.344049e-02;-1.567087e-02;1.067919e-01;-1.673856e-02;1.466760e-01;-2.724377e-02;1.478985e-01;-1.882678e-02;1.059953e-01;-1.788339e-02;1.271533e-01;-8.613278e-03;8.958439e-02;-1.349158e-02;7.673115e-02;-1.235858e-02;7.409523e-02;-9.039591e-03;5.330786e-02;-5.381684e-03;4.377614e-02;-2.994740e-03;5.729666e-02;-3.930394e-03;1.132174e-02;-1.834524e-03;1.054848e+01;-1.162793e+00;1.202457e+01;-1.780078e+00;2.110058e+01;-5.010058e+00;9.179276e+01;-1.306348e+01;2.472922e-02;-6.156565e-04;1.638887e+01;-4.008220e+00;6.269853e-02;-9.803118e-03;1.841434e+04;-3.827987e+03;3.413801e-01;3.429969e-02;1.465973e+01;5.822952e-01;1.123694e-02;4.256906e-04;1.305570e-02;-3.062648e-03;2.551626e-02;-2.433326e-03;8.579801e-01;1.628886e-02;9.597441e-01;1.270050e-01;1.299572e+00;3.656582e-02;1.444914e+00;2.846572e-02;1.696118e+00;3.041085e-01;1.509891e+00;1.023855e-02;1.173653e+00;1.386751e-02;1.552486e+00;1.181030e-01;1.630336e+00;-9.033187e-02;1.448635e+00;6.010692e-02;1.693367e+00;-9.849436e-02;1.617420e+00;-2.109435e-01;1.040684e+00;-3.614902e-02;1.213416e+00;-1.503782e-01
78.500000;1.294040e+00;9.544093e+01;1.172246e-02;7.858963e-01;3.791714e-02;2.346854e-02;5.489000e-02;2.611689e-02;7.216298e-02;1.484604e-01;1.568307e+00;8.923949e+00;1.940276e-01;1.288359e+00;1.729361e-01;1.011397e+00;6.511134e-03;5.685236e-02;4.791557e-03;2.450239e-02;9.245551e-03;1.288394e-01;2.935078e-02;2.746083e-01;3.626679e-02;4.176719e-01;1.040955e-01;5.573959e-01;1.276391e-01;6.779016e-01;2.742344e-01;7.403111e-01;1.834693e-01;8.641962e-01;1.400512e-01;9.078956e-01;1.001218e-01;9.576873e-01;1.494378e-01;1.058554e+00;1.689486e-01;1.072823e+00;2.921705e-01;1.192144e+00;2.738019e-01;1.247255e+00;3.289820e-01;1.315006e+00;3.083911e-01;1.356044e+00;2.926485e-01;1.416598e+00;4.556397e-01;1.525840e+00;6.355493e-01;1.537864e+00;4.635526e-01;1.535450e+00;3.960518e-01;1.471675e+00;4.690281e-01;1.427119e+00;3.157945e-01;1.263624e+00;2.502991e-01;1.079228e+00;2.817080e-01;9.235789e-01;1.748655e-01;7.438185e-01;1.466477e-01;6.031862e-01;1.895724e-01;4.603210e-01;4.956013e-02;9.232737e-02;2.719632e+01;1.583408e+02;5.262724e+01;2.437559e+02;6.364688e+01;3.693662e+02;4.030268e+02;7.724678e+02;1.066618e-01;3.072717e-01;7.057686e+01;3.734954e+02;2.668222e-01;3.544247e+00;8.273973e+04;2.084353e+05;1.423591e+00;3.947192e+00;4.580120e+01;4.007963e+01;3.682956e-02;-1.563948e-01;5.709920e-02;3.562201e-01;1.013964e-01;2.988623e-01;3.327233e+00;4.375700e+01;5.118122e+00;-1.941084e+01;5.059474e+00;3.272532e+01;5.956150e+00;1.199136e+01;9.630425e+00;-4.845421e+00;5.422389e+00;-5.036831e+00;4.096484e+00;-1.272463e+01;6.219356e+00;-5.107373e+00;6.725936e+00;5.240540e+00;6.695716e+00;-8.811701e+00;6.618354e+00;-4.681268e+00;6.387597e+00;3.058545e+00;3.280028e+00;1.008790e+01;4.990601e+00;2.871912e+00;1.494679e-05;-1.548005e-08;1.657426e-07;-1.790203e-09;5.826618e-07;5.741054e-09;7.719013e-07;7.862309e-09;1.241958e-06;1.640471e-08;1.775727e-05;9.574500e-07;4.898882e-02;-4.764049e-03;4.251639e-02;-3.968031e-03;1.692976e-03;-1.508816e-04;1.411303e-03;1.070799e-04;2.951232e-03;-1.079247e-04;7.257899e-03;-8.484435e-04;9.497281e-03;-1.063183e-03;2.489081e-02;-2.570073e-03;3.077138e-02;-1.727183e-03;5.951568e-02;7.614500e-04;3.629586e-02;-5.748033e-03;3.170899e-02;-2.367306e-03;2.237087e-02;3.887703e-04;4.001481e-02;3.126163e-03;3.639331e-02;-1.862079e-03;7.433502e-02;-1.905615e-03;7.030064e-02;-4.187783e-03;8.336864e-02;-6.032453e-03;9.361199e-02;-2.949825e-03;6.568969e-02;-8.188628e-03;8.909621e-02;-1.331988e-02;1.227147e-01;-1.488912e-02;1.259389e-01;-8.215665e-03;9.988990e-02;6.105816e-04;1.169403e-01;-7.494470e-03;7.867321e-02;-7.493993e-03;5.845654e-02;-5.490903e-03;6.506042e-02;-4.197470e-03;5.132041e-02;-4.237273e-03;4.436479e-02;-3.158482e-03;4.200266e-02;-4.833562e-03;1.493186e-02;-4.835156e-04;7.393763e+00;-5.024414e-01;1.366411e+01;-5.742188e-01;2.850609e+01;1.808789e+00;1.093607e+02;-1.449902e+00;2.295184e-02;-2.986719e-03;2.046389e+01;-2.705781e-01;5.837066e-02;-3.290401e-03;2.369585e+04;-2.076877e+02;3.881879e-01;-3.044808e-03;1.503319e+01;-3.346734e-02;9.500877e-03;1.201511e-03;1.578935e-02;-3.515765e-04;2.518639e-02;-2.094296e-03;8.151193e-01;3.091406e-02;1.196582e+00;-4.663912e-02;1.535582e+00;2.394381e-02;1.509160e+00;6.793542e-04;1.629005e+00;2.308930e-01;1.586649e+00;1.616953e-02;1.231688e+00;-2.516780e-02;1.524317e+00;6.040571e-02;1.661940e+00;-1.163688e-01;1.220809e+00;5.239880e-02;1.434139e+00;1.609444e-01;1.938773e+00;-2.812305e-02;8.562167e-01;1.610260e-02;1.008508e+00;-3.223166e-02
79.000000;1.195478e+00;9.488773e+01;8.059164e-03;7.943768e-01;1.948933e-02;1.433955e-02;1.632129e-02;1.244110e-02;6.982096e-02;1.289129e-01;1.308307e+00;1.047620e+01;1.931162e-01;1.288475e+00;1.705699e-01;9.941855e-01;5.788006e-03;5.753438e-02;7.675117e-03;2.726506e-02;8.701949e-03;1.288452e-01;2.639699e-02;2.748658e-01;3.410665e-02;4.231378e-01;1.143566e-01;5.817706e-01;1.134342e-01;6.781269e-01;9.707139e-02;6.870381e-01;7.110512e-02;8.061143e-01;1.254885e-01;8.955716e-01;1.289928e-01;9.667491e-01;1.816654e-01;1.052343e+00;1.875088e-01;1.122613e+00;2.726834e-01;1.235117e+00;3.394403e-01;1.278852e+00;4.520056e-01;1.345472e+00;3.583800e-01;1.430989e+00;3.381647e-01;1.442191e+00;4.057437e-01;1.490514e+00;7.622383e-01;1.603239e+00;4.214156e-01;1.431785e+00;5.852903e-01;1.421667e+00;4.092736e-01;1.287620e+00;3.468031e-01;1.187495e+00;1.286372e-01;9.888254e-01;1.180458e-01;8.108289e-01;1.330191e-01;7.040140e-01;1.213513e-01;5.730386e-01;1.341762e-01;4.255981e-01;8.392834e-02;1.244589e-01;2.538727e+01;1.614990e+02;5.244660e+01;2.433252e+02;2.770677e+02;4.310947e+02;5.156575e+02;9.012363e+02;7.304834e-02;2.491156e-01;1.172273e+02;4.051776e+02;2.578427e-01;3.443949e+00;1.399214e+05;2.593762e+05;9.837272e-01;3.311247e+00;1.383863e+01;2.339673e+01;3.119095e-02;-1.560256e-01;8.233106e-02;3.737990e-01;1.095169e-01;3.427154e-01;3.765581e+00;4.447287e+01;4.718050e+00;-2.369332e+01;7.283182e+00;3.862018e+01;7.827875e+00;1.880370e+01;8.381868e+00;-3.240596e+00;4.854760e+00;-5.010774e+00;6.743080e+00;-1.722440e+01;6.341644e+00;-8.478461e+00;5.296147e+00;-1.806235e-01;6.060147e+00;-1.057016e+01;5.530344e+00;-4.747843e+00;6.451602e+00;5.935177e+00;3.465547e+00;1.118560e+01;5.373695e+00;5.415782e+00;1.321689e-05;7.408885e-07;9.760272e-08;1.182684e-08;2.115145e-07;-1.821752e-08;2.018470e-07;-9.311450e-09;1.065612e-06;-4.025724e-08;1.607557e-05;2.552617e-06;5.340276e-02;-8.168184e-04;4.447426e-02;-9.996503e-04;1.617914e-03;8.346918e-05;1.437174e-03;-6.500378e-05;2.599673e-03;1.976291e-04;6.097952e-03;1.757984e-04;7.960849e-03;1.600552e-04;3.170604e-02;-3.014601e-04;3.121903e-02;5.813734e-04;1.708977e-02;3.596602e-03;1.592658e-02;6.684610e-04;2.642376e-02;1.528753e-03;3.737324e-02;2.200584e-03;4.215767e-02;1.232091e-03;4.562475e-02;2.566875e-03;7.422515e-02;-2.818604e-04;8.820862e-02;-7.663692e-05;1.150565e-01;3.628948e-05;1.059995e-01;-1.426658e-03;9.091075e-02;-2.419472e-03;1.062025e-01;-2.815335e-03;1.775442e-01;-3.627096e-03;1.035634e-01;-4.707082e-03;1.090807e-01;-6.093739e-03;1.037960e-01;-6.969820e-03;1.072772e-01;-2.826244e-03;4.054872e-02;-2.029925e-03;3.530553e-02;-1.510746e-03;4.276814e-02;-1.938681e-03;3.865223e-02;-1.910670e-03;3.349903e-02;-4.808267e-04;2.225574e-02;-9.687892e-05;7.321275e+00;1.435547e-02;1.368277e+01;-2.583984e-01;8.600276e+01;-3.301758e-01;1.188058e+02;-3.588867e+00;1.837478e-02;-7.015556e-04;2.838081e+01;-6.382976e-01;5.761968e-02;-4.749832e-03;3.198839e+04;-8.542695e+02;2.645111e-01;-4.764732e-03;5.137034e+00;-3.011715e-01;8.869930e-03;-3.764040e-04;2.029991e-02;-4.925341e-04;2.773146e-02;2.594759e-04;7.903244e-01;1.077962e-01;1.298988e+00;-6.354742e-02;1.707987e+00;-4.919675e-02;1.480696e+00;1.554097e-01;2.137835e+00;-5.895186e-03;1.514348e+00;9.833891e-02;1.504443e+00;7.086095e-03;1.374207e+00;-6.719735e-02;1.665089e+00;5.581082e-02;1.148010e+00;-1.319591e-02;1.103915e+00;-1.519917e-02;2.165385e+00;4.088180e-02;9.166613e-01;-5.964205e-02;1.119372e+00;3.707002e-02
79.500000;1.263116e+00;9.559425e+01;8.318058e-03;7.947131e-01;1.811495e-02;1.801718e-02;1.655369e-02;1.941582e-02;7.430635e-02;1.276496e-01;1.563944e+00;1.039123e+01;2.288412e-01;1.164879e+00;1.598323e-01;9.739482e-01;4.477179e-03;5.767268e-02;9.185567e-03;2.339002e-02;6.527923e-03;1.299154e-01;2.365409e-02;2.787529e-01;3.022043e-02;4.293884e-01;1.024957e-01;5.568518e-01;9.946880e-02;6.705331e-01;1.146167e-01;7.586280e-01;8.393107e-02;7.904330e-01;1.272798e-01;8.882688e-01;1.537290e-01;9.668318e-01;1.587696e-01;1.019047e+00;1.380506e-01;1.105262e+00;2.199734e-01;1.099914e+00;2.912546e-01;1.172487e+00;3.911425e-01;1.265117e+00;2.900748e-01;1.325573e+00;3.258142e-01;1.357233e+00;3.817029e-01;1.373470e+00;7.328224e-01;1.512176e+00;3.719015e-01;1.377548e+00;5.471937e-01;1.402572e+00;3.432932e-01;1.322124e+00;3.344895e-01;1.230410e+00;1.974632e-01;1.052534e+00;1.742366e-01;8.874240e-01;1.772943e-01;7.432274e-01;1.590280e-01;6.069301e-01;1.372572e-01;3.593634e-01;9.055497e-02;9.459264e-02;2.303102e+01;1.551826e+02;5.564647e+01;2.255244e+02;2.942617e+02;3.778359e+02;4.930666e+02;6.335068e+02;8.055334e-02;3.045157e-01;1.359254e+02;3.449692e+02;2.942436e-01;3.207016e+00;1.563569e+05;1.970406e+05;1.504119e+00;4.404700e+00;3.961864e+01;4.896609e+01;2.558509e-02;-1.575499e-01;9.822927e-02;3.251243e-01;9.814999e-02;3.220449e-01;4.109204e+00;4.580930e+01;6.117845e+00;-2.110640e+01;7.798186e+00;3.758874e+01;5.824640e+00;2.514484e+01;6.521250e+00;-2.989917e+00;5.361629e+00;-2.651505e+00;7.570496e+00;-1.556854e+01;5.125518e+00;-1.451692e+01;4.638927e+00;-2.962713e+00;5.037042e+00;-7.262468e+00;6.739933e+00;-3.814556e+00;5.955183e+00;6.359075e+00;4.444579e+00;7.834937e+00;4.118860e+00;5.269063e+00;1.127739e-05;1.285037e-06;8.118636e-08;2.780196e-09;2.322173e-07;8.452874e-09;2.420168e-07;-2.823419e-09;1.048958e-06;-8.071940e-08;1.474451e-05;-2.362196e-07;4.114502e-02;-3.715799e-03;4.258136e-02;-9.032861e-05;1.194712e-03;-5.533693e-07;9.471548e-04;-2.826908e-04;1.649110e-03;-1.895221e-05;4.920031e-03;1.776275e-04;7.031767e-03;3.090667e-05;2.951936e-02;1.734923e-03;2.839754e-02;1.862317e-03;1.733721e-02;4.356814e-04;1.704260e-02;1.141395e-03;2.490760e-02;1.468819e-03;4.586312e-02;-7.114268e-04;3.554099e-02;-3.970869e-03;3.697183e-02;3.410832e-04;5.552316e-02;-6.491747e-04;6.674045e-02;-1.036921e-03;9.488237e-02;7.188409e-04;7.952106e-02;9.190416e-04;8.313128e-02;4.952403e-04;9.597526e-02;-9.192151e-04;1.624827e-01;-4.050897e-03;9.409188e-02;-4.028208e-03;1.026592e-01;-8.154983e-03;1.001671e-01;6.472730e-04;1.116681e-01;1.232190e-03;6.619993e-02;1.899538e-03;5.766345e-02;2.709522e-03;5.806603e-02;2.765585e-03;5.236666e-02;2.612142e-03;2.814254e-02;-2.841507e-04;1.784053e-02;-1.310415e-03;6.376075e+00;2.153320e-01;1.023399e+01;-3.445312e-01;8.213633e+01;-3.201270e+00;6.595399e+01;-8.742480e+00;1.626351e-02;6.060724e-04;2.299809e+01;-2.109986e+00;4.689720e-02;-7.213170e-03;2.443251e+04;-2.756189e+03;2.080311e-01;4.771132e-02;9.935014e+00;1.888463e+00;6.893638e-03;-3.014071e-05;1.641031e-02;-1.466802e-03;2.312298e-02;-3.270591e-04;9.332103e-01;3.316141e-02;1.114308e+00;1.787179e-01;1.566451e+00;-1.601719e-01;1.241256e+00;1.925026e-01;2.003578e+00;-1.063439e-01;1.382390e+00;-3.608755e-02;1.420892e+00;1.006165e-01;1.418187e+00;-1.511748e-01;1.422942e+00;-7.285538e-02;8.763991e-01;1.084817e-01;1.180349e+00;1.772358e-05;1.882026e+00;-1.911791e-02;9.002956e-01;-3.568441e-02;1.061593e+00;2.778488e-02
80.000000;9.011015e-01;9.622221e+01;1.063391e-02;7.932307e-01;2.163641e-02;1.952859e-02;1.553770e-02;1.846482e-02;7.235048e-02;1.190383e-01;1.502439e+00;9.900159e+00;1.175934e-01;1.016736e+00;1.382430e-01;9.820442e-01;3.819913e-03;5.537975e-02;3.417707e-03;1.768959e-02;5.673409e-03;1.284816e-01;1.940319e-02;2.744890e-01;2.642281e-02;4.241161e-01;8.860838e-02;5.528069e-01;7.745075e-02;6.630058e-01;1.035968e-01;7.922962e-01;1.065791e-01;8.318381e-01;9.102429e-02;8.923199e-01;1.212414e-01;9.615861e-01;1.062859e-01;1.030926e+00;1.028410e-01;1.091389e+00;1.832469e-01;1.080647e+00;2.463232e-01;1.149735e+00;2.718367e-01;1.246066e+00;2.074037e-01;1.306130e+00;3.117990e-01;1.354319e+00;4.736050e-01;1.441360e+00;7.087657e-01;1.507432e+00;4.776345e-01;1.465084e+00;2.118822e-01;1.398144e+00;2.269491e-01;1.335745e+00;2.434128e-01;1.238274e+00;2.214228e-01;1.081413e+00;1.983438e-01;9.130828e-01;1.923256e-01;7.561966e-01;1.712300e-01;6.162671e-01;6.874604e-02;2.817711e-01;2.060864e-02;4.049779e-02;1.314055e+01;1.451338e+02;1.510738e+01;1.959521e+02;4.426957e+01;2.657197e+02;8.187653e+01;3.947754e+02;6.424412e-02;3.111226e-01;3.407081e+01;2.682260e+02;1.758439e-01;3.039330e+00;5.452084e+04;1.129803e+05;1.108792e+00;5.809884e+00;4.339081e+01;8.099847e+01;2.420160e-02;-1.465871e-01;2.524677e-02;2.674668e-01;5.007236e-02;2.565866e-01;3.615613e+00;4.663198e+01;3.921478e+00;-1.640862e+01;6.088421e+00;3.540108e+01;4.041611e+00;2.580947e+01;6.114153e+00;-4.830990e+00;4.148117e+00;1.455636e-01;4.830681e+00;-1.273448e+01;5.053306e+00;-1.840319e+01;5.103003e+00;-1.647732e+00;4.389901e+00;-4.405964e+00;5.320241e+00;-2.944636e+00;7.887315e+00;5.982574e+00;3.015224e+00;3.446597e+00;2.756683e+00;3.137067e+00;1.102229e-05;6.083207e-08;9.909244e-08;1.383096e-09;3.201965e-07;-8.667381e-09;2.404769e-07;-1.359325e-08;1.107751e-06;6.411850e-10;1.428556e-05;-3.190135e-07;3.060590e-02;-1.239717e-03;3.588638e-02;1.141132e-03;9.650638e-04;-2.957559e-05;8.358088e-04;-3.489544e-05;1.546698e-03;-4.673027e-05;4.733050e-03;-4.654660e-05;6.372524e-03;-1.716941e-04;2.543809e-02;1.387997e-03;2.164937e-02;1.700693e-03;1.951598e-02;-2.785708e-04;2.095480e-02;1.114821e-03;2.276027e-02;9.884452e-04;3.726677e-02;-1.373227e-03;3.026776e-02;-1.230377e-03;2.691585e-02;1.041381e-03;4.848672e-02;2.699981e-03;6.261682e-02;3.040271e-04;7.433999e-02;-2.360935e-04;6.497940e-02;2.258375e-03;7.006721e-02;1.808350e-03;1.019440e-01;2.518546e-03;1.500318e-01;1.870734e-04;1.124805e-01;-6.523768e-04;6.734974e-02;1.680437e-03;6.802267e-02;2.611148e-03;7.782406e-02;2.843772e-03;6.991927e-02;2.934843e-03;6.268733e-02;2.353851e-03;6.169288e-02;2.596437e-03;5.474386e-02;2.674880e-03;1.975216e-02;4.236050e-04;4.926523e-03;-2.602045e-04;3.761982e+00;2.153320e-01;4.961990e+00;7.177734e-02;1.234570e+01;0;2.724158e+01;1.722656e-01;1.391766e-02;-5.016373e-04;9.897917e+00;-2.479580e-01;4.754909e-02;-4.088649e-04;1.332957e+04;-5.267955e+02;3.137496e-01;3.498257e-02;1.575314e+01;1.794406e+00;5.538236e-03;5.190964e-05;7.869562e-03;-1.352333e-04;1.498429e-02;3.662098e-05;9.822063e-01;-1.122218e-02;1.204181e+00;1.356743e-01;1.515832e+00;-7.060472e-02;1.112588e+00;2.898838e-02;1.607273e+00;-1.004668e-01;1.150363e+00;-8.561832e-02;1.262436e+00;1.257981e-02;1.231093e+00;-7.099905e-02;1.132968e+00;-5.210866e-02;1.027611e+00;1.606081e-01;1.118765e+00;1.655979e-02;1.628295e+00;-5.516081e-02;7.336310e-01;-1.760029e-02;8.318138e-01;3.618747e-02
80.500000;1.777106e+01;1.001243e+02;9.403437e-03;7.950971e-01;8.569812e-02;4.094712e-02;1.289077e-01;5.597916e-02;8.432252e-02;1.177668e-01;1.759280e+00;1.001081e+01;2.048683e-01;1.133489e+00;2.204745e-01;1.062207e+00;4.371840e-03;5.849198e-02;7.882781e-03;2.298186e-02;9.118588e-03;1.303105e-01;1.600643e-02;2.717599e-01;2.523583e-02;4.183200e-01;1.122575e-01;5.920168e-01;1.056607e-01;6.996865e-01;7.043514e-02;7.637757e-01;1.073832e-01;8.570884e-01;1.124227e-01;9.139794e-01;1.873349e-01;9.697994e-01;1.464952e-01;1.054920e+00;1.345525e-01;1.116021e+00;2.804513e-01;1.236993e+00;5.128248e-01;1.385669e+00;5.410414e-01;1.460495e+00;3.878819e-01;1.443803e+00;4.799590e-01;1.524372e+00;5.628579e-01;1.589678e+00;9.647692e-01;1.782235e+00;6.589251e-01;1.649569e+00;3.843517e-01;1.547568e+00;4.181671e-01;1.436495e+00;4.272376e-01;1.319194e+00;2.166170e-01;1.119202e+00;1.653089e-01;9.326043e-01;1.522449e-01;7.727201e-01;1.352214e-01;6.291175e-01;1.509406e-01;3.940469e-01;6.925430e-02;7.830303e-02;1.657979e+01;1.534600e+02;3.616211e+01;2.170547e+02;6.280677e+01;3.118008e+02;4.124773e+02;5.917324e+02;7.545885e-02;2.964275e-01;8.857524e+01;3.245447e+02;2.773804e-01;3.169689e+00;1.116436e+05;1.759002e+05;1.911705e+00;5.010191e+00;6.577513e+01;6.717695e+01;2.859521e-02;-1.615568e-01;6.645711e-02;3.115316e-01;1.082100e-01;3.232097e-01;3.717139e+00;4.494975e+01;5.338766e+00;-1.846209e+01;7.360560e+00;3.971881e+01;4.030129e+00;2.695407e+01;7.520856e+00;-8.103571e+00;7.734815e+00;-5.415598e+00;6.228002e+00;-1.663197e+01;6.162020e+00;-1.594481e+01;4.414789e+00;-1.710003e-01;4.395937e+00;-6.064146e+00;4.177786e+00;-1.941660e+00;8.433882e+00;8.139501e+00;4.002021e+00;2.887766e+00;3.007715e+00;3.759045e+00;2.434346e-04;3.768575e-08;9.984781e-08;7.605085e-09;1.446223e-06;-2.944625e-08;2.042617e-06;2.700706e-10;1.216020e-06;-4.801425e-09;2.415337e-05;5.724168e-07;4.774632e-02;1.910571e-03;5.231599e-02;-1.374237e-04;1.039710e-03;1.031052e-04;1.477165e-03;2.129000e-05;1.882575e-03;1.420183e-04;3.656480e-03;2.533504e-04;6.088238e-03;5.025529e-04;2.808610e-02;5.790063e-04;2.144309e-02;-3.604355e-04;1.684798e-02;-6.820054e-04;2.297043e-02;-4.324846e-04;2.762790e-02;-3.957384e-04;4.486978e-02;5.147809e-04;3.801299e-02;6.190200e-04;3.346454e-02;-5.299610e-04;7.233348e-02;-1.840515e-03;1.226872e-01;-1.623416e-05;1.375173e-01;-6.199823e-04;1.015041e-01;2.182009e-04;1.157769e-01;6.965320e-04;1.331686e-01;2.851585e-04;2.255749e-01;1.024450e-03;1.533121e-01;3.226118e-04;9.510593e-02;7.021607e-05;1.019173e-01;-2.295415e-04;1.043676e-01;-4.600465e-04;5.151600e-02;-9.996721e-04;4.538102e-02;-5.236986e-04;4.472423e-02;-8.814101e-04;3.917707e-02;-8.291919e-04;2.623710e-02;2.280304e-03;1.677393e-02;2.354575e-04;3.506116e+00;1.004883e-01;1.038347e+01;1.579102e-01;1.266028e+01;3.301758e-01;1.012467e+02;5.742187e-02;1.938566e-02;6.932636e-04;2.102486e+01;2.843307e-01;6.934922e-02;2.799280e-03;2.690074e+04;2.602974e+02;4.747354e-01;-1.093129e-02;1.994388e+01;-7.924395e-01;6.294241e-03;-7.369669e-04;1.537986e-02;2.545762e-04;2.100473e-02;8.562402e-04;8.567304e-01;-1.445593e-02;1.533615e+00;-3.531623e-02;1.856460e+00;1.022988e-01;1.025561e+00;4.393270e-02;1.715072e+00;-3.391863e-02;1.429001e+00;-6.166191e-02;1.285607e+00;-8.229775e-02;1.127932e+00;2.341224e-02;9.639461e-01;-1.262200e-02;1.201130e+00;-7.557171e-02;1.179060e+00;3.479395e-03;1.807278e+00;1.426609e-02;9.949192e-01;8.075850e-03;6.876268e-01;2.092156e-02
81.000000;1.761585e+01;1.008283e+02;9.404497e-03;7.975743e-01;8.504903e-02;3.754779e-02;1.293230e-01;5.415460e-02;9.967837e-02;1.426466e-01;1.959863e+00;1.005935e+01;2.966940e-01;1.464715e+00;2.293485e-01;1.148617e+00;2.616642e-02;8.471803e-02;7.405490e-03;2.437642e-02;2.235071e-02;1.404074e-01;5.899685e-02;2.918890e-01;9.673090e-02;4.496198e-01;9.745915e-02;6.028797e-01;1.127313e-01;7.185824e-01;1.690865e-01;8.575987e-01;2.413926e-01;9.781988e-01;1.499407e-01;1.016582e+00;2.220517e-01;1.094338e+00;2.391508e-01;1.227211e+00;2.076376e-01;1.229338e+00;2.820764e-01;1.328040e+00;4.580439e-01;1.439416e+00;4.999780e-01;1.470107e+00;3.664260e-01;1.498078e+00;4.416212e-01;1.580791e+00;4.891544e-01;1.653581e+00;8.098915e-01;1.727828e+00;5.949394e-01;1.809852e+00;6.718144e-01;1.877776e+00;4.586451e-01;1.585505e+00;5.005410e-01;1.469460e+00;3.587929e-01;1.233557e+00;2.948257e-01;1.042803e+00;2.705995e-01;8.480334e-01;2.341068e-01;6.925600e-01;3.298758e-01;7.542892e-01;8.934077e-02;1.515667e-01;1.692424e+01;1.505889e+02;3.734492e+01;2.146143e+02;6.788847e+01;3.063457e+02;4.345078e+02;6.283389e+02;2.042435e-01;4.744574e-01;9.185693e+01;3.292098e+02;2.848735e-01;3.240762e+00;1.104313e+05;1.850923e+05;2.504985e+00;5.050332e+00;1.177284e+02;8.194937e+01;2.401922e-01;-3.767766e-01;7.035482e-02;3.138336e-01;2.607515e-01;5.876519e-01;3.369551e+00;4.380947e+01;5.633277e+00;-1.879258e+01;7.375793e+00;3.807858e+01;6.629428e+00;2.431736e+01;8.378491e+00;-3.698661e+00;8.104568e+00;-5.309515e+00;5.731954e+00;-1.711082e+01;4.214024e+00;-1.079611e+01;4.438366e+00;-4.200959e-01;4.465397e+00;-5.438365e+00;5.575068e+00;-5.101089e-02;9.584846e+00;1.220112e+00;7.230194e+00;1.018372e+00;4.101948e+00;3.288475e+00;2.433601e-04;-1.208673e-07;9.497431e-08;-4.030772e-09;1.427689e-06;1.034449e-08;2.038175e-06;9.932056e-10;1.437685e-06;3.485290e-09;2.560146e-05;-1.363278e-06;5.598758e-02;8.928753e-03;6.006973e-02;1.649730e-03;3.408964e-03;3.714754e-04;1.486860e-03;4.938271e-05;4.419687e-03;-3.171012e-05;1.125326e-02;-8.788640e-05;1.887401e-02;2.924979e-04;2.458991e-02;9.944687e-04;2.644307e-02;7.738295e-04;3.901036e-02;2.226010e-03;4.450556e-02;-6.130108e-04;3.941993e-02;-1.038350e-03;5.734091e-02;-1.021139e-04;5.389800e-02;4.295150e-04;4.718620e-02;-3.532298e-04;8.250593e-02;-3.372223e-05;1.121948e-01;1.831481e-03;1.233749e-01;2.279636e-03;9.516660e-02;3.209752e-03;1.183380e-01;4.136687e-03;1.325741e-01;4.793471e-03;1.972590e-01;2.224569e-03;1.503932e-01;4.518316e-03;1.633965e-01;3.423473e-03;1.179458e-01;9.716618e-04;1.316456e-01;1.714614e-03;9.839869e-02;3.120641e-03;8.287755e-02;2.549369e-03;7.641012e-02;3.037901e-03;6.589365e-02;2.625138e-03;7.033965e-02;9.128797e-03;2.204354e-02;1.774409e-03;3.483975e+00;-1.435547e-01;1.035044e+01;1.722656e-01;1.196501e+01;6.747071e-01;1.081646e+02;1.406836e+00;3.533185e-02;4.024934e-03;2.109912e+01;8.727736e-01;6.652384e-02;8.237131e-03;2.670388e+04;1.113913e+03;5.782378e-01;-3.011034e-02;3.092640e+01;-1.399867e+00;4.242000e-02;-3.302292e-03;1.541995e-02;7.069545e-04;5.097298e-02;4.462027e-03;8.691525e-01;-7.892942e-02;1.480502e+00;-4.969007e-02;1.723868e+00;6.414450e-02;1.219325e+00;-4.545668e-02;1.652558e+00;-6.318117e-02;1.546083e+00;-5.210306e-02;1.164088e+00;-1.214370e-01;1.101303e+00;6.538539e-02;9.505963e-01;1.602425e-02;1.303441e+00;1.994744e-02;1.249596e+00;1.378311e-01;1.918200e+00;-4.856680e-02;1.627076e+00;-1.560755e-02;9.100138e-01;-1.299336e-02
81.500000;1.153601e+00;9.711458e+01;9.631031e-03;7.978250e-01;1.580353e-02;1.409441e-02;1.627019e-02;1.467682e-02;8.800830e-02;1.113865e-01;1.712273e+00;9.528756e+00;1.965633e-01;1.775678e+00;1.600881e-01;1.111946e+00;1.591394e-02;1.045208e-01;4.654122e-03;2.286596e-02;2.148576e-02;1.409427e-01;6.496768e-02;2.970623e-01;1.015038e-01;4.577228e-01;5.034390e-02;5.874934e-01;1.252612e-01;7.348660e-01;1.580834e-01;9.144425e-01;2.369472e-01;9.906248e-01;1.991758e-01;1.057697e+00;2.195367e-01;1.141781e+00;2.378021e-01;1.191452e+00;2.011884e-01;1.204881e+00;2.158438e-01;1.260663e+00;1.476942e-01;1.335061e+00;1.892858e-01;1.348643e+00;1.830655e-01;1.432471e+00;2.653674e-01;1.447669e+00;3.826210e-01;1.541009e+00;5.165529e-01;1.564489e+00;4.198629e-01;1.668710e+00;6.813014e-01;1.704046e+00;3.325684e-01;1.589737e+00;3.575872e-01;1.461682e+00;3.328548e-01;1.239127e+00;2.880386e-01;1.048615e+00;2.767414e-01;8.532014e-01;2.379234e-01;6.964983e-01;4.507290e-01;1.206143e+00;9.588833e-02;2.337232e-01;1.625341e+01;1.350850e+02;3.151671e+01;2.124609e+02;6.655908e+01;3.119443e+02;4.201734e+02;6.395361e+02;1.673544e-01;5.587344e-01;7.699040e+01;3.258685e+02;3.284949e-01;3.420036e+00;1.050144e+05;1.823489e+05;2.345290e+00;4.878792e+00;1.086217e+02;7.602381e+01;1.903505e-01;-5.409170e-01;5.766115e-02;3.116526e-01;2.490208e-01;7.949021e-01;2.525156e+00;4.393276e+01;6.055052e+00;-1.824156e+01;5.386833e+00;3.282090e+01;4.516994e+00;1.866852e+01;4.678845e+00;-7.245128e-01;8.423980e+00;-4.846246e+00;5.690027e+00;-1.337867e+01;4.976695e+00;-6.905861e+00;6.461385e+00;5.079682e-01;4.966601e+00;-2.618619e+00;5.380265e+00;2.526984e+00;8.959011e+00;-7.825074e-01;7.201926e+00;9.616832e-02;3.736539e+00;1.270473e+00;8.993326e-06;-2.082771e-07;9.632409e-08;-1.159285e-09;1.993018e-07;8.945396e-09;1.534421e-07;-1.390824e-08;1.228600e-06;1.871952e-08;1.783150e-05;-7.289332e-07;4.638889e-02;7.612148e-03;4.333822e-02;2.104897e-04;3.730021e-03;5.732658e-04;8.310092e-04;5.719324e-05;4.315053e-03;-4.193197e-05;1.190093e-02;2.051661e-04;1.935542e-02;3.462807e-04;1.443201e-02;1.573923e-04;2.905410e-02;6.539033e-04;4.301667e-02;8.075711e-04;4.700442e-02;9.858498e-04;5.860481e-02;-2.900804e-03;6.683576e-02;-3.267346e-03;4.823417e-02;3.197407e-03;4.169484e-02;1.111459e-03;7.443815e-02;3.854284e-03;5.354458e-02;5.200570e-04;4.597270e-02;3.878845e-04;5.245449e-02;2.101369e-03;7.627918e-02;-1.979677e-04;1.023705e-01;-4.169439e-04;1.238192e-01;-5.105928e-04;1.067389e-01;3.224772e-04;1.473764e-01;-1.174300e-03;9.493144e-02;4.343869e-04;1.017961e-01;-1.507537e-04;9.675164e-02;3.357210e-05;8.050841e-02;-2.839860e-04;7.735758e-02;-2.868634e-04;6.687887e-02;-4.148324e-04;9.714616e-02;1.458833e-02;2.307495e-02;2.084308e-03;4.061634e+00;-1.004883e-01;6.940969e+00;1.579102e-01;9.259711e+00;6.316406e-01;8.324229e+01;5.167969e-01;4.169678e-02;-4.133280e-04;1.210854e+01;3.476727e-01;4.070989e-02;3.672488e-03;1.925485e+04;2.155190e+02;4.551819e-01;-1.860784e-02;2.713423e+01;-7.201165e-01;4.613582e-02;-5.064063e-03;8.478881e-03;3.210654e-04;5.913103e-02;6.581811e-03;7.740926e-01;1.960748e-02;1.141546e+00;2.317456e-03;1.362327e+00;-7.649148e-02;1.389027e+00;-6.322613e-02;1.416226e+00;4.787824e-02;1.679725e+00;-1.473658e-01;1.679762e+00;3.816580e-02;1.195870e+00;2.372606e-02;1.602538e+00;4.245567e-02;1.636528e+00;1.492909e-01;1.254715e+00;6.393733e-02;1.736811e+00;-3.410463e-02;1.952936e+00;-1.055918e-01;1.153471e+00;-6.164678e-02
82.000000;1.191801e+00;9.690322e+01;1.043993e-02;8.036312e-01;1.415397e-02;1.097232e-02;1.855045e-02;1.843856e-02;5.588454e-02;8.745918e-02;2.023355e+00;9.902458e+00;1.344927e-01;1.832375e+00;7.315042e-02;9.986622e-01;1.205788e-02;1.060981e-01;3.943974e-03;2.386369e-02;6.981676e-03;1.323685e-01;3.512973e-02;2.793559e-01;4.893991e-02;4.309154e-01;6.244925e-02;5.511537e-01;1.451538e-01;6.796917e-01;1.284095e-01;7.973635e-01;1.306708e-01;8.530824e-01;2.208783e-01;9.844377e-01;2.419848e-01;1.053272e+00;1.456506e-01;1.030002e+00;8.502813e-02;1.087162e+00;1.976460e-01;1.157105e+00;1.778971e-01;1.282687e+00;1.705623e-01;1.323419e+00;1.809534e-01;1.353426e+00;2.026565e-01;1.320316e+00;2.919823e-01;1.380682e+00;6.078143e-01;1.525604e+00;1.996495e-01;1.373370e+00;1.787764e-01;1.285326e+00;2.525731e-01;1.407161e+00;2.147550e-01;1.259851e+00;1.478666e-01;1.103718e+00;1.445952e-01;9.171630e-01;1.578974e-01;7.694064e-01;1.300073e-01;6.271784e-01;4.656061e-01;1.314678e+00;7.437298e-02;2.583967e-01;1.669437e+01;1.329316e+02;3.407149e+01;2.134658e+02;5.956464e+01;3.293145e+02;3.936169e+02;6.157061e+02;1.311490e-01;4.234324e-01;6.340442e+01;3.359481e+02;2.350702e-01;3.504648e+00;9.112567e+04;1.911883e+05;1.138641e+00;4.049993e+00;3.304989e+01;4.449197e+01;1.436897e-01;-5.515164e-01;4.685869e-02;3.203942e-01;2.257730e-01;8.338470e-01;1.949054e+00;4.498306e+01;5.420010e+00;-1.842167e+01;6.208520e+00;2.959112e+01;5.705959e+00;2.031318e+01;5.515262e+00;-2.223682e+00;6.855997e+00;-8.608418e+00;6.761612e+00;-7.897759e+00;4.208043e+00;-4.282078e+00;7.477777e+00;-2.286747e+00;7.336917e+00;-6.240883e+00;5.743470e+00;1.495685e+00;8.874209e+00;8.534678e+00;5.381038e+00;1.319979e+00;3.403083e+00;-3.113753e-01;1.045285e-05;1.185374e-07;7.861353e-08;8.890512e-09;1.872662e-07;-7.041251e-09;1.828926e-07;3.659468e-09;7.672957e-07;-3.029468e-08;1.429179e-05;2.379291e-06;3.453568e-02;-2.191554e-03;2.093088e-02;-1.996052e-03;1.950279e-03;2.078793e-04;7.832591e-04;-8.087679e-05;1.514252e-03;4.275077e-05;5.193523e-03;8.812625e-05;7.302167e-03;1.462333e-04;1.291042e-02;-3.358815e-04;2.467613e-02;-9.376831e-04;2.590862e-02;-8.946030e-04;3.463038e-02;7.545867e-04;6.417844e-02;-1.470016e-03;7.113405e-02;-1.227765e-03;3.504761e-02;-2.142883e-03;2.068615e-02;-1.638714e-03;7.267662e-02;8.213894e-04;7.391834e-02;-1.214754e-03;4.768249e-02;-2.539877e-03;4.980597e-02;-4.757295e-03;5.560484e-02;-4.007682e-03;7.698039e-02;-4.958034e-03;1.396757e-01;1.963751e-04;6.674778e-02;-3.389027e-03;5.759250e-02;-5.086700e-03;6.461274e-02;-3.136100e-03;5.373025e-02;-3.730551e-03;4.218905e-02;-3.596192e-03;3.699151e-02;-2.870478e-03;4.362327e-02;-3.138701e-03;3.675971e-02;-2.873916e-03;9.001809e-02;-8.368480e-04;2.393286e-02;-8.163528e-04;4.285053e+00;-1.435547e-01;6.606807e+00;-2.440430e-01;8.810692e+00;-6.747071e-01;7.352243e+01;-1.148438e+00;3.084910e-02;-3.173551e-03;1.063792e+01;-7.573377e-01;3.268536e-02;-4.354313e-03;1.728671e+04;-8.988386e+02;2.392263e-01;1.701835e-02;7.804524e+00;7.640741e-01;2.238168e-02;-1.403914e-03;7.401515e-03;-6.263318e-04;4.383848e-02;5.602793e-04;5.725325e-01;6.771394e-02;9.963984e-01;4.487980e-02;1.590092e+00;-9.901641e-02;1.287507e+00;5.511133e-02;1.505374e+00;3.356874e-02;1.708620e+00;4.742156e-03;1.875600e+00;1.274250e-01;1.449053e+00;5.061487e-02;1.902069e+00;4.469972e-02;2.019987e+00;-1.312555e-01;1.469021e+00;-1.486019e-01;1.846001e+00;1.560010e-01;1.664057e+00;-7.537928e-03;1.163238e+00;-4.426152e-02
82.500000;1.738366e+00;9.616232e+01;1.561269e-02;8.009529e-01;1.470054e-02;1.155436e-02;1.920255e-02;1.690826e-02;6.510270e-02;1.138609e-01;2.187706e+00;1.043438e+01;1.774919e-01;1.729530e+00;1.122281e-01;9.893870e-01;1.218551e-02;1.030961e-01;5.121307e-03;2.366213e-02;1.137225e-02;1.269197e-01;3.064843e-02;2.622303e-01;7.416565e-02;4.011160e-01;8.881966e-02;5.520292e-01;1.158670e-01;6.588554e-01;9.442919e-02;7.356309e-01;1.439440e-01;8.317196e-01;1.919013e-01;9.269376e-01;2.150795e-01;9.932730e-01;1.501999e-01;1.075334e+00;7.643620e-02;1.101418e+00;2.906367e-01;1.169592e+00;1.944368e-01;1.262770e+00;1.770604e-01;1.302574e+00;2.216160e-01;1.331980e+00;2.945785e-01;1.382119e+00;3.687423e-01;1.461228e+00;6.085296e-01;1.533867e+00;3.832107e-01;1.452485e+00;3.237903e-01;1.408396e+00;1.603673e-01;1.328672e+00;1.702344e-01;1.190960e+00;1.325999e-01;1.049506e+00;1.360362e-01;8.650781e-01;1.433132e-01;7.288055e-01;1.176533e-01;5.905643e-01;4.099294e-01;1.160019e+00;7.708848e-02;2.352241e-01;2.741669e+01;1.385303e+02;3.495048e+01;2.074365e+02;7.130204e+01;3.172559e+02;3.837800e+02;5.986230e+02;8.411433e-02;4.023358e-01;6.982549e+01;3.281026e+02;2.535264e-01;3.371758e+00;7.696048e+04;1.773545e+05;1.228748e+00;4.089711e+00;3.436903e+01;4.279225e+01;1.180694e-01;-5.097001e-01;5.645208e-02;3.144636e-01;2.007430e-01;8.036591e-01;2.134787e+00;4.559920e+01;4.746905e+00;-1.834968e+01;5.843701e+00;2.830210e+01;5.379773e+00;2.254918e+01;6.385554e+00;-4.486440e-01;5.371534e+00;-8.758596e+00;8.845829e+00;-8.375137e+00;4.201702e+00;-4.315581e+00;5.810808e+00;-4.818283e+00;7.811994e+00;-8.767677e+00;6.743777e+00;1.779662e+00;7.860125e+00;1.280680e+01;6.254666e+00;1.078742e+00;4.331798e+00;-1.967365e+00;9.202175e-06;-1.582521e-06;7.114007e-08;-8.243462e-09;1.879449e-07;1.626582e-09;1.984949e-07;3.199581e-09;7.868886e-07;6.588593e-08;1.366888e-05;1.639617e-07;4.023105e-02;-2.586135e-03;2.852323e-02;8.378676e-05;1.822778e-03;-4.157249e-04;9.225539e-04;2.015626e-06;1.836499e-03;5.877604e-05;3.951725e-03;-9.931119e-04;9.233734e-03;-2.256894e-03;1.678048e-02;-4.544343e-04;1.546370e-02;-6.348407e-04;2.203208e-02;-1.634353e-03;3.916011e-02;-2.943095e-03;6.234371e-02;2.941340e-03;7.062421e-02;3.815307e-03;3.074863e-02;-2.081339e-03;1.656216e-02;-1.912796e-03;8.664783e-02;-3.501895e-03;7.100254e-02;1.534044e-03;4.974237e-02;1.346840e-03;6.047944e-02;1.912249e-03;6.938849e-02;3.598908e-03;9.069412e-02;4.201538e-03;1.413109e-01;8.818412e-04;9.594045e-02;-1.289413e-03;7.396678e-02;-8.459050e-04;4.685225e-02;-6.960420e-04;5.513127e-02;-2.157376e-04;4.066749e-02;1.820067e-04;4.139083e-02;1.889822e-04;4.257186e-02;4.214689e-04;3.346017e-02;5.550082e-04;7.447641e-02;-1.200192e-02;2.193901e-02;-7.981355e-05;5.273676e+00;-5.455078e-01;8.059493e+00;2.871094e-02;1.076779e+01;3.445312e-01;7.100514e+01;1.060869e+01;2.049730e-02;-3.486655e-04;1.237142e+01;1.103905e+00;4.272481e-02;-1.852895e-03;1.510040e+04;1.962326e+03;2.333938e-01;-1.888492e-02;8.581937e+00;-3.627310e-01;1.788058e-02;4.179806e-03;9.513228e-03;6.735847e-04;4.510795e-02;-5.233339e-03;6.457285e-01;-5.006585e-02;1.084443e+00;-9.787528e-02;1.560113e+00;1.254063e-02;1.284850e+00;6.269388e-02;1.476477e+00;-7.584119e-02;1.468288e+00;1.116340e-01;1.996433e+00;8.906317e-02;1.348000e+00;6.588166e-03;1.834288e+00;-6.331833e-02;1.999806e+00;-4.105301e-02;1.572732e+00;1.076874e-01;1.850873e+00;2.805746e-01;1.379467e+00;1.788203e-01;1.259717e+00;2.305670e-02
83.000000;2.035486e+00;9.589529e+01;1.268273e-02;7.855788e-01;1.558002e-02;1.000875e-02;1.968500e-02;1.493616e-02;7.060744e-02;1.310962e-01;1.640339e+00;9.486003e+00;1.759127e-01;1.645387e+00;1.379898e-01;1.008959e+00;1.454716e-02;8.327958e-02;7.032060e-03;2.788486e-02;1.130733e-02;1.270265e-01;3.060236e-02;2.492894e-01;8.676106e-02;3.822644e-01;9.454816e-02;5.422659e-01;1.033744e-01;6.614726e-01;9.131934e-02;7.527567e-01;1.614302e-01;8.396769e-01;1.991309e-01;9.097837e-01;2.259604e-01;9.768201e-01;1.317273e-01;1.113217e+00;1.330414e-01;1.127893e+00;3.570508e-01;1.248092e+00;1.887674e-01;1.261285e+00;2.015524e-01;1.297529e+00;2.217923e-01;1.335282e+00;3.379951e-01;1.447484e+00;3.897088e-01;1.479221e+00;7.307984e-01;1.630934e+00;4.390428e-01;1.520071e+00;4.988500e-01;1.541610e+00;2.102653e-01;1.360397e+00;2.081992e-01;1.220315e+00;1.168769e-01;1.044604e+00;1.224784e-01;8.610083e-01;1.156398e-01;7.196356e-01;9.442717e-02;5.829927e-01;4.583968e-01;7.571533e-01;1.051767e-01;2.766756e-01;3.665876e+01;1.124033e+02;4.881260e+01;1.950908e+02;2.118770e+02;4.404258e+02;5.708793e+02;1.138963e+03;7.108487e-02;4.012025e-01;1.046163e+02;4.110734e+02;2.607607e-01;3.471898e+00;1.505151e+05;3.001013e+05;1.275679e+00;2.884899e+00;2.425450e+01;2.190344e+01;1.151201e-01;-3.323760e-01;7.218540e-02;3.685020e-01;2.753012e-01;5.285943e-01;3.073229e+00;4.368663e+01;5.868456e+00;-2.312144e+01;6.247589e+00;2.936725e+01;5.176928e+00;2.273244e+01;5.553632e+00;1.144225e+00;5.863166e+00;-8.286969e+00;8.126987e+00;-1.135567e+01;5.440291e+00;-1.411756e+00;7.847229e+00;-1.344683e+00;8.741945e+00;-2.956575e+00;6.650003e+00;7.118762e+00;7.388914e+00;1.651640e+01;7.105970e+00;3.699850e+00;4.999453e+00;-1.296985e+00;1.642752e-05;1.484434e-08;8.095190e-08;-1.395562e-08;2.108754e-07;5.598353e-10;2.217212e-07;2.308384e-09;9.228103e-07;6.351440e-09;1.192462e-05;-2.513334e-06;4.255687e-02;-8.063341e-04;3.487381e-02;5.158090e-05;1.725782e-03;-4.481454e-04;1.084973e-03;7.860921e-05;1.721542e-03;2.131930e-06;4.634017e-03;3.442902e-04;1.514410e-02;-7.115149e-04;1.704594e-02;-4.585609e-04;1.363058e-02;6.246790e-04;2.351843e-02;-2.220971e-03;4.037562e-02;-2.691192e-03;7.060137e-02;-3.328912e-05;7.963405e-02;4.118416e-04;2.173711e-02;2.882292e-03;2.097538e-02;2.131625e-03;8.689505e-02;1.498775e-03;5.015334e-02;-1.539514e-03;4.858620e-02;-8.808650e-04;6.408127e-02;2.184025e-03;8.497347e-02;2.153666e-03;9.615842e-02;2.782392e-03;1.658915e-01;5.233597e-04;1.090441e-01;3.087937e-04;1.046850e-01;-2.051533e-03;6.468001e-02;-3.334716e-04;6.713918e-02;6.027086e-05;3.848408e-02;-1.410106e-03;3.884973e-02;-5.067207e-04;3.483370e-02;-9.350400e-04;2.671568e-02;-7.942380e-04;5.744863e-02;-7.590237e-03;2.439874e-02;9.938009e-04;4.600474e+00;-4.306641e-01;1.094504e+01;-4.306641e-01;5.235744e+01;8.900391e-01;9.733208e+01;9.359766e+00;1.754120e-02;-8.961215e-04;1.857594e+01;1.154822e+00;4.773859e-02;3.133286e-03;2.343196e+04;1.866742e+03;1.721597e-01;-4.355803e-02;5.892068e+00;-1.387423e+00;1.428401e-02;3.834994e-03;1.333806e-02;7.733824e-04;4.031540e-02;-5.141539e-03;7.018149e-01;-2.548522e-02;1.028960e+00;-1.578237e-01;1.505109e+00;6.384636e-02;1.498814e+00;3.035760e-02;1.293445e+00;3.775406e-02;1.435271e+00;6.013653e-02;1.964105e+00;-6.721486e-02;1.072799e+00;-1.320914e-01;1.809799e+00;6.754304e-02;1.889802e+00;2.517367e-01;1.657626e+00;1.391168e-01;1.645984e+00;9.140726e-02;1.600914e+00;4.381676e-02;1.436427e+00;2.331606e-03
83.500000;1.523410e+00;9.715316e+01;1.044845e-02;7.868130e-01;2.017538e-02;1.769742e-02;2.031100e-02;2.283709e-02;8.893486e-02;1.426706e-01;8.634909e-01;9.171923e+00;1.773258e-01;1.505129e+00;1.060471e-01;9.696299e-01;4.104143e-03;7.200839e-02;7.549386e-03;2.545100e-02;3.960031e-03;1.303508e-01;2.738135e-02;2.690115e-01;8.812548e-02;4.252621e-01;7.141121e-02;5.346004e-01;7.857243e-02;6.389316e-01;1.185514e-01;7.423841e-01;1.782716e-01;8.234662e-01;1.999123e-01;9.027187e-01;2.134887e-01;9.730148e-01;1.430867e-01;1.051345e+00;1.405450e-01;1.109792e+00;3.634264e-01;1.237757e+00;2.318635e-01;1.165595e+00;2.225985e-01;1.199165e+00;1.607302e-01;1.245111e+00;2.799372e-01;1.346502e+00;3.071001e-01;1.365452e+00;6.862018e-01;1.500268e+00;3.175640e-01;1.400826e+00;4.506732e-01;1.419012e+00;2.042728e-01;1.307628e+00;1.693432e-01;1.184060e+00;1.157988e-01;1.039052e+00;1.255593e-01;8.866448e-01;8.325400e-02;7.272304e-01;6.507514e-02;5.851979e-01;1.594773e-01;4.510449e-01;1.124924e-01;2.427297e-01;5.407650e+00;8.742480e+01;3.726233e+01;1.625039e+02;2.153172e+02;4.239170e+02;5.050342e+02;1.153893e+03;8.294275e-02;4.032795e-01;1.056716e+02;3.911069e+02;1.933598e-01;3.461664e+00;1.418222e+05;2.958943e+05;8.472131e-01;2.682287e+00;1.641832e+01;2.002023e+01;2.700947e-02;-2.460719e-01;7.323015e-02;3.485469e-01;9.076564e-02;2.638088e-01;3.002725e+00;4.392167e+01;5.044792e+00;-2.318110e+01;7.036056e+00;2.682664e+01;5.461537e+00;2.537985e+01;4.709117e+00;3.985480e+00;5.417351e+00;-4.270309e+00;6.490282e+00;-1.082991e+01;7.565450e+00;-4.111849e+00;8.635676e+00;-5.975282e-02;7.031396e+00;1.972302e+00;6.264495e+00;6.971714e+00;7.218906e+00;1.599280e+01;7.076536e+00;4.845074e+00;6.473147e+00;-1.551464e+00;1.575202e-05;1.810691e-06;9.270404e-08;7.653939e-09;2.765472e-07;1.532530e-08;2.775917e-07;1.775975e-08;1.187677e-06;-9.726040e-08;1.094291e-05;4.620245e-07;3.268372e-02;-1.808669e-03;2.552082e-02;2.772612e-04;1.131691e-03;1.815941e-05;1.034414e-03;-5.479970e-05;9.348696e-04;-2.278179e-05;4.692474e-03;1.174010e-03;1.595547e-02;2.186714e-03;1.459436e-02;-3.036948e-04;1.995032e-02;1.313965e-04;2.969359e-02;3.089223e-03;4.255598e-02;4.918190e-03;6.935797e-02;-2.483790e-03;7.441024e-02;-2.401285e-03;2.289785e-02;5.077779e-04;2.299800e-02;2.021788e-03;7.671602e-02;5.268183e-03;5.374777e-02;-4.943740e-04;4.840920e-02;-3.054046e-04;4.995004e-02;-1.064894e-03;7.026094e-02;-3.603635e-03;7.362815e-02;-2.307747e-03;1.467114e-01;1.123605e-03;7.672084e-02;3.062530e-03;8.826351e-02;2.893191e-03;6.453683e-02;-2.524751e-03;5.267012e-02;-5.590924e-04;3.664941e-02;-1.318638e-04;3.979393e-02;-8.109399e-04;2.635696e-02;-1.277833e-03;2.042362e-02;-8.757043e-04;3.454977e-02;-2.901219e-03;2.295161e-02;-4.424378e-04;1.698319e+00;2.871094e-02;8.704612e+00;-7.895508e-01;5.221346e+01;-1.421191e+00;1.030974e+02;-6.861914e+00;1.746998e-02;8.101573e-06;1.757907e+01;-1.276935e+00;4.124700e-02;-6.324700e-04;2.179965e+04;-1.578217e+03;1.636622e-01;8.308764e-03;3.988795e+00;1.435901e-01;7.476757e-03;-4.454241e-04;1.259946e-02;-9.813134e-04;2.107371e-02;-2.206514e-03;6.269646e-01;5.844496e-02;8.780429e-01;4.474100e-02;1.572015e+00;-3.501025e-02;1.450274e+00;1.195678e-02;1.282782e+00;1.562131e-01;1.366693e+00;5.302390e-02;1.671072e+00;-1.560849e-01;1.280143e+00;-1.551560e-02;1.749350e+00;1.879536e-01;2.055089e+00;3.354119e-02;1.725270e+00;-8.080781e-02;1.646614e+00;-2.454508e-01;1.911080e+00;-2.087889e-01;1.638000e+00;-4.902289e-02
84.000000;4.929368e-01;9.779432e+01;1.405372e-02;7.832580e-01;3.272741e-02;3.900710e-02;2.336040e-02;3.109718e-02;8.690722e-02;1.470453e-01;1.835173e+00;7.993097e+00;2.963635e-01;1.627223e+00;1.510351e-01;1.038838e+00;1.486750e-02;8.474597e-02;3.604850e-03;2.247166e-02;8.823186e-03;1.242113e-01;2.526047e-02;2.930851e-01;6.879557e-02;4.710068e-01;7.835616e-02;5.915154e-01;8.396364e-02;7.190048e-01;1.988976e-01;8.448962e-01;2.551617e-01;9.586928e-01;2.750700e-01;1.008590e+00;2.568850e-01;1.088343e+00;2.346439e-01;1.113813e+00;2.006374e-01;1.174062e+00;2.735960e-01;1.188810e+00;2.529117e-01;1.163829e+00;2.404508e-01;1.220443e+00;2.480790e-01;1.316348e+00;3.958105e-01;1.482328e+00;4.547820e-01;1.547052e+00;4.289069e-01;1.462081e+00;5.809241e-01;1.645959e+00;1.155833e+00;1.755405e+00;2.009702e-01;1.317356e+00;1.703858e-01;1.217530e+00;1.495616e-01;1.062150e+00;1.378669e-01;9.112569e-01;1.007643e-01;7.386691e-01;8.637194e-02;5.933612e-01;4.309540e-01;7.599910e-01;1.191911e-01;2.539573e-01;3.738931e+01;1.208730e+02;4.724760e+01;1.903535e+02;7.371432e+01;3.452490e+02;2.894550e+02;8.578828e+02;2.062555e-01;5.854303e-01;5.833088e+01;3.485203e+02;2.392760e-01;3.531354e+00;5.267443e+04;1.932490e+05;6.547862e-01;3.265378e+00;1.563522e+01;2.916780e+01;1.204121e-01;-3.477979e-01;5.163122e-02;3.314052e-01;3.619345e-01;4.997282e-01;3.235122e+00;4.739410e+01;4.155199e+00;-2.159426e+01;6.647363e+00;2.249743e+01;9.953679e+00;1.991208e+01;7.146087e+00;3.108780e+00;6.958150e+00;2.190568e+00;7.192474e+00;-1.352636e+01;5.679410e+00;-1.121874e+01;8.965841e+00;-6.473320e-01;6.776093e+00;1.589690e+00;6.878973e+00;4.846964e+00;1.180132e+01;5.180643e+00;9.130070e+00;-5.623367e-01;6.991556e+00;-3.201122e+00;5.934340e-06;-1.619718e-07;1.231381e-07;-1.199269e-09;4.405120e-07;8.293708e-09;3.192713e-07;-4.832114e-09;1.073553e-06;1.386217e-08;1.331332e-05;-4.660012e-07;3.529539e-02;7.004512e-03;2.818790e-02;3.124510e-03;1.505391e-03;4.335004e-04;8.662443e-04;2.469137e-05;1.656174e-03;-2.849098e-04;6.518238e-03;-1.201956e-05;1.279734e-02;1.225662e-03;1.717057e-02;1.813166e-03;2.115333e-02;1.469047e-03;4.137551e-02;3.249860e-04;4.028555e-02;3.743171e-04;8.527493e-02;5.268039e-03;6.801453e-02;4.010596e-03;4.458209e-02;-4.900965e-04;3.256105e-02;-1.049257e-03;7.176766e-02;-2.870442e-03;5.612402e-02;1.887774e-03;5.322792e-02;3.340672e-03;5.584341e-02;4.660011e-03;8.166543e-02;6.916225e-03;9.947249e-02;7.056112e-03;8.848970e-02;2.332471e-04;1.282204e-01;9.857850e-03;2.221614e-01;2.000677e-02;6.205409e-02;2.430214e-03;5.006251e-02;1.952448e-03;4.166868e-02;4.182854e-03;4.549302e-02;3.185753e-03;3.467750e-02;2.970783e-03;2.995552e-02;2.777436e-03;3.794114e-02;1.509976e-02;2.403147e-02;1.165332e-03;2.815832e+00;1.076660e+00;7.197961e+00;9.618164e-01;2.078599e+01;5.455078e-01;8.644972e+01;-4.593750e+00;2.710450e-02;4.288483e-03;1.406427e+01;3.136820e-01;5.176756e-02;9.348174e-04;1.597906e+04;-7.671913e+02;1.963104e-01;1.730067e-02;5.356059e+00;3.083421e-01;1.427494e-02;-3.918460e-03;1.096592e-02;5.553121e-04;4.431932e-02;1.261841e-02;7.284481e-01;4.173516e-03;1.155091e+00;3.354950e-02;1.897440e+00;-3.291912e-02;1.183965e+00;-2.555172e-01;1.435534e+00;-1.011984e-01;1.374530e+00;1.575953e-01;1.725757e+00;-8.937122e-02;1.466600e+00;-6.642501e-02;1.883227e+00;-3.054675e-01;1.978060e+00;-2.438863e-01;1.842961e+00;3.126992e-02;1.602209e+00;-2.937172e-01;1.988931e+00;1.037216e-01;1.644766e+00;1.019940e-01
84.500000;3.365737e-01;9.780610e+01;1.116961e-02;7.764173e-01;6.122844e-02;5.376891e-02;5.090145e-02;3.725803e-02;6.958070e-02;1.366712e-01;1.170367e+00;6.806083e+00;2.168804e-01;1.909498e+00;1.578539e-01;1.100841e+00;1.191974e-02;9.489460e-02;3.613570e-03;2.604182e-02;1.857140e-02;1.297065e-01;4.713082e-02;2.797598e-01;8.934727e-02;4.428506e-01;7.399534e-02;5.848005e-01;7.166347e-02;7.201071e-01;1.909999e-01;9.046401e-01;2.148225e-01;1.030205e+00;2.746717e-01;1.039125e+00;2.753677e-01;1.103579e+00;2.477217e-01;1.109984e+00;2.113509e-01;1.167182e+00;1.886973e-01;1.155256e+00;3.606933e-01;1.317027e+00;2.616678e-01;1.377087e+00;2.747533e-01;1.425481e+00;3.565947e-01;1.552784e+00;4.204649e-01;1.616846e+00;5.934930e-01;1.642952e+00;6.208895e-01;1.774014e+00;1.141531e+00;1.875616e+00;5.329739e-01;1.534001e+00;4.649673e-01;1.391984e+00;2.220193e-01;1.120698e+00;2.417085e-01;9.579415e-01;1.411917e-01;7.539577e-01;1.219753e-01;6.142849e-01;4.640781e-01;1.214529e+00;1.095497e-01;3.249715e-01;2.900941e+01;1.518809e+02;4.866991e+01;2.561016e+02;8.728597e+01;4.071211e+02;2.861861e+02;9.443027e+02;1.659461e-01;6.809610e-01;5.736726e+01;3.994426e+02;2.535397e-01;3.745379e+00;6.391138e+04;2.134166e+05;7.536282e-01;3.238692e+00;1.371384e+01;2.714095e+01;1.165398e-01;-4.342776e-01;4.501608e-02;3.807879e-01;2.686451e-01;7.484300e-01;3.451105e+00;4.759362e+01;3.750897e+00;-2.374353e+01;6.660027e+00;2.413354e+01;7.579039e+00;8.341433e+00;7.418028e+00;-2.666664e+00;9.592354e+00;4.607521e+00;7.207870e+00;-1.461058e+01;1.115334e+01;-8.952025e+00;1.074595e+01;-4.455526e-01;6.098462e+00;2.169972e+00;7.206833e+00;7.124331e+00;1.113325e+01;-2.142662e+00;8.183481e+00;-3.419552e-01;5.587653e+00;-2.217460e+00;2.777150e-06;6.446620e-08;1.340733e-07;8.661891e-10;8.003356e-07;-2.092028e-08;5.851183e-07;1.007458e-08;8.609140e-07;4.899248e-08;1.181229e-05;-1.077644e-06;4.369550e-02;8.872226e-03;3.987646e-02;2.086005e-03;1.962956e-03;3.436254e-04;9.112766e-04;1.659108e-04;3.453881e-03;7.281018e-05;7.785736e-03;-2.437208e-05;1.573226e-02;1.126314e-03;1.538459e-02;8.921092e-04;1.509811e-02;9.515806e-04;4.007384e-02;1.119493e-03;3.240100e-02;5.341542e-04;9.015962e-02;2.303211e-04;7.673442e-02;7.724584e-04;4.828849e-02;-2.153952e-03;3.449412e-02;-2.831304e-03;6.132783e-02;-1.716557e-03;7.444377e-02;6.782755e-03;6.705581e-02;3.540801e-03;5.949377e-02;4.081856e-03;7.791442e-02;2.488586e-03;9.672773e-02;1.103710e-04;1.383253e-01;-2.081519e-05;1.516306e-01;5.891858e-03;2.283849e-01;1.297579e-03;1.289057e-01;1.227043e-02;1.187043e-01;9.002545e-03;6.378408e-02;2.189394e-03;6.691808e-02;4.067208e-03;4.611143e-02;2.006669e-03;3.993291e-02;1.553837e-03;6.944261e-02;1.821067e-02;2.777909e-02;2.166253e-03;6.794536e+00;5.885742e-01;1.134074e+01;1.478613e+00;2.568764e+01;2.641406e+00;8.071910e+01;5.742188e-01;3.430814e-02;7.874064e-04;1.603811e+01;1.574945e+00;5.950237e-02;8.178231e-03;1.777603e+04;7.728970e+02;1.818912e-01;-4.830233e-03;4.289180e+00;-6.067798e-02;2.026206e-02;-2.891250e-03;1.236245e-02;1.486668e-03;6.073352e-02;7.669858e-03;9.040059e-01;-4.530910e-02;1.151983e+00;-5.515517e-03;1.906645e+00;3.304722e-02;1.223694e+00;-2.672396e-01;1.426915e+00;-1.731039e-01;1.930815e+00;-1.021669e-01;1.717269e+00;1.388904e-01;1.900412e+00;2.310120e-01;1.866436e+00;-1.286570e-01;1.991840e+00;-1.051233e-01;1.755372e+00;-3.783477e-02;1.888857e+00;2.953795e-03;1.686073e+00;7.562194e-02;1.304469e+00;-4.609396e-02
85.000000;3.317377e-01;9.764104e+01;1.353642e-02;7.891474e-01;6.002158e-02;4.004344e-02;5.000660e-02;2.920623e-02;6.164635e-02;1.210248e-01;1.074059e+00;7.272488e+00;2.229966e-01;1.902842e+00;1.416724e-01;1.002195e+00;1.028193e-02;9.689271e-02;5.613183e-03;2.427690e-02;1.663714e-02;1.349672e-01;3.988712e-02;2.681480e-01;9.408413e-02;4.336134e-01;4.632825e-02;5.701757e-01;6.113353e-02;6.798208e-01;1.746717e-01;7.956828e-01;1.862751e-01;8.669750e-01;2.601513e-01;9.318205e-01;2.679142e-01;9.870303e-01;1.214744e-01;9.542542e-01;9.978937e-02;1.015378e+00;1.838925e-01;1.103206e+00;3.610820e-01;1.318086e+00;2.612428e-01;1.332292e+00;2.470586e-01;1.318083e+00;1.430450e-01;1.327690e+00;2.953737e-01;1.391210e+00;6.900391e-01;1.591664e+00;4.316251e-01;1.451260e+00;3.428828e-01;1.338804e+00;5.675247e-01;1.465885e+00;4.932316e-01;1.325989e+00;2.304386e-01;1.112746e+00;2.476002e-01;9.460735e-01;1.581250e-01;7.686477e-01;1.339666e-01;6.275570e-01;4.497833e-01;1.609919e+00;1.210220e-01;2.554354e-01;2.868616e+01;1.488662e+02;3.576327e+01;2.807930e+02;8.307638e+01;4.214766e+02;3.295230e+02;7.947188e+02;1.266791e-01;5.456406e-01;6.453609e+01;3.883787e+02;2.800134e-01;3.781121e+00;7.100255e+04;1.902172e+05;1.314090e+00;3.757316e+00;3.801050e+01;4.229043e+01;1.068653e-01;-4.584038e-01;4.931435e-02;3.761636e-01;2.136310e-01;7.164137e-01;2.830945e+00;4.734669e+01;4.810626e+00;-2.118729e+01;4.069146e+00;2.566771e+01;7.396496e+00;6.789817e+00;6.015108e+00;-7.329950e+00;1.140235e+01;-3.206354e+00;7.730514e+00;-1.089499e+01;1.404102e+01;-3.198983e-01;1.020069e+01;-7.277178e-01;8.080212e+00;-1.988747e+00;6.936026e+00;7.057920e+00;1.117795e+01;3.636227e+00;4.361192e+00;3.071170e+00;4.158649e+00;-1.796820e+00;3.073509e-06;-9.312599e-08;1.014740e-07;6.629976e-09;7.239050e-07;-1.741954e-08;5.856670e-07;2.628043e-10;8.062167e-07;9.173679e-09;9.731496e-06;7.015545e-07;4.383357e-02;-5.924356e-03;3.528174e-02;-2.674867e-03;1.755341e-03;-2.005456e-04;9.348335e-04;-2.796674e-05;3.457771e-03;-7.959050e-05;6.345330e-03;-4.437478e-04;1.572203e-02;-1.838197e-04;9.504295e-03;-6.403459e-04;1.298169e-02;-1.672085e-03;3.064660e-02;-9.859002e-05;3.516117e-02;-3.324625e-04;8.024360e-02;-5.398382e-03;8.039842e-02;-3.395169e-03;2.986897e-02;-1.407375e-03;2.337080e-02;-7.281398e-04;5.525141e-02;-6.506914e-04;6.871042e-02;-1.849616e-04;5.939005e-02;-1.360536e-04;4.199760e-02;-3.351410e-03;2.986263e-02;-5.423370e-03;6.974752e-02;-3.664989e-03;1.702363e-01;1.740857e-03;9.815051e-02;-7.023472e-03;5.988272e-02;-1.812687e-02;1.265553e-01;-2.364678e-03;1.173540e-01;-3.264144e-03;6.896719e-02;-3.766873e-03;6.716368e-02;-3.545319e-03;5.099457e-02;-2.801693e-03;4.279224e-02;-2.603140e-03;8.849690e-02;4.602391e-04;2.099063e-02;-2.259413e-03;7.303689e+00;1.004883e-01;1.125120e+01;5.024414e-01;1.798806e+01;-3.732422e-01;7.315615e+01;-3.875977e+00;2.655699e-02;-2.127730e-03;1.302183e+01;-5.685980e-01;4.410759e-02;-6.890867e-04;1.335557e+04;-7.652682e+02;1.840824e-01;1.194589e-02;7.205765e+00;2.525305e-01;1.835897e-02;2.127475e-03;1.014244e-02;-4.078392e-04;5.082452e-02;-9.708937e-03;8.594177e-01;2.969654e-02;1.028016e+00;4.376100e-02;1.442150e+00;7.007642e-02;1.500574e+00;1.613611e-01;1.079497e+00;-1.343976e-01;2.237111e+00;-1.933804e-01;1.619974e+00;5.009541e-02;1.914899e+00;2.245030e-02;1.684715e+00;1.717528e-01;1.954488e+00;-3.496398e-02;1.556924e+00;-7.962181e-02;2.275079e+00;2.902072e-01;1.445170e+00;-1.220436e-01;1.011510e+00;-1.374293e-01
85.500000;2.999830e-01;9.756328e+01;6.306877e-03;7.986832e-01;2.061569e-02;2.222621e-02;1.577799e-02;1.880581e-02;5.272364e-02;1.169165e-01;1.070453e+00;7.850956e+00;2.500642e-01;1.707248e+00;1.363546e-01;9.632269e-01;1.237215e-02;9.090403e-02;4.574585e-03;2.140212e-02;1.213128e-02;1.252607e-01;2.336299e-02;2.709234e-01;7.510391e-02;4.329505e-01;5.902560e-02;5.555059e-01;5.368110e-02;6.548210e-01;1.348039e-01;7.463071e-01;1.585598e-01;8.209643e-01;2.436710e-01;9.006060e-01;2.368815e-01;9.587348e-01;9.715357e-02;9.576890e-01;8.812462e-02;1.004129e+00;1.618202e-01;1.137141e+00;1.889687e-01;1.160218e+00;2.164170e-01;1.241339e+00;2.336164e-01;1.305678e+00;2.928877e-01;1.345963e+00;4.460257e-01;1.435691e+00;7.688702e-01;1.623555e+00;3.585558e-01;1.377514e+00;4.615276e-01;1.360082e+00;2.760812e-01;1.262100e+00;2.232625e-01;1.148692e+00;1.998436e-01;1.041278e+00;1.539682e-01;8.582057e-01;1.552676e-01;7.285352e-01;1.313445e-01;5.900165e-01;5.018063e-01;1.501844e+00;9.018401e-02;1.589796e-01;2.704739e+01;1.580537e+02;2.759239e+01;2.704570e+02;6.267588e+01;3.888896e+02;1.696243e+02;5.757979e+02;6.634583e-02;4.198437e-01;4.618547e+01;3.550791e+02;2.105804e-01;3.709160e+00;4.887225e+04;1.508357e+05;1.139266e+00;4.267150e+00;3.700611e+01;5.284139e+01;1.138651e-01;-4.009087e-01;3.711391e-02;3.520162e-01;2.099179e-01;6.051524e-01;2.983003e+00;4.874222e+01;4.047494e+00;-1.888627e+01;6.834958e+00;2.652388e+01;7.626410e+00;1.080439e+01;5.798583e+00;-1.234803e+01;7.131462e+00;-6.520895e+00;6.360216e+00;-1.001542e+01;1.107520e+01;6.815145e-02;7.012712e+00;1.681631e+00;5.707651e+00;-8.467269e+00;6.282328e+00;2.918981e+00;6.604311e+00;7.534671e+00;3.285164e+00;7.614918e-01;2.919110e+00;-3.047651e+00;3.340343e-06;-1.109575e-07;6.699785e-08;3.207699e-10;2.073726e-07;3.223377e-09;2.910616e-07;-1.837936e-08;6.790159e-07;1.936831e-09;1.032989e-05;5.487068e-07;4.473223e-02;-7.140973e-03;3.596582e-02;-1.549821e-03;1.602249e-03;-3.202295e-04;9.069061e-04;-1.431091e-04;2.123234e-03;1.070507e-04;4.149884e-03;-5.752972e-04;1.195043e-02;-1.793775e-03;1.107991e-02;-7.758345e-04;8.963800e-03;-1.111096e-03;2.959175e-02;-3.515073e-03;3.837563e-02;-3.644195e-03;7.607193e-02;-3.931964e-04;7.322855e-02;-2.542569e-04;2.812375e-02;6.566345e-04;3.180862e-02;4.715674e-03;5.547040e-02;1.720867e-03;3.071428e-02;-7.715271e-03;5.491383e-02;-4.308323e-03;5.634604e-02;-2.465095e-03;7.007462e-02;8.132349e-04;1.108566e-01;3.132916e-03;1.917596e-01;1.629471e-03;9.061962e-02;-1.633566e-04;9.829558e-02;1.228958e-03;6.506979e-02;-7.271069e-03;5.804479e-02;-8.765429e-03;5.787718e-02;-3.720462e-03;4.629271e-02;-4.464532e-03;4.801143e-02;-1.772670e-03;4.049994e-02;-1.591240e-03;8.776561e-02;-1.385483e-02;1.455921e-02;-2.706143e-03;5.341990e+00;-5.024414e-01;8.654621e+00;-6.316406e-01;8.022267e+00;-1.392480e+00;3.280386e+01;-3.143848e+00;1.666773e-02;-1.401353e-03;8.974599e+00;-1.065856e+00;3.144623e-02;-3.580981e-03;1.126839e+04;-5.709755e+02;2.024819e-01;7.641810e-03;8.950897e+00;4.040146e-02;1.509095e-02;3.197745e-03;7.135742e-03;-9.583454e-04;3.596133e-02;-6.172691e-03;8.624624e-01;3.931222e-02;1.127904e+00;-3.250788e-02;1.717264e+00;9.165781e-02;1.635678e+00;1.111151e-01;1.032063e+00;-4.668002e-02;1.985365e+00;1.429980e-01;1.524823e+00;-1.708912e-01;1.496125e+00;-1.692932e-01;1.480372e+00;1.365338e-01;1.618368e+00;7.310835e-02;1.308623e+00;-7.019623e-03;2.086020e+00;-5.438751e-02;1.197559e+00;2.972363e-03;8.978592e-01;8.067741e-02
86.000000;4.375255e-01;9.743198e+01;8.884633e-03;8.046494e-01;1.493504e-02;1.887044e-02;1.420172e-02;1.746318e-02;5.415605e-02;1.066195e-01;1.248915e+00;8.863374e+00;2.008968e-01;1.472291e+00;1.804598e-01;9.751849e-01;8.706895e-03;8.004380e-02;3.462277e-03;2.093852e-02;1.325484e-02;1.280116e-01;1.955561e-02;2.600099e-01;6.195548e-02;4.175467e-01;8.879717e-02;5.562786e-01;4.801217e-02;6.455173e-01;1.066673e-01;7.156610e-01;1.264522e-01;8.054209e-01;1.970731e-01;8.589288e-01;1.671445e-01;9.032718e-01;9.148435e-02;9.685416e-01;1.552540e-01;1.085903e+00;2.483234e-01;1.191696e+00;1.539671e-01;1.108337e+00;2.551494e-01;1.236010e+00;2.364386e-01;1.303151e+00;3.869570e-01;1.401552e+00;5.577902e-01;1.508628e+00;8.237428e-01;1.644987e+00;4.074758e-01;1.411532e+00;4.972277e-01;1.443948e+00;3.607301e-01;1.340458e+00;2.764898e-01;1.194380e+00;2.464337e-01;1.052670e+00;1.888945e-01;8.717251e-01;1.664223e-01;7.187090e-01;1.411057e-01;5.819321e-01;5.047081e-01;1.191010e+00;5.194224e-02;1.106115e-01;3.875977e+01;1.507324e+02;4.180647e+01;2.559580e+02;2.833378e+01;3.499863e+02;8.803204e+01;4.819131e+02;6.876544e-02;3.733034e-01;3.746378e+01;3.281696e+02;2.107195e-01;3.519119e+00;4.755636e+04;1.387724e+05;1.113229e+00;4.655084e+00;3.040718e+01;5.586456e+01;7.688950e-02;-3.087524e-01;3.152154e-02;3.271062e-01;1.913410e-01;4.817312e-01;3.547196e+00;4.842303e+01;3.548394e+00;-1.778838e+01;7.794699e+00;2.977907e+01;5.931176e+00;1.618084e+01;6.262435e+00;-1.259045e+01;4.608620e+00;-5.567527e+00;5.294393e+00;-1.507517e+01;8.253511e+00;-7.476869e+00;4.884528e+00;6.714856e+00;7.994824e+00;-4.487155e+00;5.839945e+00;-1.251261e+00;5.693923e+00;4.938203e+00;4.570361e+00;7.388920e-01;4.280414e+00;-1.392187e-03;3.255350e-06;-3.763833e-07;6.938652e-08;3.059000e-09;1.922959e-07;-5.439735e-10;2.187532e-07;1.230306e-08;6.594257e-07;8.850251e-09;1.226615e-05;-2.012221e-09;4.719619e-02;-3.242269e-03;4.573311e-02;-1.969451e-04;1.797378e-03;-2.539806e-04;9.011711e-04;-4.535148e-06;1.663849e-03;2.340369e-04;3.210624e-03;-4.934047e-04;1.185477e-02;-1.609566e-03;1.511172e-02;-7.115570e-04;1.348367e-02;7.725442e-04;2.622179e-02;1.625034e-03;3.264163e-02;1.571250e-03;5.739038e-02;-1.258113e-03;4.914051e-02;-2.807466e-03;2.974295e-02;-2.654130e-04;3.386649e-02;-6.179682e-04;6.234668e-02;-2.839562e-03;4.176873e-02;-5.565997e-05;7.259803e-02;5.252797e-04;6.543756e-02;6.069033e-04;9.411004e-02;-7.737482e-04;1.355073e-01;-1.812307e-03;1.998281e-01;-3.764165e-04;1.101230e-01;9.556443e-04;1.169606e-01;2.048855e-03;9.357076e-02;5.118248e-04;7.770556e-02;1.420464e-03;6.215590e-02;-5.644400e-04;5.029543e-02;-3.176665e-04;4.629739e-02;-4.747492e-04;3.916294e-02;-4.143768e-04;9.308166e-02;-8.703706e-03;1.448187e-02;-5.428692e-04;7.012173e+00;-8.613281e-01;8.406227e+00;1.435547e-01;8.287210e+00;4.163086e-01;2.532205e+01;-1.004883e-01;1.986987e-02;-1.582532e-03;1.021654e+01;-2.351874e-02;4.013304e-02;-3.860624e-04;1.386907e+04;2.338439e+02;2.324939e-01;8.226082e-04;8.703530e+00;8.302863e-02;1.519601e-02;1.976022e-03;7.951091e-03;-5.970629e-05;3.665612e-02;-1.572603e-03;9.549899e-01;-3.071282e-02;1.008967e+00;3.288813e-02;1.747805e+00;7.528163e-02;1.434314e+00;-1.135543e-02;1.198648e+00;-4.448509e-02;1.401775e+00;-5.569115e-02;1.290531e+00;-3.719010e-02;1.317160e+00;2.634136e-02;1.128120e+00;1.703232e-01;1.437003e+00;1.745401e-01;1.186141e+00;2.486143e-02;1.707906e+00;-2.230959e-02;1.211030e+00;-2.650272e-02;8.749989e-01;6.996991e-02
86.500000;7.407933e-01;9.704693e+01;6.172782e-03;8.096828e-01;1.308092e-02;1.599038e-02;1.249926e-02;1.486454e-02;5.229186e-02;1.159607e-01;1.201277e+00;1.011734e+01;2.144472e-01;1.303682e+00;1.933628e-01;9.965639e-01;1.060622e-02;7.629369e-02;3.402324e-03;1.982489e-02;9.548060e-03;1.338603e-01;2.753413e-02;2.738413e-01;6.094342e-02;4.299684e-01;8.879603e-02;5.660548e-01;9.082726e-02;6.576537e-01;9.864958e-02;7.080883e-01;1.263296e-01;7.950542e-01;2.046537e-01;8.740711e-01;1.702849e-01;9.088693e-01;1.822927e-01;9.938186e-01;1.731628e-01;1.051118e+00;3.021194e-01;1.193289e+00;3.026560e-01;1.202708e+00;3.674498e-01;1.293108e+00;2.038224e-01;1.260510e+00;3.593026e-01;1.364399e+00;5.248967e-01;1.468713e+00;7.021964e-01;1.553747e+00;5.965915e-01;1.549339e+00;5.316076e-01;1.504457e+00;3.864359e-01;1.428476e+00;3.131466e-01;1.287341e+00;2.282072e-01;1.103046e+00;1.954235e-01;9.248989e-01;1.749256e-01;7.634208e-01;1.483610e-01;6.208124e-01;4.944270e-01;1.074869e+00;5.461643e-02;8.754174e-02;3.234157e+01;1.237441e+02;4.439973e+01;2.410283e+02;2.373259e+01;3.283096e+02;8.295660e+01;4.207588e+02;7.051335e-02;3.464010e-01;3.822388e+01;2.924456e+02;1.837917e-01;3.320626e+00;4.914432e+04;1.169353e+05;1.970335e+00;5.800722e+00;1.029832e+02;1.082726e+02;8.056781e-02;-2.876153e-01;3.130753e-02;2.943482e-01;2.129113e-01;4.129991e-01;3.542547e+00;4.616678e+01;5.269426e+00;-1.395949e+01;7.387432e+00;3.428936e+01;4.962098e+00;2.055346e+01;7.451014e+00;-8.690846e+00;4.419119e+00;-8.151901e+00;4.195172e+00;-1.909678e+01;7.853852e+00;-8.567818e+00;5.082884e+00;8.175056e+00;7.805673e+00;-2.086806e+00;5.405282e+00;-3.143474e+00;5.698148e+00;5.950879e+00;4.672286e+00;3.129075e+00;3.114766e+00;2.392821e+00;6.992797e-06;-1.513672e-07;6.485628e-08;-3.941740e-10;1.778392e-07;3.659732e-09;1.621953e-07;6.484073e-10;5.901069e-07;-1.417071e-08;1.496401e-05;5.052149e-07;4.758133e-02;-2.577669e-03;4.750608e-02;-3.577940e-04;1.992991e-03;-8.157037e-05;8.431832e-04;2.469135e-05;1.242107e-03;-3.409453e-04;4.358810e-03;9.575380e-05;1.075281e-02;-1.844140e-04;1.628586e-02;6.047675e-05;2.395570e-02;1.895787e-04;2.315673e-02;-6.084747e-06;2.647409e-02;-2.120730e-04;4.290653e-02;2.154987e-03;3.265242e-02;3.210893e-04;3.848589e-02;-1.469533e-03;2.673998e-02;-4.866786e-03;6.856816e-02;-5.898444e-03;7.449739e-02;-2.267295e-04;9.634649e-02;-7.466537e-06;5.936931e-02;-1.815793e-03;8.777626e-02;-7.427380e-04;1.256708e-01;-6.339209e-04;1.652638e-01;4.077987e-04;1.347686e-01;-4.121393e-03;1.130124e-01;-3.133915e-03;1.031369e-01;-2.030815e-03;9.561887e-02;1.517271e-03;7.101345e-02;3.554934e-03;6.349371e-02;3.035455e-03;5.727000e-02;2.719803e-03;4.850072e-02;2.331265e-03;8.691381e-02;-7.711832e-04;1.383575e-02;-6.734023e-04;6.557732e+00;2.583984e-01;9.984391e+00;-1.148437e-01;7.926819e+00;-5.167969e-01;2.905982e+01;-1.636523e+00;2.035688e-02;4.310421e-04;1.121826e+01;-4.431586e-01;4.406571e-02;-3.772580e-03;1.521532e+04;-3.240661e+02;4.763669e-01;2.744185e-02;2.605514e+01;1.027732e+00;1.408554e-02;3.751769e-04;8.718285e-03;-3.756441e-04;3.920314e-02;-7.806669e-04;1.015130e+00;-7.719488e-02;1.355941e+00;1.149420e-01;1.496157e+00;5.212008e-02;1.263053e+00;5.181632e-02;1.327668e+00;-1.857736e-02;1.051438e+00;-2.538003e-02;1.098516e+00;3.745116e-02;1.240162e+00;-2.759628e-02;1.209767e+00;-5.323589e-02;1.442561e+00;-1.298682e-01;1.184988e+00;-8.663492e-02;1.652052e+00;8.128089e-02;1.185569e+00;5.131673e-02;9.966708e-01;5.309824e-02
87.000000;9.056798e-01;9.684004e+01;2.494686e-02;7.912802e-01;6.938441e-02;5.151289e-02;6.454442e-02;4.440683e-02;8.417349e-02;1.733015e-01;2.315145e+00;9.144854e+00;3.428348e-01;1.412787e+00;2.247762e-01;1.075488e+00;2.100245e-02;8.394623e-02;3.610903e-03;2.040187e-02;9.205893e-03;1.333956e-01;3.715586e-02;2.965024e-01;9.457432e-02;4.421378e-01;8.525584e-02;5.489933e-01;1.167091e-01;6.764308e-01;1.194451e-01;7.872620e-01;1.290725e-01;8.663577e-01;2.230018e-01;9.973582e-01;2.329801e-01;1.074825e+00;2.553855e-01;1.150694e+00;2.870085e-01;1.187400e+00;2.816749e-01;1.266255e+00;3.837604e-01;1.370911e+00;4.800645e-01;1.420001e+00;3.944688e-01;1.443789e+00;3.944978e-01;1.470264e+00;4.152437e-01;1.509976e+00;7.325545e-01;1.622266e+00;6.239458e-01;1.658860e+00;6.316363e-01;1.659383e+00;4.400145e-01;1.485562e+00;3.332346e-01;1.342331e+00;2.333483e-01;1.150452e+00;2.102724e-01;9.610097e-01;2.011046e-01;7.933239e-01;1.711432e-01;6.469567e-01;5.213596e-01;1.005670e+00;1.281011e-01;1.441033e-01;2.500449e+01;1.192939e+02;4.046206e+01;2.104512e+02;3.326754e+01;2.962969e+02;2.206298e+02;4.945459e+02;2.557613e-01;4.631992e-01;4.121823e+01;2.897649e+02;1.352531e-01;3.285006e+00;6.497238e+04;1.404924e+05;2.075495e+00;5.501511e+00;1.088541e+02;1.022841e+02;1.832871e-01;-3.603813e-01;3.029434e-02;2.847363e-01;2.798606e-01;4.511252e-01;2.701972e+00;4.476874e+01;6.636928e+00;-1.553311e+01;6.200499e+00;3.630004e+01;5.588461e+00;2.198511e+01;8.035775e+00;-4.820969e+00;5.632028e+00;-6.192998e+00;4.879915e+00;-1.828391e+01;5.109732e+00;-6.709649e+00;5.731606e+00;5.989115e+00;8.374206e+00;-3.441928e+00;3.492026e+00;-2.650185e+00;5.505062e+00;4.731711e+00;3.908270e+00;2.401083e+00;4.447190e+00;1.044457e+00;1.028863e-05;-1.895774e-07;8.686046e-08;-2.865710e-08;4.715746e-07;6.393738e-08;5.491732e-07;4.820850e-08;8.499189e-07;4.976294e-08;1.472495e-05;-1.605896e-06;6.238841e-02;5.691441e-03;5.526916e-02;1.646236e-03;3.714465e-03;4.553002e-04;8.841679e-04;8.062483e-06;2.916027e-03;1.073923e-04;9.429213e-03;8.425320e-04;1.798292e-02;1.463828e-03;1.969692e-02;6.014162e-04;2.960451e-02;-1.121131e-04;2.562217e-02;-1.585513e-03;2.896502e-02;-1.997948e-04;4.624625e-02;3.950961e-03;5.053820e-02;9.152361e-03;5.361557e-02;3.405461e-03;5.337598e-02;2.515200e-03;8.112682e-02;1.886363e-03;8.926634e-02;1.285459e-03;1.184991e-01;-1.516562e-03;1.022813e-01;-4.135515e-03;9.752028e-02;-1.605949e-03;1.068683e-01;-1.430943e-03;1.675748e-01;4.290598e-04;1.491581e-01;2.124911e-04;1.342179e-01;2.149535e-03;1.251807e-01;4.958618e-03;1.053367e-01;4.966695e-03;7.296136e-02;4.430973e-03;6.812614e-02;4.311834e-03;6.448098e-02;3.679135e-03;5.443032e-02;3.039181e-03;9.697444e-02;7.000984e-03;2.519130e-02;1.760744e-03;5.389919e+00;3.301758e-01;9.789661e+00;-8.182617e-01;7.615167e+00;-8.613281e-01;5.922865e+01;1.119727e+00;5.933246e-02;6.508977e-03;1.066864e+01;-2.528288e-01;3.856500e-02;-9.352097e-04;1.557348e+04;9.406890e+01;5.224579e-01;2.329801e-03;2.807183e+01;2.042186e-01;2.921354e-02;-4.205885e-03;8.112448e-03;-3.334570e-04;5.595812e-02;5.220096e-03;9.277822e-01;-2.151544e-02;1.573112e+00;-2.340781e-02;1.555154e+00;-7.705875e-02;1.412062e+00;-3.788526e-02;1.688834e+00;3.241037e-01;1.161495e+00;1.582937e-01;1.352617e+00;-4.705658e-04;1.130338e+00;4.873195e-02;1.426675e+00;-1.790835e-01;1.582181e+00;-1.747641e-01;1.037920e+00;-8.332738e-02;1.635125e+00;-2.164340e-02;8.923649e-01;5.649265e-02;1.149511e+00;-5.394734e-02
87.500000;4.900727e+00;9.447426e+01;2.884837e-02;7.522723e-01;1.011621e-01;1.475319e-01;8.235332e-02;9.167331e-02;1.172436e-01;1.865602e-01;2.227705e+00;6.327773e+00;2.895952e-01;1.717786e+00;1.964743e-01;1.071161e+00;1.967910e-02;1.055380e-01;3.069322e-03;2.079995e-02;8.600782e-03;1.313903e-01;3.597371e-02;2.894503e-01;8.309679e-02;4.510327e-01;7.866754e-02;5.721543e-01;9.262929e-02;6.732562e-01;1.383047e-01;8.091436e-01;9.585664e-02;8.999428e-01;1.739301e-01;1.032192e+00;2.589077e-01;1.181374e+00;2.299241e-01;1.200451e+00;2.459395e-01;1.319902e+00;2.461408e-01;1.271326e+00;3.004928e-01;1.380461e+00;3.933319e-01;1.347174e+00;3.882499e-01;1.433496e+00;3.525411e-01;1.467005e+00;3.806711e-01;1.497673e+00;6.581087e-01;1.511256e+00;5.566033e-01;1.543072e+00;7.340142e-01;1.579086e+00;4.057816e-01;1.431782e+00;2.963527e-01;1.303389e+00;2.112678e-01;1.139254e+00;1.876250e-01;9.531071e-01;1.760051e-01;7.888787e-01;1.480829e-01;6.429413e-01;6.750021e-01;1.522532e+00;1.270234e-01;2.589195e-01;3.190533e+01;1.432676e+02;3.225958e+01;2.080107e+02;2.370000e+01;2.853867e+02;2.231752e+02;5.522549e+02;3.479156e-01;8.279676e-01;3.504578e+01;3.090269e+02;1.458641e-01;3.330845e+00;5.416746e+04;1.554085e+05;1.143234e+00;4.486590e+00;4.592043e+01;5.631673e+01;1.800045e-01;-5.448440e-01;2.846424e-02;3.006328e-01;3.421177e-01;7.619041e-01;2.889386e+00;4.584794e+01;4.157384e+00;-1.933386e+01;8.073265e+00;3.134751e+01;5.150463e+00;2.148055e+01;7.120972e+00;1.433403e+00;5.046004e+00;-4.552016e-01;5.185821e+00;-1.777845e+01;4.119001e+00;-8.363468e+00;6.808422e+00;7.859555e-01;7.210578e+00;-5.741735e+00;5.118334e+00;-5.013080e+00;8.661603e+00;-1.078307e+00;4.144518e+00;2.700736e+00;6.310938e+00;1.370532e+00;4.796692e-05;-2.433376e-06;9.310252e-08;-2.883929e-08;9.283245e-07;1.063638e-07;9.904016e-07;7.302502e-08;1.420683e-06;9.033272e-08;1.278103e-05;-1.270266e-06;6.002620e-02;3.046170e-03;4.781792e-02;-9.250159e-04;3.520130e-03;4.007477e-04;8.752295e-04;4.787113e-06;2.900234e-03;4.271673e-05;9.010134e-03;-1.738982e-04;1.675553e-02;3.786457e-04;1.854925e-02;6.598615e-04;2.463124e-02;3.354888e-04;2.960410e-02;-2.729500e-05;2.700789e-02;-1.234239e-03;4.318185e-02;-2.033348e-03;7.197455e-02;-3.093727e-03;5.544686e-02;-9.252222e-04;5.911127e-02;-3.411944e-04;8.439704e-02;1.437789e-03;6.856874e-02;1.983221e-04;8.859546e-02;-7.746497e-04;1.027540e-01;-2.542845e-03;8.794618e-02;-2.235851e-03;9.342065e-02;-2.485570e-03;1.484988e-01;-4.087384e-04;1.350230e-01;-3.218284e-03;1.541740e-01;-5.425523e-04;1.144852e-01;3.640824e-04;8.410164e-02;-5.263536e-04;5.896999e-02;-1.592986e-03;5.741916e-02;-1.920779e-03;5.410029e-02;-1.895133e-03;4.482994e-02;-1.494626e-03;1.179214e-01;1.365915e-02;3.082604e-02;9.025242e-04;6.000586e+00;3.732422e-01;6.396099e+00;3.158203e-01;6.986425e+00;-1.004883e-01;6.636820e+01;-1.579102e-01;8.271296e-02;8.030678e-03;8.975540e+00;7.211962e-02;3.940184e-02;-1.190823e-03;1.267951e+04;-4.482032e+02;3.664590e-01;-1.049422e-02;1.564810e+01;-4.315735e-01;3.172133e-02;-3.360769e-03;6.892534e-03;1.625105e-04;6.982922e-02;5.165640e-03;6.584139e-01;6.656950e-02;1.265389e+00;-3.829189e-02;1.602924e+00;-1.046917e-01;1.320617e+00;3.631069e-02;1.591775e+00;1.482370e-01;1.381653e+00;-6.895613e-02;1.443920e+00;-5.039171e-02;1.281467e+00;-3.462123e-02;1.563953e+00;-3.583332e-02;1.477818e+00;1.924094e-02;1.321982e+00;-9.034986e-02;1.935024e+00;-2.533922e-02;9.141647e-01;2.866403e-02;1.349800e+00;-5.658222e-02
88.000000;5.276057e+00;9.520351e+01;2.157710e-02;7.489098e-01;8.961979e-02;1.521765e-01;6.837090e-02;7.828630e-02;1.173996e-01;1.817845e-01;1.454298e+00;5.782853e+00;1.368457e-01;1.887352e+00;1.158351e-01;1.032766e+00;4.155359e-03;1.169090e-01;2.339148e-03;2.041572e-02;4.741239e-03;1.291457e-01;1.654238e-02;2.788773e-01;2.230026e-02;4.221199e-01;4.126890e-02;5.707570e-01;7.632308e-02;6.913779e-01;1.382523e-01;7.479050e-01;8.149675e-02;8.736992e-01;1.305541e-01;1.000098e+00;2.523440e-01;1.107996e+00;1.861468e-01;1.114814e+00;2.107922e-01;1.139442e+00;1.679746e-01;1.224862e+00;1.351966e-01;1.295616e+00;1.322381e-01;1.256569e+00;1.832421e-01;1.320735e+00;2.372778e-01;1.416777e+00;2.735613e-01;1.421114e+00;3.362003e-01;1.438229e+00;7.764630e-01;1.691259e+00;7.455619e-01;1.598748e+00;3.938224e-01;1.428670e+00;3.826334e-01;1.317787e+00;1.286875e-01;1.083323e+00;1.351746e-01;9.155533e-01;1.184248e-01;7.554011e-01;9.857511e-02;6.110327e-01;3.620785e-01;1.866005e+00;8.486208e-02;3.138943e-01;1.367542e+01;1.643701e+02;1.777935e+01;2.252373e+02;1.832784e+01;3.057715e+02;1.715790e+02;5.432109e+02;2.514486e-01;1.005172e+00;2.376202e+01;3.224940e+02;1.355912e-01;3.390205e+00;3.479701e+04;1.477644e+05;8.804089e-01;4.353769e+00;3.349703e+01;5.151800e+01;7.220709e-02;-6.502041e-01;1.786150e-02;3.167811e-01;1.800643e-01;1.016252e+00;2.809753e+00;4.572397e+01;3.506191e+00;-1.967186e+01;7.217571e+00;2.909916e+01;6.520157e+00;1.730716e+01;4.320903e+00;6.933371e+00;6.415149e+00;3.468535e-01;4.329918e+00;-1.882143e+01;6.732471e+00;-5.896335e+00;5.848915e+00;-6.155155e+00;5.049040e+00;-1.233935e+01;3.764997e+00;-8.281651e+00;9.220003e+00;-9.371749e-02;4.539847e+00;8.211251e+00;6.939669e+00;5.412137e+00;5.084320e-05;9.927353e-07;7.941221e-08;1.933721e-08;9.218918e-07;-5.004681e-08;9.215825e-07;-5.235725e-08;1.623653e-06;-6.485752e-08;1.505824e-05;1.082213e-06;4.130795e-02;5.687067e-04;3.030689e-02;-1.448581e-03;1.419521e-03;1.543624e-05;8.212034e-04;-8.440420e-06;1.257631e-03;-2.046423e-05;3.617394e-03;-2.085290e-04;5.167575e-03;-5.408933e-04;1.094864e-02;-2.935453e-04;1.855886e-02;-1.147974e-04;2.973230e-02;3.916274e-04;1.993381e-02;-1.681341e-03;3.582140e-02;-2.062176e-03;6.256491e-02;-5.718743e-03;4.064620e-02;-2.600149e-03;3.602683e-02;-2.625626e-03;6.203802e-02;2.960097e-03;4.273675e-02;1.377512e-03;3.372351e-02;1.866229e-03;5.327567e-02;2.768481e-03;5.537045e-02;1.458296e-04;6.876820e-02;2.519199e-04;8.780900e-02;-7.608695e-04;1.684124e-01;-3.691343e-03;1.577051e-01;-4.339283e-03;8.319934e-02;-5.492497e-03;8.276043e-02;-6.490312e-03;4.702545e-02;-2.703143e-03;5.045836e-02;-3.023146e-03;4.437670e-02;-2.725536e-03;3.674786e-02;-2.332376e-03;1.036991e-01;-2.564626e-03;2.622628e-02;1.225510e-03;5.019798e+00;2.153320e-01;5.818394e+00;7.177734e-02;6.462752e+00;7.177734e-02;5.479823e+01;-7.321289e-01;7.251979e-02;-3.295345e-03;8.093900e+00;3.016984e-01;3.992344e-02;9.571537e-04;1.020250e+04;1.954706e+02;2.840466e-01;-1.878726e-02;1.126098e+01;-5.255082e-01;1.955819e-02;-1.201127e-04;6.311711e-03;2.589141e-04;6.241678e-02;1.292420e-03;6.345817e-01;2.660318e-02;1.084730e+00;-1.422879e-02;1.444222e+00;-6.318216e-02;1.481415e+00;1.164517e-01;1.116632e+00;-5.821873e-02;1.517904e+00;-5.302269e-02;1.131452e+00;1.743662e-02;1.453304e+00;1.087487e-02;1.375212e+00;3.589935e-02;1.092425e+00;-1.080111e-01;1.122018e+00;-3.319118e-02;1.714573e+00;5.020697e-02;9.738244e-01;1.035729e-01;1.372939e+00;6.653336e-02
88.500000;7.668167e-01;9.822791e+01;1.600116e-02;7.733517e-01;5.349416e-02;6.812645e-02;2.629797e-02;3.679318e-02;9.569083e-02;1.874989e-01;1.475201e+00;7.262297e+00;1.449280e-01;1.880426e+00;1.328444e-01;1.023887e+00;3.478139e-03;1.160428e-01;3.035078e-03;2.088561e-02;3.788510e-03;1.283807e-01;1.271893e-02;2.776621e-01;1.431993e-02;4.146262e-01;2.624745e-02;5.475705e-01;6.682124e-02;7.006388e-01;1.634879e-01;7.981290e-01;8.256216e-02;8.386444e-01;1.452644e-01;9.448617e-01;2.306663e-01;1.009886e+00;1.672381e-01;1.057914e+00;1.576514e-01;1.069835e+00;1.868152e-01;1.174011e+00;1.475417e-01;1.238892e+00;1.951112e-01;1.333543e+00;2.931661e-01;1.408855e+00;2.843958e-01;1.432797e+00;3.265572e-01;1.447051e+00;6.250116e-01;1.630822e+00;7.068976e-01;1.602751e+00;5.276656e-01;1.484378e+00;4.094081e-01;1.422972e+00;4.156547e-01;1.293163e+00;1.619345e-01;1.084040e+00;1.620542e-01;9.183421e-01;1.395760e-01;7.537020e-01;1.167065e-01;6.076027e-01;3.623533e-01;1.607598e+00;8.239046e-02;3.130297e-01;1.083814e+01;1.650879e+02;1.518969e+01;2.156191e+02;2.161678e+01;3.079248e+02;1.763966e+02;5.459385e+02;2.377198e-01;8.946439e-01;2.691325e+01;3.229661e+02;1.242691e-01;3.379764e+00;3.767429e+04;1.532535e+05;6.659858e-01;4.073355e+00;1.789936e+01;4.035512e+01;6.712689e-02;-6.403548e-01;2.025943e-02;3.154782e-01;1.700063e-01;1.048608e+00;3.365879e+00;4.651212e+01;3.112399e+00;-1.926427e+01;6.077469e+00;2.827912e+01;6.591616e+00;1.852484e+01;6.540580e+00;4.268502e+00;7.426422e+00;-2.966409e+00;4.356519e+00;-1.692071e+01;7.165473e+00;-3.361807e+00;7.126473e+00;-4.638789e+00;4.702798e+00;-1.431543e+01;4.450940e+00;-6.280975e+00;6.173156e+00;5.556825e+00;6.290284e+00;6.900635e+00;7.189942e+00;3.222187e+00;1.900489e-05;1.861336e-06;7.112070e-08;1.332916e-08;4.898640e-07;-8.413975e-08;4.167275e-07;-7.779013e-08;1.520745e-06;-9.188627e-08;1.504402e-05;1.688098e-07;4.174462e-02;1.355171e-03;3.310922e-02;6.979494e-04;1.104495e-03;-1.787974e-05;8.467394e-04;-7.180653e-06;8.915581e-04;-4.606474e-05;2.571779e-03;7.020975e-05;4.310366e-03;-1.938662e-04;7.193442e-03;-9.055255e-05;1.638872e-02;-4.402655e-04;2.999245e-02;-1.817733e-03;2.166108e-02;1.790068e-03;3.389870e-02;2.293073e-03;5.860281e-02;4.123252e-03;4.169168e-02;3.734659e-03;4.090533e-02;4.462819e-03;5.667940e-02;-3.324458e-03;5.362913e-02;1.296855e-03;5.899834e-02;1.583656e-03;8.064848e-02;2.196873e-03;6.474274e-02;1.865983e-03;8.164058e-02;1.642226e-03;1.474127e-01;1.078793e-03;1.479755e-01;-8.178830e-04;1.080822e-01;-8.689255e-04;8.672111e-02;-2.063981e-03;9.074712e-02;-1.244559e-03;4.650301e-02;5.058674e-04;4.749682e-02;1.112771e-03;4.188713e-02;7.339463e-04;3.587573e-02;5.639163e-04;7.245787e-02;-6.230214e-03;2.696162e-02;5.228419e-04;3.934970e+00;1.148437e-01;5.123917e+00;-2.871094e-01;8.461827e+00;1.004883e-01;5.846550e+01;2.583984e-01;5.723054e-02;-1.221117e-03;9.011808e+00;1.150166e-01;3.531644e-02;-5.252066e-04;1.188218e+04;3.009026e+02;2.142438e-01;-5.686481e-03;6.357924e+00;-2.719173e-01;1.483642e-02;3.017694e-04;6.841576e-03;4.643678e-05;5.487731e-02;2.715434e-03;7.362381e-01;-2.480103e-03;1.010606e+00;-2.823178e-02;1.408557e+00;-5.039285e-02;1.572657e+00;4.026595e-02;1.257159e+00;-8.599173e-02;1.626527e+00;1.277811e-01;1.153010e+00;1.286206e-01;1.578702e+00;-7.573614e-02;1.598626e+00;-5.691566e-02;1.216659e+00;-1.092196e-01;1.176861e+00;8.138773e-02;1.573474e+00;7.508449e-02;1.146927e+00;-7.631031e-02;1.178954e+00;-2.820728e-02
89.000000;6.899402e-01;9.823103e+01;1.347567e-02;7.749276e-01;2.911024e-02;4.137361e-02;1.706664e-02;2.132292e-02;9.665342e-02;1.610199e-01;1.201411e+00;7.436908e+00;1.444969e-01;1.791012e+00;1.185875e-01;9.866706e-01;5.926481e-03;1.102922e-01;3.020633e-03;2.082515e-02;5.770466e-03;1.299258e-01;1.437621e-02;2.654978e-01;1.621309e-02;4.076633e-01;2.416153e-02;5.421404e-01;4.876969e-02;6.626841e-01;1.399719e-01;8.430368e-01;1.290161e-01;8.678212e-01;1.211083e-01;9.267461e-01;2.664250e-01;1.067327e+00;1.770703e-01;1.098923e+00;1.588218e-01;1.116202e+00;2.649929e-01;1.154861e+00;1.440328e-01;1.147137e+00;2.306026e-01;1.244627e+00;3.164079e-01;1.333874e+00;2.778217e-01;1.352968e+00;4.353614e-01;1.457465e+00;7.204853e-01;1.582854e+00;3.040059e-01;1.346787e+00;2.308757e-01;1.349587e+00;2.428668e-01;1.309890e+00;2.656813e-01;1.181771e+00;2.005629e-01;1.053148e+00;1.932401e-01;8.916365e-01;1.674594e-01;7.287930e-01;1.392719e-01;5.900686e-01;2.851768e-01;1.285358e+00;9.196763e-02;3.005014e-01;1.983965e+01;1.507324e+02;1.357256e+01;2.054268e+02;3.369440e+01;3.090732e+02;2.292539e+02;6.052266e+02;1.620895e-01;7.849512e-01;3.385741e+01;3.179531e+02;1.649491e-01;3.414368e+00;3.909047e+04;1.438686e+05;1.166890e+00;4.001095e+00;5.645066e+01;4.955273e+01;7.568465e-02;-5.701988e-01;2.740465e-02;3.118084e-01;1.966676e-01;9.223733e-01;3.384040e+00;4.950777e+01;4.602320e+00;-1.911793e+01;6.613555e+00;2.227481e+01;6.261370e+00;2.112847e+01;5.937791e+00;8.132242e-01;1.014484e+01;5.697530e-01;5.239924e+00;-1.222547e+01;7.774035e+00;-8.624602e+00;5.939024e+00;-1.002930e+00;4.978040e+00;-1.038089e+01;4.666603e+00;-2.038536e+00;6.686385e+00;9.137734e+00;4.784701e+00;3.160692e+00;4.532591e+00;-2.982064e+00;7.589486e-06;-4.112975e-07;6.457518e-08;-6.174767e-09;3.231124e-07;1.446900e-11;2.076421e-07;6.952630e-09;1.432105e-06;-4.784499e-09;1.231648e-05;-1.690894e-07;4.040224e-02;-1.349373e-03;2.719253e-02;4.088031e-04;1.030736e-03;-1.479421e-04;8.527941e-04;1.410935e-05;1.030199e-03;-1.033676e-05;2.277550e-03;-4.335059e-04;3.470593e-03;-5.289246e-04;7.555341e-03;-7.033514e-05;1.401272e-02;4.765365e-04;3.019524e-02;1.414438e-03;2.756535e-02;2.483552e-03;2.552257e-02;1.895462e-03;7.173441e-02;8.316452e-04;5.049541e-02;9.788683e-04;5.359361e-02;1.734627e-03;9.154761e-02;-2.821352e-03;5.372752e-02;-4.246016e-03;5.863980e-02;-3.694861e-03;8.321224e-02;4.855360e-04;6.712590e-02;1.523949e-03;1.033882e-01;1.117283e-03;1.672434e-01;2.342594e-03;7.327820e-02;2.223067e-03;4.618872e-02;1.168968e-03;6.117976e-02;8.281195e-04;6.132355e-02;1.943141e-03;5.417533e-02;-5.978506e-05;5.366343e-02;2.132349e-04;4.767734e-02;3.775988e-04;4.073423e-02;4.553554e-04;5.731600e-02;-4.759645e-03;3.217540e-02;-7.472509e-04;3.491538e+00;-5.455078e-01;4.011191e+00;-7.177734e-02;9.121045e+00;7.464844e-01;7.200903e+01;5.124902e+00;4.890155e-02;-5.184256e-04;1.005074e+01;9.615352e-02;3.803786e-02;3.125210e-03;1.163351e+04;-2.854672e+02;3.554404e-01;-6.621560e-03;1.747686e+01;-4.790855e-02;1.299139e-02;2.227982e-03;7.922405e-03;1.761055e-04;5.284148e-02;-2.249687e-03;8.014603e-01;6.340137e-02;1.453159e+00;1.721013e-03;1.603672e+00;-1.067109e-01;1.161802e+00;-1.818422e-01;1.480690e+00;-7.637426e-02;1.696413e+00;2.149258e-01;1.291964e+00;1.097565e-01;1.902556e+00;-1.401046e-01;1.779824e+00;4.428454e-02;1.440140e+00;2.118772e-01;1.407365e+00;1.062307e-01;2.164595e+00;3.470131e-03;1.228510e+00;-8.489825e-02;1.367792e+00;-2.351114e-02
89.500000;1.718310e+00;9.745552e+01;1.048865e-02;7.632839e-01;1.154308e-01;1.180229e-01;6.879018e-02;5.385811e-02;1.617180e-01;1.962074e-01;1.161145e+00;6.288064e+00;1.375856e-01;1.733568e+00;1.285100e-01;9.990239e-01;1.506001e-02;9.186258e-02;4.380661e-03;2.424666e-02;8.091242e-03;1.266710e-01;1.942695e-02;2.473749e-01;2.415780e-02;3.776057e-01;3.431364e-02;5.439270e-01;5.454299e-02;6.655847e-01;1.152581e-01;7.896872e-01;1.225988e-01;9.286270e-01;1.128694e-01;1.002475e+00;2.115584e-01;1.067075e+00;1.434004e-01;1.091335e+00;1.398409e-01;1.108005e+00;2.493370e-01;1.171875e+00;1.737220e-01;1.143674e+00;3.229297e-01;1.255093e+00;3.231257e-01;1.324867e+00;3.503885e-01;1.393451e+00;4.811228e-01;1.508165e+00;6.981629e-01;1.581213e+00;4.313998e-01;1.477516e+00;4.481285e-01;1.501517e+00;2.398515e-01;1.311770e+00;2.137998e-01;1.180143e+00;2.039907e-01;1.041572e+00;1.779124e-01;8.624884e-01;1.603227e-01;7.026856e-01;1.357493e-01;5.702249e-01;2.447221e-01;9.523935e-01;8.661300e-02;2.686435e-01;1.959719e+01;1.375254e+02;5.772452e+01;2.444736e+02;1.328780e+02;4.157344e+02;2.768968e+02;8.540068e+02;1.401580e-01;6.910922e-01;7.662728e+01;3.717469e+02;2.388623e-01;3.690750e+00;6.762645e+04;1.708032e+05;1.333923e+00;3.332419e+00;5.842751e+01;4.293933e+01;1.310648e-01;-4.054777e-01;6.428950e-02;3.609367e-01;1.664554e-01;6.935555e-01;3.122559e+00;5.129079e+01;6.384362e+00;-2.235859e+01;7.422125e+00;1.731276e+01;9.788983e+00;1.222749e+01;7.387182e+00;-1.624295e+00;8.674240e+00;9.859591e+00;4.976707e+00;-5.864799e+00;6.604670e+00;-9.906462e+00;5.640750e+00;6.336866e-01;4.005709e+00;-8.079861e+00;4.441619e+00;-8.320979e-02;5.845311e+00;1.036318e+01;3.874624e+00;5.094695e+00;5.350115e+00;-1.463596e-01;1.149882e-05;-6.070041e-07;7.304735e-08;-2.683164e-09;7.871453e-07;7.040857e-08;8.172352e-07;-7.815161e-10;1.916416e-06;-2.785082e-09;1.157671e-05;-5.039540e-07;4.074842e-02;-6.742381e-04;3.386017e-02;3.796773e-04;1.376186e-03;-3.701954e-04;8.923861e-04;8.944315e-06;1.132889e-03;4.309029e-05;2.939989e-03;-4.129143e-06;4.617049e-03;-2.627209e-04;1.060678e-02;-1.836849e-04;1.429753e-02;7.412147e-04;3.259648e-02;3.527033e-03;2.713417e-02;5.939360e-04;2.590761e-02;6.029049e-04;6.074832e-02;-2.022073e-03;4.254253e-02;-2.574796e-03;4.337380e-02;-2.738904e-03;8.879705e-02;4.943827e-03;5.078341e-02;-1.825506e-03;8.156706e-02;-6.268012e-04;8.816577e-02;5.736600e-04;9.139039e-02;1.138941e-03;1.216888e-01;8.617147e-04;1.703071e-01;1.144179e-03;1.088157e-01;1.101028e-03;9.652682e-02;1.459426e-03;6.871446e-02;1.961386e-04;6.162622e-02;1.142609e-03;6.317843e-02;-3.521390e-04;5.688716e-02;3.194175e-04;5.103760e-02;1.123068e-03;4.321223e-02;9.501686e-04;4.547195e-02;-6.456384e-03;2.909468e-02;-8.690109e-04;5.567331e+00;-2.009766e-01;7.185353e+00;1.248926e+00;2.564043e+01;1.492969e+00;7.111786e+01;3.990820e+00;3.948672e-02;-4.530394e-03;1.344456e+01;1.010598e+00;3.617828e-02;6.177376e-03;1.534663e+04;4.423053e+02;3.411105e-01;-1.270427e-02;1.756424e+01;-2.121291e-01;1.181233e-02;3.002597e-03;1.016014e-02;9.702260e-04;4.272012e-02;-4.757683e-03;9.450565e-01;2.833585e-02;1.687353e+00;-5.554791e-02;2.020285e+00;-7.165089e-02;1.069819e+00;-2.425170e-01;1.631595e+00;-1.244748e-01;1.601930e+00;1.389507e-01;1.349029e+00;7.376941e-02;1.847280e+00;1.089101e-01;1.460001e+00;1.368530e-01;1.379063e+00;1.259729e-01;1.230972e+00;5.141370e-02;1.945837e+00;-2.318368e-02;1.119910e+00;8.136761e-02;1.270461e+00;1.047381e-01
90.000000;6.703594e+00;9.591708e+01;1.206523e-02;7.589661e-01;1.230519e-01;1.363567e-01;7.066318e-02;6.535561e-02;1.623502e-01;2.001657e-01;9.248886e-01;5.960607e+00;1.732612e-01;1.724073e+00;1.560078e-01;1.028876e+00;1.237640e-02;8.573015e-02;4.203482e-03;2.491056e-02;1.176661e-02;1.282741e-01;4.498995e-02;2.637337e-01;9.921558e-02;4.348499e-01;5.657889e-02;5.606992e-01;5.320565e-02;6.778128e-01;1.221519e-01;7.996649e-01;9.874289e-02;8.906543e-01;1.130242e-01;9.542021e-01;1.950693e-01;9.472654e-01;1.444631e-01;9.996367e-01;2.651927e-01;1.174532e+00;2.294772e-01;1.185651e+00;2.009022e-01;1.195009e+00;3.302690e-01;1.335761e+00;3.127793e-01;1.380834e+00;4.078144e-01;1.452703e+00;5.260658e-01;1.547790e+00;7.299948e-01;1.619566e+00;4.398808e-01;1.565861e+00;4.826139e-01;1.554977e+00;3.629522e-01;1.446034e+00;2.815922e-01;1.288493e+00;2.132007e-01;1.093171e+00;1.678160e-01;9.067454e-01;1.557434e-01;7.437216e-01;1.313806e-01;6.031469e-01;5.475250e-01;1.065220e+00;9.533477e-02;2.214621e-01;3.156212e+01;1.391045e+02;5.342549e+01;2.635664e+02;1.179384e+02;4.395645e+02;2.333125e+02;8.708027e+02;1.304226e-01;6.736274e-01;7.035155e+01;3.826733e+02;1.821223e-01;3.753655e+00;6.806884e+04;1.720882e+05;9.099053e-01;3.273016e+00;2.830490e+01;3.782866e+01;1.124504e-01;-3.586375e-01;5.724953e-02;3.731164e-01;2.976888e-01;6.877487e-01;3.393987e+00;5.100670e+01;5.836071e+00;-2.220787e+01;8.576947e+00;1.824980e+01;4.227450e+00;5.728886e+00;7.218590e+00;-5.918169e+00;6.483877e+00;9.062143e+00;6.565189e+00;-4.364967e+00;7.910413e+00;-4.891944e+00;4.623084e+00;4.259578e+00;4.603152e+00;-5.629502e+00;6.063971e+00;-1.441211e+00;7.006111e+00;5.456479e+00;4.082025e+00;3.751333e+00;3.315639e+00;3.711827e+00;8.384926e-05;-1.774816e-06;1.051946e-07;-5.705512e-09;9.459484e-07;-1.412341e-09;9.377468e-07;1.583446e-08;1.953816e-06;3.514860e-08;1.064073e-05;-5.632864e-09;4.319986e-02;3.289517e-04;4.024742e-02;2.495126e-05;2.272476e-03;1.497412e-05;9.203132e-04;-6.059460e-05;2.263805e-03;-2.691809e-05;7.712931e-03;2.633346e-04;1.812266e-02;1.354703e-03;1.281345e-02;6.596925e-04;1.653038e-02;-3.652844e-04;3.481235e-02;-1.254978e-03;2.016305e-02;-4.689757e-04;2.088553e-02;-4.074205e-04;5.285506e-02;-3.000609e-03;4.019506e-02;-2.335343e-03;4.957459e-02;1.421724e-03;7.295337e-02;4.654726e-04;5.334369e-02;1.324909e-03;9.012573e-02;1.680911e-03;9.139973e-02;-1.065512e-04;9.786557e-02;1.137798e-03;1.179741e-01;1.024489e-03;1.675337e-01;4.570007e-04;1.186763e-01;-4.234078e-04;1.072985e-01;1.317819e-03;9.356265e-02;-8.347902e-04;8.187739e-02;-6.368354e-04;6.674296e-02;-7.934812e-04;5.195161e-02;-1.585777e-04;4.670740e-02;1.684478e-04;3.925342e-02;1.856128e-04;1.097866e-01;1.254829e-02;2.276505e-02;-9.958874e-04;7.993870e+00;7.751953e-01;1.053025e+01;5.024414e-01;2.714476e+01;-5.167969e-01;5.570650e+01;-4.033887e+00;3.961439e-02;2.251748e-03;1.345822e+01;-6.336865e-02;3.698894e-02;-2.665119e-03;1.508629e+04;-1.814366e+02;1.973671e-01;1.344961e-02;7.213636e+00;1.336516e-01;2.182931e-02;-8.340722e-04;1.067110e-02;-3.351856e-06;6.894956e-02;3.800303e-03;9.641124e-01;-1.240842e-02;1.288709e+00;-2.113044e-02;2.117703e+00;1.256449e-01;1.085176e+00;-8.864305e-03;1.674066e+00;-6.645752e-02;1.446168e+00;-1.431146e-01;1.453682e+00;-9.311256e-02;1.565083e+00;1.207116e-01;1.388923e+00;4.966196e-02;1.108610e+00;-3.247965e-02;1.319132e+00;-1.634946e-01;1.614025e+00;-2.021988e-01;1.057362e+00;-2.782904e-02;1.096125e+00;8.593041e-02
90.500000;1.596154e+01;9.061076e+01;1.712198e-02;7.545045e-01;9.092006e-02;6.357022e-02;1.148678e-01;7.556860e-02;1.042963e-01;1.430477e-01;1.084661e+00;6.400803e+00;1.733695e-01;1.754942e+00;1.442311e-01;1.023924e+00;8.981680e-03;9.415830e-02;2.833168e-03;2.227135e-02;1.848808e-02;1.245806e-01;4.049299e-02;2.867244e-01;7.843213e-02;4.698852e-01;5.056592e-02;5.714809e-01;6.475280e-02;6.794731e-01;1.759375e-01;8.036585e-01;5.971164e-02;8.124942e-01;8.367934e-02;8.500385e-01;2.508263e-01;9.139981e-01;2.265642e-01;1.005308e+00;3.080423e-01;1.238333e+00;2.159008e-01;1.216293e+00;1.927638e-01;1.233658e+00;2.698538e-01;1.304341e+00;1.763104e-01;1.310661e+00;3.024973e-01;1.421829e+00;4.171725e-01;1.521902e+00;6.284261e-01;1.526730e+00;3.809102e-01;1.575572e+00;3.555823e-01;1.553673e+00;3.794076e-01;1.471687e+00;3.378037e-01;1.341408e+00;1.967086e-01;1.087422e+00;1.526646e-01;9.202909e-01;1.366513e-01;7.623169e-01;1.130141e-01;6.182689e-01;5.160715e-01;1.518932e+00;1.402181e-01;2.613696e-01;4.229653e+01;1.675283e+02;3.676122e+01;2.538047e+02;4.808782e+01;3.636240e+02;2.716220e+02;8.082129e+02;1.484882e-01;6.892014e-01;5.333827e+01;3.659828e+02;1.332449e-01;3.584290e+00;4.853329e+04;1.561884e+05;8.513112e-01;3.674114e+00;2.692888e+01;4.156997e+01;8.606755e-02;-4.298716e-01;4.449282e-02;3.599555e-01;3.036538e-01;8.288683e-01;3.265381e+00;4.922406e+01;4.064023e+00;-2.050035e+01;6.760574e+00;2.402022e+01;3.364293e+00;7.280598e+00;7.223419e+00;-4.717619e+00;6.152776e+00;1.189964e+00;1.138620e+01;-1.508803e+01;7.519502e+00;-5.831164e+00;4.778338e+00;5.578528e+00;5.728272e+00;-2.771629e-01;7.598486e+00;-7.685691e+00;9.149313e+00;-5.974688e+00;5.319621e+00;1.214106e+00;6.880118e+00;4.665726e+00;1.396526e-04;-1.175605e-05;1.304026e-07;-1.010560e-08;9.867618e-07;-5.197361e-08;1.440511e-06;1.202241e-08;1.473285e-06;4.402644e-08;1.369402e-05;-2.660390e-07;4.302576e-02;5.474435e-04;3.688294e-02;-2.659590e-04;2.178109e-03;2.002719e-04;7.561231e-04;-7.054668e-06;3.010656e-03;-2.174218e-04;8.761664e-03;2.296636e-04;1.834649e-02;5.347246e-05;1.203138e-02;1.867347e-04;1.792915e-02;-2.477894e-04;4.260208e-02;-1.616229e-03;1.610485e-02;-1.819244e-03;1.803376e-02;-2.699603e-03;5.765249e-02;2.754281e-03;4.869162e-02;2.964428e-03;6.459310e-02;6.036630e-04;6.579141e-02;4.349907e-04;4.918790e-02;1.569682e-03;7.290005e-02;8.421711e-04;5.318041e-02;-1.441784e-03;6.795458e-02;-2.127216e-03;8.615255e-02;-2.012472e-03;1.376354e-01;1.154345e-03;1.060510e-01;1.430716e-03;8.102527e-02;-3.426080e-04;9.866328e-02;-8.965014e-04;9.778997e-02;-3.279397e-03;5.914632e-02;-1.616045e-04;4.572136e-02;-5.262083e-04;4.121962e-02;-9.214410e-04;3.410029e-02;-8.295653e-04;1.209518e-01;7.234989e-03;2.968893e-02;1.380404e-03;7.847913e+00;8.039063e-01;8.846976e+00;-5.742188e-01;1.462074e+01;-7.321289e-01;6.859244e+01;5.885742e-01;4.135380e-02;5.066604e-03;1.204586e+01;8.071203e-02;4.119897e-02;-4.027688e-03;1.271132e+04;-1.002711e+02;2.323212e-01;2.186787e-03;7.273283e+00;2.371271e-02;2.270826e-02;-1.417153e-03;9.844091e-03;6.096961e-05;7.086144e-02;1.568324e-03;8.402684e-01;-2.675433e-02;9.790812e-01;9.781637e-03;1.493425e+00;6.957433e-02;9.318008e-01;7.851382e-02;1.580619e+00;1.077367e-01;1.458061e+00;-1.380404e-01;1.139475e+00;-3.377195e-01;1.236797e+00;-1.244366e-01;1.546014e+00;-2.465395e-02;1.485911e+00;-5.171475e-03;1.465525e+00;-5.704758e-02;1.580173e+00;-1.492407e-01;1.196449e+00;-1.193591e-01;1.253991e+00;-1.061873e-01
91.000000;5.253080e+01;1.238813e+02;1.445227e-02;7.480574e-01;1.338905e-01;9.462093e-02;1.271353e-01;9.813447e-02;1.044758e-01;1.588751e-01;1.387803e+00;5.782384e+00;1.794234e-01;1.813423e+00;1.416115e-01;1.031423e+00;7.101663e-03;9.888838e-02;3.031687e-03;2.349584e-02;1.715722e-02;1.162855e-01;2.743093e-02;2.891457e-01;2.904280e-02;4.294685e-01;2.755700e-02;5.613742e-01;6.663097e-02;6.855580e-01;1.715349e-01;7.574612e-01;5.426920e-02;7.846541e-01;8.269954e-02;8.566960e-01;1.978423e-01;8.939891e-01;2.112927e-01;1.002583e+00;2.457821e-01;1.079737e+00;1.974190e-01;1.216997e+00;2.928079e-01;1.340893e+00;3.871990e-01;1.363170e+00;3.118100e-01;1.395171e+00;2.496764e-01;1.419368e+00;2.689519e-01;1.463965e+00;5.523596e-01;1.574313e+00;5.800735e-01;1.732314e+00;4.292699e-01;1.640660e+00;4.163936e-01;1.477172e+00;5.032461e-01;1.383922e+00;1.495468e-01;1.080953e+00;1.224822e-01;9.113147e-01;1.249870e-01;7.508231e-01;1.078416e-01;6.090145e-01;2.292647e-01;1.690011e+00;1.288301e-01;3.116461e-01;2.227458e+01;1.983926e+02;2.431589e+01;2.579678e+02;3.861168e+01;3.611836e+02;3.262064e+02;8.143857e+02;2.300406e-01;7.812697e-01;5.099947e+01;3.905793e+02;2.074275e-01;3.400665e+00;6.317732e+04;1.806077e+05;8.309638e-01;3.716427e+00;1.739207e+01;3.519680e+01;7.530394e-02;-4.662905e-01;3.868223e-02;3.793743e-01;2.243942e-01;9.128896e-01;3.688070e+00;4.563385e+01;4.139825e+00;-2.161199e+01;6.942954e+00;3.124180e+01;5.411628e+00;6.315393e+00;7.189242e+00;-1.635890e+00;9.300970e+00;-8.884980e+00;7.725902e+00;-2.961536e+01;6.600191e+00;-5.992299e+00;5.011965e+00;3.372432e+00;8.905966e+00;-3.925907e+00;4.310081e+00;-1.216295e+01;5.292572e+00;-1.106612e+01;6.023875e+00;-7.842067e-01;7.183822e+00;3.375947e+00;3.319060e-04;3.559099e-05;1.293151e-07;1.571208e-09;1.552655e-06;-7.326342e-08;1.708971e-06;-6.565947e-09;1.538425e-06;-6.839200e-09;1.502247e-05;3.889238e-08;5.243031e-02;8.308032e-04;4.062254e-02;2.121791e-04;1.403296e-03;9.236924e-05;7.944593e-04;4.585538e-05;2.834993e-03;-9.012208e-05;5.301195e-03;2.242882e-04;5.922469e-03;-6.940068e-04;1.023380e-02;-1.671144e-04;1.659985e-02;1.833811e-04;3.865772e-02;-1.208503e-03;1.444468e-02;-6.164474e-04;1.878932e-02;-8.946896e-04;5.215247e-02;7.138968e-04;4.597893e-02;5.879227e-04;4.855108e-02;-4.039526e-03;5.271324e-02;7.141730e-04;7.206266e-02;7.655065e-04;1.024039e-01;3.284503e-03;8.602329e-02;2.582466e-03;7.014339e-02;2.584446e-04;7.419448e-02;-9.467053e-04;1.347228e-01;1.926901e-03;1.486957e-01;-2.496162e-04;1.106204e-01;-1.009842e-03;1.057248e-01;-7.726727e-05;1.245564e-01;-1.366642e-03;4.697051e-02;1.945635e-03;3.880548e-02;1.388000e-03;4.193938e-02;1.272069e-03;3.597293e-02;1.029958e-03;8.343333e-02;-4.193206e-03;3.596249e-02;6.471137e-04;6.162811e+00;-1.435547e-02;6.068052e+00;-3.588867e-01;1.231666e+01;3.732422e-01;8.842266e+01;-1.105371e+00;4.834118e-02;-8.028654e-04;1.454271e+01;2.705253e-01;4.832342e-02;-3.657184e-03;1.844755e+04;6.375504e+02;2.275520e-01;-5.362770e-04;5.178616e+00;-1.032084e-01;1.560810e-02;-5.265746e-04;1.052049e-02;1.310510e-04;6.281799e-02;-8.903740e-04;7.271545e-01;-9.585706e-02;1.169699e+00;-8.320275e-03;1.367195e+00;1.252443e-01;1.426323e+00;5.946405e-02;1.742736e+00;-3.707732e-02;1.753278e+00;-2.010861e-01;1.177018e+00;-2.070421e-01;1.124149e+00;5.067792e-02;1.399577e+00;-5.801307e-02;1.548403e+00;-1.677291e-01;1.273998e+00;1.489328e-02;1.303584e+00;4.837033e-03;1.211010e+00;-6.122601e-02;1.068901e+00;-6.265163e-02
91.500000;5.165076e+01;1.297714e+02;1.053504e-02;7.525040e-01;1.315051e-01;1.075620e-01;1.122316e-01;7.935701e-02;1.336412e-01;2.093599e-01;1.442883e+00;5.657800e+00;2.502419e-01;1.674525e+00;1.374994e-01;9.759759e-01;5.958730e-03;1.057634e-01;5.032015e-03;2.030612e-02;2.072858e-02;1.274780e-01;1.691141e-02;2.883359e-01;2.165299e-02;4.306150e-01;2.407496e-02;5.459054e-01;5.689908e-02;6.584080e-01;9.735628e-02;7.182543e-01;5.167437e-02;7.705464e-01;7.008255e-02;8.639185e-01;1.305471e-01;9.296899e-01;1.062867e-01;9.776797e-01;1.020548e-01;9.721382e-01;2.049011e-01;1.128012e+00;3.133574e-01;1.234127e+00;3.739821e-01;1.262842e+00;3.390745e-01;1.375594e+00;2.693748e-01;1.351795e+00;2.716092e-01;1.339824e+00;4.658007e-01;1.482600e+00;6.298161e-01;1.500715e+00;4.787728e-01;1.392072e+00;4.099625e-01;1.366271e+00;4.916575e-01;1.266031e+00;1.444963e-01;1.090863e+00;1.271141e-01;9.206035e-01;1.317919e-01;7.619965e-01;1.144662e-01;6.190589e-01;2.484145e-01;1.662796e+00;1.329143e-01;2.066240e-01;1.923633e+01;1.920762e+02;2.430233e+01;2.327021e+02;4.807925e+01;3.196963e+02;2.905724e+02;5.462256e+02;2.468545e-01;9.437711e-01;6.739062e+01;3.345555e+02;3.270794e-01;2.976934e+00;7.812654e+04;1.337047e+05;2.332462e+00;5.821748e+00;1.057535e+02;1.021380e+02;7.851604e-02;-5.315977e-01;5.285976e-02;3.324564e-01;2.081088e-01;9.709217e-01;3.089894e+00;4.432695e+01;5.713465e+00;-1.815870e+01;6.553754e+00;3.395080e+01;9.216713e+00;1.206279e+01;7.824109e+00;-4.901560e+00;6.094886e+00;-1.264917e+01;5.730782e+00;-3.174926e+01;7.480862e+00;-7.602118e+00;4.170583e+00;4.461581e-01;5.857363e+00;-1.212361e+01;2.936331e+00;-1.149580e+01;4.189561e+00;-8.715431e+00;4.126820e+00;-3.968169e+00;3.614671e+00;3.444088e-01;3.891489e-04;5.089867e-07;1.023302e-07;8.637885e-09;1.473128e-06;-8.851212e-08;1.628580e-06;-1.214493e-09;2.159516e-06;3.051963e-08;1.685548e-05;1.158517e-06;4.575623e-02;-4.255749e-03;3.398972e-02;-7.312855e-04;1.246485e-03;1.590121e-04;7.498898e-04;-9.208869e-05;2.911148e-03;1.155514e-04;2.568243e-03;-1.470590e-04;5.230783e-03;6.447418e-04;9.279501e-03;-1.930610e-04;1.346372e-02;-9.439031e-04;2.459889e-02;-1.947796e-03;1.350219e-02;7.080711e-04;1.676517e-02;1.337357e-03;4.002364e-02;-8.272733e-04;3.004041e-02;-1.693444e-03;1.687517e-02;-3.559265e-03;4.840246e-02;-1.193288e-03;6.427643e-02;-2.616799e-03;9.159243e-02;-1.829205e-03;9.039134e-02;1.107784e-03;6.758731e-02;1.059772e-03;6.840502e-02;5.616424e-04;1.094643e-01;-1.998592e-03;1.299295e-01;-1.333270e-03;9.747455e-02;-3.918131e-04;9.206233e-02;3.635382e-04;1.084758e-01;6.962876e-04;5.287016e-02;-1.880762e-03;4.653050e-02;-1.988504e-03;4.723542e-02;-1.696017e-03;4.063462e-02;-1.368123e-03;7.823449e-02;2.067813e-04;2.641573e-02;-2.230670e-03;4.130186e+00;-4.593750e-01;5.946336e+00;-5.598633e-01;8.857162e+00;-1.363770e+00;6.696734e+01;-5.397656e+00;6.025250e-02;-4.305684e-03;1.101327e+01;-1.644550e+00;4.704054e-02;-9.935467e-03;1.517569e+04;-1.233106e+03;3.841738e-01;6.223984e-02;2.636316e+01;2.006778e+00;1.465364e-02;-1.273781e-03;7.765933e-03;-1.413289e-03;6.385317e-02;4.662279e-04;7.655404e-01;8.090350e-03;1.196729e+00;8.535799e-02;1.432346e+00;1.088743e-01;1.462765e+00;7.773381e-02;1.660648e+00;-2.755187e-02;1.479885e+00;-1.393262e-02;1.238127e+00;1.277255e-01;1.251622e+00;-3.108130e-03;1.099316e+00;-1.700521e-01;1.086618e+00;-1.574541e-01;9.322925e-01;-9.744461e-02;1.226541e+00;1.967768e-03;1.029307e+00;2.320201e-02;9.172309e-01;3.967423e-02
92.000000;2.821041e+01;8.081612e+01;6.802047e-03;7.522580e-01;6.956556e-02;3.961400e-02;9.227134e-02;4.026386e-02;1.385411e-01;1.804979e-01;1.494808e+00;7.000443e+00;1.601768e-01;1.370151e+00;9.953110e-02;9.320157e-01;9.704469e-03;1.015365e-01;1.958407e-03;1.573066e-02;1.736917e-02;1.302730e-01;1.393288e-02;2.700069e-01;2.779575e-02;4.155447e-01;2.575167e-02;5.386807e-01;3.994023e-02;6.359286e-01;9.240312e-02;7.105842e-01;5.247383e-02;7.852918e-01;6.173155e-02;8.560352e-01;1.079505e-01;9.779225e-01;7.376703e-02;9.924570e-01;1.547073e-01;1.042162e+00;1.396920e-01;1.089840e+00;1.771290e-01;1.152776e+00;2.814302e-01;1.202486e+00;2.130434e-01;1.261262e+00;3.001697e-01;1.315403e+00;4.664565e-01;1.366074e+00;6.705477e-01;1.423954e+00;3.388794e-01;1.265750e+00;1.598873e-01;1.180238e+00;1.841964e-01;1.232852e+00;1.773409e-01;1.126428e+00;1.453090e-01;1.049488e+00;1.289139e-01;8.855398e-01;1.155456e-01;7.319099e-01;9.585726e-02;5.935214e-01;3.783860e-01;1.469164e+00;3.970993e-02;8.366796e-02;1.273921e+01;1.859033e+02;1.462286e+01;2.199258e+02;2.605389e+01;2.826592e+02;2.938351e+01;3.514219e+02;2.736351e-01;9.835988e-01;2.480804e+01;2.764108e+02;1.474532e-01;2.654320e+00;3.706638e+04;7.186959e+04;2.324393e+00;8.143187e+00;1.481684e+02;2.045934e+02;1.077342e-01;-4.926925e-01;1.907047e-02;2.861116e-01;2.073197e-01;8.477035e-01;3.232284e+00;4.652188e+01;5.021657e+00;-1.369777e+01;6.611566e+00;3.080762e+01;4.400374e+00;2.198119e+01;6.008702e+00;-7.900574e+00;4.195965e+00;-9.743005e+00;5.203111e+00;-2.547789e+01;5.160091e+00;-1.476027e+01;5.072199e+00;-2.141562e+00;4.057395e+00;-1.495741e+01;3.446165e+00;-1.284568e+01;5.617174e+00;-5.499839e+00;4.045751e+00;-2.817495e+00;2.585313e+00;-6.046910e-01;2.249598e-04;-4.598262e-05;7.876829e-08;-3.162397e-09;6.539040e-07;2.429966e-08;1.253787e-06;-4.635214e-09;2.030192e-06;-1.613470e-08;1.823418e-05;4.391278e-08;2.508226e-02;-5.273235e-03;2.349680e-02;1.128191e-03;1.075745e-03;-2.765138e-04;5.456476e-04;-7.810532e-05;2.866111e-03;4.043340e-05;2.508873e-03;-2.837276e-04;5.374180e-03;-5.740847e-04;8.321104e-03;-5.528904e-04;1.173148e-02;1.352223e-04;2.648623e-02;-6.802006e-05;1.514410e-02;-9.707923e-04;1.506579e-02;-7.828180e-04;2.989073e-02;8.666076e-04;2.276235e-02;-4.845832e-04;2.364747e-02;2.076397e-03;3.188364e-02;3.482547e-04;2.717679e-02;8.112715e-04;7.238369e-02;9.877019e-05;5.964311e-02;-9.829532e-04;6.591566e-02;3.242404e-03;9.893115e-02;6.877055e-03;1.436325e-01;6.630633e-03;7.421026e-02;3.850685e-03;3.823077e-02;1.535397e-03;5.496969e-02;3.399294e-03;5.337519e-02;3.962783e-03;5.356879e-02;6.531341e-04;4.719154e-02;1.824989e-04;4.176195e-02;-2.992857e-04;3.492520e-02;-3.787299e-04;6.864948e-02;-7.842835e-03;7.331700e-03;-1.688791e-03;3.267249e+00;0;4.265169e+00;-7.177734e-02;7.095378e+00;-6.890625e-01;8.538922e+00;-4.737305e-01;6.610739e-02;8.480920e-04;4.979403e+00;-6.303948e-01;3.883298e-02;-3.675150e-03;7.443464e+03;-6.945637e+02;5.314783e-01;2.164080e-02;3.973439e+01;5.184512e-01;1.165461e-02;2.323972e-03;3.921244e-03;-5.020913e-04;3.785777e-02;-4.775666e-03;8.880325e-01;1.971851e-02;1.243049e+00;4.219191e-02;1.411655e+00;-2.199182e-02;9.219968e-01;1.291075e-01;1.423081e+00;1.191492e-02;1.088000e+00;8.847672e-02;1.096351e+00;1.063359e-01;1.119605e+00;-2.127957e-01;1.162133e+00;2.075342e-02;9.275440e-01;3.100448e-02;9.050437e-01;-5.386757e-02;1.132202e+00;1.537904e-01;9.424566e-01;6.690595e-02;8.224918e-01;-3.620415e-02
92.500000;3.748995e+01;8.622246e+01;9.388173e-03;7.534727e-01;9.218760e-02;4.790930e-02;1.281358e-01;6.135446e-02;7.759298e-02;1.446850e-01;1.164099e+00;7.255130e+00;1.675811e-01;1.225993e+00;1.885992e-01;1.001020e+00;1.352806e-02;8.377948e-02;5.132421e-03;1.680650e-02;1.022694e-02;1.260236e-01;1.213721e-02;2.585933e-01;2.249325e-02;3.972691e-01;4.930659e-02;5.406987e-01;6.381602e-02;6.607862e-01;6.888872e-02;7.101200e-01;5.868901e-02;8.189774e-01;7.595134e-02;8.676011e-01;7.954685e-02;9.385026e-01;1.113722e-01;1.024813e+00;1.342298e-01;1.086918e+00;1.933855e-01;1.146448e+00;3.703000e-01;1.249100e+00;5.606264e-01;1.374411e+00;3.802014e-01;1.390849e+00;4.737147e-01;1.441519e+00;5.981843e-01;1.516939e+00;9.722264e-01;1.651101e+00;5.547634e-01;1.492281e+00;3.806503e-01;1.435913e+00;3.064846e-01;1.395862e+00;2.917746e-01;1.263245e+00;1.511360e-01;1.060087e+00;1.267082e-01;8.798074e-01;1.117648e-01;7.181979e-01;9.334494e-02;5.804657e-01;4.245256e-01;1.015709e+00;6.544141e-02;7.225989e-02;1.405004e+01;1.850420e+02;2.175978e+01;2.250938e+02;4.618157e+01;2.938564e+02;3.382977e+02;4.610977e+02;2.889111e-01;7.800072e-01;7.351224e+01;2.934691e+02;2.528470e-01;2.718475e+00;1.012355e+05;9.715425e+04;2.774626e+00;7.978508e+00;1.487183e+02;2.116012e+02;1.172904e-01;-3.406710e-01;5.191061e-02;2.972935e-01;1.718458e-01;6.091594e-01;3.634423e+00;4.596412e+01;6.026999e+00;-1.353104e+01;8.120141e+00;3.146274e+01;3.368355e+00;2.478702e+01;6.673402e+00;-7.310543e+00;5.463571e+00;-1.030995e+01;4.346833e+00;-2.206363e+01;5.264637e+00;-1.838157e+01;4.848636e+00;-3.233125e+00;5.865961e+00;-1.262467e+01;5.134672e+00;-1.300174e+01;6.101693e+00;-1.768492e+00;3.441253e+00;-1.280533e+00;2.167152e+00;-3.782693e-01;1.504649e-04;4.499007e-05;1.131567e-07;5.640465e-09;1.173141e-06;-4.143052e-09;1.580342e-06;2.281846e-09;9.789632e-07;-3.090256e-08;1.464702e-05;-1.371712e-06;4.191384e-02;1.880909e-03;4.670904e-02;3.221557e-03;1.198126e-03;-3.607472e-04;9.854118e-04;1.284958e-04;2.329091e-03;2.320566e-05;2.864918e-03;-1.165951e-04;5.142000e-03;-3.132798e-04;1.252981e-02;1.252344e-03;1.730627e-02;1.942599e-03;2.284323e-02;2.290400e-03;1.822330e-02;2.611853e-04;2.323704e-02;-4.185674e-05;2.628049e-02;-8.677955e-04;3.024433e-02;-4.055578e-04;2.503716e-02;1.533070e-03;4.084719e-02;3.372470e-03;8.486673e-02;7.710190e-03;1.374370e-01;1.025860e-02;9.765862e-02;5.774420e-03;1.104386e-01;7.589919e-03;1.397225e-01;8.890255e-03;2.205821e-01;1.295775e-02;1.308916e-01;6.509532e-03;8.531060e-02;4.296091e-03;8.548597e-02;2.941680e-03;8.904897e-02;1.398577e-03;5.186179e-02;2.071292e-03;4.486721e-02;1.807933e-03;4.058426e-02;1.441153e-03;3.437521e-02;1.182884e-03;5.684786e-02;-6.068082e-03;1.548561e-02;1.131831e-03;3.520194e+00;1.866211e-01;5.699157e+00;4.737305e-01;1.353424e+01;1.134082e+00;7.866605e+01;4.837793e+00;5.337238e-02;-1.078442e-03;1.604187e+01;1.696450e+00;5.465156e-02;7.494323e-03;2.158110e+04;2.213340e+03;5.878714e-01;-6.299005e-02;3.798506e+01;-2.140566e+00;1.033273e-02;2.633236e-03;1.133503e-02;1.274649e-03;3.361654e-02;-2.324547e-03;9.813215e-01;-7.794186e-02;1.440967e+00;-8.030499e-02;1.685073e+00;8.559938e-02;9.249797e-01;9.291644e-02;1.644920e+00;-1.118826e-01;1.208772e+00;-1.351993e-01;1.219603e+00;-3.673951e-02;1.059465e+00;7.288035e-03;1.017915e+00;8.807626e-02;1.217057e+00;2.334698e-03;1.356296e+00;4.034889e-02;1.489528e+00;1.461978e-01;1.040201e+00;2.995892e-02;6.896905e-01;-1.161052e-02
93.000000;4.147694e+01;1.153244e+02;1.439564e-02;7.540933e-01;9.919938e-02;7.966515e-02;1.316073e-01;9.707955e-02;6.952335e-02;1.624382e-01;1.202501e+00;6.288854e+00;3.836429e-01;1.358215e+00;3.452765e-01;1.112838e+00;1.724673e-02;7.778282e-02;5.712894e-03;2.043084e-02;1.627469e-02;1.354852e-01;2.597347e-02;2.663117e-01;6.146634e-02;4.194727e-01;6.951927e-02;5.612826e-01;8.254093e-02;6.816388e-01;5.834064e-01;9.375852e-01;5.604448e-01;1.043085e+00;2.657125e-01;9.825442e-01;4.606819e-01;1.120336e+00;5.291619e-01;1.217347e+00;3.123650e-01;1.192631e+00;2.836421e-01;1.208311e+00;3.831153e-01;1.272753e+00;5.300120e-01;1.430029e+00;3.797212e-01;1.460515e+00;4.458117e-01;1.502629e+00;5.450050e-01;1.581007e+00;8.241706e-01;1.660584e+00;7.038459e-01;1.661110e+00;6.535043e-01;1.677223e+00;8.501799e-01;1.642465e+00;1.107143e+00;1.600694e+00;6.405252e-01;1.282165e+00;3.060205e-01;9.870769e-01;1.866588e-01;7.774425e-01;1.599930e-01;6.320563e-01;6.206944e-01;9.851898e-01;1.261517e-01;1.266110e-01;2.016471e+01;1.884873e+02;3.063438e+01;2.413154e+02;7.290260e+01;3.373535e+02;3.518846e+02;5.811094e+02;2.576236e-01;7.291088e-01;7.989272e+01;3.389016e+02;3.402464e-01;3.026429e+00;9.809162e+04;1.436199e+05;2.529537e+00;5.802270e+00;1.122736e+02;1.094483e+02;1.534765e-01;-2.984000e-01;6.104488e-02;3.344744e-01;3.455088e-01;6.142806e-01;3.387167e+00;4.410460e+01;5.294578e+00;-1.655313e+01;8.561550e+00;3.359752e+01;1.074041e+01;2.249827e+01;8.946059e+00;-8.331954e+00;4.935273e+00;-1.250432e+01;8.401108e+00;-1.824993e+01;5.983284e+00;-1.659715e+01;4.724972e+00;-1.792769e+00;7.854476e+00;-9.087513e+00;5.146937e+00;-9.525306e+00;6.256995e+00;2.793861e-01;7.908731e+00;-3.469828e+00;4.814559e+00;-1.243035e-01;2.159383e-04;1.234198e-05;1.421990e-07;-1.295304e-08;1.403850e-06;7.512851e-08;1.762780e-06;2.117804e-08;9.157594e-07;5.608561e-08;1.486089e-05;-1.217340e-06;7.315350e-02;7.984703e-03;8.251927e-02;2.712889e-03;3.239262e-03;3.300082e-04;1.020132e-03;7.873520e-05;3.724741e-03;1.479009e-04;7.821087e-03;3.156864e-04;1.263973e-02;1.225964e-03;1.624786e-02;1.592494e-03;2.108478e-02;1.165705e-03;1.245034e-01;8.325297e-03;1.216273e-01;7.098889e-03;5.210287e-02;4.395545e-03;8.559886e-02;9.579463e-03;9.896240e-02;1.011492e-02;5.966872e-02;7.141430e-03;7.913703e-02;7.556833e-04;9.591168e-02;7.004908e-04;1.323129e-01;-1.624371e-03;9.925995e-02;4.722956e-04;1.114202e-01;-1.957404e-03;1.383726e-01;-1.846773e-03;1.904061e-01;-4.962225e-03;1.708288e-01;1.466316e-03;1.532744e-01;6.399960e-03;2.185984e-01;4.172875e-03;2.672238e-01;8.303411e-03;1.468503e-01;4.190079e-03;7.736929e-02;1.172749e-03;5.256394e-02;1.110193e-03;4.538992e-02;1.078561e-03;1.079855e-01;1.448706e-02;2.701903e-02;2.563327e-03;4.535056e+00;2.871094e-01;6.981187e+00;7.464844e-01;1.882730e+01;1.335059e+00;9.618007e+01;4.493262e+00;5.515962e-02;7.624293e-03;1.740598e+01;1.129108e+00;6.115418e-02;9.094324e-03;2.233561e+04;4.821565e+02;4.581030e-01;-2.334877e-02;2.361834e+01;-4.399537e-01;3.246737e-02;-2.929963e-03;1.264912e-02;1.059094e-03;9.000458e-02;6.247277e-03;9.670557e-01;5.282058e-03;1.178316e+00;-1.605284e-02;1.469069e+00;-1.641555e-01;1.426164e+00;-2.833930e-01;1.753034e+00;1.256759e-01;1.060453e+00;-3.666005e-02;1.511630e+00;1.676029e-01;1.204480e+00;7.178968e-02;1.258359e+00;-3.529348e-02;1.719298e+00;2.184851e-01;1.383788e+00;1.057809e-01;1.765647e+00;-5.423734e-02;1.547363e+00;-1.772997e-01;1.095546e+00;-8.136243e-02
93.500000;3.816496e+01;1.008604e+02;2.205462e-02;7.340871e-01;9.100593e-02;9.175164e-02;8.840669e-02;8.929989e-02;1.169477e-01;1.954115e-01;1.109437e+01;3.105705e+00;4.070497e-01;1.718829e+00;3.165104e-01;1.131147e+00;1.869301e-02;9.056956e-02;3.821980e-03;2.408415e-02;2.911877e-02;1.359175e-01;3.385393e-02;2.710632e-01;6.157434e-02;4.400109e-01;6.111527e-02;5.844612e-01;7.826003e-02;6.738889e-01;5.830134e-01;1.020079e+00;5.620568e-01;1.111491e+00;2.789383e-01;1.098636e+00;4.691261e-01;1.221347e+00;5.311143e-01;1.309399e+00;3.118674e-01;1.313512e+00;2.446707e-01;1.270933e+00;2.289792e-01;1.269803e+00;3.174757e-01;1.322225e+00;2.522906e-01;1.359230e+00;2.809224e-01;1.479533e+00;4.120877e-01;1.601606e+00;5.533308e-01;1.591079e+00;6.011473e-01;1.698902e+00;6.880049e-01;1.774639e+00;8.408810e-01;1.589187e+00;1.106516e+00;1.557451e+00;6.628469e-01;1.275884e+00;3.229776e-01;1.006013e+00;1.962490e-01;7.898248e-01;1.798476e-01;6.437024e-01;7.114433e-01;1.619869e+00;1.550011e-01;2.485922e-01;2.469808e+01;2.095898e+02;2.881840e+01;2.655762e+02;9.304692e+01;3.907559e+02;2.802710e+02;7.427520e+02;2.631263e-01;9.458360e-01;5.892908e+01;3.903566e+02;3.222595e-01;3.375576e+00;5.167642e+04;1.677344e+05;8.569740e-01;4.071135e+00;2.719366e+01;4.105759e+01;1.691140e-01;-4.017996e-01;5.058173e-02;3.828253e-01;3.448330e-01;7.974895e-01;2.723349e+00;4.408199e+01;3.880646e+00;-2.012969e+01;9.066618e+00;2.786841e+01;1.519107e+01;9.308948e+00;9.810722e+00;-3.206789e+00;7.733803e+00;-7.991958e+00;8.876980e+00;-1.723044e+01;5.802944e+00;-1.578620e+01;7.259534e+00;-1.702766e+00;7.831974e+00;-5.042247e+00;5.447018e+00;-7.616793e+00;9.990347e+00;-6.349608e+00;8.648695e+00;-6.656387e+00;6.034163e+00;-2.008044e+00;1.637450e-04;-3.877226e-05;1.597757e-07;-1.354126e-08;1.047026e-06;3.206139e-09;9.989891e-07;3.453354e-08;1.388217e-06;2.314061e-08;1.535721e-04;1.116940e-07;7.406411e-02;7.811495e-03;7.603712e-02;-4.456908e-04;3.552569e-03;3.297136e-04;9.682397e-04;1.801462e-05;7.027322e-03;6.077750e-04;1.182493e-02;1.929412e-04;1.337114e-02;2.630195e-04;1.484355e-02;-1.149421e-03;2.062394e-02;-7.381737e-04;1.290407e-01;3.255927e-03;1.260469e-01;3.408120e-03;6.315863e-02;3.025907e-03;9.335494e-02;1.082233e-03;1.033715e-01;4.628576e-03;6.716505e-02;2.640653e-03;8.045243e-02;-1.854004e-03;6.215339e-02;-1.899837e-03;8.405363e-02;-2.427699e-03;6.293398e-02;-1.475761e-03;7.488606e-02;-4.529062e-03;1.083907e-01;-5.746753e-03;1.254345e-01;-2.482413e-03;1.513215e-01;-5.555870e-03;1.698391e-01;-3.379308e-03;2.135059e-01;-2.081111e-03;2.644551e-01;-1.563216e-03;1.537880e-01;2.871509e-04;8.067049e-02;1.024801e-03;5.283409e-02;1.486060e-03;4.942152e-02;1.391520e-03;1.250717e-01;1.693765e-02;3.315233e-02;3.151093e-03;6.413538e+00;2.871094e-01;6.133734e+00;8.613281e-02;2.799941e+01;1.406836e+00;7.663349e+01;2.282520e+00;6.564662e-02;3.690821e-03;1.399563e+01;4.344962e-01;7.025431e-02;6.980074e-03;1.398861e+04;-5.206586e+02;2.782091e-01;-2.866993e-03;9.126345e+00;2.684294e-02;3.677552e-02;-3.047221e-03;1.157249e-02;5.466389e-04;9.625674e-02;5.269105e-03;8.265326e-01;5.604294e-02;1.115624e+00;-2.588549e-02;1.384940e+00;-2.335425e-01;1.729968e+00;-2.482159e-01;1.469852e+00;1.035078e-01;1.296613e+00;1.993776e-01;1.617474e+00;1.030380e-01;1.366970e+00;3.902235e-02;1.711809e+00;8.587749e-02;1.573104e+00;1.412462e-01;1.834046e+00;7.208384e-02;1.741732e+00;-1.497683e-01;1.664368e+00;-1.440864e-01;1.214107e+00;-8.349966e-02
94.000000;1.936889e+01;8.920953e+01;1.549625e-02;7.281780e-01;1.086390e-01;1.453255e-01;9.651153e-02;1.062170e-01;1.170820e-01;2.005736e-01;1.099705e+01;2.620714e+00;2.632410e-01;2.059373e+00;1.651999e-01;1.065161e+00;8.683919e-03;1.030650e-01;4.740594e-03;2.711010e-02;2.903723e-02;1.401376e-01;2.715049e-02;2.679657e-01;3.202989e-02;4.284875e-01;5.882597e-02;5.639955e-01;1.080260e-01;6.708187e-01;1.896955e-01;8.709930e-01;1.758527e-01;9.492404e-01;2.250125e-01;1.004551e+00;2.435723e-01;1.075531e+00;2.320027e-01;1.152242e+00;1.918091e-01;1.200178e+00;2.213110e-01;1.262969e+00;2.095459e-01;1.256222e+00;2.927689e-01;1.284277e+00;2.208903e-01;1.313355e+00;2.207226e-01;1.442280e+00;2.991044e-01;1.554963e+00;4.857889e-01;1.608788e+00;4.435084e-01;1.598954e+00;5.556515e-01;1.658683e+00;6.450838e-01;1.555376e+00;2.624702e-01;1.249765e+00;3.413879e-01;1.128406e+00;3.952149e-01;1.016622e+00;1.931426e-01;8.004120e-01;1.740886e-01;6.389670e-01;4.394090e-01;2.182432e+00;1.773996e-01;4.091369e-01;2.624186e+01;2.193516e+02;3.107520e+01;2.840947e+02;1.170252e+02;4.714336e+02;2.434530e+02;9.712910e+02;1.887458e-01;9.910168e-01;5.999877e+01;4.388621e+02;3.201431e-01;3.684837e+00;6.287545e+04;1.967673e+05;8.990290e-01;3.474768e+00;2.827127e+01;3.480812e+01;9.225719e-02;-5.029603e-01;4.708584e-02;4.247612e-01;3.033111e-01;1.107366e+00;3.420710e+00;4.359268e+01;3.855727e+00;-2.060773e+01;4.343215e+00;2.162677e+01;4.720702e+00;-8.855824e-01;5.060935e+00;1.167209e+00;5.079472e+00;-1.274096e+00;6.140038e+00;-1.739720e+01;7.354097e+00;-1.387634e+01;1.043679e+01;4.946591e+00;5.155297e+00;1.575815e+00;6.389055e+00;-5.901778e+00;6.414367e+00;-1.360547e+01;7.563327e+00;-7.401755e+00;5.753403e+00;-7.371217e+00;1.118625e-04;-1.376437e-06;1.341958e-07;1.665430e-08;1.042724e-06;-7.444444e-08;1.134960e-06;1.976350e-08;1.375804e-06;-5.065745e-09;1.534375e-04;7.745457e-08;5.763921e-02;5.195684e-04;4.418207e-02;-3.926239e-03;1.987298e-03;-1.381336e-04;1.222502e-03;8.125473e-05;6.382653e-03;-1.770203e-05;9.406245e-03;-4.047629e-04;6.472227e-03;-1.645432e-03;1.189168e-02;-8.617067e-04;2.171647e-02;5.217435e-06;3.700626e-02;-6.894752e-03;3.637754e-02;-6.265190e-03;5.562619e-02;-1.205240e-03;5.701276e-02;-1.018792e-02;3.819022e-02;-1.154605e-02;3.893754e-02;-6.615602e-03;7.928493e-02;-1.232020e-03;5.973898e-02;-8.591278e-04;7.808752e-02;1.111774e-03;5.695183e-02;-1.906863e-03;6.089765e-02;-1.606461e-03;8.460803e-02;-4.223720e-03;1.199568e-01;1.004122e-03;1.146449e-01;-5.438603e-03;1.422737e-01;-7.535383e-03;1.701034e-01;-5.772708e-03;7.647198e-02;-1.197194e-02;8.998203e-02;-7.408632e-03;1.019595e-01;-3.453360e-03;5.948979e-02;-3.871232e-03;5.033422e-02;-3.278929e-03;1.010887e-01;-4.489494e-03;4.765311e-02;1.341761e-03;6.225889e+00;-4.306640e-02;9.739431e+00;7.608398e-01;3.245846e+01;2.325586e+00;6.990922e+01;2.583984e+00;6.439282e-02;-4.589023e-03;1.666411e+01;1.093304e+00;7.172879e-02;5.309480e-03;1.617129e+04;1.164377e+03;2.679215e-01;-1.636788e-02;8.979022e+00;-3.305224e-01;2.228537e-02;1.338527e-03;1.324078e-02;7.844355e-04;6.442599e-02;-6.516043e-04;9.156747e-01;9.231367e-03;1.114029e+00;-4.471183e-02;1.331309e+00;3.904374e-02;1.471442e+00;-7.907060e-03;1.111408e+00;-5.138930e-02;1.236372e+00;8.099523e-02;1.465072e+00;-9.037391e-02;1.395570e+00;1.202898e-01;1.714771e+00;2.480178e-01;1.401049e+00;1.860570e-02;1.923341e+00;-1.943785e-02;1.622591e+00;-1.319222e-01;1.902317e+00;2.168101e-01;1.185780e+00;5.752925e-02
94.500000;6.890952e+00;9.730487e+01;1.343313e-02;7.488877e-01;1.077662e-01;1.588949e-01;1.029948e-01;1.114450e-01;1.158306e-01;1.607605e-01;1.347265e+00;5.212530e+00;2.967094e-01;1.987458e+00;1.607157e-01;9.727476e-01;1.267197e-02;9.749089e-02;4.517398e-03;2.728899e-02;1.405552e-02;1.405348e-01;1.583664e-02;2.670907e-01;2.671772e-02;4.086980e-01;6.145529e-02;5.410941e-01;1.345066e-01;6.804411e-01;1.384365e-01;7.474823e-01;1.273149e-01;8.202515e-01;1.664224e-01;9.157760e-01;1.505467e-01;9.703043e-01;1.648819e-01;1.071536e+00;1.495575e-01;1.122059e+00;2.325205e-01;1.166278e+00;1.694817e-01;1.210259e+00;2.007897e-01;1.250766e+00;1.859694e-01;1.262648e+00;1.935883e-01;1.315263e+00;2.721507e-01;1.371092e+00;3.444171e-01;1.427563e+00;4.003084e-01;1.392736e+00;4.167801e-01;1.357183e+00;6.799823e-01;1.414941e+00;2.332940e-01;1.151276e+00;3.172695e-01;1.041395e+00;4.105785e-01;9.100104e-01;2.059744e-01;7.379011e-01;1.637198e-01;5.968568e-01;6.804384e-01;1.831631e+00;1.677746e-01;4.199429e-01;3.791882e+01;1.976748e+02;3.792018e+01;2.825156e+02;1.149481e+02;4.889473e+02;2.167269e+02;1.067186e+03;2.034323e-01;8.566905e-01;5.759640e+01;4.409420e+02;1.886613e-01;3.845317e+00;5.657484e+04;2.083849e+05;6.900024e-01;2.968872e+00;2.096879e+01;2.783645e+01;1.141169e-01;-4.512507e-01;4.597632e-02;4.229524e-01;3.599653e-01;1.042369e+00;4.423683e+00;4.551761e+01;3.204984e+00;-2.069042e+01;2.928755e+00;2.004123e+01;5.615156e+00;3.021502e+00;6.164054e+00;1.925220e+00;4.733527e+00;1.912818e+00;3.833608e+00;-1.708861e+01;5.906924e+00;-1.175911e+01;6.268392e+00;1.130932e+01;4.081483e+00;5.172864e+00;4.935895e+00;-5.090524e+00;5.959311e+00;-1.047296e+01;7.692141e+00;-3.618371e+00;5.655214e+00;-6.998877e+00;7.963376e-05;3.528432e-06;7.358692e-08;1.414642e-08;1.032368e-06;1.275956e-09;1.157557e-06;6.895770e-08;1.315859e-06;-2.867023e-08;1.487757e-05;6.738995e-07;5.211760e-02;-2.288517e-03;3.985155e-02;5.440966e-04;1.366223e-03;-1.698335e-04;1.085862e-03;6.009071e-05;1.782278e-03;-4.230606e-04;3.744638e-03;-1.303351e-04;7.059391e-03;-3.548982e-04;1.382943e-02;-3.527049e-04;2.819923e-02;-3.507889e-04;1.179701e-02;-4.382652e-03;1.484528e-02;-4.362796e-03;4.573117e-02;-3.216004e-03;4.406450e-02;-3.246785e-04;3.218578e-02;-1.198638e-03;3.705176e-02;1.099528e-03;8.303577e-02;-1.235252e-03;5.757941e-02;1.322770e-03;7.503412e-02;3.348315e-03;5.963769e-02;-3.010888e-04;4.902523e-02;1.542989e-04;6.430858e-02;1.209604e-04;8.923735e-02;-2.021434e-03;1.049448e-01;1.038266e-02;1.029739e-01;6.276920e-03;1.649994e-01;5.370195e-03;5.369617e-02;9.183395e-03;7.428268e-02;4.319243e-04;9.786876e-02;-1.242558e-03;5.921851e-02;-1.815089e-03;4.639782e-02;-1.832488e-03;8.642665e-02;-1.595065e-02;4.737536e-02;1.374472e-03;6.385764e+00;-7.895508e-01;1.036869e+01;4.306640e-02;3.473096e+01;2.368652e+00;6.767104e+01;3.201270e+00;6.587773e-02;-2.994077e-03;1.627324e+01;6.039222e-01;5.100421e-02;1.552447e-03;1.578232e+04;1.207978e+03;2.382767e-01;-1.298283e-02;7.247252e+00;-1.594583e-01;1.499580e-02;1.963905e-03;1.233461e-02;2.474608e-04;5.801746e-02;-2.271420e-03;9.523728e-01;-2.100023e-02;9.594323e-01;-3.217459e-02;9.631644e-01;6.372433e-02;1.148021e+00;5.299733e-02;1.168199e+00;2.083998e-01;1.209837e+00;-2.043820e-02;1.194355e+00;-6.704985e-02;1.391841e+00;2.140826e-02;1.530255e+00;-4.034499e-02;1.366043e+00;4.891051e-02;1.384475e+00;4.834101e-02;1.523096e+00;1.463951e-01;1.833298e+00;5.977654e-02;1.367536e+00;4.946634e-02
95.000000;1.872839e+00;9.530928e+01;9.638678e-03;7.650558e-01;9.270534e-02;1.240853e-01;9.058762e-02;9.835368e-02;1.173711e-01;1.488666e-01;1.434648e+00;6.143772e+00;1.940153e-01;1.752899e+00;1.285973e-01;9.480666e-01;7.984756e-03;9.069619e-02;4.074834e-03;2.567271e-02;4.850396e-03;1.308267e-01;2.777195e-02;2.812230e-01;3.019683e-02;4.122591e-01;7.650349e-02;5.458628e-01;1.474723e-01;6.814068e-01;4.986802e-02;6.575339e-01;1.158748e-01;7.786658e-01;1.811786e-01;9.400849e-01;1.113645e-01;9.575828e-01;1.968609e-01;1.039400e+00;1.867927e-01;1.146596e+00;1.632499e-01;1.130245e+00;1.803275e-01;1.175846e+00;3.350551e-01;1.276459e+00;2.909654e-01;1.344168e+00;2.279884e-01;1.312214e+00;2.353838e-01;1.312349e+00;4.889767e-01;1.373421e+00;3.869473e-01;1.374225e+00;4.000729e-01;1.310902e+00;2.985776e-01;1.213111e+00;2.858576e-01;1.153477e+00;1.639063e-01;9.948022e-01;1.594492e-01;8.242145e-01;1.436933e-01;7.024642e-01;1.176021e-01;5.803912e-01;3.740510e-01;1.187508e+00;1.256981e-01;3.564529e-01;3.065489e+01;1.665234e+02;4.199459e+01;2.538047e+02;1.247069e+02;4.029580e+02;2.561959e+02;1.047949e+03;1.653621e-01;7.175224e-01;6.435885e+01;3.978573e+02;2.277315e-01;3.720312e+00;6.015032e+04;1.919284e+05;8.112295e-01;2.967837e+00;2.300636e+01;3.046043e+01;6.625851e-02;-3.869432e-01;5.366948e-02;3.817337e-01;1.689583e-01;7.487995e-01;3.343173e+00;4.820896e+01;3.294729e+00;-2.124095e+01;4.528594e+00;1.986468e+01;6.903058e+00;1.174203e+01;5.532442e+00;4.656829e+00;4.586924e+00;6.685433e+00;7.685171e+00;-1.791416e+01;5.933677e+00;-1.505837e+01;7.154280e+00;6.146581e+00;4.446988e+00;3.379240e+00;6.726304e+00;-3.357117e+00;6.630479e+00;-6.222432e+00;5.378838e+00;-3.041816e+00;5.969075e+00;-1.289337e+00;1.446917e-05;-9.802551e-07;8.497640e-08;6.889613e-09;9.981408e-07;1.655881e-08;9.946133e-07;-5.321560e-08;1.393370e-06;7.594814e-08;1.395701e-05;1.375007e-06;4.689647e-02;3.127575e-04;3.811946e-02;5.261205e-03;1.498709e-03;2.594518e-05;1.055955e-03;6.248426e-05;1.549430e-03;-4.697650e-05;6.128204e-03;5.372195e-04;7.715287e-03;1.225161e-03;1.797869e-02;-7.474218e-04;3.432374e-02;-1.811762e-03;8.832765e-03;-6.788159e-04;1.925394e-02;-5.410274e-04;3.614588e-02;-1.936827e-03;2.180997e-02;1.509442e-03;4.180874e-02;4.476007e-03;4.227140e-02;1.854854e-03;6.362377e-02;5.603372e-04;6.185685e-02;8.093902e-03;1.046524e-01;1.196839e-02;9.178561e-02;8.590619e-03;7.571302e-02;7.871089e-03;7.805870e-02;8.367081e-03;1.501155e-01;1.886323e-02;1.055107e-01;1.361985e-02;9.457602e-02;1.940435e-02;8.826734e-02;1.149472e-02;8.647617e-02;1.177687e-02;4.724516e-02;4.440594e-03;4.326791e-02;2.879836e-03;4.221522e-02;2.691886e-03;3.631640e-02;2.328709e-03;6.369098e-02;-1.042418e-02;3.428498e-02;1.777204e-03;6.870318e+00;-4.880859e-01;6.764991e+00;-1.507324e+00;3.328779e+01;-3.143848e+00;6.928040e+01;3.646289e+00;5.497321e-02;-6.670142e-03;1.543190e+01;-3.137304e-01;4.746160e-02;-3.483909e-03;1.707806e+04;1.213224e+03;2.540948e-01;-4.488724e-03;7.706501e+00;-7.261010e-02;1.484933e-02;-1.875170e-05;1.178677e-02;-5.830755e-04;4.111562e-02;-2.899081e-03;1.000310e+00;-3.456366e-02;1.094538e+00;-6.732411e-02;1.444223e+00;1.152594e-01;9.365687e-01;1.871652e-01;1.281193e+00;1.352736e-01;1.287567e+00;7.347767e-02;1.406380e+00;9.642702e-03;1.369189e+00;-3.600891e-02;1.295340e+00;-2.893678e-01;1.038480e+00;-1.279480e-01;1.379977e+00;6.030321e-02;1.660703e+00;1.269028e-01;1.360795e+00;-1.444270e-01;1.433724e+00;-9.940211e-03
95.500000;1.907255e+00;9.548602e+01;1.247027e-02;7.805235e-01;7.425281e-02;6.296063e-02;6.272206e-02;5.166558e-02;9.427743e-02;1.476343e-01;1.605543e+00;7.793631e+00;1.753243e-01;1.757101e+00;1.564141e-01;1.014233e+00;7.517081e-03;9.875116e-02;4.221617e-03;2.492567e-02;4.600429e-03;1.313168e-01;2.356434e-02;2.913404e-01;2.496705e-02;4.323522e-01;8.348424e-02;5.698320e-01;1.618050e-01;6.891764e-01;5.173377e-02;7.017841e-01;1.241848e-01;8.608862e-01;1.753444e-01;9.762410e-01;9.915678e-02;1.006777e+00;2.434155e-01;1.043339e+00;1.729268e-01;1.108932e+00;1.703687e-01;1.171814e+00;2.477186e-01;1.285214e+00;4.563940e-01;1.328899e+00;3.241714e-01;1.430213e+00;3.004069e-01;1.415851e+00;3.438417e-01;1.399935e+00;7.367291e-01;1.565058e+00;4.252997e-01;1.456952e+00;5.362229e-01;1.454271e+00;3.430549e-01;1.381655e+00;3.221828e-01;1.249064e+00;1.760898e-01;1.099129e+00;1.453025e-01;9.330395e-01;1.479796e-01;7.654316e-01;1.245666e-01;6.215615e-01;3.223746e-01;1.179634e+00;1.317569e-01;3.370320e-01;1.532476e+01;1.576230e+02;2.759052e+01;2.269600e+02;8.930440e+01;3.359180e+02;3.328244e+02;8.565908e+02;1.444396e-01;6.784350e-01;6.058401e+01;3.577246e+02;2.015192e-01;3.541135e+00;6.949945e+04;1.749190e+05;7.821590e-01;3.348531e+00;2.167802e+01;3.391470e+01;8.048090e-02;-4.614449e-01;4.809272e-02;3.448640e-01;1.698624e-01;7.807821e-01;3.623096e+00;4.836410e+01;4.035448e+00;-2.098457e+01;7.292835e+00;2.182093e+01;3.364933e+00;1.834265e+01;6.267591e+00;4.576165e+00;4.422072e+00;7.108873e+00;9.008479e+00;-1.523249e+01;5.609188e+00;-1.492393e+01;4.730871e+00;1.131721e+00;5.951809e+00;-3.501821e+00;8.092683e+00;-5.036088e+00;6.772377e+00;-5.870054e+00;5.357097e+00;-1.750318e+00;5.893177e+00;2.603236e+00;1.455687e-05;1.084879e-06;7.405478e-08;9.694750e-09;7.594459e-07;-6.737874e-09;7.519153e-07;-9.551479e-08;1.169348e-06;-2.984647e-09;1.025019e-05;1.343594e-06;3.976832e-02;-2.300856e-03;3.748829e-02;-1.348148e-03;1.713071e-03;2.200698e-04;9.183144e-04;-1.560847e-04;1.444894e-03;-2.014129e-05;6.177959e-03;4.277956e-04;6.404702e-03;5.661335e-04;1.712650e-02;2.834888e-04;3.452844e-02;-2.651361e-04;1.199078e-02;-6.409888e-04;2.369201e-02;2.580930e-03;3.281873e-02;2.633766e-03;1.922270e-02;-1.494383e-04;4.990769e-02;-3.000039e-04;3.696695e-02;-2.454498e-03;5.556655e-02;-1.338277e-03;6.329359e-02;-4.165145e-03;9.941085e-02;-8.850156e-03;8.582938e-02;-6.220480e-03;7.762188e-02;-4.161373e-03;8.783983e-02;-1.903700e-03;1.604314e-01;-7.235088e-03;1.014336e-01;-8.698257e-03;1.053070e-01;-4.356144e-03;9.131480e-02;-1.183959e-03;9.069540e-02;-1.204867e-03;4.757031e-02;2.600630e-03;4.230445e-02;2.764398e-03;4.046530e-02;3.288636e-03;3.389086e-02;2.950028e-03;6.179897e-02;3.701676e-03;2.883807e-02;-3.723841e-03;4.880522e+00;5.742187e-02;5.059890e+00;-8.326172e-01;1.940814e+01;-4.895215e+00;6.620638e+01;-8.254395e+00;4.889666e-02;-1.139139e-05;1.177395e+01;-2.390091e+00;4.178218e-02;-7.448594e-03;1.512649e+04;-2.234108e+03;1.814243e-01;3.472525e-02;4.744551e+00;9.426204e-01;1.689482e-02;-2.728793e-03;9.014912e-03;-1.860924e-03;4.307566e-02;2.751479e-04;9.330992e-01;1.916692e-02;1.016919e+00;1.358539e-01;1.545055e+00;-9.491704e-02;6.999353e-01;1.190052e-01;1.563876e+00;-4.751078e-02;1.131594e+00;7.542510e-02;1.505467e+00;1.856966e-01;1.258819e+00;-5.996391e-02;1.261025e+00;-7.883552e-02;1.093690e+00;-1.184887e-01;1.260646e+00;-1.966325e-01;1.617838e+00;-1.048231e-01;1.312895e+00;6.696402e-02;1.375957e+00;5.743421e-02
96.000000;1.466073e+00;9.670410e+01;7.125844e-03;7.909054e-01;2.624858e-02;2.047477e-02;1.808467e-02;1.839848e-02;1.009026e-01;1.609464e-01;1.134908e+00;9.220084e+00;1.639543e-01;1.712929e+00;1.281123e-01;1.012033e+00;7.799298e-03;1.032019e-01;4.811846e-03;2.070421e-02;5.471108e-03;1.288669e-01;2.207705e-02;2.776670e-01;2.794903e-02;4.237536e-01;7.489937e-02;5.676851e-01;1.383666e-01;7.024211e-01;1.206737e-01;8.041856e-01;1.393666e-01;8.528385e-01;1.376329e-01;9.232031e-01;8.465536e-02;1.012719e+00;2.218383e-01;1.094633e+00;1.528334e-01;1.036492e+00;1.609919e-01;1.101189e+00;2.032581e-01;1.319243e+00;3.705696e-01;1.319016e+00;2.448825e-01;1.325396e+00;2.649712e-01;1.364664e+00;3.186313e-01;1.392732e+00;6.392995e-01;1.501345e+00;3.448538e-01;1.456995e+00;4.239868e-01;1.473860e+00;2.692073e-01;1.484624e+00;2.723628e-01;1.290072e+00;1.566288e-01;1.132048e+00;1.294737e-01;9.427252e-01;1.418671e-01;7.648327e-01;1.179841e-01;6.196505e-01;3.481091e-01;1.220249e+00;1.076200e-01;2.520317e-01;1.116686e+01;1.589150e+02;1.563099e+01;2.136094e+02;4.155654e+01;2.985938e+02;2.671618e+02;5.746494e+02;1.402429e-01;6.742614e-01;4.779004e+01;3.147029e+02;1.920422e-01;3.404104e+00;6.006191e+04;1.328145e+05;8.939376e-01;4.169636e+00;3.315451e+01;5.449320e+01;1.013313e-01;-5.115904e-01;3.711922e-02;3.107345e-01;1.974386e-01;7.618443e-01;2.763059e+00;4.849638e+01;4.975973e+00;-1.780417e+01;7.535490e+00;1.994622e+01;3.997040e+00;1.902672e+01;6.195852e+00;5.220761e+00;5.515736e+00;2.408596e+00;6.760931e+00;-9.643744e+00;4.695553e+00;-1.211942e+01;5.600179e+00;-2.483280e+00;3.137369e+00;-7.170119e+00;6.941392e+00;-7.298162e+00;6.520862e+00;-2.960515e+00;3.510267e+00;1.193431e+00;8.259427e+00;-1.387358e+00;8.393792e-06;1.401117e-06;8.757932e-08;-1.113830e-08;2.292341e-07;-1.664034e-08;2.240967e-07;1.280486e-08;1.063844e-06;-6.983984e-08;1.092022e-05;7.368500e-07;2.878026e-02;-2.629060e-03;2.319839e-02;-2.541729e-03;2.620282e-03;2.463626e-04;5.853036e-04;-1.523054e-04;2.536733e-03;3.485501e-04;5.870410e-03;2.920540e-04;7.052026e-03;-1.770950e-04;1.460539e-02;-1.133664e-03;3.010591e-02;-1.451340e-04;2.031682e-02;1.301812e-03;2.782207e-02;5.945542e-04;2.682586e-02;2.408088e-04;1.720247e-02;6.442305e-04;4.535928e-02;-1.189338e-03;3.302247e-02;-2.554218e-03;4.396084e-02;4.446447e-04;5.088206e-02;-5.676136e-03;6.522873e-02;-1.225318e-02;5.108468e-02;-7.321789e-03;4.951971e-02;-5.026130e-03;7.707072e-02;-3.878578e-04;9.886906e-02;-1.613197e-02;9.146002e-02;7.628254e-04;7.094008e-02;-1.066145e-02;6.480137e-02;-1.954391e-03;6.845073e-02;-1.620768e-03;3.863068e-02;-6.265830e-04;3.491111e-02;-1.451508e-03;3.832970e-02;-1.149908e-03;3.163127e-02;-1.253316e-03;8.178800e-02;2.014617e-03;1.785439e-02;-3.572319e-03;3.030704e+00;-3.301758e-01;3.381162e+00;-3.588867e-01;8.756353e+00;-1.019238e+00;5.033368e+01;-1.076660e+01;4.618702e-02;3.152841e-03;7.309899e+00;-2.279701e+00;4.397830e-02;-6.725779e-03;7.744320e+03;-2.815615e+03;2.117176e-01;2.655899e-02;8.924170e+00;3.570576e-01;3.011345e-02;-3.688423e-03;6.436102e-03;-1.695877e-03;5.192898e-02;6.502028e-04;6.981848e-01;3.305069e-02;8.626175e-01;1.301926e-01;1.311513e+00;-7.314197e-02;7.528438e-01;-7.023901e-02;1.480204e+00;6.808255e-02;1.345719e+00;-3.104682e-02;1.302271e+00;1.250821e-01;1.225474e+00;6.426675e-02;1.314771e+00;4.740845e-02;1.044469e+00;-2.288736e-02;1.317821e+00;-3.069751e-02;1.225187e+00;8.657090e-02;9.768158e-01;8.336044e-02;1.185228e+00;-1.055093e-01
96.500000;6.294217e+00;9.514458e+01;3.278168e-02;7.596093e-01;9.434652e-02;8.587824e-02;9.961156e-02;9.746213e-02;8.201203e-02;1.841281e-01;2.178444e+00;7.847724e+00;2.358131e-01;1.821164e+00;1.249432e-01;1.056767e+00;1.011164e-02;1.082876e-01;6.512605e-03;2.194633e-02;1.106117e-02;1.297861e-01;3.249044e-02;2.628833e-01;4.040114e-02;4.184569e-01;6.957389e-02;5.764408e-01;9.388451e-02;6.957419e-01;9.556055e-02;8.353206e-01;1.286018e-01;8.592706e-01;9.323222e-02;8.808624e-01;1.278915e-01;1.021339e+00;1.566371e-01;1.060004e+00;3.162083e-01;1.200875e+00;2.740647e-01;1.213310e+00;1.802373e-01;1.213863e+00;2.191872e-01;1.365758e+00;2.066118e-01;1.364106e+00;2.455749e-01;1.451943e+00;3.790661e-01;1.585167e+00;4.649390e-01;1.534606e+00;5.414478e-01;1.769320e+00;5.891346e-01;1.779391e+00;2.312933e-01;1.443453e+00;2.502702e-01;1.349542e+00;1.255296e-01;1.150424e+00;1.114028e-01;9.480805e-01;1.208651e-01;7.556850e-01;9.968735e-02;6.103236e-01;5.313076e-01;1.561816e+00;2.224259e-01;3.382319e-01;2.416627e+01;1.678154e+02;3.953778e+01;2.314102e+02;1.297083e+02;3.442441e+02;3.754899e+02;6.666680e+02;2.465911e-01;8.123586e-01;8.547797e+01;3.383341e+02;2.427252e-01;3.442166e+00;7.364170e+04;1.439594e+05;1.262966e+00;4.272738e+00;3.625030e+01;6.007641e+01;1.342672e-01;-5.663211e-01;7.085766e-02;3.320153e-01;2.364476e-01;8.472657e-01;3.179322e+00;4.620956e+01;4.106862e+00;-1.658597e+01;6.087261e+00;2.087759e+01;7.366402e+00;1.288076e+01;4.129995e+00;8.159589e+00;5.064891e+00;1.015093e+00;8.477700e+00;-1.179110e+01;4.545526e+00;-1.176252e+01;4.905454e+00;-3.241518e+00;4.325161e+00;-5.971606e+00;8.037007e+00;-4.914372e-01;1.018629e+01;-3.603458e+00;3.097036e+00;4.091087e-01;1.029257e+01;-2.877289e+00;5.841691e-05;8.898547e-08;1.138804e-07;-2.027008e-08;1.084807e-06;4.692772e-08;7.335681e-07;4.023118e-08;9.318765e-07;3.528240e-08;1.647581e-05;-1.416619e-06;4.275149e-02;2.073040e-03;2.874476e-02;-1.482279e-03;2.558625e-03;-8.963344e-05;9.203964e-04;1.234568e-04;3.089997e-03;-1.130517e-04;6.418263e-03;-6.616727e-04;8.923097e-03;-7.117844e-04;1.589949e-02;5.389279e-04;2.258903e-02;-9.195668e-05;1.925367e-02;1.788886e-03;2.753851e-02;-1.060968e-03;2.025056e-02;-1.674342e-03;3.908873e-02;-6.729044e-04;3.089036e-02;-4.546465e-03;6.029505e-02;1.891726e-03;6.439289e-02;2.939086e-03;4.757697e-02;-1.580775e-03;6.246163e-02;-7.453889e-04;6.077513e-02;1.128603e-03;5.406355e-02;-7.800343e-04;8.631769e-02;-2.341442e-03;9.255498e-02;-2.030292e-03;1.281198e-01;-1.769920e-03;1.326111e-01;-1.945282e-03;6.021809e-02;-4.847598e-03;7.120871e-02;-6.136963e-03;4.004756e-02;-3.815480e-03;3.131763e-02;-3.820802e-03;3.630145e-02;-4.035482e-03;2.994841e-02;-3.443865e-03;1.105581e-01;7.358078e-03;3.855166e-02;3.483188e-03;6.422464e+00;5.455078e-01;4.444983e+00;9.331055e-01;2.875234e+01;1.665234e+00;5.099486e+01;6.316406e+00;6.418974e-02;2.341665e-03;1.321646e+01;1.859068e+00;5.094075e-02;3.906942e-03;1.336268e+04;1.306994e+03;2.657862e-01;-2.951252e-02;1.006060e+01;-8.749543e-01;3.177163e-02;1.193166e-03;1.071087e-02;1.584730e-03;5.785931e-02;2.337734e-03;6.696293e-01;-1.896762e-02;9.381477e-01;-6.713276e-02;1.298244e+00;7.849130e-02;9.207429e-01;-1.502389e-01;1.174872e+00;3.090741e-02;1.303360e+00;-1.315355e-01;1.485692e+00;-1.950760e-01;1.204333e+00;4.174858e-02;1.249677e+00;7.620352e-02;1.022057e+00;6.587140e-02;1.214455e+00;1.959216e-01;1.374561e+00;-1.186787e-01;8.942882e-01;7.969478e-03;1.362189e+00;1.112791e-01
97.000000;7.695168e+00;9.581773e+01;1.506203e-02;7.332743e-01;1.035577e-01;1.348805e-01;1.031067e-01;1.622697e-01;8.391007e-02;1.718049e-01;1.301246e+00;5.653991e+00;1.654355e-01;2.038217e+00;1.207655e-01;1.058316e+00;1.270752e-02;1.041506e-01;4.648714e-03;2.824389e-02;1.280639e-02;1.285183e-01;3.278724e-02;2.602438e-01;4.312463e-02;4.119244e-01;7.736028e-02;5.682253e-01;9.207608e-02;6.773006e-01;7.288639e-02;8.082469e-01;8.349537e-02;9.133320e-01;1.373206e-01;9.759754e-01;1.424945e-01;1.012823e+00;1.470339e-01;1.040462e+00;3.153211e-01;1.197478e+00;2.742502e-01;1.233276e+00;1.955398e-01;1.174863e+00;2.582441e-01;1.364952e+00;2.438356e-01;1.414799e+00;2.205442e-01;1.515585e+00;3.582645e-01;1.617896e+00;5.147653e-01;1.668246e+00;5.276380e-01;1.773604e+00;6.230764e-01;1.718075e+00;1.985670e-01;1.372055e+00;2.273872e-01;1.309407e+00;1.139054e-01;1.088069e+00;9.419032e-02;9.071875e-01;8.700574e-02;7.511496e-01;7.023586e-02;6.125123e-01;4.897657e-01;1.849250e+00;2.227048e-01;4.654769e-01;4.088159e+01;1.966699e+02;4.394275e+01;2.770605e+02;1.458900e+02;4.622461e+02;3.418406e+02;1.004309e+03;2.147058e-01;9.133739e-01;9.090976e+01;4.305804e+02;2.782731e-01;3.743790e+00;7.798849e+04;2.152850e+05;1.242086e+00;3.320097e+00;3.057920e+01;3.432253e+01;1.402123e-01;-5.258600e-01;7.456321e-02;4.100668e-01;2.669838e-01;9.731222e-01;1.894773e+00;4.389374e+01;4.598152e+00;-2.117545e+01;4.331559e+00;2.419359e+01;5.693077e+00;4.945192e+00;6.567884e+00;3.918085e+00;6.181474e+00;3.352575e+00;7.242476e+00;-1.593705e+01;6.464820e+00;-9.623818e+00;3.905915e+00;-7.757755e-01;5.125138e+00;-5.449675e+00;4.814568e+00;3.786362e+00;8.986135e+00;-7.218438e+00;3.418048e+00;-1.931620e+00;8.867520e+00;4.090052e+00;7.583186e-05;-2.233005e-07;1.188201e-07;7.696345e-09;1.458260e-06;5.225317e-08;1.090419e-06;4.287204e-08;1.143245e-06;2.105153e-09;1.550918e-05;-1.551944e-06;4.407527e-02;-1.418987e-03;2.832837e-02;-3.289039e-03;1.532143e-03;-4.480981e-04;9.640388e-04;9.309650e-05;2.396343e-03;-3.106539e-04;6.615971e-03;-2.538395e-04;9.311979e-03;-5.079028e-04;1.426430e-02;1.618777e-04;1.949091e-02;-5.052944e-04;1.565075e-02;1.865193e-03;2.216341e-02;4.964984e-04;2.594909e-02;-1.807082e-03;5.104661e-02;9.629141e-04;2.967993e-02;-8.396429e-04;5.731868e-02;-1.491588e-03;6.230611e-02;-2.556778e-03;5.156510e-02;-5.684027e-03;6.858163e-02;-3.953609e-03;6.421715e-02;-3.278528e-03;5.640502e-02;-4.232040e-03;7.457986e-02;-9.549368e-03;1.195729e-01;-9.294838e-03;1.115799e-01;-1.315591e-02;1.299926e-01;-8.833149e-03;5.370989e-02;-8.584809e-03;6.501588e-02;-8.234573e-03;3.373671e-02;-3.479995e-03;2.607528e-02;-1.507397e-03;2.912698e-02;-7.373707e-04;2.240534e-02;-2.031036e-04;1.194800e-01;-2.634584e-03;4.436178e-02;-1.147980e-03;7.880302e+00;1.148437e-01;6.247120e+00;4.593750e-01;3.729354e+01;2.914160e+00;5.552346e+01;4.579394e+00;7.217480e-02;1.207075e-04;1.567486e+01;1.330323e+00;4.709142e-02;8.144863e-03;1.772869e+04;6.763011e+02;2.132585e-01;-1.718526e-02;6.244220e+00;-2.496565e-01;1.881086e-02;5.392345e-03;1.166046e-02;1.268708e-03;5.833828e-02;-4.016914e-03;5.591246e-01;1.387876e-03;9.989676e-01;-2.177361e-02;1.322926e+00;-6.340040e-02;8.673809e-01;-1.631127e-01;1.116675e+00;-1.632025e-01;1.238851e+00;1.164520e-01;1.447832e+00;-5.646183e-03;1.092726e+00;2.765243e-02;1.161758e+00;1.535168e-02;1.110100e+00;1.075644e-01;1.191486e+00;9.748957e-02;1.599424e+00;-1.769009e-01;1.140616e+00;-7.308581e-02;1.283983e+00;9.991104e-02
97.500000;4.565943e+00;9.715605e+01;2.189794e-02;7.550813e-01;9.524083e-02;9.650100e-02;1.015874e-01;1.044722e-01;1.035158e-01;1.486216e-01;1.176844e+00;6.009219e+00;1.987460e-01;1.921569e+00;6.132549e-02;9.775886e-01;1.153170e-02;8.586569e-02;3.450500e-03;2.854875e-02;8.286741e-03;1.255059e-01;3.443648e-02;2.681352e-01;7.305980e-02;4.026912e-01;7.731789e-02;5.378718e-01;1.008741e-01;6.715490e-01;8.450168e-02;8.133476e-01;1.096683e-01;8.806041e-01;1.750559e-01;9.876673e-01;1.113136e-01;9.915476e-01;1.486997e-01;1.032079e+00;1.151873e-01;9.921694e-01;1.471177e-01;1.115137e+00;1.557108e-01;1.163114e+00;2.154213e-01;1.268096e+00;1.958149e-01;1.319527e+00;1.483370e-01;1.385265e+00;1.866763e-01;1.381907e+00;4.105885e-01;1.499641e+00;2.383632e-01;1.382152e+00;1.581146e-01;1.317152e+00;1.420891e-01;1.385165e+00;1.508498e-01;1.171679e+00;7.824138e-02;1.051857e+00;6.397951e-02;8.932926e-01;5.235692e-02;7.619051e-01;3.767771e-02;6.182465e-01;6.208639e-01;1.308073e+00;2.039573e-01;3.097359e-01;4.812830e+01;1.894922e+02;4.913598e+01;3.069199e+02;1.116782e+02;5.331621e+02;2.201118e+02;1.004596e+03;1.620718e-01;7.554927e-01;6.228888e+01;4.553827e+02;2.037598e-01;3.977630e+00;6.222245e+04;2.233939e+05;5.723427e-01;2.945913e+00;1.096642e+01;2.253768e+01;1.031800e-01;-3.520947e-01;4.973295e-02;4.353093e-01;3.215279e-01;7.582889e-01;1.564034e+00;4.357593e+01;4.038888e+00;-2.119525e+01;4.634192e+00;2.040915e+01;6.148133e+00;4.721394e-01;4.963191e+00;-4.901970e+00;6.893517e+00;6.731453e+00;7.009916e+00;-9.523746e+00;6.786514e+00;-3.253803e+00;5.516048e+00;1.678136e+00;5.451610e+00;-2.134955e+00;3.769518e+00;3.430347e+00;4.533322e+00;-6.298083e+00;5.150517e+00;-6.092452e-01;5.503453e+00;3.247148e+00;4.949985e-05;4.951299e-07;1.081379e-07;1.823851e-08;1.072963e-06;-3.659406e-08;9.213400e-07;-5.834978e-08;1.256458e-06;-4.323195e-08;1.006814e-05;5.565959e-07;3.041195e-02;-4.374683e-03;1.761719e-02;-5.905193e-05;1.756156e-03;-1.903997e-04;7.478002e-04;-7.319225e-05;1.929433e-03;-6.798842e-06;1.026175e-02;1.015213e-03;1.286823e-02;1.678686e-03;1.340437e-02;-2.011608e-04;2.145144e-02;-1.271820e-03;1.698335e-02;-1.165528e-03;1.779709e-02;-3.215618e-03;3.013795e-02;-2.701442e-03;4.329078e-02;1.602137e-03;3.080772e-02;1.004354e-03;2.284914e-02;-2.443627e-03;4.239568e-02;-8.746827e-04;4.781125e-02;9.278360e-04;5.386984e-02;-3.634260e-04;4.752475e-02;-2.828637e-05;4.422174e-02;1.094833e-03;4.780841e-02;-8.257718e-04;1.053327e-01;-2.458525e-03;4.743201e-02;-1.818173e-03;3.320541e-02;9.919467e-04;4.398688e-02;2.230108e-03;4.414035e-02;9.360006e-06;2.460166e-02;2.625385e-04;2.393756e-02;1.325570e-03;2.224925e-02;2.234526e-03;1.537053e-02;1.462404e-03;8.731922e-02;-1.049360e-02;2.425837e-02;-4.735799e-03;9.155773e+00;-4.593750e-01;1.010498e+01;-6.747071e-01;2.849165e+01;-1.248926e+00;4.107455e+01;-6.014941e+00;4.539924e-02;-1.454113e-03;1.256062e+01;-1.518330e+00;4.485846e-02;-3.132322e-03;1.454287e+04;-1.223291e+03;1.124082e-01;2.726035e-02;3.239279e+00;6.674100e-01;1.488114e-02;2.026709e-03;9.488639e-03;-1.224772e-03;4.388356e-02;-6.632966e-03;5.113204e-01;-1.578857e-02;7.356728e-01;9.273907e-02;1.125490e+00;-8.620043e-02;8.561100e-01;5.167656e-02;1.000910e+00;-1.087970e-01;1.190207e+00;8.728072e-02;1.180197e+00;1.740903e-01;1.037456e+00;4.667872e-02;1.398092e+00;-1.575834e-01;1.180757e+00;-1.598632e-02;1.175740e+00;-1.437672e-02;1.552036e+00;2.604264e-02;1.417297e+00;4.508698e-02;9.013686e-01;-1.765467e-01
98.000000;1.757242e+00;9.662730e+01;1.339921e-02;7.819306e-01;5.788794e-02;4.718480e-02;4.747937e-02;3.432619e-02;9.534444e-02;1.526362e-01;1.526614e+00;7.923687e+00;1.340922e-01;1.778996e+00;7.531719e-02;9.729974e-01;1.058905e-02;8.500934e-02;4.316159e-03;2.543588e-02;8.785062e-03;1.286272e-01;3.883212e-02;2.733979e-01;8.911184e-02;4.366930e-01;7.478184e-02;5.689973e-01;1.074681e-01;6.811297e-01;8.572264e-02;7.481759e-01;1.084339e-01;8.111487e-01;1.463555e-01;8.926216e-01;8.803054e-02;9.690797e-01;1.033199e-01;1.007838e+00;9.410409e-02;1.037863e+00;1.578651e-01;1.183699e+00;1.957390e-01;1.213568e+00;1.934163e-01;1.262359e+00;1.706380e-01;1.340262e+00;1.526848e-01;1.352872e+00;2.395129e-01;1.355221e+00;4.441870e-01;1.463449e+00;2.153231e-01;1.293108e+00;1.611730e-01;1.284194e+00;1.253686e-01;1.331076e+00;1.309777e-01;1.181935e+00;9.692811e-02;1.138376e+00;7.282075e-02;9.618894e-01;7.339516e-02;7.737366e-01;5.756091e-02;6.066164e-01;5.255402e-01;1.294653e+00;3.998164e-02;1.765490e-01;3.729550e+01;1.797305e+02;4.797734e+01;2.945742e+02;1.332976e+02;4.430098e+02;2.048992e+02;7.482070e+02;9.975489e-02;6.765842e-01;5.702477e+01;4.007704e+02;2.803429e-01;3.803650e+00;5.132000e+04;1.796325e+05;8.016575e-01;3.648531e+00;1.842382e+01;3.309925e+01;9.960840e-02;-3.385102e-01;4.870281e-02;3.919778e-01;1.062595e-01;5.755106e-01;1.406988e+00;4.305745e+01;3.543671e+00;-1.659440e+01;4.588035e+00;1.825201e+01;8.992736e+00;5.874479e+00;5.631971e+00;-9.837541e+00;6.601100e+00;4.206045e+00;4.262722e+00;-4.589935e+00;8.836804e+00;-7.162560e+00;5.622822e+00;2.085573e+00;8.403848e+00;-6.319044e+00;4.177695e+00;2.076707e+00;4.619198e+00;-4.960752e+00;4.451769e+00;2.691538e+00;3.914726e+00;-2.724876e-01;9.628498e-06;-6.626698e-09;7.578596e-08;6.162605e-09;4.398868e-07;-3.813812e-08;4.238522e-07;-4.324444e-08;1.044663e-06;-2.977566e-08;1.143782e-05;1.006266e-06;3.249403e-02;-2.608464e-03;1.732136e-02;-1.654182e-04;2.080203e-03;-1.723045e-05;7.872983e-04;-1.048123e-04;2.163689e-03;8.310225e-05;1.096408e-02;-5.608057e-04;1.320650e-02;-1.568838e-04;1.257804e-02;9.599231e-04;2.517568e-02;1.342647e-03;1.523178e-02;-4.241880e-03;1.859313e-02;-2.892306e-03;2.281694e-02;6.444035e-04;3.026632e-02;-2.233437e-03;2.807875e-02;1.172424e-03;1.888776e-02;2.673906e-03;5.653735e-02;1.428683e-03;4.959878e-02;1.660104e-03;4.548291e-02;4.201181e-04;4.193716e-02;6.819188e-04;3.538384e-02;-7.448761e-04;5.581795e-02;-1.189677e-03;1.002172e-01;-2.366303e-03;5.618257e-02;-3.064465e-03;3.839105e-02;-1.215981e-03;3.752325e-02;-6.394727e-04;3.360920e-02;8.431834e-04;3.016840e-02;1.818270e-03;2.556072e-02;1.288761e-03;2.295298e-02;3.543540e-04;1.813979e-02;-3.665688e-04;7.161818e-02;2.611388e-03;1.298381e-02;-4.624215e-04;9.197935e+00;-1.866211e-01;9.410226e+00;4.306641e-01;1.425986e+01;-1.808789e+00;3.631311e+01;-3.789844e+00;2.409158e-02;-1.381539e-03;9.321774e+00;-5.998010e-01;3.817188e-02;-3.390567e-03;1.068640e+04;-5.680751e+02;1.548658e-01;1.129598e-02;5.574453e+00;2.978800e-01;1.784039e-02;2.341653e-04;7.802659e-03;-4.774155e-04;2.780462e-02;3.412029e-04;4.583158e-01;-1.798530e-02;6.947490e-01;8.242267e-02;1.087615e+00;-9.138076e-02;9.057827e-01;2.382400e-01;1.125780e+00;-1.180905e-02;9.938972e-01;-1.676922e-01;1.107633e+00;5.870011e-02;9.953185e-01;-2.799855e-01;1.434352e+00;-3.410405e-02;1.119415e+00;-7.056331e-02;1.090356e+00;4.383811e-02;1.428554e+00;1.103586e-01;1.338141e+00;1.776479e-01;9.548116e-01;1.045409e-01
98.500000;5.190370e-01;9.765177e+01;1.326637e-02;7.949549e-01;1.356520e-02;2.078273e-02;1.159051e-02;1.231488e-02;9.385986e-02;1.600401e-01;2.010164e+00;9.136264e+00;1.618090e-01;1.727971e+00;9.145205e-02;9.994352e-01;8.588595e-03;8.828995e-02;3.990147e-03;2.260897e-02;8.331046e-03;1.317698e-01;3.332978e-02;2.851540e-01;6.541906e-02;4.325631e-01;8.141762e-02;5.500390e-01;1.048035e-01;6.893790e-01;1.014952e-01;7.345514e-01;1.120998e-01;8.231689e-01;8.086604e-02;8.912145e-01;5.625288e-02;9.762125e-01;7.418910e-02;1.041025e+00;8.244392e-02;1.064171e+00;1.824956e-01;1.164943e+00;2.088865e-01;1.252797e+00;2.231169e-01;1.259588e+00;1.847218e-01;1.324218e+00;1.783780e-01;1.370743e+00;3.141254e-01;1.434459e+00;5.392231e-01;1.553553e+00;2.978012e-01;1.446459e+00;2.003879e-01;1.360108e+00;1.851803e-01;1.404679e+00;1.408058e-01;1.325901e+00;9.771360e-02;1.155087e+00;7.543879e-02;9.694449e-01;8.824479e-02;7.434226e-01;7.125505e-02;6.006638e-01;5.269881e-01;1.351152e+00;5.127876e-02;1.624595e-01;3.392601e+01;1.732705e+02;3.811613e+01;2.657197e+02;4.450195e+01;3.430957e+02;1.858507e+02;6.147012e+02;1.330597e-01;6.374389e-01;4.537521e+01;3.529027e+02;2.092378e-01;3.577439e+00;5.169550e+04;1.564888e+05;7.751360e-01;4.404470e+00;2.387374e+01;4.855016e+01;8.484615e-02;-3.693245e-01;3.829507e-02;3.486511e-01;1.342347e-01;6.298503e-01;1.710575e+00;4.200581e+01;3.019031e+00;-1.306138e+01;4.597559e+00;1.853275e+01;4.158759e+00;1.096197e+01;7.408471e+00;-7.147710e+00;3.373751e+00;-7.597128e-01;5.672642e+00;-6.115354e-01;6.222216e+00;-1.682050e+01;6.485781e+00;4.725713e+00;4.874690e+00;-1.072933e+01;4.004030e+00;-4.954707e-01;5.631338e+00;3.785833e-01;4.309301e+00;3.706492e+00;4.326790e+00;-1.120896e+00;5.200243e-06;5.295738e-08;6.887279e-08;9.544864e-09;1.068276e-07;9.591766e-10;1.205175e-07;7.028197e-09;1.077100e-06;8.741130e-09;1.376070e-05;8.521607e-07;3.468775e-02;-6.283928e-05;2.212260e-02;6.047905e-04;2.181448e-03;3.739075e-05;8.649431e-04;-4.308389e-05;2.141293e-03;9.730715e-05;8.237097e-03;-7.409146e-04;1.009367e-02;-1.474833e-03;1.544788e-02;1.719370e-04;2.537887e-02;1.537945e-03;2.047026e-02;1.975696e-03;2.267106e-02;3.476143e-03;1.473633e-02;2.298172e-03;1.905197e-02;-5.157466e-04;1.922906e-02;1.074721e-03;1.365880e-02;2.460421e-06;5.173613e-02;-4.052103e-04;5.670707e-02;-2.254909e-04;5.746564e-02;4.864224e-04;4.597529e-02;1.266440e-04;4.307853e-02;-4.648903e-04;7.491831e-02;9.752215e-04;1.251601e-01;1.059102e-03;7.993807e-02;2.885382e-03;4.877473e-02;1.359650e-03;4.473298e-02;9.158341e-04;4.246160e-02;1.853050e-03;3.663538e-02;1.258237e-03;2.581621e-02;5.022332e-04;2.284875e-02;-2.459751e-03;2.098921e-02;-4.476589e-05;8.659211e-02;-2.675310e-03;1.347978e-02;-2.346086e-04;6.890864e+00;-4.019531e-01;7.353364e+00;5.742187e-02;1.022291e+01;3.732422e-01;5.687401e+01;-2.296875e-01;2.684111e-02;-3.087546e-03;1.024854e+01;-1.967812e-01;4.754804e-02;9.204348e-04;1.547274e+04;-3.184941e+01;2.062869e-01;2.775136e-04;7.685987e+00;-8.754759e-02;1.981978e-02;3.187811e-05;7.673301e-03;-1.930114e-04;4.209985e-02;1.868739e-03;5.371571e-01;-1.374932e-02;7.899989e-01;4.587960e-02;1.229945e+00;-3.093545e-03;8.542165e-01;-5.471322e-02;1.167419e+00;2.677102e-02;1.000875e+00;-9.309305e-02;1.006452e+00;1.265881e-01;1.199657e+00;-5.732665e-02;1.372676e+00;1.691388e-01;1.091303e+00;6.009758e-04;1.113435e+00;1.498799e-02;1.143635e+00;1.607114e-01;1.130362e+00;-3.037795e-03;1.161299e+00;3.271513e-02
99.000000;1.653031e+01;1.016301e+02;1.500324e-02;8.014039e-01;7.414930e-02;3.922822e-02;9.389757e-02;4.615950e-02;9.484387e-02;1.439207e-01;2.367417e+00;9.364306e+00;1.318429e-01;1.676968e+00;8.409215e-02;1.021043e+00;9.890215e-03;8.130541e-02;4.076787e-03;2.274250e-02;2.014848e-02;1.265109e-01;3.628707e-02;2.822098e-01;6.015015e-02;4.064045e-01;7.673117e-02;5.353064e-01;7.872508e-02;6.717348e-01;9.671877e-02;7.543671e-01;9.547427e-02;8.357072e-01;4.022530e-02;9.113405e-01;3.754576e-02;9.908560e-01;4.059650e-02;1.046755e+00;6.927317e-02;1.077327e+00;2.048364e-01;1.182501e+00;2.016290e-01;1.243578e+00;2.804516e-01;1.288563e+00;2.131522e-01;1.345426e+00;1.725326e-01;1.390856e+00;2.768082e-01;1.485593e+00;4.330651e-01;1.517819e+00;2.775356e-01;1.570048e+00;2.330979e-01;1.559055e+00;1.666032e-01;1.587328e+00;1.285521e-01;1.352583e+00;8.867452e-02;1.107551e+00;6.501823e-02;9.310964e-01;6.685562e-02;7.224117e-01;5.939619e-02;6.241884e-01;3.709102e-01;8.943300e-01;5.096385e-02;1.532423e-01;2.823469e+01;1.645137e+02;4.578022e+01;2.512207e+02;8.044752e+01;3.540059e+02;2.819546e+02;7.016953e+02;1.055652e-01;5.064278e-01;6.612029e+01;3.608029e+02;3.283206e-01;3.502075e+00;7.434338e+04;1.802584e+05;9.830393e-01;4.441806e+00;2.655850e+01;5.059028e+01;8.253816e-02;-3.165242e-01;5.289891e-02;3.505115e-01;1.862823e-01;6.548332e-01;2.866933e+00;3.903277e+01;3.235809e+00;-1.209437e+01;3.274988e+00;1.901816e+01;3.783145e+00;6.596186e+00;5.665631e+00;3.964243e-01;3.989852e+00;-3.131869e+00;5.785646e+00;5.971030e-01;6.239147e+00;-1.506483e+01;8.987547e+00;1.379268e+00;8.512834e+00;-8.819440e+00;4.276766e+00;-3.134432e+00;4.375290e+00;2.744843e+00;4.509257e+00;4.137016e+00;4.529547e+00;-3.777250e+00;2.003146e-04;1.254371e-07;1.094725e-07;-1.124380e-09;7.663541e-07;-1.022191e-08;8.597974e-07;-5.550235e-09;1.171076e-06;4.139011e-08;1.942057e-05;-3.270192e-07;3.277382e-02;1.127589e-03;2.188205e-02;6.191320e-04;3.112291e-03;-1.599086e-04;9.249654e-04;1.203074e-04;3.699318e-03;1.716069e-05;1.307805e-02;-3.530550e-04;1.812818e-02;-7.018798e-04;1.940010e-02;-1.212481e-04;2.218870e-02;-3.155196e-04;2.079371e-02;1.599094e-03;1.960788e-02;2.176350e-03;1.108275e-02;9.152511e-04;1.206636e-02;8.430824e-04;1.364691e-02;-3.232753e-05;1.370831e-02;-2.162489e-04;4.962160e-02;1.866412e-03;5.742221e-02;1.805061e-03;7.669538e-02;1.336211e-03;5.287139e-02;1.485658e-03;4.746360e-02;-2.772388e-04;6.979927e-02;-1.017025e-03;9.940839e-02;1.997689e-03;8.191042e-02;1.582435e-03;5.116419e-02;3.796780e-03;5.432231e-02;1.276540e-03;3.871073e-02;-5.550765e-04;3.357403e-02;-1.173455e-03;2.249700e-02;-1.122179e-03;2.201531e-02;3.288719e-04;1.715172e-02;9.560773e-04;8.788349e-02;-5.620738e-03;1.342053e-02;3.338777e-04;7.988389e+00;3.014649e-01;1.404737e+01;1.148437e-01;2.817204e+01;1.335059e+00;9.397679e+01;5.785254e+00;2.321844e-02;-1.946565e-03;2.024288e+01;1.021738e+00;1.023144e-01;3.683278e-03;2.242057e+04;1.233583e+03;3.129542e-01;-1.004490e-02;8.667958e+00;-2.527489e-01;2.748324e-02;8.400676e-04;1.613251e-02;7.503743e-04;5.869590e-02;-9.700597e-04;5.702886e-01;-6.932870e-02;9.066084e-01;-2.044723e-02;1.039416e+00;2.500245e-02;9.571273e-01;-1.231425e-01;1.076290e+00;9.372190e-02;9.149118e-01;-3.940241e-02;1.292433e+00;-3.574190e-02;1.141485e+00;2.620679e-01;1.491613e+00;-8.969671e-02;1.647680e+00;7.214487e-02;1.272970e+00;-6.061104e-02;1.299994e+00;3.630065e-02;1.403353e+00;-1.176277e-03;1.288852e+00;-4.212936e-02
99.500000;1.673798e+01;1.010900e+02;2.628851e-02;7.826687e-01;8.747776e-02;6.145331e-02;1.001117e-01;6.671751e-02;9.443924e-02;1.463224e-01;2.662568e+00;7.514081e+00;3.160990e-01;1.945152e+00;1.073362e-01;1.059181e+00;1.352742e-02;8.625519e-02;5.827675e-03;2.839254e-02;2.298933e-02;1.314637e-01;3.448864e-02;2.687209e-01;7.266296e-02;4.318148e-01;6.314725e-02;5.759506e-01;8.942292e-02;7.085189e-01;1.442539e-01;8.261769e-01;1.031704e-01;8.568647e-01;1.432568e-01;9.248059e-01;1.386188e-01;1.002002e+00;1.444930e-01;1.061798e+00;2.035754e-01;1.228781e+00;2.125708e-01;1.288508e+00;2.531849e-01;1.305374e+00;3.573575e-01;1.369941e+00;2.593831e-01;1.447857e+00;2.432022e-01;1.517428e+00;2.733372e-01;1.585071e+00;4.059569e-01;1.595089e+00;2.982945e-01;1.637689e+00;2.540033e-01;1.631359e+00;2.162258e-01;1.473466e+00;1.003052e-01;1.299890e+00;8.098617e-02;1.080270e+00;7.857951e-02;8.886229e-01;6.367055e-02;7.664021e-01;5.480609e-02;6.348420e-01;5.299163e-01;1.115409e+00;1.929356e-01;3.139888e-01;2.643122e+01;1.794434e+02;5.173449e+01;2.734717e+02;1.411808e+02;4.392773e+02;3.880467e+02;1.052256e+03;1.682372e-01;5.826207e-01;9.324861e+01;4.427366e+02;4.881104e-01;3.823222e+00;9.945809e+04;2.684310e+05;1.140365e+00;3.478532e+00;2.407594e+01;3.111552e+01;1.145378e-01;-3.606326e-01;7.084390e-02;4.120088e-01;2.352781e-01;7.195345e-01;1.603068e+00;3.696032e+01;4.425524e+00;-1.553047e+01;3.472555e+00;2.144844e+01;3.174560e+00;4.532902e+00;5.367918e+00;5.784485e-01;4.653976e+00;-3.478053e+00;7.813937e+00;-6.055633e+00;4.124710e+00;-9.981923e+00;8.120530e+00;-1.968377e+00;1.272797e+01;-2.823129e+00;4.505435e+00;-3.476851e+00;6.172852e+00;9.812892e-01;3.983685e+00;3.843409e+00;4.912287e+00;-2.546547e+00;2.004568e-04;-1.333718e-06;1.394491e-07;-1.543309e-08;8.869030e-07;5.683238e-10;9.806475e-07;-2.478571e-10;1.249806e-06;4.069505e-09;1.946449e-05;-1.091881e-06;5.079510e-02;5.417557e-03;2.485709e-02;-5.352540e-04;3.510153e-03;1.331704e-04;9.207544e-04;1.478962e-04;4.009526e-03;6.162739e-05;1.336180e-02;2.157344e-04;2.149663e-02;9.707805e-05;1.668901e-02;-8.644594e-04;2.218232e-02;-7.589958e-04;3.506092e-02;-1.309304e-03;1.832045e-02;-8.243148e-04;2.811239e-02;-6.376947e-04;4.393626e-02;-2.651736e-03;4.002179e-02;-1.046116e-03;3.561305e-02;2.459395e-03;5.657544e-02;3.060049e-03;5.690501e-02;-8.040508e-04;8.377339e-02;-2.877950e-03;7.449744e-02;-1.450467e-03;6.169603e-02;1.026495e-03;6.729629e-02;1.775217e-03;9.022463e-02;4.747677e-04;7.839039e-02;-8.069451e-04;5.324638e-02;-2.206129e-03;4.728532e-02;-1.300943e-03;3.398010e-02;-2.827291e-03;2.811614e-02;-1.998780e-03;2.631198e-02;-1.941765e-03;2.271761e-02;1.466325e-03;1.768735e-02;-2.463567e-04;1.099806e-01;6.071028e-03;3.081163e-02;4.481674e-03;8.950310e+00;3.732422e-01;1.458586e+01;5.455078e-01;3.657458e+01;1.492969e+00;9.145686e+01;8.742480e+00;3.705824e-02;3.855573e-03;2.218019e+01;1.855026e+00;1.020954e-01;6.150280e-03;2.254576e+04;1.857115e+03;2.827575e-01;-2.808652e-02;6.417549e+00;-6.255946e-01;3.093548e-02;-1.394929e-03;1.748405e-02;1.419508e-03;6.828808e-02;2.727527e-04;4.201209e-01;-2.531985e-02;9.344165e-01;-1.003823e-01;9.262782e-01;8.173998e-02;1.045828e+00;3.146937e-02;1.168796e+00;-2.841896e-02;1.401256e+00;3.845601e-02;1.459260e+00;-2.619770e-01;1.155227e+00;4.291802e-02;1.830507e+00;7.113321e-02;1.844396e+00;2.435082e-01;1.375952e+00;-1.254362e-01;1.626737e+00;-1.576695e-01;1.400433e+00;1.798747e-02;1.340023e+00;7.925097e-02
100.000000;3.608135e+00;9.650566e+01;1.547906e-02;7.636009e-01;1.011751e-01;7.465693e-02;8.521122e-02;6.552421e-02;1.049562e-01;1.499227e-01;1.477093e+00;6.103904e+00;2.133940e-01;2.254312e+00;1.140144e-01;1.049179e+00;1.593993e-02;1.048848e-01;3.945227e-03;3.049257e-02;3.449309e-02;1.358038e-01;4.585288e-02;2.870831e-01;5.893352e-02;4.556474e-01;5.273122e-02;5.660352e-01;9.647509e-02;7.132137e-01;1.611338e-01;8.527033e-01;1.189732e-01;8.871068e-01;1.981809e-01;9.591677e-01;2.086083e-01;1.029062e+00;1.580515e-01;1.086434e+00;2.305819e-01;1.218388e+00;2.107049e-01;1.228879e+00;2.140455e-01;1.277569e+00;2.969790e-01;1.332136e+00;2.815404e-01;1.385065e+00;2.171923e-01;1.537519e+00;2.583641e-01;1.550641e+00;3.885666e-01;1.546546e+00;2.928480e-01;1.640466e+00;2.548428e-01;1.560119e+00;1.789671e-01;1.345028e+00;1.852892e-01;1.287511e+00;1.273716e-01;1.090710e+00;1.693552e-01;9.110873e-01;5.825633e-02;7.821013e-01;5.858935e-02;6.126245e-01;5.086096e-01;1.629614e+00;1.517273e-01;4.731632e-01;2.142527e+01;1.830322e+02;4.577459e+01;2.792139e+02;1.258911e+02;4.819131e+02;2.978492e+02;1.170976e+03;2.518451e-01;8.965225e-01;7.320171e+01;4.722734e+02;3.922783e-01;3.926465e+00;7.818508e+04;2.967446e+05;7.281786e-01;3.056826e+00;1.055931e+01;2.125173e+01;1.747052e-01;-5.340581e-01;5.482579e-02;4.346376e-01;3.795626e-01;9.919471e-01;1.184605e+00;3.711930e+01;3.164773e+00;-1.791292e+01;2.827595e+00;2.270794e+01;3.971584e+00;3.098814e+00;4.573042e+00;-2.408185e+00;4.868972e+00;-3.471281e-01;6.687553e+00;-1.170595e+01;5.093460e+00;-1.154248e+01;9.532469e+00;-1.909545e-01;9.171222e+00;2.918462e+00;7.114116e+00;-4.841015e+00;9.359632e+00;-5.763185e+00;4.620220e+00;2.141453e+00;4.409408e+00;-1.471750e+00;4.368594e-05;-8.272424e-08;1.609020e-07;-1.135562e-08;1.061460e-06;7.121143e-08;9.570706e-07;2.590996e-08;1.248412e-06;-1.095440e-08;1.499241e-05;-1.131554e-06;6.296130e-02;3.635650e-03;2.860200e-02;-8.289764e-04;3.242340e-03;4.363861e-04;8.199812e-04;-3.602923e-05;5.917375e-03;2.715242e-04;1.127483e-02;4.953762e-04;1.621666e-02;1.165443e-03;1.325530e-02;9.120843e-05;2.538679e-02;-1.599778e-03;4.689243e-02;-1.678192e-03;2.782713e-02;-4.231415e-04;3.974722e-02;-1.750373e-03;6.323344e-02;-3.405567e-03;5.010347e-02;-2.196931e-04;3.873164e-02;-4.768726e-04;4.772490e-02;-1.011419e-03;4.438049e-02;-6.044008e-04;6.198865e-02;3.460813e-04;9.792722e-02;-2.264859e-03;5.776053e-02;-8.231819e-05;6.579960e-02;9.759791e-04;9.747953e-02;-1.535823e-03;9.351646e-02;1.104908e-03;7.323086e-02;-3.540691e-03;5.957647e-02;-4.258510e-03;4.611287e-02;-8.893283e-04;3.779535e-02;-5.091683e-04;4.879807e-02;-2.169820e-04;2.103916e-02;-3.540138e-04;1.928525e-02;-1.182766e-03;1.328823e-01;9.574974e-03;4.272496e-02;1.684607e-03;7.399001e+00;1.004883e-01;1.073546e+01;-6.172851e-01;3.506339e+01;-1.851856e+00;7.194932e+01;-3.316113e+00;5.917338e-02;3.657813e-03;1.895192e+01;-8.990331e-01;7.837743e-02;-4.302228e-03;2.216655e+04;-6.148080e+02;1.687210e-01;7.745683e-03;2.873653e+00;8.849784e-02;3.926834e-02;-3.758137e-03;1.398362e-02;-7.905301e-04;9.384563e-02;3.296824e-03;4.052528e-01;2.631015e-02;8.622299e-01;-1.385606e-02;9.414784e-01;8.914195e-02;1.075308e+00;5.076406e-02;1.355984e+00;1.391547e-02;1.798530e+00;9.010474e-02;1.589294e+00;-1.223322e-01;1.278946e+00;-1.198054e-01;2.161102e+00;1.279550e-01;1.838326e+00;-4.073245e-02;1.840638e+00;-5.361596e-02;2.046038e+00;-1.639851e-01;1.447186e+00;-6.733286e-02;1.408021e+00;-4.274358e-02
100.500000;3.346322e+00;9.717574e+01;1.194807e-02;7.649027e-01;1.027299e-01;9.121671e-02;8.595210e-02;9.299110e-02;9.403722e-02;1.616136e-01;1.230843e+00;6.166964e+00;2.562318e-01;2.099092e+00;8.371844e-02;9.701055e-01;1.446772e-02;1.072051e-01;3.732026e-03;2.620181e-02;3.408572e-02;1.335639e-01;5.112262e-02;2.810228e-01;5.017314e-02;4.310967e-01;3.439587e-02;5.419807e-01;8.488864e-02;6.421063e-01;1.430945e-01;7.584051e-01;1.171839e-01;8.495587e-01;1.788501e-01;8.930828e-01;1.963621e-01;9.964986e-01;1.155242e-01;1.038689e+00;1.258259e-01;1.046451e+00;1.603100e-01;1.109163e+00;1.062202e-01;1.187361e+00;1.796541e-01;1.238532e+00;2.882008e-01;1.343617e+00;1.449660e-01;1.375285e+00;1.483727e-01;1.368327e+00;2.860591e-01;1.424937e+00;2.427285e-01;1.445830e+00;2.420912e-01;1.406383e+00;2.102146e-01;1.310133e+00;1.979157e-01;1.208976e+00;1.388944e-01;1.046144e+00;1.764906e-01;8.845389e-01;8.801720e-02;7.059697e-01;7.012432e-02;5.550908e-01;4.441527e-01;1.564618e+00;1.582982e-01;3.669990e-01;1.771258e+01;1.757109e+02;3.166382e+01;2.430381e+02;1.023963e+02;3.870234e+02;2.896654e+02;8.712334e+02;2.328821e-01;9.474506e-01;6.717471e+01;4.000380e+02;2.745698e-01;3.604564e+00;6.574044e+04;2.339898e+05;8.240884e-01;3.732360e+00;1.453660e+01;2.975905e+01;1.646287e-01;-5.537746e-01;5.348770e-02;3.767593e-01;3.664586e-01;9.841233e-01;2.106753e+00;3.854712e+01;3.035573e+00;-1.654364e+01;4.260633e+00;2.524796e+01;4.229411e+00;3.625495e+00;5.239567e+00;-4.643480e-01;4.322570e+00;-9.215792e-02;6.596681e+00;-1.051281e+01;4.448087e+00;-1.369194e+01;8.542549e+00;4.225950e-01;6.464095e+00;2.387110e+00;7.597788e+00;-5.196147e+00;5.298908e+00;-1.088071e+01;4.823739e+00;1.267380e+00;4.785220e+00;-4.156629e+00;4.292368e-05;1.261769e-06;1.334251e-07;-2.788889e-09;1.175310e-06;7.917061e-08;9.740211e-07;7.520052e-08;9.166844e-07;7.875686e-08;1.245341e-05;-6.054410e-07;4.786375e-02;-3.713204e-03;2.202562e-02;2.589505e-04;2.697458e-03;-2.089773e-04;7.763725e-04;-4.497355e-05;5.727042e-03;-1.492129e-04;1.078556e-02;-7.024187e-04;9.765203e-03;-5.815511e-04;1.080967e-02;-1.850283e-05;2.450519e-02;-8.878165e-04;3.965523e-02;-2.237863e-03;2.743562e-02;-9.680737e-04;3.808081e-02;3.456668e-03;6.236270e-02;2.034382e-03;3.930405e-02;-6.728691e-05;2.238075e-02;-1.644666e-03;4.367534e-02;-2.211697e-03;3.387183e-02;5.310947e-04;5.068315e-02;2.867728e-03;9.127589e-02;5.995505e-03;3.654600e-02;1.244345e-03;5.448709e-02;-1.834161e-03;1.125079e-01;2.855694e-03;7.781184e-02;-7.271212e-04;7.003047e-02;1.903724e-04;6.095354e-02;1.531994e-04;4.203209e-02;1.155934e-03;3.737453e-02;-4.397201e-04;4.707286e-02;5.220693e-05;1.982618e-02;-7.097588e-04;1.719359e-02;-6.245722e-04;1.054301e-01;-5.372223e-03;3.342254e-02;-3.351249e-03;4.836302e+00;-1.435547e-02;9.182239e+00;-5.311524e-01;2.636094e+01;-1.464258e+00;6.971927e+01;-4.450195e+00;5.899052e-02;2.801368e-04;1.614274e+01;-8.331620e-01;7.625291e-02;-3.968944e-03;1.978068e+04;6.235747e+01;2.001217e-01;8.089803e-03;4.211360e+00;4.156261e-02;3.699481e-02;1.558701e-03;1.207946e-02;-8.156733e-04;8.235341e-02;-2.299577e-03;4.834046e-01;-2.529678e-03;8.415061e-01;-2.375567e-02;1.024940e+00;6.351785e-02;1.157877e+00;9.630130e-03;1.447522e+00;2.143009e-02;1.754249e+00;4.358708e-02;1.548049e+00;1.908042e-01;1.358729e+00;-5.027968e-02;2.194105e+00;-1.392189e-01;1.750943e+00;-2.070703e-01;2.002334e+00;8.172641e-03;2.183629e+00;1.064669e-02;1.493886e+00;9.608028e-03;1.322000e+00;2.731779e-02
101.000000;2.500117e-01;9.787835e+01;1.423095e-02;7.717566e-01;6.744268e-02;7.515419e-02;6.039858e-02;8.385218e-02;9.544834e-02;1.828890e-01;1.626566e+00;6.518726e+00;1.337881e-01;1.873753e+00;7.416923e-02;9.603346e-01;1.513478e-02;9.683884e-02;5.449936e-03;2.562736e-02;9.233530e-03;1.327149e-01;4.439747e-02;2.760580e-01;4.737052e-02;4.194938e-01;5.013851e-02;5.676717e-01;9.087643e-02;6.531226e-01;1.167382e-01;7.128861e-01;9.332691e-02;8.037660e-01;1.440518e-01;8.723963e-01;2.163853e-01;9.709111e-01;1.500648e-01;1.029626e+00;7.577015e-02;1.040007e+00;1.568226e-01;1.111599e+00;1.710085e-01;1.211820e+00;3.663239e-01;1.313071e+00;3.071122e-01;1.371268e+00;1.437954e-01;1.367630e+00;1.496009e-01;1.356263e+00;3.762337e-01;1.487991e+00;1.123659e-01;1.366969e+00;1.664813e-01;1.355137e+00;1.684905e-01;1.268016e+00;1.298029e-01;1.161546e+00;7.955401e-02;1.016794e+00;9.866220e-02;8.614627e-01;7.953921e-02;6.879430e-01;7.652688e-02;5.525359e-01;3.301294e-01;1.291393e+00;7.501786e-02;2.532557e-01;1.332123e+01;1.675283e+02;2.510196e+01;2.342812e+02;5.453170e+01;3.300322e+02;3.909511e+02;7.899814e+02;1.879874e-01;7.847633e-01;6.765907e+01;3.733524e+02;2.999421e-01;3.566857e+00;9.181698e+04;2.316845e+05;9.827982e-01;3.903101e+00;1.737704e+01;3.074303e+01;1.460438e-01;-4.557206e-01;4.813754e-02;3.505923e-01;3.141880e-01;7.791743e-01;1.708485e+00;4.003861e+01;3.161985e+00;-1.706806e+01;3.790787e+00;3.053422e+01;4.460430e+00;8.910085e+00;6.182250e+00;-1.759481e+00;5.149014e+00;-2.191683e+00;5.162450e+00;-6.256684e+00;5.228489e+00;-1.500550e+01;7.187478e+00;9.373695e-01;5.911471e+00;-7.392784e-01;6.482955e+00;-1.174508e+00;6.361150e+00;-7.849130e+00;4.558305e+00;2.072557e+00;6.701478e+00;-1.695732e+00;1.947797e-06;3.996747e-09;6.823473e-08;1.960595e-08;7.997905e-07;-6.827544e-08;6.099452e-07;-2.181770e-08;8.441315e-07;-4.059230e-08;1.070586e-05;2.262665e-06;3.094978e-02;-1.127148e-03;1.655824e-02;9.736393e-04;1.981930e-03;1.460381e-04;9.692014e-04;-7.016881e-05;1.402859e-03;-3.471065e-04;6.396600e-03;5.014763e-04;7.737000e-03;3.859473e-04;1.035889e-02;1.557053e-04;1.875303e-02;1.750620e-03;3.049318e-02;2.706104e-03;1.897210e-02;-8.323331e-04;3.550021e-02;2.248310e-03;6.117101e-02;5.579607e-03;3.436951e-02;6.031846e-04;1.979261e-02;4.974467e-05;5.417272e-02;-2.298736e-03;4.276305e-02;-1.587320e-03;9.151411e-02;-6.695891e-04;6.860888e-02;1.426432e-03;3.437879e-02;2.799295e-03;5.097552e-02;1.824095e-03;1.281007e-01;4.602338e-03;3.353019e-02;2.041538e-04;4.325872e-02;1.022209e-03;4.329798e-02;1.484090e-03;4.231391e-02;8.452690e-04;2.690507e-02;6.533973e-04;2.414844e-02;1.356629e-03;2.177990e-02;9.787641e-05;1.984302e-02;7.532254e-04;6.239544e-02;-1.745644e-03;1.929963e-02;-1.098653e-03;3.184067e+00;2.871094e-02;6.708721e+00;-2.871094e-02;1.298734e+01;-2.583984e-01;7.617165e+01;-2.784961e+00;4.981657e-02;-1.135052e-03;1.362709e+01;-3.965322e-01;5.099558e-02;-4.497445e-03;1.763561e+04;-3.362426e+02;1.833394e-01;9.764489e-03;4.145635e+00;7.893546e-02;2.173501e-02;-5.907207e-04;9.762200e-03;-3.284198e-04;4.545651e-02;6.474404e-03;4.721460e-01;3.070404e-02;7.557061e-01;-6.833453e-03;9.883110e-01;7.500946e-02;1.040560e+00;2.933335e-02;1.337654e+00;-1.503674e-01;1.567840e+00;1.129937e-02;1.433540e+00;1.399834e-01;1.438380e+00;-1.500745e-01;2.171087e+00;-8.323734e-02;1.466629e+00;-4.521746e-02;1.871778e+00;1.208924e-01;2.118091e+00;9.228938e-02;1.217895e+00;-2.753020e-02;1.262082e+00;-9.890036e-03
101.500000;2.532363e-01;9.780603e+01;1.827504e-02;7.891668e-01;4.402448e-02;3.581375e-02;3.855802e-02;3.265191e-02;1.012025e-01;1.631199e-01;2.591415e+00;9.041256e+00;1.199539e-01;1.824529e+00;6.003538e-02;9.917209e-01;1.666604e-02;9.999925e-02;5.190744e-03;2.542202e-02;1.126388e-02;1.274717e-01;4.324064e-02;2.804344e-01;4.579006e-02;4.232669e-01;4.908369e-02;5.695149e-01;7.791431e-02;6.720731e-01;9.520266e-02;7.386389e-01;1.031867e-01;8.269167e-01;1.165528e-01;9.236563e-01;2.245157e-01;9.906431e-01;1.502087e-01;1.042316e+00;9.521411e-02;1.081270e+00;1.819149e-01;1.171130e+00;2.083668e-01;1.267206e+00;3.601029e-01;1.332776e+00;2.616815e-01;1.391769e+00;1.677484e-01;1.373730e+00;1.553020e-01;1.399361e+00;3.471082e-01;1.469888e+00;1.000806e-01;1.443547e+00;1.421357e-01;1.413676e+00;1.484150e-01;1.298349e+00;1.623191e-01;1.186514e+00;8.776873e-02;1.069070e+00;9.494645e-02;9.423711e-01;8.698652e-02;7.405983e-01;8.157337e-02;6.085569e-01;3.359180e-01;1.230799e+00;6.792051e-02;2.288595e-01;1.610374e+01;1.728398e+02;2.530597e+01;2.289697e+02;5.518534e+01;3.070635e+02;4.275231e+02;7.034180e+02;1.642401e-01;7.064249e-01;7.728100e+01;3.538897e+02;3.426947e-01;3.412336e+00;9.785587e+04;2.123673e+05;1.321771e+00;4.341792e+00;2.861904e+01;4.114329e+01;1.673774e-01;-4.872358e-01;5.724667e-02;3.345308e-01;3.130168e-01;7.667844e-01;1.419408e+00;4.009944e+01;4.329655e+00;-1.604863e+01;4.002032e+00;3.108616e+01;3.348133e+00;1.344178e+01;4.751907e+00;-4.929296e+00;5.867299e+00;-1.603396e+00;4.528624e+00;-4.560065e+00;5.136005e+00;-1.772337e+01;6.668278e+00;-1.423957e+00;5.235417e+00;-7.139069e+00;6.459998e+00;2.618968e+00;6.518795e+00;-7.818973e+00;4.151300e+00;1.839668e+00;5.337391e+00;1.054510e+00;2.335640e-06;-3.333710e-08;6.924220e-08;-4.571912e-09;4.668347e-07;-3.352326e-08;3.246684e-07;-6.523079e-08;9.932620e-07;1.206337e-08;1.205843e-05;2.111917e-07;2.969554e-02;-8.995962e-04;1.530246e-02;-3.296396e-04;1.857484e-03;-3.800080e-05;9.768631e-04;-9.700179e-06;1.842348e-03;-2.392637e-04;5.094550e-03;-2.830773e-04;7.364186e-03;4.488785e-05;1.118691e-02;1.933836e-04;1.691083e-02;9.126372e-04;2.630806e-02;1.885986e-03;1.676115e-02;6.287751e-06;2.621275e-02;-3.315705e-03;6.340737e-02;-1.160294e-03;3.530911e-02;7.576230e-04;2.332003e-02;6.954881e-04;6.445829e-02;5.413480e-04;4.898889e-02;3.464604e-03;8.617086e-02;1.451449e-03;7.610180e-02;-4.719833e-03;5.459744e-02;-2.352810e-03;5.004456e-02;1.458528e-03;1.085179e-01;-4.261916e-03;3.068538e-02;1.062726e-03;4.297307e-02;1.050855e-03;4.213614e-02;-5.456283e-04;4.487142e-02;-2.904942e-03;2.798247e-02;-5.766307e-04;2.473752e-02;-3.697291e-04;2.572626e-02;-7.666539e-04;2.434771e-02;-5.999456e-04;6.625928e-02;2.241235e-04;1.750428e-02;-1.661511e-05;3.190662e+00;5.742188e-01;5.282344e+00;2.871094e-01;1.022351e+01;-5.742187e-02;6.853824e+01;1.981055e+00;4.132465e-02;2.078324e-04;1.228259e+01;2.799055e-01;4.306859e-02;-3.778454e-04;1.665236e+04;-5.778192e+02;2.097924e-01;-2.961393e-03;6.050695e+00;-8.246912e-03;2.173552e-02;5.523422e-04;8.749174e-03;4.057268e-04;5.182623e-02;4.908394e-04;4.590631e-01;2.127139e-02;7.464602e-01;-1.311882e-02;1.206966e+00;-5.520944e-02;9.363914e-01;7.125562e-02;1.558842e+00;-1.570421e-02;1.373279e+00;-1.190992e-01;1.496755e+00;-1.333226e-01;1.480447e+00;-1.305248e-02;2.010660e+00;1.156893e-02;1.541282e+00;-1.139200e-01;1.929933e+00;1.513426e-01;2.037382e+00;1.803153e-02;1.304395e+00;3.188523e-02;1.279763e+00;-1.022727e-01
102.000000;3.253522e-01;9.787772e+01;2.969556e-02;7.727002e-01;1.041833e-01;6.441855e-02;9.486390e-02;6.259947e-02;9.423905e-02;1.699918e-01;3.378247e+00;7.771338e+00;1.033867e-01;1.756018e+00;6.432460e-02;9.862295e-01;1.815785e-02;8.959373e-02;4.127700e-03;2.624087e-02;1.739244e-02;1.265868e-01;3.581593e-02;2.604734e-01;2.924976e-02;3.980178e-01;3.316568e-02;5.452887e-01;7.023240e-02;6.799200e-01;1.337606e-01;7.963319e-01;1.315113e-01;8.746529e-01;1.255501e-01;9.606572e-01;2.003350e-01;9.930147e-01;1.155610e-01;1.035880e+00;9.340798e-02;1.103091e+00;1.829531e-01;1.182558e+00;1.882558e-01;1.251568e+00;2.620315e-01;1.286964e+00;2.523890e-01;1.330732e+00;1.728709e-01;1.295916e+00;2.237384e-01;1.395864e+00;4.700117e-01;1.495262e+00;1.548001e-01;1.432845e+00;1.584831e-01;1.409333e+00;1.206393e-01;1.299272e+00;1.615358e-01;1.190863e+00;1.066463e-01;1.059927e+00;9.319673e-02;9.113654e-01;8.669697e-02;7.249626e-01;8.094171e-02;6.006219e-01;2.472150e-01;1.049557e+00;4.803786e-02;2.072147e-01;2.157097e+01;1.850420e+02;3.708576e+01;2.467705e+02;9.550121e+01;3.484072e+02;3.676631e+02;7.882588e+02;1.350651e-01;6.755989e-01;8.238866e+01;3.809458e+02;3.484188e-01;3.549999e+00;7.761728e+04;2.120588e+05;1.316921e+00;3.994333e+00;2.811089e+01;3.743867e+01;1.698004e-01;-3.912654e-01;6.728408e-02;3.620777e-01;1.737408e-01;6.347126e-01;1.485465e+00;4.058010e+01;4.504142e+00;-1.665827e+01;5.115330e+00;2.600228e+01;4.194707e+00;1.295101e+01;6.246733e+00;-5.286602e+00;5.188603e+00;-1.042929e+00;5.643989e+00;-6.952283e+00;6.124713e+00;-1.654132e+01;6.953560e+00;1.246962e+00;5.017470e+00;-1.196372e+01;4.685112e+00;4.920631e+00;7.389441e+00;-6.136568e+00;4.957592e+00;3.582554e+00;4.659602e+00;1.179612e+00;3.048703e-06;9.645181e-08;9.483074e-08;-9.868689e-09;8.244043e-07;1.506519e-09;6.823233e-07;9.715619e-09;9.992077e-07;7.537588e-08;1.096225e-05;-1.576703e-06;3.120761e-02;-6.645558e-04;1.772100e-02;5.921047e-04;1.271317e-03;-3.345747e-04;1.005610e-03;-2.267578e-06;2.730120e-03;3.714149e-04;3.821381e-03;1.777842e-04;5.660949e-03;-2.536780e-04;1.037514e-02;-1.420321e-04;1.627075e-02;-5.349418e-05;2.824033e-02;2.926416e-04;2.537246e-02;2.343139e-03;2.658932e-02;2.747321e-04;6.805554e-02;-4.572413e-04;3.525177e-02;2.314332e-04;2.050750e-02;4.242133e-04;5.882839e-02;5.405262e-03;5.087296e-02;3.067429e-03;7.501645e-02;5.951854e-04;9.007522e-02;2.252868e-03;6.502717e-02;-3.215717e-03;6.444468e-02;-2.138482e-03;1.240209e-01;-3.929616e-03;4.306592e-02;6.147178e-04;4.524595e-02;1.297723e-03;3.631752e-02;2.581481e-03;4.575781e-02;2.980533e-03;3.081100e-02;2.319970e-03;2.216858e-02;-7.015281e-05;2.446473e-02;2.691761e-04;2.239460e-02;1.554239e-04;5.441988e-02;-5.251389e-03;1.660252e-02;4.946080e-04;3.875312e+00;-2.153320e-01;6.465940e+00;7.177734e-02;2.404590e+01;9.905273e-01;6.880151e+01;4.062598e+00;3.612318e-02;1.276261e-03;1.329007e+01;6.283526e-01;4.013712e-02;7.249944e-03;1.722030e+04;2.655457e+02;2.078659e-01;-1.837464e-02;5.869092e+00;-1.637230e-01;1.457095e-02;2.392447e-03;9.639226e-03;5.738250e-04;3.809432e-02;-8.016622e-03;4.627081e-01;3.051546e-02;8.536537e-01;-2.820689e-02;1.221439e+00;-1.340077e-01;1.033335e+00;-3.583727e-02;1.674107e+00;1.002843e-01;1.407459e+00;-6.547351e-02;1.535495e+00;-1.258590e-02;1.450231e+00;2.303948e-01;1.979859e+00;7.797618e-02;1.577667e+00;-4.841782e-02;1.651327e+00;-3.388907e-03;2.535486e+00;5.042593e-02;1.231698e+00;5.828922e-03;1.611710e+00;5.017795e-02
102.500000;1.381246e+00;9.764020e+01;2.503086e-02;7.696686e-01;1.016256e-01;6.556886e-02;9.007167e-02;7.271332e-02;1.032124e-01;2.116723e-01;1.780412e+00;6.265337e+00;2.423097e-01;1.862234e+00;1.151165e-01;1.020030e+00;2.565231e-02;9.608983e-02;5.465908e-03;2.459310e-02;1.912632e-02;1.357594e-01;4.122671e-02;2.849579e-01;5.675281e-02;4.317740e-01;4.918531e-02;5.554026e-01;7.458349e-02;6.921852e-01;1.415143e-01;8.115885e-01;1.433387e-01;9.067233e-01;1.333910e-01;1.009913e+00;2.169615e-01;1.089342e+00;1.305524e-01;1.124945e+00;1.453841e-01;1.180794e+00;2.395088e-01;1.227365e+00;1.547315e-01;1.209257e+00;3.083870e-01;1.327395e+00;2.354192e-01;1.296708e+00;1.974660e-01;1.322179e+00;3.857140e-01;1.474683e+00;5.995026e-01;1.569663e+00;4.259806e-01;1.491336e+00;4.719772e-01;1.526996e+00;2.399699e-01;1.342669e+00;1.934513e-01;1.261795e+00;1.159637e-01;1.049446e+00;9.931447e-02;8.615807e-01;9.314435e-02;7.331085e-01;7.011165e-02;6.032028e-01;4.558559e-01;1.170213e+00;1.341042e-01;2.963465e-01;2.227828e+01;1.788691e+02;3.486074e+01;2.473447e+02;8.747134e+01;3.706582e+02;2.917818e+02;8.818564e+02;1.778277e-01;7.798899e-01;7.033328e+01;3.917601e+02;2.543838e-01;3.677939e+00;7.661705e+04;2.071373e+05;6.982020e-01;3.490631e+00;1.661741e+01;3.070979e+01;2.547747e-01;-4.630330e-01;5.482345e-02;3.736525e-01;4.493188e-01;8.157734e-01;2.837516e+00;4.341668e+01;2.758263e+00;-1.874008e+01;4.233679e+00;2.155915e+01;5.077540e+00;1.116740e+01;7.304531e+00;-1.367435e+00;6.956298e+00;2.423015e+00;5.547691e+00;-9.547483e+00;7.170362e+00;-1.310156e+01;6.611943e+00;1.506654e+00;4.958415e+00;-1.161143e+01;4.882984e+00;3.330699e+00;7.948578e+00;-2.043197e+00;5.634009e+00;2.812552e+00;5.142983e+00;6.021057e-01;8.492943e-06;-1.069721e-06;1.043188e-07;1.687489e-08;8.187333e-07;-2.252420e-08;6.860620e-07;-5.881430e-09;1.137391e-06;-7.213537e-08;1.177849e-05;9.766712e-07;4.880868e-02;7.314302e-03;2.901191e-02;2.849902e-03;3.303578e-03;6.275089e-04;1.025670e-03;-1.184177e-05;3.717446e-03;3.983552e-04;6.974912e-03;1.155730e-03;1.179203e-02;9.022417e-04;1.611149e-02;9.159494e-04;1.663622e-02;2.398831e-04;2.944229e-02;3.034732e-03;2.994294e-02;3.044359e-03;3.283928e-02;1.889455e-03;7.160707e-02;3.617719e-03;4.119812e-02;1.436309e-03;3.541673e-02;3.112654e-03;7.034431e-02;2.161631e-03;4.458374e-02;-3.258661e-03;9.169549e-02;-1.768542e-04;8.766631e-02;1.706640e-03;6.144616e-02;1.918624e-03;9.456275e-02;5.395738e-03;1.466335e-01;2.941276e-03;1.033841e-01;1.341498e-02;1.152798e-01;1.508350e-02;6.875776e-02;7.554142e-04;5.490764e-02;5.052707e-03;3.755915e-02;2.916174e-03;2.869981e-02;3.158542e-03;2.709388e-02;1.800986e-03;2.030781e-02;1.479359e-03;1.022259e-01;1.136742e-02;2.784641e-02;4.681754e-03;3.929598e+00;-5.311524e-01;6.937287e+00;-5.311524e-01;2.714643e+01;-2.296875e-01;8.820393e+01;-3.014648e+00;4.039100e-02;-3.449903e-04;1.607068e+01;-8.211429e-01;5.767834e-02;-1.571352e-03;1.778747e+04;-7.730981e+02;1.974688e-01;5.924437e-03;4.534129e+00;8.109098e-02;3.925061e-02;-7.300172e-03;1.223132e-02;-6.695465e-04;8.725403e-02;1.122992e-02;5.092940e-01;4.047806e-02;9.070550e-01;2.326913e-02;1.349193e+00;-3.033372e-02;1.304825e+00;-1.139043e-01;1.488734e+00;9.516077e-02;1.310272e+00;2.374271e-01;1.795935e+00;-5.104258e-02;1.579108e+00;8.867469e-02;1.960394e+00;1.517509e-02;1.369709e+00;3.676089e-02;1.396606e+00;-3.231946e-04;2.548419e+00;-8.863050e-02;1.070362e+00;-1.172221e-01;1.738979e+00;4.690411e-02
103.000000;6.142866e+00;9.588827e+01;2.431064e-02;7.807199e-01;3.620654e-02;3.139151e-02;4.029670e-02;4.028330e-02;9.689204e-02;2.092757e-01;1.648257e+00;7.536542e+00;2.071029e-01;2.052373e+00;1.143541e-01;1.029568e+00;2.041514e-02;1.118760e-01;5.592169e-03;2.438020e-02;3.768889e-02;1.305335e-01;6.042724e-02;2.733380e-01;5.530529e-02;4.410241e-01;5.799162e-02;5.739725e-01;9.080641e-02;6.824920e-01;8.023062e-02;8.057043e-01;1.421297e-01;8.984575e-01;1.297155e-01;9.729850e-01;2.279333e-01;1.041483e+00;1.547479e-01;1.096859e+00;1.857808e-01;1.205392e+00;2.485722e-01;1.251220e+00;1.995752e-01;1.212713e+00;2.992823e-01;1.327242e+00;3.417454e-01;1.366879e+00;2.513052e-01;1.386574e+00;3.458548e-01;1.498851e+00;4.668968e-01;1.513260e+00;4.704629e-01;1.556273e+00;5.372545e-01;1.551682e+00;3.177271e-01;1.413128e+00;2.124264e-01;1.278929e+00;1.670433e-01;1.056594e+00;1.659398e-01;8.790566e-01;1.251698e-01;7.461780e-01;1.001730e-01;6.079490e-01;5.054197e-01;1.596656e+00;1.632261e-01;4.472107e-01;4.380277e+01;1.917891e+02;5.115867e+01;2.497852e+02;2.048390e+02;4.204717e+02;3.135944e+02;9.147305e+02;1.399813e-01;8.311990e-01;1.000915e+02;4.019402e+02;2.860231e-01;3.617247e+00;6.302304e+04;1.872288e+05;9.730957e-01;3.474593e+00;2.340032e+01;3.575565e+01;2.378298e-01;-6.174634e-01;8.575848e-02;3.860104e-01;4.154998e-01;1.063985e+00;2.017278e+00;4.459375e+01;5.138481e+00;-1.965508e+01;4.773153e+00;1.876268e+01;6.041528e+00;7.444109e+00;8.464623e+00;1.449680e+00;8.678848e+00;5.462577e+00;9.081521e+00;-1.559544e+01;6.567066e+00;-1.244264e+01;6.345095e+00;2.749841e-01;5.712546e+00;-8.752534e+00;5.889627e+00;6.556596e-01;8.449463e+00;-5.865883e+00;4.054273e+00;-1.276720e+00;4.956741e+00;2.872800e-01;5.569855e-05;5.858974e-06;1.591183e-07;-1.057389e-08;4.785305e-07;7.769711e-08;4.301626e-07;5.825263e-08;1.121433e-06;-3.342931e-08;1.356604e-05;-3.932924e-07;5.095441e-02;3.262902e-03;2.971166e-02;3.452206e-04;4.120322e-03;2.596879e-04;1.010300e-03;2.683296e-05;7.057822e-03;8.130539e-04;1.083914e-02;-3.519060e-05;1.318738e-02;1.076661e-04;1.882519e-02;4.780598e-04;2.046077e-02;1.369138e-05;1.991643e-02;-1.310310e-03;2.724105e-02;-2.310391e-04;2.980076e-02;-9.232262e-04;6.046405e-02;-1.495528e-03;4.315528e-02;-7.933478e-04;3.856307e-02;-1.176278e-03;6.554217e-02;-3.870073e-03;4.921838e-02;-5.378259e-04;8.608376e-02;8.823637e-04;9.705525e-02;5.002240e-03;6.275702e-02;7.576452e-03;8.229460e-02;3.817587e-03;1.120212e-01;9.102363e-04;1.095161e-01;1.419349e-03;1.227078e-01;-1.466272e-03;9.852079e-02;1.546471e-03;5.949365e-02;-8.258919e-04;4.357822e-02;-1.647026e-03;3.959617e-02;-7.189821e-04;3.112502e-02;9.726543e-04;2.440570e-02;4.668976e-04;1.512638e-01;1.576573e-02;3.548167e-02;1.144964e-03;8.313924e+00;4.737305e-01;9.275222e+00;4.163086e-01;4.734128e+01;-2.871094e-01;7.917921e+01;-5.742187e-02;4.043738e-02;1.027084e-03;1.913852e+01;1.957180e-01;6.805449e-02;-1.402382e-03;1.540129e+04;1.245492e+02;2.461839e-01;4.194191e-03;6.817615e+00;8.523060e-02;4.860946e-02;-2.264166e-03;1.547512e-02;1.851007e-04;9.459283e-02;9.333952e-03;5.709100e-01;1.012792e-02;1.093658e+00;-2.914044e-02;1.422110e+00;3.089532e-02;1.239813e+00;-4.248506e-03;1.459358e+00;-9.054441e-02;1.541133e+00;4.618181e-02;1.747559e+00;-4.534991e-02;1.632854e+00;-2.233647e-02;2.125161e+00;-5.115027e-02;1.622794e+00;9.419349e-02;1.446129e+00;-9.227211e-02;1.882927e+00;-1.300330e-01;1.084439e+00;1.173586e-02;1.508377e+00;7.856842e-02
103.500000;1.300016e+01;1.023421e+02;2.305223e-02;7.609823e-01;9.756786e-02;6.963434e-02;1.149152e-01;8.404922e-02;1.055522e-01;1.961651e-01;1.700276e+00;6.578809e+00;1.925654e-01;1.997544e+00;1.080487e-01;9.966608e-01;1.512529e-02;1.052155e-01;5.535952e-03;2.538675e-02;4.348446e-02;1.360363e-01;5.268944e-02;2.605585e-01;4.220893e-02;4.196980e-01;5.085580e-02;5.635279e-01;8.404373e-02;6.737940e-01;1.076176e-01;7.589726e-01;1.201255e-01;8.303236e-01;1.547624e-01;8.953930e-01;2.082717e-01;9.551376e-01;1.432058e-01;9.970118e-01;1.971276e-01;1.043459e+00;2.012956e-01;1.154466e+00;2.264718e-01;1.245409e+00;3.566940e-01;1.338597e+00;3.810273e-01;1.381318e+00;2.892754e-01;1.401487e+00;2.749181e-01;1.427817e+00;5.610049e-01;1.556749e+00;2.950166e-01;1.456794e+00;3.467531e-01;1.446654e+00;2.759565e-01;1.405745e+00;1.989601e-01;1.234597e+00;1.565693e-01;1.082556e+00;1.592113e-01;9.163517e-01;1.203713e-01;7.329326e-01;9.339857e-02;5.977963e-01;4.175699e-01;1.836549e+00;1.813911e-01;4.007754e-01;4.622461e+01;1.943730e+02;4.426888e+01;2.658633e+02;1.990330e+02;4.285107e+02;3.408426e+02;9.150176e+02;1.733702e-01;7.429517e-01;9.701988e+01;4.097493e+02;2.596367e-01;3.631866e+00;7.207961e+04;1.945702e+05;9.917747e-01;3.465500e+00;2.301745e+01;3.476972e+01;1.862164e-01;-5.383081e-01;8.154634e-02;3.934417e-01;2.931315e-01;1.077174e+00;2.510373e+00;4.413222e+01;5.594444e+00;-1.914214e+01;6.000900e+00;2.037288e+01;4.501021e+00;6.969817e+00;8.965077e+00;-1.649418e+00;8.735803e+00;1.127843e+00;8.385618e+00;-1.592404e+01;5.551421e+00;-1.024397e+01;6.121594e+00;1.222852e+00;7.219720e+00;-9.813640e+00;6.022655e+00;7.632285e-01;9.295543e+00;-4.546177e+00;3.973620e+00;-9.248596e-02;5.616329e+00;6.175981e-01;8.340557e-05;1.075658e-06;1.564444e-07;-1.078071e-08;9.332236e-07;1.232580e-08;1.121159e-06;2.198875e-08;1.328379e-06;3.326301e-08;1.102723e-05;-1.749843e-06;4.625853e-02;-7.109134e-03;2.873552e-02;-2.745871e-03;2.709802e-03;-3.059970e-04;1.064430e-03;-7.495591e-05;7.056904e-03;-4.331153e-05;9.218427e-03;-1.691814e-04;9.242477e-03;-5.852848e-04;1.419464e-02;-1.046940e-03;2.122113e-02;-3.269355e-04;2.356077e-02;-2.898789e-03;2.393798e-02;-2.314510e-03;3.342461e-02;-1.608721e-03;5.585465e-02;-2.749269e-03;4.117401e-02;-2.446889e-03;3.481096e-02;-3.845468e-03;5.667069e-02;-5.249260e-03;6.558077e-02;-8.875803e-04;9.995088e-02;-2.258957e-03;1.040767e-01;4.506308e-04;7.464933e-02;-1.207875e-03;6.948627e-02;-6.872177e-03;1.294424e-01;-2.457513e-03;6.280196e-02;-1.195399e-02;6.879056e-02;-1.597001e-02;9.191908e-02;5.717869e-04;6.312985e-02;-2.343876e-03;3.681855e-02;-1.700863e-03;3.484894e-02;-1.111847e-03;2.929147e-02;-1.346509e-03;2.228498e-02;-1.019296e-03;1.313889e-01;-5.182394e-03;3.401189e-02;-5.397709e-03;8.686234e+00;-3.732422e-01;9.008775e+00;-1.291992e-01;4.673760e+01;-2.440430e-01;7.602724e+01;-3.990820e+00;6.528413e-02;5.846055e-03;1.874071e+01;-6.034046e-01;6.267098e-02;-2.704555e-03;1.842058e+04;-3.545749e+02;2.503298e-01;1.762928e-02;7.114415e+00;2.876767e-01;3.038711e-02;4.623517e-03;1.458575e-02;-5.328201e-04;5.300667e-02;-8.836337e-03;6.208925e-01;-1.885531e-02;1.161059e+00;5.443959e-02;1.415040e+00;5.972451e-02;1.032975e+00;8.534789e-02;1.619407e+00;-1.267961e-01;1.910435e+00;-1.721419e-01;1.528899e+00;1.514562e-01;1.563986e+00;4.360487e-03;2.244611e+00;2.290170e-02;1.853374e+00;-2.357200e-02;1.631618e+00;-1.544681e-02;1.898937e+00;1.168631e-01;9.809574e-01;3.800684e-02;1.371156e+00;2.050491e-02
104.000000;1.049649e+01;1.041206e+02;1.663649e-02;7.672658e-01;9.450945e-02;8.227447e-02;1.109424e-01;8.659167e-02;1.355074e-01;2.200033e-01;1.619469e+00;6.134870e+00;2.153582e-01;1.740515e+00;9.610043e-02;9.627222e-01;7.027456e-03;1.067505e-01;5.225051e-03;1.928193e-02;2.315317e-02;1.440871e-01;2.120959e-02;2.942923e-01;3.344216e-02;4.312742e-01;3.761139e-02;5.463714e-01;4.484701e-02;6.588693e-01;1.256559e-01;7.460997e-01;8.552881e-02;7.955220e-01;1.334320e-01;8.687267e-01;1.801769e-01;9.508704e-01;1.314585e-01;9.782549e-01;1.224026e-01;9.776614e-01;1.788635e-01;1.084616e+00;1.898255e-01;1.156378e+00;3.289293e-01;1.210786e+00;2.504025e-01;1.279914e+00;2.425680e-01;1.329864e+00;2.838283e-01;1.334202e+00;5.796716e-01;1.460964e+00;1.374856e-01;1.399330e+00;1.892369e-01;1.377820e+00;1.717489e-01;1.370862e+00;1.646275e-01;1.200785e+00;8.484456e-02;1.113100e+00;1.027030e-01;9.637008e-01;9.976923e-02;7.515727e-01;6.055749e-02;6.048540e-01;3.578152e-01;1.755623e+00;1.283756e-01;1.948963e-01;2.696804e+01;1.574795e+02;2.649936e+01;2.304053e+02;4.958355e+01;3.057715e+02;2.768400e+02;5.703428e+02;2.969592e-01;8.291823e-01;6.373679e+01;3.079755e+02;2.542101e-01;3.377423e+00;7.379307e+04;1.238990e+05;2.156493e+00;5.552696e+00;8.483144e+01;9.834214e+01;7.809665e-02;-5.401821e-01;5.073269e-02;3.071283e-01;2.989516e-01;9.654930e-01;2.443602e+00;4.400537e+01;6.572076e+00;-1.131206e+01;4.526503e+00;2.335539e+01;2.597547e+00;1.146448e+01;4.543098e+00;-2.829907e+00;4.067889e+00;-1.556118e+00;4.158743e+00;-8.906678e+00;4.462005e+00;-7.839535e+00;6.141545e+00;3.883219e+00;5.949500e+00;-1.112937e+01;5.047398e+00;3.345560e+00;8.508371e+00;-4.171222e+00;3.335798e+00;2.461059e+00;5.010679e+00;6.035513e-01;6.208006e-05;-5.952279e-06;6.544560e-08;1.043021e-08;8.760887e-07;-4.242829e-08;1.078062e-06;-5.163899e-08;1.647365e-06;2.967356e-08;1.443262e-05;2.698927e-07;3.975229e-02;-6.753435e-03;2.495469e-02;-1.226140e-03;1.583353e-03;-1.847102e-04;8.827816e-04;-3.539935e-05;2.634172e-03;-1.315593e-03;4.281163e-03;-7.424061e-04;8.505601e-03;-5.604294e-04;1.074262e-02;-3.535367e-04;1.566212e-02;3.272035e-04;2.800024e-02;8.449255e-04;1.763772e-02;-2.159163e-03;2.828131e-02;-1.531972e-03;6.262819e-02;-1.367811e-03;4.175353e-02;-3.622727e-04;3.854694e-02;6.220040e-04;6.979538e-02;-2.221174e-03;5.390888e-02;-2.272457e-03;8.129171e-02;-1.733492e-03;7.173324e-02;-6.857134e-03;6.625469e-02;-5.865219e-03;7.134376e-02;-1.139521e-03;1.267048e-01;-1.067443e-04;4.360076e-02;-4.194881e-04;5.049373e-02;1.962140e-03;5.840779e-02;-2.769688e-03;5.161704e-02;-3.053902e-03;2.989884e-02;1.166183e-04;2.877805e-02;1.011470e-03;2.773495e-02;-1.027903e-03;1.842606e-02;-9.040865e-04;7.516312e-02;-1.075633e-02;2.432855e-02;-3.197645e-03;4.364062e+00;-4.019531e-01;4.299553e+00;-5.167969e-01;1.222671e+01;-4.737305e-01;5.946794e+01;-4.076953e+00;8.058839e-02;-1.733032e-03;1.023460e+01;-1.236699e+00;4.876033e-02;-3.229053e-03;1.417126e+04;-1.211090e+03;4.407817e-01;4.170460e-02;2.208014e+01;1.212963e+00;1.728355e-02;1.978724e-03;7.409873e-03;-9.998449e-04;5.915093e-02;-9.423477e-03;5.430343e-01;-4.352456e-02;9.707310e-01;1.734082e-01;1.326841e+00;3.496202e-02;9.756224e-01;7.778224e-03;1.533285e+00;8.953474e-03;1.663440e+00;-4.267933e-02;1.402693e+00;-2.573851e-02;1.454755e+00;-7.218876e-02;2.025688e+00;8.113184e-02;1.540745e+00;-5.450953e-02;1.428653e+00;1.867809e-01;1.594105e+00;-6.552929e-03;1.125584e+00;1.682880e-02;1.129352e+00;-1.082584e-01
104.500000;1.823619e-01;9.793838e+01;6.031816e-03;7.850297e-01;4.308453e-02;6.037865e-02;3.036894e-02;5.058295e-02;1.432975e-01;2.139582e-01;1.817646e+00;6.848195e+00;1.289314e-01;1.497587e+00;6.180293e-02;9.626424e-01;7.560030e-03;1.036890e-01;2.603502e-03;1.555304e-02;6.221008e-03;1.299731e-01;2.248101e-02;2.854644e-01;2.660625e-02;4.150797e-01;3.750431e-02;5.347437e-01;3.707068e-02;6.504884e-01;1.200988e-01;7.497233e-01;8.555266e-02;8.152764e-01;7.159550e-02;8.815850e-01;1.239246e-01;9.212792e-01;8.932104e-02;9.903178e-01;1.161624e-01;1.060673e+00;1.641585e-01;1.068920e+00;1.610241e-01;1.133561e+00;2.199138e-01;1.199738e+00;1.600821e-01;1.249444e+00;2.011566e-01;1.333515e+00;3.460672e-01;1.399057e+00;4.529070e-01;1.432595e+00;9.069052e-02;1.456321e+00;1.073998e-01;1.399972e+00;1.045791e-01;1.391275e+00;1.340973e-01;1.202236e+00;1.014837e-01;1.058902e+00;1.126780e-01;9.235066e-01;9.115694e-02;7.551645e-01;7.069594e-02;5.898933e-01;3.830462e-01;1.291968e+00;3.860187e-02;8.151639e-02;1.390259e+01;1.451338e+02;1.317188e+01;2.022686e+02;2.263252e+01;2.566758e+02;6.119725e+01;3.713760e+02;2.908917e-01;8.581336e-01;1.973602e+01;2.444354e+02;1.859557e-01;3.114297e+00;2.261159e+04;6.886824e+04;1.930776e+00;7.942181e+00;1.181387e+02;1.825731e+02;8.871669e-02;-5.133253e-01;1.762931e-02;2.525594e-01;2.215053e-01;7.210512e-01;1.488243e+00;4.242058e+01;3.542436e+00;-5.132782e+00;5.037829e+00;2.523802e+01;3.506668e+00;1.239554e+01;4.604786e+00;-1.040190e+00;4.562956e+00;3.958529e-01;3.311910e+00;-8.109533e+00;4.616613e+00;-8.261440e+00;5.835954e+00;4.574201e+00;4.685886e+00;-1.129056e+01;4.981699e+00;6.226664e+00;4.387728e+00;-9.414320e+00;3.367908e+00;2.544648e+00;4.268823e+00;-9.135355e-01;1.995052e-06;6.827888e-08;4.965232e-08;8.530328e-09;4.387077e-07;7.969962e-09;3.371475e-07;7.532106e-09;1.477672e-06;1.660163e-08;1.571910e-05;9.001347e-07;2.417913e-02;-2.828461e-03;1.462710e-02;7.051069e-05;1.549765e-03;-2.093319e-04;6.608473e-04;-7.331822e-05;8.650359e-04;-1.395808e-04;3.889946e-03;-3.906357e-04;7.364379e-03;9.274091e-05;1.151999e-02;4.225773e-04;1.198396e-02;5.370129e-04;2.804923e-02;2.165571e-03;1.299278e-02;1.163776e-03;1.442326e-02;-2.774128e-04;5.684188e-02;3.296257e-04;3.351153e-02;8.530520e-04;3.259295e-02;-1.199683e-03;5.372225e-02;-4.142578e-04;4.290576e-02;5.563248e-04;5.333967e-02;4.566979e-04;4.689406e-02;-8.208071e-04;4.574140e-02;2.042005e-04;7.493532e-02;1.093860e-03;9.391702e-02;5.953026e-04;2.934156e-02;-1.260381e-03;2.968679e-02;1.691790e-03;3.759502e-02;-5.554950e-04;4.101921e-02;4.893091e-04;3.092955e-02;-1.189156e-03;3.262527e-02;-2.266598e-03;2.857395e-02;1.002176e-05;1.985756e-02;-3.145967e-04;5.234564e-02;-6.602451e-03;9.403845e-03;-8.396596e-04;3.365554e+00;8.613281e-02;3.176551e+00;8.613281e-02;5.380123e+00;-3.014649e-01;1.586824e+01;-8.039063e-01;6.073940e-02;-8.520173e-03;4.178838e+00;-4.058062e-01;3.849257e-02;3.365788e-04;4.897862e+03;-5.913090e+02;6.004998e-01;1.805837e-02;3.931494e+01;5.646222e-01;1.560817e-02;1.639139e-03;3.570450e-03;-2.946829e-04;5.489090e-02;-2.265016e-03;4.377552e-01;4.647980e-03;9.702883e-01;5.763440e-02;1.189498e+00;2.276365e-02;9.247758e-01;-7.430555e-02;1.275894e+00;-3.063522e-03;1.231634e+00;3.669632e-02;1.184854e+00;-4.421151e-02;1.289173e+00;2.129286e-02;1.811378e+00;-7.104605e-02;1.419003e+00;8.658271e-02;1.148253e+00;4.439655e-02;1.326146e+00;-2.838718e-02;1.197290e+00;4.069543e-03;8.799369e-01;-1.201408e-01
105.000000;6.935889e-01;9.762761e+01;7.341177e-03;7.878803e-01;4.230269e-02;5.287290e-02;2.549903e-02;4.385155e-02;1.346318e-01;2.115691e-01;1.312883e+00;7.484203e+00;1.594112e-01;1.430431e+00;1.179349e-01;1.004640e+00;8.186093e-03;9.154570e-02;6.145183e-03;1.780171e-02;4.350965e-03;1.274849e-01;2.069123e-02;2.607478e-01;2.656433e-02;3.964964e-01;6.126092e-02;5.561731e-01;5.597371e-02;6.709017e-01;9.748420e-02;7.307279e-01;6.773337e-02;8.455570e-01;5.121467e-02;9.016075e-01;1.019344e-01;9.455503e-01;6.332676e-02;1.018554e+00;9.900246e-02;1.081447e+00;2.304686e-01;1.163405e+00;4.129195e-01;1.315854e+00;4.550915e-01;1.417874e+00;3.437335e-01;1.421530e+00;3.557294e-01;1.458146e+00;4.424104e-01;1.520663e+00;6.734505e-01;1.636726e+00;1.672038e-01;1.468167e+00;9.314337e-02;1.430592e+00;1.359608e-01;1.380480e+00;1.916145e-01;1.249953e+00;7.981504e-02;1.004604e+00;8.965322e-02;8.273597e-01;7.554114e-02;7.246789e-01;6.643366e-02;5.653461e-01;2.136187e-01;9.296709e-01;6.678332e-02;8.501973e-02;1.893616e+01;1.349414e+02;2.425012e+01;2.021250e+02;4.592202e+01;2.674424e+02;1.723060e+02;4.012354e+02;2.090818e-01;7.279288e-01;5.514439e+01;2.599091e+02;2.141125e-01;3.160965e+00;7.365912e+04;1.015405e+05;2.822702e+00;7.621045e+00;1.702061e+02;1.840214e+02;7.967377e-02;-3.999328e-01;4.226229e-02;2.613363e-01;1.680639e-01;5.382260e-01;1.531045e+00;4.204165e+01;6.713439e+00;-7.766543e+00;6.339764e+00;2.921044e+01;4.068982e+00;1.242711e+01;6.687574e+00;-2.064538e+00;5.883724e+00;-9.238809e-01;3.197205e+00;-7.667499e+00;4.819275e+00;-4.937706e+00;4.370317e+00;1.156374e+00;5.072079e+00;-1.000366e+01;5.462037e+00;6.196550e+00;8.394759e+00;-5.923012e+00;3.859230e+00;3.028305e+00;3.830130e+00;-1.582825e+00;4.536998e-06;-3.742478e-07;7.939902e-08;4.520802e-09;4.683640e-07;-5.633393e-08;2.426353e-07;-1.135995e-08;1.265246e-06;-4.642595e-08;1.329287e-05;1.426277e-06;3.733556e-02;-8.117832e-05;2.778700e-02;-1.088836e-04;1.403286e-03;-2.497345e-04;9.256931e-04;4.169816e-05;9.105856e-04;7.340733e-05;3.286198e-03;-5.653267e-04;7.858939e-03;-1.053380e-03;1.333272e-02;4.300175e-04;1.243818e-02;6.002258e-05;2.393135e-02;-1.924991e-03;1.222974e-02;5.828419e-04;1.204776e-02;1.323717e-03;4.455450e-02;1.364511e-03;2.317150e-02;-8.718080e-04;2.723970e-02;-4.928916e-04;5.926719e-02;2.867412e-03;1.023524e-01;2.290924e-03;1.184716e-01;1.945724e-03;9.013899e-02;9.178832e-04;8.160322e-02;4.206826e-04;1.047217e-01;-9.410352e-04;1.497973e-01;6.498212e-04;4.460825e-02;-2.452912e-03;2.991463e-02;-1.221240e-03;4.741007e-02;-1.012853e-03;5.256527e-02;5.858848e-05;2.928769e-02;-1.308952e-03;3.043860e-02;-1.890226e-03;2.548005e-02;-1.562806e-03;2.006883e-02;-5.181070e-04;4.707334e-02;-5.837907e-03;1.606638e-02;6.374912e-04;4.332879e+00;-7.177734e-01;4.292837e+00;3.445312e-01;7.574180e+00;8.756836e-01;4.864960e+01;9.618164e-01;4.657920e-02;-3.722404e-03;1.133015e+01;8.512081e-01;3.660463e-02;1.027795e-03;1.530070e+04;1.354352e+03;7.218588e-01;-4.344261e-02;4.827053e+01;-1.333790e+00;1.166443e-02;1.928775e-03;8.382784e-03;5.893163e-04;3.827130e-02;-2.304658e-03;4.751145e-01;9.075475e-03;1.301084e+00;-1.658328e-01;1.423946e+00;8.323837e-02;1.114897e+00;5.000244e-02;1.447863e+00;-8.911736e-03;1.398285e+00;-6.969033e-02;1.091378e+00;-6.034261e-03;1.039631e+00;1.528056e-01;1.535709e+00;-4.047798e-02;1.348794e+00;-6.637187e-03;1.173553e+00;-9.400167e-02;1.656311e+00;1.989703e-01;8.632286e-01;1.063600e-01;9.149727e-01;1.327070e-01
105.500000;6.526517e-01;9.752445e+01;1.386557e-02;7.820009e-01;5.017377e-02;4.811531e-02;5.369806e-02;4.656442e-02;1.202750e-01;1.988879e-01;1.463864e+00;7.700262e+00;3.123637e-01;1.584223e+00;2.083860e-01;1.077385e+00;8.904881e-03;8.488396e-02;6.052357e-03;2.084404e-02;8.107062e-03;1.313346e-01;2.855661e-02;2.604533e-01;4.560045e-02;3.869806e-01;6.873006e-02;5.556208e-01;6.812598e-02;6.865672e-01;3.481590e-01;8.906822e-01;3.119541e-01;9.702161e-01;9.237370e-02;9.442807e-01;1.311105e-01;1.042972e+00;2.225982e-01;1.159162e+00;2.126673e-01;1.215775e+00;2.651617e-01;1.287037e+00;4.142273e-01;1.325484e+00;4.540095e-01;1.384420e+00;3.600312e-01;1.453950e+00;3.701581e-01;1.459508e+00;4.778626e-01;1.566252e+00;7.108049e-01;1.672742e+00;4.315034e-01;1.631077e+00;2.855493e-01;1.539674e+00;4.168105e-01;1.482433e+00;8.315620e-01;1.521712e+00;3.906969e-01;1.150004e+00;1.695123e-01;8.982655e-01;1.576282e-01;7.839735e-01;1.109149e-01;6.114358e-01;2.890756e-01;8.486175e-01;9.976771e-02;1.509140e-01;2.288966e+01;1.113984e+02;4.600832e+01;1.978184e+02;9.943108e+01;3.468281e+02;2.598816e+02;5.670410e+02;1.932187e-01;6.992959e-01;7.443731e+01;3.129301e+02;2.729419e-01;3.411463e+00;8.432536e+04;1.690608e+05;2.684538e+00;5.344503e+00;1.498013e+02;1.014964e+02;8.002149e-02;-3.496200e-01;6.097559e-02;3.023528e-01;2.238498e-01;4.812123e-01;2.931305e+00;4.100454e+01;5.867660e+00;-1.284964e+01;6.054615e+00;2.838975e+01;9.542220e+00;8.705221e+00;6.809053e+00;-5.736150e-01;6.392434e+00;-2.519535e+00;4.793099e+00;-6.309726e+00;3.359940e+00;-1.191616e+00;9.122775e+00;4.363649e+00;9.936744e+00;-2.809425e+00;6.888696e+00;6.808198e+00;8.060251e+00;-4.472094e-01;8.940761e+00;1.001979e+00;5.521958e+00;4.029023e-02;4.881743e-06;-4.925615e-08;1.138948e-07;-1.618397e-08;5.827178e-07;-6.202703e-08;4.935764e-07;-2.919933e-08;1.158714e-06;-6.317741e-08;1.392546e-05;-2.696905e-07;5.302202e-02;5.885286e-03;4.402868e-02;6.859972e-04;2.413362e-03;6.434522e-06;1.031562e-03;2.134039e-04;2.129754e-03;4.943348e-05;6.259650e-03;-6.318438e-05;1.171855e-02;-7.741011e-04;1.820609e-02;1.964722e-04;1.660816e-02;1.205912e-03;5.709699e-02;-6.777500e-04;5.683883e-02;-2.191696e-04;3.024703e-02;1.541542e-03;3.545707e-02;6.399057e-04;4.528733e-02;3.359626e-03;4.792292e-02;3.226395e-03;7.905002e-02;-4.136912e-04;1.029521e-01;-9.668141e-05;1.153502e-01;-7.049714e-04;9.698265e-02;-9.284336e-04;8.752106e-02;1.206970e-03;1.061747e-01;2.538303e-03;1.490926e-01;3.191196e-03;8.306960e-02;2.882119e-04;4.764643e-02;-4.342664e-04;1.072748e-01;-6.256328e-04;2.004213e-01;-1.112523e-03;9.330387e-02;1.432174e-03;3.661684e-02;2.340787e-03;3.397894e-02;1.322369e-03;3.159463e-02;1.347064e-03;7.454420e-02;3.283646e-04;2.069747e-02;2.450864e-03;5.742188e+00;-2.871094e-01;1.122575e+01;7.034180e-01;1.789406e+01;1.981055e+00;6.236582e+01;5.828321e+00;4.259888e-02;3.889353e-03;1.558721e+01;1.654731e+00;4.969747e-02;5.785944e-03;1.744607e+04;1.803661e+03;5.896857e-01;-3.440950e-02;3.567728e+01;-7.378561e-01;1.912313e-02;-2.764317e-04;1.280149e-02;1.330788e-03;4.352659e-02;2.263199e-03;6.906697e-01;-5.295311e-02;1.202762e+00;-9.097081e-02;1.367952e+00;-7.314396e-02;1.359745e+00;-1.114743e-01;1.385952e+00;3.017076e-02;1.534146e+00;6.430651e-02;1.496718e+00;-1.658465e-02;1.151632e+00;1.120643e-03;1.821547e+00;1.453259e-01;1.828929e+00;1.619667e-01;1.707886e+00;1.226066e-01;1.549558e+00;1.072321e-01;1.555952e+00;-4.406474e-02;1.132875e+00;1.499514e-02
106.000000;2.285949e+01;1.039576e+02;1.714889e-02;7.634926e-01;8.018993e-02;5.527697e-02;1.239427e-01;7.420099e-02;8.812669e-02;1.420767e-01;1.764128e+00;6.716809e+00;4.394773e-01;2.030097e+00;1.994244e-01;1.103625e+00;1.464785e-02;9.330793e-02;7.154322e-03;2.759385e-02;1.674932e-02;1.219761e-01;3.990817e-02;2.706237e-01;6.630497e-02;4.182867e-01;9.570101e-02;5.959516e-01;8.288235e-02;7.191013e-01;3.722906e-01;9.348409e-01;3.549447e-01;1.006521e+00;9.955011e-02;9.469033e-01;1.414334e-01;1.064486e+00;2.572150e-01;1.202847e+00;2.016562e-01;1.294470e+00;2.384245e-01;1.328145e+00;2.761627e-01;1.307578e+00;3.176209e-01;1.353662e+00;2.518473e-01;1.385076e+00;3.924036e-01;1.497650e+00;4.411282e-01;1.635617e+00;4.759406e-01;1.627387e+00;4.070219e-01;1.683997e+00;3.932315e-01;1.640013e+00;4.376640e-01;1.520223e+00;8.709671e-01;1.552700e+00;4.045607e-01;1.195577e+00;1.463973e-01;9.489282e-01;1.510598e-01;7.995536e-01;9.853012e-02;6.421282e-01;8.973076e-01;1.527044e+00;2.292529e-01;3.663495e-01;9.678652e+01;1.874824e+02;1.101179e+02;2.846689e+02;1.029129e+02;4.540635e+02;4.476341e+02;1.048954e+03;1.683718e-01;7.310461e-01;1.339303e+02;4.529331e+02;3.099393e-01;3.703202e+00;1.038581e+05;2.707395e+05;1.002800e+00;3.386927e+00;2.321517e+01;2.833624e+01;1.222379e-01;-4.127195e-01;1.142565e-01;4.215023e-01;5.565866e-01;9.415340e-01;2.972015e+00;3.839177e+01;4.607230e+00;-1.866808e+01;3.973687e+00;2.637984e+01;9.458668e+00;7.184676e-01;7.211636e+00;-2.689733e+00;8.619716e+00;-5.098657e+00;1.044856e+01;-1.455367e+01;6.048429e+00;-3.268521e+00;8.381516e+00;9.469921e+00;8.457723e+00;3.143060e+00;7.454374e+00;6.723948e+00;4.773763e+00;5.046904e-01;1.127292e+01;4.536167e-01;6.502174e+00;-1.389379e+00;2.003957e-04;6.129516e-08;1.122528e-07;-1.803212e-08;8.450391e-07;-7.711176e-08;1.407243e-06;-4.568445e-08;7.759162e-07;-4.322488e-09;1.328174e-05;-1.528135e-06;6.702801e-02;6.744242e-03;4.448290e-02;-1.856480e-04;2.927309e-03;2.802626e-04;8.913214e-04;5.039053e-05;2.778350e-03;2.198858e-05;8.588972e-03;1.043863e-03;1.314156e-02;1.496687e-03;2.029546e-02;-7.515511e-05;1.798214e-02;-2.169355e-04;7.245340e-02;-1.524348e-04;7.498226e-02;-5.383611e-04;3.259006e-02;1.880839e-03;3.575647e-02;3.035096e-04;6.047536e-02;3.626683e-04;5.297681e-02;6.305492e-04;8.289453e-02;-2.360427e-03;6.592021e-02;-3.728518e-03;7.184063e-02;-2.934317e-03;7.155634e-02;1.773105e-03;8.809528e-02;-1.160233e-03;9.447611e-02;-8.678426e-04;9.235396e-02;-2.650885e-03;9.303217e-02;1.427860e-03;8.722106e-02;-5.629165e-04;1.154157e-01;6.453894e-04;2.153371e-01;-1.192472e-03;9.777715e-02;-7.194069e-04;3.451306e-02;7.833828e-04;3.307542e-02;7.296588e-04;3.057800e-02;1.233562e-03;1.360020e-01;1.326833e-02;4.277766e-02;2.256128e-03;1.071648e+01;1.650879e+00;1.566841e+01;7.751953e-01;2.109695e+01;5.455078e-01;6.867086e+01;4.134375e+00;2.903523e-02;5.372763e-03;1.838663e+01;1.125864e+00;6.111333e-02;1.541935e-03;1.657119e+04;7.754318e+01;1.720111e-01;2.347303e-03;4.736790e+00;8.556156e-02;2.538979e-02;-2.348184e-03;1.507612e-02;1.144408e-03;8.883209e-02;9.531343e-03;6.974156e-01;-2.817474e-02;7.840205e-01;7.493094e-04;1.148816e+00;-9.531391e-02;1.341638e+00;-1.720244e-01;1.325331e+00;2.070103e-02;1.636709e+00;7.018373e-02;1.827721e+00;-1.348668e-01;1.567056e+00;-1.140565e-01;1.947539e+00;-9.031887e-02;2.225438e+00;9.444693e-02;1.876588e+00;6.489415e-03;1.253786e+00;-1.246968e-01;2.158949e+00;-1.117346e-01;1.434668e+00;-6.433898e-02
106.500000;2.347957e+01;1.034528e+02;1.632554e-02;7.503651e-01;9.293787e-02;8.115945e-02;1.205628e-01;7.861649e-02;5.880788e-02;1.317110e-01;1.380940e+00;5.767233e+00;2.382859e-01;2.303464e+00;1.280395e-01;1.029736e+00;1.079838e-02;1.043269e-01;4.204889e-03;3.075208e-02;1.003350e-02;1.138680e-01;3.692059e-02;2.867898e-01;4.407745e-02;4.560420e-01;8.809101e-02;6.030049e-01;9.920522e-02;7.136515e-01;2.165187e-01;7.849243e-01;2.209291e-01;8.609195e-01;1.278135e-01;9.586523e-01;1.521674e-01;1.021487e+00;1.959697e-01;1.051380e+00;1.432413e-01;1.163376e+00;2.634901e-01;1.223467e+00;2.704981e-01;1.335620e+00;3.221992e-01;1.353832e+00;2.336952e-01;1.368726e+00;3.595821e-01;1.471092e+00;3.308160e-01;1.489393e+00;2.479280e-01;1.486828e+00;3.107744e-01;1.538494e+00;3.835528e-01;1.520793e+00;2.726244e-01;1.393225e+00;3.744984e-01;1.221778e+00;2.058486e-01;1.095149e+00;1.663652e-01;8.971017e-01;9.654327e-02;7.352712e-01;8.481441e-02;6.282667e-01;7.091925e-01;2.209214e+00;1.750528e-01;4.807252e-01;5.531905e+01;2.515078e+02;6.114469e+01;3.504170e+02;6.988681e+01;4.717207e+02;3.411341e+02;1.209161e+03;2.338408e-01;8.360987e-01;7.932982e+01;5.173131e+02;2.054117e-01;3.795475e+00;8.365321e+04;2.914912e+05;6.383908e-01;3.100407e+00;8.276501e+00;2.030352e+01;1.075802e-01;-5.036253e-01;6.210866e-02;4.832991e-01;3.898971e-01;1.259575e+00;2.448983e+00;3.751847e+01;2.652093e+00;-2.086229e+01;4.223955e+00;2.501264e+01;4.477005e+00;-2.457865e+00;4.299777e+00;-7.188363e+00;6.700608e+00;-8.045527e+00;5.523772e+00;-2.538546e+01;5.997520e+00;-5.805459e+00;8.735100e+00;3.278059e+00;7.485608e+00;-1.780347e+00;7.531474e+00;4.173070e+00;5.277855e+00;-3.174175e+00;8.939960e+00;-7.543129e-01;5.004864e+00;-2.418727e+00;2.241996e-04;1.431647e-05;8.271607e-08;9.501777e-09;9.052863e-07;-5.118115e-08;1.411634e-06;-1.851424e-08;6.336172e-07;-1.069327e-08;1.178580e-05;6.565094e-07;6.301170e-02;-3.409025e-04;3.081447e-02;-1.338955e-03;2.633666e-03;1.562720e-04;7.774117e-04;-1.108592e-04;2.226014e-03;1.244766e-05;6.824602e-03;5.393179e-04;9.850230e-03;9.046742e-04;1.551216e-02;-3.768077e-04;1.927220e-02;-1.904288e-03;5.841330e-02;-1.699147e-03;5.353109e-02;-9.543926e-04;2.997745e-02;1.196632e-03;4.014620e-02;1.965026e-03;5.062624e-02;-2.169560e-03;3.138379e-02;-2.527427e-03;7.779854e-02;2.579289e-03;7.737261e-02;-1.554971e-03;7.168948e-02;-1.658588e-03;6.435389e-02;-3.504502e-04;7.864428e-02;-1.356986e-03;6.744976e-02;-3.023518e-03;5.840350e-02;-4.373024e-03;8.867545e-02;-3.304674e-03;9.363249e-02;-3.942955e-03;7.195570e-02;-3.913017e-03;9.405211e-02;-1.762294e-03;5.148083e-02;-4.818006e-04;3.750914e-02;-2.557156e-03;2.292250e-02;-2.173373e-03;2.123465e-02;-1.925834e-03;1.851245e-01;4.113244e-03;4.936986e-02;-7.319829e-04;1.180026e+01;6.747071e-01;1.346433e+01;-4.306641e-01;1.512564e+01;-8.756836e-01;8.821220e+01;-3.029004e+00;3.971544e-02;-5.323737e-03;1.708666e+01;-4.716452e-01;5.385498e-02;-5.314490e-03;1.656019e+04;-1.044323e+03;1.787288e-01;4.106151e-03;2.632801e+00;-6.692890e-02;2.676248e-02;-7.975919e-04;1.309999e-02;-2.569300e-04;9.575284e-02;3.714845e-03;5.208397e-01;5.022340e-02;7.858509e-01;-2.576782e-02;9.762941e-01;-8.746136e-03;1.452103e+00;5.199648e-02;1.408095e+00;-1.675411e-02;1.546377e+00;-5.388036e-02;1.596366e+00;-1.106084e-01;1.573425e+00;-1.118719e-01;1.826784e+00;-1.931395e-01;1.720127e+00;-2.295242e-01;1.587269e+00;-2.140972e-01;1.463429e+00;-1.328394e-01;1.787434e+00;1.168588e-02;1.545177e+00;6.791795e-02
107.000000;2.559684e+01;1.053486e+02;2.175421e-02;7.626674e-01;1.255844e-01;1.026157e-01;1.504312e-01;9.472920e-02;6.132359e-02;1.250152e-01;1.286426e+00;6.144589e+00;2.827673e-01;2.025506e+00;8.411531e-02;9.583074e-01;1.768582e-02;9.450760e-02;4.992334e-03;2.884480e-02;1.645977e-02;1.321276e-01;4.132982e-02;2.708827e-01;6.798701e-02;4.154645e-01;6.102397e-02;5.183059e-01;7.929754e-02;6.427826e-01;1.482657e-01;7.110852e-01;1.292155e-01;7.830229e-01;1.822685e-01;9.628921e-01;1.781389e-01;1.029925e+00;1.779851e-01;1.026467e+00;1.313569e-01;1.043993e+00;2.449130e-01;1.139459e+00;1.984435e-01;1.240770e+00;1.923701e-01;1.268875e+00;1.975516e-01;1.268806e+00;2.046984e-01;1.298283e+00;2.170437e-01;1.310029e+00;3.299933e-01;1.379362e+00;3.714122e-01;1.396260e+00;2.759823e-01;1.363458e+00;2.184309e-01;1.324180e+00;1.983476e-01;1.141303e+00;1.547748e-01;1.076184e+00;1.672124e-01;8.708565e-01;9.993920e-02;7.017338e-01;8.847052e-02;5.994868e-01;8.193353e-01;1.654016e+00;1.291823e-01;3.479101e-01;4.613871e+01;2.008330e+02;5.621701e+01;3.069199e+02;1.333078e+02;4.605234e+02;3.312911e+02;1.036465e+03;2.898212e-01;7.149494e-01;7.246500e+01;4.593438e+02;3.039217e-01;3.736860e+00;7.988955e+04;2.366512e+05;7.478254e-01;3.242295e+00;1.172667e+01;2.501979e+01;1.484028e-01;-4.318362e-01;5.549408e-02;4.366661e-01;3.831756e-01;9.030778e-01;3.106069e+00;3.955059e+01;2.169013e+00;-1.901536e+01;4.758245e+00;2.078186e+01;7.042728e+00;3.127401e+00;5.654452e+00;-1.461782e+00;6.245687e+00;-5.957987e+00;7.999173e+00;-2.352971e+01;7.130434e+00;-6.267113e+00;8.012399e+00;-4.856251e+00;4.805710e+00;-7.556722e+00;6.514780e+00;2.734034e+00;1.009715e+01;4.623646e-02;7.882077e+00;-2.045308e+00;5.643731e+00;-2.224201e+00;1.942740e-04;4.030588e-07;9.139795e-08;1.828518e-08;1.460757e-06;9.833944e-09;1.805312e-06;1.272657e-08;8.186336e-07;1.868927e-08;9.000250e-06;3.208093e-07;3.873931e-02;-5.324483e-03;2.032221e-02;8.552807e-05;2.234737e-03;-3.307113e-04;1.025171e-03;-1.738474e-05;2.261107e-03;1.414732e-04;4.763525e-03;-5.344441e-04;1.026477e-02;-1.845038e-04;1.117556e-02;-5.627701e-04;1.692641e-02;-6.225795e-04;4.310746e-02;1.849660e-03;3.130618e-02;2.190819e-03;5.062185e-02;-1.036972e-04;4.735559e-02;2.143818e-04;3.848015e-02;9.096053e-04;2.765583e-02;-8.451865e-04;7.460999e-02;-1.812032e-03;6.425573e-02;3.502047e-04;5.306423e-02;3.627358e-04;5.366077e-02;-3.286844e-03;4.580158e-02;6.314131e-04;5.101136e-02;-2.245390e-04;7.358167e-02;3.603324e-03;8.418427e-02;-8.753071e-04;6.434983e-02;-4.695938e-04;5.883218e-02;-9.311156e-04;5.399712e-02;7.654862e-04;4.587148e-02;1.156774e-03;3.945834e-02;3.896496e-04;2.689776e-02;6.468648e-04;2.085593e-02;-5.360424e-04;1.507411e-01;-1.338744e-02;3.118681e-02;-2.096141e-03;7.600688e+00;-9.043945e-01;1.024482e+01;-4.306641e-01;3.181343e+01;-5.742187e-02;9.054739e+01;0;3.655070e-02;-3.857431e-03;1.502183e+01;-4.896243e-01;5.073016e-02;5.189671e-03;1.753122e+04;-1.690331e+02;1.901268e-01;-4.508905e-03;3.864210e+00;-4.401690e-02;2.177759e-02;2.626545e-03;1.099846e-02;-4.730120e-04;5.312693e-02;-1.028141e-02;5.816225e-01;2.882493e-02;7.292002e-01;3.280071e-02;1.129216e+00;-5.621857e-02;1.475522e+00;3.127835e-02;1.284063e+00;9.592538e-03;1.254626e+00;7.208606e-02;1.628884e+00;1.588965e-01;1.769605e+00;6.187468e-02;1.962039e+00;3.826546e-02;1.294512e+00;-1.355852e-01;1.539846e+00;1.568522e-02;1.755042e+00;1.516523e-01;1.691896e+00;-4.948746e-02;1.565283e+00;-8.468171e-02
107.500000;2.494844e+01;1.059867e+02;1.505309e-02;7.877671e-01;1.215428e-01;5.753643e-02;1.533422e-01;6.727791e-02;6.068591e-02;1.028101e-01;2.220243e+00;8.321840e+00;1.500741e-01;1.830322e+00;1.017387e-01;9.824048e-01;1.664711e-02;9.014960e-02;6.344311e-03;2.599395e-02;1.576897e-02;1.340999e-01;6.082309e-02;2.844691e-01;9.221092e-02;4.378473e-01;7.159352e-02;5.424525e-01;7.472645e-02;6.420634e-01;1.459244e-01;7.201070e-01;1.407131e-01;8.039393e-01;1.598822e-01;9.559836e-01;1.674313e-01;1.027177e+00;2.423715e-01;1.072889e+00;2.280362e-01;1.065216e+00;2.149532e-01;1.167161e+00;2.004754e-01;1.212987e+00;2.918605e-01;1.319518e+00;2.918716e-01;1.341601e+00;3.183719e-01;1.373523e+00;3.422044e-01;1.406154e+00;6.286889e-01;1.516070e+00;2.778480e-01;1.369100e+00;2.589938e-01;1.377768e+00;1.503707e-01;1.308939e+00;1.862913e-01;1.214455e+00;9.476087e-02;1.077390e+00;8.232289e-02;8.776484e-01;8.370999e-02;7.127770e-01;5.850615e-02;5.811905e-01;4.190255e-01;1.132544e+00;8.146971e-02;2.738082e-01;1.983965e+01;1.765723e+02;5.402293e+01;2.596904e+02;1.521633e+02;4.038193e+02;3.296292e+02;9.332490e+02;9.032504e-02;5.169029e-01;7.809609e+01;4.057255e+02;4.359306e-01;3.508100e+00;8.553428e+04;2.002582e+05;8.201168e-01;3.425079e+00;1.919672e+01;3.312428e+01;1.463383e-01;-4.048240e-01;5.928556e-02;3.889212e-01;3.017073e-01;7.875576e-01;2.176666e+00;4.178635e+01;2.811788e+00;-1.832629e+01;6.170793e+00;1.919756e+01;4.474300e+00;8.166242e+00;7.736118e+00;3.328907e+00;6.890213e+00;-1.682797e+00;7.891508e+00;-1.550813e+01;8.005549e+00;-1.003299e+01;8.905127e+00;-9.052481e+00;7.762378e+00;-1.218372e+01;5.961936e+00;-1.622436e+00;9.763946e+00;2.207196e+00;7.665156e+00;-1.910590e+00;5.284482e+00;-2.995004e+00;1.649892e-04;-1.430661e-05;8.561930e-08;8.698747e-09;1.353690e-06;-2.506422e-08;1.743369e-06;-2.360518e-08;7.607387e-07;8.002159e-08;1.139524e-05;5.634736e-07;4.211706e-02;-1.038434e-03;2.768843e-02;7.662097e-04;1.909980e-03;-1.709716e-05;1.158251e-03;-3.136811e-05;2.505993e-03;-1.552087e-04;7.041459e-03;-2.561460e-04;1.176334e-02;-2.318445e-04;1.197784e-02;4.535542e-04;1.810820e-02;1.528978e-03;4.339838e-02;4.918189e-04;3.695938e-02;-8.399496e-04;5.104737e-02;-2.147941e-03;4.742931e-02;-2.152386e-03;4.338890e-02;-1.691321e-03;4.187618e-02;-1.638213e-04;6.762604e-02;2.185676e-03;5.668166e-02;2.987037e-03;7.958843e-02;3.006769e-03;7.807343e-02;9.453847e-04;7.503857e-02;7.531559e-04;8.288567e-02;9.916220e-04;1.398726e-01;4.671621e-03;7.883129e-02;7.905348e-04;6.119786e-02;1.234576e-03;5.497552e-02;3.185944e-03;5.882143e-02;2.242069e-03;3.396555e-02;-9.963841e-04;2.800923e-02;1.845144e-03;3.070552e-02;4.230673e-04;1.867023e-02;8.195232e-04;7.182579e-02;-1.908893e-03;2.640642e-02;-1.877470e-04;4.999229e+00;-7.177734e-02;8.171327e+00;-2.009766e-01;3.167844e+01;-2.871094e-02;8.000726e+01;-5.885742e-01;1.959996e-02;-3.100384e-04;1.451537e+01;-1.676973e-01;6.070916e-02;-1.747871e-03;1.850043e+04;5.917326e+01;1.768432e-01;-6.939669e-04;5.340588e+00;-5.747609e-03;1.601022e-02;7.731889e-05;1.056239e-02;-1.989479e-04;3.778232e-02;6.535848e-04;6.422995e-01;7.936157e-03;8.226905e-01;-7.536951e-03;1.409232e+00;1.714191e-02;1.140785e+00;1.104333e-01;1.916721e+00;-1.851735e-02;1.488071e+00;-7.654501e-02;1.733177e+00;6.514095e-02;1.822574e+00;1.670365e-03;1.977824e+00;2.705671e-02;1.419571e+00;-7.580152e-02;1.667058e+00;-1.181639e-01;1.750460e+00;1.649708e-01;1.779548e+00;8.328659e-03;1.551602e+00;-6.252427e-02
108.000000;2.818497e-01;9.798639e+01;8.447296e-03;8.064185e-01;2.452558e-03;4.258624e-03;4.982171e-03;3.749188e-03;6.952654e-02;1.217375e-01;1.456078e+00;1.074911e+01;2.064534e-01;1.739743e+00;9.902612e-02;9.758751e-01;1.189403e-02;9.361424e-02;2.552822e-03;2.155329e-02;1.317914e-02;1.294103e-01;4.993304e-02;2.908622e-01;7.222229e-02;4.539703e-01;7.087241e-02;5.691496e-01;8.383060e-02;6.460062e-01;1.674116e-01;8.280241e-01;1.744591e-01;9.119995e-01;1.243922e-01;9.137971e-01;1.491790e-01;9.588326e-01;2.457172e-01;1.012044e+00;2.239485e-01;1.080089e+00;2.126709e-01;1.111504e+00;1.889363e-01;1.143366e+00;3.024309e-01;1.224143e+00;2.952513e-01;1.350174e+00;2.798309e-01;1.379881e+00;3.107903e-01;1.389689e+00;6.093289e-01;1.480924e+00;2.077108e-01;1.430562e+00;2.452728e-01;1.352164e+00;1.503946e-01;1.281373e+00;1.464683e-01;1.201118e+00;1.056613e-01;1.060015e+00;8.999290e-02;8.664324e-01;9.466007e-02;7.243639e-01;5.559959e-02;5.828592e-01;3.879543e-01;1.214159e+00;1.113200e-01;1.920606e-01;1.192800e+01;1.814531e+02;2.246940e+01;2.295439e+02;3.576904e+01;3.224238e+02;2.013402e+02;6.604951e+02;7.725756e-02;4.783202e-01;3.098816e+01;3.404370e+02;2.452156e-01;3.287350e+00;4.766405e+04;1.348228e+05;9.247549e-01;4.567173e+00;3.773190e+01;6.071473e+01;1.212275e-01;-4.308697e-01;2.299761e-02;3.389571e-01;2.708545e-01;7.555484e-01;2.178354e+00;4.358428e+01;3.732893e+00;-1.543470e+01;6.369859e+00;2.015837e+01;3.958390e+00;7.253426e+00;9.868585e+00;-7.174178e-01;5.419816e+00;8.294765e-01;4.574269e+00;-1.017058e+01;8.388722e+00;-1.085661e+01;9.308157e+00;-6.724529e+00;8.757703e+00;-1.402000e+01;5.636094e+00;-5.481998e+00;6.306363e+00;-2.657761e+00;6.156578e+00;-6.924685e+00;5.340031e+00;-7.224708e-01;2.189418e-06;4.646625e-08;4.510690e-08;7.806985e-09;7.495762e-08;-1.163718e-08;6.748176e-08;-1.236334e-08;6.777367e-07;2.542269e-08;1.114272e-05;1.750050e-06;4.058527e-02;-1.631813e-03;2.637708e-02;-3.270787e-04;1.572182e-03;1.691527e-04;8.256094e-04;-5.253212e-05;2.353380e-03;-1.349576e-04;5.932328e-03;1.939182e-04;8.550114e-03;1.717667e-04;1.499730e-02;8.137879e-04;2.204461e-02;3.688078e-04;4.647419e-02;-4.337898e-04;4.247404e-02;-7.881519e-04;4.061563e-02;-2.328402e-03;4.507570e-02;-1.614748e-03;4.473104e-02;-2.653405e-03;4.048365e-02;-1.092392e-03;6.375193e-02;3.512698e-03;5.303590e-02;1.345893e-03;7.466573e-02;1.213459e-04;8.032087e-02;9.227852e-04;7.313096e-02;-4.048950e-04;7.938207e-02;-4.383444e-04;1.373208e-01;-1.229625e-03;7.482157e-02;-1.759433e-03;5.873701e-02;-1.529390e-03;5.568349e-02;5.912055e-04;4.736254e-02;9.277528e-04;4.136893e-02;-7.005703e-04;2.735998e-02;-1.232635e-03;3.253730e-02;-1.068170e-03;1.812056e-02;-6.509634e-05;7.307518e-02;4.409881e-03;2.336914e-02;-8.894296e-04;3.774588e+00;1.148437e-01;5.263174e+00;-5.885742e-01;9.826305e+00;-1.162793e+00;5.607229e+01;-4.536328e+00;1.752186e-02;-1.144609e-03;8.589230e+00;-1.159990e+00;5.209648e-02;-7.599921e-03;1.141138e+04;-1.252945e+03;2.580324e-01;2.657429e-02;1.149197e+01;4.558630e-01;1.482961e-02;-1.287998e-03;6.638581e-03;-9.142660e-04;4.012110e-02;1.369609e-03;5.966598e-01;3.941934e-02;8.203622e-01;6.765736e-02;1.404608e+00;5.745071e-02;1.014558e+00;3.333880e-02;2.188774e+00;-6.290190e-02;1.978898e+00;-1.257055e-01;1.391737e+00;6.497707e-03;1.545181e+00;2.312078e-02;1.999943e+00;7.120304e-02;1.855381e+00;3.942244e-02;1.744023e+00;-1.993574e-01;1.459025e+00;-1.696213e-01;1.621347e+00;-1.172268e-01;1.535569e+00;1.121393e-01
108.500000;2.954682e-01;9.798986e+01;1.151468e-02;8.049504e-01;9.180809e-03;6.956100e-03;5.450729e-03;5.180886e-03;7.875467e-02;1.500306e-01;1.661382e+00;1.056056e+01;1.600211e-01;1.500782e+00;8.347335e-02;9.558196e-01;1.258910e-02;8.306686e-02;2.493357e-03;1.917234e-02;2.180914e-02;1.372410e-01;2.590429e-02;2.663866e-01;4.824526e-02;4.093179e-01;9.520562e-02;5.378851e-01;7.419251e-02;6.501449e-01;1.754057e-01;8.074352e-01;1.945197e-01;8.881183e-01;1.150601e-01;8.302425e-01;1.200772e-01;8.981605e-01;1.842169e-01;9.932950e-01;1.574817e-01;1.090469e+00;2.262540e-01;1.120524e+00;2.422002e-01;1.164608e+00;2.495867e-01;1.205498e+00;1.969698e-01;1.274082e+00;2.317557e-01;1.331307e+00;3.224524e-01;1.386096e+00;5.400310e-01;1.450389e+00;2.174986e-01;1.439499e+00;1.975484e-01;1.339844e+00;1.835586e-01;1.263639e+00;1.263479e-01;1.181768e+00;1.408326e-01;1.048610e+00;8.022121e-02;8.477241e-01;8.794042e-02;7.146109e-01;4.307566e-02;5.744150e-01;4.763119e-01;9.713208e-01;4.547818e-02;9.097130e-02;1.589443e+01;1.752803e+02;2.264117e+01;2.217920e+02;8.108934e+01;3.323291e+02;1.001566e+02;5.200986e+02;8.615019e-02;4.322225e-01;3.211983e+01;3.117365e+02;1.726949e-01;3.283359e+00;2.291938e+04;9.992250e+04;7.718853e-01;5.342133e+00;3.923493e+01;8.389682e+01;1.018474e-01;-3.356328e-01;3.356401e-02;3.175778e-01;1.261909e-01;5.283418e-01;1.733663e+00;4.466663e+01;3.496769e+00;-1.205731e+01;6.886823e+00;2.139925e+01;6.126997e+00;6.499686e+00;6.146872e+00;-4.790141e+00;5.513414e+00;-1.092748e-01;5.917349e+00;-8.345113e+00;8.947527e+00;-5.898526e+00;7.699333e+00;2.892684e+00;8.974891e+00;-7.552269e+00;5.758746e+00;-3.153250e+00;7.619264e+00;-5.825581e+00;6.808004e+00;-1.406741e+01;5.624449e+00;2.117527e-01;2.304142e-06;6.904924e-09;7.131915e-08;9.323822e-10;5.400285e-08;9.345826e-09;4.966862e-08;3.967071e-09;7.486353e-07;-5.429350e-08;1.159566e-05;3.476033e-07;2.318931e-02;-3.764849e-03;1.703550e-02;2.869554e-04;2.007851e-03;-4.992120e-05;4.999438e-04;-5.152431e-05;4.777194e-03;2.830758e-04;6.403478e-03;1.736072e-04;8.076721e-03;9.078089e-04;1.628489e-02;1.085481e-03;1.825440e-02;4.153735e-04;3.530210e-02;-9.096233e-04;3.785552e-02;4.531119e-05;4.205043e-02;-6.064595e-04;4.414937e-02;-5.817139e-04;3.758755e-02;5.598711e-04;3.026862e-02;1.890233e-03;6.525426e-02;-5.905372e-04;5.048274e-02;-9.309737e-04;5.490421e-02;-9.143619e-04;5.390059e-02;-7.133430e-04;4.912211e-02;8.632720e-04;6.493819e-02;2.070565e-03;1.008325e-01;1.267697e-03;7.035378e-02;1.223729e-03;5.278999e-02;1.179906e-03;6.295788e-02;-1.563510e-03;4.302726e-02;-8.402038e-05;5.357015e-02;1.724224e-03;2.723535e-02;-2.580087e-04;2.825952e-02;8.457635e-04;1.574016e-02;7.745886e-05;6.745847e-02;-1.126290e-03;7.146307e-03;-1.189988e-03;3.967931e+00;0;5.629833e+00;0;1.876597e+01;-8.039063e-01;2.312300e+01;-2.167676e+00;2.326440e-02;1.499875e-04;8.332822e+00;-8.850605e-01;4.888589e-02;1.396453e-05;6.661955e+03;-7.948306e+02;3.033510e-01;2.923109e-02;1.415038e+01;9.054266e-01;1.646074e-02;3.350024e-04;8.076439e-03;-7.454963e-04;3.438156e-02;-5.684958e-03;5.214900e-01;1.117822e-02;9.023640e-01;9.194087e-02;1.399697e+00;5.324952e-02;1.085989e+00;3.906431e-02;1.924298e+00;1.398425e-02;1.920342e+00;7.632356e-02;1.339338e+00;-4.078965e-02;1.629179e+00;-3.751289e-02;1.723484e+00;1.795752e-01;2.082941e+00;1.381509e-01;1.691407e+00;7.549994e-02;1.693747e+00;-7.588803e-02;1.517764e+00;-1.096312e-01;1.744479e+00;9.079640e-02
109.000000;8.532814e+00;9.373357e+01;2.232541e-02;7.864580e-01;1.657766e-02;1.376293e-02;3.767338e-02;2.148021e-02;9.542324e-02;1.422465e-01;1.708329e+00;9.285781e+00;2.983696e-01;1.631218e+00;1.523554e-01;1.053623e+00;1.763599e-02;8.798034e-02;7.216248e-03;2.155203e-02;2.289013e-02;1.301500e-01;3.812791e-02;2.752752e-01;5.968994e-02;4.180800e-01;9.867037e-02;5.758052e-01;7.740465e-02;7.102911e-01;1.330182e-01;7.153295e-01;1.337481e-01;8.034807e-01;1.842667e-01;9.183378e-01;2.234164e-01;9.989755e-01;1.718066e-01;1.083881e+00;9.585006e-02;1.184700e+00;3.811454e-01;1.325553e+00;3.137810e-01;1.358163e+00;3.630068e-01;1.436289e+00;3.011145e-01;1.438277e+00;3.498965e-01;1.511331e+00;3.998813e-01;1.567480e+00;5.501997e-01;1.608285e+00;3.538637e-01;1.566984e+00;9.911974e-01;1.770032e+00;2.184608e-01;1.362818e+00;1.839693e-01;1.272777e+00;1.551017e-01;1.097179e+00;8.912697e-02;9.039925e-01;8.377668e-02;7.567122e-01;5.831129e-02;6.040093e-01;4.224510e-01;9.717227e-01;1.741219e-01;1.982927e-01;1.956298e+01;1.761416e+02;4.338488e+01;2.308359e+02;1.474496e+02;3.617578e+02;4.276876e+02;6.999727e+02;1.170411e-01;4.940176e-01;1.041028e+02;3.527964e+02;3.359967e-01;3.317713e+00;1.073320e+05;1.612219e+05;1.608073e+00;4.781603e+00;5.325685e+01;7.006239e+01;1.531604e-01;-3.841583e-01;8.101512e-02;3.434737e-01;2.779138e-01;6.904456e-01;2.446662e+00;4.309530e+01;6.520806e+00;-1.509859e+01;8.423497e+00;2.654715e+01;7.042083e+00;9.880370e+00;4.619430e+00;-3.324911e+00;6.556791e+00;-1.600718e+00;1.064762e+01;-1.609551e+01;7.036862e+00;-5.628299e+00;6.038170e+00;3.184326e+00;7.371362e+00;-6.950938e+00;4.022348e+00;-1.017169e+00;1.076295e+01;-7.389377e+00;1.069209e+01;-8.954096e+00;7.610381e+00;3.708725e+00;3.980556e-05;-7.727195e-06;1.067806e-07;-2.307396e-08;1.472511e-07;7.186896e-09;3.452373e-07;2.376116e-08;1.053521e-06;-4.480544e-08;1.151840e-05;-1.544041e-06;4.811194e-02;4.585911e-03;3.527148e-02;9.715593e-04;2.542805e-03;-1.589416e-05;9.989031e-04;7.621566e-05;4.803466e-03;1.206658e-06;7.406755e-03;-3.899775e-04;8.827345e-03;-7.433288e-04;1.436213e-02;2.042517e-04;1.594217e-02;6.944488e-04;2.872830e-02;-1.758077e-03;2.863816e-02;-1.197636e-03;4.161214e-02;3.692782e-03;4.720981e-02;3.929153e-03;4.217156e-02;3.011554e-03;2.617981e-02;3.315780e-03;9.649315e-02;2.380319e-03;8.162404e-02;2.001159e-03;9.107921e-02;2.610123e-03;7.644368e-02;8.546197e-04;7.526562e-02;-3.291470e-04;8.710226e-02;-3.150332e-04;1.190413e-01;1.655246e-03;9.033912e-02;1.434640e-04;2.127230e-01;-1.258748e-03;6.587643e-02;-2.331185e-03;5.667985e-02;2.056815e-05;5.488133e-02;5.578319e-03;3.014933e-02;1.958737e-03;2.612592e-02;1.354442e-03;1.944476e-02;1.774887e-04;7.076206e-02;1.640340e-03;3.427223e-02;3.561035e-03;3.338225e+00;3.588867e-01;5.901477e+00;1.148438e+00;4.120434e+01;8.900391e-01;7.816714e+01;9.948339e+00;3.053573e-02;-3.432301e-05;1.748873e+01;2.188831e+00;6.648540e-02;5.766880e-03;2.017721e+04;2.049559e+03;3.438492e-01;-3.550075e-02;1.497827e+01;-5.291982e-01;2.295529e-02;4.610795e-06;1.318746e-02;1.722585e-03;4.301628e-02;2.819319e-03;5.473004e-01;-5.010154e-02;1.181805e+00;-1.300289e-01;1.417223e+00;-3.473638e-02;1.164078e+00;1.592306e-01;1.596133e+00;1.074678e-01;1.492404e+00;1.189070e-02;1.616144e+00;-1.484995e-01;1.664810e+00;-1.274938e-01;1.422712e+00;-5.124312e-02;1.669024e+00;-1.421387e-01;1.413843e+00;1.208665e-01;1.977298e+00;1.334590e-01;1.471819e+00;1.808743e-01;1.715955e+00;1.692048e-01
109.500000;3.024961e+01;1.125918e+02;2.259459e-02;7.728461e-01;1.484526e-01;6.142255e-02;1.713475e-01;8.289067e-02;1.287764e-01;1.735609e-01;2.941133e+00;6.324116e+00;2.308687e-01;1.870243e+00;1.660407e-01;1.061182e+00;1.327640e-02;9.244268e-02;7.245557e-03;2.843537e-02;9.240587e-03;1.225662e-01;3.452918e-02;2.692224e-01;5.344429e-02;4.133957e-01;7.176738e-02;5.766414e-01;1.015562e-01;7.504103e-01;1.878197e-01;8.050773e-01;1.367689e-01;7.980028e-01;2.214893e-01;9.602224e-01;2.393038e-01;1.031007e+00;1.551268e-01;1.060348e+00;1.293911e-01;1.101589e+00;4.096815e-01;1.241928e+00;3.281009e-01;1.404095e+00;3.509974e-01;1.412881e+00;2.975784e-01;1.420417e+00;3.379206e-01;1.444685e+00;4.030435e-01;1.477292e+00;4.459993e-01;1.529991e+00;6.685653e-01;1.733510e+00;1.070687e+00;1.845909e+00;3.761576e-01;1.461198e+00;3.702092e-01;1.353832e+00;1.555047e-01;1.108265e+00;1.023440e-01;9.079716e-01;7.654727e-02;7.522697e-01;5.416526e-02;6.080102e-01;3.645704e-01;1.325634e+00;1.502172e-01;3.225662e-01;3.396638e+01;2.015508e+02;6.994797e+01;2.955791e+02;1.361954e+02;4.164521e+02;5.101389e+02;1.068190e+03;1.671665e-01;6.037267e-01;1.118948e+02;4.495254e+02;3.593764e-01;3.518008e+00;1.028179e+05;2.516720e+05;1.580459e+00;3.560626e+00;4.720264e+01;3.612073e+01;1.316134e-01;-4.127952e-01;8.887237e-02;4.213220e-01;2.390419e-01;8.875016e-01;2.269004e+00;4.080659e+01;4.703189e+00;-1.934459e+01;6.145613e+00;2.947673e+01;7.611843e+00;9.189227e+00;4.607697e+00;-1.482132e+00;1.124670e+01;-1.094622e+01;6.448501e+00;-2.462933e+01;1.158683e+01;-1.546224e+00;7.398976e+00;-2.882371e+00;6.443897e+00;-1.277978e+01;9.319297e+00;5.582674e+00;1.290322e+01;1.708461e+00;6.113288e+00;-2.041778e+00;6.009320e+00;7.618530e+00;1.081273e-04;1.531835e-05;1.193941e-07;-1.186515e-08;1.373699e-06;-5.582315e-08;1.506372e-06;-5.232191e-09;1.271024e-06;1.598115e-07;8.413568e-06;-2.809563e-06;5.779519e-02;1.874486e-03;4.020748e-02;-6.907395e-04;2.360605e-03;-1.309271e-04;1.100692e-03;1.523054e-04;2.048827e-03;-1.040010e-04;4.686176e-03;1.356423e-04;8.143681e-03;-9.134079e-05;1.195643e-02;-1.383914e-03;2.561026e-02;-1.953925e-03;3.690672e-02;2.373033e-04;3.551262e-02;9.716816e-04;4.942548e-02;2.016398e-03;4.743526e-02;9.393399e-04;3.632318e-02;-3.291307e-04;1.793013e-02;-2.797540e-03;8.990577e-02;-1.154867e-03;8.480490e-02;-2.769992e-03;8.297051e-02;-2.867316e-03;7.485624e-02;-1.485115e-03;7.383075e-02;-1.279091e-03;9.298483e-02;5.335748e-04;1.180062e-01;6.393365e-04;1.576379e-01;-2.941942e-03;2.384545e-01;-3.240841e-03;8.065728e-02;-1.671560e-03;8.683966e-02;-1.729785e-03;5.623193e-02;3.380228e-04;3.062996e-02;8.091229e-04;2.425512e-02;7.404498e-04;1.898542e-02;4.802598e-04;1.015433e-01;-1.751209e-04;3.971200e-02;4.984908e-04;5.859423e+00;0;1.033869e+01;2.583984e-01;4.001644e+01;8.756836e-01;8.904126e+01;1.076660e+00;3.794483e-02;-2.032639e-04;1.863179e+01;9.981402e-01;5.693473e-02;3.355186e-03;2.216812e+04;8.645311e+02;3.023917e-01;-2.406335e-02;1.209205e+01;-7.213009e-01;2.245959e-02;9.664384e-04;1.329000e-02;8.674028e-04;5.692636e-02;-4.611035e-04;5.708305e-01;-2.887549e-02;1.061800e+00;-5.440671e-02;1.441992e+00;-1.660736e-02;1.534550e+00;-5.305320e-02;1.198445e+00;-4.932789e-02;1.807422e+00;-8.143695e-02;1.775812e+00;-1.918593e-02;2.169017e+00;1.000665e-01;1.662842e+00;-5.221811e-02;1.615520e+00;-1.855441e-01;1.308047e+00;3.775716e-02;1.675148e+00;1.504668e-01;1.635283e+00;9.125543e-02;1.515916e+00;-9.924343e-03
110.000000;2.658913e+01;1.200896e+02;1.520069e-02;7.672044e-01;1.476104e-01;9.751340e-02;1.723781e-01;9.835529e-02;1.468758e-01;2.038070e-01;2.081760e+00;4.587451e+00;2.844484e-01;1.675479e+00;1.392990e-01;9.858388e-01;7.955998e-03;8.148564e-02;5.508997e-03;2.803351e-02;9.991786e-03;1.309526e-01;1.784135e-02;2.726974e-01;4.021468e-02;4.238977e-01;7.145946e-02;5.415497e-01;1.603748e-01;6.655113e-01;2.214891e-01;7.845693e-01;1.651799e-01;8.271874e-01;2.016782e-01;9.139668e-01;1.643888e-01;9.638600e-01;9.554155e-02;9.788567e-01;1.139928e-01;1.030854e+00;2.032801e-01;1.078323e+00;2.837060e-01;1.235655e+00;2.389490e-01;1.253647e+00;2.450982e-01;1.291395e+00;2.901246e-01;1.340344e+00;4.075980e-01;1.429863e+00;6.690256e-01;1.526927e+00;6.809997e-01;1.538918e+00;5.591036e-01;1.431826e+00;3.833601e-01;1.377068e+00;3.701739e-01;1.258088e+00;1.427431e-01;1.108024e+00;9.683321e-02;8.937054e-01;4.804784e-02;7.361647e-01;4.198505e-02;5.979581e-01;4.797829e-01;1.050251e+00;1.399320e-01;2.217847e-01;3.837907e+01;1.916455e+02;7.564378e+01;2.769170e+02;9.038372e+01;3.779795e+02;4.797816e+02;8.844404e+02;1.965406e-01;6.250437e-01;9.984061e+01;4.158852e+02;3.034286e-01;3.449339e+00;8.108675e+04;2.285559e+05;1.130847e+00;3.712020e+00;2.729250e+01;3.273844e+01;7.123835e-02;-3.144959e-01;8.403096e-02;3.938478e-01;2.879696e-01;6.458449e-01;1.797994e+00;4.029406e+01;3.883202e+00;-1.702713e+01;5.525989e+00;2.847398e+01;9.204502e+00;1.129738e+01;6.858171e+00;-2.663674e+00;9.931203e+00;-1.200902e+01;8.618909e+00;-1.906221e+01;1.037747e+01;4.774476e-01;7.407928e+00;-2.726206e+00;7.047390e+00;-1.865235e+01;1.123805e+01;3.753994e+00;5.266131e+00;9.425553e+00;4.397928e+00;-4.135424e+00;6.528195e+00;5.938027e+00;1.231497e-04;7.608809e-06;9.779153e-08;6.077682e-09;1.436253e-06;-4.920613e-08;1.589733e-06;-4.835359e-08;1.322607e-06;5.330946e-09;1.091042e-05;-3.125334e-07;4.535767e-02;-2.650999e-03;3.174039e-02;1.080868e-03;1.804243e-03;-5.540293e-05;8.070702e-04;-1.423532e-05;1.866253e-03;1.148139e-04;2.695393e-03;5.271885e-04;7.799355e-03;7.689141e-04;1.639444e-02;-2.572882e-04;2.586194e-02;8.070549e-04;3.586728e-02;3.477896e-03;3.682125e-02;1.661345e-03;4.883819e-02;-1.022413e-03;4.084807e-02;-1.709654e-03;2.077579e-02;-1.528328e-03;2.581629e-02;-2.239894e-03;4.660397e-02;9.589664e-04;5.875804e-02;-1.490823e-03;5.945849e-02;1.160294e-04;6.656016e-02;2.016242e-03;7.506709e-02;5.027077e-03;1.040079e-01;6.148001e-03;1.649838e-01;6.726643e-03;1.534599e-01;8.220716e-04;1.304502e-01;5.145629e-03;7.687896e-02;2.538084e-03;7.616193e-02;5.545744e-04;5.362532e-02;-4.553932e-03;2.824845e-02;6.358499e-04;2.038813e-02;1.307446e-03;1.809161e-02;1.551088e-03;9.450581e-02;-3.350241e-03;2.226163e-02;-2.715587e-03;5.961842e+00;-3.588867e-01;9.494979e+00;-1.220215e+00;1.512908e+01;-7.751953e-01;5.546314e+01;-1.022109e+01;3.530474e-02;-9.724055e-04;1.189457e+01;-1.719118e+00;3.750061e-02;-3.461300e-03;1.680770e+04;-9.562887e+02;2.807845e-01;2.684991e-02;8.823945e+00;4.809299e-01;1.523184e-02;8.659605e-05;8.684333e-03;-1.471059e-03;4.486685e-02;-3.562244e-03;5.584911e-01;-1.302365e-02;9.889918e-01;9.108555e-02;1.578168e+00;8.464985e-02;1.564193e+00;-6.001384e-03;1.372975e+00;-1.671629e-01;1.997648e+00;4.731440e-02;2.132458e+00;7.055064e-02;2.166827e+00;8.853118e-02;1.629093e+00;5.621345e-02;1.876807e+00;4.237684e-02;1.817069e+00;-9.396473e-02;1.644940e+00;1.001975e-02;1.308837e+00;-2.496777e-02;1.874540e+00;-1.591498e-01
110.500000;1.223366e+01;1.009491e+02;1.495312e-02;7.549054e-01;6.705795e-02;1.054900e-01;6.655004e-02;7.371092e-02;1.298452e-01;1.724918e-01;1.729449e+00;5.123563e+00;1.683399e-01;1.420251e+00;1.221561e-01;9.734271e-01;1.142176e-02;6.817862e-02;5.223120e-03;2.726506e-02;1.234007e-02;1.296518e-01;2.279302e-02;2.613863e-01;5.135813e-02;4.037465e-01;8.921561e-02;5.313772e-01;1.164031e-01;6.263031e-01;1.462675e-01;7.328209e-01;1.113405e-01;8.614173e-01;1.434617e-01;9.233991e-01;1.361951e-01;9.656618e-01;1.127979e-01;9.791780e-01;1.383121e-01;1.092865e+00;2.004434e-01;1.199778e+00;1.595782e-01;1.123764e+00;2.434490e-01;1.233469e+00;2.592680e-01;1.301212e+00;3.666734e-01;1.392323e+00;4.941898e-01;1.488876e+00;7.977787e-01;1.593300e+00;2.327945e-01;1.329357e+00;2.815369e-01;1.322474e+00;2.067015e-01;1.328566e+00;1.446958e-01;1.190174e+00;1.145653e-01;1.089195e+00;9.930348e-02;8.851854e-01;6.848767e-02;7.296689e-01;5.940751e-02;5.939555e-01;3.183706e-01;5.840116e-01;4.052790e-02;1.128198e-01;2.008535e+01;1.676719e+02;2.588128e+01;2.205000e+02;1.034689e+02;3.590303e+02;3.751038e+02;7.206445e+02;1.699706e-01;5.400717e-01;7.521754e+01;3.673347e+02;2.679454e-01;3.416271e+00;9.378588e+04;2.094173e+05;1.075250e+00;4.048983e+00;2.794667e+01;3.937908e+01;8.165500e-02;-2.261677e-01;5.514884e-02;3.485396e-01;8.965540e-02;3.572844e-01;1.933485e+00;4.030857e+01;3.781797e+00;-1.509560e+01;6.144388e+00;2.766604e+01;5.047819e+00;1.559485e+01;7.314325e+00;-5.708063e+00;5.332628e+00;-6.296998e+00;5.267988e+00;-1.356573e+01;5.234152e+00;-3.352345e+00;6.030229e+00;3.074310e+00;8.310843e+00;-1.620201e+01;5.850123e+00;-4.060906e+00;5.511610e+00;7.512576e+00;4.662969e+00;-4.156441e+00;6.581258e+00;7.845544e+00;6.878912e-05;-1.555067e-05;8.239869e-08;-1.945199e-09;7.163898e-07;-5.226118e-09;7.517024e-07;1.374548e-08;1.194601e-06;-1.586890e-07;1.031191e-05;1.205304e-06;3.801573e-02;-3.220044e-03;2.964956e-02;1.293065e-03;1.263333e-03;-3.284364e-04;8.983024e-04;3.250190e-05;1.979218e-03;-1.262946e-04;2.841284e-03;-6.993526e-04;6.792522e-03;-1.051120e-03;1.890463e-02;7.327648e-04;1.308168e-02;-1.256954e-04;1.985626e-02;-3.604243e-04;2.364172e-02;-3.717247e-05;4.436741e-02;-1.463671e-03;4.582936e-02;-5.666728e-04;3.011939e-02;-1.554058e-03;3.494887e-02;7.380242e-04;6.353833e-02;3.582618e-04;5.870637e-02;2.783767e-03;7.647887e-02;4.142981e-03;7.168645e-02;1.843427e-03;9.349735e-02;4.690178e-03;1.233702e-01;4.730074e-03;1.937328e-01;6.195581e-03;7.244983e-02;4.882378e-03;6.568013e-02;5.397697e-03;6.257845e-02;3.452943e-03;3.393996e-02;2.852337e-03;4.298289e-02;-7.225164e-04;2.996460e-02;-9.254256e-04;2.187104e-02;-9.534396e-04;2.082864e-02;-5.948581e-04;5.469761e-02;-7.250863e-03;1.253669e-02;-3.837394e-04;3.990175e+00;3.014649e-01;5.425836e+00;1.722656e-01;2.378955e+01;6.029297e-01;9.040422e+01;6.517383e+00;2.529788e-02;3.209947e-03;1.554692e+01;1.166637e+00;4.277993e-02;2.089208e-03;2.278476e+04;2.061037e+03;3.209385e-01;-1.523625e-02;9.572380e+00;-3.258471e-01;9.591452e-03;1.965024e-03;1.059941e-02;6.881530e-04;1.924748e-02;-2.645479e-03;5.113626e-01;-5.187006e-02;1.235800e+00;-3.477549e-02;1.598011e+00;6.506113e-02;1.136468e+00;2.821609e-02;1.565359e+00;-2.204708e-02;1.674535e+00;1.601861e-02;2.025436e+00;3.844439e-02;1.667138e+00;-2.266164e-02;1.440515e+00;4.735814e-02;1.604349e+00;1.486339e-01;1.835701e+00;-1.576356e-01;1.905907e+00;7.629358e-03;1.299454e+00;2.522318e-02;2.001172e+00;8.323245e-02
111.000000;9.892409e-01;9.703698e+01;2.051479e-02;7.594381e-01;7.383628e-02;6.721776e-02;5.345968e-02;4.780309e-02;9.586249e-02;1.884106e-01;1.517307e+00;5.682241e+00;1.972985e-01;1.234144e+00;1.229616e-01;9.712011e-01;1.046739e-02;5.196737e-02;5.038548e-03;2.771227e-02;1.228869e-02;1.281515e-01;2.720081e-02;2.520041e-01;5.797436e-02;3.883946e-01;8.485171e-02;5.352228e-01;1.327057e-01;6.352412e-01;8.410277e-02;7.518431e-01;4.191736e-02;8.369830e-01;1.480376e-01;8.766143e-01;1.609453e-01;9.380410e-01;1.564825e-01;1.012518e+00;1.416536e-01;1.049243e+00;2.540974e-01;1.178022e+00;2.198695e-01;1.153102e+00;2.963069e-01;1.238429e+00;2.127513e-01;1.264387e+00;3.340645e-01;1.343837e+00;4.645595e-01;1.420007e+00;6.788478e-01;1.513517e+00;1.811445e-01;1.452534e+00;2.554793e-01;1.426210e+00;2.551337e-01;1.386538e+00;2.152193e-01;1.247071e+00;1.351603e-01;1.048115e+00;8.870372e-02;8.591750e-01;7.407358e-02;7.216806e-01;7.537622e-02;5.943476e-01;1.936528e-01;3.376407e-01;4.049577e-02;8.044976e-02;3.544929e+01;1.523115e+02;4.131059e+01;2.200693e+02;9.718334e+01;3.730986e+02;3.854785e+02;8.274492e+02;1.422340e-01;4.259108e-01;8.050294e+01;3.819203e+02;1.841304e-01;3.526916e+00;9.584944e+04;2.431415e+05;1.013319e+00;3.751659e+00;2.147808e+01;3.191793e+01;6.248243e-02;-1.319200e-01;6.051771e-02;3.560663e-01;1.027609e-01;2.273143e-01;2.115475e+00;3.854977e+01;4.238170e+00;-1.466843e+01;6.187217e+00;2.850127e+01;3.666612e+00;1.461550e+01;7.443305e+00;-6.352293e+00;5.964775e+00;-5.115850e+00;4.650990e+00;-1.519625e+01;6.451701e+00;-1.164630e+00;5.214884e+00;7.490679e+00;4.821754e+00;-8.980570e+00;6.220887e+00;-3.944917e+00;5.880010e+00;7.686251e+00;4.414614e+00;-4.230585e+00;4.703467e+00;1.072765e+01;8.308876e-06;-6.236537e-07;1.360579e-07;8.014407e-09;5.715717e-07;-9.824392e-09;4.945815e-07;-7.723288e-10;1.061202e-06;5.559023e-08;1.056822e-05;9.848344e-07;3.812771e-02;-1.878967e-03;2.993194e-02;2.048976e-03;1.180694e-03;-1.555863e-04;9.354393e-04;1.259757e-06;1.967389e-03;-6.488540e-05;4.223362e-03;4.683084e-04;9.860097e-03;6.906411e-04;2.054117e-02;2.152342e-03;3.441985e-02;3.222618e-03;9.686581e-03;-3.802384e-04;1.089616e-02;4.002331e-04;4.536928e-02;-1.627862e-03;5.063848e-02;-2.649617e-03;3.859768e-02;4.893623e-03;3.018224e-02;1.639051e-03;6.902418e-02;1.917853e-03;6.507354e-02;6.762825e-03;8.189055e-02;7.359023e-03;6.250156e-02;1.583690e-03;8.348268e-02;1.886963e-03;1.097022e-01;3.771376e-03;1.590787e-01;5.201979e-03;6.299046e-02;3.865517e-03;6.654001e-02;3.379827e-03;6.990506e-02;4.918870e-03;5.013726e-02;3.731766e-03;4.690918e-02;2.706953e-03;3.141762e-02;3.193519e-05;2.556580e-02;-1.311596e-03;2.707847e-02;-1.277826e-03;3.158732e-02;-3.001459e-03;1.097215e-02;-1.323240e-04;6.332633e+00;2.871094e-02;9.523423e+00;7.177734e-01;2.587521e+01;6.459961e-01;1.112233e+02;2.627051e+00;2.298860e-02;6.471561e-04;1.863916e+01;7.166331e-01;5.080863e-02;8.041317e-04;2.370795e+04;7.552340e+02;2.745175e-01;-1.577961e-02;6.310411e+00;-4.285032e-01;6.851652e-03;1.394919e-03;1.354652e-02;5.692736e-04;1.765038e-02;3.469008e-04;4.208997e-01;-2.785433e-02;1.212024e+00;-1.436269e-02;1.641866e+00;6.725645e-02;1.067350e+00;-4.521658e-02;1.668916e+00;6.106852e-02;1.663850e+00;-1.361437e-01;1.765028e+00;-7.052869e-02;1.761419e+00;2.935152e-02;1.545308e+00;8.940380e-02;1.353220e+00;7.043451e-02;1.625823e+00;3.336930e-02;1.942449e+00;6.813014e-02;1.354707e+00;-4.194385e-02;1.525513e+00;-5.051720e-03
111.500000;3.398187e+01;1.089975e+02;2.144129e-02;7.760566e-01;1.045794e-01;5.246228e-02;1.355709e-01;6.766435e-02;1.008389e-01;2.082504e-01;2.459711e+00;7.111750e+00;2.882222e-01;1.231809e+00;1.896791e-01;1.024258e+00;1.458360e-02;5.449211e-02;4.250553e-03;2.476064e-02;2.176514e-02;1.308401e-01;3.330342e-02;2.807843e-01;7.027125e-02;4.477939e-01;1.061284e-01;5.796450e-01;1.908099e-01;6.726353e-01;1.627983e-01;7.515352e-01;1.309652e-01;8.339237e-01;1.885344e-01;9.132026e-01;2.679988e-01;1.013295e+00;3.192290e-01;1.128170e+00;3.048552e-01;1.135517e+00;3.277970e-01;1.229218e+00;2.919168e-01;1.259614e+00;4.084044e-01;1.334419e+00;3.564101e-01;1.387406e+00;3.709756e-01;1.429199e+00;4.587871e-01;1.501181e+00;7.011259e-01;1.563888e+00;3.382968e-01;1.527226e+00;4.729025e-01;1.528658e+00;3.061516e-01;1.406454e+00;2.496117e-01;1.258305e+00;1.422516e-01;1.056680e+00;1.179624e-01;9.101453e-01;7.030969e-02;7.446499e-01;7.320485e-02;6.063182e-01;4.101837e-01;4.497764e-01;1.259174e-01;1.018259e-01;3.670736e+01;1.584844e+02;4.190322e+01;2.276777e+02;7.756258e+01;3.407988e+02;3.457614e+02;7.301191e+02;1.624957e-01;4.291349e-01;6.739470e+01;3.671850e+02;2.811970e-01;3.372303e+00;8.555181e+04;2.237268e+05;1.445978e+00;4.133443e+00;4.465807e+01;4.257621e+01;9.454954e-02;-1.507117e-01;5.066783e-02;3.460149e-01;2.333911e-01;2.738333e-01;1.377249e+00;3.783241e+01;5.497335e+00;-1.413518e+01;5.509173e+00;3.099914e+01;5.319932e+00;1.680722e+01;7.776929e+00;-5.029155e+00;6.177320e+00;-4.905615e+00;5.477449e+00;-1.851404e+01;8.899293e+00;-4.095227e+00;8.176759e+00;3.194960e+00;6.115698e+00;-1.182764e+01;5.670254e+00;-5.641939e+00;7.355837e+00;7.225348e+00;5.196617e+00;-2.552692e+00;5.605386e+00;1.012449e+01;2.710613e-04;4.605790e-05;1.905963e-07;1.323065e-08;1.107979e-06;1.871458e-08;1.459700e-06;-1.451711e-08;1.026898e-06;2.351722e-08;1.834092e-05;-4.634431e-07;5.229271e-02;9.093901e-03;3.854988e-02;5.377480e-03;2.092874e-03;6.393617e-04;1.059042e-03;-1.029227e-04;5.025574e-03;4.105098e-04;4.451873e-03;6.102471e-04;1.367440e-02;2.753947e-03;2.598764e-02;1.805025e-03;4.360126e-02;4.115033e-03;3.159611e-02;7.460264e-03;2.979838e-02;6.568636e-05;6.024121e-02;2.336035e-04;7.323527e-02;1.266382e-02;5.422388e-02;1.371354e-02;5.748994e-02;7.706593e-03;8.035709e-02;3.354168e-03;6.422299e-02;7.898435e-03;9.623910e-02;1.199081e-02;9.423707e-02;9.455625e-03;9.049631e-02;6.536833e-03;1.078641e-01;8.462802e-03;1.544106e-01;8.937656e-03;7.579739e-02;9.661760e-03;9.993004e-02;9.725633e-03;8.146401e-02;5.048508e-03;6.210593e-02;3.029929e-03;4.968281e-02;4.901618e-04;3.334680e-02;2.029318e-03;2.463231e-02;1.005468e-03;2.755724e-02;6.491099e-04;9.599277e-02;2.454649e-02;2.399082e-02;4.280381e-03;6.496924e+00;3.445312e-01;9.187321e+00;5.742187e-02;2.946479e+01;-4.737305e-01;9.897081e+01;-1.076660e+00;2.837283e-02;1.203500e-03;1.794531e+01;-2.499549e-01;7.463305e-02;-3.560364e-03;2.274898e+04;-8.476689e+02;3.675010e-01;2.915554e-03;1.160112e+01;4.951249e-02;1.628444e-02;-4.979884e-03;1.310307e-02;-5.549720e-05;4.276969e-02;1.059254e-02;4.013605e-01;3.209900e-02;1.310447e+00;-6.471612e-02;1.665650e+00;1.445957e-02;1.218373e+00;7.000539e-03;1.675638e+00;5.487506e-02;1.837492e+00;5.579664e-02;1.803961e+00;-1.166686e-01;1.917791e+00;-1.330527e-01;1.847229e+00;-2.735009e-01;1.677728e+00;-8.563624e-02;1.611436e+00;2.477448e-01;2.027781e+00;3.407048e-02;1.454625e+00;-4.106287e-02;1.452384e+00;-2.235379e-01
112.000000;8.932481e+01;1.668353e+02;2.792559e-02;7.709122e-01;1.443460e-01;1.363239e-01;1.614446e-01;1.455979e-01;1.175896e-01;2.209973e-01;3.406796e+00;6.388741e+00;4.116267e-01;1.671301e+00;1.984556e-01;1.098747e+00;2.375162e-02;8.573946e-02;4.629189e-03;2.443059e-02;2.234201e-02;1.326131e-01;2.133424e-02;2.907561e-01;8.169644e-02;4.780240e-01;1.093975e-01;6.365954e-01;1.503985e-01;7.409305e-01;2.480837e-01;8.340271e-01;2.614947e-01;9.492520e-01;1.574782e-01;1.002373e+00;4.212663e-01;1.159678e+00;3.931332e-01;1.212140e+00;4.036693e-01;1.427469e+00;2.813547e-01;1.314981e+00;2.529226e-01;1.303495e+00;3.853044e-01;1.350661e+00;3.797411e-01;1.505420e+00;3.622271e-01;1.574274e+00;5.052913e-01;1.645341e+00;6.959943e-01;1.643204e+00;4.770127e-01;1.560015e+00;7.136694e-01;1.659674e+00;2.835279e-01;1.413852e+00;2.116119e-01;1.285464e+00;1.337951e-01;1.090374e+00;1.211120e-01;9.688375e-01;7.057811e-02;7.717525e-01;5.741722e-02;6.162242e-01;1.025162e+00;1.595192e+00;2.211768e-01;2.964610e-01;3.084890e+01;2.065752e+02;3.441243e+01;2.647148e+02;7.564610e+01;3.471152e+02;3.662709e+02;8.530020e+02;2.493622e-01;6.266580e-01;6.755649e+01;3.965039e+02;2.786843e-01;3.269760e+00;7.997855e+04;2.026267e+05;1.500528e+00;4.073502e+00;4.489870e+01;4.464003e+01;1.901578e-01;-3.779429e-01;5.275125e-02;3.808776e-01;3.930463e-01;7.198669e-01;2.339778e+00;3.985931e+01;5.822349e+00;-1.736803e+01;5.848204e+00;2.936313e+01;6.710822e+00;1.545970e+01;6.109976e+00;-3.803569e+00;6.806126e+00;-3.107387e+00;6.654707e+00;-2.392477e+01;9.051884e+00;-1.539988e+01;7.688659e+00;-3.517045e+00;7.700964e+00;-1.216825e+01;6.146728e+00;-5.477721e+00;1.285478e+01;1.193216e+00;5.754372e+00;-2.042059e+00;9.434627e+00;9.078848e+00;5.720943e-04;-3.580438e-06;1.788886e-07;-2.077465e-08;1.580685e-06;7.390299e-08;1.938945e-06;4.218604e-09;9.365353e-07;-6.137185e-10;2.393685e-05;-1.460110e-06;6.026951e-02;4.981549e-03;4.447967e-02;-3.094255e-03;2.237355e-03;4.923721e-04;1.134208e-03;-6.135047e-05;5.474646e-03;3.565306e-04;4.166090e-03;-1.278952e-04;1.350163e-02;-1.053235e-03;2.257375e-02;-2.335453e-03;2.899040e-02;-4.185971e-03;4.025742e-02;6.243786e-04;5.886487e-02;3.006734e-05;5.675116e-02;6.345653e-04;8.407409e-02;-2.174256e-03;6.346616e-02;-4.229377e-03;8.743601e-02;5.967314e-04;8.135841e-02;-3.589152e-03;5.752725e-02;-5.997594e-03;8.855174e-02;-7.522914e-03;1.046522e-01;4.375972e-04;9.381881e-02;-4.609013e-03;1.222591e-01;-1.037623e-02;1.530077e-01;-1.157153e-02;1.115508e-01;-4.338792e-03;1.671400e-01;-9.031375e-03;8.626713e-02;-2.206721e-03;6.123194e-02;-4.139360e-03;5.095396e-02;-3.580384e-03;3.571577e-02;-1.436835e-03;2.166682e-02;-3.068825e-04;1.967482e-02;-3.175006e-04;1.276085e-01;1.579989e-02;3.537508e-02;3.758507e-03;5.817066e+00;0;4.675808e+00;-4.306640e-02;2.936025e+01;-3.301758e-01;8.473208e+01;3.962109e+00;4.548295e-02;6.559066e-03;1.693371e+01;-1.630460e-01;7.616211e-02;-4.246622e-05;2.298481e+04;-6.673468e+02;3.726111e-01;-5.022954e-03;1.228719e+01;-3.116656e-02;2.148720e-02;-4.182894e-03;1.182224e-02;-5.063633e-05;5.069847e-02;6.242855e-03;5.495799e-01;7.634125e-02;1.235870e+00;-4.068001e-02;1.652796e+00;-7.744728e-02;1.274765e+00;6.592072e-02;1.384918e+00;4.789537e-02;1.910975e+00;7.497078e-02;1.527238e+00;-2.492850e-02;1.583986e+00;-1.168204e-01;1.954533e+00;-1.503919e-02;1.636785e+00;1.758150e-01;1.428814e+00;-3.865904e-02;2.124177e+00;-2.946774e-01;1.528820e+00;-7.775990e-02;1.715441e+00;1.218961e-01
112.500000;9.214182e+01;1.526917e+02;2.580159e-02;7.517449e-01;1.161360e-01;1.316917e-01;1.217753e-01;1.118123e-01;1.103874e-01;2.118117e-01;2.360595e+00;5.146183e+00;1.774636e-01;1.936059e+00;1.650833e-01;1.063078e+00;5.031802e-03;1.079699e-01;4.174326e-03;2.429201e-02;1.182843e-02;1.403581e-01;2.367514e-02;2.860301e-01;7.936896e-02;4.435182e-01;8.338107e-02;6.128616e-01;8.983310e-02;7.306882e-01;2.180249e-01;8.396573e-01;2.291158e-01;9.528114e-01;8.616560e-02;1.010618e+00;4.231635e-01;1.129474e+00;3.207213e-01;1.146537e+00;4.071896e-01;1.276671e+00;1.989171e-01;1.216438e+00;2.239265e-01;1.319426e+00;2.176894e-01;1.270903e+00;3.160269e-01;1.392977e+00;3.013677e-01;1.474882e+00;4.432952e-01;1.432936e+00;4.495743e-01;1.475394e+00;6.176531e-01;1.618752e+00;7.797209e-01;1.637364e+00;3.567090e-01;1.461120e+00;3.571633e-01;1.350206e+00;1.315332e-01;1.111018e+00;1.181028e-01;9.396834e-01;7.557170e-02;7.601320e-01;5.451339e-02;6.095665e-01;3.608422e-01;2.316899e+00;1.380556e-01;3.931399e-01;2.955972e+01;2.124609e+02;2.506047e+01;2.820850e+02;2.708584e+01;3.445312e+02;3.057855e+02;8.438145e+02;2.146686e-01;8.098097e-01;5.204407e+01;3.949333e+02;2.167202e-01;3.396316e+00;5.927905e+04;1.777734e+05;8.633365e-01;3.800148e+00;2.232907e+01;3.884545e+01;7.083990e-02;-5.553489e-01;4.088979e-02;3.855492e-01;1.748143e-01;1.080595e+00;2.563296e+00;4.238930e+01;3.516155e+00;-1.779750e+01;5.461596e+00;2.500189e+01;5.729047e+00;1.318531e+01;8.094341e+00;1.027146e+00;7.005043e+00;-3.911009e+00;6.619464e+00;-2.482862e+01;9.291258e+00;-1.518182e+01;9.346428e+00;-2.786260e+00;7.106145e+00;-7.198545e+00;5.970112e+00;-5.057966e+00;1.111981e+01;-3.480565e+00;5.684596e+00;-2.043793e+00;1.018236e+01;1.362523e+01;5.001369e-04;-4.532985e-05;1.172086e-07;-1.957915e-08;1.184145e-06;-4.528515e-09;1.363258e-06;-1.900832e-08;1.073436e-06;-3.898066e-10;1.909833e-05;2.790540e-07;4.945768e-02;-2.524891e-03;3.701653e-02;-5.413486e-03;1.536185e-03;-8.137567e-06;9.216085e-04;2.834468e-05;3.087157e-03;-3.051058e-04;4.626343e-03;-1.437373e-04;8.772625e-03;-2.269182e-03;1.142127e-02;-2.636465e-03;1.393534e-02;-2.612592e-03;3.269493e-02;-4.855216e-03;5.334691e-02;4.172835e-04;2.696204e-02;3.687244e-04;7.102643e-02;-1.163895e-02;5.756344e-02;-1.111719e-02;6.811956e-02;-8.500121e-03;6.027418e-02;-4.866248e-03;5.439146e-02;-7.320309e-03;5.352810e-02;-9.118191e-03;8.374791e-02;-6.305400e-03;7.084850e-02;-9.365263e-03;9.172761e-02;-1.119249e-02;1.134692e-01;-9.855744e-03;1.461750e-01;-1.180246e-02;1.841232e-01;-1.261686e-02;8.822797e-02;-5.664198e-03;8.359484e-02;-5.133158e-03;4.990909e-02;-6.588143e-04;3.643703e-02;-2.271276e-03;2.428610e-02;-9.353071e-04;1.909086e-02;-3.524108e-04;1.083200e-01;-5.795127e-03;3.453600e-02;-2.479031e-03;6.890790e+00;-4.737305e-01;5.207613e+00;-2.871094e-02;1.130769e+01;-4.163086e-01;8.026801e+01;-3.832910e+00;5.511724e-02;3.868844e-03;1.245802e+01;-9.664528e-01;5.203399e-02;2.883540e-03;1.677288e+04;-1.238688e+03;2.383797e-01;1.020051e-02;7.344573e+00;2.489978e-01;1.919631e-02;1.700668e-04;8.989822e-03;-6.873039e-04;5.121901e-02;-2.939931e-03;6.124299e-01;3.415750e-02;8.297798e-01;8.464781e-02;1.596489e+00;-8.592895e-02;1.362983e+00;9.367413e-04;1.562899e+00;2.651185e-02;1.787808e+00;-5.858341e-02;1.688600e+00;7.975694e-02;1.532311e+00;1.784874e-01;1.787100e+00;1.686551e-01;1.431888e+00;3.290065e-02;1.313397e+00;-1.541635e-01;1.970165e+00;-9.847145e-02;1.276097e+00;4.056748e-02;1.610676e+00;1.939772e-01
113.000000;5.794531e+00;9.578642e+01;1.699529e-02;7.490387e-01;5.611919e-02;7.313266e-02;4.350509e-02;4.392209e-02;1.301416e-01;2.152376e-01;1.011606e+00;5.411083e+00;1.425414e-01;1.824929e+00;1.046813e-01;9.859393e-01;4.567028e-03;1.098976e-01;3.686607e-03;2.104308e-02;1.117200e-02;1.360681e-01;2.048829e-02;2.858381e-01;1.734069e-02;4.212722e-01;1.566382e-02;5.447896e-01;5.812304e-02;6.919489e-01;1.098008e-01;7.870800e-01;7.244480e-02;8.310262e-01;9.164409e-02;9.575604e-01;2.245912e-01;1.024439e+00;1.593582e-01;1.066439e+00;6.108958e-02;1.002471e+00;1.321657e-01;1.116559e+00;2.233875e-01;1.268614e+00;1.425095e-01;1.266015e+00;2.052266e-01;1.313857e+00;1.693044e-01;1.321898e+00;2.423715e-01;1.304041e+00;3.888209e-01;1.386682e+00;5.325830e-01;1.494548e+00;5.395957e-01;1.403336e+00;3.568848e-01;1.399231e+00;3.700046e-01;1.272461e+00;1.301339e-01;1.095865e+00;1.052744e-01;9.124562e-01;6.985612e-02;7.370917e-01;5.166331e-02;5.928348e-01;2.726870e-01;2.035872e+00;1.002864e-01;2.635716e-01;2.064145e+01;1.873389e+02;2.870519e+01;2.578242e+02;1.910087e+01;3.353438e+02;2.207460e+02;5.607246e+02;1.908062e-01;8.654836e-01;3.899365e+01;3.379047e+02;1.257748e-01;3.438101e+00;4.024785e+04;1.269836e+05;9.723707e-01;4.596797e+00;3.671024e+01;6.277757e+01;6.376298e-02;-5.728821e-01;3.228807e-02;3.386256e-01;1.947699e-01;1.025583e+00;2.004028e+00;4.423510e+01;2.830285e+00;-1.434544e+01;4.881205e+00;2.267484e+01;4.905697e+00;1.545305e+01;6.819006e+00;3.340761e+00;5.016902e+00;-6.792687e+00;6.772857e+00;-1.938591e+01;6.622547e+00;-1.002012e+01;7.981329e+00;-2.346628e+00;5.788589e+00;-9.250935e+00;5.153574e+00;-4.220522e+00;6.245059e+00;-4.515842e-01;4.580470e+00;-3.100030e-01;5.484969e+00;1.488826e+01;2.075392e-05;4.558219e-06;7.801291e-08;1.042916e-08;4.506743e-07;-6.376553e-08;4.758839e-07;9.979243e-10;1.539565e-06;-4.117643e-08;1.013923e-05;4.459334e-07;3.626802e-02;1.478455e-03;2.562584e-02;2.222943e-03;1.275356e-03;-1.708846e-09;7.846367e-04;2.317965e-05;1.736020e-03;-4.794301e-04;3.804948e-03;-5.737508e-04;4.389059e-03;-8.402708e-06;5.350220e-03;9.623322e-05;1.236507e-02;-2.515049e-04;3.026628e-02;-2.350767e-03;2.818064e-02;6.516199e-04;2.956699e-02;9.882225e-04;5.691557e-02;3.176811e-03;4.972021e-02;3.306491e-04;1.613977e-02;-2.500120e-03;4.379175e-02;-3.952765e-04;5.261630e-02;3.308886e-03;5.781129e-02;6.994573e-03;7.304402e-02;2.116529e-04;5.292040e-02;2.893530e-03;5.991676e-02;9.494610e-03;1.326753e-01;1.702617e-02;1.153922e-01;3.742339e-03;1.151618e-01;4.817768e-03;7.518063e-02;2.604921e-03;7.941994e-02;4.283831e-03;5.263327e-02;2.048221e-03;3.246527e-02;1.060129e-03;2.402603e-02;5.537345e-04;1.921035e-02;7.183101e-05;8.968501e-02;-3.216089e-03;2.469430e-02;-1.162317e-03;5.730763e+00;8.613281e-02;6.074857e+00;-2.583984e-01;5.458175e+00;8.613281e-02;6.561963e+01;-3.143848e+00;5.689530e-02;-3.881426e-03;8.301576e+00;1.205777e-01;3.551019e-02;4.073773e-05;1.093650e+04;5.061790e+02;2.072321e-01;3.390259e-03;9.816354e+00;1.678867e-02;1.589390e-02;3.776166e-04;6.222165e-03;2.362749e-05;5.334831e-02;1.123636e-03;4.750444e-01;-3.300007e-02;7.902280e-01;-1.381280e-02;1.528608e+00;2.559783e-02;1.292212e+00;-4.321028e-02;1.659778e+00;-2.061460e-02;1.500408e+00;-2.419878e-02;1.801997e+00;1.425650e-01;1.663830e+00;5.355376e-02;1.557817e+00;-1.005638e-01;1.366451e+00;-2.804923e-01;1.557269e+00;-4.571244e-02;1.607745e+00;2.846122e-01;1.105676e+00;7.906132e-02;1.309169e+00;-1.021494e-01
113.500000;3.816178e-01;9.835081e+01;1.189207e-02;7.542461e-01;4.557945e-02;6.462527e-02;2.608867e-02;3.516440e-02;1.387887e-01;2.450838e-01;1.114254e+00;5.687687e+00;1.356258e-01;1.759669e+00;8.390579e-02;9.698297e-01;5.247643e-03;1.074779e-01;3.047880e-03;1.938398e-02;7.440080e-03;1.299780e-01;1.262851e-02;2.712757e-01;1.781532e-02;4.174961e-01;1.874830e-02;5.429198e-01;3.301520e-02;6.522331e-01;1.124447e-01;7.712735e-01;1.123368e-01;8.441401e-01;1.170633e-01;9.224681e-01;1.373165e-01;9.980929e-01;1.303920e-01;1.060198e+00;9.007456e-02;1.048154e+00;1.833715e-01;1.113202e+00;1.422726e-01;1.197985e+00;2.569355e-01;1.313942e+00;2.294344e-01;1.272683e+00;1.733069e-01;1.283693e+00;3.119896e-01;1.410586e+00;6.436728e-01;1.507666e+00;1.559551e-01;1.360567e+00;1.279345e-01;1.327532e+00;1.750422e-01;1.310330e+00;1.554815e-01;1.173879e+00;1.601786e-01;1.055629e+00;9.253246e-02;9.096456e-01;7.066364e-02;7.276890e-01;5.363429e-02;5.923121e-01;3.303126e-01;1.778801e+00;6.952972e-02;2.094597e-01;1.416689e+01;1.749932e+02;2.282655e+01;2.374395e+02;1.839462e+01;3.288838e+02;1.556543e+02;4.844971e+02;1.732011e-01;8.620738e-01;3.274891e+01;3.189685e+02;1.078275e-01;3.399416e+00;4.081824e+04;1.160154e+05;8.294286e-01;4.824684e+00;3.498304e+01;6.824975e+01;6.524882e-02;-5.447915e-01;2.539018e-02;3.211833e-01;1.897779e-01;9.339495e-01;1.869191e+00;4.499144e+01;3.496033e+00;-1.370727e+01;5.121092e+00;2.074505e+01;3.445364e+00;1.706929e+01;4.500347e+00;2.009818e+00;5.405316e+00;-3.905416e+00;5.391898e+00;-1.546316e+01;4.689673e+00;-1.015034e+01;5.580956e+00;-3.509793e+00;4.300492e+00;-1.551589e+01;5.184355e+00;-3.045179e+00;6.080733e+00;6.190691e+00;3.038098e+00;-1.924111e-01;4.818915e+00;8.482554e+00;3.592331e-06;1.760224e-08;6.713158e-08;2.772822e-09;4.043429e-07;1.117036e-08;2.996506e-07;1.324994e-08;1.731599e-06;-5.071050e-08;1.170237e-05;3.264213e-07;3.390187e-02;-1.818671e-03;2.068156e-02;-4.984353e-04;1.016684e-03;-1.284309e-04;7.091719e-04;-5.946082e-05;1.332041e-03;-3.481223e-06;2.189403e-03;-2.237973e-04;4.228794e-03;-3.096837e-04;6.058954e-03;-7.949087e-05;1.103518e-02;-3.491112e-04;3.142440e-02;-1.766509e-04;3.756008e-02;-5.441253e-04;4.053745e-02;-3.387621e-04;4.775859e-02;6.030072e-04;4.444336e-02;6.014449e-04;2.513395e-02;4.501301e-04;5.318509e-02;-4.064109e-04;4.447660e-02;1.784267e-03;6.287128e-02;-3.141786e-03;6.833259e-02;-5.038574e-03;4.582390e-02;-2.470769e-03;7.229913e-02;-3.189758e-03;1.441167e-01;-6.753620e-03;5.792968e-02;1.037132e-03;4.098507e-02;2.567122e-03;4.686110e-02;1.777606e-03;4.496795e-02;1.639132e-03;6.160535e-02;-3.826755e-04;3.000741e-02;1.426462e-03;2.460336e-02;-7.356019e-04;1.962230e-02;-7.013051e-04;7.512636e-02;-1.002386e-02;1.878700e-02;-3.097109e-04;3.153502e+00;-1.722656e-01;6.394165e+00;-2.871094e-02;6.010314e+00;4.306640e-02;4.753550e+01;1.033594e+00;5.449948e-02;-5.152927e-03;7.962963e+00;-5.218742e-02;3.448173e-02;-5.555320e-05;1.040271e+04;-3.223698e+01;2.204800e-01;-7.192341e-03;1.017548e+01;-1.622448e-01;1.317397e-02;1.777019e-03;6.111911e-03;-5.977715e-05;4.775272e-02;-3.160249e-03;5.272416e-01;2.662340e-02;1.004727e+00;2.295472e-03;1.388052e+00;-5.685710e-02;1.224731e+00;-4.458322e-02;1.396214e+00;7.318109e-02;1.837299e+00;5.781657e-02;1.657729e+00;7.817618e-02;1.390014e+00;-2.397997e-02;1.612728e+00;7.908743e-03;1.282769e+00;-7.393935e-02;1.675567e+00;3.903653e-02;1.514526e+00;9.418520e-02;1.117956e+00;4.895328e-02;1.411543e+00;-8.355797e-02
114.000000;4.085840e-01;9.842194e+01;1.249023e-02;7.435081e-01;6.645188e-02;8.978979e-02;6.441535e-02;7.236888e-02;1.144917e-01;1.794399e-01;8.716139e-01;5.766472e+00;1.445573e-01;1.709180e+00;9.273762e-02;9.883464e-01;1.262938e-02;9.390207e-02;3.387943e-03;2.091207e-02;8.763887e-03;1.267738e-01;2.568556e-02;2.513957e-01;2.119122e-02;3.917643e-01;2.097314e-02;5.389720e-01;3.929716e-02;6.523647e-01;1.152534e-01;7.760410e-01;1.244864e-01;9.114836e-01;1.290546e-01;9.860031e-01;1.734534e-01;1.075550e+00;1.337631e-01;1.125505e+00;1.471151e-01;1.095425e+00;2.405155e-01;1.156110e+00;1.728795e-01;1.156189e+00;2.710820e-01;1.242921e+00;2.415650e-01;1.252572e+00;2.440240e-01;1.318351e+00;3.619679e-01;1.450831e+00;6.743350e-01;1.554218e+00;1.771428e-01;1.419957e+00;1.543055e-01;1.395284e+00;1.515805e-01;1.353705e+00;1.216913e-01;1.211242e+00;1.700785e-01;1.055292e+00;8.983171e-02;8.903965e-01;7.055558e-02;7.188291e-01;5.847138e-02;5.898312e-01;3.519029e-01;1.317620e+00;6.924946e-02;2.227761e-01;1.935807e+01;1.716914e+02;4.150171e+01;2.568193e+02;8.925316e+01;3.786973e+02;2.241941e+02;7.009775e+02;1.497416e-01;7.548265e-01;5.227520e+01;3.557730e+02;1.911060e-01;3.580894e+00;3.709166e+04;1.341615e+05;9.823541e-01;3.897467e+00;3.148907e+01;5.093370e+01;1.135092e-01;-4.212347e-01;4.824137e-02;3.546942e-01;2.293279e-01;7.963896e-01;2.019415e+00;4.526090e+01;3.510695e+00;-1.394556e+01;7.184879e+00;1.508220e+01;7.360144e+00;1.067532e+01;5.024115e+00;3.174089e+00;7.706685e+00;3.449417e+00;5.980058e+00;-1.127398e+01;5.749490e+00;-1.108417e+01;6.885753e+00;-1.869937e+00;5.353386e+00;-1.488126e+01;4.827251e+00;-3.084651e+00;4.340103e+00;9.981911e+00;3.968095e+00;1.559444e+00;4.126392e+00;7.021854e+00;3.808917e-06;-1.639270e-07;7.109568e-08;-1.309067e-08;6.054385e-07;2.108609e-08;4.947566e-07;3.686553e-08;1.311222e-06;-8.817316e-09;9.890442e-06;-1.913129e-07;3.387661e-02;-2.646045e-03;2.198891e-02;-1.712153e-03;9.899334e-04;-3.682701e-04;7.590040e-04;8.364826e-05;1.468987e-03;1.365922e-05;3.736740e-03;-1.489013e-04;4.336596e-03;-1.749142e-04;6.245609e-03;-5.318510e-04;1.155442e-02;-1.070265e-03;3.064116e-02;1.236659e-05;3.982788e-02;4.499219e-04;4.034809e-02;2.350145e-05;4.532290e-02;1.519010e-03;3.724437e-02;4.487542e-04;3.612932e-02;-1.066312e-03;7.239330e-02;8.113709e-04;4.636230e-02;-2.203427e-03;5.023865e-02;-7.704161e-03;6.726827e-02;-3.501887e-03;5.858923e-02;-3.402794e-03;8.304469e-02;-7.180890e-03;1.398113e-01;-1.456354e-02;6.984701e-02;6.149551e-04;5.740349e-02;3.226097e-03;4.509851e-02;-4.614213e-03;3.714254e-02;-3.874808e-03;5.739389e-02;2.106281e-04;2.930822e-02;-1.409018e-03;2.252181e-02;-6.032106e-04;2.004781e-02;2.039586e-04;5.720270e-02;-1.089860e-02;1.814698e-02;-9.247667e-04;5.876982e+00;0;7.583969e+00;7.034180e-01;1.329086e+01;3.430957e+00;4.841700e+01;2.253808e+00;4.089118e-02;-6.262372e-04;8.675475e+00;1.029646e+00;3.767201e-02;4.293638e-03;1.053529e+04;9.709283e+01;2.121983e-01;-1.095181e-02;8.735046e+00;-7.018752e-02;1.170480e-02;3.065714e-03;6.896471e-03;9.945880e-04;4.052637e-02;-4.891893e-03;5.828068e-01;2.032530e-02;1.052937e+00;9.533840e-03;1.320274e+00;-1.720480e-01;1.167331e+00;-1.846358e-01;1.559408e+00;2.030254e-02;1.801721e+00;2.193929e-01;1.708844e+00;7.845690e-02;1.509949e+00;6.599513e-02;1.977441e+00;-5.517158e-02;1.382612e+00;3.700851e-03;1.557608e+00;1.325411e-01;1.614444e+00;-4.444451e-03;1.150286e+00;4.794165e-02;1.553229e+00;2.226004e-02
114.500000;3.767988e+00;9.682616e+01;1.383286e-02;7.315976e-01;7.900964e-02;1.154650e-01;6.689793e-02;1.086868e-01;9.260137e-02;1.664725e-01;9.849882e-01;5.334088e+00;1.410327e-01;1.640499e+00;1.008298e-01;1.002436e+00;9.272149e-03;7.999132e-02;4.306599e-03;2.295918e-02;9.639258e-03;1.276399e-01;3.681824e-02;2.578685e-01;4.330903e-02;4.030787e-01;2.267919e-02;5.415475e-01;4.696085e-02;6.618724e-01;1.079657e-01;7.829586e-01;1.154407e-01;9.151319e-01;1.085472e-01;9.914874e-01;2.290988e-01;1.001374e+00;1.797425e-01;1.040546e+00;1.403713e-01;1.081996e+00;2.434457e-01;1.184436e+00;1.776247e-01;1.141231e+00;3.136836e-01;1.255084e+00;3.088244e-01;1.386961e+00;3.171228e-01;1.402613e+00;4.059767e-01;1.469400e+00;6.801469e-01;1.604597e+00;2.004097e-01;1.458988e+00;2.613989e-01;1.448131e+00;1.162012e-01;1.370750e+00;8.681703e-02;1.238589e+00;1.560489e-01;1.092552e+00;7.689650e-02;8.902830e-01;5.851820e-02;7.247904e-01;5.259611e-02;5.894312e-01;1.844969e-01;9.983681e-01;7.954322e-02;1.884653e-01;3.143946e+01;1.731270e+02;4.142641e+01;2.845254e+02;1.115577e+02;4.233428e+02;1.636384e+02;8.270186e+02;9.396787e-02;6.878887e-01;6.244704e+01;3.896247e+02;1.573314e-01;3.730716e+00;5.240284e+04;1.545756e+05;8.936448e-01;3.496762e+00;2.938429e+01;4.309100e+01;7.789819e-02;-3.042150e-01;5.383016e-02;3.851417e-01;1.349987e-01;6.081976e-01;2.068971e+00;4.464080e+01;4.351622e+00;-1.470370e+01;6.106957e+00;1.359634e+01;4.372202e+00;4.798073e+00;6.274077e+00;-4.584819e-01;5.594270e+00;6.375202e+00;5.106229e+00;-5.330819e+00;7.153791e+00;-9.073085e+00;6.008492e+00;-6.110820e-01;4.639260e+00;-1.282182e+01;5.530545e+00;-3.014026e+00;7.602098e+00;8.840597e+00;4.004910e+00;2.445499e+00;5.819625e+00;1.097053e+01;2.812457e-05;5.188934e-07;9.095530e-08;-5.436458e-09;8.532020e-07;2.004656e-08;6.801388e-07;1.349834e-08;8.159922e-07;7.362419e-08;9.330889e-06;4.809635e-08;3.757030e-02;3.775529e-04;2.810149e-02;1.070083e-03;1.644073e-03;-6.484907e-05;8.527602e-04;4.824893e-05;2.310361e-03;6.141368e-05;6.700294e-03;4.038993e-04;7.358847e-03;8.915761e-04;7.130411e-03;2.238363e-04;1.384034e-02;5.156450e-04;3.137749e-02;2.499601e-03;3.451062e-02;4.210739e-04;3.311297e-02;-1.286549e-04;4.304449e-02;1.025954e-03;3.606440e-02;2.134459e-03;3.832411e-02;4.043621e-03;8.157614e-02;3.128398e-04;4.837010e-02;-1.030823e-03;7.969190e-02;5.894987e-04;8.529761e-02;1.220407e-03;8.097739e-02;2.330883e-03;9.802506e-02;-8.804372e-04;1.630940e-01;-3.697087e-03;7.740207e-02;4.384392e-03;7.546014e-02;2.302625e-03;4.128423e-02;1.349593e-03;2.772104e-02;2.252506e-03;5.766533e-02;3.810148e-03;2.616475e-02;1.410185e-06;1.829106e-02;1.651780e-03;1.757684e-02;1.132001e-03;5.005140e-02;1.926915e-03;1.720338e-02;-3.947081e-04;9.097461e+00;-2.440430e-01;9.059381e+00;-1.722656e-01;2.116833e+01;-2.871094e-02;3.367519e+01;-8.469726e-01;3.684758e-02;1.079694e-03;9.659986e+00;-1.514584e-01;3.381839e-02;1.647053e-03;1.095222e+04;-2.604266e+02;1.850647e-01;5.955792e-03;7.678524e+00;3.057295e-01;1.476895e-02;-2.785865e-04;8.285586e-03;-8.765486e-05;3.214842e-02;-1.456983e-04;5.154893e-01;-1.341420e-02;9.918586e-01;4.381841e-02;1.369732e+00;-5.485141e-02;1.189079e+00;-5.906124e-02;1.610945e+00;-1.895192e-02;1.296184e+00;3.540536e-04;1.589627e+00;6.375223e-02;1.499537e+00;5.590334e-02;1.970300e+00;-2.306546e-02;1.354262e+00;1.525241e-01;1.729333e+00;6.422209e-02;1.932222e+00;-1.577785e-01;1.001397e+00;-8.640122e-02;1.872095e+00;5.064726e-02
115.000000;1.348819e+01;9.686194e+01;1.869076e-02;7.361307e-01;8.779780e-02;9.071828e-02;7.113925e-02;7.652200e-02;1.022008e-01;1.777437e-01;1.279726e+00;5.566940e+00;1.699292e-01;1.642883e+00;1.222195e-01;1.021317e+00;8.795733e-03;8.278948e-02;4.161430e-03;2.217813e-02;8.574718e-03;1.312515e-01;2.967021e-02;2.756521e-01;5.058097e-02;4.470101e-01;4.617761e-02;5.615392e-01;7.089324e-02;6.774510e-01;1.878531e-01;8.084056e-01;1.480590e-01;8.294117e-01;1.793212e-01;8.911843e-01;1.970316e-01;8.945436e-01;1.636012e-01;9.608183e-01;1.733516e-01;1.175344e+00;1.774469e-01;1.190530e+00;1.684848e-01;1.217232e+00;3.326958e-01;1.342728e+00;3.090117e-01;1.394518e+00;3.437720e-01;1.475123e+00;4.776953e-01;1.582959e+00;6.813471e-01;1.625282e+00;2.791620e-01;1.518030e+00;4.664475e-01;1.578918e+00;1.587983e-01;1.383989e+00;1.224560e-01;1.255955e+00;1.641525e-01;1.107794e+00;7.973386e-02;9.021099e-01;6.662539e-02;7.345012e-01;5.133837e-02;5.919660e-01;3.478464e-01;1.225937e+00;7.261425e-02;1.614207e-01;3.348242e+01;1.780078e+02;3.385700e+01;2.761992e+02;9.713212e+01;3.772617e+02;1.876630e+02;6.996855e+02;1.262375e-01;6.805531e-01;6.138866e+01;3.691824e+02;2.047941e-01;3.623362e+00;5.642123e+04;1.544628e+05;7.544188e-01;3.965368e+00;1.601680e+01;4.203939e+01;6.799130e-02;-3.218932e-01;5.111626e-02;3.649123e-01;1.429470e-01;6.501649e-01;1.862242e+00;4.381128e+01;4.436418e+00;-1.496865e+01;5.375060e+00;1.969115e+01;4.977862e+00;6.367903e+00;5.513940e+00;-3.425245e+00;6.897300e+00;1.645160e+00;7.052001e+00;-8.466043e+00;6.870537e+00;-8.123958e+00;6.466257e+00;2.013530e+00;6.904121e+00;-8.738576e+00;5.891627e+00;-4.385152e+00;9.825985e+00;3.329911e+00;4.828521e+00;-4.070980e-01;7.740047e+00;1.008399e+01;6.080767e-05;-3.383466e-06;1.067836e-07;1.126560e-08;9.153929e-07;-2.879098e-08;6.669210e-07;-3.990376e-08;9.099446e-07;-1.139592e-08;1.019294e-05;8.161629e-07;4.158625e-02;-1.910767e-03;3.244558e-02;-1.158594e-03;1.813617e-03;1.844128e-04;7.022285e-04;-1.322751e-04;2.798397e-03;2.314093e-05;7.611859e-03;1.428189e-04;9.100992e-03;2.879942e-04;1.011014e-02;6.222132e-04;1.689696e-02;2.244942e-03;4.151842e-02;4.790303e-03;3.489697e-02;-2.959418e-03;4.263983e-02;-3.293794e-03;5.003394e-02;-5.790656e-03;4.256549e-02;-3.802191e-03;3.983840e-02;3.108251e-03;6.245497e-02;-1.043126e-03;4.864284e-02;-6.230743e-04;8.676512e-02;2.588895e-04;8.450113e-02;-1.595626e-03;8.395067e-02;-3.411696e-03;1.167428e-01;-2.712147e-03;1.558259e-01;-7.161832e-03;8.686414e-02;-4.061318e-03;1.215432e-01;-5.021509e-03;5.573351e-02;7.027770e-04;4.236217e-02;-2.835005e-04;6.005247e-02;-9.489147e-04;3.118723e-02;1.064598e-04;2.426068e-02;2.235803e-04;1.839934e-02;7.402511e-05;6.853650e-02;1.064970e-02;1.589976e-02;-1.285227e-03;9.579939e+00;2.727539e-01;7.580055e+00;-4.737305e-01;1.751177e+01;-3.129492e+00;3.349557e+01;-4.952637e+00;4.158958e-02;8.158822e-04;9.189878e+00;-1.575170e+00;3.209468e-02;-5.500827e-03;1.115872e+04;-1.438947e+03;1.437069e-01;2.193197e-02;4.517247e+00;4.605137e-01;1.566541e-02;-1.484159e-03;7.905096e-03;-1.230815e-03;3.307405e-02;2.375426e-03;4.763333e-01;1.230080e-02;9.489250e-01;9.713481e-02;1.318487e+00;6.992321e-02;1.400836e+00;1.052703e-01;1.518307e+00;-1.733714e-02;1.649234e+00;-2.774423e-01;1.334736e+00;-1.945184e-01;1.592048e+00;-1.949234e-02;1.855079e+00;1.197020e-01;1.493684e+00;3.042245e-01;1.810938e+00;-6.048238e-02;1.835011e+00;-2.357308e-01;1.001415e+00;-7.035214e-02;1.936384e+00;-5.465794e-03
115.500000;1.431622e+01;9.509416e+01;1.749131e-02;7.359054e-01;1.200366e-01;1.010058e-01;1.167576e-01;8.246156e-02;1.014087e-01;1.485053e-01;1.241346e+00;5.736351e+00;2.513133e-01;1.821289e+00;1.415788e-01;1.068326e+00;1.171202e-02;9.889463e-02;6.989853e-03;2.401360e-02;8.086896e-03;1.308959e-01;4.051029e-02;2.812973e-01;4.613471e-02;4.487828e-01;4.449647e-02;5.691684e-01;7.982384e-02;7.038670e-01;2.040649e-01;8.287219e-01;1.253242e-01;7.917331e-01;2.044039e-01;8.858644e-01;2.453301e-01;9.956018e-01;1.870183e-01;1.051453e+00;1.729071e-01;1.180157e+00;3.055159e-01;1.314249e+00;4.877448e-01;1.455229e+00;2.675488e-01;1.344552e+00;2.631035e-01;1.407360e+00;3.496436e-01;1.552024e+00;3.923931e-01;1.594920e+00;4.782487e-01;1.612453e+00;5.024926e-01;1.701464e+00;5.449399e-01;1.686499e+00;2.873885e-01;1.478067e+00;3.241491e-01;1.385225e+00;1.524361e-01;1.085740e+00;8.709700e-02;9.198874e-01;7.311706e-02;7.618261e-01;5.327429e-02;6.094491e-01;4.069658e-01;1.795387e+00;2.537860e-01;3.064625e-01;2.859406e+01;1.930811e+02;2.944236e+01;2.647148e+02;1.748473e+02;3.942012e+02;4.166021e+02;7.815117e+02;2.262735e-01;7.914854e-01;9.544241e+01;3.796115e+02;2.206609e-01;3.557092e+00;9.527231e+04;1.737942e+05;1.318866e+00;4.120463e+00;3.562687e+01;4.940419e+01;1.188463e-01;-4.651694e-01;7.134379e-02;3.685717e-01;1.597002e-01;8.439823e-01;2.585900e+00;4.269308e+01;4.514168e+00;-1.520631e+01;4.305521e+00;2.489855e+01;4.575426e+00;9.046183e+00;6.355001e+00;9.230734e-01;8.058825e+00;-3.968970e+00;6.783675e+00;-1.904964e+01;7.822793e+00;-9.522682e+00;5.831915e+00;3.506253e+00;4.852877e+00;-4.374418e+00;6.459858e+00;-5.263238e+00;6.996295e+00;1.014801e+00;7.669796e+00;-5.712742e-01;7.598132e+00;7.272228e+00;6.389712e-05;-9.169998e-07;9.624864e-08;-6.592114e-12;9.487803e-07;7.784789e-08;8.941614e-07;3.469152e-08;9.390949e-07;-5.095443e-08;1.135735e-05;2.791147e-08;5.006565e-02;7.749225e-04;3.760928e-02;-1.380957e-03;1.961180e-03;-3.341948e-05;1.097131e-03;5.114638e-05;2.385875e-03;-8.089778e-05;7.330649e-03;-6.023601e-04;7.931170e-03;-9.653043e-04;1.025530e-02;-3.935123e-04;1.810610e-02;-4.414599e-04;4.055716e-02;-3.999521e-03;3.074042e-02;-1.106758e-03;4.417944e-02;2.023893e-04;6.402251e-02;-2.398429e-03;4.891982e-02;-3.102651e-03;3.109543e-02;-4.608718e-03;7.261226e-02;6.336030e-04;1.144680e-01;4.263679e-04;6.458747e-02;-1.603281e-03;6.750705e-02;4.018036e-04;8.392680e-02;-1.835498e-03;1.010710e-01;-6.226574e-04;1.187012e-01;1.575969e-04;1.374135e-01;-4.087140e-03;1.492964e-01;-3.423736e-03;7.878160e-02;-2.154530e-03;8.510237e-02;-2.622375e-03;5.064544e-02;-1.577462e-03;3.108848e-02;-7.603613e-04;2.520413e-02;-8.326258e-04;1.778559e-02;-5.073586e-04;9.706254e-02;1.495484e-03;5.327445e-02;1.792158e-03;7.704100e+00;2.440430e-01;7.318474e+00;4.306641e-01;5.306582e+01;4.450195e-01;6.336527e+01;7.450488e+00;5.793754e-02;-2.119397e-03;2.033324e+01;1.151713e+00;4.120759e-02;9.851027e-04;1.947102e+04;1.270284e+03;2.782978e-01;-1.621853e-02;9.166431e+00;-4.399051e-01;1.863807e-02;6.658249e-04;1.516843e-02;8.596593e-04;4.783435e-02;-9.676877e-06;5.717391e-01;-3.911400e-02;1.076377e+00;-6.335068e-02;1.239230e+00;1.099916e-01;1.136394e+00;5.941192e-02;1.376127e+00;5.009086e-02;1.763840e+00;-1.349777e-01;1.369370e+00;-1.558331e-01;1.739613e+00;-3.129007e-02;1.636180e+00;5.215432e-02;1.506596e+00;-4.253250e-02;1.598251e+00;-9.714898e-02;1.621963e+00;7.304271e-02;1.302244e+00;1.644913e-01;1.516975e+00;8.683261e-02
116.000000;5.945322e+00;9.480685e+01;1.751964e-02;7.343372e-01;1.083570e-01;1.378718e-01;1.149698e-01;9.986149e-02;1.225739e-01;1.837075e-01;1.030028e+00;5.410737e+00;2.112756e-01;1.892312e+00;1.415856e-01;1.019295e+00;1.183365e-02;9.860840e-02;6.938592e-03;2.936760e-02;6.844684e-03;1.314624e-01;3.964439e-02;2.811407e-01;4.029617e-02;4.099011e-01;2.984644e-02;5.491463e-01;7.134011e-02;6.806443e-01;1.537439e-01;7.474983e-01;6.569408e-02;8.018492e-01;1.301488e-01;9.236436e-01;2.309354e-01;9.980193e-01;1.760588e-01;1.020954e+00;8.681027e-02;1.030237e+00;3.094310e-01;1.302106e+00;4.782295e-01;1.453617e+00;2.973617e-01;1.316833e+00;2.521489e-01;1.415183e+00;3.180536e-01;1.454924e+00;2.337612e-01;1.414621e+00;4.290232e-01;1.540736e+00;5.190340e-01;1.555544e+00;4.508505e-01;1.470718e+00;3.026684e-01;1.405912e+00;3.659107e-01;1.279463e+00;1.705550e-01;1.051208e+00;8.800104e-02;9.067152e-01;7.749999e-02;7.490453e-01;6.407557e-02;6.105382e-01;5.055819e-01;1.658175e+00;2.173282e-01;4.122572e-01;3.617436e+01;1.795869e+02;3.539111e+01;2.743330e+02;2.010017e+02;4.517666e+02;4.351406e+02;1.179302e+03;2.068055e-01;8.378855e-01;9.689588e+01;4.351312e+02;2.316720e-01;3.697248e+00;1.033903e+05;2.469837e+05;1.433382e+00;3.135720e+00;3.930385e+01;3.351574e+01;1.189568e-01;-4.622074e-01;7.144210e-02;4.058302e-01;2.135282e-01;7.814708e-01;2.464749e+00;4.124609e+01;4.526361e+00;-1.764534e+01;4.242751e+00;2.744450e+01;5.945802e+00;1.455704e+01;6.073152e+00;1.701074e+00;5.018014e+00;-8.977320e+00;4.165412e+00;-2.208099e+01;7.797170e+00;-4.153137e+00;5.654372e+00;6.499153e+00;4.903569e+00;-8.068173e+00;7.150473e+00;-8.099057e+00;5.279784e+00;4.969734e+00;9.561469e+00;6.740326e+00;6.954756e+00;1.087461e+01;3.406397e-05;3.544153e-06;7.761854e-08;2.200194e-09;8.784227e-07;8.256796e-08;9.526425e-07;2.988043e-08;1.155593e-06;4.669690e-08;1.149304e-05;-6.923950e-07;4.628532e-02;-7.303523e-04;3.192225e-02;-3.065702e-04;1.812949e-03;3.867779e-06;1.257310e-03;3.791886e-05;1.602069e-03;9.038999e-05;5.932447e-03;3.576407e-04;6.266343e-03;3.100761e-04;9.088531e-03;-5.006486e-04;1.642819e-02;-2.277977e-03;2.805285e-02;-6.479431e-03;1.982771e-02;-5.393258e-04;2.637861e-02;6.617319e-04;6.080730e-02;4.803686e-03;4.336937e-02;3.004576e-03;1.650328e-02;-2.030073e-03;7.194478e-02;-1.355526e-05;1.105363e-01;3.818378e-04;6.924701e-02;-2.584719e-03;6.233371e-02;-2.470661e-03;6.738526e-02;-7.975906e-05;5.688127e-02;5.400488e-04;1.008404e-01;1.011248e-04;1.259722e-01;1.709369e-03;1.078958e-01;9.583990e-04;7.111234e-02;-9.931087e-04;7.996201e-02;-5.730598e-04;5.033900e-02;-7.420568e-04;2.999220e-02;2.900571e-04;2.476490e-02;-7.795511e-04;2.252393e-02;-1.115866e-03;8.881195e-02;-1.006022e-02;5.503583e-02;1.498181e-03;6.302214e+00;-9.043945e-01;8.311543e+00;-5.885742e-01;6.576737e+01;-5.311524e-01;6.923137e+01;5.928809e+00;6.332180e-02;-7.502097e-04;2.147946e+01;1.801657e-01;4.271902e-02;2.990092e-04;2.084110e+04;1.126330e+03;2.681631e-01;-1.798239e-02;8.597284e+00;-4.703245e-01;1.763140e-02;3.551004e-04;1.574997e-02;-1.333842e-04;5.075649e-02;-3.706226e-03;6.118276e-01;-2.064102e-02;9.542603e-01;-4.947297e-02;1.092218e+00;6.815026e-02;8.242813e-01;1.407248e-01;1.401458e+00;1.760228e-01;1.204749e+00;5.445607e-02;1.291535e+00;-2.416722e-02;1.690039e+00;6.303357e-02;1.273809e+00;1.034363e-02;1.123923e+00;-2.835120e-01;1.486791e+00;-7.451675e-02;1.572637e+00;1.305724e-01;1.416441e+00;2.258805e-01;1.479156e+00;5.856936e-02
116.500000;5.276329e+00;9.573625e+01;1.684315e-02;7.436036e-01;6.570721e-02;1.254127e-01;6.326290e-02;7.473647e-02;1.182182e-01;1.883560e-01;9.988289e-01;5.785806e+00;2.382873e-01;1.614840e+00;4.891654e-02;9.282919e-01;6.282238e-03;8.733172e-02;6.754795e-03;2.591081e-02;4.892425e-03;1.305379e-01;3.252718e-02;2.704527e-01;3.491691e-02;4.068825e-01;2.243505e-02;5.372038e-01;4.360193e-02;6.369252e-01;1.420470e-01;7.184807e-01;7.019462e-02;8.126635e-01;8.528420e-02;8.924435e-01;1.966766e-01;9.417223e-01;8.903614e-02;9.557190e-01;5.264354e-02;9.946625e-01;7.612945e-02;1.097078e+00;8.666530e-02;1.167947e+00;2.482183e-01;1.208989e+00;1.799498e-01;1.254066e+00;1.522174e-01;1.253850e+00;1.955940e-01;1.284540e+00;3.641978e-01;1.344733e+00;1.163691e-01;1.298030e+00;1.259735e-01;1.257271e+00;1.409370e-01;1.277986e+00;1.117070e-01;1.122858e+00;1.854746e-01;1.077258e+00;7.619931e-02;8.810509e-01;7.414122e-02;7.214956e-01;6.449891e-02;5.907441e-01;2.247143e-01;1.113672e+00;1.264509e-01;2.706933e-01;2.917941e+01;1.403965e+02;4.406240e+01;2.464834e+02;1.392953e+02;3.776924e+02;4.781204e+02;9.465996e+02;1.765202e-01;7.356229e-01;8.640121e+01;3.797210e+02;2.591250e-01;3.564380e+00;8.927547e+04;2.118299e+05;9.045703e-01;3.203402e+00;2.023243e+01;2.922122e+01;6.039732e-02;-3.599476e-01;6.656339e-02;3.584621e-01;1.442896e-01;5.321269e-01;1.808388e+00;4.169540e+01;5.601142e+00;-1.431508e+01;4.592177e+00;2.637482e+01;5.161195e+00;2.102914e+01;5.903027e+00;1.466059e+00;4.105131e+00;-1.172332e+01;3.843570e+00;-1.880994e+01;4.273005e+00;-4.308836e-02;5.463389e+00;1.016171e+01;3.943646e+00;-1.218811e+01;4.843514e+00;-1.341570e+01;3.928429e+00;6.044103e+00;4.898072e+00;1.168171e+01;3.949229e+00;1.435058e+01;2.617468e-05;-4.099199e-06;7.330625e-08;1.033680e-09;7.032986e-07;-3.855106e-09;6.499968e-07;-2.412906e-08;1.276857e-06;-1.605650e-08;1.037613e-05;2.471767e-07;2.294525e-02;-7.124609e-03;1.246330e-02;-8.423129e-04;1.162320e-03;-1.490587e-04;9.681365e-04;-1.456286e-04;9.007764e-04;1.023217e-05;3.821416e-03;1.315287e-04;6.685021e-03;1.349080e-04;7.939904e-03;1.954680e-04;1.376506e-02;-6.983543e-04;3.479957e-02;-1.930960e-03;2.018011e-02;1.046851e-03;2.292706e-02;-5.068037e-04;5.808568e-02;-2.074655e-04;2.594883e-02;-7.221983e-04;1.699339e-02;1.318911e-03;1.862983e-02;-1.364295e-03;1.573748e-02;-2.556232e-03;5.909698e-02;5.716968e-04;5.007053e-02;-1.672147e-03;3.284471e-02;-2.398706e-03;4.322790e-02;-3.153094e-03;7.648548e-02;-1.038703e-03;5.131758e-02;-3.954337e-03;4.373440e-02;-2.558502e-03;4.526930e-02;8.692309e-05;3.185580e-02;-4.789443e-04;5.505186e-02;-3.132324e-03;2.822012e-02;-4.769185e-05;2.572853e-02;5.743198e-04;2.378793e-02;4.497794e-04;5.973279e-02;-6.005476e-03;1.743770e-02;-3.095960e-03;5.463307e+00;-6.029297e-01;6.904070e+00;-7.177734e-01;3.956348e+01;-8.039063e-01;5.616190e+01;-1.027852e+01;5.597803e-02;-1.369580e-04;9.808001e+00;-1.800727e+00;3.291791e-02;-6.485952e-03;1.202908e+04;-1.643638e+03;1.268847e-01;2.368294e-02;3.901707e+00;5.891191e-01;1.046207e-02;1.133042e-03;6.970123e-03;-1.462362e-03;3.716199e-02;-3.200243e-03;4.665279e-01;3.202360e-02;6.519546e-01;1.438631e-01;9.508082e-01;-8.402895e-02;9.760411e-01;1.816908e-01;1.417646e+00;-2.599422e-02;1.270387e+00;-3.804439e-02;1.237778e+00;5.999034e-02;1.543572e+00;6.470958e-02;1.621153e+00;-2.685109e-03;1.211967e+00;-3.428000e-02;1.528896e+00;-1.086139e-01;1.218925e+00;-8.005819e-04;1.369095e+00;1.824781e-02;1.306497e+00;1.587689e-03
117.000000;1.903659e+01;8.719071e+01;1.265083e-01;7.162988e-01;8.585493e-02;1.198383e-01;4.964200e-02;4.728581e-02;9.612231e-02;1.335637e-01;1.612489e+01;1.483183e+00;1.516624e-01;1.315421e+00;6.707170e-02;9.474843e-01;1.010764e-02;7.769035e-02;3.445124e-03;1.934996e-02;4.348776e-03;1.281661e-01;2.928344e-02;2.642950e-01;2.603924e-02;4.126842e-01;1.788166e-02;5.392875e-01;3.828665e-02;6.422064e-01;1.376387e-01;7.177625e-01;7.270201e-02;8.155587e-01;8.958803e-02;8.659061e-01;2.216891e-01;9.570058e-01;7.720997e-02;9.798538e-01;7.939786e-02;1.027293e+00;5.297001e-02;1.037589e+00;5.310857e-02;1.094717e+00;1.814955e-01;1.206787e+00;1.809820e-01;1.258310e+00;2.391427e-01;1.273782e+00;3.798630e-01;1.374799e+00;5.256823e-01;1.445689e+00;2.120718e-01;1.400168e+00;1.936720e-01;1.363202e+00;1.216032e-01;1.334664e+00;9.294566e-02;1.204224e+00;1.463982e-01;1.092621e+00;5.459777e-02;8.897876e-01;5.628200e-02;7.250043e-01;4.921323e-02;5.832295e-01;2.009013e-01;8.759775e-01;7.156714e-02;1.152963e-01;1.640297e+01;1.131211e+02;2.431971e+01;2.081543e+02;1.765431e+01;3.051973e+02;1.458408e+02;4.398516e+02;1.764463e-01;6.407989e-01;2.690835e+01;2.872975e+02;1.170732e-01;3.278045e+00;3.308731e+04;1.224861e+05;1.055741e+00;4.792173e+00;3.402702e+01;6.594342e+01;8.587437e-02;-2.941052e-01;2.097356e-02;2.858114e-01;9.521576e-02;3.830677e-01;1.697164e+00;4.150690e+01;2.759132e+00;-8.705311e+00;5.233156e+00;2.643583e+01;3.549339e+00;2.209791e+01;5.534651e+00;2.946409e+00;5.070985e+00;-1.081827e+01;4.317067e+00;-1.635653e+01;5.385156e+00;-1.445843e+00;6.611731e+00;8.408160e+00;4.575984e+00;-1.475212e+01;5.531917e+00;-1.360975e+01;4.161485e+00;6.947953e+00;4.152303e+00;1.143939e+01;3.208325e+00;1.548812e+01;3.349801e-05;-2.962764e-06;6.288045e-08;-6.727996e-09;5.719308e-07;-9.846530e-10;4.671545e-07;-4.221813e-09;8.896534e-07;-1.389324e-08;1.781133e-04;2.067689e-08;1.800331e-02;-4.536873e-03;1.590115e-02;3.207031e-04;9.477091e-04;-3.093856e-04;8.240680e-04;-3.754095e-05;7.642151e-04;-8.723599e-05;3.299941e-03;-4.336309e-04;7.049953e-03;-5.736322e-04;6.483636e-03;-1.178449e-04;1.218546e-02;4.679237e-04;3.402461e-02;1.413439e-03;2.330766e-02;1.127489e-03;2.794551e-02;4.771829e-04;6.625996e-02;9.848273e-04;2.310364e-02;-3.004374e-05;1.912020e-02;1.769634e-03;1.717425e-02;-1.263434e-03;1.389895e-02;-1.738623e-03;4.570008e-02;1.795851e-03;5.282743e-02;2.103334e-03;5.335616e-02;1.357052e-03;7.991461e-02;9.839612e-04;1.154325e-01;1.245693e-03;6.947549e-02;-4.670427e-04;6.290056e-02;-7.907212e-05;4.545249e-02;-9.214067e-04;3.512249e-02;1.725996e-05;4.851877e-02;1.258543e-03;2.317647e-02;-9.939368e-04;2.001489e-02;-3.702158e-04;1.749508e-02;4.122128e-04;4.904146e-02;-3.819394e-03;7.100956e-03;-2.666484e-03;4.066020e+00;-3.445312e-01;8.296965e+00;-4.880859e-01;5.781013e+00;-3.875977e-01;4.158268e+01;-7.407422e+00;4.666912e-02;-1.318210e-03;4.858798e+00;-1.160364e+00;2.820331e-02;-3.140493e-03;7.103455e+03;-1.238802e+03;1.811617e-01;2.500778e-02;8.491076e+00;3.725316e-01;8.500548e-03;1.945148e-03;3.959968e-03;-8.944958e-04;2.677271e-02;-2.960625e-03;3.818073e-01;-1.971381e-02;7.427133e-01;7.755975e-02;1.079906e+00;-3.090347e-02;1.170634e+00;-3.339925e-02;1.472706e+00;-5.004511e-02;1.553122e+00;-3.982770e-03;1.364358e+00;1.339389e-01;1.707443e+00;-5.957507e-02;1.804767e+00;-5.207046e-02;1.413464e+00;5.738999e-02;1.536851e+00;3.270599e-02;1.294016e+00;6.120607e-02;1.573208e+00;-9.762545e-02;9.517673e-01;6.723000e-02
117.500000;1.890180e+01;8.832903e+01;1.262419e-01;7.157511e-01;9.443132e-02;1.412415e-01;6.143597e-02;5.958404e-02;1.609626e-01;1.856087e-01;1.618499e+01;1.715612e+00;1.206846e-01;1.228388e+00;1.158703e-01;1.001964e+00;4.266959e-03;6.746269e-02;5.055642e-03;2.031494e-02;5.665930e-03;1.291903e-01;1.312577e-02;2.670946e-01;2.041440e-02;4.012478e-01;3.025306e-02;5.488533e-01;5.953109e-02;6.643250e-01;7.820401e-02;7.055206e-01;7.036407e-02;8.230484e-01;8.373841e-02;8.649502e-01;1.654407e-01;9.556491e-01;1.226923e-01;1.020490e+00;1.174403e-01;1.085217e+00;1.051484e-01;1.105222e+00;1.310385e-01;1.142555e+00;4.614309e-01;1.407554e+00;3.427792e-01;1.413830e+00;4.019662e-01;1.457911e+00;4.753999e-01;1.539058e+00;7.737061e-01;1.670136e+00;2.677604e-01;1.489823e+00;2.298433e-01;1.463187e+00;1.397562e-01;1.358881e+00;1.350549e-01;1.236586e+00;1.647679e-01;1.095308e+00;6.537914e-02;8.916362e-01;5.431870e-02;7.240211e-01;4.515893e-02;5.897684e-01;1.587687e-01;6.793237e-01;3.839999e-02;7.506426e-02;1.222408e+01;1.014932e+02;3.624038e+01;2.028428e+02;2.761926e+01;3.118008e+02;2.744959e+02;4.623896e+02;1.118874e-01;5.350522e-01;5.254914e+01;2.878191e+02;1.508142e-01;3.244076e+00;7.790039e+04;1.420480e+05;1.027787e+00;5.003376e+00;3.478827e+01;6.572462e+01;3.315132e-02;-2.183603e-01;3.803991e-02;2.825725e-01;7.506570e-02;2.983494e-01;2.172132e+00;3.941918e+01;4.066229e+00;-9.534117e+00;6.675401e+00;3.067233e+01;3.925176e+00;2.229058e+01;7.499787e+00;1.463690e-01;4.128613e+00;-9.521880e+00;4.934538e+00;-1.327915e+01;5.807054e+00;-3.305321e+00;5.773999e+00;4.527042e+00;4.642399e+00;-1.503266e+01;6.080789e+00;-8.417187e+00;5.973743e+00;1.075076e+01;4.563576e+00;9.917668e+00;3.926109e+00;1.727765e+01;2.259606e-05;9.468416e-07;6.490791e-08;3.212018e-09;5.443712e-07;-9.523566e-08;5.320013e-07;-9.147696e-09;1.192063e-06;9.673081e-08;1.780197e-04;-1.783302e-07;2.991915e-02;-8.477859e-04;2.895339e-02;6.787300e-04;7.938900e-04;-7.381671e-05;1.040225e-03;-2.847065e-05;9.972447e-04;9.649176e-05;3.064956e-03;3.699030e-04;6.282655e-03;3.445120e-04;8.999820e-03;-2.438878e-04;1.507168e-02;2.116201e-04;2.618244e-02;1.890057e-03;2.381108e-02;1.342060e-03;3.131748e-02;1.350034e-03;5.772991e-02;-5.881072e-04;2.909006e-02;1.408804e-03;2.511155e-02;9.695999e-04;2.783141e-02;4.136167e-04;3.024175e-02;1.012045e-04;1.171541e-01;-7.310982e-04;8.641784e-02;5.315728e-04;9.351225e-02;5.601263e-04;1.177694e-01;3.587725e-04;1.863769e-01;-3.872126e-04;8.491191e-02;4.477379e-03;6.871337e-02;3.403132e-03;4.900355e-02;1.059032e-03;4.803593e-02;1.157680e-03;5.617467e-02;2.217181e-03;2.396234e-02;-7.191253e-04;1.807141e-02;-1.007876e-03;1.646242e-02;-9.384984e-04;4.142146e-02;-3.647730e-03;9.792088e-03;-3.492604e-04;3.327993e+00;-2.296875e-01;1.123089e+01;-4.163086e-01;8.150203e+00;-5.311524e-01;7.740047e+01;-1.435547e-01;3.442650e-02;9.864029e-04;1.238588e+01;-4.243310e-01;3.577827e-02;-2.290681e-03;1.831473e+04;-6.117857e+01;2.435818e-01;1.702037e-02;9.509647e+00;3.879556e-01;6.817804e-03;4.446878e-04;8.951695e-03;-4.364281e-04;1.872988e-02;-1.879472e-03;4.922461e-01;-3.911132e-02;1.026032e+00;-2.003230e-02;1.552091e+00;1.175685e-01;1.289336e+00;-6.491550e-02;1.730046e+00;-8.655265e-03;1.527976e+00;3.252461e-02;1.613455e+00;1.001361e-01;1.945732e+00;-6.926874e-03;1.517480e+00;-1.998557e-02;1.541600e+00;5.506120e-03;1.293819e+00;1.619650e-01;1.927881e+00;1.532842e-02;1.546899e+00;-1.202043e-01;1.277999e+00;4.349111e-02
118.000000;9.062063e+00;9.459538e+01;1.007862e-02;7.403108e-01;7.869174e-02;1.242084e-01;9.615278e-02;1.158551e-01;1.492737e-01;2.491201e-01;9.228992e-01;6.057390e+00;3.720916e-01;1.519047e+00;2.260662e-01;1.096544e+00;1.895297e-02;8.065199e-02;4.997933e-03;2.288864e-02;8.489316e-03;1.280937e-01;3.359222e-02;2.842904e-01;8.860223e-02;4.527633e-01;5.130230e-02;5.702772e-01;8.727552e-02;6.942531e-01;5.759418e-01;1.001897e+00;4.442284e-01;1.023180e+00;2.275370e-01;9.749315e-01;4.088901e-01;1.154848e+00;5.457017e-01;1.329829e+00;3.477900e-01;1.319335e+00;2.117484e-01;1.235338e+00;2.022591e-01;1.253640e+00;4.729191e-01;1.424837e+00;3.597555e-01;1.440399e+00;3.851174e-01;1.521389e+00;4.880727e-01;1.601291e+00;7.179554e-01;1.664340e+00;2.800462e-01;1.546690e+00;3.391880e-01;1.588353e+00;4.243556e-01;1.476354e+00;5.809313e-01;1.401110e+00;2.223731e-01;1.122669e+00;1.303323e-01;9.329245e-01;8.461426e-02;7.581674e-01;5.566012e-02;6.089566e-01;6.720968e-01;1.134385e+00;1.217671e-01;1.679917e-01;5.067379e+01;1.415449e+02;5.069412e+01;2.245195e+02;7.000569e+01;3.420908e+02;3.016861e+02;6.223096e+02;2.062304e-01;6.630104e-01;6.656122e+01;3.302505e+02;2.694539e-01;3.389540e+00;7.236059e+04;1.602591e+05;1.228421e+00;4.411889e+00;4.141605e+01;5.245582e+01;1.548691e-01;-3.242096e-01;5.846063e-02;3.223813e-01;3.705276e-01;5.496700e-01;2.886672e+00;4.018391e+01;4.503041e+00;-1.226972e+01;9.016285e+00;2.605553e+01;1.015098e+01;1.542016e+01;7.127831e+00;1.587517e+00;5.045280e+00;-7.930109e+00;6.769690e+00;-1.018205e+01;6.806422e+00;-6.455879e+00;3.899185e+00;3.131347e+00;8.543244e+00;-7.154774e+00;4.512815e+00;-5.017008e+00;8.812909e+00;7.352575e+00;1.128957e+01;-1.391963e+00;1.246191e+01;8.079157e+00;7.755748e-05;-4.334245e-06;8.755792e-08;1.379090e-10;6.815540e-07;-6.593115e-08;8.823760e-07;1.189639e-08;1.330187e-06;1.555724e-08;9.356088e-06;-1.626487e-07;6.061016e-02;7.319934e-03;5.265041e-02;2.688279e-04;2.554055e-03;2.972399e-04;1.211068e-03;3.917863e-05;2.440602e-03;7.093700e-06;7.870833e-03;6.699968e-05;1.488544e-02;4.388044e-05;1.324396e-02;1.114558e-03;2.466782e-02;1.459565e-04;1.210855e-01;4.477982e-04;1.003747e-01;1.464374e-03;5.916758e-02;2.136826e-03;7.770377e-02;-9.248629e-04;9.706541e-02;1.358967e-03;6.851045e-02;2.876013e-03;7.098395e-02;1.260662e-03;4.804303e-02;9.083765e-04;1.236288e-01;4.334675e-05;8.895522e-02;-9.633001e-04;9.720968e-02;5.369434e-04;1.274191e-01;-2.318705e-04;1.731283e-01;-2.248734e-03;8.786561e-02;2.032441e-04;9.705333e-02;3.779199e-04;1.067665e-01;-8.273175e-04;1.310814e-01;-1.328242e-03;6.404031e-02;-7.557804e-04;3.244609e-02;1.127458e-04;2.176015e-02;9.259390e-04;1.771697e-02;2.379887e-04;9.368763e-02;1.260472e-02;2.166094e-02;2.770894e-03;6.505039e+00;1.320703e+00;1.400541e+01;1.091016e+00;2.194971e+01;7.751953e-01;8.436118e+01;5.699121e+00;4.657719e-02;4.388099e-03;1.621179e+01;1.438011e+00;5.842882e-02;5.498052e-03;1.850862e+04;5.607097e+02;3.184586e-01;-1.864946e-02;1.123137e+01;-1.474256e-01;2.392951e-02;-2.505737e-03;1.332067e-02;1.366513e-03;5.235405e-02;5.343897e-03;5.041294e-01;4.854837e-02;1.064595e+00;-8.263741e-02;1.682617e+00;-1.238923e-01;1.679248e+00;-1.337850e-01;1.513235e+00;-7.970793e-03;1.387848e+00;6.518375e-02;1.646552e+00;-6.729334e-02;1.673552e+00;-6.322833e-02;1.408846e+00;-5.335591e-03;1.787379e+00;1.319501e-01;1.381504e+00;7.573126e-02;1.901754e+00;-1.847992e-01;1.548480e+00;-1.219839e-01;1.619703e+00;-1.694070e-01
118.500000;1.001064e+01;9.451014e+01;1.382112e-02;7.400844e-01;8.801202e-02;1.004452e-01;9.674034e-02;1.139115e-01;1.079674e-01;1.917414e-01;1.006273e+00;5.290261e+00;3.491524e-01;1.967415e+00;2.255270e-01;1.125972e+00;1.269830e-02;9.740116e-02;5.757712e-03;2.712648e-02;1.073008e-02;1.192389e-01;3.631781e-02;2.849377e-01;8.859901e-02;4.544997e-01;6.879236e-02;5.654649e-01;1.325458e-01;7.267287e-01;5.536821e-01;1.087542e+00;4.337742e-01;1.094926e+00;2.188372e-01;1.038105e+00;3.858022e-01;1.212592e+00;5.378323e-01;1.359357e+00;3.425501e-01;1.342898e+00;2.277877e-01;1.303113e+00;2.168199e-01;1.303015e+00;2.811467e-01;1.339714e+00;2.609127e-01;1.389698e+00;3.368362e-01;1.519553e+00;5.288634e-01;1.669705e+00;5.461646e-01;1.663483e+00;3.846520e-01;1.629807e+00;4.665421e-01;1.694050e+00;4.900431e-01;1.562760e+00;6.012480e-01;1.389870e+00;2.084631e-01;1.123406e+00;2.137573e-01;1.000175e+00;9.475297e-02;7.836733e-01;6.344165e-02;6.169662e-01;6.830801e-01;1.853031e+00;1.629909e-01;3.586964e-01;4.536396e+01;2.123174e+02;7.064452e+01;2.975889e+02;1.389713e+02;4.602363e+02;2.922442e+02;9.242051e+02;2.040077e-01;8.598264e-01;9.985712e+01;4.304962e+02;3.485840e-01;3.740714e+00;6.425270e+04;1.795081e+05;1.396378e+00;3.587271e+00;4.337841e+01;4.331313e+01;1.236086e-01;-4.556347e-01;8.680449e-02;4.184927e-01;3.583980e-01;9.526224e-01;2.976712e+00;4.224973e+01;5.116966e+00;-1.652749e+01;5.424414e+00;1.675139e+01;6.870327e+00;3.740964e+00;5.938763e+00;1.370951e+00;4.567406e+00;-5.557044e+00;7.597895e+00;-1.300191e+01;4.986219e+00;-9.042277e+00;4.981622e+00;6.531623e+00;4.451502e+00;-3.882516e-01;5.645299e+00;-4.455066e+00;8.790137e+00;-3.592323e+00;7.938820e+00;-1.048659e+01;8.285973e+00;-3.318347e+00;8.127764e-05;3.754596e-07;1.097965e-07;4.982533e-09;8.288175e-07;-8.581905e-08;8.731246e-07;-1.164389e-08;8.945164e-07;-5.868105e-08;1.064725e-05;-3.311334e-07;7.497215e-02;1.010327e-02;5.605046e-02;9.052766e-04;3.249394e-03;1.968120e-04;9.426573e-04;2.016881e-04;3.330535e-03;-3.293247e-04;9.685814e-03;-8.851787e-06;1.534885e-02;-3.010061e-04;1.421179e-02;-8.566508e-04;3.884229e-02;-7.023498e-04;1.246687e-01;-6.260441e-04;1.020981e-01;-1.690254e-03;6.225767e-02;-3.911535e-04;7.632701e-02;2.279252e-03;9.869763e-02;-2.627241e-04;6.814507e-02;-2.568305e-03;7.928593e-02;2.215643e-03;6.146352e-02;2.782729e-03;7.237004e-02;1.104328e-03;6.622937e-02;2.140714e-03;9.305882e-02;4.741046e-03;1.393956e-01;7.823158e-03;1.392864e-01;3.810778e-03;1.062081e-01;1.690769e-03;1.227393e-01;3.316431e-03;1.257554e-01;-6.032343e-04;1.343861e-01;9.344392e-05;5.410044e-02;-1.297511e-03;5.707049e-02;-3.041193e-04;2.729401e-02;5.767393e-04;2.038951e-02;9.036855e-04;2.059027e-01;6.382881e-03;3.588175e-02;3.436699e-03;1.007443e+01;1.291992e+00;1.652795e+01;1.823145e+00;2.797319e+01;3.804199e+00;5.633855e+01;8.771192e+00;7.413895e-02;-7.092942e-05;1.592857e+01;3.276765e+00;5.937429e-02;1.242494e-02;1.062874e+04;2.129948e+03;2.809884e-01;-4.143358e-02;1.013804e+01;-1.012332e+00;3.625761e-02;-1.018432e-03;1.399423e-02;2.825875e-03;8.613078e-02;6.045478e-03;5.901644e-01;1.045512e-03;9.801025e-01;-1.720782e-01;1.489788e+00;-1.001537e-01;1.662847e+00;-2.632502e-01;1.385435e+00;-1.087475e-01;1.366199e+00;1.334197e-01;1.329587e+00;-1.018593e-01;1.250157e+00;-2.766365e-02;1.455714e+00;-1.479992e-02;1.573335e+00;9.699971e-02;1.529374e+00;-8.730347e-02;1.616826e+00;-1.821026e-01;1.791112e+00;-3.904256e-02;1.706558e+00;-3.244915e-01
119.000000;4.587656e+00;9.650977e+01;1.585101e-02;7.529430e-01;9.111842e-02;7.406677e-02;6.433927e-02;6.747969e-02;8.214943e-02;1.748576e-01;8.864771e-01;4.840306e+00;2.577628e-01;1.997427e+00;1.416853e-01;1.002940e+00;9.441239e-03;9.253988e-02;4.624116e-03;2.842656e-02;1.148428e-02;1.201740e-01;2.103350e-02;2.725115e-01;2.812793e-02;4.100610e-01;6.673071e-02;5.524635e-01;1.445237e-01;6.722087e-01;1.526392e-01;8.278559e-01;1.423149e-01;9.184591e-01;1.167774e-01;9.553019e-01;1.570445e-01;9.864486e-01;1.666302e-01;1.052744e+00;1.628170e-01;1.079220e+00;2.154189e-01;1.164721e+00;1.940728e-01;1.231184e+00;2.373168e-01;1.284464e+00;2.293995e-01;1.319418e+00;3.223349e-01;1.406594e+00;4.733373e-01;1.480780e+00;4.801443e-01;1.514839e+00;4.048713e-01;1.469037e+00;4.714070e-01;1.450971e+00;3.552823e-01;1.388388e+00;1.964341e-01;1.187603e+00;1.367150e-01;1.073392e+00;2.191714e-01;9.162411e-01;8.945535e-02;7.437566e-01;5.831362e-02;5.975946e-01;6.270515e-01;1.769803e+00;1.614754e-01;3.415083e-01;2.689151e+01;2.301182e+02;5.259198e+01;3.261562e+02;9.043672e+01;5.337363e+02;2.494375e+02;9.992842e+02;1.994519e-01;8.725282e-01;6.623460e+01;4.757355e+02;2.336795e-01;3.872970e+00;6.226184e+04;1.957940e+05;7.020200e-01;3.156076e+00;1.853559e+01;3.098672e+01;1.070187e-01;-4.068722e-01;5.202003e-02;4.613923e-01;3.139914e-01;9.001657e-01;2.837325e+00;4.255552e+01;3.630880e+00;-1.843657e+01;5.044318e+00;1.506870e+01;5.194306e+00;-1.787660e-01;5.666469e+00;-4.664617e+00;5.014739e+00;-5.034329e+00;4.673480e+00;-1.549951e+01;4.067740e+00;-7.333220e+00;4.428849e+00;9.091622e+00;4.126038e+00;-1.435850e+00;6.700592e+00;-7.917605e+00;5.363274e+00;-1.005050e+01;7.828306e+00;-9.768364e+00;6.671418e+00;-7.667587e+00;2.499875e-05;4.125834e-06;8.982420e-08;9.749926e-09;7.088847e-07;-7.874684e-08;5.716025e-07;-2.931486e-08;7.182852e-07;-8.226963e-09;8.402939e-06;1.300053e-07;5.452876e-02;-9.482787e-04;3.242180e-02;-2.688854e-04;2.293991e-03;2.807873e-06;6.275087e-04;-1.511716e-05;3.130816e-03;1.041073e-04;7.583167e-03;2.421043e-04;7.876766e-03;3.906687e-04;1.651260e-02;-3.383541e-04;3.696768e-02;9.144958e-04;3.798843e-02;1.633406e-03;2.608167e-02;4.246309e-04;3.567713e-02;-1.836270e-03;4.364057e-02;-3.320844e-03;3.633115e-02;-3.576950e-03;2.688469e-02;-5.111362e-03;6.358600e-02;-2.693227e-03;5.800830e-02;3.285485e-04;5.915691e-02;-6.715073e-04;5.619203e-02;3.478704e-03;7.705425e-02;-7.622571e-04;1.092171e-01;-1.692047e-03;1.193452e-01;1.053009e-03;9.570421e-02;-9.857902e-04;9.243884e-02;-1.137209e-03;7.899726e-02;8.693949e-04;5.236947e-02;1.631295e-03;4.430832e-02;6.804397e-04;5.238858e-02;1.784900e-03;2.635665e-02;8.968780e-04;2.087690e-02;7.022193e-04;1.959007e-01;1.370873e-03;3.220538e-02;-2.087407e-03;9.122174e+00;-2.871094e-02;1.552831e+01;2.153320e-01;2.213933e+01;1.335059e+00;5.644355e+01;-3.359180e+00;7.568478e-02;-1.965912e-03;1.357864e+01;-1.240951e-01;5.024873e-02;-1.656787e-03;1.054271e+04;-5.105284e+02;1.662122e-01;1.384767e-02;4.580954e+00;4.188001e-01;2.971178e-02;1.707738e-04;1.134244e-02;2.715676e-05;7.545187e-02;1.313456e-03;5.754282e-01;-9.960351e-03;8.755159e-01;4.412180e-02;1.203068e+00;2.215530e-02;1.051048e+00;-2.773382e-02;1.522291e+00;-2.055625e-01;1.655319e+00;-9.719751e-02;1.114872e+00;6.104360e-02;1.335272e+00;1.259009e-01;1.579237e+00;7.938282e-02;1.342997e+00;-3.299431e-02;1.433058e+00;-6.204704e-02;1.692401e+00;-9.441905e-02;1.649134e+00;-1.115052e-01;1.650173e+00;-9.385441e-02
119.500000;1.557358e+01;1.009339e+02;1.713763e-02;7.537128e-01;1.312466e-01;1.019446e-01;1.604061e-01;1.354111e-01;8.621270e-02;1.929868e-01;1.007930e+00;5.049841e+00;1.771044e-01;1.733734e+00;8.081727e-02;9.529155e-01;1.085512e-02;7.930925e-02;3.859685e-03;2.565004e-02;1.110361e-02;1.271136e-01;4.403650e-02;2.653942e-01;4.767696e-02;4.059731e-01;7.409170e-02;5.481595e-01;1.248360e-01;6.283398e-01;1.209150e-01;7.284606e-01;1.413741e-01;8.367199e-01;1.065778e-01;9.442694e-01;1.317474e-01;9.166701e-01;1.268577e-01;1.012744e+00;1.434996e-01;1.046221e+00;1.567562e-01;1.075177e+00;1.738951e-01;1.211183e+00;2.368020e-01;1.238417e+00;2.168995e-01;1.301643e+00;1.893252e-01;1.317950e+00;2.480930e-01;1.324629e+00;3.988469e-01;1.383610e+00;2.608860e-01;1.382790e+00;2.518717e-01;1.329942e+00;1.731437e-01;1.289819e+00;1.309919e-01;1.201117e+00;1.189908e-01;1.057968e+00;1.121461e-01;8.859243e-01;6.158017e-02;7.230533e-01;4.877059e-02;5.925171e-01;4.233308e-01;1.334987e+00;6.758828e-02;1.820586e-01;2.973904e+01;2.265293e+02;4.763420e+01;3.066328e+02;8.400292e+01;4.921055e+02;2.295570e+02;8.608975e+02;1.998887e-01;7.598680e-01;5.768521e+01;4.390229e+02;2.479450e-01;3.738722e+00;5.127538e+04;1.697889e+05;9.003553e-01;3.735818e+00;3.411248e+01;4.655342e+01;8.673016e-02;-3.046351e-01;4.763964e-02;4.320464e-01;1.797038e-01;6.305353e-01;2.118458e+00;4.200135e+01;3.720063e+00;-1.579807e+01;4.946985e+00;1.370678e+01;5.127360e+00;2.092102e+00;5.051914e+00;-6.012397e+00;5.594406e+00;-6.161708e+00;5.930537e+00;-1.241175e+01;4.718267e+00;-6.109730e+00;5.461936e+00;7.378994e+00;5.942405e+00;-6.215195e+00;5.053642e+00;-9.265136e+00;8.936292e+00;-8.433455e+00;6.890915e+00;-8.852612e+00;6.803876e+00;-6.274390e+00;1.546600e-04;1.933669e-05;9.059411e-08;-2.299408e-09;1.161700e-06;1.063279e-07;1.109282e-06;1.031714e-07;7.612359e-07;5.214725e-08;9.362467e-06;-1.616004e-07;3.197821e-02;-5.377484e-03;2.112218e-02;-4.889888e-04;1.573903e-03;-2.182149e-04;8.373632e-04;-7.331822e-05;2.782300e-03;-1.208401e-04;1.119460e-02;5.333872e-04;1.260622e-02;6.938653e-04;1.717297e-02;7.149804e-04;2.953187e-02;-5.442788e-04;3.035334e-02;1.209827e-03;3.581251e-02;5.557263e-04;3.212128e-02;-4.897455e-04;3.747445e-02;-2.173597e-03;3.092274e-02;1.706649e-03;3.391872e-02;1.322103e-03;5.961302e-02;1.213971e-05;5.356459e-02;-2.992561e-03;6.831177e-02;6.235220e-04;5.712273e-02;1.110820e-03;4.482466e-02;-8.764146e-04;6.127763e-02;-2.334581e-03;1.076333e-01;-4.781710e-03;7.760213e-02;-1.608458e-03;5.768760e-02;-3.880463e-03;4.051407e-02;-1.922398e-03;3.409522e-02;-1.061356e-03;4.229859e-02;5.582637e-04;2.694672e-02;1.824431e-03;2.194168e-02;-3.034056e-04;1.719358e-02;-4.895965e-04;7.982963e-02;-4.667234e-03;1.374596e-02;-2.202822e-03;9.124434e+00;-2.871094e-02;1.575323e+01;-4.019531e-01;2.072589e+01;-1.335059e+00;5.284738e+01;-2.225098e+00;6.654282e-02;3.537132e-05;1.311514e+01;-9.501398e-01;6.108347e-02;-4.215748e-03;1.026319e+04;-1.067734e+03;2.120020e-01;5.805128e-03;8.159985e+00;1.345402e-01;1.575222e-02;1.171841e-03;1.153140e-02;-6.941528e-04;3.579940e-02;-4.178602e-03;4.358569e-01;9.053770e-03;7.755709e-01;6.300701e-02;1.266678e+00;-1.159822e-01;9.813349e-01;1.316634e-01;1.546832e+00;-1.209961e-02;1.580567e+00;-5.182420e-02;1.265454e+00;1.017302e-01;1.647736e+00;-1.011380e-01;1.805972e+00;8.234303e-03;1.411414e+00;-8.081617e-02;1.317247e+00;7.088583e-03;2.149639e+00;-1.154187e-01;1.517545e+00;-9.526260e-02;1.664734e+00;9.259990e-02
120.000000;3.983176e+01;1.258227e+02;1.979093e-02;7.542957e-01;1.372176e-01;1.172577e-01;1.692216e-01;1.620748e-01;9.864734e-02;2.031143e-01;1.110373e+00;5.383923e+00;1.715187e-01;1.655621e+00;1.097550e-01;1.012211e+00;9.331406e-03;7.320463e-02;4.853678e-03;2.606828e-02;1.582493e-02;1.249360e-01;4.847060e-02;2.748259e-01;4.979654e-02;4.150040e-01;9.571001e-02;5.662127e-01;1.681312e-01;6.830206e-01;1.680079e-01;7.419759e-01;1.661668e-01;8.395018e-01;1.276600e-01;9.604416e-01;1.331363e-01;9.746515e-01;1.566845e-01;1.025263e+00;2.093753e-01;1.113527e+00;1.758740e-01;1.146727e+00;2.342556e-01;1.235383e+00;3.337204e-01;1.336147e+00;2.281466e-01;1.395493e+00;2.348654e-01;1.406820e+00;3.354945e-01;1.420892e+00;6.678380e-01;1.580239e+00;2.476286e-01;1.516167e+00;2.570173e-01;1.505839e+00;1.460054e-01;1.396081e+00;1.561843e-01;1.276026e+00;1.067338e-01;1.093922e+00;7.933637e-02;9.491441e-01;5.523130e-02;7.412196e-01;4.289297e-02;5.980225e-01;4.006367e-01;1.073248e+00;6.073279e-02;1.562424e-01;3.256224e+01;2.215049e+02;5.145670e+01;3.080684e+02;1.149853e+02;4.721514e+02;2.819018e+02;8.804209e+02;1.745297e-01;6.430934e-01;7.413055e+01;4.404433e+02;2.418708e-01;3.690793e+00;6.842855e+04;1.766290e+05;9.669899e-01;3.831197e+00;3.331495e+01;4.817319e+01;7.592421e-02;-2.583444e-01;5.809938e-02;4.312636e-01;1.703582e-01;5.459966e-01;2.055269e+00;4.033778e+01;4.319188e+00;-1.498253e+01;4.204949e+00;1.245199e+01;4.530416e+00;2.747753e+00;5.658377e+00;-6.275920e+00;4.810410e+00;-9.163111e+00;6.212427e+00;-9.522858e+00;6.302950e+00;-6.213867e+00;6.755174e+00;3.588630e+00;4.498566e+00;-1.266601e+01;5.524993e+00;-6.040129e+00;9.511665e+00;-9.870252e+00;6.540249e+00;-1.062463e+01;6.482022e+00;-2.674560e+00;2.570398e-04;3.928543e-08;1.185699e-07;-3.045435e-09;1.376589e-06;4.965969e-09;1.509322e-06;1.446219e-09;8.574244e-07;6.869365e-08;1.137861e-05;9.141783e-09;4.149299e-02;-1.601425e-03;2.827616e-02;-8.401746e-05;1.791369e-03;-1.348871e-04;1.314693e-03;1.436131e-05;2.690309e-03;2.249037e-04;1.241446e-02;-1.761980e-04;1.288371e-02;-2.441991e-05;1.903141e-02;-3.605176e-04;3.764097e-02;-1.902496e-03;3.438192e-02;-3.166556e-03;3.905635e-02;-1.839497e-03;4.002557e-02;1.194637e-03;3.178838e-02;4.369366e-03;3.909686e-02;7.219483e-04;4.455381e-02;-6.106846e-04;6.378900e-02;3.366487e-03;6.859279e-02;-2.411181e-03;9.201943e-02;-1.677210e-03;6.799201e-02;-2.123462e-03;6.534169e-02;4.748465e-04;9.202654e-02;3.188938e-04;1.610224e-01;3.802745e-04;7.987448e-02;4.133813e-04;6.303671e-02;1.609341e-03;4.463658e-02;7.271367e-04;5.134044e-02;2.364294e-03;3.935752e-02;-6.691401e-04;2.937470e-02;-1.771342e-03;2.040295e-02;-9.458053e-04;1.500239e-02;-6.714477e-04;6.481220e-02;-9.599931e-03;1.830071e-02;-1.636884e-04;9.853124e+00;-1.435547e-01;1.793606e+01;-3.014649e-01;2.842085e+01;-1.277637e+00;8.596514e+01;8.756836e-01;5.738427e-02;-1.181328e-03;2.092969e+01;-7.017214e-02;6.768361e-02;-4.538301e-04;1.991981e+04;3.109257e+02;2.653486e-01;-2.022217e-03;8.569674e+00;-2.417567e-01;1.511907e-02;1.557061e-03;1.619425e-02;-1.568545e-04;3.133947e-02;-4.296572e-03;4.757302e-01;-3.712986e-02;1.183952e+00;-1.017692e-02;1.250748e+00;-1.922458e-03;1.115418e+00;-4.988153e-02;1.406031e+00;1.491587e-01;1.359700e+00;5.875021e-02;1.625720e+00;8.259043e-02;1.844419e+00;-5.989173e-02;1.666670e+00;-1.529763e-01;1.170051e+00;-1.115745e-01;1.949031e+00;-3.622900e-02;2.114710e+00;5.383401e-02;1.495699e+00;1.058361e-01;1.885066e+00;1.078700e-01
120.500000;4.234743e+01;1.436760e+02;1.397163e-02;7.596703e-01;1.161159e-01;7.943963e-02;1.660519e-01;1.080831e-01;1.041525e-01;2.229055e-01;1.508781e+00;4.816325e+00;1.699320e-01;1.638291e+00;9.474806e-02;1.000577e+00;9.326893e-03;7.340384e-02;4.913027e-03;2.469262e-02;1.917019e-02;1.298935e-01;2.680518e-02;2.805548e-01;3.687521e-02;4.217521e-01;9.875880e-02;5.600982e-01;1.672065e-01;6.893521e-01;1.659193e-01;7.448338e-01;1.145196e-01;8.433257e-01;1.403550e-01;9.422638e-01;1.343234e-01;1.043542e+00;1.642740e-01;1.081889e+00;2.072795e-01;1.115808e+00;1.837859e-01;1.125062e+00;2.292295e-01;1.170779e+00;3.011759e-01;1.265650e+00;1.958709e-01;1.320934e+00;2.022755e-01;1.360995e+00;2.983646e-01;1.404665e+00;6.160904e-01;1.510684e+00;1.833305e-01;1.501467e+00;2.157264e-01;1.500108e+00;1.218037e-01;1.445210e+00;1.477803e-01;1.274272e+00;1.164279e-01;1.067152e+00;8.853890e-02;8.884186e-01;6.045862e-02;7.330303e-01;5.023905e-02;5.932726e-01;4.163882e-01;9.614254e-01;6.015237e-02;1.394544e-01;1.774222e+01;2.031299e+02;4.272314e+01;2.909854e+02;1.213365e+02;4.641123e+02;2.668451e+02;8.392207e+02;1.149500e-01;6.178747e-01;6.875081e+01;4.215861e+02;1.885117e-01;3.671800e+00;6.923766e+04;1.623701e+05;1.046275e+00;4.077641e+00;3.379754e+01;5.286927e+01;7.282121e-02;-2.555024e-01;5.110638e-02;4.159156e-01;1.594495e-01;5.188397e-01;1.670083e+00;4.013021e+01;4.526618e+00;-1.353973e+01;3.687787e+00;1.243895e+01;4.094041e+00;-1.702581e+00;8.122340e+00;-2.235073e+00;7.101204e+00;-6.076101e+00;5.311627e+00;-6.957919e+00;6.165647e+00;-6.740682e+00;8.140950e+00;-3.723920e+00;4.758341e+00;-1.202891e+01;5.660150e+00;-4.579321e+00;5.432990e+00;-1.160525e+01;5.582924e+00;-1.041921e+01;6.131383e+00;-2.828210e+00;2.842052e-04;5.928644e-06;1.118940e-07;6.630646e-09;1.272100e-06;-8.778813e-08;1.807238e-06;-9.778562e-08;8.721642e-07;2.527884e-08;1.163275e-05;-2.013528e-07;3.489850e-02;-1.156870e-03;2.186539e-02;-3.845916e-04;1.890928e-03;5.017313e-05;1.201606e-03;-5.757118e-05;2.290175e-03;1.215173e-04;8.358713e-03;-4.688436e-04;7.930473e-03;-3.594929e-04;1.958826e-02;1.012635e-03;3.987460e-02;3.153778e-03;3.033081e-02;7.668954e-04;2.800911e-02;2.455738e-04;4.841243e-02;2.583691e-04;2.800418e-02;-1.262693e-03;3.935963e-02;-2.711920e-03;4.085643e-02;8.889817e-04;6.215167e-02;-2.439205e-03;6.546452e-02;-1.176263e-03;7.507470e-02;-1.700393e-03;5.476939e-02;-1.995968e-03;5.504750e-02;-2.362042e-03;7.856867e-02;-7.047048e-04;1.352057e-01;2.630789e-03;5.996901e-02;-2.351904e-03;4.916162e-02;-2.346913e-03;3.997041e-02;8.618722e-04;4.996848e-02;2.787295e-05;4.193661e-02;-1.341600e-04;2.941863e-02;1.523085e-05;1.805231e-02;-7.502238e-06;1.776984e-02;3.909942e-05;6.673300e-02;1.730982e-04;1.709582e-02;-7.635800e-04;6.462752e+00;-2.153320e-01;1.330497e+01;-2.871094e-01;3.012338e+01;-9.474609e-01;7.808060e+01;-3.474023e+00;3.278820e-02;5.927571e-04;1.839928e+01;-8.933765e-01;5.502417e-02;-3.395865e-03;1.861253e+04;-8.052782e+02;2.541183e-01;2.036684e-02;8.299115e+00;5.150207e-01;1.472575e-02;-3.323628e-04;1.355589e-02;-6.741120e-04;3.105199e-02;6.386040e-04;4.102591e-01;6.256195e-03;1.080292e+00;7.177549e-02;9.376186e-01;2.515357e-02;9.901132e-01;-1.262951e-01;1.332578e+00;5.504719e-02;1.479087e+00;-3.371130e-03;1.695780e+00;6.192103e-03;1.850980e+00;-4.153495e-02;1.460649e+00;-1.196218e-01;1.253281e+00;5.836648e-02;1.995917e+00;5.142597e-02;1.414176e+00;4.426568e-02;1.267219e+00;-3.333325e-03;1.838630e+00;3.536657e-03
121.000000;4.618479e+01;1.465518e+02;1.674272e-02;7.547557e-01;1.202406e-01;8.909791e-02;2.027859e-01;1.287258e-01;1.180474e-01;2.096319e-01;2.235579e+00;4.438463e+00;2.068798e-01;1.688167e+00;9.747880e-02;1.016084e+00;1.407813e-02;7.979462e-02;4.224153e-03;2.382212e-02;2.527418e-02;1.341171e-01;2.158844e-02;2.741338e-01;6.666692e-02;4.449444e-01;7.880531e-02;5.691568e-01;1.335053e-01;7.107027e-01;1.381519e-01;7.853174e-01;9.342555e-02;8.521111e-01;1.415188e-01;9.608175e-01;1.417349e-01;1.079507e+00;1.433761e-01;1.066523e+00;2.851882e-01;1.167757e+00;2.591705e-01;1.206870e+00;2.479095e-01;1.183947e+00;2.882372e-01;1.277137e+00;2.094990e-01;1.328280e+00;2.274754e-01;1.393263e+00;3.189175e-01;1.489550e+00;3.386700e-01;1.466981e+00;3.468785e-01;1.550535e+00;3.972798e-01;1.548573e+00;1.157863e-01;1.414054e+00;1.382068e-01;1.250138e+00;1.202551e-01;1.057658e+00;1.007117e-01;8.504937e-01;6.228938e-02;7.389244e-01;5.426732e-02;6.166877e-01;6.214935e-01;1.222494e+00;1.238362e-01;1.653669e-01;2.200464e+01;2.084414e+02;2.771609e+01;2.753379e+02;1.124812e+02;4.477471e+02;2.160936e+02;8.303203e+02;1.857421e-01;7.105463e-01;5.199441e+01;4.059806e+02;2.342218e-01;3.593049e+00;5.339551e+04;1.469873e+05;1.054443e+00;4.359533e+00;3.518836e+01;6.063391e+01;1.081049e-01;-3.068534e-01;4.109458e-02;4.042568e-01;2.621641e-01;6.205990e-01;1.678841e+00;4.085522e+01;4.012049e+00;-1.307371e+01;3.955372e+00;1.266725e+01;3.971163e+00;-4.913023e+00;6.098516e+00;4.439678e-01;6.477087e+00;-9.748176e-01;6.774936e+00;-8.990841e+00;5.014684e+00;-7.322648e+00;6.306940e+00;-1.226494e+01;5.391007e+00;-8.240719e+00;6.103364e+00;-5.535275e+00;7.897714e+00;-1.036022e+01;4.152107e+00;-8.236628e+00;6.197961e+00;-1.511293e+00;3.248022e-04;-4.009969e-06;1.360881e-07;-5.430978e-09;1.277938e-06;4.960582e-08;2.057908e-06;6.599274e-08;1.108698e-06;-2.422275e-08;2.002002e-05;1.118957e-07;3.664985e-02;6.390951e-03;2.318471e-02;3.182125e-03;2.056065e-03;2.112191e-04;8.499259e-04;1.287478e-04;6.389101e-03;-1.961992e-04;6.769211e-03;-3.416564e-04;1.271545e-02;-2.150672e-04;1.269362e-02;8.177030e-04;3.029292e-02;9.500103e-04;2.576364e-02;3.086210e-03;2.970276e-02;1.994472e-03;4.656713e-02;-3.873514e-04;3.045414e-02;-1.656055e-03;3.346922e-02;1.382651e-03;5.746933e-02;1.288159e-02;7.050701e-02;5.504185e-03;6.128036e-02;8.948698e-04;6.320172e-02;1.356710e-03;4.900742e-02;7.247404e-04;5.793088e-02;6.988146e-03;8.674015e-02;1.171756e-02;7.921513e-02;6.106729e-03;9.145477e-02;1.073521e-02;9.331007e-02;1.476088e-02;4.476335e-02;2.110314e-04;4.033450e-02;-1.739275e-03;4.020176e-02;-4.079312e-04;3.134803e-02;3.912611e-03;1.925987e-02;2.046271e-03;1.816806e-02;1.607196e-03;8.261689e-02;1.298390e-02;2.613849e-02;5.373416e-03;5.256925e+00;7.177734e-01;8.824528e+00;1.076660e+00;2.875243e+01;3.201270e+00;4.542779e+01;6.330762e+00;4.671159e-02;4.557640e-03;1.110815e+01;1.868282e+00;5.889067e-02;2.608597e-03;1.217881e+04;1.228928e+03;2.382846e-01;-1.495535e-02;9.012320e+00;-2.734611e-01;1.688467e-02;-2.300661e-03;9.172977e-03;1.544085e-03;5.572571e-02;8.582496e-03;4.113654e-01;-2.362775e-02;8.747737e-01;-5.475538e-02;1.158972e+00;3.695038e-03;1.159833e+00;-9.458136e-02;1.375657e+00;-5.420788e-02;1.519588e+00;2.015351e-01;1.539308e+00;-2.977222e-01;1.634862e+00;7.121282e-04;1.931719e+00;2.602602e-02;1.427481e+00;1.415818e-01;1.740725e+00;2.092562e-02;1.574216e+00;-2.201863e-01;1.290485e+00;3.199902e-02;1.606151e+00;5.724326e-02
121.500000;4.323505e+01;1.371702e+02;2.450594e-02;7.366254e-01;1.064110e-01;1.130788e-01;1.664098e-01;1.396131e-01;1.087476e-01;1.982484e-01;2.133077e+00;4.658432e+00;2.383796e-01;1.955813e+00;9.798014e-02;1.046835e+00;1.190432e-02;9.333514e-02;4.379038e-03;2.706853e-02;2.342159e-02;1.372140e-01;2.077005e-02;2.737204e-01;6.089022e-02;4.431943e-01;4.629526e-02;5.957388e-01;1.024181e-01;7.142026e-01;7.094390e-02;8.251916e-01;9.716496e-02;8.728167e-01;1.115888e-01;9.686158e-01;1.347566e-01;1.053964e+00;1.004110e-01;9.777239e-01;3.442693e-01;1.246934e+00;2.540908e-01;1.287789e+00;2.780120e-01;1.273643e+00;2.983541e-01;1.389615e+00;1.893503e-01;1.408572e+00;2.141801e-01;1.485515e+00;3.422235e-01;1.576131e+00;3.379600e-01;1.587729e+00;4.074267e-01;1.554896e+00;5.120860e-01;1.574774e+00;1.217447e-01;1.328171e+00;1.350939e-01;1.223736e+00;9.752829e-02;1.079056e+00;1.280345e-01;9.360386e-01;6.483713e-02;7.686632e-01;5.645107e-02;6.340749e-01;5.872839e-01;1.808970e+00;1.809211e-01;3.196894e-01;2.721450e+01;2.341377e+02;4.295716e+01;2.991680e+02;1.262903e+02;5.035898e+02;2.345195e+02;9.954082e+02;2.341239e-01;9.099135e-01;6.511992e+01;4.552385e+02;2.444615e-01;3.653614e+00;5.555213e+04;1.827184e+05;9.435554e-01;3.709085e+00;2.485576e+01;4.284928e+01;9.967599e-02;-4.134101e-01;5.313325e-02;4.444844e-01;3.115842e-01;9.253871e-01;1.650765e+00;4.064989e+01;3.626783e+00;-1.587111e+01;4.154357e+00;1.368489e+01;5.574463e+00;-3.969157e+00;4.537288e+00;-3.747108e+00;5.379564e+00;2.996202e+00;7.824955e+00;-1.516892e+01;4.941370e+00;-6.336607e+00;7.676388e+00;-9.690636e+00;6.035756e+00;-7.985162e+00;5.398033e+00;-7.241237e+00;1.082409e+01;-1.626378e+01;5.644388e+00;-4.805085e+00;8.210936e+00;4.987091e+00;2.805986e-04;-1.817768e-05;1.299725e-07;-9.227716e-09;1.031566e-06;4.096356e-08;1.609705e-06;4.922295e-08;1.144533e-06;-3.873254e-08;1.960877e-05;-2.378433e-07;4.010813e-02;7.783496e-03;2.561353e-02;1.649039e-03;1.962944e-03;3.695750e-04;8.206510e-04;8.100276e-05;6.381291e-03;1.817115e-04;5.538804e-03;1.229807e-04;1.244496e-02;1.175193e-05;1.161197e-02;-4.503445e-04;1.779011e-02;-8.858944e-04;1.870826e-02;1.305611e-03;2.884021e-02;1.034851e-03;3.436231e-02;-1.865998e-03;3.056689e-02;6.937538e-04;3.333163e-02;1.175229e-03;6.205681e-02;-2.189984e-03;6.889230e-02;3.311176e-03;7.246438e-02;6.118803e-03;7.646310e-02;1.270907e-03;4.971411e-02;9.959965e-04;6.379690e-02;4.460789e-03;1.035480e-01;6.952973e-03;9.678802e-02;6.589252e-03;9.505297e-02;6.584471e-03;1.036817e-01;4.898658e-03;3.880307e-02;1.229406e-03;4.317547e-02;1.744682e-03;3.625315e-02;7.775287e-04;2.806132e-02;-8.670053e-04;2.172149e-02;-1.716104e-04;2.227751e-02;-1.546779e-04;1.075017e-01;1.345130e-02;3.265399e-02;2.916377e-03;6.132239e+00;2.153320e-01;1.181108e+01;-1.866211e-01;3.447827e+01;1.191504e+00;5.309392e+01;3.904687e+00;6.377008e-02;4.164583e-03;1.189095e+01;9.496902e-01;5.970045e-02;2.794528e-03;1.327572e+04;1.096295e+03;1.902927e-01;-1.862408e-02;6.040868e+00;-5.443785e-01;1.768969e-02;-2.700954e-03;9.428961e-03;7.119141e-04;7.377360e-02;6.487263e-03;4.362440e-01;-4.812545e-03;9.846755e-01;-9.313376e-02;1.235751e+00;8.647274e-02;1.181183e+00;2.989949e-02;1.201505e+00;-8.967773e-02;1.307073e+00;7.919363e-02;1.592893e+00;-1.377488e-01;1.340069e+00;1.269992e-01;1.834744e+00;1.726217e-01;1.341482e+00;-3.861552e-02;1.615181e+00;-8.728353e-02;1.754730e+00;-1.304010e-02;1.249873e+00;1.181475e-01;1.346347e+00;5.757730e-02
122.000000;2.551856e+01;1.166299e+02;1.642372e-02;7.294969e-01;1.007807e-01;1.386362e-01;9.213765e-02;1.154982e-01;1.476923e-01;2.510225e-01;1.567637e+00;4.460819e+00;2.061548e-01;1.974933e+00;7.821047e-02;9.876855e-01;7.054965e-03;9.667740e-02;4.127347e-03;2.614764e-02;1.390939e-02;1.339997e-01;2.603643e-02;2.788198e-01;1.957666e-02;4.142265e-01;4.736089e-02;5.534707e-01;9.287339e-02;6.643375e-01;1.203227e-01;7.524989e-01;1.211047e-01;8.367467e-01;8.443423e-02;9.256530e-01;9.837385e-02;9.865350e-01;9.212362e-02;9.870289e-01;2.920517e-01;1.090523e+00;2.268883e-01;1.176632e+00;2.208220e-01;1.219939e+00;2.184039e-01;1.276200e+00;1.356895e-01;1.315659e+00;1.429235e-01;1.409653e+00;2.909911e-01;1.449346e+00;2.763678e-01;1.479924e+00;2.751475e-01;1.447787e+00;3.706248e-01;1.378017e+00;9.068086e-02;1.259545e+00;9.596779e-02;1.229727e+00;8.867843e-02;1.108055e+00;9.262456e-02;9.617569e-01;6.733929e-02;7.497500e-01;6.703738e-02;5.939922e-01;4.652455e-01;1.850928e+00;1.752972e-01;2.907180e-01;3.015981e+01;2.269600e+02;4.814436e+01;2.935693e+02;1.312347e+02;4.774629e+02;2.194742e+02;9.615293e+02;2.297352e-01;1.039155e+00;7.138631e+01;4.417092e+02;2.245509e-01;3.635558e+00;4.649421e+04;1.778055e+05;9.596502e-01;3.862107e+00;2.238931e+01;4.436156e+01;7.903077e-02;-4.412029e-01;6.037030e-02;4.319610e-01;2.687179e-01;9.113255e-01;1.317021e+00;4.060522e+01;3.630550e+00;-1.506592e+01;3.335413e+00;1.426331e+01;4.794732e+00;-3.576823e-01;5.198439e+00;-7.811948e+00;3.527901e+00;5.365934e+00;9.638662e+00;-1.174774e+01;6.449480e+00;-8.798761e+00;5.149739e+00;-1.237898e+00;7.589621e+00;-1.378797e+01;5.404906e+00;-1.026607e+01;8.753928e+00;-1.717261e+01;3.157264e+00;-1.209584e+00;4.060310e+00;9.363430e+00;1.618560e-04;4.137210e-06;7.557726e-08;1.342334e-09;9.774650e-07;-2.269292e-08;8.859527e-07;-3.036255e-08;1.243072e-06;4.734287e-09;1.490007e-05;-7.168932e-07;3.153367e-02;-4.686187e-03;1.578177e-02;-2.837510e-03;1.788208e-03;-1.197292e-04;6.246056e-04;-1.361804e-04;2.366516e-03;1.168905e-04;6.859627e-03;5.094895e-04;6.545472e-03;-2.072492e-04;1.150065e-02;-7.338995e-04;2.281177e-02;1.789381e-03;2.085055e-02;-2.216216e-04;2.501216e-02;-1.598174e-03;2.592085e-02;-1.075399e-03;2.288353e-02;-1.488652e-04;3.232491e-02;-1.390031e-04;2.944118e-02;-1.186057e-02;5.127862e-02;-9.040313e-03;6.026416e-02;1.381421e-03;5.372660e-02;9.307000e-04;3.563382e-02;6.619890e-04;3.824129e-02;-5.686578e-03;7.156099e-02;-9.724111e-03;7.809456e-02;-5.074861e-03;6.317289e-02;-1.116605e-02;5.567653e-02;-1.677767e-02;3.154549e-02;3.679356e-04;3.799266e-02;-5.599511e-04;3.656799e-02;7.944671e-04;2.582399e-02;-2.683916e-03;2.041844e-02;-1.725190e-03;2.030681e-02;-1.904101e-03;9.751138e-02;-1.015349e-02;2.159358e-02;-5.318029e-03;5.527788e+00;-7.895508e-01;1.085710e+01;-1.406836e+00;2.916266e+01;-3.172559e+00;3.767887e+01;-6.388184e+00;7.346495e-02;-4.498518e-03;8.246248e+00;-2.082600e+00;4.406942e-02;-6.934244e-04;8.697042e+03;-1.269682e+03;1.570973e-01;1.750596e-02;5.255655e+00;2.961833e-01;1.801879e-02;1.227263e-03;6.411504e-03;-1.752209e-03;5.896110e-02;-6.898591e-03;3.765605e-01;4.555653e-02;8.140544e-01;6.535663e-02;9.901580e-01;1.392498e-02;9.920137e-01;1.428517e-01;1.020372e+00;-6.611414e-02;1.098001e+00;-1.472419e-01;1.608153e+00;3.840674e-01;1.236383e+00;-8.839229e-02;1.350076e+00;4.742396e-02;1.218368e+00;-1.488676e-01;1.282806e+00;5.947364e-02;1.478553e+00;2.924538e-01;1.004191e+00;3.939512e-02;1.229868e+00;-6.103083e-02
122.500000;1.639153e+01;1.050051e+02;1.513467e-02;7.508549e-01;9.801640e-02;9.587342e-02;6.794744e-02;6.853008e-02;1.771932e-01;2.611054e-01;1.321348e+00;4.538408e+00;1.513133e-01;1.802732e+00;7.070215e-02;9.842222e-01;6.296426e-03;9.095958e-02;2.300348e-03;2.318972e-02;1.452291e-02;1.316189e-01;2.303045e-02;2.794927e-01;2.599531e-02;4.189260e-01;3.630373e-02;5.371320e-01;1.035911e-01;6.484195e-01;1.344313e-01;7.855575e-01;1.137378e-01;8.622442e-01;6.430049e-02;9.121024e-01;6.930516e-02;9.751391e-01;1.167359e-01;1.066455e+00;9.725246e-02;9.814661e-01;2.269036e-01;1.110135e+00;1.770918e-01;1.210636e+00;1.639615e-01;1.280399e+00;1.471744e-01;1.321377e+00;1.422973e-01;1.356463e+00;2.538908e-01;1.389020e+00;4.735910e-01;1.488532e+00;2.017715e-01;1.416855e+00;1.991858e-01;1.352862e+00;1.778072e-01;1.392546e+00;8.860752e-02;1.276046e+00;7.735099e-02;1.128684e+00;7.992724e-02;9.486332e-01;5.075972e-02;7.408911e-01;5.434430e-02;5.781472e-01;3.543716e-01;1.425307e+00;6.881611e-02;1.326016e-01;1.963920e+01;1.978184e+02;3.148400e+01;2.598340e+02;7.078221e+01;3.987949e+02;1.290974e+02;7.789277e+02;2.357904e-01;9.532135e-01;4.470087e+01;3.818395e+02;1.827760e-01;3.559308e+00;3.775328e+04;143945;7.771917e-01;4.687312e+00;2.920811e+01;6.416499e+01;7.525916e-02;-3.910979e-01;3.704689e-02;3.808911e-01;1.550216e-01;7.570683e-01;1.402158e+00;4.075079e+01;3.725715e+00;-1.112858e+01;3.320228e+00;1.364231e+01;2.801743e+00;1.228256e+00;4.179034e+00;-9.327139e+00;5.006624e+00;1.653358e+00;9.855720e+00;2.495965e+00;5.914214e+00;-9.577265e+00;5.032294e+00;5.014711e-02;5.364123e+00;-1.871367e+01;7.929357e+00;-8.160484e+00;5.894955e+00;-1.049500e+01;3.799307e+00;-2.942275e+00;6.673110e+00;2.595499e+00;1.246622e-04;-5.983841e-08;5.411151e-08;5.653212e-09;8.171754e-07;-3.285692e-08;6.604660e-07;-3.799100e-08;1.434207e-06;4.019059e-08;1.364259e-05;1.060539e-07;2.901575e-02;-3.900980e-03;1.547079e-02;-9.653016e-04;1.492382e-03;-1.597398e-04;6.840551e-04;1.473924e-05;2.527401e-03;2.306278e-05;7.100394e-03;-5.861520e-04;7.329004e-03;7.520913e-05;9.846257e-03;5.635013e-04;2.616452e-02;-7.036878e-04;1.671130e-02;-2.418830e-03;1.921552e-02;-1.867248e-03;1.824297e-02;1.805706e-03;1.673982e-02;2.139869e-03;3.217617e-02;7.022609e-04;2.102269e-02;2.497322e-03;7.229513e-02;-4.061981e-03;4.991740e-02;-3.775270e-03;4.001259e-02;6.309933e-04;4.362151e-02;9.776701e-04;3.553875e-02;-3.365058e-03;5.168909e-02;-7.443288e-03;1.113720e-01;-5.408380e-03;7.691596e-02;-5.831186e-03;5.206961e-02;-3.157810e-03;4.268917e-02;3.980428e-04;3.345020e-02;-6.621800e-04;3.156673e-02;6.080588e-04;2.614880e-02;1.116113e-03;1.696168e-02;1.014408e-03;1.357887e-02;1.631022e-03;5.890198e-02;-3.639562e-03;1.223273e-02;-2.625465e-03;4.786984e+00;2.871094e-02;8.775830e+00;3.158203e-01;1.669127e+01;-7.321289e-01;3.169062e+01;-3.143848e+00;6.381065e-02;2.273536e-04;8.816108e+00;-5.326771e-01;4.469348e-02;-5.339052e-04;8.476725e+03;-7.439280e+02;2.230004e-01;1.208048e-02;9.229353e+00;2.857525e-01;1.533300e-02;7.519212e-04;7.205996e-03;-3.715766e-04;3.773027e-02;-4.077938e-03;3.540353e-01;-1.178093e-02;7.635381e-01;9.239828e-02;8.800812e-01;-7.085975e-02;9.986526e-01;2.815293e-02;1.171643e+00;-2.377685e-02;1.168859e+00;-3.523921e-02;1.595238e+00;3.086906e-01;1.310261e+00;-5.913597e-02;1.416640e+00;-1.585158e-01;1.388932e+00;-9.820713e-02;1.912603e+00;1.083978e-01;1.625441e+00;1.142415e-01;1.209503e+00;-4.583758e-02;1.455655e+00;-4.670038e-02
123.000000;1.650723e+01;1.045703e+02;1.178836e-02;7.568066e-01;7.295037e-02;6.761004e-02;8.763766e-02;7.586066e-02;1.585644e-01;2.257437e-01;1.176810e+00;4.403009e+00;9.855673e-02;1.771575e+00;5.682852e-02;1.005485e+00;6.829161e-03;8.834825e-02;3.412582e-03;2.401235e-02;1.205664e-02;1.320815e-01;2.213084e-02;2.721964e-01;3.504535e-02;4.103696e-01;5.740909e-02;5.421121e-01;1.009925e-01;6.693360e-01;1.393322e-01;8.194665e-01;1.130697e-01;8.841544e-01;5.946845e-02;9.112433e-01;6.358837e-02;9.767342e-01;9.779747e-02;1.087179e+00;9.363103e-02;1.062177e+00;2.483291e-01;1.144287e+00;1.639710e-01;1.241870e+00;1.382168e-01;1.333930e+00;1.306310e-01;1.388663e+00;1.381772e-01;1.360706e+00;2.344591e-01;1.405449e+00;4.932023e-01;1.547209e+00;1.887996e-01;1.433455e+00;1.566543e-01;1.447947e+00;1.158893e-01;1.468663e+00;1.045241e-01;1.257249e+00;1.056013e-01;1.088444e+00;1.230702e-01;9.363327e-01;6.510502e-02;7.221273e-01;6.025871e-02;5.992367e-01;3.607273e-01;1.263829e+00;3.086551e-02;1.131505e-01;2.049315e+01;1.953779e+02;3.129887e+01;2.572500e+02;7.731936e+01;4.094180e+02;1.185609e+02;7.450488e+02;2.171057e-01;9.026926e-01;4.298082e+01;3.815683e+02;2.010459e-01;3.598097e+00;4.135028e+04;1.460350e+05;8.311904e-01;4.698778e+00;3.169136e+01;6.525226e+01;7.539063e-02;-3.709420e-01;3.598617e-02;3.801659e-01;1.521488e-01;7.265819e-01;1.614961e+00;4.006044e+01;3.115248e+00;-9.740923e+00;3.621077e+00;1.280336e+01;3.551361e+00;1.137128e+00;4.602727e+00;-7.358087e+00;3.519693e+00;-1.572138e+00;4.597586e+00;9.697632e+00;5.348957e+00;-7.412311e+00;5.657902e+00;-2.776529e+00;5.873942e+00;-1.865673e+01;5.508814e+00;-2.843240e+00;4.889972e+00;-7.583574e+00;4.798422e+00;-5.465227e+00;5.463688e+00;-1.309849e+00;8.761275e-05;1.230533e-07;7.536448e-08;1.193195e-09;7.751431e-07;5.033986e-09;7.883579e-07;1.353572e-09;1.198394e-06;-4.550254e-08;1.197766e-05;7.448213e-07;2.660603e-02;-8.929169e-04;1.493893e-02;-1.245493e-04;1.781614e-03;-5.609147e-05;9.112199e-04;4.396574e-05;1.898307e-03;-2.541826e-04;8.630635e-03;3.100044e-04;9.720380e-03;2.760235e-04;9.532791e-03;-9.892073e-04;2.542554e-02;-1.679258e-03;2.012770e-02;5.702928e-05;1.986476e-02;6.056156e-04;1.606477e-02;-4.106354e-04;1.470858e-02;-5.980665e-04;2.979520e-02;-9.645720e-04;2.352416e-02;-1.721833e-03;8.840326e-02;-8.784874e-04;5.373387e-02;-1.315811e-03;3.817318e-02;4.293463e-04;4.326984e-02;-1.622546e-05;3.953514e-02;3.584100e-05;5.440582e-02;-2.738419e-04;1.177197e-01;-2.280220e-04;7.607448e-02;4.257933e-03;4.844211e-02;2.653096e-03;3.984851e-02;1.936657e-04;3.617128e-02;3.619402e-04;2.941335e-02;-1.505526e-03;2.743936e-02;-1.745533e-03;1.821689e-02;-2.989131e-04;1.762099e-02;4.613284e-04;5.356096e-02;-4.523915e-03;9.349656e-03;-1.836338e-04;4.824185e+00;-1.866211e-01;1.122230e+01;-3.732422e-01;2.081080e+01;-8.613281e-02;4.025730e+01;-2.871094e-01;4.743481e-02;1.212341e-03;1.242601e+01;-5.590815e-02;6.029692e-02;-3.887673e-03;1.010920e+04;1.822220e+02;2.675173e-01;2.779275e-03;1.016613e+01;1.317183e-01;1.618070e-02;4.411693e-04;1.060550e-02;-1.035176e-04;3.639300e-02;5.268143e-04;3.460272e-01;-3.166401e-02;8.290617e-01;1.965168e-02;9.312755e-01;2.297048e-02;9.727903e-01;-6.424628e-02;1.345955e+00;-1.358928e-02;1.066790e+00;1.042348e-02;1.662595e+00;8.722759e-02;1.363553e+00;1.666366e-01;1.575883e+00;-1.254444e-01;1.415640e+00;2.305657e-02;2.019051e+00;4.991078e-02;1.648775e+00;-3.054548e-02;1.243267e+00;-1.826198e-01;1.464617e+00;-1.087271e-01
123.500000;2.071574e+01;1.119019e+02;1.339861e-02;7.573045e-01;1.040342e-01;8.839756e-02;1.250092e-01;1.141676e-01;1.217819e-01;2.361169e-01;1.576118e+00;4.345699e+00;1.123058e-01;1.711810e+00;5.084831e-02;9.842531e-01;9.907356e-03;8.398164e-02;3.745397e-03;2.349332e-02;7.692077e-03;1.305261e-01;3.058697e-02;2.670097e-01;5.053450e-02;4.064437e-01;6.895073e-02;5.562540e-01;1.157156e-01;6.846212e-01;1.412585e-01;7.740250e-01;1.142517e-01;8.498130e-01;6.795382e-02;8.941655e-01;8.425654e-02;9.538512e-01;6.604613e-02;1.048880e+00;9.413797e-02;1.081571e+00;2.836124e-01;1.178947e+00;1.992274e-01;1.217950e+00;1.095205e-01;1.281273e+00;9.343319e-02;1.339422e+00;7.917733e-02;1.355293e+00;2.049274e-01;1.407442e+00;2.948366e-01;1.469425e+00;1.979805e-01;1.474652e+00;1.241861e-01;1.450259e+00;1.033617e-01;1.338831e+00;8.768052e-02;1.206612e+00;1.118717e-01;1.030708e+00;1.186279e-01;8.362764e-01;8.016247e-02;7.346084e-01;5.969967e-02;6.217229e-01;4.204146e-01;1.177832e+00;2.798659e-02;1.076363e-01;2.547681e+01;1.940859e+02;3.629720e+01;2.637100e+02;9.117972e+01;4.128633e+02;1.003586e+02;7.332773e+02;2.380234e-01;8.345909e-01;4.323846e+01;3.833214e+02;2.555399e-01;3.585203e+00;3.682186e+04;1.511344e+05;7.477044e-01;4.577372e+00;2.549054e+01;5.935892e+01;9.126708e-02;-3.372568e-01;3.799873e-02;3.809245e-01;1.585285e-01;6.587742e-01;1.459140e+00;4.000258e+01;2.612907e+00;-1.032999e+01;2.962622e+00;1.355841e+01;3.936827e+00;1.679697e+00;5.043171e+00;-8.299538e+00;4.040280e+00;1.025285e+00;6.298617e+00;7.916410e+00;7.824987e+00;-3.666847e+00;7.768878e+00;-7.917575e+00;7.140107e+00;-1.582191e+01;4.996652e+00;-2.834856e+00;5.773876e+00;-5.446191e+00;4.802660e+00;-8.184738e+00;4.752662e+00;2.100172e-01;1.563464e-04;5.912800e-06;9.171813e-08;-8.946023e-10;1.125072e-06;1.276016e-07;1.176019e-06;2.715844e-08;9.408972e-07;-5.779258e-08;1.474779e-05;2.797440e-08;2.581069e-02;-3.194709e-03;1.300217e-02;-4.350432e-04;2.416287e-03;-2.658165e-04;8.740012e-04;-1.335349e-05;1.648068e-03;8.571692e-05;1.226320e-02;1.750514e-04;1.133234e-02;-1.411429e-03;8.784098e-03;-1.437824e-03;2.633153e-02;4.975743e-04;2.319848e-02;-1.152324e-04;1.955342e-02;3.383448e-04;1.696290e-02;-7.510686e-04;1.733216e-02;-1.949203e-03;2.417253e-02;-5.662164e-04;2.537541e-02;-1.141724e-04;9.694101e-02;-1.475490e-03;5.759910e-02;-1.585084e-03;3.024994e-02;-1.703762e-03;2.723789e-02;-1.815717e-03;2.638092e-02;-5.264069e-04;4.919169e-02;-9.706452e-04;7.004262e-02;3.053811e-06;5.993579e-02;2.057479e-03;3.477498e-02;2.075802e-03;3.297008e-02;-3.094326e-04;3.218626e-02;3.380323e-04;3.273910e-02;-5.856026e-04;2.652170e-02;-2.331563e-03;2.421982e-02;6.907623e-04;1.766058e-02;7.589176e-05;5.486805e-02;-1.160094e-02;8.328269e-03;-4.190625e-04;6.589067e+00;-6.459961e-01;1.173019e+01;-4.306640e-02;2.342810e+01;1.306348e+00;3.802732e+01;6.603516e-01;5.253128e-02;-6.617183e-03;1.294088e+01;-2.079222e-02;7.519151e-02;2.710633e-03;9.567141e+03;3.338560e+02;2.578752e-01;1.960215e-04;8.851532e+00;8.222687e-02;2.066514e-02;2.527461e-03;1.144143e-02;-5.750925e-05;3.688313e-02;-2.377379e-03;4.018520e-01;-1.759161e-02;7.906203e-01;2.914050e-02;8.707770e-01;-1.131300e-02;1.073248e+00;-2.531394e-02;1.164055e+00;-1.319065e-02;1.058746e+00;1.058766e-01;1.610287e+00;-5.282196e-02;1.146096e+00;1.823871e-01;1.742566e+00;-2.094689e-02;1.356848e+00;1.847942e-01;1.764518e+00;8.978130e-02;1.466785e+00;1.166277e-01;1.084907e+00;-9.307756e-02;1.294406e+00;4.108996e-02
124.000000;2.812988e+01;1.143200e+02;1.375800e-02;7.634490e-01;1.230639e-01;9.497236e-02;1.223623e-01;1.140355e-01;9.092941e-02;2.107476e-01;1.798933e+00;4.393875e+00;2.537682e-01;1.830278e+00;1.076111e-01;1.034101e+00;1.388204e-02;8.227184e-02;5.264100e-03;2.644621e-02;2.524809e-02;1.368854e-01;3.957878e-02;2.756752e-01;7.080521e-02;4.319353e-01;6.005614e-02;5.711457e-01;1.335023e-01;6.988873e-01;7.104521e-02;7.640491e-01;5.698107e-02;8.482817e-01;8.770338e-02;9.069260e-01;1.229129e-01;9.728712e-01;1.418307e-01;1.106153e+00;1.891669e-01;1.199816e+00;3.200341e-01;1.293676e+00;2.921389e-01;1.336703e+00;1.782268e-01;1.322309e+00;1.843441e-01;1.380660e+00;1.696370e-01;1.437777e+00;3.372092e-01;1.514172e+00;3.729889e-01;1.531159e+00;3.576040e-01;1.595739e+00;2.439180e-01;1.538453e+00;2.060853e-01;1.423115e+00;1.589989e-01;1.280820e+00;1.146559e-01;1.049853e+00;1.461702e-01;8.888138e-01;7.655104e-02;7.716177e-01;6.880612e-02;6.091407e-01;3.767882e-01;1.114575e+00;1.416451e-01;1.932116e-01;2.704778e+01;1.880566e+02;3.850478e+01;2.750508e+02;1.135172e+02;4.665527e+02;2.445194e+02;9.118594e+02;1.638175e-01;7.489892e-01;7.015771e+01;4.241546e+02;3.141118e-01;3.828182e+00;7.830230e+04;2.108563e+05;8.622801e-01;3.881194e+00;2.350310e+01;4.273856e+01;1.245251e-01;-3.337680e-01;5.386378e-02;4.078433e-01;1.859141e-01;6.470402e-01;2.289078e+00;3.908274e+01;4.079400e+00;-1.356219e+01;3.716545e+00;1.613472e+01;3.900892e+00;1.825564e+00;5.384439e+00;-7.190286e+00;4.277298e+00;1.857302e+00;8.790507e+00;5.833118e-01;6.494745e+00;1.845134e+00;7.828180e+00;-7.485949e+00;6.719791e+00;-9.348507e+00;4.969325e+00;-2.504629e+00;7.523222e+00;-6.366508e+00;3.985416e+00;-8.582708e+00;3.735272e+00;-6.797799e-01;1.550128e-04;-3.116210e-06;1.156596e-07;1.031962e-09;1.151931e-06;-1.101073e-08;1.091760e-06;-6.145972e-09;8.918061e-07;-1.745726e-08;1.563525e-05;-6.355775e-07;4.948048e-02;3.622878e-03;2.720410e-02;1.909353e-04;2.994598e-03;1.549564e-04;8.573044e-04;-9.952129e-06;5.517443e-03;1.903574e-04;1.184459e-02;-3.111202e-04;1.449497e-02;7.623933e-05;1.228670e-02;6.977865e-04;2.783820e-02;9.409076e-04;1.627122e-02;-6.173456e-05;1.335965e-02;1.516195e-04;2.670080e-02;1.768860e-03;4.076036e-02;1.521333e-03;4.280472e-02;2.468779e-03;4.778923e-02;3.035502e-03;9.198597e-02;2.772879e-03;7.140311e-02;5.860253e-04;5.091106e-02;-1.672877e-03;5.368981e-02;1.167131e-03;5.029127e-02;1.562055e-03;7.970937e-02;-1.158807e-03;9.759513e-02;8.692206e-04;8.683803e-02;-5.182684e-03;5.900599e-02;-2.751957e-03;4.363649e-02;3.937790e-05;4.699700e-02;-1.220048e-03;3.467535e-02;-2.555380e-05;2.728902e-02;8.993721e-04;2.642318e-02;-6.521977e-04;1.606710e-02;-7.461503e-04;6.578533e-02;5.721336e-03;2.758999e-02;1.514462e-03;7.144640e+00;-1.435547e-01;1.106853e+01;7.608398e-01;2.793736e+01;5.455078e-01;4.820954e+01;9.761719e-01;5.192323e-02;1.747080e-03;1.361566e+01;4.422747e-01;7.000962e-02;6.186591e-03;1.392320e+04;3.893989e+02;2.067203e-01;-1.177864e-02;6.802461e+00;-3.187324e-01;2.726432e-02;-1.293066e-03;1.101791e-02;3.609621e-04;4.178625e-02;9.955426e-04;4.011536e-01;1.578531e-02;8.228391e-01;-6.190666e-02;9.536229e-01;-1.183648e-02;1.057311e+00;4.865742e-02;1.117426e+00;7.148775e-02;1.199657e+00;1.308232e-02;1.472479e+00;-1.386128e-01;1.383006e+00;-3.693655e-02;1.681073e+00;1.005820e-01;1.542810e+00;1.086948e-01;1.716683e+00;8.219889e-03;1.914633e+00;5.766516e-03;1.123253e+00;9.458051e-02;1.174351e+00;1.211759e-02
124.500000;2.651609e+01;1.053006e+02;1.734411e-02;7.550207e-01;1.067408e-01;9.823071e-02;8.205801e-02;9.131082e-02;9.357744e-02;1.898290e-01;1.508629e+00;4.543190e+00;1.881323e-01;2.000293e+00;1.089040e-01;1.032122e+00;1.403950e-02;8.899288e-02;4.264759e-03;2.848325e-02;2.946683e-02;1.308991e-01;3.402772e-02;2.770238e-01;5.734596e-02;4.402402e-01;5.093375e-02;5.533971e-01;1.034365e-01;7.053660e-01;6.798669e-02;7.715731e-01;5.884366e-02;8.411624e-01;1.116427e-01;9.147183e-01;1.414411e-01;9.864691e-01;1.611770e-01;1.078197e+00;1.950859e-01;1.211727e+00;2.743062e-01;1.296467e+00;2.680755e-01;1.292703e+00;1.870541e-01;1.276021e+00;2.154608e-01;1.408011e+00;1.762947e-01;1.487340e+00;3.403222e-01;1.540501e+00;3.470680e-01;1.492449e+00;3.861446e-01;1.542221e+00;2.589028e-01;1.492857e+00;2.104334e-01;1.441273e+00;1.719834e-01;1.292241e+00;1.147497e-01;1.096143e+00;1.393148e-01;9.447079e-01;9.176640e-02;7.506912e-01;5.752136e-02;5.707691e-01;3.923946e-01;1.281758e+00;1.130412e-01;2.736013e-01;3.055355e+01;1.864775e+02;3.893985e+01;2.783525e+02;1.000048e+02;4.811953e+02;2.180777e+02;1.007180e+03;1.512892e-01;8.254784e-01;6.118242e+01;4.480653e+02;2.026364e-01;3.974978e+00;5.812897e+04;2.449604e+05;5.440804e-01;3.382733e+00;1.155791e+01;2.939965e+01;1.253313e-01;-3.883932e-01;4.938828e-02;4.233589e-01;1.543788e-01;6.794289e-01;2.039951e+00;3.844980e+01;2.543709e+00;-1.607009e+01;3.145937e+00;1.802038e+01;4.205163e+00;2.257393e+00;4.635867e+00;-4.460803e+00;4.909684e+00;-1.101290e+00;5.467565e+00;-2.709333e+00;7.631310e+00;-2.479737e+00;5.837572e+00;-9.717370e-01;5.803075e+00;-3.768151e+00;4.600595e+00;-2.971850e+00;6.731693e+00;-1.097593e+01;4.372641e+00;-4.918078e+00;3.951635e+00;-1.876316e+00;7.611133e-05;-1.423915e-05;1.230003e-07;-5.460896e-09;8.547553e-07;-1.241756e-07;7.449019e-07;-1.424905e-08;8.535548e-07;-3.043588e-08;1.327418e-05;4.674638e-07;5.173603e-02;3.914130e-03;2.826583e-02;-3.510533e-04;2.583183e-03;2.570413e-04;9.191007e-04;1.763665e-06;5.755225e-03;-2.368280e-04;8.219941e-03;2.148457e-04;1.349947e-02;1.338352e-03;1.444776e-02;1.010608e-03;2.758281e-02;-1.910488e-04;1.492411e-02;-3.117015e-05;1.484811e-02;-7.241289e-04;3.941417e-02;8.086509e-04;5.119514e-02;1.570991e-03;4.577779e-02;-1.005518e-03;5.200464e-02;-1.692409e-03;7.997715e-02;4.072986e-03;6.311675e-02;2.120965e-03;4.911068e-02;-6.870006e-04;6.913402e-02;1.995634e-03;5.939824e-02;6.084077e-04;8.054037e-02;-3.045157e-03;9.305787e-02;-1.780276e-03;9.237620e-02;-2.915234e-03;6.176099e-02;-2.309717e-03;5.330588e-02;-1.992224e-03;5.434600e-02;-2.214948e-03;3.595578e-02;-5.466425e-04;3.590689e-02;4.305966e-04;2.715226e-02;-1.794628e-03;1.520381e-02;-2.132475e-03;9.230044e-02;7.824459e-03;3.200846e-02;1.574892e-03;6.825056e+00;6.029297e-01;1.169949e+01;-2.871094e-01;2.794779e+01;-1.378125e+00;6.010502e+01;1.464258e+00;4.759812e-02;4.698490e-03;1.412512e+01;2.894576e-01;6.379770e-02;-1.358962e-03;1.540086e+04;2.825301e+02;1.819511e-01;-1.208904e-02;3.951079e+00;-3.454958e-01;2.638630e-02;-1.902347e-03;1.108585e-02;1.739911e-04;3.882938e-02;3.146842e-03;4.495199e-01;2.819735e-02;8.093949e-01;-9.177290e-02;9.690285e-01;3.062445e-02;1.173520e+00;5.745997e-02;1.360779e+00;1.017433e-01;1.139335e+00;-1.781393e-01;1.511194e+00;-7.411888e-02;1.509874e+00;-1.666375e-01;1.612502e+00;5.549210e-02;1.823883e+00;-6.984919e-02;1.475396e+00;-6.226160e-02;1.792678e+00;-2.446807e-01;1.232229e+00;1.357643e-01;1.237688e+00;3.625673e-02
125.000000;6.308738e+01;1.211869e+02;1.802083e-02;7.387788e-01;1.125230e-01;1.231291e-01;9.118488e-02;9.440567e-02;1.218213e-01;2.014573e-01;1.484673e+01;1.466706e+00;1.577013e-01;2.012193e+00;9.841704e-02;9.891186e-01;1.574267e-02;1.004354e-01;4.214372e-03;2.506551e-02;1.622274e-02;1.255922e-01;2.652048e-02;2.767095e-01;5.435510e-02;4.343810e-01;6.647035e-02;5.407455e-01;1.317059e-01;6.754288e-01;1.317954e-01;7.682528e-01;7.165457e-02;8.324091e-01;1.350797e-01;9.462171e-01;1.359683e-01;1.043091e+00;1.213236e-01;1.039220e+00;1.328991e-01;1.052497e+00;1.926489e-01;1.169595e+00;1.453760e-01;1.209798e+00;1.111596e-01;1.232508e+00;1.980629e-01;1.326643e+00;1.521078e-01;1.379569e+00;2.389321e-01;1.397460e+00;2.192206e-01;1.415003e+00;2.969890e-01;1.439080e+00;3.156123e-01;1.432944e+00;3.482394e-01;1.371545e+00;1.980913e-01;1.213256e+00;1.886584e-01;1.094489e+00;2.310328e-01;9.441437e-01;1.663608e-01;7.589598e-01;1.077655e-01;5.975473e-01;1.034311e+00;1.819630e+00;6.284969e-02;2.546300e-01;3.170544e+01;1.993975e+02;3.357339e+01;2.658633e+02;7.813847e+01;4.227686e+02;2.031052e+02;8.712334e+02;2.621771e-01;1.004749e+00;4.948085e+01;4.127140e+02;3.700792e-01;3.661090e+00;4.766004e+04;1.948446e+05;9.873584e-01;3.897390e+00;2.264601e+01;3.986682e+01;1.674376e-01;-4.814146e-01;4.016987e-02;3.993809e-01;4.139585e-01;9.292309e-01;2.084677e+00;3.876693e+01;3.632964e+00;-1.386800e+01;2.901333e+00;1.601392e+01;4.009913e+00;2.946761e+00;4.165238e+00;-4.339976e+00;5.713766e+00;-2.353710e+00;5.893012e+00;-8.287407e-02;4.245233e+00;-6.521318e+00;7.010509e+00;-2.974097e+00;9.243244e+00;-8.645876e+00;4.868602e+00;-2.964436e+00;5.207217e+00;-1.328398e+01;3.636443e+00;-1.738093e+00;6.159730e+00;-3.874090e+00;2.224995e-04;3.331641e-05;1.259318e-07;-9.972662e-09;8.177599e-07;-5.257233e-08;9.029681e-07;-2.692553e-08;1.167690e-06;2.312166e-08;1.529642e-04;-3.700800e-07;4.166223e-02;-1.848289e-03;2.609107e-02;-5.618618e-04;2.926725e-03;1.321866e-05;8.972427e-04;-3.313178e-05;3.639997e-03;-1.273585e-04;7.052534e-03;1.056594e-04;1.166187e-02;-2.042285e-04;1.571495e-02;-3.180356e-04;3.546876e-02;1.662226e-04;2.884748e-02;-1.853364e-03;1.985208e-02;-2.123344e-03;4.353681e-02;4.970234e-05;4.059820e-02;-7.911683e-04;3.856073e-02;-2.477097e-03;4.046066e-02;-7.284467e-04;7.748110e-02;-2.948965e-03;5.251882e-02;1.677964e-03;2.936348e-02;8.828467e-04;6.597168e-02;-2.146266e-03;4.686020e-02;-1.569484e-03;6.409745e-02;1.779651e-03;6.436174e-02;2.033754e-03;8.303432e-02;9.784215e-04;8.386993e-02;-3.459693e-04;1.016150e-01;-3.676740e-03;5.625856e-02;-5.802285e-04;4.989688e-02;-3.968471e-04;6.282515e-02;-1.110016e-03;4.329354e-02;-1.086011e-03;2.745803e-02;2.009435e-04;2.018152e-01;-2.157925e-03;2.381927e-02;-6.384687e-04;6.692959e+00;3.301758e-01;9.582488e+00;-4.593750e-01;2.126372e+01;-8.326172e-01;6.178975e+01;-5.167969e-01;7.072932e-02;2.221180e-03;1.243561e+01;-3.902790e-01;6.362951e-02;-6.047387e-03;1.251803e+04;-3.875896e+02;2.701470e-01;4.568758e-03;6.864595e+00;3.608586e-02;3.464359e-02;-2.371540e-04;9.948804e-03;-3.337357e-04;9.532011e-02;9.757223e-04;5.834296e-01;5.646870e-03;1.028632e+00;3.077061e-03;8.058792e-01;2.696632e-03;1.410145e+00;4.165300e-02;1.394217e+00;-1.626193e-03;1.153565e+00;1.631759e-02;1.730095e+00;4.802136e-02;1.602299e+00;-8.457134e-02;1.811246e+00;-1.320353e-01;1.785216e+00;-1.666688e-01;1.489793e+00;-1.649138e-02;1.471650e+00;6.073162e-02;1.380002e+00;3.530857e-02;1.712458e+00;1.772690e-05
125.500000;7.323635e+01;1.254321e+02;1.681519e-02;7.296625e-01;1.154720e-01;1.200605e-01;1.073242e-01;1.135425e-01;1.324311e-01;1.903469e-01;1.571988e+01;2.783172e-01;1.889404e-01;1.911850e+00;1.006422e-01;9.824231e-01;1.586861e-02;1.038694e-01;4.457254e-03;2.222474e-02;9.595782e-03;1.284809e-01;2.526580e-02;2.831967e-01;6.430342e-02;4.274100e-01;7.139897e-02;5.513182e-01;1.277059e-01;6.775208e-01;1.335914e-01;7.633207e-01;8.282214e-02;8.361011e-01;1.224896e-01;9.294104e-01;1.680269e-01;1.008172e+00;1.530424e-01;1.031456e+00;1.321169e-01;1.051849e+00;1.935366e-01;1.134365e+00;1.650372e-01;1.260531e+00;2.308155e-01;1.312383e+00;2.274993e-01;1.308517e+00;1.762076e-01;1.333496e+00;2.171921e-01;1.373254e+00;3.850031e-01;1.498412e+00;2.604409e-01;1.441252e+00;3.159195e-01;1.397362e+00;3.603624e-01;1.298435e+00;1.890472e-01;1.202827e+00;1.842787e-01;1.055523e+00;2.366171e-01;8.976120e-01;1.647824e-01;7.279328e-01;1.069386e-01;6.128591e-01;1.072436e+00;1.912205e+00;6.843451e-02;2.103237e-01;2.069180e+01;2.055703e+02;2.458770e+01;2.451914e+02;7.937367e+01;3.700840e+02;2.115996e+02;7.572510e+02;3.484989e-01;1.073866e+00;5.083045e+01;3.774439e+02;3.202293e-01;3.348445e+00;5.379206e+04;1.584945e+05;1.197940e+00;4.626972e+00;3.757451e+01;6.207643e+01;1.700160e-01;-5.201125e-01;4.017289e-02;3.713794e-01;4.084536e-01;1.005643e+00;2.762327e+00;4.018203e+01;3.634987e+00;-1.257942e+01;3.140144e+00;1.504746e+01;4.881186e+00;5.301889e+00;5.449251e+00;-6.166940e+00;6.033966e+00;-2.714543e+00;6.551772e+00;-1.033871e+00;4.568224e+00;-5.019900e+00;5.783920e+00;-6.218207e+00;5.439174e+00;-1.529592e+01;6.460305e+00;-5.122508e+00;8.126501e+00;-1.120381e+01;5.486194e+00;-4.545592e+00;6.620430e+00;-3.753677e+00;3.536325e-04;1.663806e-05;1.084937e-07;1.780477e-09;7.615329e-07;-1.158967e-07;9.095012e-07;-7.781662e-08;1.135326e-06;-8.791891e-08;1.651123e-04;-1.416670e-07;4.049753e-02;-1.672497e-03;2.613005e-02;3.705049e-04;2.927110e-03;8.849061e-06;9.075712e-04;-5.278406e-05;3.294772e-03;2.468680e-04;6.437438e-03;6.037195e-06;1.101543e-02;-6.064822e-04;1.515535e-02;3.975801e-04;3.365407e-02;-4.196528e-04;3.195461e-02;2.016690e-04;2.536818e-02;1.580989e-03;3.687547e-02;-8.094536e-04;4.412441e-02;-2.653279e-04;3.807488e-02;1.654284e-03;3.848885e-02;1.298334e-03;7.418200e-02;-2.898849e-03;6.251606e-02;6.157425e-04;5.755936e-02;2.450954e-03;7.157415e-02;-3.375257e-03;5.766870e-02;6.262183e-04;6.165157e-02;4.082270e-03;9.733685e-02;1.353577e-03;8.402056e-02;2.318156e-04;8.026680e-02;-1.010790e-04;9.733704e-02;2.431989e-04;5.655281e-02;1.710019e-03;4.936069e-02;-4.609667e-05;6.083796e-02;5.762042e-04;3.934547e-02;3.701425e-04;2.805270e-02;5.094087e-04;1.986963e-01;4.254123e-04;2.099126e-02;-7.751205e-04;5.282423e+00;-2.009766e-01;5.659333e+00;-4.019531e-01;1.734057e+01;-1.062305e+00;5.956273e+01;-3.560156e+00;8.540873e-02;1.053374e-03;1.198473e+01;-9.857525e-01;5.947015e-02;-4.763167e-03;1.312596e+04;-7.062623e+02;3.271857e-01;1.995466e-02;1.084886e+01;5.594240e-01;3.398181e-02;-4.625833e-04;9.013597e-03;-8.271406e-04;9.712001e-02;-6.350276e-05;5.408404e-01;1.332735e-02;1.113158e+00;3.902427e-02;1.052520e+00;2.273930e-02;1.261384e+00;5.398539e-02;1.495671e+00;-5.222649e-02;1.608543e+00;4.366830e-02;2.044338e+00;-1.035044e-02;1.661136e+00;2.153536e-02;1.973372e+00;7.845145e-02;1.579843e+00;-9.076471e-02;1.914130e+00;-9.994574e-02;1.885635e+00;1.733647e-01;1.378187e+00;-6.630325e-02;1.821232e+00;-1.105176e-01
126.000000;4.000222e+01;1.005514e+02;2.048047e-02;7.413664e-01;8.146361e-02;7.375919e-02;8.766080e-02;8.295166e-02;1.497031e-01;2.181601e-01;6.206450e+00;3.979310e+00;1.291727e-01;1.712020e+00;5.704820e-02;9.602028e-01;1.205195e-02;9.639028e-02;4.201136e-03;2.146132e-02;1.084002e-02;1.263797e-01;1.540874e-02;2.742336e-01;5.305625e-02;4.137113e-01;6.267724e-02;5.634241e-01;9.053815e-02;6.715316e-01;1.019169e-01;7.596614e-01;1.134316e-01;8.271185e-01;9.614081e-02;8.390626e-01;1.571563e-01;9.081935e-01;1.530871e-01;9.978250e-01;1.248528e-01;1.100960e+00;2.147244e-01;1.195970e+00;1.770030e-01;1.229657e+00;2.536435e-01;1.259696e+00;2.575080e-01;1.284222e+00;1.688589e-01;1.338909e+00;2.090901e-01;1.402521e+00;4.429923e-01;1.461322e+00;1.809825e-01;1.419902e+00;1.245646e-01;1.349938e+00;1.230631e-01;1.224407e+00;1.069467e-01;1.189166e+00;7.147089e-02;1.031759e+00;8.125569e-02;8.351911e-01;6.048555e-02;6.861571e-01;5.501937e-02;5.743566e-01;6.333946e-01;1.543283e+00;4.407107e-02;1.634416e-01;1.426546e+01;1.945166e+02;1.341987e+01;2.341377e+02;5.776466e+01;3.270176e+02;1.971147e+02;6.373828e+02;3.818069e-01;9.977727e-01;4.013642e+01;3.467627e+02;2.802770e-01;3.198891e+00;5.005539e+04;1.379454e+05;1.031565e+00;4.935223e+00;3.492594e+01;6.905833e+01;1.257046e-01;-4.528283e-01;2.994737e-02;3.442244e-01;2.779935e-01;8.062921e-01;1.341392e+00;4.244539e+01;2.554572e+00;-1.343726e+01;3.535856e+00;1.640900e+01;4.758820e+00;1.033789e+01;5.223408e+00;-6.464122e+00;5.345870e+00;-4.876417e+00;6.952889e+00;-5.473931e+00;6.313424e+00;-8.139027e+00;1.000986e+01;-3.532247e+00;5.740414e+00;-1.554823e+01;6.650801e+00;-8.039836e+00;8.529174e+00;-8.383459e+00;3.983627e+00;-7.935000e+00;4.863053e+00;-2.293217e+00;2.741562e-04;-1.509791e-05;6.285642e-08;1.023926e-08;5.240854e-07;-6.488700e-08;5.821000e-07;-4.793223e-08;1.034969e-06;-8.777376e-08;6.293877e-05;7.249475e-07;2.701623e-02;-2.596880e-03;1.548881e-02;5.247518e-04;1.397879e-03;-2.164842e-04;9.903667e-04;2.292769e-05;2.402300e-03;-6.565266e-05;2.880810e-03;-3.514629e-04;8.820701e-03;-4.123793e-04;1.276592e-02;-5.341282e-04;2.127472e-02;2.800655e-04;2.253756e-02;2.292125e-03;2.689743e-02;7.106609e-04;3.313952e-02;-1.794393e-03;4.876915e-02;-1.580331e-03;3.390595e-02;8.329784e-04;3.227746e-02;2.811969e-03;6.213039e-02;7.249088e-03;5.752095e-02;-1.127038e-03;5.937220e-02;-1.760430e-03;7.168553e-02;-4.140366e-04;5.862290e-02;6.260488e-04;5.386413e-02;1.135674e-03;1.081873e-01;-5.150142e-04;7.601598e-02;2.275096e-04;4.025452e-02;5.624989e-04;3.899943e-02;1.534108e-03;4.200348e-02;5.127305e-05;3.217132e-02;7.937459e-04;2.869934e-02;1.573491e-03;1.581628e-02;1.260779e-03;1.576432e-02;2.564071e-04;8.476057e-02;-3.365569e-03;1.548907e-02;5.598136e-04;3.673289e+00;-7.177734e-02;3.462734e+00;5.742187e-02;1.404651e+01;5.885742e-01;5.441495e+01;2.713184e+00;8.857227e-02;-1.614427e-03;1.046637e+01;7.421535e-01;5.355503e-02;1.192284e-03;1.218787e+04;6.958989e+02;3.083160e-01;-1.349084e-02;1.124837e+01;-1.881433e-01;1.500292e-02;1.864446e-03;7.759142e-03;5.623485e-04;4.941528e-02;-3.418157e-03;4.183884e-01;1.335049e-02;8.581524e-01;-2.564165e-02;1.061144e+00;-1.018000e-02;1.112085e+00;8.622707e-02;1.674344e+00;1.056385e-03;1.757539e+00;-9.372685e-02;1.998268e+00;-2.259748e-01;1.547833e+00;-5.358122e-02;1.973355e+00;3.183100e-01;1.530002e+00;1.784576e-01;2.112045e+00;-1.330462e-01;2.033262e+00;-9.472071e-02;1.225993e+00;-2.673208e-02;1.559497e+00;2.522448e-02
126.500000;1.702363e+00;9.813166e+01;1.686366e-02;7.478655e-01;9.580846e-02;1.109148e-01;7.463244e-02;7.818307e-02;1.423074e-01;1.990198e-01;1.963030e+00;5.174321e+00;1.176743e-01;1.574153e+00;6.617153e-02;9.784369e-01;1.343864e-02;8.316982e-02;4.096227e-03;2.240615e-02;1.289724e-02;1.290287e-01;1.636464e-02;2.589629e-01;4.847170e-02;4.096387e-01;5.823669e-02;5.537596e-01;8.546137e-02;6.677788e-01;9.412374e-02;7.340314e-01;1.245364e-01;8.050346e-01;1.914423e-01;8.648669e-01;2.310880e-01;9.758145e-01;1.711209e-01;1.064347e+00;1.501007e-01;1.129194e+00;2.431453e-01;1.185213e+00;1.870341e-01;1.221641e+00;2.070476e-01;1.262110e+00;2.691467e-01;1.291102e+00;2.362091e-01;1.345076e+00;3.133719e-01;1.443366e+00;5.081441e-01;1.513704e+00;2.322810e-01;1.462189e+00;2.037565e-01;1.446439e+00;1.201039e-01;1.316662e+00;1.034565e-01;1.182502e+00;1.299247e-01;1.054211e+00;6.113070e-02;8.464808e-01;4.823144e-02;7.046942e-01;4.423239e-02;5.715123e-01;5.609342e-01;1.181123e+00;3.937044e-02;1.557208e-01;1.730057e+01;1.972441e+02;1.789488e+01;2.395928e+02;5.906556e+01;3.306064e+02;2.562622e+02;7.167686e+02;3.207040e-01;8.682065e-01;4.941268e+01;3.596827e+02;3.358586e-01;3.300535e+00;5.916176e+04;1.516660e+05;1.023061e+00;4.340277e+00;2.642499e+01;5.073928e+01;1.226011e-01;-3.351114e-01;3.756695e-02;3.539684e-01;2.792846e-01;5.994972e-01;1.511286e+00;4.263218e+01;3.150344e+00;-1.485181e+01;5.058957e+00;1.725360e+01;3.995239e+00;1.210842e+01;6.348932e+00;-2.450574e+00;5.965929e+00;-4.031549e+00;6.394188e+00;-1.149390e+01;6.371068e+00;-1.218274e+01;1.090452e+01;-1.812234e+00;6.494428e+00;-1.368404e+01;7.365798e+00;-4.590348e+00;8.063357e+00;-3.668409e+00;4.019967e+00;-8.284675e+00;5.373994e+00;-3.103416e+00;1.598967e-05;-7.054102e-07;8.057108e-08;1.047200e-09;5.372962e-07;2.321867e-08;7.023572e-07;2.190605e-08;1.087185e-06;7.595230e-09;1.237905e-05;1.125384e-07;2.784104e-02;-2.858902e-03;1.769458e-02;1.581669e-04;1.008446e-03;-3.323539e-04;1.045263e-03;8.604181e-05;2.325948e-03;-8.211419e-05;2.347601e-03;-5.978976e-04;8.938299e-03;-5.562051e-04;1.149726e-02;-6.001397e-04;2.061608e-02;2.720637e-04;2.104490e-02;-1.840124e-03;2.468981e-02;1.236631e-03;4.663812e-02;5.214150e-03;5.793924e-02;-2.515340e-03;3.616728e-02;-3.067698e-03;2.996593e-02;-4.674231e-04;6.993215e-02;5.566708e-03;4.928316e-02;-2.154043e-03;5.653909e-02;-1.545210e-03;7.101132e-02;1.943117e-03;6.745653e-02;-4.960257e-04;8.292208e-02;8.492418e-05;1.237077e-01;3.783681e-03;8.404808e-02;1.489234e-03;6.684212e-02;-7.613174e-04;4.610802e-02;2.812748e-04;3.510231e-02;-5.194711e-04;4.462947e-02;7.776123e-04;2.410106e-02;-7.714703e-04;1.707773e-02;-2.443052e-04;1.464309e-02;-3.182825e-04;5.760355e-02;-9.285999e-03;1.301029e-02;-1.126477e-04;4.353851e+00;-5.742187e-02;3.978796e+00;5.885742e-01;1.329549e+01;1.894922e+00;6.486492e+01;6.818848e+00;7.259486e-02;-4.510730e-03;1.115888e+01;1.340046e+00;5.665559e-02;5.717230e-03;1.286791e+04;1.308198e+03;2.700996e-01;-2.633322e-02;8.529837e+00;-6.615890e-01;1.022656e-02;2.703665e-03;8.533742e-03;1.016721e-03;4.518740e-02;-4.286547e-03;4.086796e-01;-4.997903e-03;9.254531e-01;-7.720190e-02;1.331328e+00;3.259657e-02;1.129916e+00;8.293885e-03;1.830377e+00;5.043199e-02;1.686937e+00;1.189292e-02;1.866143e+00;-7.057738e-02;1.930024e+00;-3.863965e-02;2.335607e+00;1.232299e-01;1.701699e+00;4.281871e-02;1.903820e+00;-3.091930e-02;1.906120e+00;2.700352e-02;1.369647e+00;4.442565e-02;1.634525e+00;1.986382e-01
127.000000;3.566168e+01;1.087388e+02;1.497902e-02;7.442633e-01;1.132572e-01;1.281265e-01;1.155378e-01;1.077294e-01;1.022153e-01;1.727526e-01;1.514979e+00;5.065273e+00;2.042526e-01;1.617789e+00;9.949156e-02;1.029379e+00;1.571439e-02;7.587031e-02;4.697169e-03;2.539934e-02;2.634480e-02;1.360969e-01;4.052648e-02;2.705931e-01;6.818467e-02;4.243967e-01;4.246109e-02;5.495264e-01;7.175269e-02;6.943353e-01;8.661947e-02;7.463670e-01;1.767295e-01;8.727552e-01;2.324791e-01;1.018534e+00;2.804221e-01;1.141349e+00;1.749419e-01;1.176151e+00;1.641575e-01;1.162815e+00;2.933572e-01;1.178037e+00;1.803318e-01;1.210691e+00;2.209197e-01;1.330246e+00;2.741268e-01;1.369899e+00;2.984974e-01;1.387298e+00;3.584119e-01;1.504856e+00;4.641662e-01;1.576113e+00;3.259815e-01;1.539715e+00;4.123210e-01;1.537430e+00;2.409760e-01;1.424059e+00;1.662118e-01;1.257206e+00;1.528629e-01;1.077951e+00;7.693920e-02;8.577429e-01;5.931792e-02;7.328601e-01;4.100934e-02;5.868400e-01;2.856867e-01;8.019413e-01;1.071707e-01;2.292089e-01;2.018514e+01;1.971006e+02;2.992659e+01;2.553838e+02;1.805036e+02;4.652607e+02;2.646901e+02;1.003447e+03;1.863968e-01;7.344283e-01;7.488676e+01;4.235535e+02;3.108773e-01;3.627817e+00;6.758195e+04;1.971890e+05;8.911402e-01;3.228939e+00;1.927864e+01;3.187444e+01;1.231230e-01;-2.780087e-01;5.918969e-02;4.059520e-01;3.175916e-01;5.626648e-01;1.951630e+00;4.292192e+01;4.314676e+00;-1.801163e+01;5.673318e+00;1.586733e+01;6.351223e+00;8.210380e+00;6.937063e+00;2.127122e+00;7.362898e+00;2.448338e+00;7.591982e+00;-1.256118e+01;6.306880e+00;-1.218046e+01;9.701559e+00;-3.251719e+00;5.025064e+00;-1.141903e+01;5.390433e+00;-1.462653e+00;5.794098e+00;1.627954e+00;5.111893e+00;-7.987370e+00;6.170382e+00;-1.814537e+00;2.577066e-04;1.596803e-07;1.276760e-07;3.726022e-09;7.131017e-07;-1.007929e-08;8.728666e-07;-3.965572e-09;8.984447e-07;2.088202e-08;1.365478e-05;2.393467e-07;3.137323e-02;2.632332e-03;2.117755e-02;5.290912e-05;2.437042e-03;1.915285e-04;9.978076e-04;-3.413958e-05;5.987113e-03;3.952851e-04;9.128228e-03;5.087110e-04;1.099480e-02;1.077740e-03;1.164883e-02;1.043333e-03;1.794309e-02;-1.861061e-04;2.209733e-02;-3.598639e-04;3.587398e-02;2.281435e-03;5.316735e-02;2.268419e-03;5.704386e-02;3.066815e-03;3.139739e-02;1.529335e-03;2.977123e-02;-4.484148e-03;8.319738e-02;-6.422407e-03;5.388706e-02;-1.566038e-03;5.787498e-02;1.825438e-03;7.653474e-02;-2.147460e-03;7.852270e-02;-2.164773e-03;8.594700e-02;-2.051275e-03;1.119733e-01;-4.423884e-04;8.473394e-02;-7.338322e-04;9.855992e-02;6.238225e-04;5.349198e-02;1.337394e-03;4.287437e-02;1.324729e-03;5.273029e-02;1.738978e-03;2.557291e-02;1.345319e-03;1.867343e-02;1.066021e-03;1.456676e-02;5.011529e-04;4.595653e-02;1.996982e-03;1.701751e-02;8.566462e-04;6.331071e+00;-1.435547e-01;8.079158e+00;-1.148437e-01;4.977309e+01;5.742187e-02;6.584276e+01;-2.153320e-01;5.009576e-02;-1.008076e-03;1.884581e+01;-5.908647e-01;6.904244e-02;1.293347e-03;1.586546e+04;-7.464240e+02;2.165641e-01;4.198330e-03;5.626571e+00;1.584471e-01;1.914848e-02;-1.637138e-03;1.498225e-02;-4.010738e-04;6.785104e-02;3.755866e-03;5.055505e-01;2.570423e-02;1.043589e+00;2.121779e-02;1.406594e+00;-2.067981e-02;1.372093e+00;-1.479518e-01;1.729864e+00;9.573029e-02;1.637975e+00;1.910295e-01;2.001288e+00;1.410149e-01;1.977686e+00;4.595797e-02;2.334369e+00;-2.340896e-01;1.628154e+00;-1.448330e-01;1.514673e+00;1.408178e-01;1.612172e+00;1.969733e-01;1.570443e+00;1.669822e-03;1.544462e+00;-5.401281e-02
127.500000;3.613196e+01;1.072167e+02;2.294865e-02;7.669461e-01;9.294993e-02;6.134062e-02;1.093442e-01;6.904731e-02;1.006604e-01;2.085159e-01;1.681748e+00;6.200885e+00;1.943295e-01;1.789386e+00;9.839436e-02;1.034561e+00;1.948535e-02;8.987606e-02;4.693943e-03;2.450995e-02;2.723110e-02;1.350573e-01;3.319569e-02;2.920377e-01;6.201123e-02;4.440217e-01;5.462789e-02;5.684882e-01;6.866443e-02;7.013747e-01;1.012044e-01;8.272129e-01;1.442287e-01;9.254761e-01;1.634916e-01;1.032885e+00;2.744653e-01;1.061216e+00;2.060782e-01;1.085976e+00;1.465735e-01;1.158978e+00;2.292185e-01;1.247406e+00;1.500411e-01;1.177514e+00;2.583719e-01;1.270476e+00;2.556356e-01;1.306517e+00;2.189192e-01;1.370108e+00;3.495594e-01;1.530727e+00;2.510350e-01;1.490481e+00;4.609827e-01;1.596422e+00;6.173955e-01;1.633140e+00;2.664395e-01;1.420513e+00;1.711570e-01;1.285489e+00;1.296317e-01;1.103842e+00;8.429701e-02;8.939940e-01;6.425966e-02;7.461687e-01;4.448267e-02;5.930723e-01;5.002516e-01;1.081272e+00;9.207864e-02;2.599035e-01;1.684185e+01;1.874824e+02;3.047791e+01;2.505029e+02;1.746226e+02;4.687061e+02;2.790764e+02;9.287988e+02;1.594837e-01;7.494510e-01;7.720486e+01;4.091358e+02;2.798510e-01;3.627931e+00;6.200313e+04;1.799416e+05;1.198017e+00;3.624434e+00;2.886848e+01;4.179469e+01;1.585881e-01;-3.966241e-01;6.122886e-02;3.960853e-01;3.983764e-01;8.063160e-01;1.946168e+00;4.394070e+01;4.193733e+00;-1.732294e+01;5.383123e+00;1.677306e+01;7.435616e+00;5.294670e-01;4.647209e+00;3.074526e+00;6.420446e+00;7.832927e+00;8.646731e+00;-1.385725e+01;5.305203e+00;-9.190080e+00;9.822701e+00;5.263886e-01;4.155879e+00;-1.089679e+01;5.624327e+00;-4.926946e+00;8.278658e+00;-2.479709e+00;5.054457e+00;-6.166838e+00;5.105049e+00;6.071449e-01;2.573759e-04;-8.869765e-08;1.273664e-07;1.004216e-08;6.206326e-07;-2.872027e-08;6.601584e-07;-2.383092e-08;8.386189e-07;-1.779789e-08;1.139687e-05;8.904827e-07;3.336194e-02;2.687562e-03;2.174893e-02;-5.511935e-04;2.680094e-03;5.240114e-04;8.729981e-04;-1.181658e-04;6.088820e-03;-9.874067e-05;9.528953e-03;7.258863e-04;1.214280e-02;1.268039e-03;1.564541e-02;3.071735e-05;1.735594e-02;2.334742e-04;2.548611e-02;2.326917e-03;3.631696e-02;-3.597453e-03;4.111653e-02;-6.896737e-03;3.813083e-02;8.456530e-04;3.186747e-02;-3.764502e-04;3.174545e-02;-8.465841e-04;6.918604e-02;-3.251613e-03;4.870352e-02;2.408047e-03;5.775425e-02;3.089088e-03;6.427028e-02;-1.125940e-04;5.650041e-02;-2.690800e-05;7.214357e-02;-2.595188e-03;6.214169e-02;-2.450026e-03;1.192745e-01;-5.727345e-04;1.442710e-01;-1.872240e-03;5.758396e-02;-1.299227e-04;4.921827e-02;-1.470206e-03;4.869198e-02;-1.652018e-03;2.666091e-02;5.023860e-04;2.064628e-02;-1.849858e-05;1.464378e-02;2.066859e-04;8.855274e-02;9.379395e-03;1.979398e-02;2.069011e-04;5.838618e+00;-1.291992e-01;8.178574e+00;-5.598633e-01;5.001263e+01;-2.483496e+00;4.891024e+01;-7.751953e+00;4.889274e-02;5.205917e-04;1.791893e+01;-1.597656e+00;7.641698e-02;-8.391336e-03;1.379043e+04;-1.645286e+03;2.579969e-01;2.044939e-02;8.791574e+00;2.878992e-01;2.694577e-02;-3.447362e-03;1.449779e-02;-1.221875e-03;8.598635e-02;1.015433e-02;5.259974e-01;4.329343e-02;9.559253e-01;5.815005e-02;1.096292e+00;1.576726e-02;1.593319e+00;-5.278592e-02;1.284946e+00;7.999702e-03;1.400699e+00;3.691600e-02;2.041055e+00;-1.171306e-01;1.529796e+00;1.389919e-02;1.706972e+00;-2.297096e-02;1.263305e+00;-1.638002e-02;1.486529e+00;1.798514e-02;1.561342e+00;-4.421472e-02;1.369919e+00;-4.895492e-02;1.234466e+00;-1.892042e-01
128.000000;4.376799e+01;1.110923e+02;2.386615e-02;7.695403e-01;1.108766e-01;8.417773e-02;1.064814e-01;7.571756e-02;1.063425e-01;1.976808e-01;1.591164e+00;6.542061e+00;1.909268e-01;1.836088e+00;1.258892e-01;1.005740e+00;8.574273e-03;1.014844e-01;7.968976e-03;2.320106e-02;1.392235e-02;1.351827e-01;2.289144e-02;2.735729e-01;4.155547e-02;4.304047e-01;5.127131e-02;5.644876e-01;6.981388e-02;6.702892e-01;1.358519e-01;7.974845e-01;9.336133e-02;8.336065e-01;9.924945e-02;8.900256e-01;2.463063e-01;9.578245e-01;1.773119e-01;9.918095e-01;1.318158e-01;1.077140e+00;1.627021e-01;1.211085e+00;3.309702e-01;1.262664e+00;7.086967e-01;1.409573e+00;7.728471e-01;1.450625e+00;2.837548e-01;1.395875e+00;3.534624e-01;1.445804e+00;5.299313e-01;1.480151e+00;4.758455e-01;1.492355e+00;6.479219e-01;1.531183e+00;3.037679e-01;1.339614e+00;1.482012e-01;1.220796e+00;1.218619e-01;1.074630e+00;8.947154e-02;8.815097e-01;6.197037e-02;7.340444e-01;4.533889e-02;5.975001e-01;4.154934e-01;1.447240e+00;4.033868e-01;3.126301e-01;1.652813e+01;1.848984e+02;2.246459e+02;2.809365e+02;3.097686e+02;4.095615e+02;3.394217e+02;7.764873e+02;1.952699e-01;8.307438e-01;1.574493e+02;3.843196e+02;2.713300e-01;3.429811e+00;1.219064e+05;1.717780e+05;1.334106e+00;4.195910e+00;4.145187e+01;5.393827e+01;9.355302e-02;-4.817107e-01;1.057595e-01;3.684873e-01;3.324037e-01;9.221939e-01;2.436035e+00;4.474427e+01;4.394415e+00;-1.571457e+01;6.479893e+00;2.042376e+01;9.547850e+00;4.177623e+00;3.198281e+00;5.003595e-01;1.069466e+01;2.744246e+00;7.490085e+00;-1.363614e+01;8.729826e+00;-3.843396e+00;7.520964e+00;2.017077e+00;5.163598e+00;-1.081399e+01;7.122430e+00;-5.828221e+00;9.026796e+00;-4.677009e+00;4.077259e+00;-5.849307e+00;4.658852e+00;1.795025e+00;2.557516e-04;-1.543524e-07;1.121310e-07;5.894388e-10;1.007952e-06;3.686787e-08;1.022413e-06;2.770511e-09;8.566822e-07;-3.151879e-08;1.182557e-05;-3.054945e-08;5.247490e-02;-1.643492e-03;3.556137e-02;6.556124e-04;1.778662e-03;-1.237211e-04;2.121082e-03;2.204586e-05;3.070273e-03;-3.902617e-04;5.548405e-03;-5.389266e-04;1.164617e-02;-1.124219e-03;1.471208e-02;-1.113909e-04;1.905955e-02;-1.868447e-03;3.084781e-02;-3.175494e-03;2.112187e-02;-1.144961e-03;2.578003e-02;-1.279437e-03;5.613965e-02;-7.244989e-04;3.867203e-02;-1.112797e-03;3.153859e-02;-2.567261e-04;5.684020e-02;2.694470e-03;8.347931e-02;2.194224e-03;1.951516e-01;1.821927e-03;2.184616e-01;3.314309e-03;8.114365e-02;3.582273e-03;8.274610e-02;2.786699e-03;1.147354e-01;8.350229e-03;1.262785e-01;3.052928e-03;1.635173e-01;2.396254e-03;9.516065e-02;-6.606717e-04;4.886758e-02;-3.730580e-04;4.131129e-02;3.683040e-04;2.922309e-02;-5.358980e-04;2.109720e-02;-2.965171e-04;1.616658e-02;7.762761e-05;1.132281e-01;-1.866789e-03;1.313212e-01;-1.440215e-03;5.683225e+00;-1.866211e-01;8.585829e+01;-4.306640e-02;1.031589e+02;-9.331055e-01;1.028095e+02;-2.081543e+00;5.181579e-02;2.804862e-04;5.281221e+01;-1.459503e-01;7.904166e-02;-3.131194e-04;3.647662e+04;5.084697e+02;4.014877e-01;3.922241e-03;1.261369e+01;-1.209992e-01;2.405381e-02;1.406049e-03;3.578787e-02;-2.543138e-04;8.307027e-02;-4.225512e-03;6.932604e-01;-2.923034e-02;1.184277e+00;-2.753969e-02;1.506336e+00;9.301412e-02;1.598604e+00;1.032311e-01;1.095839e+00;-8.628105e-02;2.206234e+00;-4.601194e-02;1.773168e+00;-2.118680e-02;2.442134e+00;5.464928e-02;1.924300e+00;3.537139e-02;1.598528e+00;-3.964785e-02;2.060124e+00;-5.760635e-02;2.088036e+00;4.933923e-04;1.199065e+00;1.335489e-02;1.417646e+00;1.031917e-01
128.500000;4.329378e+01;1.123694e+02;2.011860e-02;7.546952e-01;1.231763e-01;1.448726e-01;1.090546e-01;1.023950e-01;9.651696e-02;1.829496e-01;1.395172e+00;6.008084e+00;2.834755e-01;1.599923e+00;1.284449e-01;9.672463e-01;1.124945e-02;9.638394e-02;9.149610e-03;2.078861e-02;1.033276e-02;1.347741e-01;2.176388e-02;2.671181e-01;5.163042e-02;4.271460e-01;3.252957e-02;5.512305e-01;6.634492e-02;6.451982e-01;1.356193e-01;7.325864e-01;6.907349e-02;7.844103e-01;8.136037e-02;8.293009e-01;2.647819e-01;9.533104e-01;2.179118e-01;9.798369e-01;9.996754e-02;1.019995e+00;2.093467e-01;1.106165e+00;3.405597e-01;1.210851e+00;7.049109e-01;1.349815e+00;7.748485e-01;1.446023e+00;3.056144e-01;1.371316e+00;2.655660e-01;1.317928e+00;5.727203e-01;1.445645e+00;2.912604e-01;1.383042e+00;4.069351e-01;1.351900e+00;2.986358e-01;1.345954e+00;1.292411e-01;1.211220e+00;1.311332e-01;1.060534e+00;9.937760e-02;8.916613e-01;7.014098e-02;7.352564e-01;5.058045e-02;5.961856e-01;4.846168e-01;1.317348e+00;4.254104e-01;2.414272e-01;2.208830e+01;1.744189e+02;2.272192e+02;2.706006e+02;3.195623e+02;3.627627e+02;4.029542e+02;6.129785e+02;2.892075e-01;8.236170e-01;1.727543e+02;3.386076e+02;3.317171e-01;3.196612e+00;1.349035e+05;1.419560e+05;2.682546e+00;5.749084e+00;1.282033e+02;1.276140e+02;1.016933e-01;-4.408016e-01;1.197684e-01;3.267344e-01;3.123234e-01;7.831231e-01;2.539791e+00;4.445938e+01;6.792620e+00;-1.248803e+01;5.715366e+00;2.286511e+01;4.918321e+00;1.324257e+01;3.168183e+00;-1.401737e+00;8.002363e+00;-2.614135e+00;5.317966e+00;-9.907808e+00;8.776359e+00;-2.790152e+00;6.304693e+00;-2.645668e-01;5.257229e+00;-1.083836e+01;6.784418e+00;-5.218817e+00;8.074728e+00;-1.783586e+00;4.054594e+00;-6.946422e+00;5.045426e+00;3.339282e+00;2.555883e-04;7.537192e-07;9.642615e-08;-1.725611e-08;1.176618e-06;6.981764e-08;1.136966e-06;1.758576e-08;8.432683e-07;6.105763e-08;1.129099e-05;-5.032003e-08;4.885893e-02;-4.245922e-03;3.430390e-02;4.454230e-04;1.503339e-03;-1.404231e-04;2.096344e-03;-4.950870e-05;2.679965e-03;1.314813e-04;5.338268e-03;-1.391708e-04;9.900079e-03;2.036402e-05;8.473597e-03;2.875417e-04;1.934960e-02;-6.716257e-04;3.060547e-02;-1.077501e-03;1.685320e-02;9.391074e-04;2.405601e-02;1.365260e-03;6.057221e-02;2.963979e-03;4.083110e-02;3.345788e-03;3.282150e-02;6.659771e-04;5.868831e-02;-1.730602e-03;8.089767e-02;-1.610131e-03;1.902473e-01;-2.460871e-03;2.196162e-01;7.692960e-04;8.609056e-02;1.787133e-04;7.326353e-02;1.455746e-03;1.204749e-01;1.729030e-03;8.170354e-02;-2.031209e-03;1.150518e-01;1.919447e-03;1.005187e-01;1.908064e-03;4.385706e-02;1.667689e-03;4.505990e-02;7.033541e-04;3.300610e-02;7.754855e-04;2.264413e-02;3.602236e-04;1.707022e-02;1.155605e-04;8.748236e-02;1.147906e-03;1.306992e-01;-1.190535e-03;5.286244e+00;0;8.583621e+01;-4.306640e-02;1.024415e+02;-2.440430e-01;9.925372e+01;-2.296875e+00;6.441064e-02;-2.096945e-03;5.242892e+01;-7.643737e-01;6.216836e-02;-2.808135e-03;3.588187e+04;-6.307573e+02;4.161944e-01;5.388337e-02;2.150647e+01;2.803734e+00;1.597976e-02;4.052417e-04;3.540509e-02;-6.667929e-04;6.817605e-02;-6.811119e-03;7.181794e-01;-1.578665e-02;1.127188e+00;9.667908e-02;1.462422e+00;2.730655e-02;1.430830e+00;9.288546e-02;1.020365e+00;6.285744e-02;2.221991e+00;-2.276368e-02;1.545930e+00;1.667174e-01;2.465845e+00;-3.380869e-02;1.938670e+00;-1.835173e-01;1.762097e+00;1.965038e-02;2.028924e+00;2.772919e-02;2.080648e+00;2.430788e-02;1.289885e+00;5.722957e-03;1.486598e+00;5.137217e-02
129.000000;5.024559e+00;9.904996e+01;1.840320e-02;7.567680e-01;1.218182e-01;1.574017e-01;7.754350e-02;8.644317e-02;8.374850e-02;1.550844e-01;1.218836e+00;6.388536e+00;1.741653e-01;1.246214e+00;8.454597e-02;9.410455e-01;1.758996e-02;7.931533e-02;3.236687e-03;1.614638e-02;6.172405e-03;1.285781e-01;3.429108e-02;2.631380e-01;8.817229e-02;4.094608e-01;5.272520e-02;5.363508e-01;7.938834e-02;6.541551e-01;1.544447e-01;7.598141e-01;6.230275e-02;7.768984e-01;9.181911e-02;8.184292e-01;1.945013e-01;8.892652e-01;1.865533e-01;9.303592e-01;8.849142e-02;1.025190e+00;2.119517e-01;1.052777e+00;1.726966e-01;1.120783e+00;2.223020e-01;1.168252e+00;2.020232e-01;1.228048e+00;2.728956e-01;1.303575e+00;3.474056e-01;1.328510e+00;4.572500e-01;1.402572e+00;2.052057e-01;1.440737e+00;1.612758e-01;1.368268e+00;1.694012e-01;1.354173e+00;1.103284e-01;1.215737e+00;1.614567e-01;1.064758e+00;9.661185e-02;9.021427e-01;7.026371e-02;7.336291e-01;4.837899e-02;5.915815e-01;4.863110e-01;9.428720e-01;3.397446e-02;5.135249e-02;2.934982e+01;1.464258e+02;2.542945e+01;2.065752e+02;2.867467e+01;2.726104e+02;1.057930e+02;3.874541e+02;2.778710e-01;6.380915e-01;2.819712e+01;2.538181e+02;2.554079e-01;3.051287e+00;3.720982e+04;7.340991e+04;2.884009e+00;8.343976e+00;1.884785e+02;2.519684e+02;1.316539e-01;-3.218030e-01;2.310842e-02;2.617197e-01;2.755068e-01;4.887162e-01;1.904119e+00;4.306635e+01;4.799737e+00;-5.641006e+00;4.589968e+00;2.402800e+01;4.199781e+00;1.292756e+01;4.380263e+00;-7.828904e-01;5.451800e+00;-2.381906e+00;6.591464e+00;-8.667645e+00;6.659024e+00;-3.928685e+00;5.800049e+00;1.257604e+00;5.646744e+00;-7.633743e+00;7.976248e+00;-1.995011e+00;6.706224e+00;3.891715e-01;4.072784e+00;-7.449879e+00;5.934216e+00;5.000623e+00;4.118264e-05;1.444931e-06;6.224094e-08;-1.152816e-08;9.026618e-07;5.048420e-08;7.543467e-07;1.979560e-08;7.240865e-07;3.187940e-08;1.124883e-05;-1.019842e-07;2.434383e-02;-4.594262e-03;2.108422e-02;1.528802e-03;1.604633e-03;-1.126723e-04;6.918417e-04;-7.936508e-05;9.707172e-04;-2.791569e-05;5.094007e-03;4.134839e-04;1.275947e-02;2.092123e-03;1.168793e-02;1.145344e-03;2.138287e-02;1.662339e-04;3.519090e-02;4.087804e-04;1.558677e-02;-7.142076e-04;2.507491e-02;-2.184334e-03;5.539822e-02;-2.096534e-05;5.197303e-02;5.058618e-04;2.647628e-02;1.128151e-03;5.362079e-02;1.318337e-03;4.697243e-02;2.526868e-03;5.298021e-02;4.095184e-03;5.555545e-02;3.041781e-03;6.555059e-02;5.778563e-03;8.574063e-02;9.800811e-03;9.401289e-02;6.270942e-03;7.019313e-02;-6.975107e-05;4.644303e-02;1.558772e-03;6.226347e-02;3.186982e-03;3.837401e-02;3.149488e-04;5.958937e-02;-1.857492e-03;3.004012e-02;1.945628e-04;2.390048e-02;6.796895e-04;1.782508e-02;-3.885974e-06;5.266614e-02;1.638943e-03;5.676217e-03;-1.220880e-03;4.012758e+00;1.148437e-01;4.519124e+00;1.435547e-01;6.632460e+00;-4.163086e-01;1.909273e+01;-4.263574e+00;5.656273e-02;-3.294775e-03;5.538797e+00;-8.937041e-01;4.597116e-02;-7.164584e-03;6.063495e+03;-1.001513e+03;6.238412e-01;3.877577e-02;4.471168e+01;9.535608e-01;1.242660e-02;5.349962e-04;4.976563e-03;-6.922105e-04;4.011497e-02;3.513731e-04;5.025879e-01;-3.408952e-02;1.006694e+00;9.768137e-02;1.094701e+00;1.154151e-01;1.156079e+00;7.921772e-02;1.129332e+00;-2.435269e-02;1.568498e+00;-7.732059e-02;1.605312e+00;-8.440470e-02;1.825429e+00;-1.035877e-01;1.760388e+00;4.599034e-02;1.621843e+00;5.257587e-02;1.594525e+00;-1.667890e-02;1.952577e+00;-2.227535e-02;1.201789e+00;1.983938e-03;1.730922e+00;-8.726674e-02
129.500000;9.124471e+00;1.024485e+02;1.782595e-02;7.475154e-01;1.189268e-01;1.588356e-01;1.123325e-01;1.331528e-01;1.308964e-01;1.916990e-01;1.458322e+00;6.071513e+00;1.275704e-01;1.108243e+00;1.256580e-01;9.855306e-01;1.102502e-02;7.074113e-02;3.859864e-03;1.588183e-02;5.699331e-03;1.223821e-01;3.557891e-02;2.670813e-01;8.816495e-02;4.191329e-01;6.358640e-02;5.516537e-01;8.150883e-02;6.522485e-01;1.622362e-01;7.333467e-01;4.854261e-02;7.771092e-01;1.004545e-01;8.611962e-01;2.178059e-01;9.530931e-01;2.187465e-01;1.011863e+00;9.807745e-02;1.028630e+00;2.514332e-01;1.115273e+00;3.877214e-01;1.233054e+00;4.393478e-01;1.305450e+00;3.210931e-01;1.347758e+00;4.109693e-01;1.397180e+00;4.500421e-01;1.457438e+00;6.618672e-01;1.538251e+00;2.144096e-01;1.505056e+00;1.633780e-01;1.444472e+00;1.559620e-01;1.369992e+00;1.137225e-01;1.242128e+00;1.497315e-01;1.077238e+00;8.515544e-02;8.861281e-01;6.701226e-02;7.299400e-01;6.109642e-02;5.967038e-01;3.277959e-01;8.688415e-01;2.967958e-02;3.367072e-02;4.192067e+01;1.629346e+02;2.918753e+01;2.180596e+02;2.625756e+01;2.744766e+02;1.322901e+02;3.817119e+02;2.371786e-01;6.336672e-01;3.732862e+01;2.566950e+02;2.630297e-01;2.904758e+00;4.908092e+04;7.001720e+04;3.912350e+00;1.017553e+01;2.591482e+02;3.512305e+02;8.240265e-02;-2.484662e-01;2.941989e-02;2.660908e-01;1.616470e-01;3.989049e-01;1.943166e+00;4.090206e+01;5.384466e+00;-3.215673e+00;6.734529e+00;2.740812e+01;3.691136e+00;1.238754e+01;5.406036e+00;-7.965645e-01;5.459389e+00;-3.519101e+00;6.276845e+00;-1.051020e+01;7.715661e+00;-7.487362e+00;8.134050e+00;-3.521133e+00;7.414639e+00;-1.043492e+01;7.613344e+00;-8.847242e-01;6.495640e+00;2.975353e+00;3.683244e+00;-7.918195e+00;5.979375e+00;5.202940e+00;6.385130e-05;-3.532759e-07;6.616228e-08;5.819759e-09;1.079376e-06;-1.475046e-08;1.015797e-06;-4.128523e-09;1.009898e-06;-3.494241e-08;1.258698e-05;-5.397205e-07;3.240161e-02;1.091632e-03;3.083878e-02;3.702702e-03;1.488101e-03;-2.194069e-04;7.985426e-04;1.048123e-04;1.044610e-03;-1.481864e-04;4.988873e-03;-2.745378e-04;1.389911e-02;-3.245491e-04;1.286919e-02;5.467978e-04;2.008902e-02;2.053373e-03;3.316538e-02;8.856698e-04;1.193816e-02;4.482116e-04;2.472651e-02;8.641354e-04;6.042748e-02;-4.301029e-04;6.329401e-02;5.477540e-04;2.294439e-02;6.877650e-04;6.092383e-02;9.053160e-03;9.492073e-02;1.352328e-02;1.025438e-01;1.458120e-02;8.537779e-02;9.681038e-03;1.023383e-01;1.100942e-02;1.062122e-01;9.798776e-03;1.354721e-01;1.539046e-02;8.101558e-02;3.424736e-03;5.699205e-02;3.199099e-03;4.697680e-02;1.963523e-03;3.706479e-02;2.022322e-03;5.374779e-02;-6.343841e-04;2.889140e-02;-1.283014e-03;2.411710e-02;-3.121329e-04;2.149000e-02;-3.545821e-06;5.098253e-02;-5.471956e-03;7.344544e-03;7.536165e-04;5.981581e+00;5.885742e-01;5.253003e+00;1.435547e-01;6.477021e+00;3.875977e-01;4.066338e+01;1.263281e+00;6.363853e-02;3.548320e-03;8.561880e+00;1.259682e+00;4.816717e-02;2.501732e-03;1.231325e+04;1.587519e+03;9.218754e-01;-6.150932e-02;6.239878e+01;-3.018635e+00;1.135638e-02;2.133753e-03;6.523368e-03;9.755003e-04;3.668991e-02;-1.127003e-03;4.327314e-01;-5.795648e-02;1.445272e+00;-1.171005e-01;1.323402e+00;1.278862e-01;1.177531e+00;6.301160e-02;1.427393e+00;-1.194492e-01;1.413641e+00;-1.226942e-01;1.346863e+00;-1.105086e-01;1.945203e+00;-3.307025e-03;1.630018e+00;-2.064007e-02;1.605096e+00;-6.468292e-02;1.417393e+00;-2.577377e-02;1.910103e+00;1.880898e-01;9.756313e-01;-3.724128e-04;1.765199e+00;1.113505e-02
130.000000;1.161275e+01;9.928517e+01;1.506338e-02;7.488225e-01;1.019064e-01;1.288486e-01;1.195417e-01;1.273974e-01;1.503766e-01;2.604085e-01;1.180363e+00;5.561254e+00;1.465108e-01;1.134590e+00;1.250493e-01;1.015519e+00;2.052164e-02;6.884093e-02;4.795025e-03;1.802343e-02;1.879221e-02;1.269483e-01;2.995626e-02;2.716481e-01;5.910477e-02;4.126819e-01;7.099945e-02;5.562761e-01;8.916622e-02;6.618838e-01;1.242789e-01;7.213894e-01;4.373282e-02;8.141730e-01;1.283472e-01;9.145353e-01;1.817421e-01;1.000675e+00;2.027548e-01;1.064821e+00;1.643335e-01;1.092043e+00;2.956481e-01;1.192309e+00;4.118350e-01;1.307672e+00;4.629040e-01;1.374592e+00;3.498391e-01;1.409593e+00;4.090872e-01;1.456154e+00;4.085910e-01;1.493584e+00;6.694494e-01;1.607029e+00;2.205287e-01;1.492206e+00;1.826068e-01;1.466882e+00;1.583657e-01;1.381943e+00;1.058386e-01;1.260973e+00;1.450191e-01;1.109793e+00;7.938543e-02;8.892862e-01;6.578408e-02;7.297136e-01;6.360313e-02;5.946937e-01;3.297655e-01;8.042527e-01;3.325457e-02;4.462292e-02;3.253217e+01;1.811660e+02;2.786403e+01;2.260986e+02;3.254958e+01;2.823721e+02;1.194709e+02;3.828604e+02;3.000508e-01;6.869640e-01;4.531427e+01;2.843137e+02;3.166575e-01;2.968873e+00;6.124275e+04;1.056375e+05;4.234312e+00;8.541739e+00;2.654895e+02;2.465193e+02;2.493624e-01;-2.491352e-01;3.646971e-02;2.875258e-01;1.792753e-01;3.653262e-01;1.563054e+00;3.902895e+01;6.009481e+00;-6.203240e+00;5.466165e+00;3.099247e+01;4.737889e+00;1.518709e+01;6.898160e+00;-2.232019e+00;5.937298e+00;-6.580281e+00;4.807502e+00;-1.134831e+01;5.878268e+00;-9.680902e+00;6.318940e+00;-6.329571e+00;5.910666e+00;-1.476176e+01;6.179058e+00;-1.976108e+00;7.188073e+00;7.725930e+00;4.388830e+00;-6.340064e+00;5.245044e+00;5.987460e+00;9.501552e-05;1.222518e-06;9.032444e-08;1.422804e-08;1.013546e-06;-5.181396e-08;1.085760e-06;4.995141e-09;1.193083e-06;9.295887e-08;1.120922e-05;4.537311e-07;3.570366e-02;2.998415e-03;3.160488e-02;7.250354e-04;6.274651e-03;1.073564e-03;7.926311e-04;-2.204586e-05;8.882225e-03;1.752391e-03;1.110923e-02;1.818615e-03;1.126479e-02;-4.431089e-04;1.901848e-02;4.966379e-05;2.342613e-02;2.745593e-03;2.389229e-02;4.154457e-03;2.060429e-02;3.139079e-03;4.247595e-02;2.907943e-03;4.720177e-02;-1.415117e-03;5.382694e-02;1.277079e-03;4.027810e-02;2.319738e-03;7.895739e-02;-5.557592e-04;9.764756e-02;-1.049701e-03;1.069088e-01;-3.401777e-03;8.811660e-02;-3.409748e-04;1.008357e-01;-2.531977e-03;9.695049e-02;-7.615265e-04;1.406256e-01;-1.210594e-03;7.948852e-02;3.623695e-04;6.225850e-02;-2.967108e-04;4.606551e-02;3.639719e-03;3.933284e-02;3.006177e-03;5.557572e-02;1.875054e-03;2.956041e-02;8.098963e-04;2.133454e-02;6.179446e-04;2.089504e-02;3.824184e-04;5.008713e-02;-9.959517e-04;8.378498e-03;4.834995e-04;7.792931e+00;-7.608398e-01;6.449681e+00;-1.263281e+00;9.438391e+00;-1.177148e+00;4.021416e+01;-8.900391e-01;9.152751e-02;1.112823e-02;1.120104e+01;-1.067078e+00;6.071772e-02;-6.595107e-03;1.471347e+04;-3.105100e+02;8.560717e-01;4.874558e-02;5.345752e+01;3.039918e+00;7.994205e-02;-1.414332e-02;8.986568e-03;-1.130292e-03;5.285120e-02;4.055622e-03;4.474138e-01;1.533720e-02;1.354415e+00;3.308649e-02;1.408907e+00;7.344575e-02;1.228438e+00;1.955746e-02;1.691089e+00;9.262673e-02;1.348559e+00;1.873307e-02;1.818665e+00;9.656816e-02;1.994465e+00;1.806003e-01;1.516226e+00;1.203240e-01;1.554499e+00;1.539755e-01;1.559536e+00;3.119323e-02;1.972363e+00;2.108879e-02;1.084712e+00;-2.248549e-02;1.605112e+00;3.607696e-02
130.500000;1.279661e+01;1.040726e+02;1.644707e-02;7.730442e-01;9.102003e-02;8.897664e-02;8.818197e-02;6.590729e-02;1.438815e-01;2.063064e-01;2.470920e+00;7.743880e+00;3.130815e-01;1.423035e+00;1.674485e-01;1.061930e+00;4.582649e-02;1.042421e-01;5.726166e-03;1.564500e-02;5.087524e-02;1.576230e-01;7.158651e-02;3.004455e-01;7.185212e-02;4.211908e-01;9.135342e-02;5.617467e-01;8.530264e-02;6.790309e-01;2.491220e-01;8.588287e-01;3.508970e-01;9.806064e-01;2.113400e-01;9.737801e-01;1.564677e-01;1.054324e+00;1.649796e-01;1.104208e+00;1.891703e-01;1.175677e+00;4.041058e-01;1.351628e+00;3.354602e-01;1.365584e+00;3.650268e-01;1.411373e+00;4.875732e-01;1.501470e+00;3.779233e-01;1.479145e+00;5.200902e-01;1.592364e+00;5.736118e-01;1.570228e+00;2.475231e-01;1.479414e+00;2.345405e-01;1.482905e+00;2.803410e-01;1.431140e+00;1.395171e-01;1.260586e+00;1.416057e-01;1.096427e+00;1.285674e-01;9.356299e-01;1.045208e-01;7.697574e-01;7.489230e-02;6.150604e-01;4.010123e-01;8.624452e-01;9.255932e-02;1.173380e-01;4.720723e+01;1.264717e+02;4.929155e+01;1.721221e+02;6.865157e+01;2.368652e+02;7.074727e+01;3.419473e+02;2.803910e-01;6.987743e-01;6.254757e+01;2.475960e+02;4.228832e-01;2.844201e+00;4.350425e+04;1.121496e+05;2.149642e+00;6.599196e+00;1.190189e+02;1.240099e+02;4.749817e-01;-6.265616e-01;6.054025e-02;2.450970e-01;7.492034e-01;9.647937e-01;2.569762e+00;4.035196e+01;3.568573e+00;-9.059880e+00;5.760500e+00;3.227383e+01;5.299685e+00;1.942633e+01;7.824045e+00;-2.491475e+00;6.111104e+00;-6.211164e+00;9.299877e+00;-3.730868e+00;1.181989e+01;1.998165e+00;8.208656e+00;1.924085e+00;8.033770e+00;-8.615819e+00;5.272345e+00;-1.389340e+00;7.868279e+00;6.905737e+00;3.447201e+00;-4.732662e+00;6.473920e+00;2.886943e+00;8.570485e-05;4.924105e-06;9.424334e-08;5.731530e-09;6.677303e-07;-9.777418e-08;8.547808e-07;9.801369e-09;9.974427e-07;-1.570432e-08;1.077429e-05;1.131357e-06;4.552331e-02;4.447549e-03;3.101427e-02;-1.756579e-03;6.964556e-03;6.887079e-04;7.299101e-04;-9.687580e-05;1.121001e-02;2.248564e-04;1.394813e-02;2.300948e-04;1.262787e-02;-9.121245e-05;2.166324e-02;-1.882540e-04;2.531762e-02;-3.840554e-04;4.159831e-02;-1.007671e-03;5.643347e-02;-1.984870e-03;5.626763e-02;1.177145e-04;4.541859e-02;-5.313370e-04;5.106476e-02;-2.331429e-04;5.301298e-02;1.059493e-03;1.173810e-01;-6.628171e-03;7.941852e-02;-8.617845e-03;8.075744e-02;-1.041241e-02;9.524098e-02;-8.127914e-03;7.653208e-02;-7.614914e-03;9.245055e-02;-5.500921e-03;1.399720e-01;-6.633424e-04;7.812972e-02;1.630475e-03;5.758083e-02;1.681780e-03;4.676318e-02;-1.765833e-03;3.889374e-02;3.867087e-04;5.321831e-02;1.292987e-03;3.073039e-02;1.377923e-03;2.147079e-02;2.206482e-04;1.916396e-02;-1.418655e-04;7.374441e-02;3.039215e-03;2.177112e-02;1.260068e-03;5.918842e+00;-1.406836e+00;5.531980e+00;-1.004883e+00;1.091069e+01;-1.263281e+00;1.500686e+01;-9.618164e-01;9.449369e-02;-1.377174e-04;1.006594e+01;-1.496531e+00;6.940573e-02;-4.206093e-03;1.163427e+04;-7.752230e+02;6.907733e-01;2.039519e-02;4.019581e+01;5.284221e-01;9.691764e-02;-7.564628e-03;8.744338e-03;-1.426398e-03;8.986038e-02;1.048936e-02;4.469622e-01;2.830455e-02;1.098019e+00;3.642222e-02;1.374219e+00;-5.123440e-03;1.286378e+00;2.180709e-02;1.913242e+00;6.433991e-02;1.594844e+00;1.180163e-01;2.160021e+00;1.085228e-01;2.402129e+00;2.083434e-01;1.778804e+00;1.710661e-01;1.562091e+00;8.747329e-02;1.611219e+00;1.079734e-01;2.162546e+00;-4.381113e-02;1.106447e+00;4.189608e-02;1.829318e+00;-3.720845e-02
131.000000;4.238488e+00;1.163087e+02;8.986833e-03;7.813715e-01;7.164818e-02;6.298240e-02;6.474754e-02;5.191202e-02;1.039800e-01;1.709038e-01;1.113852e+00;9.466520e+00;1.906764e-01;1.688213e+00;1.736439e-01;1.051584e+00;9.868488e-03;1.412434e-01;3.344820e-03;1.195893e-02;4.995086e-02;1.540277e-01;6.516459e-02;3.055228e-01;5.113130e-02;4.567946e-01;8.079201e-02;5.829955e-01;5.874707e-02;6.903412e-01;2.359404e-01;8.849068e-01;3.613532e-01;9.988241e-01;1.996580e-01;9.615749e-01;1.717089e-01;1.065208e+00;1.591928e-01;1.125101e+00;1.748111e-01;1.193945e+00;3.792829e-01;1.371476e+00;3.167775e-01;1.327843e+00;3.346438e-01;1.350335e+00;4.924502e-01;1.463441e+00;3.635776e-01;1.428863e+00;5.274637e-01;1.519611e+00;5.844201e-01;1.538750e+00;2.300469e-01;1.453739e+00;2.527795e-01;1.429137e+00;3.068496e-01;1.390110e+00;1.486294e-01;1.238526e+00;1.171123e-01;1.087143e+00;1.409037e-01;9.310315e-01;1.070102e-01;7.726247e-01;7.391617e-02;6.193110e-01;3.283448e-01;1.311513e+00;1.143234e-01;2.083207e-01;8.462424e+00;8.972168e+01;1.457204e+01;1.343672e+02;3.106193e+01;1.925068e+02;8.341009e+01;3.129492e+02;1.736787e-01;8.158528e-01;2.948060e+01;2.061728e+02;1.973923e-01;2.586690e+00;3.744701e+04;8.996302e+04;2.075981e+00;6.973237e+00;1.325603e+02;1.532704e+02;1.537420e-01;-9.631555e-01;2.477548e-02;2.044189e-01;3.303317e-01;1.643606e+00;2.347366e+00;4.352325e+01;4.074343e+00;-8.933718e+00;6.593961e+00;3.030900e+01;4.961037e+00;2.368056e+01;7.948744e+00;-8.785529e-01;4.481799e+00;-4.131999e+00;8.165905e+00;-2.753746e+00;7.249915e+00;8.774833e+00;6.450577e+00;1.125294e+01;4.238563e+00;-3.434018e+00;4.355358e+00;-2.350460e+00;5.926359e+00;2.324614e+00;3.504059e+00;-7.089778e+00;4.801506e+00;4.147916e-01;2.927323e-05;2.629927e-06;6.843270e-08;-1.979417e-09;5.064480e-07;-7.282346e-08;6.049803e-07;-2.036380e-08;8.495870e-07;-1.279683e-07;1.119031e-05;1.598086e-07;6.068592e-02;5.748988e-03;3.679483e-02;2.793723e-05;3.885811e-03;-5.112810e-04;8.370419e-04;8.742756e-05;6.784300e-03;-1.741585e-03;9.304547e-03;-2.146019e-03;1.164052e-02;-1.098280e-03;1.540653e-02;-1.169357e-03;1.581029e-02;-1.691869e-03;4.236216e-02;-1.749279e-03;6.732526e-02;-1.169875e-03;5.680877e-02;1.686311e-03;4.773423e-02;2.064851e-03;4.997383e-02;-1.047507e-03;5.386033e-02;-1.132740e-03;1.172181e-01;-3.098383e-03;8.082396e-02;2.479671e-03;8.375677e-02;2.731068e-03;1.103107e-01;1.509240e-03;8.419411e-02;-2.505722e-03;1.044378e-01;-7.270504e-04;1.549831e-01;3.521373e-04;7.611282e-02;8.701546e-04;7.747961e-02;7.705116e-03;6.664589e-02;5.364019e-03;3.957295e-02;1.487429e-03;4.261430e-02;-1.411610e-03;3.345497e-02;-2.026730e-03;2.237660e-02;-1.709418e-03;1.784995e-02;-1.098192e-03;9.080406e-02;4.993980e-03;4.244864e-02;3.418394e-03;3.420671e+00;1.579102e-01;5.320033e+00;4.450195e-01;1.111065e+01;1.091016e+00;3.891312e+01;6.029297e+00;7.146432e-02;-7.759299e-03;1.138157e+01;1.704401e+00;7.130909e-02;1.019007e-02;1.414169e+04;1.946592e+03;7.691405e-01;-8.585940e-02;4.998703e+01;-3.800322e+00;6.663785e-02;9.236665e-03;9.304091e-03;1.401599e-03;1.081805e-01;2.106908e-03;4.207953e-01;6.553699e-03;1.375391e+00;-1.330210e-01;1.390978e+00;-6.356411e-02;1.432391e+00;-8.331580e-02;1.924281e+00;-2.719831e-02;1.529451e+00;-9.258108e-02;1.886720e+00;1.366594e-02;2.337320e+00;1.428046e-01;1.756616e+00;-8.855002e-02;1.652543e+00;-5.617026e-02;1.377217e+00;-4.800807e-02;1.897552e+00;-2.411499e-02;1.041035e+00;2.834085e-03;1.766271e+00;-8.584777e-02
131.500000;2.712055e+00;1.187479e+02;9.728862e-03;7.739958e-01;6.451470e-02;7.529830e-02;4.774963e-02;5.439554e-02;8.989380e-02;1.566485e-01;1.151637e+00;8.541328e+00;2.295234e-01;1.710356e+00;1.574677e-01;1.004532e+00;1.674040e-02;1.289037e-01;3.696845e-03;1.490048e-02;1.980946e-02;1.198232e-01;2.030981e-02;2.622367e-01;4.979022e-02;4.392076e-01;5.154099e-02;5.703902e-01;5.017106e-02;6.780958e-01;1.163812e-01;7.983663e-01;2.154903e-01;9.091984e-01;1.778167e-01;9.535125e-01;1.418890e-01;9.759243e-01;1.416056e-01;1.019306e+00;1.870681e-01;1.107304e+00;2.895792e-01;1.205757e+00;2.670509e-01;1.234320e+00;3.064383e-01;1.276115e+00;3.708698e-01;1.350698e+00;3.150702e-01;1.383314e+00;4.773118e-01;1.448683e+00;6.491887e-01;1.582502e+00;2.127827e-01;1.486497e+00;4.318672e-01;1.476789e+00;4.045438e-01;1.384506e+00;1.977582e-01;1.212231e+00;1.397358e-01;1.042239e+00;1.059944e-01;8.829882e-01;6.871261e-02;7.273616e-01;5.388987e-02;5.904678e-01;4.167429e-01;1.545471e+00;1.460513e-01;2.369354e-01;3.813694e+01;1.102500e+02;4.249097e+01;1.603506e+02;3.415154e+01;2.299746e+02;1.900050e+02;4.355449e+02;2.174169e-01;8.278693e-01;4.453341e+01;2.475707e+02;2.493244e-01;2.800964e+00;5.556151e+04;1.112198e+05;2.924951e+00;6.235322e+00;2.137782e+02;1.491874e+02;2.229133e-01;-8.119333e-01;3.967932e-02;2.446130e-01;3.950152e-01;1.485210e+00;2.022758e+00;4.415803e+01;5.014233e+00;-1.033502e+01;4.842525e+00;2.820596e+01;6.381479e+00;2.055455e+01;7.413558e+00;-2.083809e+00;4.012723e+00;-6.407270e+00;6.181031e+00;-8.358087e+00;7.765046e+00;9.924761e+00;8.663608e+00;1.269573e+01;7.692290e+00;-4.634845e+00;6.776990e+00;-6.606535e+00;5.971973e+00;-1.006052e+00;3.907219e+00;-8.291229e+00;4.346529e+00;1.110550e+00;1.855017e-05;-2.825871e-08;1.047043e-07;-1.696704e-09;4.645936e-07;5.620608e-09;4.697843e-07;-1.238775e-08;7.292062e-07;2.466926e-08;1.285083e-05;-7.913861e-07;5.948523e-02;-1.660916e-03;3.603771e-02;-2.046086e-03;5.699006e-03;3.607463e-04;8.560357e-04;4.421769e-05;8.169414e-03;5.488085e-04;8.374062e-03;5.574567e-04;1.325244e-02;9.740027e-04;1.107421e-02;-4.475463e-05;1.010477e-02;-1.223411e-03;2.731787e-02;-1.388281e-03;5.176681e-02;-1.259017e-03;6.117104e-02;1.088850e-03;4.100675e-02;-1.203092e-04;3.223867e-02;-1.480205e-03;4.679180e-02;-4.021071e-03;8.558451e-02;-4.783649e-03;6.665130e-02;-5.594600e-03;7.771759e-02;-6.222077e-03;9.307095e-02;-4.567767e-03;8.052489e-02;-5.769986e-03;1.024972e-01;-5.912096e-03;1.353532e-01;-1.870658e-02;7.780408e-02;-1.992013e-03;9.654576e-02;-1.250964e-03;7.952080e-02;5.410684e-04;4.778361e-02;8.803534e-04;4.787468e-02;1.783223e-03;3.926210e-02;1.961112e-03;2.443600e-02;1.658970e-03;1.776586e-02;1.144705e-03;1.063299e-01;1.165964e-02;4.756875e-02;-4.766213e-04;8.320774e+00;8.613281e-02;9.937428e+00;-2.871094e-02;1.196054e+01;3.875977e-01;5.778288e+01;2.440430e-01;7.682645e-02;7.977250e-03;1.334452e+01;-1.098839e-01;7.655167e-02;-6.482289e-04;1.563257e+04;-3.298053e+02;7.953540e-01;7.231420e-02;5.933643e+01;6.808305e+00;7.884032e-02;-5.617305e-03;1.139703e-02;-5.174573e-05;1.224911e-01;6.842093e-03;4.388270e-01;5.578830e-03;1.458539e+00;1.053830e-01;1.264139e+00;-1.875091e-02;1.336623e+00;-4.220313e-02;1.802011e+00;6.230260e-02;1.440267e+00;-1.469960e-03;2.135413e+00;1.296285e-02;2.166374e+00;2.431411e-02;2.073411e+00;-9.610651e-02;1.909693e+00;-6.286186e-02;1.379882e+00;-6.213119e-02;1.692716e+00;-9.872754e-02;1.381522e+00;4.810226e-02;1.479963e+00;3.972098e-02
132.000000;1.640932e+01;1.111800e+02;1.628937e-02;7.651773e-01;8.304682e-02;1.067659e-01;5.363515e-02;6.176063e-02;7.220299e-02;1.366579e-01;6.586914e+00;6.504236e+00;2.707991e-01;1.846556e+00;1.887248e-01;1.059260e+00;2.857392e-02;1.232112e-01;5.992335e-03;1.929453e-02;4.464421e-02;1.249600e-01;4.952293e-02;2.598448e-01;5.801586e-02;4.164607e-01;4.789077e-02;5.613792e-01;6.534879e-02;6.618301e-01;1.293415e-01;7.944443e-01;2.080506e-01;9.184380e-01;1.963906e-01;9.825095e-01;1.775815e-01;9.798757e-01;2.031848e-01;1.042348e+00;2.057166e-01;1.135536e+00;3.006454e-01;1.218476e+00;3.164332e-01;1.294391e+00;4.033583e-01;1.383095e+00;4.604568e-01;1.501788e+00;3.033576e-01;1.510977e+00;5.311345e-01;1.653672e+00;6.466517e-01;1.700757e+00;3.550380e-01;1.607401e+00;5.550803e-01;1.654877e+00;5.195044e-01;1.526560e+00;3.188335e-01;1.304715e+00;1.560741e-01;1.071679e+00;1.094238e-01;9.076517e-01;7.670675e-02;7.330161e-01;5.816865e-02;5.940843e-01;4.948450e-01;1.598190e+00;1.621993e-01;3.063570e-01;5.305700e+01;1.291992e+02;5.725565e+01;1.801611e+02;1.303002e+02;2.951484e+02;3.690069e+02;6.333633e+02;2.747639e-01;8.402397e-01;9.515566e+01;3.103001e+02;3.613822e-01;3.029588e+00;9.602863e+04;1.770792e+05;2.900793e+00;5.007992e+00;2.019058e+02;9.881300e+01;3.341888e-01;-7.679846e-01;7.861030e-02;2.949351e-01;5.287501e-01;1.406707e+00;2.727799e+00;4.218072e+01;5.294570e+00;-1.410066e+01;5.544252e+00;3.158833e+01;5.577736e+00;1.555031e+01;5.720300e+00;-4.933669e+00;5.457906e+00;-7.808017e+00;7.587286e+00;-7.908033e+00;7.761964e+00;1.317192e+01;9.529926e+00;1.047084e+01;7.707354e+00;-5.865346e+00;4.645848e+00;-1.119956e+01;6.203753e+00;-3.629278e+00;4.876823e+00;-7.462290e+00;4.535208e+00;8.433402e-02;3.907150e-05;-1.015731e-05;1.399433e-07;1.212624e-09;5.892404e-07;6.346201e-08;5.152893e-07;9.329459e-09;6.610612e-07;1.561391e-08;6.102593e-05;-1.039090e-06;6.648127e-02;-3.491085e-03;4.291537e-02;-3.811119e-03;8.330685e-03;6.335591e-05;1.251444e-03;-2.091207e-05;1.044301e-02;-5.771757e-05;1.179972e-02;-1.069526e-04;1.380594e-02;-1.257065e-03;1.174217e-02;-1.940201e-03;1.654262e-02;-2.665426e-03;2.755454e-02;-3.234833e-03;4.339700e-02;-4.205531e-03;6.114366e-02;-2.829802e-03;5.580561e-02;-3.813628e-03;5.494665e-02;3.041907e-04;5.296279e-02;1.880322e-03;8.969412e-02;8.703042e-04;7.230619e-02;-7.614974e-03;9.586211e-02;-7.117083e-03;1.119434e-01;-5.908108e-03;8.142786e-02;-1.044742e-03;1.179669e-01;-1.352443e-02;1.307100e-01;-1.742636e-02;1.322102e-01;-2.879161e-03;1.351417e-01;-9.971692e-03;1.091011e-01;-1.259158e-02;7.490177e-02;-4.164159e-03;4.164737e-02;-4.390489e-04;3.726077e-02;-3.116695e-05;2.350817e-02;3.726001e-04;1.790742e-02;3.071723e-04;1.218061e-01;-6.054133e-03;4.603566e-02;-1.939047e-03;1.145872e+01;2.296875e-01;1.267206e+01;1.291992e-01;3.249922e+01;1.234570e+00;9.119613e+01;3.732422e-01;1.237752e-01;7.409688e-03;2.210192e+01;1.042368e-01;9.483592e-02;-1.451959e-03;2.228907e+04;-1.963110e+02;8.033319e-01;1.073481e-02;6.240848e+01;9.748418e-02;1.041974e-01;-3.389874e-03;1.829037e-02;8.226916e-05;1.488647e-01;5.408591e-03;5.480018e-01;-3.666259e-02;1.449742e+00;2.075945e-02;1.522459e+00;-2.784414e-02;1.711155e+00;4.091422e-02;1.663449e+00;3.038631e-02;1.849150e+00;5.759256e-02;2.313189e+00;-3.672332e-02;2.020908e+00;-5.816752e-02;2.523115e+00;-3.237141e-02;1.775127e+00;7.093126e-02;1.327075e+00;4.628579e-02;1.762156e+00;-1.704116e-01;1.646385e+00;-5.978076e-02;1.620981e+00;1.254954e-01
132.500000;2.136736e+01;8.745585e+01;2.668517e-02;7.819927e-01;8.412441e-02;6.511473e-02;6.967936e-02;5.671838e-02;8.041811e-02;1.131363e-01;7.203487e+00;8.109337e+00;2.491464e-01;1.968782e+00;1.761110e-01;1.050572e+00;3.626219e-02;1.511411e-01;7.931314e-03;1.639582e-02;5.434771e-02;1.568986e-01;5.942516e-02;2.798719e-01;4.079051e-02;4.082637e-01;6.696632e-02;5.611305e-01;9.524576e-02;7.087354e-01;1.173647e-01;7.899795e-01;1.251969e-01;8.345153e-01;1.486375e-01;9.046158e-01;1.816875e-01;9.552534e-01;2.227658e-01;1.140701e+00;1.514170e-01;1.218985e+00;2.365424e-01;1.207990e+00;2.692084e-01;1.289905e+00;4.198778e-01;1.425817e+00;3.986579e-01;1.432052e+00;3.032275e-01;1.481213e+00;4.663625e-01;1.575721e+00;5.984085e-01;1.647580e+00;4.245005e-01;1.567334e+00;5.092523e-01;1.557947e+00;4.820609e-01;1.445436e+00;3.554330e-01;1.309795e+00;1.429695e-01;1.126123e+00;1.125165e-01;9.294778e-01;8.775835e-02;7.531156e-01;6.051570e-02;6.064231e-01;4.317261e-01;1.517287e+00;1.462494e-01;3.600396e-01;5.239176e+01;1.002012e+02;6.480282e+01;1.337930e+02;1.549683e+02;2.451914e+02;3.882843e+02;5.249795e+02;3.211981e-01;9.682567e-01;1.196371e+02;2.629886e+02;4.110827e-01;2.875328e+00;9.569187e+04;1.722596e+05;1.971560e+00;5.145127e+00;1.016024e+02;7.566278e+01;4.498411e-01;-1.153181e+00;1.040136e-01;2.442587e-01;6.372860e-01;1.122749e+00;2.705918e+00;4.093013e+01;3.936139e+00;-1.527002e+01;6.210540e+00;3.584148e+01;6.873746e+00;1.832807e+01;5.659445e+00;-3.242980e+00;5.920808e+00;-6.213711e+00;7.289809e+00;-1.078239e+01;6.833584e+00;1.061193e+01;8.658367e+00;1.393844e+01;6.835251e+00;-6.696429e-01;1.057716e+01;-1.291821e+00;6.716075e+00;9.021488e-01;6.180176e+00;-1.060083e+01;5.269485e+00;2.131666e-02;3.679378e-05;-9.244429e-06;1.144403e-07;1.005325e-08;4.365143e-07;6.164556e-08;3.873290e-07;-3.585963e-08;6.095388e-07;-1.421364e-08;6.097739e-05;1.679627e-06;7.544459e-02;-2.997635e-03;4.544734e-02;-1.319518e-03;8.296491e-03;-8.895207e-05;1.218692e-03;-1.210633e-04;1.141816e-02;-5.510894e-04;1.598372e-02;-6.719321e-04;1.346939e-02;-1.075629e-03;2.163667e-02;-1.161752e-03;2.954041e-02;-3.495052e-04;3.594549e-02;-6.518947e-04;3.773295e-02;4.581808e-04;4.587055e-02;-1.444752e-03;5.449139e-02;-2.329597e-04;6.717980e-02;-4.345457e-04;5.083187e-02;1.966660e-03;7.316168e-02;2.504985e-03;6.894115e-02;-5.655377e-04;1.022839e-01;-2.089989e-03;1.025751e-01;-3.068896e-03;8.573075e-02;-4.077895e-03;1.214586e-01;-3.687161e-03;1.450754e-01;-4.417282e-03;1.307354e-01;-9.868094e-04;1.271796e-01;-1.401468e-03;1.214751e-01;-3.736629e-03;8.613201e-02;-3.735268e-03;4.085330e-02;-1.546031e-03;3.205287e-02;-1.680807e-03;2.246299e-02;-9.972861e-04;1.681204e-02;-6.721802e-04;1.394425e-01;-1.642168e-02;4.507545e-02;-8.041912e-04;9.201072e+00;-4.737305e-01;1.039371e+01;-4.737305e-01;3.515456e+01;-1.062305e+00;8.698691e+01;-1.478613e+00;1.298481e-01;-5.276390e-03;2.204656e+01;-8.643793e-01;8.683264e-02;-4.512075e-03;2.142801e+04;-5.246019e+02;6.355476e-01;-7.611261e-03;4.741216e+01;-1.879062e+00;1.025491e-01;1.387646e-03;1.803298e-02;-8.539658e-04;1.347642e-01;-2.108479e-02;5.807981e-01;-1.416443e-02;1.205425e+00;-8.334405e-03;1.660980e+00;-5.078074e-02;1.688978e+00;9.801035e-02;1.725751e+00;1.512212e-01;1.835079e+00;-2.577773e-02;2.039094e+00;-2.189944e-01;1.541198e+00;-3.212084e-02;2.244622e+00;1.735586e-01;1.393248e+00;1.427530e-01;1.402840e+00;1.696139e-01;1.849204e+00;1.870461e-02;1.578936e+00;-3.279014e-03;1.807029e+00;8.445647e-02
133.000000;9.331173e-01;7.165364e+01;5.031075e-03;8.065869e-01;2.863218e-02;1.402389e-02;6.165127e-02;3.038901e-02;8.092174e-02;9.387793e-02;1.451701e+00;1.202245e+01;2.472913e-01;1.962995e+00;1.529771e-01;1.010246e+00;7.869121e-03;1.757696e-01;3.868663e-03;1.026707e-02;3.950530e-02;1.539634e-01;3.701126e-02;2.817593e-01;3.302475e-02;4.182738e-01;7.421898e-02;5.556719e-01;1.026200e-01;7.181280e-01;1.353688e-01;7.897485e-01;1.236665e-01;8.240349e-01;9.817274e-02;8.979886e-01;1.400997e-01;9.349628e-01;2.556041e-01;1.113267e+00;1.208714e-01;1.201811e+00;1.274882e-01;1.168017e+00;1.623115e-01;1.223511e+00;3.543251e-01;1.367962e+00;2.858359e-01;1.327878e+00;3.382809e-01;1.395516e+00;3.649070e-01;1.427172e+00;5.090535e-01;1.497826e+00;3.440098e-01;1.496074e+00;3.760942e-01;1.439796e+00;4.271095e-01;1.370404e+00;3.183378e-01;1.256355e+00;1.395035e-01;1.097280e+00;1.249794e-01;9.301530e-01;8.865816e-02;7.656115e-01;5.932228e-02;6.132354e-01;4.126108e-01;1.396827e+00;1.415084e-01;3.637034e-01;1.319142e+01;6.230273e+01;6.501300e+00;8.713770e+01;3.347596e+01;1.419756e+02;5.962274e+01;3.029004e+02;3.003888e-01;9.593984e-01;3.028493e+01;1.782574e+02;1.907735e-01;2.533801e+00;4.550220e+04;1.143284e+05;1.732437e+00;6.194837e+00;1.109626e+02;1.063057e+02;1.443263e-01;-1.478034e+00;2.419648e-02;1.675825e-01;3.928142e-01;7.748140e-01;2.445963e+00;4.097882e+01;3.616415e+00;-1.388808e+01;5.978162e+00;3.555442e+01;5.216950e+00;2.240578e+01;5.294956e+00;3.791958e-01;4.371382e+00;-4.724780e+00;4.386741e+00;-1.481597e+01;3.866053e+00;8.289507e+00;5.662072e+00;1.880333e+01;4.639998e+00;6.952435e+00;4.362177e+00;1.018901e+01;4.122021e+00;2.147518e+00;5.329109e+00;-1.393512e+01;5.487470e+00;1.549381e+00;4.789829e-06;1.562138e-07;4.293143e-08;9.358545e-09;7.367849e-08;2.856333e-09;2.509274e-07;-3.834488e-08;7.263736e-07;-4.979051e-09;1.032504e-05;2.904151e-06;7.226276e-02;-2.856590e-03;3.977577e-02;-7.015375e-04;5.142882e-03;3.397576e-04;6.641746e-04;-1.327790e-04;9.159753e-03;9.602789e-05;1.317184e-02;2.210239e-04;1.317903e-02;8.758617e-04;2.586382e-02;9.122191e-04;2.902685e-02;2.543990e-03;4.346241e-02;6.895997e-04;4.159044e-02;9.674273e-04;3.684947e-02;-4.418627e-04;4.790642e-02;1.854106e-03;7.911219e-02;-1.551895e-03;3.735914e-02;-2.465047e-03;4.064316e-02;-3.785929e-04;5.416839e-02;3.104276e-03;8.262238e-02;-5.815927e-04;7.599839e-02;-2.828614e-03;9.392297e-02;-5.452262e-03;9.528928e-02;-1.022163e-03;1.265033e-01;-2.271536e-03;7.458907e-02;-1.676288e-03;6.984498e-02;-2.206648e-03;1.084477e-01;-2.263337e-03;7.536706e-02;-2.661604e-03;4.486236e-02;-1.046607e-03;3.835509e-02;-1.219541e-03;2.729975e-02;-1.025019e-03;1.896246e-02;-4.118930e-04;1.576104e-01;-1.771670e-03;3.978194e-02;-9.264098e-04;4.207304e+00;-7.464844e-01;4.341218e+00;-8.182617e-01;1.739501e+01;-2.885449e+00;3.505655e+01;-6.646582e+00;8.602019e-02;-6.320288e-03;1.026060e+01;-2.161590e+00;5.568215e-02;-9.903903e-03;1.000081e+04;-1.864649e+03;4.764180e-01;4.494695e-02;3.433455e+01;2.334821e+00;6.859228e-02;-2.954325e-03;8.798842e-03;-1.864378e-03;1.080757e-01;-1.416652e-02;5.172282e-01;6.362401e-02;1.022498e+00;7.827418e-02;1.458749e+00;-8.913151e-02;1.141374e+00;1.613091e-01;1.765270e+00;9.265977e-02;1.424954e+00;-4.771606e-02;1.639761e+00;-1.007534e-01;1.173405e+00;-1.452588e-02;1.804570e+00;1.347170e-01;1.540492e+00;4.347320e-02;1.252005e+00;2.006343e-01;1.517565e+00;1.205060e-01;1.602045e+00;8.572793e-02;1.667384e+00;7.973126e-02
133.500000;6.573892e+01;9.696329e+01;8.797756e-03;8.083223e-01;6.121899e-02;2.497302e-02;1.058501e-01;3.646539e-02;9.633421e-02;1.262202e-01;3.328979e+00;1.218347e+01;2.759230e-01;1.968203e+00;1.608658e-01;1.033369e+00;2.634556e-02;1.642282e-01;8.824676e-03;1.434996e-02;2.348639e-02;1.216803e-01;1.600492e-02;2.642131e-01;4.426045e-02;4.261327e-01;8.636473e-02;5.674763e-01;9.472976e-02;6.587244e-01;1.906786e-01;8.108751e-01;2.504514e-01;9.124397e-01;1.601673e-01;9.449372e-01;1.875897e-01;1.009726e+00;2.623429e-01;1.110340e+00;1.560375e-01;1.129914e+00;2.003448e-01;1.183325e+00;2.021650e-01;1.236234e+00;3.524362e-01;1.396232e+00;3.831641e-01;1.444979e+00;3.093368e-01;1.433392e+00;3.741127e-01;1.491010e+00;4.949768e-01;1.569742e+00;3.009996e-01;1.541393e+00;3.443593e-01;1.535293e+00;4.026195e-01;1.472242e+00;2.819488e-01;1.312677e+00;1.306937e-01;1.070997e+00;1.302389e-01;8.994257e-01;9.477229e-02;7.335204e-01;7.081439e-02;5.906814e-01;5.273820e-01;1.364740e+00;1.598516e-01;4.127695e-01;6.096529e+01;7.723242e+01;6.307836e+01;1.098193e+02;1.163217e+02;1.810225e+02;4.347098e+02;4.732998e+02;2.067819e-01;8.272458e-01;1.179556e+02;2.236218e+02;4.116969e-01;2.614833e+00;8.571259e+04;1.487635e+05;3.514357e+00;5.986871e+00;2.477430e+02;1.356734e+02;3.487988e-01;-1.321717e+00;1.042065e-01;2.064478e-01;3.431044e-01;7.914907e-01;1.920919e+00;4.048241e+01;5.262586e+00;-1.517576e+01;4.762990e+00;3.336720e+01;6.592999e+00;2.115606e+01;6.279508e+00;1.238106e+00;5.822883e+00;-6.921294e+00;5.240585e+00;-1.390112e+01;5.540262e+00;9.019311e+00;7.628102e+00;1.627714e+01;6.419556e+00;5.819422e+00;5.035670e+00;9.071986e+00;4.523322e+00;2.182485e-01;7.919449e+00;-1.530766e+01;5.520604e+00;2.024143e+00;2.367924e-04;4.989010e-05;6.320961e-08;1.591182e-09;5.865243e-07;9.023698e-09;1.031477e-06;9.944305e-09;7.849233e-07;4.422581e-08;1.515407e-05;-2.212891e-06;8.996941e-02;5.004470e-03;4.677642e-02;1.172902e-03;3.536904e-03;-8.185437e-04;1.185582e-03;1.848073e-04;2.969300e-03;-7.579377e-04;2.766552e-03;-2.450119e-04;1.167677e-02;7.027207e-04;2.587942e-02;1.315307e-03;1.714256e-02;1.083191e-04;5.789638e-02;3.355111e-03;7.325834e-02;2.585094e-03;4.946512e-02;6.516305e-04;5.825550e-02;-4.781271e-04;8.867795e-02;2.063964e-04;4.350422e-02;1.213294e-03;5.472060e-02;1.062645e-03;5.928731e-02;8.696148e-04;9.418805e-02;5.837323e-03;1.084413e-01;5.314057e-03;8.942626e-02;6.031367e-03;1.054702e-01;3.335961e-03;1.348754e-01;4.320774e-03;8.837761e-02;-5.596819e-04;8.953232e-02;-2.840261e-03;1.053099e-01;4.158778e-04;7.389237e-02;-1.166676e-03;4.430770e-02;-5.553857e-06;3.614795e-02;-6.205412e-04;2.587024e-02;-3.492512e-04;1.939823e-02;1.930003e-04;1.588843e-01;1.031103e-02;4.996870e-02;2.738114e-03;8.313924e+00;1.909277e+00;8.599141e+00;2.024121e+00;1.625746e+01;3.861621e+00;6.177492e+01;1.411143e+01;5.342713e-02;-5.980555e-03;1.741766e+01;4.017662e+00;8.161679e-02;1.401300e-02;1.647376e+04;2.845284e+03;1.135284e+00;-9.974891e-02;8.889060e+01;-5.527903e+00;5.267863e-02;1.044068e-02;1.485909e-02;3.564779e-03;1.039192e-01;7.108964e-03;5.152660e-01;-5.359383e-03;1.547283e+00;-1.722298e-01;1.312752e+00;-2.603188e-02;1.472215e+00;-1.399565e-01;1.661661e+00;-2.859148e-01;1.431408e+00;-1.551580e-01;1.599208e+00;5.211348e-02;1.737107e+00;-7.374953e-02;1.637809e+00;-1.633355e-01;1.816408e+00;-5.626510e-02;1.129524e+00;-7.881735e-02;1.340561e+00;-1.349687e-01;1.740342e+00;-2.951351e-01;1.394877e+00;-1.267155e-01
134.000000;6.841188e+01;1.063669e+02;2.413444e-02;7.940648e-01;1.003093e-01;5.735641e-02;1.301564e-01;7.607346e-02;9.060315e-02;1.421604e-01;4.106095e+00;9.974839e+00;2.453459e-01;1.971633e+00;1.330454e-01;1.007270e+00;3.511605e-02;1.471427e-01;9.220762e-03;1.949106e-02;4.892524e-02;1.275827e-01;4.119524e-02;2.770986e-01;4.683528e-02;4.293495e-01;7.325352e-02;5.747687e-01;8.520166e-02;6.680270e-01;1.753342e-01;7.770821e-01;2.403829e-01;8.848729e-01;2.383523e-01;9.874868e-01;2.107509e-01;1.051502e+00;2.212423e-01;1.103767e+00;1.613232e-01;1.135453e+00;2.289942e-01;1.221899e+00;2.164726e-01;1.266011e+00;3.340719e-01;1.284552e+00;3.494882e-01;1.341255e+00;2.543421e-01;1.396332e+00;3.163325e-01;1.431980e+00;4.507673e-01;1.485162e+00;2.681800e-01;1.457383e+00;3.129018e-01;1.439745e+00;2.984531e-01;1.364073e+00;2.282780e-01;1.228214e+00;1.225267e-01;1.073038e+00;1.166317e-01;8.792548e-01;9.113154e-02;7.186482e-01;7.237834e-02;5.844712e-01;5.232561e-01;1.443694e+00;2.181378e-01;4.489126e-01;6.858414e+01;1.086709e+02;9.270955e+01;1.514502e+02;1.571055e+02;2.512207e+02;4.956620e+02;6.757119e+02;2.945975e-01;8.975983e-01;1.358526e+02;2.833852e+02;5.097814e-01;2.945514e+00;8.512762e+04;1.742951e+05;3.539161e+00;4.998071e+00;2.428374e+02;1.054191e+02;4.670471e-01;-1.094319e+00;1.217890e-01;2.631316e-01;4.026835e-01;8.131616e-01;2.669932e+00;4.217609e+01;4.967371e+00;-1.684277e+01;5.930012e+00;3.013315e+01;7.309944e+00;2.119085e+01;7.421724e+00;-8.838819e-02;5.864492e+00;-8.518588e+00;6.949489e+00;-1.437293e+01;7.619716e+00;6.089019e+00;8.068956e+00;1.463238e+01;6.930545e+00;1.513104e+00;5.692487e+00;4.170992e+00;5.030694e+00;-6.133175e-01;8.735839e+00;-1.418440e+01;5.532832e+00;3.222925e+00;3.252163e-04;5.870352e-06;1.307729e-07;-1.415573e-08;9.579352e-07;-1.090972e-08;1.237642e-06;1.833406e-08;6.479506e-07;2.520203e-08;1.754216e-05;-2.306529e-06;8.152682e-02;5.732852e-03;3.999485e-02;1.794902e-03;6.634365e-03;-5.354011e-04;1.474421e-03;3.848576e-04;9.424396e-03;-2.470305e-04;9.977034e-03;-2.934096e-05;1.197209e-02;2.872348e-04;2.270205e-02;8.235747e-04;1.626414e-02;-1.497494e-03;4.993296e-02;-4.611426e-04;6.705493e-02;-5.176796e-04;7.588530e-02;-4.128360e-04;6.519889e-02;8.486127e-04;8.005817e-02;8.757051e-04;4.771027e-02;6.129310e-03;6.532411e-02;6.627010e-03;6.210304e-02;3.299868e-03;8.078627e-02;-5.491511e-06;8.952235e-02;3.068047e-04;6.262652e-02;1.554946e-03;8.668971e-02;4.048123e-03;1.176735e-01;4.597267e-03;8.410396e-02;4.530774e-03;9.194872e-02;2.393731e-03;7.556469e-02;4.104217e-03;5.865235e-02;3.461789e-03;4.373527e-02;1.890972e-03;3.632989e-02;2.017373e-03;2.733036e-02;1.257214e-03;2.120205e-02;7.839370e-04;1.617744e-01;6.656593e-04;1.026543e-01;1.909847e-02;1.150455e+01;1.335059e+00;3.371695e+01;6.675293e+00;4.800041e+01;9.819140e+00;1.023687e+02;1.194375e+01;1.092524e-01;2.257784e-03;3.094475e+01;6.129398e+00;9.670965e-02;1.382402e-02;2.083541e+04;2.931297e+03;1.095569e+00;-8.593836e-02;8.494702e+01;-2.781822e+00;9.385432e-02;7.817578e-03;2.557848e-02;5.142891e-03;1.360520e-01;1.226153e-02;6.249793e-01;-4.063866e-02;1.588391e+00;-1.436038e-01;1.149814e+00;-4.618409e-02;1.820731e+00;-3.419599e-02;1.639701e+00;8.867629e-02;1.526328e+00;5.753236e-02;1.685905e+00;-1.770275e-01;1.786329e+00;-1.641623e-01;1.524604e+00;3.498457e-02;1.906370e+00;-8.624899e-02;1.773538e+00;-2.613584e-01;1.374030e+00;-1.033984e-01;1.905204e+00;2.485035e-02;1.189780e+00;1.319460e-02
134.500000;2.767489e+01;9.422443e+01;2.090536e-02;7.787392e-01;1.023129e-01;8.672627e-02;9.726476e-02;9.340899e-02;8.218586e-02;1.298032e-01;2.084917e+00;8.235742e+00;2.476191e-01;2.076444e+00;1.546567e-01;1.017397e+00;3.083172e-02;1.467241e-01;8.211759e-03;2.082011e-02;4.654203e-02;1.463336e-01;4.325355e-02;2.979563e-01;3.607102e-02;4.206775e-01;5.777337e-02;5.490206e-01;9.994318e-02;6.735002e-01;1.614030e-01;7.900430e-01;2.269614e-01;9.213970e-01;2.107465e-01;9.897201e-01;1.690744e-01;1.075313e+00;1.885415e-01;1.031803e+00;2.363365e-01;1.111142e+00;2.437717e-01;1.238182e+00;2.342569e-01;1.240721e+00;2.877400e-01;1.235393e+00;3.731875e-01;1.376949e+00;2.151687e-01;1.346136e+00;3.504807e-01;1.454285e+00;5.827133e-01;1.560907e+00;4.380460e-01;1.497593e+00;5.397280e-01;1.496003e+00;4.190196e-01;1.386824e+00;3.356082e-01;1.244138e+00;1.034445e-01;1.082889e+00;1.378336e-01;9.199977e-01;1.031170e-01;7.542291e-01;7.370418e-02;6.111810e-01;4.256952e-01;1.411396e+00;4.053414e-01;5.521842e-01;4.313215e+01;1.112549e+02;1.492374e+02;1.821709e+02;2.490718e+02;3.067764e+02;4.264732e+02;6.966709e+02;2.935595e-01;9.917180e-01;1.428824e+02;3.121478e+02;4.113615e-01;3.071416e+00;9.001072e+04;1.868100e+05;1.453563e+00;4.084140e+00;2.742698e+01;4.397589e+01;4.336804e-01;-1.074968e+00;1.189361e-01;2.889733e-01;6.107364e-01;1.146888e+00;2.590601e+00;4.296153e+01;3.929047e+00;-1.731609e+01;6.127561e+00;2.938755e+01;7.807699e+00;1.923646e+01;8.584942e+00;1.951831e+00;6.380352e+00;-3.743339e+00;7.863738e+00;-1.347598e+01;1.071899e+01;9.351170e+00;6.590753e+00;1.629042e+01;6.792503e+00;-2.703887e+00;5.845151e+00;-2.040940e-01;4.588860e+00;-2.440845e+00;6.288365e+00;-1.349402e+01;5.233810e+00;4.219060e+00;2.148653e-04;-4.233283e-05;1.525976e-07;-9.076216e-09;9.270999e-07;-5.193904e-08;8.365868e-07;-2.548200e-08;7.258262e-07;-7.075974e-08;1.384563e-05;1.092327e-06;6.533943e-02;-1.587843e-03;3.592975e-02;-9.937423e-04;8.465844e-03;5.130366e-04;1.398846e-03;-1.564626e-04;1.119843e-02;7.053970e-04;1.319914e-02;3.731647e-04;1.095440e-02;-3.968687e-04;2.044341e-02;-1.131757e-03;2.233961e-02;-7.958606e-04;3.593691e-02;-1.057239e-03;5.110981e-02;3.523723e-05;6.879646e-02;-9.711569e-04;5.651229e-02;-1.456001e-03;6.215804e-02;8.094996e-04;5.808424e-02;-6.181240e-04;6.820291e-02;-1.719313e-03;6.062165e-02;-1.595839e-03;7.016749e-02;-3.961230e-03;7.834293e-02;-2.384746e-03;5.271598e-02;-2.423136e-03;8.129679e-02;-8.994635e-04;1.259364e-01;-1.251313e-03;8.516621e-02;-2.577431e-03;1.102212e-01;-1.067405e-03;8.796749e-02;-3.540836e-04;7.381184e-02;-2.443914e-04;4.063997e-02;-2.266451e-03;4.626699e-02;2.992745e-05;3.278057e-02;-1.034633e-04;2.230780e-02;-5.152498e-04;1.460090e-01;-6.713372e-03;1.315233e-01;-1.987067e-03;9.711885e+00;-1.478613e+00;4.875574e+01;-1.593457e+00;6.938361e+01;-2.985938e+00;1.171231e+02;-1.281943e+01;1.194332e-01;3.965707e-03;3.731169e+01;-3.128009e+00;1.157093e-01;-8.078009e-03;2.336388e+04;-2.418002e+03;3.442570e-01;4.566255e-02;8.370989e+00;1.451133e+00;1.301158e-01;-6.297430e-03;3.007936e-02;-2.660680e-03;2.014837e-01;5.938130e-03;6.483793e-01;4.818324e-02;1.185113e+00;1.121073e-01;1.292530e+00;-1.258668e-02;1.921607e+00;5.286257e-02;1.552128e+00;1.406980e-01;1.627217e+00;2.253626e-01;1.623553e+00;1.029997e-01;1.701085e+00;1.267702e-01;1.652302e+00;1.780061e-01;1.753911e+00;5.096066e-02;1.840905e+00;-4.276594e-02;1.432466e+00;-1.690468e-02;1.725490e+00;1.177598e-01;1.468861e+00;1.894885e-02
135.000000;3.877195e+00;9.893327e+01;1.379031e-02;7.771801e-01;7.359185e-02;9.440110e-02;6.738197e-02;7.365613e-02;7.835029e-02;1.229580e-01;1.218374e+00;8.252197e+00;2.735721e-01;2.145507e+00;1.802633e-01;1.032628e+00;1.909971e-02;1.536802e-01;6.525527e-03;1.934870e-02;2.431112e-02;1.396291e-01;3.094332e-02;2.874448e-01;2.678190e-02;4.205204e-01;5.222689e-02;5.505853e-01;8.219086e-02;6.534811e-01;1.612971e-01;8.177161e-01;2.283273e-01;9.505995e-01;1.756501e-01;9.066252e-01;1.418835e-01;1.023894e+00;1.460646e-01;1.044452e+00;2.112303e-01;1.036181e+00;2.624061e-01;1.166703e+00;3.040423e-01;1.263106e+00;3.392633e-01;1.336629e+00;4.128360e-01;1.464682e+00;3.173928e-01;1.407170e+00;4.664165e-01;1.540578e+00;6.686071e-01;1.699235e+00;4.469729e-01;1.509032e+00;5.497887e-01;1.518364e+00;4.682014e-01;1.462542e+00;3.625392e-01;1.297615e+00;1.247584e-01;1.065123e+00;1.399040e-01;9.239883e-01;9.938514e-02;7.547995e-01;6.871248e-02;6.076235e-01;3.403996e-01;1.396659e+00;3.955626e-01;5.412003e-01;2.184863e+01;9.962695e+01;1.347950e+02;1.656621e+02;2.281378e+02;2.760557e+02;3.699619e+02;6.099639e+02;2.079969e-01;9.631643e-01;1.247030e+02;2.952917e+02;3.264471e-01;2.924671e+00;9.685450e+04;1.899803e+05;1.991792e+00;4.588333e+00;8.862079e+01;6.505129e+01;2.925686e-01;-1.147882e+00;9.883404e-02;2.728087e-01;5.212735e-01;1.597964e+00;2.599734e+00;4.260034e+01;4.943079e+00;-1.639886e+01;5.895861e+00;3.184557e+01;6.017446e+00;1.713745e+01;8.582892e+00;4.920446e-01;4.325364e+00;-4.119044e-01;7.301046e+00;-7.294232e+00;8.197109e+00;1.646200e+01;5.864119e+00;1.739998e+01;4.855790e+00;-5.076414e+00;4.720729e+00;-2.376065e+00;6.037434e+00;-2.048605e-01;4.616872e+00;-1.575567e+01;7.102062e+00;-1.874007e+00;3.486577e-05;7.172196e-07;1.173395e-07;2.165944e-09;6.161121e-07;-3.212204e-08;5.266818e-07;-1.879211e-08;8.185519e-07;1.250967e-10;1.180899e-05;-1.557227e-07;7.460948e-02;-2.277417e-03;4.283535e-02;-8.902004e-04;7.757592e-03;3.031667e-04;1.171367e-03;-3.044848e-04;7.441794e-03;1.369066e-04;1.008746e-02;-9.207200e-05;8.393596e-03;3.639715e-04;1.780519e-02;2.000239e-04;1.958796e-02;8.972103e-04;3.877897e-02;1.940118e-03;5.516782e-02;1.746267e-03;4.076379e-02;-1.481869e-03;3.844506e-02;-2.858459e-04;3.836765e-02;1.459327e-03;5.235164e-02;-5.008728e-03;7.167279e-02;-6.413885e-03;6.796256e-02;-5.900073e-03;8.914336e-02;8.997086e-05;1.043079e-01;3.453525e-05;9.576321e-02;-3.817233e-04;1.165600e-01;-2.511325e-03;1.636569e-01;-1.227538e-03;9.570555e-02;-4.888471e-03;1.116211e-01;-3.212060e-03;1.062270e-01;-2.474846e-03;8.191144e-02;-3.897307e-04;4.310233e-02;1.483938e-03;4.782400e-02;1.236527e-03;3.261251e-02;8.881171e-04;2.164138e-02;6.460409e-04;9.665788e-02;1.075492e-02;9.682240e-02;-1.854181e-02;6.378918e+00;-8.182617e-01;3.538248e+01;-6.014941e+00;5.167055e+01;-8.742480e+00;1.080923e+02;-1.016367e+01;6.849397e-02;-2.207399e-04;2.916290e+01;-5.175238e+00;1.165173e-01;-7.076353e-03;2.485604e+04;-2.550274e+03;5.543645e-01;6.550261e-02;2.812506e+01;1.809378e+00;1.234003e-01;-4.183823e-03;2.327316e-02;-4.148387e-03;2.038157e-01;-2.788232e-03;5.728178e-01;3.593049e-02;1.343901e+00;1.384756e-01;1.717157e+00;3.551996e-02;1.634172e+00;-5.201502e-02;1.651257e+00;-1.989539e-01;1.432602e+00;1.846908e-02;1.510553e+00;2.333082e-01;1.782951e+00;9.558936e-02;1.807422e+00;5.472170e-03;1.709834e+00;1.593912e-02;1.450624e+00;1.367407e-01;1.743446e+00;7.802038e-02;1.187111e+00;-2.254621e-01;1.661529e+00;-1.969092e-01
135.500000;3.843837e+00;1.001706e+02;1.127111e-02;7.742951e-01;5.315400e-02;9.306926e-02;4.065444e-02;5.902975e-02;7.891169e-02;1.472016e-01;1.312175e+00;8.049284e+00;2.479969e-01;2.022686e+00;1.377373e-01;9.974392e-01;1.710635e-02;1.502783e-01;3.151603e-03;1.672713e-02;1.308765e-02;1.267705e-01;1.871494e-02;2.683996e-01;2.321289e-02;4.256195e-01;5.062532e-02;5.694619e-01;5.116956e-02;6.648764e-01;9.408160e-02;7.602156e-01;1.282368e-01;8.464609e-01;1.841757e-01;8.894963e-01;9.937768e-02;9.781592e-01;1.075323e-01;1.049742e+00;1.010090e-01;1.062738e+00;2.113032e-01;1.180205e+00;2.620861e-01;1.282609e+00;2.689440e-01;1.273774e+00;2.945783e-01;1.304112e+00;3.601085e-01;1.437401e+00;4.615355e-01;1.472274e+00;5.458869e-01;1.516362e+00;2.610776e-01;1.427632e+00;3.458316e-01;1.422752e+00;4.118385e-01;1.394496e+00;2.947043e-01;1.249874e+00;1.366950e-01;1.080803e+00;1.375864e-01;9.056556e-01;9.344514e-02;7.426892e-01;6.906325e-02;6.008393e-01;3.457902e-01;1.623921e+00;1.757208e-01;3.744620e-01;2.790247e+01;1.020674e+02;2.273926e+01;1.431240e+02;3.810532e+01;2.266729e+02;2.221100e+02;4.855020e+02;1.798675e-01;9.566264e-01;4.936584e+01;2.574799e+02;2.218391e-01;2.877671e+00;6.620808e+04;1.481359e+05;1.881415e+00;5.290831e+00;1.036847e+02;8.702035e+01;2.437432e-01;-1.093677e+00;4.065398e-02;2.468364e-01;5.010615e-01;1.612501e+00;2.050756e+00;4.331876e+01;4.339975e+00;-1.420825e+01;6.020326e+00;3.144370e+01;5.706973e+00;1.869701e+01;7.023936e+00;-1.304107e+00;4.422591e+00;-2.409099e+00;5.950449e+00;-6.917232e+00;6.183577e+00;1.313301e+01;6.824944e+00;1.639069e+01;5.072410e+00;-4.855978e+00;6.643204e+00;-4.211686e+00;4.926740e+00;1.804295e+00;4.385269e+00;-1.427790e+01;4.154074e+00;-5.250487e+00;3.152007e-05;-1.193691e-06;9.622876e-08;-1.638919e-09;4.264826e-07;3.883597e-08;3.769773e-07;1.859086e-08;8.107959e-07;3.927419e-08;1.360082e-05;-9.018498e-07;6.603371e-02;-1.412795e-03;3.661037e-02;-6.164264e-04;7.006762e-03;-4.655109e-04;9.423117e-04;8.730159e-05;5.407988e-03;-6.528376e-04;7.864756e-03;-9.731175e-04;6.304364e-03;4.136776e-05;1.221594e-02;1.611187e-04;1.240380e-02;4.806778e-04;2.660584e-02;-6.997197e-05;3.779747e-02;-1.381154e-04;4.064335e-02;-2.345598e-04;2.689476e-02;-5.120847e-05;2.831381e-02;-2.780438e-03;3.531395e-02;-2.599685e-03;7.038292e-02;-5.385508e-05;6.117888e-02;2.396618e-03;6.942580e-02;1.591537e-03;8.128574e-02;-4.502487e-05;1.054209e-01;-1.797676e-03;1.161583e-01;-1.473689e-04;1.413080e-01;6.520642e-04;8.052080e-02;-1.408293e-03;8.055758e-02;-1.570367e-03;9.803701e-02;-3.008565e-03;7.497799e-02;-1.814218e-03;4.774092e-02;7.604433e-04;4.493102e-02;-2.579630e-03;3.132894e-02;-1.468092e-03;2.351883e-02;-7.178940e-04;7.684480e-02;4.655291e-03;5.069192e-02;-1.741057e-04;8.350097e+00;1.320703e+00;7.390975e+00;1.076660e+00;1.518369e+01;1.119727e+00;7.486982e+01;2.741894e+00;5.408197e-02;2.195824e-03;1.697274e+01;1.472499e+00;8.749688e-02;4.488698e-03;1.928803e+04;6.744131e+02;6.051332e-01;-3.048478e-02;3.370808e+01;-1.247051e+00;1.040341e-01;6.212489e-03;1.434736e-02;1.427136e-03;1.662436e-01;-4.877736e-03;5.850105e-01;5.358378e-03;1.311904e+00;-5.002579e-02;1.686279e+00;-2.260282e-02;1.399789e+00;8.654202e-03;1.921458e+00;-1.840776e-01;1.121400e+00;-1.658259e-01;1.676851e+00;-5.018365e-02;1.423296e+00;-5.372895e-02;2.152762e+00;-2.591411e-02;1.677080e+00;-1.562856e-01;1.766114e+00;-1.504750e-01;1.571926e+00;1.390337e-01;1.149459e+00;-7.425460e-03;1.533111e+00;-3.936253e-02
136.000000;8.933878e+00;1.049232e+02;2.053280e-02;7.624345e-01;6.395810e-02;9.513373e-02;5.449503e-02;6.925476e-02;8.252569e-02;1.537290e-01;1.724142e+00;7.550156e+00;2.276766e-01;1.911847e+00;1.423200e-01;1.000250e+00;2.948461e-02;1.343088e-01;6.613069e-03;1.974427e-02;3.893758e-02;1.255921e-01;4.602382e-02;2.614315e-01;2.731006e-02;4.228134e-01;5.703351e-02;5.644055e-01;5.519130e-02;6.751795e-01;9.796412e-02;7.549389e-01;1.278647e-01;8.346272e-01;1.772963e-01;9.349721e-01;1.349676e-01;9.863778e-01;1.348439e-01;1.009671e+00;1.642803e-01;1.073778e+00;2.549938e-01;1.206576e+00;1.749186e-01;1.213736e+00;2.670251e-01;1.296737e+00;3.386104e-01;1.386265e+00;3.067366e-01;1.427756e+00;3.670596e-01;1.442678e+00;4.308135e-01;1.453418e+00;2.933643e-01;1.501441e+00;3.636272e-01;1.476543e+00;4.017719e-01;1.386474e+00;3.173750e-01;1.252612e+00;1.606759e-01;1.093434e+00;1.857347e-01;8.920426e-01;1.295289e-01;7.341933e-01;9.316157e-02;5.988030e-01;3.442103e-01;1.659774e+00;1.392981e-01;3.357305e-01;5.317030e+01;1.297734e+02;5.131633e+01;1.716914e+02;8.455006e+01;2.660068e+02;3.389514e+02;5.841240e+02;2.602909e-01;9.301766e-01;9.359979e+01;2.965145e+02;3.005613e-01;2.996066e+00;7.376388e+04;1.639257e+05;1.567677e+00;4.752086e+00;6.851218e+01;6.356613e+01;3.761046e-01;-9.033515e-01;8.036524e-02;2.829116e-01;5.441798e-01;1.441253e+00;1.792599e+00;4.291153e+01;4.503408e+00;-1.389547e+01;4.907765e+00;3.090664e+01;5.624063e+00;1.817841e+01;7.817102e+00;-4.589727e+00;5.435235e+00;-6.438046e+00;7.926111e+00;-8.171124e+00;6.849792e+00;1.186896e+01;6.672669e+00;1.255901e+01;5.830563e+00;-8.081042e+00;6.505145e+00;-5.416822e+00;5.164341e+00;7.636049e-01;4.353748e+00;-1.399820e+01;4.841874e+00;-1.136485e+00;6.052282e-05;4.972313e-07;1.174072e-07;-1.138279e-08;5.114003e-07;1.738435e-08;4.921594e-07;9.995327e-09;7.218443e-07;-2.140123e-08;1.546750e-05;-1.395715e-07;6.528977e-02;1.089485e-03;3.712513e-02;1.056926e-03;8.076651e-03;-5.708179e-04;1.417636e-03;1.772487e-04;9.619007e-03;-2.785652e-04;1.199585e-02;-4.637004e-04;7.625168e-03;2.000839e-04;1.580123e-02;9.940300e-05;1.545898e-02;6.599173e-04;3.056580e-02;-5.130172e-04;3.965859e-02;-8.513815e-04;3.905583e-02;1.925086e-03;3.364341e-02;6.511911e-04;3.253628e-02;-7.707019e-04;4.823809e-02;7.719182e-04;7.974495e-02;2.556115e-03;5.173464e-02;4.233703e-03;7.047488e-02;2.682518e-03;8.808452e-02;3.123243e-03;7.907234e-02;3.712832e-03;9.251760e-02;2.993873e-03;1.170312e-01;-1.454703e-04;8.315206e-02;4.199671e-03;9.112830e-02;6.831326e-03;9.954967e-02;4.205794e-03;8.387372e-02;1.332392e-03;4.908316e-02;-2.613577e-03;5.295235e-02;-3.552452e-03;3.799652e-02;-2.136572e-03;2.833854e-02;-1.373546e-03;1.030348e-01;-2.010612e-03;4.838283e-02;1.257527e-03;1.191046e+01;1.105371e+00;1.153555e+01;1.119727e+00;2.527826e+01;2.167676e+00;9.275275e+01;7.120313e+00;9.696495e-02;-4.728185e-03;2.487715e+01;2.404215e+00;8.814476e-02;8.985204e-03;2.259920e+04;2.317359e+03;4.462008e-01;-4.512187e-02;2.082007e+01;-1.780250e+00;1.161574e-01;6.281087e-03;2.071590e-02;1.972033e-03;1.526808e-01;-3.422944e-03;6.049728e-01;-3.272408e-02;1.340815e+00;-1.276573e-01;1.246389e+00;1.034380e-01;2.000866e+00;-1.697997e-01;2.069721e+00;2.057980e-02;1.247768e+00;-1.605797e-01;1.981879e+00;-6.340688e-02;1.741128e+00;5.647994e-02;2.249192e+00;-2.693904e-01;1.826839e+00;-4.999992e-02;1.866999e+00;-1.036404e-01;1.405909e+00;-2.222812e-03;1.581629e+00;1.505820e-01;1.619345e+00;8.281271e-02
136.500000;1.947913e+01;9.239536e+01;3.191473e-02;7.704573e-01;7.591830e-02;8.479904e-02;6.764024e-02;7.001501e-02;9.740447e-02;1.375226e-01;2.781915e+00;8.392393e+00;2.651366e-01;1.922359e+00;1.543700e-01;1.023474e+00;4.231298e-02;1.378324e-01;8.318877e-03;1.978836e-02;5.246515e-02;1.446783e-01;5.887230e-02;2.723739e-01;4.395078e-02;4.153764e-01;8.156805e-02;5.547512e-01;6.439947e-02;6.881911e-01;1.359183e-01;7.754752e-01;1.302079e-01;8.093850e-01;1.510865e-01;9.387951e-01;1.542200e-01;9.492726e-01;2.245584e-01;1.100118e+00;2.433034e-01;1.205882e+00;2.463460e-01;1.161219e+00;1.577495e-01;1.199354e+00;3.302809e-01;1.368141e+00;3.349692e-01;1.375825e+00;2.817445e-01;1.433476e+00;3.093161e-01;1.454717e+00;4.753461e-01;1.520411e+00;3.739214e-01;1.609188e+00;5.138193e-01;1.618268e+00;3.794127e-01;1.398695e+00;3.077362e-01;1.273311e+00;1.550786e-01;1.077291e+00;1.800319e-01;9.196143e-01;1.282369e-01;7.461994e-01;8.977374e-02;6.003173e-01;3.979636e-01;1.420788e+00;1.421329e-01;3.531263e-01;6.128894e+01;1.174277e+02;7.001511e+01;1.557568e+02;1.299074e+02;2.532305e+02;4.092609e+02;6.109688e+02;3.279492e-01;9.238532e-01;1.188025e+02;2.903628e+02;4.210244e-01;2.980901e+00;9.128811e+04;1.839358e+05;1.385345e+00;4.623346e+00;3.100114e+01;5.176481e+01;5.400020e-01;-9.983265e-01;1.038353e-01;2.704320e-01;5.995777e-01;1.092574e+00;2.460009e+00;4.130017e+01;4.302639e+00;-1.551778e+01;4.824883e+00;3.324232e+01;5.713020e+00;1.746239e+01;7.759017e+00;-3.113431e+00;6.078756e+00;-5.732723e+00;9.906720e+00;-1.252023e+01;7.264060e+00;1.246317e+01;6.989064e+00;1.201493e+01;7.606764e+00;-4.720811e+00;9.556352e+00;3.016000e+00;5.576919e+00;-1.137064e+00;4.965095e+00;-1.459721e+01;4.665417e+00;2.057680e+00;6.451470e-05;-6.436834e-06;1.269664e-07;1.041376e-08;4.969986e-07;-4.354994e-08;5.156602e-07;-1.148370e-08;7.232910e-07;-3.541919e-08;1.301682e-05;1.507180e-06;7.444821e-02;2.083692e-03;4.132795e-02;1.251555e-03;8.957040e-03;8.004774e-04;1.442938e-03;-8.906525e-05;1.107034e-02;7.462266e-04;1.542717e-02;9.301325e-04;1.324440e-02;-4.278091e-04;2.342256e-02;-3.086406e-04;2.107847e-02;1.381173e-04;3.768388e-02;3.711554e-04;3.760639e-02;-1.834595e-04;4.153111e-02;1.998158e-03;4.178054e-02;3.125975e-03;6.706908e-02;2.798839e-04;5.311643e-02;3.000519e-03;7.162391e-02;2.078119e-03;4.881535e-02;-7.347802e-04;8.588187e-02;-5.111926e-04;8.613805e-02;2.732264e-05;7.498948e-02;2.605539e-03;8.229187e-02;1.396652e-03;1.293704e-01;-9.365502e-04;1.127173e-01;4.511888e-03;1.423596e-01;3.206016e-03;1.093563e-01;2.947640e-03;8.360710e-02;2.449992e-03;4.761049e-02;2.032901e-03;4.872257e-02;1.982030e-03;3.454482e-02;1.151456e-03;2.597078e-02;6.631412e-04;1.256387e-01;-5.732701e-03;4.468234e-02;5.851489e-04;1.040520e+01;-1.765723e+00;1.119980e+01;-1.507324e+00;3.485719e+01;-1.579102e+00;1.044716e+02;-3.502734e+00;1.226594e-01;-1.213113e-04;2.611486e+01;-2.031360e+00;8.658558e-02;-7.363661e-03;2.533555e+04;-7.130724e+02;3.344336e-01;3.677872e-02;7.988741e+00;1.205792e+00;1.271172e-01;-1.030694e-02;2.099998e-02;-2.043386e-03;1.760006e-01;-4.466943e-03;5.697629e-01;-3.499277e-02;1.261481e+00;2.005187e-02;1.297106e+00;7.915709e-02;2.056926e+00;-5.707960e-03;1.784436e+00;1.998885e-01;1.577660e+00;1.523007e-01;2.001802e+00;9.756319e-03;1.999546e+00;3.510053e-02;2.009515e+00;1.766578e-02;1.783154e+00;1.703913e-01;1.495127e+00;2.765154e-01;1.536596e+00;-5.473946e-02;1.844675e+00;6.814378e-02;1.674226e+00;1.248641e-01
137.000000;6.411281e+00;7.333955e+01;2.309243e-02;7.973265e-01;6.504091e-02;4.100587e-02;5.640249e-02;4.346996e-02;8.472386e-02;9.127852e-02;2.732505e+00;1.098306e+01;2.656266e-01;1.976231e+00;1.399366e-01;1.031992e+00;3.460164e-02;1.651050e-01;6.448939e-03;1.446838e-02;3.576457e-02;1.477998e-01;3.955110e-02;2.749634e-01;4.773484e-02;4.137382e-01;9.331502e-02;5.538204e-01;6.585600e-02;6.865909e-01;1.877917e-01;8.084258e-01;1.677912e-01;8.364807e-01;1.081559e-01;9.336917e-01;1.100617e-01;9.385037e-01;2.221620e-01;1.125560e+00;1.967033e-01;1.235248e+00;1.762558e-01;1.169353e+00;2.279122e-01;1.245267e+00;3.126260e-01;1.349845e+00;2.420913e-01;1.300220e+00;2.775013e-01;1.417252e+00;3.326463e-01;1.480527e+00;5.024189e-01;1.579941e+00;3.633657e-01;1.594681e+00;4.904134e-01;1.607668e+00;3.617552e-01;1.440485e+00;2.588745e-01;1.296734e+00;1.212651e-01;1.077960e+00;1.082926e-01;9.450798e-01;8.225308e-02;7.626456e-01;6.248769e-02;6.093069e-01;4.223763e-01;1.279407e+00;1.433042e-01;3.703243e-01;3.399398e+01;7.105957e+01;4.456651e+01;1.020674e+02;1.084281e+02;1.718350e+02;2.873632e+02;4.137246e+02;2.683101e-01;9.329305e-01;8.582668e+01;2.086160e+02;4.166032e-01;2.665488e+00;7.809949e+04;1.408749e+05;2.372095e+00;5.947588e+00;1.403896e+02;1.037130e+02;4.284021e-01;-1.363985e+00;7.319688e-02;1.937773e-01;4.104224e-01;7.784575e-01;1.978385e+00;4.012660e+01;3.651737e+00;-1.525763e+01;4.675692e+00;3.474558e+01;6.061587e+00;1.799667e+01;6.062252e+00;3.985145e+00;4.490880e+00;-1.620144e+00;4.637365e+00;-1.786752e+01;4.419127e+00;1.224019e+01;7.422743e+00;1.688549e+01;4.141635e+00;2.919849e+00;6.338271e+00;1.308410e+01;3.609059e+00;-1.918382e+00;5.636821e+00;-1.450979e+01;4.538739e+00;2.493485e+00;3.144187e-05;-7.187549e-06;8.939593e-08;2.013743e-08;2.807197e-07;-1.178116e-08;3.490556e-07;-1.558695e-08;5.608746e-07;-1.433480e-08;1.023032e-05;1.659538e-06;7.696761e-02;-3.235622e-05;4.036764e-02;-7.997571e-04;6.712887e-03;8.606212e-04;8.688173e-04;-1.593600e-04;7.146421e-03;3.949369e-04;1.173882e-02;5.565044e-04;1.482100e-02;-3.902397e-04;2.716287e-02;-6.818251e-04;2.071466e-02;-1.174292e-04;5.251035e-02;7.433558e-04;4.554786e-02;9.494075e-04;3.786179e-02;1.660424e-04;3.740449e-02;-1.602336e-03;7.285721e-02;-2.436466e-03;4.490047e-02;-8.239136e-04;5.129528e-02;3.262377e-04;5.907753e-02;9.755978e-04;7.659595e-02;-5.701837e-04;6.781033e-02;-1.479828e-03;8.967826e-02;-4.427120e-03;9.325598e-02;-2.560482e-03;1.334093e-01;4.862377e-04;1.034242e-01;-5.439625e-03;1.293323e-01;-7.454998e-03;1.018187e-01;-4.182348e-03;7.001858e-02;-1.543747e-03;4.183984e-02;3.361157e-03;2.965474e-02;2.706285e-03;2.109534e-02;1.536419e-03;1.797715e-02;7.146696e-04;1.327059e-01;-6.214539e-03;3.997200e-02;6.100184e-04;5.171955e+00;-1.722656e+00;5.849286e+00;-1.780078e+00;2.681323e+01;-3.014648e+00;6.112566e+01;-8.369238e+00;9.121034e-02;2.875533e-04;1.384721e+01;-2.915199e+00;6.623431e-02;-1.250025e-02;1.588847e+04;-2.133468e+03;5.704386e-01;3.035752e-02;3.976382e+01;8.398532e-01;9.638627e-02;-1.090197e-02;1.090212e-02;-2.596401e-03;1.545953e-01;-3.600814e-03;4.249216e-01;9.666154e-03;9.438102e-01;7.893199e-02;1.374471e+00;-7.640296e-02;1.483265e+00;2.085104e-01;2.060982e+00;1.248485e-02;1.553329e+00;7.764611e-02;1.620954e+00;2.280060e-02;1.589132e+00;7.423729e-02;1.426622e+00;3.863663e-01;1.370460e+00;7.533815e-02;1.430356e+00;1.698336e-01;1.261850e+00;2.404584e-02;1.731642e+00;-7.271034e-02;1.451511e+00;2.706365e-02
137.500000;1.186371e+00;7.198152e+01;5.636971e-03;8.074475e-01;1.870446e-02;1.154269e-02;2.253577e-02;2.046604e-02;4.466638e-02;6.803364e-02;1.306257e+00;1.292812e+01;2.878996e-01;1.985393e+00;1.553231e-01;1.016270e+00;5.486425e-03;1.779289e-01;3.647641e-03;1.365079e-02;3.545977e-03;1.316519e-01;8.033706e-03;2.684005e-01;4.274516e-02;4.179022e-01;7.683620e-02;5.576206e-01;6.284587e-02;6.767524e-01;2.134579e-01;8.044416e-01;2.489811e-01;9.064439e-01;1.461824e-01;9.436403e-01;1.641987e-01;1.001662e+00;2.051611e-01;1.077094e+00;1.342997e-01;1.082390e+00;1.926996e-01;1.158660e+00;2.420545e-01;1.254574e+00;3.260203e-01;1.331812e+00;4.167396e-01;1.419590e+00;3.166419e-01;1.424026e+00;4.336787e-01;1.475219e+00;4.885699e-01;1.514662e+00;3.077913e-01;1.477330e+00;3.586930e-01;1.474388e+00;3.351242e-01;1.422591e+00;2.677991e-01;1.281224e+00;1.375727e-01;1.093360e+00;8.732594e-02;8.939608e-01;6.044193e-02;7.353542e-01;4.677079e-02;5.982750e-01;4.499334e-01;1.220389e+00;1.698427e-01;4.058263e-01;1.066950e+01;5.368945e+01;0;8.613281e+01;2.823177e+01;1.317832e+02;1.033849e+02;3.175430e+02;1.542403e-01;8.696791e-01;3.403996e+01;1.768882e+02;2.212740e-01;2.431714e+00;4.653362e+04;1.175865e+05;2.693524e+00;6.436345e+00;1.610898e+02;1.299348e+02;1.071934e-01;-1.521273e+00;2.769330e-02;1.649304e-01;2.996645e-01;7.457815e-01;1.806842e+00;4.078515e+01;4.720180e+00;-1.474601e+01;5.024938e+00;3.259165e+01;5.981371e+00;2.012620e+01;7.396402e+00;4.687475e+00;4.086195e+00;-2.855812e+00;5.922836e+00;-1.396325e+01;4.904448e+00;1.518102e+01;6.534655e+00;1.820091e+01;3.795066e+00;3.720642e+00;6.192816e+00;1.329366e+01;4.039627e+00;4.672387e-01;6.707675e+00;-1.373595e+01;5.043602e+00;3.634713e+00;5.257597e-06;-3.773308e-07;4.267705e-08;-1.641595e-09;1.170560e-07;1.324301e-08;1.490598e-07;-1.429349e-09;3.611888e-07;1.168577e-08;1.011040e-05;-6.740465e-08;8.469992e-02;2.057970e-03;4.270751e-02;6.471964e-04;1.718346e-03;4.443442e-05;8.789946e-04;6.689343e-05;3.620958e-04;-1.327815e-04;2.064115e-03;-3.492699e-05;1.335355e-02;8.405612e-04;2.427921e-02;1.024244e-03;1.450105e-02;-1.761861e-04;6.404996e-02;1.395913e-03;7.005794e-02;1.594145e-04;4.540374e-02;-2.189810e-03;4.795881e-02;-3.498943e-03;6.575812e-02;1.466957e-03;3.860741e-02;-9.526279e-04;4.520620e-02;-2.073430e-03;5.587212e-02;-8.476586e-04;8.683960e-02;5.821526e-03;1.125518e-01;3.892170e-03;9.243282e-02;3.579208e-03;1.104665e-01;9.009794e-04;1.258916e-01;3.702765e-03;7.444863e-02;2.452526e-03;8.949074e-02;4.738826e-03;8.395739e-02;6.372737e-04;6.459037e-02;-1.012437e-04;4.608953e-02;-2.920013e-03;2.714775e-02;-2.759029e-04;1.970035e-02;-2.083572e-04;1.666876e-02;-3.733741e-04;1.442252e-01;8.876994e-03;4.597279e-02;1.832127e-03;3.309986e+00;8.613281e-02;0;0;9.918901e+00;2.440430e-01;3.157224e+01;5.742188e-01;4.283784e-02;-4.403415e-03;9.530659e+00;4.084742e-01;6.770000e-02;1.988110e-03;1.236988e+04;5.630490e+02;7.832047e-01;-2.689387e-02;5.035892e+01;-1.128891e+00;3.362068e-02;-1.481936e-03;7.945172e-03;3.265278e-04;8.625459e-02;5.466570e-03;4.339888e-01;3.455709e-03;1.355108e+00;-2.853575e-02;1.276580e+00;8.816888e-02;1.645250e+00;-3.742307e-03;2.234707e+00;-7.872450e-02;1.336256e+00;-1.054018e-01;1.588935e+00;1.682733e-02;1.614468e+00;8.085981e-02;1.441202e+00;-1.100881e-01;1.487750e+00;7.919087e-03;1.488070e+00;1.073204e-01;1.255013e+00;-4.744335e-02;1.838206e+00;-9.686446e-02;1.723148e+00;-4.152666e-02
138.000000;7.197940e+00;7.535627e+01;1.963641e-02;7.978181e-01;3.969132e-02;2.449205e-02;3.958929e-02;2.754576e-02;5.827063e-02;1.076721e-01;2.780083e+00;1.143460e+01;2.435115e-01;1.963199e+00;1.350368e-01;9.896567e-01;2.919008e-02;1.645839e-01;4.422860e-03;1.649786e-02;2.562553e-02;1.258236e-01;3.443975e-02;2.773637e-01;3.579432e-02;4.248622e-01;6.031482e-02;5.659419e-01;8.921138e-02;6.842279e-01;1.618097e-01;7.685104e-01;2.213528e-01;8.569801e-01;1.472366e-01;9.527206e-01;1.903592e-01;1.047647e+00;2.072775e-01;1.027155e+00;1.483688e-01;1.099657e+00;2.702120e-01;1.206882e+00;2.363926e-01;1.260656e+00;3.072641e-01;1.278953e+00;3.999336e-01;1.346397e+00;2.808605e-01;1.404865e+00;3.860649e-01;1.413888e+00;3.975680e-01;1.426435e+00;2.757996e-01;1.370715e+00;3.587742e-01;1.373093e+00;2.851535e-01;1.339515e+00;2.590806e-01;1.218101e+00;1.366018e-01;1.059327e+00;1.256105e-01;8.897473e-01;8.016695e-02;7.266748e-01;5.302866e-02;5.849378e-01;4.063812e-01;1.248301e+00;1.542972e-01;4.289392e-01;4.059934e+01;7.235156e+01;5.356264e+01;1.108242e+02;1.056799e+02;1.893486e+02;3.584746e+02;4.754531e+02;3.247055e-01;9.244133e-01;9.035540e+01;2.247598e+02;4.654227e-01;2.715190e+00;6.585691e+04;1.453397e+05;2.132462e+00;5.161795e+00;9.906613e+01;8.051955e+01;4.095895e-01;-1.339720e+00;8.195399e-02;2.090756e-01;4.003327e-01;7.565927e-01;2.274955e+00;4.250402e+01;4.236581e+00;-1.578582e+01;5.603241e+00;2.987691e+01;6.309977e+00;2.258728e+01;6.680503e+00;1.639393e+00;4.632387e+00;-7.010903e+00;5.575766e+00;-1.159410e+01;6.953867e+00;1.407013e+01;8.875753e+00;1.564791e+01;4.471989e+00;8.742076e-01;8.201906e+00;8.770019e+00;5.117199e+00;2.542071e-01;9.320388e+00;-1.131652e+01;4.673016e+00;4.341356e+00;4.402729e-05;5.201117e-06;1.389252e-07;-6.245482e-09;3.272983e-07;1.975143e-08;3.504572e-07;3.754967e-09;5.217132e-07;-3.888661e-09;1.601346e-05;-9.821023e-07;7.283153e-02;-9.403042e-04;3.671317e-02;4.638204e-05;7.142507e-03;-7.379400e-04;9.376091e-04;1.184177e-04;6.312314e-03;-4.643677e-04;1.062184e-02;-1.995663e-04;1.131868e-02;1.935192e-04;1.972093e-02;1.519515e-04;2.003373e-02;-8.212849e-04;4.791076e-02;-1.203459e-03;5.868901e-02;-9.815579e-04;5.196811e-02;3.012426e-03;4.955891e-02;4.068549e-03;7.262205e-02;2.572299e-03;3.677003e-02;3.894120e-04;5.428524e-02;-6.072036e-04;4.899734e-02;-4.487154e-03;7.697064e-02;-3.371769e-04;1.005643e-01;1.792819e-03;7.177176e-02;3.601069e-03;9.394538e-02;2.259091e-03;1.030671e-01;-1.591007e-04;6.979553e-02;1.837773e-03;8.562478e-02;1.090685e-03;7.411921e-02;-1.705129e-04;6.394090e-02;-2.023733e-03;4.793306e-02;-3.093844e-03;4.194580e-02;-2.364072e-03;2.801250e-02;-1.704553e-03;1.951287e-02;-1.146080e-03;1.333831e-01;1.692726e-03;4.314225e-02;-5.375461e-04;9.201218e+00;1.091016e+00;1.299137e+01;1.378125e+00;2.592702e+01;2.138965e+00;8.532185e+01;7.881152e+00;1.128488e-01;-1.248087e-03;2.001590e+01;2.179914e+00;9.558518e-02;1.335524e-02;1.601865e+04;1.224368e+03;5.927171e-01;-3.105973e-02;3.168494e+01;-7.896756e-01;1.019560e-01;1.064073e-02;1.792371e-02;2.041147e-03;1.418396e-01;-3.994203e-05;5.023319e-01;4.646952e-02;1.275824e+00;-7.868806e-02;1.381270e+00;-3.090999e-02;1.701283e+00;-8.518839e-02;1.513229e+00;-2.091387e-02;1.307657e+00;4.445216e-02;1.766254e+00;-2.395108e-03;1.731561e+00;-1.876622e-01;1.999721e+00;-2.717908e-01;1.521942e+00;-1.042720e-01;1.600286e+00;-9.932743e-02;1.423280e+00;-6.335051e-02;2.073419e+00;1.195225e-01;1.857982e+00;6.726419e-02
138.500000;1.175304e+01;8.777848e+01;1.775203e-02;7.884533e-01;3.893110e-02;2.734380e-02;3.734351e-02;2.465786e-02;7.640297e-02;1.301800e-01;1.983477e+00;8.925219e+00;3.673277e-01;2.074267e+00;2.257538e-01;1.053711e+00;3.610797e-02;1.430563e-01;4.809079e-03;1.956412e-02;3.601304e-02;1.287010e-01;4.344379e-02;2.890416e-01;3.118156e-02;4.298829e-01;1.056716e-01;5.674320e-01;2.143025e-01;7.157421e-01;2.212356e-01;7.918998e-01;3.554212e-01;9.166002e-01;4.670000e-01;1.135677e+00;1.844805e-01;1.117890e+00;2.180835e-01;1.126786e+00;1.321766e-01;1.143080e+00;2.646925e-01;1.235872e+00;2.547382e-01;1.240881e+00;2.873487e-01;1.272509e+00;3.313555e-01;1.351447e+00;2.999001e-01;1.432529e+00;3.821965e-01;1.510453e+00;5.521975e-01;1.568684e+00;4.186686e-01;1.478264e+00;4.138980e-01;1.444929e+00;5.442515e-01;1.523189e+00;5.709416e-01;1.375785e+00;3.360065e-01;1.144137e+00;4.072921e-01;1.063794e+00;2.545845e-01;7.874016e-01;1.159106e-01;6.038751e-01;8.269940e-01;1.481998e+00;1.513838e-01;4.423881e-01;4.066705e+01;1.086709e+02;6.825056e+01;1.662363e+02;1.256411e+02;2.871094e+02;3.668978e+02;7.078682e+02;3.575037e-01;9.627091e-01;9.432265e+01;3.033169e+02;4.621134e-01;3.226007e+00;6.057819e+04;1.771216e+05;1.089800e+00;3.961326e+00;2.805466e+01;4.227806e+01;4.949499e-01;-1.039199e+00;8.684015e-02;2.860820e-01;7.066659e-01;1.086357e+00;2.844730e+00;4.279281e+01;3.264158e+00;-1.598362e+01;5.933719e+00;2.484187e+01;9.673177e+00;1.736088e+01;6.568749e+00;2.351361e+00;7.574459e+00;-4.756574e+00;1.268871e+01;-6.919620e+00;8.460271e+00;5.495796e+00;9.724338e+00;1.290543e+01;6.011024e+00;-5.078417e+00;8.358411e+00;3.495770e+00;5.210414e+00;-2.117001e+00;9.569559e+00;-6.816533e+00;4.645616e+00;1.351499e+00;4.391883e-05;6.915473e-06;1.506991e-07;-6.738207e-09;3.265285e-07;2.399578e-08;3.479045e-07;1.699144e-08;7.347971e-07;-4.742899e-09;1.695881e-05;-6.477960e-07;9.333017e-02;3.041022e-03;5.560278e-02;7.076141e-04;9.174108e-03;-9.764369e-05;1.130295e-03;4.635927e-05;8.111260e-03;1.496348e-04;1.297918e-02;2.423489e-04;1.027581e-02;9.391315e-06;3.661533e-02;-7.373732e-04;5.951200e-02;3.107993e-03;6.264986e-02;3.325533e-04;8.853418e-02;-8.870912e-04;1.275858e-01;2.529358e-04;4.594947e-02;4.405629e-03;6.186092e-02;3.824372e-03;3.755945e-02;2.682505e-03;6.733068e-02;5.965816e-03;6.366561e-02;1.527641e-03;5.939383e-02;-7.183691e-03;7.281677e-02;-2.869674e-03;8.169768e-02;5.767304e-04;9.184022e-02;-4.545473e-04;1.251584e-01;-2.410950e-03;1.172486e-01;1.796358e-03;1.065587e-01;-8.721651e-04;1.321026e-01;4.238304e-03;1.179379e-01;3.421451e-06;7.849240e-02;2.455585e-03;8.599970e-02;1.830907e-03;7.076110e-02;5.299946e-05;3.210417e-02;3.583164e-04;2.755473e-01;-2.684210e-03;5.146654e-02;1.038039e-03;1.142554e+01;3.014649e-01;1.840738e+01;5.598633e-01;4.162960e+01;6.747071e-01;1.131089e+02;2.583984e+00;1.268098e-01;2.345174e-03;2.765415e+01;6.426237e-01;1.322758e-01;5.059243e-03;1.981462e+04;-9.907484e+01;3.363557e-01;-7.768122e-03;9.350448e+00;-5.463183e-02;1.358930e-01;3.119177e-03;2.465386e-02;7.212390e-04;1.950247e-01;-1.033440e-03;6.736240e-01;8.104125e-03;9.670995e-01;1.620650e-02;1.479615e+00;-1.935375e-01;2.010880e+00;-1.180416e-01;1.575914e+00;1.624277e-01;1.727639e+00;1.376499e-01;2.231897e+00;1.187497e-01;1.837133e+00;-2.501259e-01;2.097001e+00;1.696847e-02;1.310155e+00;4.722548e-03;1.660709e+00;-1.241351e-01;1.542846e+00;1.749576e-02;1.939505e+00;2.372589e-01;1.573064e+00;-6.110634e-02
139.000000;4.243308e+00;9.947836e+01;1.152569e-02;7.830248e-01;4.526584e-02;4.719465e-02;4.223877e-02;4.576443e-02;8.572153e-02;1.277343e-01;1.181156e+00;8.067723e+00;3.614348e-01;2.233615e+00;2.303440e-01;1.064579e+00;2.709681e-02;1.444731e-01;3.866094e-03;1.928823e-02;2.557283e-02;1.342355e-01;3.029443e-02;2.847978e-01;2.950925e-02;4.282527e-01;1.076731e-01;5.708500e-01;2.097900e-01;6.973863e-01;2.206410e-01;8.292521e-01;3.410804e-01;9.872900e-01;4.811642e-01;1.092910e+00;1.636580e-01;1.085080e+00;1.921979e-01;1.142368e+00;1.477799e-01;1.082145e+00;2.606049e-01;1.183377e+00;2.372257e-01;1.208770e+00;2.976847e-01;1.301270e+00;3.601204e-01;1.421440e+00;2.774688e-01;1.415211e+00;4.386348e-01;1.558565e+00;5.957319e-01;1.651867e+00;4.297054e-01;1.553771e+00;4.113430e-01;1.561998e+00;5.438401e-01;1.576614e+00;5.717608e-01;1.388120e+00;3.458672e-01;1.129274e+00;4.261513e-01;1.010398e+00;2.602467e-01;7.725884e-01;1.248703e-01;6.112177e-01;8.262197e-01;1.728377e+00;1.798435e-01;4.401197e-01;2.399726e+01;1.125469e+02;4.627073e+01;1.726963e+02;9.436513e+01;2.922773e+02;2.458040e+02;6.920771e+02;2.124619e-01;9.445169e-01;6.754745e+01;3.066954e+02;3.421754e-01;3.295415e+00;5.961820e+04;1.681540e+05;1.737199e+00;4.360110e+00;8.504047e+01;6.384226e+01;3.619992e-01;-1.029781e+00;5.873355e-02;2.936632e-01;6.039998e-01;1.482571e+00;2.861023e+00;4.303658e+01;4.565930e+00;-1.550761e+01;5.161544e+00;2.320052e+01;5.782895e+00;8.951853e+00;6.018764e+00;5.439631e+00;5.699480e+00;1.354092e+00;1.151010e+01;-1.703557e-01;7.242093e+00;3.945328e+00;8.267478e+00;8.025545e+00;5.364604e+00;-5.931951e+00;5.251335e+00;-3.845351e-01;5.039885e+00;-1.353843e+00;4.514953e+00;-3.310761e+00;4.288729e+00;-3.331831e+00;2.385544e-05;4.359205e-06;8.627104e-08;1.148568e-09;3.451714e-07;1.525622e-08;2.923602e-07;1.979110e-08;7.525175e-07;-5.744404e-10;1.275539e-05;1.648549e-07;9.882717e-02;3.934894e-03;5.783054e-02;3.491889e-04;7.030811e-03;6.221476e-04;1.071417e-03;-9.372638e-05;6.017331e-03;5.572192e-04;8.963302e-03;4.095697e-04;8.969663e-03;-2.483983e-05;3.604145e-02;-8.257131e-05;5.822914e-02;5.943900e-04;6.451270e-02;2.824954e-03;8.863089e-02;2.442812e-03;1.232011e-01;-1.981502e-03;4.263743e-02;-2.834132e-03;4.140105e-02;-1.077257e-03;4.375349e-02;-4.555585e-04;8.670457e-02;-1.245989e-03;6.707704e-02;4.098041e-04;7.219462e-02;7.632834e-04;9.010535e-02;-7.552317e-04;7.440083e-02;-1.348404e-03;1.075371e-01;-6.838359e-04;1.431521e-01;1.145388e-03;1.281555e-01;1.234983e-03;1.157677e-01;1.787995e-03;1.335099e-01;1.276942e-03;1.202613e-01;4.060167e-05;7.531742e-02;1.434177e-03;8.236832e-02;2.077436e-03;7.281396e-02;1.324521e-03;3.754310e-02;1.244156e-03;2.708044e-01;9.720053e-03;6.113222e-02;-8.171216e-04;8.728598e+00;-5.167969e-01;1.368398e+01;-8.326172e-01;3.745676e+01;-6.890625e-01;9.628944e+01;-5.239746e+00;7.270568e-02;4.031303e-03;2.488930e+01;-1.370401e+00;1.285769e-01;-6.797300e-03;2.115852e+04;-1.201335e+03;5.653598e-01;2.765539e-02;2.734874e+01;8.700134e-01;1.102979e-01;-9.464225e-03;2.156824e-02;-1.142214e-03;1.877039e-01;1.417168e-02;7.364902e-01;-6.948512e-03;1.347160e+00;9.719191e-02;1.430367e+00;-2.127556e-02;1.842704e+00;-1.173500e-01;1.660760e+00;-3.924754e-02;1.814801e+00;9.577131e-02;2.307649e+00;2.219982e-01;1.759598e+00;1.538489e-01;1.692506e+00;5.160416e-02;1.109512e+00;2.709532e-02;1.567344e+00;3.359325e-02;1.497531e+00;1.219483e-02;1.462592e+00;-6.883100e-02;1.332514e+00;-1.830493e-01
139.500000;5.657018e+00;1.059868e+02;1.096358e-02;7.846103e-01;4.696238e-02;6.236763e-02;3.847881e-02;6.092193e-02;7.183895e-02;1.286132e-01;1.276541e+00;8.458932e+00;1.893139e-01;2.231565e+00;9.860063e-02;9.959509e-01;1.203629e-02;1.518382e-01;3.051776e-03;1.872512e-02;1.006884e-02;1.307764e-01;1.371527e-02;2.734708e-01;2.053612e-02;4.280465e-01;5.295409e-02;5.479851e-01;6.540246e-02;6.607426e-01;1.026167e-01;7.781397e-01;1.148432e-01;8.677576e-01;1.035177e-01;9.153349e-01;1.064253e-01;1.023046e+00;9.988808e-02;1.028189e+00;1.534344e-01;1.082347e+00;3.323018e-01;1.187110e+00;2.110458e-01;1.230379e+00;2.289676e-01;1.288278e+00;2.822976e-01;1.360088e+00;1.825827e-01;1.407570e+00;3.574069e-01;1.449724e+00;4.464767e-01;1.501032e+00;3.040948e-01;1.471909e+00;2.806550e-01;1.478162e+00;2.365454e-01;1.393475e+00;1.687091e-01;1.178777e+00;1.449945e-01;1.046206e+00;1.269486e-01;8.558347e-01;9.935524e-02;7.197700e-01;8.385087e-02;5.905704e-01;3.245762e-01;1.734093e+00;1.879338e-01;3.859015e-01;1.416689e+01;1.049385e+02;2.018922e+01;1.523115e+02;4.688308e+01;2.470576e+02;1.925590e+02;6.012070e+02;1.783659e-01;9.402489e-01;4.466389e+01;2.752999e+02;2.296625e-01;3.136555e+00;5.415330e+04;1.441552e+05;1.665971e+00;4.860126e+00;8.949636e+01;8.070716e+01;1.898505e-01;-1.112772e+00;3.631281e-02;2.667471e-01;3.847278e-01;1.478239e+00;1.653919e+00;4.415959e+01;4.961823e+00;-1.500599e+01;5.926715e+00;2.385184e+01;3.902617e+00;7.158603e+00;4.842417e+00;4.419223e+00;4.332065e+00;4.883870e+00;5.943153e+00;4.211807e+00;5.186973e+00;7.686663e+00;6.890695e+00;3.627316e+00;6.637457e+00;-7.314310e+00;5.049465e+00;4.785734e-01;5.241177e+00;-6.584833e-01;4.242773e+00;-2.035295e+00;3.392905e+00;-4.893750e+00;2.363192e-05;2.941001e-06;6.554374e-08;2.104076e-09;4.496531e-07;1.648409e-08;3.212938e-07;-9.018200e-09;5.867106e-07;5.156526e-08;1.139531e-05;-1.655521e-07;5.765530e-02;-9.720941e-04;2.716521e-02;-1.931799e-04;6.174284e-03;-2.121586e-04;8.187605e-04;-2.569916e-05;5.077335e-03;-7.167028e-05;6.628299e-03;-1.139663e-04;5.564013e-03;-4.600410e-04;1.275057e-02;3.397930e-04;1.431149e-02;-2.694740e-03;2.327078e-02;-2.539614e-03;1.989711e-02;1.423414e-04;1.485161e-02;6.602143e-04;2.603547e-02;-2.385707e-03;2.017929e-02;-3.844048e-03;4.404148e-02;-6.648194e-04;1.133431e-01;4.586916e-03;5.765072e-02;3.006142e-03;5.669922e-02;4.457232e-03;7.490890e-02;2.002657e-03;4.141051e-02;-1.243535e-03;8.503641e-02;9.920922e-04;1.128301e-01;-3.196580e-04;8.467567e-02;-4.256806e-03;6.846622e-02;-2.991520e-03;5.821096e-02;-1.926496e-03;4.797493e-02;2.118188e-03;3.313628e-02;-1.067434e-03;3.374228e-02;-1.074028e-03;3.875645e-02;1.308674e-03;3.326708e-02;1.017158e-03;6.934043e-02;1.439983e-03;6.162952e-02;1.448001e-04;7.099792e+00;2.871094e-01;9.896698e+00;2.583984e-01;2.171718e+01;4.737305e-01;8.157797e+01;1.464258e+00;5.049209e-02;2.921648e-03;1.903501e+01;5.956355e-01;1.058825e-01;4.315954e-04;1.778280e+04;5.702709e+02;5.976811e-01;-3.329491e-03;3.067063e+01;1.169824e-01;9.517182e-02;1.561126e-03;1.643443e-02;4.838372e-04;1.341190e-01;7.947029e-03;5.480872e-01;1.087550e-02;1.481510e+00;-4.562828e-02;1.361912e+00;7.212903e-03;1.248746e+00;7.853955e-02;1.210256e+00;-5.858849e-02;1.258072e+00;-3.356431e-02;1.957666e+00;4.098037e-02;1.203880e+00;1.590995e-01;1.686609e+00;-1.039218e-01;1.222735e+00;-8.166552e-02;1.627187e+00;-1.760044e-01;1.352746e+00;1.261152e-02;1.259674e+00;5.420135e-02;1.204696e+00;-3.159385e-03
140.000000;2.685338e+01;1.136995e+02;2.471730e-02;7.742980e-01;6.563325e-02;9.429065e-02;6.657262e-02;6.276897e-02;8.930444e-02;1.725031e-01;2.565186e+00;7.478023e+00;1.889329e-01;2.243317e+00;9.481050e-02;1.012648e+00;2.225234e-02;1.426511e-01;3.805486e-03;2.179390e-02;3.042069e-02;1.276450e-01;3.691564e-02;2.685619e-01;3.137346e-02;4.208080e-01;5.965084e-02;5.556099e-01;5.020490e-02;6.691582e-01;1.092715e-01;7.660004e-01;1.288083e-01;8.466690e-01;1.039397e-01;9.500433e-01;1.213070e-01;1.026852e+00;5.256090e-02;1.061287e+00;1.036671e-01;1.092121e+00;2.875637e-01;1.202191e+00;1.615288e-01;1.217935e+00;2.554128e-01;1.295139e+00;2.958912e-01;1.369817e+00;1.489587e-01;1.463691e+00;2.963118e-01;1.487468e+00;4.762746e-01;1.533936e+00;3.295596e-01;1.525803e+00;2.233160e-01;1.482391e+00;2.074381e-01;1.390042e+00;2.204534e-01;1.255579e+00;1.231190e-01;1.068599e+00;9.128090e-02;8.876548e-01;8.096866e-02;7.534371e-01;7.031319e-02;6.104212e-01;3.561282e-01;1.747330e+00;1.681527e-01;3.834593e-01;4.104233e+01;1.247490e+02;4.875029e+01;1.759980e+02;1.409716e+02;3.146719e+02;2.441147e+02;6.963838e+02;2.522421e-01;9.786201e-01;8.047514e+01;3.161859e+02;2.944234e-01;3.269854e+00;5.098032e+04;1.654814e+05;1.051808e+00;4.241557e+00;4.643293e+01;5.558869e+01;3.064310e-01;-1.004512e+00;7.254899e-02;3.039512e-01;4.212047e-01;1.462689e+00;1.678047e+00;4.357682e+01;4.317770e+00;-1.663518e+01;6.508295e+00;2.250389e+01;4.754760e+00;5.921463e+00;5.177409e+00;1.574219e+00;3.915420e+00;7.089282e+00;5.984841e+00;3.916409e+00;5.712941e+00;6.307651e+00;6.259764e+00;-4.622926e-01;6.308685e+00;-8.760540e+00;6.703818e+00;-2.431109e+00;5.146015e+00;-1.986622e+00;6.294219e+00;1.341194e+00;2.886297e+00;-3.924084e+00;2.456479e-04;6.444019e-06;1.145681e-07;-1.413455e-08;4.757738e-07;5.383215e-08;4.847302e-07;5.225437e-08;7.014460e-07;2.689393e-08;1.697701e-05;-1.124880e-06;5.215930e-02;2.643493e-03;2.411791e-02;6.126931e-04;7.443754e-03;-5.342799e-04;7.579536e-04;1.592341e-04;8.476594e-03;-1.004874e-03;9.883915e-03;-1.162429e-03;1.021058e-02;-7.737024e-05;1.525026e-02;7.522330e-04;9.577407e-03;-9.962176e-05;2.196800e-02;-1.350991e-03;2.637296e-02;-1.153179e-03;1.612883e-02;9.734544e-04;2.002203e-02;1.417312e-03;1.270860e-02;3.448115e-04;3.439768e-02;-2.047677e-04;9.887092e-02;3.762130e-03;4.977356e-02;4.849020e-03;5.880219e-02;1.118097e-03;7.219821e-02;1.240442e-03;3.559853e-02;2.189959e-03;6.691639e-02;2.022557e-03;1.103791e-01;2.142603e-03;7.686643e-02;1.681703e-03;5.808216e-02;2.739045e-04;6.778394e-02;1.041902e-03;5.289884e-02;8.882615e-04;2.931270e-02;-5.543478e-04;2.852792e-02;-1.601190e-03;3.205165e-02;-1.059283e-03;2.682894e-02;-5.003124e-04;9.584346e-02;-2.645730e-04;5.740574e-02;5.119795e-03;1.167784e+01;1.665234e+00;1.631590e+01;2.411719e+00;3.625346e+01;5.598633e+00;7.785727e+01;9.560742e+00;7.992630e-02;9.135923e-04;2.203654e+01;3.742928e+00;1.005113e-01;6.782304e-03;1.395686e+04;2.003426e+03;3.628758e-01;-3.638931e-02;1.629385e+01;-9.518389e-01;1.077713e-01;8.029258e-03;1.983184e-02;3.181113e-03;1.389416e-01;-4.973270e-03;4.903665e-01;-6.021379e-02;1.116827e+00;-1.756785e-01;1.431395e+00;-5.148421e-02;1.445203e+00;-1.076146e-01;1.129151e+00;-8.820868e-02;1.229728e+00;-1.153423e-01;1.946988e+00;-2.082096e-01;1.502289e+00;-1.674511e-01;1.849337e+00;-2.145064e-01;1.470798e+00;-1.192852e-01;1.527072e+00;-2.524633e-01;1.443519e+00;-6.465850e-02;1.425338e+00;1.149277e-01;1.029526e+00;3.629103e-02
140.500000;5.361352e+01;1.113611e+02;2.586076e-02;7.601445e-01;1.175325e-01;1.246959e-01;1.195348e-01;9.624545e-02;1.118508e-01;1.744255e-01;3.000880e+00;5.774468e+00;2.648714e-01;2.414550e+00;1.082980e-01;1.038950e+00;3.416988e-02;1.390271e-01;5.807501e-03;2.511212e-02;6.890967e-02;1.447528e-01;5.578482e-02;2.661594e-01;3.638696e-02;4.116025e-01;6.020373e-02;5.799247e-01;6.934117e-02;6.934706e-01;1.582691e-01;8.201542e-01;1.490430e-01;8.716163e-01;9.173997e-02;9.462246e-01;9.936284e-02;9.979565e-01;1.322847e-01;1.061664e+00;1.370889e-01;1.151825e+00;2.106407e-01;1.179488e+00;1.862729e-01;1.252270e+00;3.077227e-01;1.373683e+00;2.857063e-01;1.390174e+00;1.481797e-01;1.439495e+00;1.996401e-01;1.497747e+00;3.922492e-01;1.553012e+00;3.841301e-01;1.584188e+00;2.124882e-01;1.492867e+00;2.359220e-01;1.396778e+00;3.509960e-01;1.367422e+00;1.937246e-01;1.138952e+00;1.974785e-01;9.684954e-01;1.459184e-01;8.050269e-01;6.743011e-02;6.277613e-01;4.932947e-01;1.913863e+00;1.656876e-01;5.086824e-01;6.759277e+01;1.478613e+02;1.106108e+02;2.077236e+02;2.240639e+02;4.394209e+02;3.526737e+02;8.950635e+02;2.550713e-01;1.030154e+00;1.395512e+02;3.928546e+02;3.715612e-01;3.530983e+00;7.874470e+04;2.277917e+05;8.376040e-01;3.382915e+00;1.740693e+01;3.004010e+01;4.547269e-01;-9.761770e-01;1.209434e-01;3.656350e-01;4.906878e-01;1.414997e+00;2.974342e+00;4.087989e+01;4.227513e+00;-1.899863e+01;5.710417e+00;2.159777e+01;5.676945e+00;3.347925e+00;4.523415e+00;-2.191263e+00;5.202072e+00;4.351068e+00;6.956777e+00;6.732337e-01;7.497833e+00;3.654786e+00;8.108108e+00;-7.003804e-01;6.220658e+00;-8.542281e+00;9.250650e+00;-2.989351e+00;5.540664e+00;-1.709792e+00;6.287339e+00;2.689058e+00;3.960229e+00;-2.183097e+00;3.961715e-04;-9.004221e-06;1.371330e-07;2.782250e-09;7.879882e-07;-4.124388e-09;7.876018e-07;3.887435e-08;8.060047e-07;-4.997786e-08;1.831910e-05;3.421075e-07;5.813197e-02;3.334522e-03;2.580046e-02;-5.588529e-04;7.755009e-03;2.167484e-04;1.090184e-03;3.262786e-05;1.409476e-02;2.497192e-04;1.432953e-02;2.382696e-05;1.283383e-02;8.527672e-05;1.899142e-02;-8.656287e-04;1.838853e-02;-7.699860e-04;3.506471e-02;4.118567e-04;3.558840e-02;-5.483093e-06;1.768076e-02;-9.964197e-04;1.799471e-02;-8.021216e-04;4.833695e-02;4.151294e-03;3.370629e-02;-1.033137e-03;6.257053e-02;-8.290347e-03;5.956104e-02;-2.165332e-03;6.791978e-02;-5.983016e-04;7.902924e-02;6.232911e-05;4.648092e-02;-3.506508e-04;5.114902e-02;-1.989001e-04;8.386026e-02;1.269858e-03;8.552931e-02;-9.464734e-04;5.436173e-02;-2.132813e-03;7.184960e-02;-2.427815e-03;8.461325e-02;-5.160176e-05;4.320125e-02;1.930115e-03;4.022804e-02;8.558259e-04;3.336814e-02;-1.168248e-03;2.054308e-02;-7.670071e-04;1.389624e-01;-1.902756e-03;5.345924e-02;1.971561e-03;1.294111e+01;-4.163086e-01;2.455436e+01;-8.182617e-01;5.005448e+01;-6.747071e-01;7.921536e+01;-1.047949e+00;9.303176e-02;-3.272379e-03;2.948650e+01;-4.686543e-01;1.005772e-01;5.028445e-04;2.018008e+04;3.043198e+02;2.019008e-01;-2.351088e-03;4.954610e+00;-2.282430e-01;1.105178e-01;-2.950451e-03;2.465159e-02;-5.485080e-04;1.772486e-01;-6.267471e-03;5.598811e-01;-4.517685e-02;9.267905e-01;2.673143e-03;1.269213e+00;1.073958e-02;1.459728e+00;1.506827e-02;1.313671e+00;-6.871876e-02;1.615032e+00;6.567654e-03;1.698649e+00;4.715846e-02;1.907654e+00;-1.061706e-01;1.791996e+00;1.139541e-01;1.437104e+00;2.077271e-02;1.668353e+00;1.754600e-01;1.481785e+00;4.924631e-02;1.412180e+00;-1.197858e-01;1.292774e+00;1.239315e-02
141.000000;4.900915e+01;8.935957e+01;2.688890e-02;7.819158e-01;1.217228e-01;6.181917e-02;1.117850e-01;6.810632e-02;9.619035e-02;1.086831e-01;3.458924e+00;8.084825e+00;2.030752e-01;2.520498e+00;9.452172e-02;1.022656e+00;3.328821e-02;1.599053e-01;6.933577e-03;2.201562e-02;6.102676e-02;1.509225e-01;4.569547e-02;2.711345e-01;3.118396e-02;4.223685e-01;6.439159e-02;5.645173e-01;1.080020e-01;7.145130e-01;1.936190e-01;7.974480e-01;1.616521e-01;8.440254e-01;8.590816e-02;9.297261e-01;9.087668e-02;9.872579e-01;2.755133e-01;1.039311e+00;1.493919e-01;1.202694e+00;1.897528e-01;1.187088e+00;1.938556e-01;1.259282e+00;2.873722e-01;1.369806e+00;2.278824e-01;1.334410e+00;1.717923e-01;1.364658e+00;1.062833e-01;1.435212e+00;2.026792e-01;1.445441e+00;3.546303e-01;1.466583e+00;2.071390e-01;1.428038e+00;2.341358e-01;1.426227e+00;3.212391e-01;1.325617e+00;1.618230e-01;1.203918e+00;1.797908e-01;1.023673e+00;1.522148e-01;7.738106e-01;6.711476e-02;6.213744e-01;5.371059e-01;1.946595e+00;1.420620e-01;5.944926e-01;6.899352e+01;1.154180e+02;1.210440e+02;1.546084e+02;2.257748e+02;3.626191e+02;3.695901e+02;7.806504e+02;2.133619e-01;1.014280e+00;1.504226e+02;3.383893e+02;4.080275e-01;3.380472e+00;8.244066e+04;2.158175e+05;9.331318e-01;3.571422e+00;1.730289e+01;3.061856e+01;4.418251e-01;-1.267525e+00;1.307929e-01;3.116121e-01;3.909064e-01;1.276930e+00;1.891143e+00;3.902634e+01;4.871306e+00;-1.646307e+01;3.471432e+00;2.052126e+01;8.027931e+00;7.544299e+00;5.243117e+00;-1.225061e-01;5.663802e+00;-2.777251e-01;7.396176e+00;4.950931e+00;6.695589e+00;9.995481e-01;9.893359e+00;7.984106e+00;7.597899e+00;-1.032229e+01;8.834606e+00;-1.526629e-01;6.112756e+00;2.264591e+00;7.004185e+00;5.618785e+00;5.231385e+00;1.360942e+00;3.105074e-04;-1.553468e-05;8.727648e-08;1.849313e-08;6.979789e-07;-4.638430e-08;6.485891e-07;-2.911449e-08;6.323736e-07;-2.429538e-08;1.255833e-05;1.335742e-06;5.581967e-02;1.066940e-04;2.196001e-02;-2.991455e-04;5.288675e-03;6.898352e-04;1.040671e-03;-2.049635e-04;1.185364e-02;9.237938e-04;1.215574e-02;8.815739e-04;1.097507e-02;-1.287585e-04;1.879798e-02;-2.571463e-04;3.267253e-02;7.274020e-04;3.961242e-02;1.623598e-04;3.816085e-02;1.429567e-03;2.251283e-02;-4.711811e-04;2.197714e-02;-2.161942e-04;8.396386e-02;5.097019e-03;3.655544e-02;-4.874794e-04;5.161361e-02;-4.753536e-03;5.041455e-02;-5.243957e-03;6.742619e-02;-8.650221e-04;6.668204e-02;-2.192268e-03;5.037020e-02;-2.251604e-03;3.379614e-02;-1.899292e-03;4.093892e-02;-1.740261e-03;7.922753e-02;-2.213268e-03;4.959840e-02;1.190095e-03;5.902274e-02;1.249481e-03;7.886530e-02;-1.652104e-04;4.472486e-02;-5.476341e-04;4.146803e-02;1.264553e-03;3.016438e-02;1.257511e-03;1.968390e-02;1.471665e-03;1.496153e-01;-1.188914e-03;4.945563e-02;-3.327283e-03;7.754824e+00;-1.837500e+00;2.011182e+01;-2.957227e+00;3.680028e+01;-5.971875e+00;6.724261e+01;-9.316699e+00;8.559559e-02;-2.623417e-03;2.351656e+01;-3.916586e+00;8.228156e-02;-6.745501e-03;1.935213e+04;-1.659618e+03;2.060596e-01;2.685082e-02;4.633945e+00;4.690155e-01;7.911210e-02;-9.455752e-03;1.857310e-02;-3.447465e-03;1.430718e-01;-3.402306e-03;5.171677e-01;2.259315e-03;8.350333e-01;1.804112e-01;9.419020e-01;-1.525707e-02;1.293375e+00;1.183751e-01;1.467276e+00;1.457219e-01;1.655417e+00;8.135702e-02;1.288531e+00;2.277591e-01;1.773655e+00;6.792384e-02;1.571853e+00;1.589792e-01;1.671537e+00;1.492845e-01;1.911903e+00;2.502092e-01;1.364171e+00;1.773139e-01;1.690160e+00;5.150090e-02;1.612999e+00;6.300441e-03
141.500000;4.852509e-01;7.317841e+01;8.067901e-03;8.052832e-01;1.170501e-02;7.790418e-03;1.615761e-02;1.606152e-02;6.717391e-02;8.580989e-02;2.854834e+00;1.248400e+01;2.732030e-01;2.322572e+00;9.335578e-02;9.686805e-01;5.271518e-03;1.763084e-01;3.446293e-03;1.638322e-02;6.688531e-03;1.353194e-01;1.753907e-02;2.706030e-01;2.827856e-02;4.149397e-01;6.669772e-02;5.503335e-01;1.295168e-01;6.450444e-01;1.664494e-01;7.222577e-01;1.705910e-01;8.174635e-01;1.428594e-01;8.514056e-01;1.610979e-01;9.224766e-01;3.074138e-01;1.043924e+00;1.547933e-01;1.079144e+00;1.729695e-01;1.185764e+00;1.977340e-01;1.244704e+00;2.758458e-01;1.261810e+00;3.479071e-01;1.361816e+00;1.386565e-01;1.281989e+00;2.282119e-01;1.362527e+00;3.464662e-01;1.423393e+00;3.880945e-01;1.458993e+00;2.669032e-01;1.455497e+00;2.109921e-01;1.356156e+00;1.370149e-01;1.175114e+00;1.933765e-01;1.007342e+00;1.519728e-01;8.755151e-01;7.149144e-02;6.956418e-01;8.938573e-02;5.865206e-01;5.433509e-01;1.567586e+00;1.808367e-01;5.293621e-01;1.468123e+01;6.761426e+01;4.664975e+00;8.785547e+01;5.519748e+01;1.915020e+02;1.578556e+02;4.728691e+02;1.989265e-01;9.100572e-01;4.252118e+01;2.239614e+02;3.177720e-01;2.868715e+00;5.008468e+04;1.537913e+05;1.597133e+00;4.803924e+00;6.517517e+01;6.571352e+01;9.353711e-02;-1.476932e+00;3.693365e-02;2.084815e-01;3.335701e-01;1.042560e+00;1.741605e+00;3.983142e+01;3.530113e+00;-1.416140e+01;7.061891e+00;2.273151e+01;4.237314e+00;1.484178e+01;5.308159e+00;5.266818e+00;6.669472e+00;-3.291580e-01;7.530016e+00;3.413548e+00;1.093801e+01;7.412186e+00;7.926864e+00;9.535301e+00;8.072124e+00;-6.666936e+00;6.634053e+00;1.211850e+00;4.645736e+00;3.042545e+00;6.780110e+00;7.149162e+00;4.297611e+00;2.265479e+00;3.104404e-06;-2.076567e-07;4.164305e-08;1.520309e-09;8.168773e-08;-6.901592e-09;8.802424e-08;-5.934349e-09;4.637107e-07;4.719431e-08;1.131942e-05;1.043066e-06;6.238722e-02;-5.971924e-03;2.395602e-02;-9.854012e-04;1.568512e-03;5.048582e-05;8.101989e-04;-7.697153e-05;6.217717e-04;-2.950200e-04;5.135474e-03;-1.323639e-04;8.843442e-03;-6.766852e-04;1.912151e-02;-3.094377e-04;3.366701e-02;1.069814e-04;3.629499e-02;-1.258711e-03;4.530345e-02;-1.502314e-03;3.349164e-02;1.950208e-03;3.342523e-02;1.965620e-03;8.188787e-02;-4.431442e-03;3.464746e-02;-2.260577e-03;4.471139e-02;-4.116105e-03;4.689609e-02;-3.905149e-03;7.277342e-02;-4.562000e-03;8.749981e-02;-4.820128e-03;3.932546e-02;2.363598e-05;5.598754e-02;-2.494941e-03;9.007614e-02;-3.086997e-03;8.763577e-02;9.707758e-04;7.181580e-02;2.905830e-03;5.121225e-02;2.171015e-03;4.302495e-02;-2.606146e-04;2.707421e-02;-1.438527e-03;2.654710e-02;-6.296214e-04;1.901986e-02;5.628195e-04;1.832955e-02;-9.668943e-05;1.339864e-01;-5.881850e-03;5.133401e-02;-4.005460e-03;3.859352e+00;-2.583984e-01;1.769861e+00;0;1.068336e+01;-8.326172e-01;4.223576e+01;-3.201270e+00;6.543434e-02;-1.654992e-03;1.016501e+01;-1.084806e+00;5.633914e-02;-8.627973e-03;1.403131e+04;-1.140138e+03;4.274853e-01;4.792697e-02;1.790201e+01;1.819733e+00;2.653186e-02;-2.679935e-04;8.122123e-03;-9.317546e-04;8.619696e-02;-6.147228e-03;5.001842e-01;-9.327969e-03;1.029698e+00;5.270895e-02;1.245200e+00;5.503508e-02;1.152259e+00;-6.771176e-02;1.486585e+00;1.024796e-01;1.598394e+00;4.007812e-02;1.398206e+00;-5.628378e-02;1.752692e+00;1.670985e-01;1.942442e+00;-9.757244e-02;1.895308e+00;8.963717e-03;1.663792e+00;-8.144514e-03;1.251594e+00;-2.241888e-02;1.729340e+00;1.288415e-01;1.351082e+00;2.453910e-02
142.000000;4.346658e+01;8.505443e+01;1.933787e-02;7.986922e-01;1.072297e-01;5.278573e-02;1.261493e-01;6.022294e-02;7.948812e-02;1.045846e-01;4.461590e+00;1.167466e+01;2.836635e-01;2.335176e+00;1.164654e-01;1.017973e+00;2.198095e-02;1.696734e-01;5.895813e-03;1.832829e-02;3.603394e-02;1.331946e-01;4.056937e-02;2.741375e-01;4.150516e-02;4.141477e-01;6.517133e-02;5.596511e-01;1.127697e-01;6.498852e-01;1.463200e-01;7.650084e-01;1.277997e-01;8.165490e-01;1.955201e-01;9.393011e-01;2.112930e-01;1.009141e+00;2.174782e-01;1.096985e+00;1.712309e-01;1.117262e+00;1.720572e-01;1.185377e+00;1.988586e-01;1.268547e+00;2.709013e-01;1.295670e+00;3.244241e-01;1.397640e+00;2.770745e-01;1.463221e+00;2.604474e-01;1.433179e+00;3.518384e-01;1.516759e+00;3.584191e-01;1.558779e+00;2.479196e-01;1.611802e+00;1.641073e-01;1.350485e+00;1.767254e-01;1.223709e+00;2.617410e-01;1.071753e+00;2.143227e-01;9.445638e-01;9.043831e-02;7.423577e-01;1.180348e-01;6.281985e-01;6.281025e-01;1.586272e+00;1.900001e-01;5.644543e-01;5.800658e+01;8.397949e+01;9.180533e+01;1.164229e+02;1.808940e+02;2.233711e+02;3.540356e+02;5.686201e+02;3.148257e-01;9.238528e-01;1.260722e+02;2.592961e+02;4.156974e-01;2.871019e+00;8.448795e+04;1.848060e+05;1.731621e+00;4.637389e+00;6.793051e+01;6.210737e+01;2.933250e-01;-1.389995e+00;1.084109e-01;2.366143e-01;4.232013e-01;1.050666e+00;2.774019e+00;3.842514e+01;4.070192e+00;-1.631538e+01;7.368402e+00;2.458445e+01;5.142290e+00;1.355032e+01;4.916903e+00;5.521266e+00;5.866915e+00;1.514519e+00;6.000870e+00;-2.264207e+00;9.859764e+00;1.053802e+01;7.713581e+00;2.676528e+00;6.275753e+00;-5.988649e+00;7.309475e+00;6.466758e+00;6.130171e+00;-2.929896e+00;5.988998e+00;6.354878e+00;4.052679e+00;2.073866e+00;3.063230e-04;1.143974e-06;1.170751e-07;-1.617101e-08;6.850636e-07;-5.705586e-08;9.776297e-07;-1.037292e-08;5.872578e-07;1.077188e-08;2.291053e-05;-1.064012e-06;6.947418e-02;6.007093e-04;2.849129e-02;-2.131691e-04;6.182916e-03;-2.071884e-04;1.156167e-03;1.506677e-04;8.617525e-03;1.156586e-04;1.295593e-02;1.679932e-04;1.573778e-02;3.445607e-04;2.476923e-02;6.555778e-04;2.416851e-02;-5.209861e-05;4.060883e-02;-1.503668e-04;4.388536e-02;-1.113711e-03;3.405171e-02;-1.689795e-03;3.451044e-02;-2.143261e-03;6.038991e-02;-3.558230e-03;3.511475e-02;6.026650e-04;4.345309e-02;1.985593e-03;5.004067e-02;1.810245e-03;7.317936e-02;8.603845e-05;8.548376e-02;1.239684e-03;4.593275e-02;7.203685e-04;6.371195e-02;1.261952e-03;9.625298e-02;1.029122e-03;8.714627e-02;-1.228457e-03;7.558288e-02;-1.274156e-04;5.004020e-02;-2.008350e-03;4.190890e-02;-1.536351e-03;2.701521e-02;9.674774e-04;2.919775e-02;-1.519569e-03;1.634012e-02;-7.961966e-04;1.694166e-02;-6.055278e-04;2.470627e-01;3.379171e-03;5.254853e-02;3.039579e-03;1.224342e+01;2.871094e-02;2.431840e+01;7.608398e-01;5.667931e+01;1.851856e+00;8.110151e+01;3.804199e+00;1.099123e-01;4.434551e-03;3.057196e+01;1.242853e+00;1.021760e-01;5.369119e-03;2.096898e+04;1.186263e+03;4.903013e-01;-1.237788e-02;2.033615e+01;-2.729498e-01;8.589549e-02;3.732090e-03;2.562144e-02;1.011228e-03;1.590001e-01;2.857910e-03;5.166438e-01;-9.805710e-03;1.095201e+00;-6.854004e-02;1.360511e+00;8.066752e-02;1.354151e+00;6.691148e-02;1.418570e+00;-1.877275e-02;1.568173e+00;-2.012983e-02;1.856338e+00;-1.750381e-01;2.032350e+00;-2.258546e-02;2.267639e+00;-2.902794e-02;1.802876e+00;-2.351766e-02;1.640434e+00;4.237185e-02;1.281749e+00;-1.546981e-01;1.517008e+00;3.237841e-02;1.073926e+00;9.959144e-02
142.500000;4.193136e+01;9.704498e+01;2.028198e-02;7.875456e-01;1.074420e-01;6.523965e-02;1.247526e-01;7.201841e-02;8.022436e-02;1.355970e-01;3.258096e+00;8.280976e+00;2.485775e-01;2.478389e+00;1.271305e-01;1.031666e+00;3.215830e-02;1.497521e-01;7.860197e-03;2.580373e-02;4.800061e-02;1.327013e-01;4.442063e-02;2.862904e-01;4.110550e-02;4.326541e-01;5.370883e-02;5.809471e-01;1.394856e-01;6.918966e-01;1.691449e-01;8.168774e-01;2.470496e-01;9.192097e-01;2.232619e-01;1.011209e+00;1.831483e-01;1.010675e+00;1.614048e-01;1.087605e+00;1.895833e-01;1.173560e+00;1.586416e-01;1.220368e+00;2.069038e-01;1.251797e+00;2.929596e-01;1.345537e+00;2.184427e-01;1.383217e+00;2.899005e-01;1.473166e+00;1.959430e-01;1.488009e+00;2.619137e-01;1.527799e+00;2.965882e-01;1.460883e+00;3.552372e-01;1.431514e+00;2.805375e-01;1.362712e+00;2.793184e-01;1.308307e+00;2.160064e-01;1.120763e+00;2.262509e-01;9.338170e-01;1.302323e-01;7.551716e-01;1.107813e-01;6.166239e-01;6.097965e-01;1.934508e+00;2.584197e-01;7.339330e-01;6.420266e+01;1.304912e+02;1.103042e+02;1.886309e+02;2.928348e+02;4.056855e+02;4.559767e+02;9.744492e+02;3.207635e-01;1.008368e+00;1.608230e+02;3.872249e+02;4.778267e-01;3.402236e+00;1.191853e+05;2.696142e+05;1.043279e+00;3.213322e+00;2.102811e+01;2.480655e+01;4.409167e-01;-1.102300e+00;1.314958e-01;3.478794e-01;4.956394e-01;1.343716e+00;3.184458e+00;3.834557e+01;3.145077e+00;-1.879102e+01;5.231244e+00;2.349526e+01;5.793395e+00;1.340866e+01;4.669534e+00;1.249667e+00;5.022228e+00;-1.138499e-01;6.915657e+00;-3.338054e+00;1.019059e+01;3.889571e+00;7.896057e+00;1.976620e+00;5.737483e+00;-8.294364e+00;1.046420e+01;1.437951e+00;6.110079e+00;-6.587038e+00;7.600671e+00;2.708705e+00;3.897403e+00;3.163356e+00;3.071073e-04;6.253215e-06;1.444373e-07;2.824232e-10;7.241504e-07;-7.004939e-08;9.890048e-07;-1.862939e-08;6.409545e-07;-4.293568e-08;2.346039e-05;-1.004731e-06;6.946013e-02;2.943479e-03;3.129550e-02;-1.101848e-04;7.942457e-03;-8.856760e-05;1.585891e-03;3.930461e-05;1.116417e-02;2.849342e-04;1.405342e-02;2.689731e-04;1.590712e-02;5.249354e-04;2.311434e-02;8.682641e-04;3.982938e-02;2.021712e-04;4.878383e-02;8.437015e-04;6.534176e-02;1.915275e-03;6.570420e-02;-1.573431e-03;3.792620e-02;-1.717271e-03;5.786105e-02;1.269780e-03;5.012073e-02;9.091720e-04;5.123639e-02;2.056529e-03;5.585082e-02;2.766641e-03;7.732905e-02;2.642311e-03;5.449876e-02;3.566110e-03;5.753914e-02;-5.559450e-03;7.219137e-02;1.355998e-03;6.530367e-02;3.069712e-03;8.794351e-02;-1.730269e-03;7.924090e-02;-2.979579e-03;7.410666e-02;-3.215479e-03;6.113343e-02;-2.464342e-03;3.437973e-02;-1.863569e-03;3.784978e-02;-2.146766e-03;3.958633e-02;-1.380821e-03;1.979028e-02;-7.783311e-04;2.807809e-01;3.846936e-03;7.201391e-02;1.595556e-03;1.536840e+01;4.306641e-01;3.049169e+01;4.593750e-01;8.720980e+01;7.177734e-01;1.176598e+02;9.331055e-01;1.201333e-01;9.884214e-04;4.121902e+01;8.614006e-01;1.267439e-01;5.532516e-03;3.456638e+04;5.130851e+02;3.476492e-01;-3.860012e-02;1.059534e+01;-1.619805e+00;1.091550e-01;1.277729e-03;3.289098e-02;8.380489e-04;1.868545e-01;8.596776e-03;6.978952e-01;5.553794e-02;9.486421e-01;-4.510421e-02;1.443728e+00;-2.168604e-02;1.675982e+00;8.518040e-02;1.548088e+00;-6.727592e-02;1.593070e+00;-2.755415e-02;2.036371e+00;-4.687203e-02;2.799468e+00;-5.184616e-02;2.146518e+00;8.576874e-02;2.055700e+00;-5.994606e-02;1.882758e+00;-1.367966e-01;1.665197e+00;3.535516e-02;1.442213e+00;-1.531716e-01;1.112339e+00;-1.727932e-02
143.000000;2.226810e+00;9.796155e+01;1.580845e-02;7.861019e-01;6.392975e-02;6.999130e-02;4.496853e-02;5.449404e-02;7.270304e-02;1.450416e-01;1.500106e+00;7.782754e+00;2.873323e-01;2.403074e+00;1.404456e-01;9.991859e-01;2.380982e-02;1.466738e-01;7.712926e-03;2.533636e-02;3.281743e-02;1.339068e-01;2.553686e-02;2.862083e-01;2.832640e-02;4.275863e-01;5.918939e-02;5.585129e-01;1.537566e-01;6.772072e-01;1.918290e-01;8.174276e-01;3.361827e-01;9.782203e-01;2.086713e-01;9.058591e-01;1.645304e-01;9.815548e-01;1.636790e-01;1.072242e+00;1.923262e-01;1.057710e+00;2.103715e-01;1.150565e+00;2.378271e-01;1.200597e+00;3.221850e-01;1.287421e+00;3.166418e-01;1.368171e+00;2.238541e-01;1.356515e+00;2.530139e-01;1.436515e+00;3.163897e-01;1.470428e+00;3.777630e-01;1.482268e+00;3.594192e-01;1.393970e+00;3.137946e-01;1.386460e+00;2.853551e-01;1.254288e+00;1.582974e-01;1.060718e+00;2.406465e-01;9.181229e-01;1.353908e-01;7.319205e-01;8.645172e-02;5.844381e-01;4.848551e-01;1.916355e+00;3.121504e-01;6.592978e-01;4.236104e+01;1.266152e+02;6.960552e+01;1.880566e+02;2.543988e+02;3.911865e+02;4.349944e+02;8.830049e+02;2.139425e-01;9.540452e-01;1.344841e+02;3.711054e+02;4.053962e-01;3.416327e+00;1.264430e+05;2.391991e+05;1.665573e+00;3.608726e+00;6.283319e+01;4.139425e+01;3.281034e-01;-1.036541e+00;1.026405e-01;3.405422e-01;5.426599e-01;1.639933e+00;2.682131e+00;4.048658e+01;4.879415e+00;-1.652567e+01;3.851108e+00;2.312775e+01;5.670905e+00;1.380532e+01;5.846123e+00;7.059081e-01;4.814697e+00;1.152263e+00;8.571313e+00;-6.783294e-02;9.879839e+00;2.962750e+00;8.331837e+00;4.111269e+00;4.272600e+00;-7.872969e+00;8.716555e+00;-2.863760e-01;7.624732e+00;-4.394136e+00;6.312158e+00;-8.459376e-01;4.804373e+00;-4.059065e-01;2.236422e-05;4.924681e-06;9.909196e-08;1.184419e-08;4.396587e-07;1.146370e-09;2.849795e-07;2.065568e-08;6.635797e-07;3.364353e-08;1.143689e-05;7.657573e-07;6.839047e-02;-4.418259e-04;3.201081e-02;6.813546e-04;6.221119e-03;6.898173e-05;1.415305e-03;-6.462586e-05;7.799760e-03;-4.112847e-05;8.233513e-03;-1.680567e-06;7.649218e-03;-6.703147e-04;1.408505e-02;-7.368185e-04;4.370090e-02;-5.408032e-04;4.420420e-02;8.217490e-04;7.107917e-02;7.922314e-04;6.320509e-02;-1.387893e-04;3.793494e-02;6.418330e-05;4.951687e-02;-4.417840e-03;5.348304e-02;-2.216518e-03;7.213996e-02;-1.517767e-04;7.453905e-02;-1.232928e-03;8.061102e-02;3.318966e-03;8.166835e-02;5.487834e-03;5.663215e-02;1.953182e-03;7.545471e-02;6.398991e-04;6.761126e-02;5.532845e-04;1.030739e-01;4.689500e-03;8.278298e-02;2.835392e-04;8.014463e-02;2.462940e-04;6.211527e-02;2.701051e-03;3.864937e-02;-7.569417e-05;3.988715e-02;4.318967e-03;4.464630e-02;2.048904e-03;2.188912e-02;1.993320e-05;1.720544e-01;-4.903432e-03;8.033884e-02;-1.785120e-03;1.080577e+01;0;1.911258e+01;-3.301758e-01;6.912598e+01;-1.894922e+00;9.768573e+01;-3.416602e+00;6.686960e-02;-5.945986e-03;3.103958e+01;-7.643143e-01;1.095775e-01;-5.977632e-03;3.219634e+04;-6.529593e+02;4.238779e-01;8.218817e-03;1.867169e+01;7.567061e-02;9.482462e-02;-2.567321e-03;2.378097e-02;-6.097147e-04;1.744422e-01;1.284005e-02;7.144513e-01;-8.247124e-03;1.166311e+00;6.431122e-02;1.299052e+00;3.259908e-02;1.699847e+00;-1.254335e-02;1.762122e+00;-9.917833e-02;1.390115e+00;1.835767e-02;1.924055e+00;2.025848e-01;2.592155e+00;1.278463e-01;2.149230e+00;1.233641e-01;1.766417e+00;-5.916521e-02;2.072180e+00;4.512422e-02;1.745449e+00;-6.362737e-02;1.565776e+00;-1.104658e-01;1.124239e+00;-7.947578e-02
143.500000;5.513251e+00;1.021355e+02;1.205845e-02;7.778482e-01;5.409079e-02;1.065082e-01;4.394098e-02;7.624671e-02;7.219263e-02;1.203701e-01;1.025425e+00;8.021336e+00;2.491119e-01;2.288697e+00;1.114840e-01;9.860194e-01;1.191288e-02;1.545842e-01;4.030157e-03;1.977450e-02;1.034658e-02;1.336041e-01;1.805152e-02;2.759347e-01;2.990084e-02;4.151718e-01;6.948269e-02;5.328294e-01;1.097276e-01;6.706411e-01;1.638786e-01;7.733832e-01;2.771818e-01;8.737379e-01;1.795457e-01;8.780717e-01;1.720838e-01;1.017945e+00;1.422439e-01;1.043282e+00;1.342563e-01;1.044225e+00;2.358692e-01;1.143549e+00;2.155417e-01;1.170436e+00;2.497016e-01;1.232272e+00;3.202676e-01;1.310997e+00;2.252863e-01;1.346350e+00;2.295375e-01;1.410305e+00;3.047794e-01;1.453335e+00;3.241184e-01;1.492569e+00;2.132982e-01;1.490214e+00;2.357267e-01;1.422852e+00;2.616223e-01;1.207999e+00;1.945584e-01;1.065051e+00;2.620503e-01;9.005828e-01;1.071243e-01;7.378586e-01;8.450570e-02;5.933063e-01;4.561038e-01;1.717579e+00;2.126271e-01;4.748719e-01;1.372731e+01;9.819141e+01;1.555367e+01;1.408271e+02;5.801652e+01;2.493545e+02;2.085037e+02;5.750801e+02;1.698647e-01;9.248354e-01;4.672941e+01;2.785647e+02;2.454887e-01;3.036562e+00;5.816782e+04;1.667660e+05;1.478893e+00;4.596231e+00;6.340083e+01;6.037941e+01;1.969081e-01;-1.143901e+00;3.782187e-02;2.653930e-01;4.438312e-01;1.852567e+00;2.324420e+00;4.061855e+01;3.994650e+00;-1.374737e+01;4.781096e+00;2.482627e+01;4.709676e+00;1.135907e+01;6.847000e+00;4.284890e+00;3.932302e+00;4.698186e+00;9.606361e+00;3.484533e+00;7.423209e+00;7.445612e+00;9.267810e+00;3.409266e+00;3.835772e+00;-5.994897e+00;7.441682e+00;2.328615e+00;6.863555e+00;-2.995414e+00;6.678264e+00;3.678024e-01;3.380211e+00;-3.713730e+00;3.466100e-05;3.091057e-06;8.952881e-08;-6.419733e-09;4.943690e-07;2.421635e-08;4.216171e-07;1.338098e-08;6.720109e-07;-3.415956e-09;8.574914e-06;-1.407381e-07;5.611781e-02;-1.807722e-03;2.402805e-02;1.151358e-03;5.730522e-03;-1.654993e-04;8.727435e-04;-2.317964e-05;4.325477e-03;-2.233027e-04;7.552637e-03;-4.654762e-05;8.464338e-03;2.597093e-04;1.463539e-02;-9.019146e-05;2.534850e-02;-1.787217e-04;2.730649e-02;1.329812e-03;4.080104e-02;1.306133e-03;3.617598e-02;3.260196e-03;3.259107e-02;1.720396e-03;3.432751e-02;-1.949464e-04;3.653382e-02;7.273043e-04;8.256017e-02;-5.684883e-04;6.843951e-02;-1.071356e-03;7.218670e-02;-4.447821e-04;9.819137e-02;-1.765080e-04;4.728086e-02;2.657463e-03;5.419519e-02;-4.446274e-04;7.516290e-02;9.514475e-05;7.853481e-02;1.822920e-03;5.077443e-02;4.437554e-03;6.071313e-02;3.462971e-03;5.361218e-02;3.386552e-03;3.635173e-02;2.534125e-03;3.560809e-02;2.130876e-03;2.812617e-02;2.510220e-03;1.932778e-02;1.733420e-03;9.899498e-02;1.328579e-04;6.804220e-02;-2.263536e-03;6.053107e+00;-2.871094e-02;6.524967e+00;-2.871094e-02;2.063333e+01;7.177734e-02;5.953857e+01;5.311524e-01;5.159854e-02;-4.316648e-04;1.463588e+01;-1.394083e-01;8.551475e-02;2.783375e-04;1.622493e+04;-3.494720e+02;4.428406e-01;1.690010e-02;2.018757e+01;6.264166e-01;9.683137e-02;1.568278e-03;1.244074e-02;-6.263086e-05;1.754563e-01;3.715426e-03;4.650570e-01;-3.079098e-02;1.178919e+00;6.445191e-02;1.053324e+00;-1.671408e-03;1.572429e+00;-9.387996e-02;1.571125e+00;3.041706e-02;1.225598e+00;3.414356e-02;2.187890e+00;5.502207e-03;1.342193e+00;6.689702e-02;2.417275e+00;-1.188045e-01;1.088274e+00;6.211802e-02;2.158779e+00;1.920063e-02;1.393633e+00;-9.616467e-02;1.744921e+00;2.112383e-02;1.005301e+00;-4.434653e-02
144.000000;7.977995e+00;1.048355e+02;1.979323e-02;7.653841e-01;7.869045e-02;1.169579e-01;1.068981e-01;1.031676e-01;1.582456e-01;1.766707e-01;1.551215e+00;7.648728e+00;1.820263e-01;2.163913e+00;7.453973e-02;9.855806e-01;1.981442e-02;1.494198e-01;2.924560e-03;1.806752e-02;2.535865e-02;1.290820e-01;3.006455e-02;2.734966e-01;4.039450e-02;4.302060e-01;7.361844e-02;5.532660e-01;7.278988e-02;6.628468e-01;8.908469e-02;7.120691e-01;1.106111e-01;8.087980e-01;2.186044e-01;9.678256e-01;1.689360e-01;1.005535e+00;8.902393e-02;1.031728e+00;8.233403e-02;1.059055e+00;2.135615e-01;1.164683e+00;1.608082e-01;1.199019e+00;1.729016e-01;1.241392e+00;2.197920e-01;1.288777e+00;2.102993e-01;1.376118e+00;1.711287e-01;1.408544e+00;3.295600e-01;1.433496e+00;2.793627e-01;1.437284e+00;1.066641e-01;1.415520e+00;1.879217e-01;1.418761e+00;2.534368e-01;1.274685e+00;2.065344e-01;1.098031e+00;2.219754e-01;8.896868e-01;9.722587e-02;7.462479e-01;7.233692e-02;5.989404e-01;5.241719e-01;1.813660e+00;1.757069e-01;3.655982e-01;3.137877e+01;1.092451e+02;3.620311e+01;1.521680e+02;5.833622e+01;2.451914e+02;2.153942e+02;5.412012e+02;2.874069e-01;1.031968e+00;5.076375e+01;2.723534e+02;2.209041e-01;2.983725e+00;4.863287e+04;1.465458e+05;1.053014e+00;4.905855e+00;3.038024e+01;5.975126e+01;2.864211e-01;-1.088149e+00;4.561883e-02;2.632224e-01;4.752802e-01;1.753735e+00;2.293625e+00;3.993880e+01;3.434767e+00;-1.213084e+01;6.017178e+00;2.423500e+01;3.554810e+00;1.085123e+01;4.939068e+00;5.619055e+00;4.614171e+00;4.222833e+00;9.975912e+00;3.996599e+00;7.488376e+00;7.400144e+00;8.967697e+00;-2.840812e+00;5.536226e+00;-6.400188e+00;6.888626e+00;-4.396688e+00;5.310858e+00;-4.777328e+00;6.800756e+00;3.184162e+00;3.524152e+00;-3.253491e+00;6.588332e-05;1.839916e-06;1.171639e-07;-2.976452e-09;5.502753e-07;-1.861496e-08;9.035427e-07;-2.834365e-08;1.090531e-06;1.394258e-08;9.442097e-06;-1.680284e-07;4.648825e-02;-3.617317e-03;1.670904e-02;-1.736778e-04;7.464772e-03;-1.296794e-04;6.243465e-04;-7.482994e-05;7.496779e-03;1.198353e-04;9.856640e-03;1.447551e-04;1.002022e-02;1.554265e-04;1.619650e-02;-4.696519e-05;1.539846e-02;3.280393e-04;1.685685e-02;-4.477084e-04;2.200625e-02;-5.751625e-04;5.543490e-02;2.554175e-03;4.120255e-02;2.363807e-03;2.056602e-02;1.957508e-03;2.757119e-02;7.716737e-04;7.649273e-02;-3.289708e-03;5.084763e-02;6.313553e-04;5.432877e-02;-3.275379e-03;7.374463e-02;-5.219727e-03;4.491581e-02;-9.015374e-04;4.270358e-02;1.443639e-03;7.887671e-02;1.153288e-03;5.904280e-02;-4.098625e-04;3.270051e-02;-1.443840e-03;4.770261e-02;7.495488e-04;4.529118e-02;1.392423e-03;3.156979e-02;2.031320e-04;2.748325e-02;-9.836496e-04;2.221987e-02;-9.548182e-04;1.438619e-02;-9.358785e-04;1.211618e-01;1.405590e-03;5.400950e-02;-3.837871e-03;8.403469e+00;2.153320e-01;1.029673e+01;3.588867e-01;1.828199e+01;-1.722656e-01;6.438952e+01;-2.153320e+00;8.028366e-02;5.711996e-03;1.648879e+01;-4.818744e-01;7.829902e-02;-1.547671e-03;1.440004e+04;-9.089720e+02;3.345037e-01;2.113973e-02;1.018685e+01;4.824256e-01;1.157862e-01;1.640370e-03;1.469978e-02;-3.115694e-04;1.534308e-01;-6.264955e-03;4.209109e-01;6.350696e-04;8.992391e-01;5.172886e-02;1.320626e+00;-7.198793e-03;1.323700e+00;-8.579919e-02;1.184138e+00;1.110796e-01;1.390792e+00;4.963168e-02;2.156811e+00;7.122324e-02;1.414668e+00;-1.254673e-01;2.116594e+00;-1.705365e-01;1.303135e+00;-5.368766e-02;1.776098e+00;-1.394851e-01;1.202104e+00;1.499315e-01;1.623832e+00;9.405822e-02;1.069587e+00;-5.373309e-02
144.500000;3.669070e+01;1.091975e+02;2.341304e-02;7.579697e-01;1.052053e-01;1.180059e-01;1.420535e-01;1.253004e-01;1.545529e-01;2.168041e-01;2.299464e+00;6.497566e+00;3.238598e-01;2.277785e+00;1.077898e-01;1.056196e+00;3.235248e-02;1.408460e-01;5.756036e-03;2.147014e-02;6.584908e-02;1.380860e-01;4.684119e-02;2.663023e-01;4.316529e-02;4.250960e-01;5.861318e-02;5.661616e-01;9.204396e-02;7.110286e-01;2.095838e-01;8.292190e-01;1.343310e-01;8.906363e-01;1.318518e-01;1.009634e+00;1.315340e-01;1.021346e+00;1.684655e-01;1.103701e+00;1.927303e-01;1.165840e+00;2.543660e-01;1.190692e+00;1.665979e-01;1.285195e+00;3.361522e-01;1.342905e+00;2.528558e-01;1.359750e+00;1.834718e-01;1.486044e+00;1.840729e-01;1.504681e+00;3.246172e-01;1.536514e+00;5.168098e-01;1.632429e+00;3.233143e-01;1.499593e+00;1.869086e-01;1.423901e+00;1.854359e-01;1.369633e+00;1.271250e-01;1.225447e+00;1.037671e-01;1.040775e+00;7.091209e-02;8.071343e-01;6.203173e-02;6.293403e-01;5.267071e-01;2.064343e+00;2.229367e-01;4.148912e-01;5.619777e+01;1.425498e+02;7.105174e+01;1.899229e+02;1.728911e+02;3.610400e+02;3.350989e+02;7.124619e+02;3.126591e-01;1.114138e+00;1.153633e+02;3.432932e+02;3.612514e-01;3.274457e+00;8.228879e+04;1.883815e+05;1.218990e+00;4.377542e+00;2.480606e+01;4.773526e+01;4.345247e-01;-9.969505e-01;1.013720e-01;3.265418e-01;5.366442e-01;1.564382e+00;2.937274e+00;3.724634e+01;2.942612e+00;-1.167023e+01;6.533226e+00;1.910420e+01;5.437719e+00;6.734195e+00;4.571371e+00;2.029393e+00;4.652605e+00;1.263062e+00;6.762480e+00;4.913895e+00;1.332967e+01;-1.822393e+00;9.793244e+00;3.623541e-01;8.150264e+00;-1.115645e+01;1.003365e+01;-5.598257e+00;4.897618e+00;-6.076327e+00;6.036147e+00;4.119562e+00;3.911718e+00;-4.150449e+00;2.067110e-04;-9.052420e-06;1.241976e-07;1.801817e-09;7.142718e-07;-2.181823e-09;1.148767e-06;-1.875134e-09;1.226319e-06;3.282196e-09;1.402839e-05;-6.691925e-08;6.142298e-02;5.679667e-03;2.436807e-02;1.265962e-04;8.657032e-03;2.361769e-04;9.113380e-04;8.667171e-05;1.276047e-02;5.749801e-04;1.327700e-02;-3.241872e-04;1.109861e-02;-7.245252e-04;1.959375e-02;1.387221e-04;2.778955e-02;9.137170e-04;4.450544e-02;1.548947e-03;3.141729e-02;3.142233e-05;4.771590e-02;-2.766727e-03;3.934843e-02;-1.545388e-03;4.138385e-02;-1.237728e-03;4.564229e-02;1.146205e-03;8.265943e-02;1.325277e-03;5.737879e-02;2.241162e-03;5.310456e-02;5.580274e-03;6.162716e-02;1.734694e-03;5.938441e-02;1.106275e-03;4.330933e-02;9.715479e-05;6.471248e-02;3.835308e-04;1.038507e-01;1.730796e-03;6.386907e-02;6.397310e-04;5.258162e-02;-1.683881e-03;5.180870e-02;-1.690300e-03;3.567239e-02;-3.157304e-03;2.393356e-02;-1.558170e-03;1.972970e-02;-8.562670e-04;1.312103e-02;-3.569160e-04;1.690516e-01;6.395447e-03;5.305625e-02;3.551631e-03;1.157620e+01;-7.177734e-02;1.439489e+01;-4.306641e-01;3.951446e+01;6.172851e-01;7.194057e+01;2.038476e+00;1.076664e-01;1.624505e-03;2.351130e+01;5.121946e-01;8.727448e-02;3.080175e-03;1.862170e+04;1.010456e+03;2.930896e-01;-2.561626e-02;6.831740e+00;-8.056279e-01;1.209780e-01;-2.373984e-03;2.019343e-02;3.255526e-04;1.797662e-01;-3.544759e-03;5.259633e-01;-4.300768e-02;8.149350e-01;-3.422630e-02;1.240217e+00;-5.253350e-02;1.132410e+00;-2.053919e-02;1.192993e+00;-1.054586e-01;1.452922e+00;-4.882853e-02;1.706151e+00;6.108582e-02;2.058214e+00;-4.023101e-03;1.757359e+00;1.223771e-01;1.800964e+00;-8.285608e-03;1.862118e+00;1.689335e-01;1.165936e+00;5.088622e-02;1.562002e+00;1.133622e-02;1.328004e+00;1.636137e-02
145.000000;4.123740e+01;9.378495e+01;2.752973e-02;7.786061e-01;9.258506e-02;6.135834e-02;1.178484e-01;6.433164e-02;9.529498e-02;1.315682e-01;3.062716e+00;8.170844e+00;2.869020e-01;2.432622e+00;1.219981e-01;1.024281e+00;3.485147e-02;1.565017e-01;5.127328e-03;2.273620e-02;6.129937e-02;1.480717e-01;4.122769e-02;2.697687e-01;4.276806e-02;4.206192e-01;6.152878e-02;5.616772e-01;1.094518e-01;7.114975e-01;2.451536e-01;8.458853e-01;1.564740e-01;8.726374e-01;1.054048e-01;9.197044e-01;1.255670e-01;9.756348e-01;3.039033e-01;1.073573e+00;2.030140e-01;1.204647e+00;2.416071e-01;1.194173e+00;1.631350e-01;1.269895e+00;3.518306e-01;1.417549e+00;2.496071e-01;1.383163e+00;2.034096e-01;1.394706e+00;2.128835e-01;1.455185e+00;2.754685e-01;1.526254e+00;5.025446e-01;1.594774e+00;3.419249e-01;1.465985e+00;1.891777e-01;1.339354e+00;2.215082e-01;1.255607e+00;1.784587e-01;1.088370e+00;1.646614e-01;8.729134e-01;9.851386e-02;7.713100e-01;6.755322e-02;5.983620e-01;4.952039e-01;1.968270e+00;2.111181e-01;5.380624e-01;6.064927e+01;1.215908e+02;8.391505e+01;1.536035e+02;1.801869e+02;3.409424e+02;3.383166e+02;6.864785e+02;2.356126e-01;1.060227e+00;1.223207e+02;3.242917e+02;3.359892e-01;3.277487e+00;7.396391e+04;2.046108e+05;9.717101e-01;4.052443e+00;1.918602e+01;3.850427e+01;4.673281e-01;-1.218016e+00;1.110710e-01;3.022909e-01;4.507609e-01;1.470874e+00;2.596576e+00;3.683746e+01;2.859205e+00;-1.296026e+01;6.580063e+00;2.037787e+01;6.258604e+00;7.844988e+00;4.338346e+00;1.020280e-01;5.347772e+00;1.279038e+00;5.147794e+00;4.011878e+00;1.502675e+01;1.742053e+00;8.220135e+00;4.779613e+00;7.832876e+00;-1.132616e+01;1.083600e+01;2.218914e-01;6.835602e+00;-2.035549e+00;6.235961e+00;1.385329e+00;4.981339e+00;-2.715482e+00;1.990517e-04;-7.773433e-06;9.611194e-08;7.556902e-09;5.638107e-07;1.822137e-08;7.929858e-07;1.313355e-08;7.482996e-07;-3.781030e-08;1.468369e-05;7.752184e-07;6.692019e-02;3.445653e-03;2.535161e-02;-5.005572e-04;6.434843e-03;3.276673e-04;9.834107e-04;4.938271e-05;1.081105e-02;-1.687581e-04;1.104695e-02;-3.089413e-04;1.146532e-02;3.528721e-04;2.116847e-02;1.106233e-03;2.999887e-02;-3.828529e-04;5.617668e-02;-5.657529e-04;3.524185e-02;-1.803856e-03;3.303510e-02;-2.338978e-03;4.234625e-02;-2.143143e-03;7.790541e-02;-6.002167e-05;5.025216e-02;2.599703e-03;7.137695e-02;4.167899e-03;5.424425e-02;-1.669495e-07;6.302240e-02;2.076605e-03;6.528521e-02;1.173807e-03;6.164003e-02;4.035487e-04;5.195076e-02;-1.822849e-03;5.650928e-02;-3.210116e-04;1.020593e-01;-3.722097e-03;6.322690e-02;-1.740443e-03;5.192998e-02;2.523020e-04;5.209513e-02;-1.700391e-03;3.290763e-02;-1.723007e-03;1.997517e-02;-3.015469e-03;1.680034e-02;-2.524466e-03;1.456084e-02;-8.052140e-04;1.715811e-01;1.960282e-03;6.137127e-02;4.372745e-03;8.915613e+00;-3.158203e-01;1.104042e+01;-7.895508e-01;3.733232e+01;1.148437e-01;6.105329e+01;7.177734e-01;9.477736e-02;-1.883768e-03;2.010995e+01;1.130308e-01;7.298692e-02;2.112641e-03;1.831312e+04;7.434382e+02;2.190368e-01;-2.375835e-02;4.715086e+00;-5.904082e-01;8.368933e-02;-3.721909e-03;1.656323e-02;-6.502588e-05;1.638831e-01;-8.824568e-03;4.793031e-01;3.625880e-02;7.940163e-01;-1.123268e-01;1.001770e+00;3.915421e-02;1.218766e+00;8.004788e-02;1.394102e+00;-1.636316e-02;1.486153e+00;-9.926839e-02;1.588650e+00;-1.688721e-01;2.038739e+00;5.202756e-02;2.091166e+00;3.567854e-02;1.867961e+00;1.160631e-01;1.917244e+00;4.210749e-02;1.352499e+00;8.805730e-02;1.859985e+00;-7.837828e-02;1.536972e+00;1.096352e-01
145.500000;3.806008e-01;7.320972e+01;8.176724e-03;8.040323e-01;1.786482e-02;1.531984e-02;1.411719e-02;1.077734e-02;7.003979e-02;1.074020e-01;2.537075e+00;1.173823e+01;2.253494e-01;2.389903e+00;8.934860e-02;9.664663e-01;6.870877e-03;1.803980e-01;4.505501e-03;1.879819e-02;1.410710e-02;1.398579e-01;2.166371e-02;2.732872e-01;3.829767e-02;4.228362e-01;6.683180e-02;5.539833e-01;9.403679e-02;6.472093e-01;1.840632e-01;7.564895e-01;1.382492e-01;8.338876e-01;9.031498e-02;8.840125e-01;1.201526e-01;9.791414e-01;2.946646e-01;1.040835e+00;1.369228e-01;1.100154e+00;1.738302e-01;1.214745e+00;2.096314e-01;1.281772e+00;2.831754e-01;1.354413e+00;3.808698e-01;1.416092e+00;1.679836e-01;1.312559e+00;3.003867e-01;1.389689e+00;4.573908e-01;1.465474e+00;2.112364e-01;1.346820e+00;1.426939e-01;1.336381e+00;8.721681e-02;1.266543e+00;1.421085e-01;1.149178e+00;8.170082e-02;9.571862e-01;8.016070e-02;7.808883e-01;8.250148e-02;6.676315e-01;7.097095e-02;5.570577e-01;4.171026e-01;1.763430e+00;3.037008e-01;6.284056e-01;1.157731e+01;7.694531e+01;9.747987e+00;9.087012e+01;3.217803e+01;2.104512e+02;3.004984e+02;5.350283e+02;1.684507e-01;1.023821e+00;4.643468e+01;2.395288e+02;1.973233e-01;2.962799e+00;7.129125e+04;1.735727e+05;1.195355e+00;4.415643e+00;5.007402e+01;5.141380e+01;1.108833e-01;-1.545390e+00;3.402168e-02;2.205145e-01;3.213020e-01;1.370716e+00;3.028072e+00;4.111507e+01;5.064734e+00;-1.582605e+01;4.208564e+00;2.459526e+01;4.063835e+00;1.507809e+01;6.057463e+00;2.969935e+00;4.976017e+00;7.704087e-01;4.435937e+00;4.041656e+00;5.828502e+00;1.115668e+01;7.482576e+00;3.354841e+00;4.526644e+00;-7.922507e+00;6.233245e+00;2.158022e+00;4.958551e+00;3.912395e+00;6.149174e+00;6.587707e-01;4.546597e+00;3.469754e-01;2.265286e-06;1.493183e-07;5.341225e-08;7.587252e-09;6.560832e-08;-5.726624e-09;8.488064e-08;1.572122e-09;5.390898e-07;-2.104312e-09;1.494586e-05;2.139228e-06;6.332875e-02;-1.111797e-03;2.352982e-02;1.014044e-03;1.957131e-03;1.043027e-04;9.605042e-04;-4.169815e-05;1.096978e-03;-6.217568e-04;5.440618e-03;-5.760187e-05;9.616309e-03;1.988744e-05;1.866093e-02;3.640040e-04;1.823856e-02;-7.423549e-04;4.956969e-02;-8.116446e-04;3.678725e-02;1.179348e-03;3.322605e-02;1.734278e-04;4.391966e-02;8.483257e-04;7.776055e-02;-1.169850e-03;3.637852e-02;-9.050962e-04;3.915002e-02;3.840951e-03;5.173354e-02;2.756683e-03;7.101042e-02;-1.634870e-03;9.263881e-02;4.298663e-03;5.703343e-02;1.754459e-03;7.214192e-02;6.744463e-03;1.089947e-01;5.809455e-03;7.207287e-02;-6.737334e-04;4.340858e-02;-7.128585e-04;3.253143e-02;6.641655e-04;3.664587e-02;1.094623e-03;2.203658e-02;2.901760e-03;1.935261e-02;1.933208e-03;1.765666e-02;-3.977795e-04;1.746886e-02;-2.907374e-04;1.300738e-01;-6.269007e-03;6.841677e-02;4.907561e-03;3.301758e+00;-1.435547e-01;2.469808e+00;0;1.064339e+01;-7.034180e-01;7.023528e+01;1.880566e+00;6.532461e-02;-6.311362e-04;1.171133e+01;8.150967e-02;5.537521e-02;-3.516620e-03;1.626228e+04;6.696467e+02;3.164706e-01;-6.703519e-03;1.457399e+01;-1.077842e-01;3.113803e-02;-2.091734e-03;9.004279e-03;-9.879401e-05;9.140339e-02;-1.069517e-03;3.742284e-01;5.617024e-02;9.924740e-01;-9.526972e-02;1.192545e+00;7.622761e-02;1.094075e+00;1.634877e-01;1.872895e+00;-1.971099e-03;1.318219e+00;-7.416995e-02;1.486172e+00;1.769894e-02;1.428841e+00;7.571945e-03;1.909920e+00;7.221238e-02;1.376377e+00;-3.455895e-02;1.474156e+00;-1.932961e-01;1.382910e+00;5.791960e-02;2.244081e+00;-4.844608e-03;1.445149e+00;4.844366e-02
146.000000;2.830616e+00;7.205148e+01;2.249467e-02;7.991508e-01;5.970909e-02;2.329887e-02;6.493931e-02;2.924117e-02;7.539814e-02;1.117896e-01;3.406158e+00;1.238387e+01;2.831313e-01;2.250669e+00;1.068340e-01;9.728728e-01;2.208956e-02;1.733516e-01;5.583508e-03;1.801587e-02;2.551241e-02;1.274106e-01;3.668661e-02;2.677303e-01;4.339944e-02;4.119708e-01;6.812030e-02;5.544053e-01;1.028420e-01;6.609111e-01;1.523272e-01;7.791317e-01;1.336994e-01;8.408960e-01;1.231954e-01;8.754747e-01;1.311018e-01;9.420719e-01;2.230490e-01;1.020907e+00;1.860992e-01;1.133968e+00;2.327359e-01;1.220772e+00;2.749968e-01;1.280488e+00;3.182255e-01;1.305194e+00;4.125108e-01;1.387339e+00;1.948972e-01;1.362633e+00;3.112938e-01;1.420666e+00;4.476764e-01;1.477730e+00;2.640906e-01;1.395576e+00;1.810085e-01;1.337113e+00;1.184295e-01;1.237990e+00;1.553484e-01;1.165846e+00;9.944683e-02;9.825120e-01;8.349898e-02;8.601490e-01;9.559147e-02;6.862703e-01;8.333423e-02;5.595370e-01;4.555517e-01;1.504151e+00;3.226649e-01;6.651126e-01;4.375475e+01;7.608398e+01;4.993124e+01;1.020674e+02;1.519953e+02;2.143271e+02;3.895831e+02;6.108252e+02;2.846473e-01;9.126119e-01;9.688838e+01;2.546052e+02;3.781024e-01;2.826512e+00;8.406528e+04;1.889151e+05;1.998855e+00;4.373881e+00;8.844237e+01;6.333124e+01;3.096948e-01;-1.445354e+00;8.391308e-02;2.307654e-01;3.788147e-01;1.129609e+00;1.665939e+00;4.326821e+01;4.922378e+00;-1.910558e+01;4.161777e+00;2.536905e+01;4.910117e+00;1.910279e+01;7.306193e+00;7.644778e-01;4.749458e+00;-2.869958e+00;7.356299e+00;1.424591e+00;5.742370e+00;1.078339e+01;7.447489e+00;9.525176e+00;4.799922e+00;-5.840747e+00;8.144079e+00;1.972097e+00;5.577014e+00;4.429424e+00;7.146369e+00;-2.160697e+00;3.952368e+00;-1.470955e-02;2.070008e-05;-1.343336e-07;1.200800e-07;2.146952e-11;4.475341e-07;-1.537661e-08;3.460302e-07;-1.308360e-08;6.079123e-07;-9.396808e-09;1.768777e-05;-1.600457e-08;7.664615e-02;-3.959173e-03;2.963359e-02;-1.909063e-04;5.942999e-03;-1.692503e-04;1.299875e-03;-5.946081e-05;7.190419e-03;4.550802e-04;1.010339e-02;4.690745e-04;1.080676e-02;-4.947116e-04;2.007829e-02;-1.000915e-03;2.335471e-02;9.679273e-04;4.699368e-02;-1.085728e-03;3.818990e-02;-2.021009e-04;4.029006e-02;-1.435837e-03;4.252095e-02;-1.872668e-03;5.959180e-02;2.082820e-03;4.642754e-02;-7.416768e-05;5.204562e-02;1.268758e-03;6.271270e-02;3.351371e-03;8.211681e-02;-3.635609e-03;1.005752e-01;-2.882933e-03;5.791740e-02;-1.429707e-03;8.148436e-02;3.487212e-04;1.165873e-01;-2.594395e-04;7.981052e-02;1.268068e-03;5.876605e-02;4.137720e-05;3.528564e-02;-2.282490e-03;4.189264e-02;-6.818596e-04;3.305420e-02;5.036196e-04;2.693466e-02;2.739452e-04;2.325108e-02;8.436914e-04;2.289276e-02;5.001232e-04;1.311772e-01;-8.262498e-03;7.967049e-02;-5.640963e-06;1.062208e+01;-1.435547e-01;1.235238e+01;0;4.737280e+01;-6.603516e-01;1.024519e+02;-6.603516e-01;8.306173e-02;-8.049451e-04;2.541213e+01;-2.516302e-01;9.631027e-02;-2.492412e-03;2.205577e+04;-2.356792e+02;5.635478e-01;-9.778888e-04;2.599571e+01;-3.695478e-03;8.448415e-02;2.353557e-03;2.168771e-02;-2.337975e-04;1.159905e-01;-6.413541e-03;4.179377e-01;3.119966e-02;1.389876e+00;-1.889401e-02;1.236297e+00;1.796660e-02;1.252883e+00;1.733251e-01;1.867187e+00;1.253034e-02;1.517564e+00;-7.406239e-02;1.925915e+00;-1.722653e-01;1.380638e+00;-6.288952e-02;1.618599e+00;2.901716e-01;1.482736e+00;6.305946e-02;1.609020e+00;1.104934e-02;1.444982e+00;-3.108339e-02;2.297928e+00;-5.178220e-02;1.208547e+00;-3.356913e-02
146.500000;1.217104e+01;7.980981e+01;2.739420e-02;7.792462e-01;8.435317e-02;5.924957e-02;6.747733e-02;4.410132e-02;8.634513e-02;1.238777e-01;3.871568e+00;9.538861e+00;3.040086e-01;2.125906e+00;1.518971e-01;9.992898e-01;4.008498e-02;1.467361e-01;8.123503e-03;2.221088e-02;4.337965e-02;1.278624e-01;5.701638e-02;2.786801e-01;5.724115e-02;4.169119e-01;9.552721e-02;5.676084e-01;1.581199e-01;7.279415e-01;1.354040e-01;7.599053e-01;2.120551e-01;8.473724e-01;4.191512e-01;9.805872e-01;1.498453e-01;9.410534e-01;2.943675e-01;1.099926e+00;2.141272e-01;1.170115e+00;2.227976e-01;1.178041e+00;2.430780e-01;1.216791e+00;2.880049e-01;1.266817e+00;2.850126e-01;1.307143e+00;2.190557e-01;1.405871e+00;2.708320e-01;1.428180e+00;4.422382e-01;1.449439e+00;2.671872e-01;1.451411e+00;2.700955e-01;1.413371e+00;3.041075e-01;1.348217e+00;3.347103e-01;1.262967e+00;2.852324e-01;1.097503e+00;1.739693e-01;9.086635e-01;1.172585e-01;7.329851e-01;9.844806e-02;5.961693e-01;5.837502e-01;1.365012e+00;2.201113e-01;6.179674e-01;5.745399e+01;1.020674e+02;1.130260e+02;1.708301e+02;2.561400e+02;3.326162e+02;4.625091e+02;8.240039e+02;3.258999e-01;8.907061e-01;1.440158e+02;3.321626e+02;6.188139e-01;3.148264e+00;7.979071e+04;2.176920e+05;2.001077e+00;3.620313e+00;7.824918e+01;4.635761e+01;5.373689e-01;-1.098141e+00;1.278418e-01;3.019839e-01;6.304376e-01;1.026266e+00;2.234720e+00;4.399150e+01;4.431450e+00;-2.042260e+01;4.840512e+00;2.348851e+01;5.885588e+00;2.134119e+01;5.338454e+00;-5.340760e-01;5.350383e+00;-5.825864e+00;1.012893e+01;-5.383379e+00;8.728695e+00;4.054787e+00;8.149802e+00;1.296169e+01;6.100480e+00;-2.133413e+00;8.620462e+00;8.970557e-01;7.071459e+00;2.049722e+00;6.376835e+00;-2.679409e+00;3.885591e+00;1.538214e-01;3.074089e-05;5.763395e-06;1.468899e-07;-5.180788e-09;5.730770e-07;-4.385019e-09;3.764669e-07;1.320690e-08;7.427062e-07;2.006145e-08;1.611468e-05;-2.590948e-06;8.362364e-02;3.157116e-04;3.668886e-02;7.821698e-04;9.411634e-03;-2.386372e-04;1.535818e-03;3.401354e-06;1.101504e-02;3.424179e-04;1.434361e-02;7.915541e-04;1.593091e-02;8.043692e-04;3.141727e-02;6.036864e-04;4.121301e-02;1.753963e-03;4.335397e-02;-3.731411e-04;5.219277e-02;6.417587e-04;9.514082e-02;4.963892e-03;5.126653e-02;-3.367374e-04;8.574326e-02;1.871595e-03;5.291460e-02;-1.351087e-03;5.195272e-02;-2.576331e-03;5.291508e-02;-2.439232e-03;6.700376e-02;-6.424254e-04;6.805882e-02;-1.389746e-03;6.667628e-02;-6.693383e-04;7.348139e-02;-1.738153e-04;1.049394e-01;3.033864e-03;7.603850e-02;1.050515e-04;7.566382e-02;9.421110e-04;8.946054e-02;4.292990e-03;8.469024e-02;2.841580e-03;6.236057e-02;2.763944e-03;4.024033e-02;2.485424e-03;2.899089e-02;1.191946e-03;2.457597e-02;8.581284e-04;1.879867e-01;1.922292e-03;7.100744e-02;-2.665704e-03;1.276487e+01;3.588867e-01;2.756882e+01;6.747071e-01;7.073678e+01;8.613281e-01;1.042577e+02;1.363770e+00;1.089739e-01;-9.141016e-04;3.359407e+01;4.485899e-01;1.219977e-01;5.012442e-03;2.250203e+04;-4.115566e+02;5.193190e-01;1.434110e-03;2.196824e+01;4.501371e-02;1.419468e-01;3.461267e-03;2.873650e-02;5.771298e-04;1.549675e-01;8.465150e-03;5.849793e-01;1.338679e-02;1.337573e+00;4.181412e-02;1.412872e+00;-4.073834e-02;1.811407e+00;-5.872248e-02;1.455066e+00;4.758471e-02;1.781289e+00;-2.602368e-03;2.163313e+00;-1.607265e-02;1.811482e+00;-1.530189e-01;1.767747e+00;-1.565418e-02;1.775192e+00;9.817661e-03;1.896223e+00;-5.025891e-02;1.607741e+00;1.554850e-02;1.949672e+00;3.377954e-02;1.322365e+00;3.278406e-03
147.000000;1.084718e+01;9.510017e+01;1.745466e-02;7.724815e-01;6.656833e-02;8.814499e-02;4.776183e-02;6.340109e-02;9.702207e-02;1.483201e-01;1.837836e+00;7.763641e+00;3.236985e-01;2.210260e+00;1.664759e-01;1.031804e+00;3.388779e-02;1.423643e-01;7.328802e-03;2.237843e-02;3.737357e-02;1.382145e-01;4.808253e-02;2.896494e-01;5.107456e-02;4.245820e-01;9.280690e-02;5.597429e-01;1.822283e-01;6.837649e-01;1.646429e-01;7.970321e-01;2.149346e-01;9.149482e-01;4.273684e-01;9.910861e-01;1.585233e-01;1.004003e+00;2.605039e-01;1.136610e+00;1.590184e-01;1.078949e+00;1.625021e-01;1.164532e+00;2.400494e-01;1.218797e+00;3.158953e-01;1.258733e+00;3.821906e-01;1.376436e+00;2.211146e-01;1.389684e+00;3.955514e-01;1.478208e+00;6.108716e-01;1.577960e+00;5.215538e-01;1.545447e+00;4.106537e-01;1.554092e+00;3.870675e-01;1.528595e+00;3.333586e-01;1.314775e+00;3.144917e-01;1.116236e+00;2.478547e-01;9.353337e-01;1.284400e-01;7.442651e-01;1.078627e-01;6.052217e-01;6.518555e-01;1.563999e+00;2.064453e-01;5.808328e-01;3.549577e+01;1.103936e+02;9.863565e+01;1.795869e+02;2.063733e+02;3.452490e+02;3.915800e+02;8.430967e+02;2.524739e-01;9.193309e-01;1.144515e+02;3.427097e+02;4.511401e-01;3.301823e+00;7.950572e+04;2.109517e+05;1.263934e+00;3.445141e+00;3.599617e+01;3.580621e+01;4.524862e-01;-1.022296e+00;9.685310e-02;3.173114e-01;7.118820e-01;1.407726e+00;2.449894e+00;4.445662e+01;5.099461e+00;-1.907768e+01;6.100815e+00;2.246262e+01;7.313804e+00;1.760422e+01;5.811422e+00;1.964383e+00;5.668847e+00;-4.122427e+00;1.051474e+01;-3.164536e+00;8.371725e+00;3.384242e+00;8.316694e+00;1.270512e+01;6.742531e+00;1.075230e+00;8.591780e+00;-1.423343e+00;7.845681e+00;-9.053201e-01;5.073128e+00;-2.996387e+00;6.444743e+00;-3.751313e+00;3.377145e-05;6.041378e-06;9.866035e-08;-6.404047e-09;5.345574e-07;1.036313e-08;3.664165e-07;1.401036e-08;9.340898e-07;8.678334e-09;1.164059e-05;-9.080489e-07;7.962345e-02;3.319235e-03;4.171541e-02;1.596589e-03;8.525222e-03;-7.253052e-05;1.307055e-03;8.742756e-05;8.943873e-03;-5.131090e-04;1.218141e-02;-3.263118e-04;1.524723e-02;6.442093e-04;2.926849e-02;1.094933e-03;4.270405e-02;-7.075823e-04;3.530785e-02;1.410958e-03;5.015546e-02;1.695887e-03;9.179723e-02;1.941227e-03;4.965123e-02;2.487358e-03;7.560022e-02;-5.322999e-03;3.874903e-02;-2.861846e-03;5.383659e-02;-1.169377e-03;6.096637e-02;-1.221538e-03;7.657363e-02;5.079376e-03;8.912668e-02;6.793201e-03;6.872226e-02;1.643734e-03;9.669035e-02;4.815840e-03;1.373352e-01;6.495163e-03;1.511944e-01;9.712274e-04;1.199811e-01;4.686260e-03;1.209478e-01;4.397870e-03;8.662155e-02;3.497871e-03;7.173229e-02;8.421286e-04;5.887376e-02;9.305067e-04;3.686288e-02;2.394198e-03;3.046008e-02;1.812141e-03;1.821146e-01;7.615941e-03;6.187727e-02;-1.840304e-04;8.365975e+00;3.445312e-01;2.485251e+01;5.311524e-01;5.637263e+01;8.469726e-01;7.731272e+01;2.024121e+00;9.154522e-02;-1.063960e-03;2.612953e+01;8.061057e-01;1.074413e-01;3.137055e-03;1.892506e+04;6.279850e+02;3.033922e-01;2.184123e-03;1.034338e+01;1.216016e-01;1.336881e-01;1.433112e-03;2.199231e-02;7.541428e-04;1.720243e-01;1.252968e-02;7.249936e-01;-3.784369e-02;1.247153e+00;3.259831e-02;1.695340e+00;2.041617e-02;1.849505e+00;-1.519193e-01;1.752584e+00;-7.881563e-02;1.547878e+00;4.535048e-02;1.796085e+00;1.386212e-01;1.804465e+00;1.745357e-01;1.822844e+00;-1.842944e-01;1.743423e+00;-2.649764e-02;2.104925e+00;-1.564278e-01;1.626610e+00;-5.573845e-02;1.449549e+00;5.398465e-02;1.252432e+00;-7.447085e-02
147.500000;4.910323e+00;1.006814e+02;1.049585e-02;7.729537e-01;5.688986e-02;9.344947e-02;4.591189e-02;8.391432e-02;8.017010e-02;1.322856e-01;1.077350e+00;8.261756e+00;3.081866e-01;2.153999e+00;1.596894e-01;9.963868e-01;1.179541e-02;1.535023e-01;4.222437e-03;1.739229e-02;1.465847e-02;1.368564e-01;2.153773e-02;2.829579e-01;2.989695e-02;4.298219e-01;5.671408e-02;5.562010e-01;1.122367e-01;6.375048e-01;1.585526e-01;8.052047e-01;1.457850e-01;8.745499e-01;1.571953e-01;8.437008e-01;1.673365e-01;9.794084e-01;1.917783e-01;1.024603e+00;9.342756e-02;1.027689e+00;2.207199e-01;1.149581e+00;2.473789e-01;1.186536e+00;3.313009e-01;1.266732e+00;3.932994e-01;1.362912e+00;2.572972e-01;1.340413e+00;4.714713e-01;1.456213e+00;5.978673e-01;1.572200e+00;5.632386e-01;1.515312e+00;4.984095e-01;1.509465e+00;4.355967e-01;1.430886e+00;2.660899e-01;1.232626e+00;2.163694e-01;1.040947e+00;2.269863e-01;8.955197e-01;1.317791e-01;7.436036e-01;1.135179e-01;6.046111e-01;4.568426e-01;1.703769e+00;2.116447e-01;4.624510e-01;1.016201e+01;9.575098e+01;1.102571e+01;1.362334e+02;5.473106e+01;2.385879e+02;2.270207e+02;5.383301e+02;1.796705e-01;9.040772e-01;5.112984e+01;2.676424e+02;2.541662e-01;2.973424e+00;6.961016e+04;1.582565e+05;2.051120e+00;4.869785e+00;1.252114e+02;8.354823e+01;1.885068e-01;-1.136341e+00;4.013967e-02;2.551601e-01;4.030806e-01;1.697510e+00;2.829752e+00;4.490137e+01;5.507459e+00;-1.590025e+01;7.077013e+00;2.695634e+01;6.380781e+00;1.696859e+01;6.341167e+00;3.045952e-01;4.429832e+00;-1.351668e+00;6.227336e+00;-6.178529e-01;5.695753e+00;9.040397e+00;5.522193e+00;1.178903e+01;5.184457e+00;1.529936e+00;8.166038e+00;-3.065984e+00;7.254143e+00;-1.830405e+00;3.647025e+00;-5.968305e+00;5.489615e+00;-7.190618e+00;3.283941e-05;-3.188815e-08;8.156347e-08;-5.751549e-09;5.150231e-07;-1.971120e-08;4.340264e-07;-1.487911e-08;7.596724e-07;-9.177340e-09;1.026466e-05;1.469442e-08;7.586082e-02;-3.519090e-03;4.262497e-02;8.284344e-04;5.797767e-03;1.599034e-05;1.075385e-03;-7.558621e-07;4.299937e-03;-3.751980e-04;7.283611e-03;-6.750691e-04;8.538407e-03;-3.474333e-04;1.387387e-02;-2.804204e-05;2.727971e-02;-9.859191e-04;2.569758e-02;1.272571e-03;2.829816e-02;1.149694e-05;2.815063e-02;-4.139793e-03;3.712771e-02;1.149458e-03;3.823953e-02;2.729339e-04;3.297352e-02;2.384028e-03;8.293602e-02;3.249391e-03;7.427846e-02;1.463741e-04;8.918307e-02;2.046571e-03;1.037858e-01;1.033346e-03;6.969405e-02;4.264076e-03;1.145577e-01;3.856011e-03;1.438114e-01;1.240425e-03;1.587256e-01;5.902722e-03;1.307555e-01;5.714797e-03;1.094992e-01;1.643539e-03;6.235080e-02;1.080246e-03;5.832285e-02;-2.341568e-03;5.707472e-02;-2.433204e-03;4.102497e-02;-1.444673e-03;3.454804e-02;-9.577801e-04;1.143033e-01;3.872336e-03;6.450588e-02;-4.398600e-03;4.832721e+00;-1.866211e-01;5.130569e+00;-1.866211e-01;2.275821e+01;-6.603516e-01;5.615454e+01;-4.421484e+00;5.906628e-02;-6.259023e-04;1.533080e+01;-8.295070e-01;8.464205e-02;-4.840294e-03;1.821550e+04;-8.459677e+02;5.554180e-01;1.503537e-02;3.440561e+01;1.518555e-01;9.255613e-02;4.844703e-05;1.260594e-02;-6.677970e-04;1.658439e-01;-1.402230e-04;7.781079e-01;1.323673e-03;1.446356e+00;2.563709e-02;1.625591e+00;1.370587e-01;1.439060e+00;-6.642987e-02;1.686265e+00;-4.070646e-02;1.229334e+00;2.568590e-02;1.576290e+00;-6.940889e-02;1.482771e+00;1.019837e-01;1.710581e+00;-1.410592e-02;1.324584e+00;9.469080e-02;1.884405e+00;1.898139e-02;1.572016e+00;-7.502931e-02;1.045052e+00;-9.477183e-02;1.307346e+00;-6.745564e-02
148.000000;2.918905e+00;9.945473e+01;1.295308e-02;7.708668e-01;6.342242e-02;1.056358e-01;5.017828e-02;8.222508e-02;9.484720e-02;1.493563e-01;1.649090e+00;7.616557e+00;2.547671e-01;2.012356e+00;1.496771e-01;9.862248e-01;1.939576e-02;1.472066e-01;3.798836e-03;1.740867e-02;2.484584e-02;1.246050e-01;2.095967e-02;2.686545e-01;2.213982e-02;4.257006e-01;4.628563e-02;5.663053e-01;6.843546e-02;6.947542e-01;1.301052e-01;7.455363e-01;1.523527e-01;8.291119e-01;1.260521e-01;9.058154e-01;1.352315e-01;9.847507e-01;1.871395e-01;1.034516e+00;1.363966e-01;1.054608e+00;2.228508e-01;1.169525e+00;2.290144e-01;1.211070e+00;2.635278e-01;1.265923e+00;3.156162e-01;1.331461e+00;2.710149e-01;1.341201e+00;4.042614e-01;1.420725e+00;4.802590e-01;1.467866e+00;3.561745e-01;1.461538e+00;4.067312e-01;1.436389e+00;3.605507e-01;1.361001e+00;2.973768e-01;1.214067e+00;1.743271e-01;1.090646e+00;1.483040e-01;9.169648e-01;1.237200e-01;7.247378e-01;1.020188e-01;5.943714e-01;3.330168e-01;1.752054e+00;1.738737e-01;3.704098e-01;3.263810e+01;1.080967e+02;3.455943e+01;1.524551e+02;5.399546e+01;2.418896e+02;1.767910e+02;4.675576e+02;2.629377e-01;9.967048e-01;5.262043e+01;2.625427e+02;2.332065e-01;2.961957e+00;5.493167e+04;1.365684e+05;1.903439e+00;5.164346e+00;1.229936e+02;8.553783e+01;2.926722e-01;-1.064731e+00;4.556850e-02;2.543685e-01;3.968957e-01;1.596599e+00;2.643639e+00;4.543663e+01;4.608516e+00;-1.497613e+01;5.506319e+00;2.868992e+01;5.682680e+00;1.729390e+01;5.233133e+00;-1.488987e+00;4.907301e+00;-3.772225e+00;4.456442e+00;-3.535976e+00;6.555515e+00;7.444043e+00;7.136427e+00;1.049643e+01;6.354977e+00;-3.049568e+00;4.129154e+00;-4.244488e+00;5.273793e+00;-1.872529e+00;4.385715e+00;-4.455741e+00;4.975903e+00;-5.631766e+00;2.539222e-05;-3.853211e-08;1.023855e-07;-1.871830e-09;5.334671e-07;-3.147314e-09;4.559406e-07;-3.215541e-09;7.696441e-07;-9.148185e-09;1.217959e-05;4.210660e-07;7.412008e-02;1.372806e-03;3.952407e-02;2.535287e-03;7.334266e-03;2.182392e-04;1.044226e-03;-5.039018e-07;8.788792e-03;9.929262e-04;8.800086e-03;4.406045e-04;6.568303e-03;-7.853016e-04;1.227610e-02;-8.225258e-04;1.691681e-02;-2.676862e-05;3.394764e-02;1.465383e-03;4.079132e-02;1.965117e-03;2.321656e-02;2.679050e-03;3.117090e-02;1.699606e-03;4.843755e-02;7.530733e-03;4.921976e-02;6.230738e-03;8.385021e-02;3.296551e-03;7.104357e-02;6.205445e-03;7.647128e-02;4.395176e-03;9.126221e-02;2.560153e-03;7.182419e-02;1.168713e-03;9.571861e-02;2.959105e-05;1.160558e-01;5.966093e-04;9.319823e-02;7.423487e-03;9.952267e-02;4.236820e-03;7.958341e-02;3.613003e-03;6.832223e-02;4.580153e-03;4.260451e-02;3.736323e-03;3.840100e-02;1.240878e-03;3.549092e-02;8.236990e-04;2.894344e-02;6.413112e-04;8.991019e-02;6.512653e-04;5.930595e-02;3.178566e-03;8.521878e+00;0;1.041143e+01;0;2.192106e+01;-5.742187e-02;5.879016e+01;2.871094e+00;8.369130e-02;5.855850e-03;1.902905e+01;3.497474e-02;9.109081e-02;-1.380070e-03;1.854386e+04;3.917286e+01;5.820864e-01;-5.403823e-03;3.449920e+01;-1.153442e-01;1.174542e-01;-3.203087e-03;1.614960e-02;5.941518e-06;1.410474e-01;4.832296e-04;7.213610e-01;5.318093e-04;1.328961e+00;-2.009352e-02;1.366587e+00;-4.763354e-02;1.327992e+00;1.897779e-02;1.609813e+00;1.216510e-01;1.196406e+00;-4.544875e-03;1.656071e+00;-1.776772e-02;1.940491e+00;-2.494857e-02;2.032750e+00;2.377079e-02;1.341911e+00;-3.781045e-02;1.339274e+00;9.763727e-02;1.468256e+00;4.071926e-02;1.232462e+00;-5.265213e-02;1.319201e+00;2.487616e-02
148.500000;7.071938e+00;9.642126e+01;1.751630e-02;7.772671e-01;6.732692e-02;1.019188e-01;5.524930e-02;6.976673e-02;1.019115e-01;1.662845e-01;1.728159e+00;6.865174e+00;3.038301e-01;2.177753e+00;1.516096e-01;1.058812e+00;2.558546e-02;1.400933e-01;5.285672e-03;2.183044e-02;4.433219e-02;1.259933e-01;3.112298e-02;2.695813e-01;3.009897e-02;4.222156e-01;4.071644e-02;5.677780e-01;4.600956e-02;7.204040e-01;1.217547e-01;7.978509e-01;1.333431e-01;8.921715e-01;1.780014e-01;9.981672e-01;9.344276e-02;1.012933e+00;2.667119e-01;1.143046e+00;1.983431e-01;1.137616e+00;2.081470e-01;1.189657e+00;2.302396e-01;1.268602e+00;2.477101e-01;1.332173e+00;2.752810e-01;1.401129e+00;4.636585e-01;1.554922e+00;5.627820e-01;1.593910e+00;3.650092e-01;1.523007e+00;4.654222e-01;1.668554e+00;3.150413e-01;1.552623e+00;2.731450e-01;1.481725e+00;3.377380e-01;1.351397e+00;2.602423e-01;1.180113e+00;1.586036e-01;9.726527e-01;1.522380e-01;7.619581e-01;1.000874e-01;6.089335e-01;3.686925e-01;1.953345e+00;2.586693e-01;4.732790e-01;4.994465e+01;1.386738e+02;5.884272e+01;1.906406e+02;1.148634e+02;3.171123e+02;4.154726e+02;7.219365e+02;2.875655e-01;1.071167e+00;1.048007e+02;3.347281e+02;3.478777e-01;3.276809e+00;1.206865e+05;1.925110e+05;1.126926e+00;4.049345e+00;3.092990e+01;4.036560e+01;3.794748e-01;-9.696199e-01;8.400799e-02;3.165523e-01;3.995143e-01;1.449360e+00;3.014318e+00;4.346396e+01;3.655619e+00;-1.628120e+01;4.483315e+00;2.730179e+01;5.957444e+00;1.104923e+01;6.697786e+00;-2.246802e+00;6.038139e+00;-7.884645e+00;5.543237e+00;-3.359107e+00;8.508597e+00;4.476275e+00;8.662841e+00;8.786161e+00;6.414247e+00;-5.867497e+00;3.840281e+00;-3.541812e+00;5.919186e+00;-3.418705e+00;4.374472e+00;-4.217066e+00;4.119228e+00;-5.646449e+00;2.889221e-05;-5.931621e-06;1.310247e-07;2.649555e-09;5.293828e-07;6.176581e-09;5.225735e-07;-4.824783e-09;8.267085e-07;5.306137e-08;1.317898e-05;-7.720001e-08;6.562611e-02;5.999458e-03;3.388004e-02;3.728235e-04;8.090880e-03;2.796059e-04;1.023462e-03;6.135047e-05;1.170910e-02;1.268023e-03;9.766105e-03;5.035634e-04;7.906883e-03;-2.123940e-04;1.308899e-02;-1.639399e-04;1.444207e-02;4.708714e-04;3.710105e-02;-3.768888e-03;3.943530e-02;-1.612013e-03;4.163619e-02;5.169744e-03;4.012171e-02;-1.097386e-03;6.444103e-02;6.558458e-03;5.413431e-02;5.020055e-03;6.629231e-02;3.851360e-04;7.271917e-02;1.027160e-03;6.770540e-02;3.168176e-03;8.070920e-02;-4.456474e-03;1.347711e-01;-4.120262e-03;1.518375e-01;-5.930344e-03;7.883650e-02;-2.476991e-03;1.270700e-01;4.444529e-03;7.755712e-02;-2.476612e-03;6.593710e-02;-2.597858e-03;7.550850e-02;2.691061e-03;8.063523e-02;2.427328e-03;4.718755e-02;2.223068e-03;4.296636e-02;2.414870e-03;3.058600e-02;8.345267e-04;1.038853e-01;-2.183783e-03;6.061900e-02;6.906776e-03;1.082479e+01;-2.871094e-02;1.522949e+01;-7.177734e-02;3.114247e+01;2.440430e-01;1.211064e+02;3.919043e+00;1.032521e-01;4.101930e-03;2.794605e+01;5.926353e-01;9.965921e-02;5.743620e-03;3.469780e+04;1.038613e+03;3.699477e-01;-1.454808e-02;1.122534e+01;-2.076269e-01;1.257025e-01;-3.883551e-03;2.165252e-02;3.713143e-04;1.411180e-01;-1.157640e-02;6.570810e-01;-4.655175e-02;1.225751e+00;-3.236862e-02;1.375880e+00;-6.537841e-02;1.386132e+00;-1.281325e-02;2.097739e+00;1.195037e-01;1.448794e+00;1.440910e-02;1.947016e+00;1.468571e-02;2.537060e+00;-1.134324e-01;2.277593e+00;-4.294812e-02;1.847668e+00;-8.294705e-02;1.180757e+00;9.710842e-02;1.779853e+00;7.341418e-03;1.379048e+00;5.072067e-02;1.322774e+00;9.863187e-02
149.000000;1.318689e+01;8.242250e+01;1.304357e-02;7.822577e-01;6.089254e-02;5.361618e-02;4.684013e-02;4.037486e-02;7.590792e-02;1.558481e-01;1.661391e+00;7.513892e+00;2.728479e-01;2.354633e+00;1.433690e-01;1.041274e+00;2.624086e-02;1.549080e-01;4.847914e-03;2.352230e-02;4.405127e-02;1.465558e-01;2.805996e-02;2.684141e-01;3.131782e-02;4.108693e-01;4.893978e-02;5.555496e-01;6.410453e-02;6.801924e-01;1.447317e-01;8.009151e-01;1.227927e-01;8.434568e-01;2.267837e-01;9.451011e-01;1.812248e-01;1.006239e+00;3.001351e-01;1.131148e+00;2.096956e-01;1.212381e+00;2.195078e-01;1.163311e+00;1.952090e-01;1.227946e+00;2.869214e-01;1.371480e+00;2.512002e-01;1.361181e+00;4.713937e-01;1.526092e+00;5.459897e-01;1.538741e+00;3.119769e-01;1.493931e+00;4.641168e-01;1.598096e+00;2.647696e-01;1.533435e+00;2.384139e-01;1.411699e+00;3.198318e-01;1.334262e+00;2.675446e-01;1.136235e+00;1.713917e-01;9.348657e-01;1.411937e-01;8.035154e-01;9.339593e-02;6.375094e-01;5.155207e-01;2.000807e+00;2.692607e-01;6.174963e-01;5.347080e+01;1.175713e+02;7.179801e+01;1.602070e+02;1.183169e+02;3.089297e+02;4.197996e+02;7.668691e+02;2.337505e-01;1.119810e+00;1.107969e+02;3.251734e+02;3.738700e-01;3.326028e+00;1.156449e+05;2.158170e+05;1.231939e+00;3.836428e+00;3.953899e+01;3.866386e+01;3.829135e-01;-1.169851e+00;9.307588e-02;3.008443e-01;3.786445e-01;1.219959e+00;2.611435e+00;4.158432e+01;3.447174e+00;-1.688923e+01;4.468976e+00;2.712164e+01;5.981420e+00;1.139927e+01;6.685321e+00;-9.778445e-01;6.728534e+00;-7.086917e+00;5.169610e+00;-3.505904e+00;7.054137e+00;4.235870e+00;6.648736e+00;7.857272e+00;6.569857e+00;-9.681709e-01;8.831435e+00;2.388562e+00;6.699766e+00;-1.098918e+00;5.003010e+00;-5.380690e+00;6.067010e+00;-3.153594e+00;2.565709e-05;-6.497469e-06;1.094332e-07;4.420166e-09;3.336479e-07;-1.689142e-08;4.077156e-07;-7.185884e-09;5.739531e-07;5.509158e-10;1.062179e-05;1.336013e-07;5.325146e-02;-1.672974e-03;2.728203e-02;-2.900034e-03;5.399472e-03;-5.973109e-05;1.051974e-03;-3.640716e-05;8.684435e-03;-9.071190e-04;6.636756e-03;-7.851521e-04;1.053888e-02;7.479284e-04;1.548968e-02;-2.050754e-04;1.255449e-02;-5.857677e-04;3.316171e-02;-1.714354e-03;2.546005e-02;-2.259344e-03;4.783737e-02;-4.310830e-03;4.754227e-02;-1.564062e-03;7.751880e-02;-5.508766e-04;4.318983e-02;-6.750468e-03;5.302703e-02;-6.547499e-03;5.840003e-02;-7.337152e-03;5.552115e-02;-4.641299e-03;6.941820e-02;-4.661891e-03;1.358227e-01;-6.724519e-04;1.453702e-01;-3.351952e-03;6.496798e-02;-3.753639e-03;1.293302e-01;-5.928774e-03;5.750245e-02;-4.702104e-03;5.777045e-02;-4.893168e-03;7.021987e-02;-5.118400e-03;8.088598e-02;-2.709519e-03;4.909095e-02;-2.950593e-04;4.178907e-02;-9.693157e-04;2.882202e-02;-9.335498e-04;1.531038e-01;6.854477e-04;5.759602e-02;-2.634009e-03;7.663441e+00;-1.579102e-01;1.204432e+01;-5.311524e-01;2.595483e+01;-1.435547e-01;1.172807e+02;-4.421484e+00;8.062752e-02;-5.034322e-03;2.412242e+01;-5.944903e-01;7.843443e-02;-2.715018e-04;3.333260e+04;-3.095319e+02;3.178013e-01;6.905124e-03;1.157274e+01;9.369216e-02;8.186375e-02;8.620074e-05;1.770479e-02;-5.545748e-04;1.263582e-01;-5.825432e-03;6.159439e-01;-2.185815e-02;1.042017e+00;3.908732e-02;1.257028e+00;1.241309e-02;1.287234e+00;5.952864e-04;1.906776e+00;-1.005655e-01;1.441316e+00;5.042856e-02;1.745586e+00;-1.425889e-03;2.137500e+00;-1.465771e-01;1.765381e+00;-1.336729e-01;1.654959e+00;6.859741e-02;1.218991e+00;2.124631e-01;1.773226e+00;5.321594e-02;1.294559e+00;-4.725609e-02;1.428590e+00;-6.208644e-02
149.500000;1.046736e+00;7.119968e+01;5.168450e-03;7.859196e-01;3.263756e-02;2.595092e-02;2.894874e-02;2.357133e-02;7.766522e-02;1.338876e-01;1.329498e+00;9.068517e+00;2.780474e-01;2.227510e+00;7.487575e-02;9.779292e-01;5.765147e-03;1.752190e-01;5.299092e-03;1.800705e-02;2.406354e-02;1.466872e-01;2.083709e-02;2.703514e-01;3.099171e-02;4.139447e-01;5.269293e-02;5.416957e-01;6.552935e-02;6.652521e-01;1.569004e-01;7.530200e-01;9.142613e-02;7.832178e-01;1.541225e-01;8.741375e-01;1.845722e-01;9.811841e-01;2.059935e-01;1.026608e+00;1.860880e-01;1.138711e+00;1.806633e-01;1.123698e+00;1.494498e-01;1.176876e+00;3.061749e-01;1.286826e+00;2.162509e-01;1.268815e+00;1.732650e-01;1.285013e+00;1.434298e-01;1.354256e+00;2.521925e-01;1.411543e+00;2.332727e-01;1.383308e+00;2.126401e-01;1.428044e+00;1.791229e-01;1.393487e+00;1.470187e-01;1.212347e+00;1.460797e-01;1.139747e+00;1.296296e-01;9.770529e-01;7.645776e-02;7.605681e-01;5.438508e-02;6.297691e-01;5.445120e-01;1.799837e+00;2.780261e-01;5.079039e-01;1.140876e+01;7.493555e+01;1.924436e+01;9.661230e+01;5.550649e+01;2.101641e+02;2.504148e+02;4.814824e+02;2.231978e-01;1.105544e+00;5.949907e+01;2.233795e+02;3.609715e-01;2.926931e+00;7.043244e+04;1.455403e+05;2.205370e+00;5.447415e+00;9.557234e+01;8.900516e+01;1.159825e-01;-1.467813e+00;4.880394e-02;2.095813e-01;2.763861e-01;1.038611e+00;2.243193e+00;4.014419e+01;5.276305e+00;-1.211241e+01;3.954416e+00;2.573121e+01;3.474863e+00;1.676596e+01;5.980049e+00;2.716251e+00;5.088565e+00;-5.932438e+00;5.224008e+00;-1.302681e+00;6.095546e+00;1.427701e+00;5.890319e+00;1.071675e+01;4.555778e+00;3.143079e+00;6.723998e+00;1.037232e+01;4.619755e+00;3.475928e+00;5.265831e+00;-3.381290e+00;5.873987e+00;-3.928339e+00;6.021806e-06;2.452351e-07;2.445590e-08;2.755987e-09;1.499004e-07;1.411360e-08;1.756035e-07;-7.052558e-10;5.292040e-07;-6.913988e-08;5.164066e-06;5.979357e-07;6.342834e-02;-9.861381e-04;2.714015e-02;-4.858046e-04;1.598308e-03;-1.884317e-05;9.361864e-04;1.045603e-05;2.500580e-03;-1.264021e-03;3.574998e-03;-2.979567e-04;1.065618e-02;3.290785e-04;1.552445e-02;-4.583763e-04;1.403969e-02;-1.559896e-03;3.526352e-02;1.649089e-03;3.167391e-02;1.576508e-03;4.109583e-02;-3.688258e-03;4.423786e-02;9.618574e-04;6.164298e-02;-7.030794e-03;3.583321e-02;-6.029778e-03;5.352788e-02;2.141013e-03;6.665776e-02;5.847478e-03;8.177375e-02;-1.656321e-03;9.389812e-02;1.164282e-02;5.423240e-02;-1.220232e-03;4.333359e-02;5.654543e-04;8.289954e-02;3.516638e-03;8.784962e-02;-4.153746e-03;4.919849e-02;5.419532e-04;4.146431e-02;5.339209e-04;4.634773e-02;-4.609472e-03;3.346410e-02;-3.214022e-03;3.265192e-02;-2.705285e-03;2.049548e-02;-3.033913e-03;1.692784e-02;-1.014651e-03;1.434283e-01;-5.403695e-03;6.475452e-02;1.734460e-03;2.976675e+00;-2.871094e-02;2.299520e+00;-4.163086e-01;8.763705e+00;-6.603516e-01;5.914083e+01;3.229980e+00;4.672937e-02;1.353715e-03;1.114600e+01;8.441710e-02;5.490807e-02;-4.480835e-03;1.658295e+04;7.403533e+02;5.992069e-01;-2.854835e-03;2.940571e+01;-2.395780e-02;2.981218e-02;-5.258393e-06;8.438563e-03;-8.386374e-05;8.694779e-02;3.004841e-03;4.132113e-01;-3.401422e-02;1.010426e+00;2.605307e-02;7.123596e-01;8.249853e-04;9.461334e-01;6.173507e-02;1.337621e+00;-2.771823e-02;1.205957e+00;-9.990665e-02;1.442208e+00;3.341317e-02;1.783566e+00;1.825255e-01;1.339781e+00;4.750032e-02;1.335795e+00;-5.603984e-02;1.442770e+00;3.231138e-02;1.308941e+00;6.549463e-02;1.344670e+00;-2.693763e-02;1.249672e+00;-7.419866e-02
150.000000;5.196346e+00;7.296606e+01;1.377620e-02;7.883461e-01;4.510981e-02;3.044226e-02;6.212319e-02;3.207692e-02;7.074982e-02;1.052762e-01;1.361152e+00;9.974535e+00;2.691807e-01;2.170286e+00;1.141067e-01;1.008823e+00;1.763922e-02;1.740968e-01;5.436763e-03;1.706475e-02;1.442226e-02;1.277182e-01;1.781861e-02;2.734757e-01;3.240963e-02;4.237078e-01;5.350317e-02;5.484017e-01;7.061068e-02;6.579036e-01;1.997168e-01;8.042679e-01;1.423804e-01;8.646528e-01;1.339076e-01;9.188858e-01;1.371581e-01;9.563686e-01;1.600944e-01;1.035086e+00;1.402577e-01;1.105234e+00;3.112831e-01;1.202749e+00;3.516111e-01;1.267193e+00;3.420965e-01;1.328378e+00;4.547664e-01;1.405064e+00;1.651375e-01;1.366116e+00;2.082104e-01;1.404801e+00;4.127248e-01;1.488216e+00;2.816646e-01;1.500855e+00;2.786877e-01;1.500362e+00;1.765379e-01;1.440624e+00;1.616297e-01;1.238652e+00;1.863094e-01;1.080804e+00;1.545411e-01;9.335610e-01;1.008777e-01;7.483826e-01;8.432086e-02;6.079389e-01;4.416741e-01;1.464338e+00;3.375374e-01;5.067366e-01;2.698637e+01;7.622754e+01;3.658702e+01;9.503320e+01;7.981176e+01;1.909277e+02;3.493220e+02;5.153613e+02;1.914663e-01;9.790842e-01;7.664806e+01;2.188658e+02;3.200187e-01;2.786781e+00;8.445354e+04;1.488241e+05;2.468030e+00;5.719604e+00;9.994655e+01;9.520180e+01;2.407184e-01;-1.453283e+00;6.440759e-02;2.032173e-01;3.007377e-01;9.441155e-01;2.188421e+00;3.800191e+01;4.826923e+00;-1.080505e+01;3.519574e+00;2.582191e+01;3.727550e+00;1.803737e+01;5.349852e+00;5.039119e+00;6.348965e+00;-6.503062e+00;6.444828e+00;-2.145858e+00;1.032328e+01;6.230040e+00;9.030474e+00;8.109006e+00;5.873789e+00;3.273631e+00;6.676508e+00;1.010717e+01;8.022899e+00;1.213210e+00;4.858967e+00;-2.510514e+00;4.461936e+00;-6.456184e+00;3.506182e-05;4.496877e-07;8.612194e-08;-1.055454e-08;2.394471e-07;5.465157e-08;3.402291e-07;4.607618e-08;5.157904e-07;1.840975e-08;9.739988e-06;-1.026865e-06;7.410158e-02;-1.203374e-03;2.974726e-02;-7.181055e-04;3.210530e-03;-7.486588e-04;1.103813e-03;7.608969e-05;2.973518e-03;-8.964119e-04;4.539784e-03;3.381225e-05;1.002122e-02;2.048757e-04;1.583570e-02;3.749432e-04;2.182015e-02;8.710998e-04;5.531297e-02;8.418095e-05;4.478274e-02;-3.906398e-04;4.793562e-02;2.178218e-03;4.961496e-02;2.245548e-03;4.426152e-02;-3.196706e-03;4.028515e-02;3.563005e-03;7.162537e-02;4.615488e-03;8.384395e-02;3.811404e-03;9.511865e-02;-3.314027e-03;1.085560e-01;-3.648906e-03;4.009814e-02;1.657843e-04;5.165120e-02;-2.018265e-03;9.042646e-02;-6.171990e-03;7.037546e-02;-2.778578e-03;6.111858e-02;-1.417231e-03;4.227182e-02;-2.843252e-03;4.171029e-02;-3.134037e-03;3.132319e-02;-1.753946e-03;2.516676e-02;-7.572664e-04;2.165754e-02;-2.444119e-03;1.574291e-02;-2.053746e-03;1.073315e-01;-5.928080e-03;7.638156e-02;7.349625e-04;6.303653e+00;1.306348e+00;7.610768e+00;2.081543e+00;2.739999e+01;6.043653e+00;8.337223e+01;1.093887e+01;4.271246e-02;3.552752e-04;1.816003e+01;3.368384e+00;8.071724e-02;9.822160e-03;1.975302e+04;1.549650e+03;7.068249e-01;-2.304460e-02;3.098273e+01;-2.645677e-01;4.577044e-02;1.021820e-02;1.485860e-02;2.966692e-03;8.993443e-02;-1.164779e-03;4.897043e-01;-1.324467e-02;1.208264e+00;-7.836968e-02;8.766555e-01;-9.040217e-02;1.006802e+00;-6.083808e-02;1.388181e+00;4.687775e-02;1.545299e+00;-1.954853e-01;1.662002e+00;-1.534442e-01;1.883988e+00;-2.589850e-03;2.192070e+00;1.281343e-03;1.543811e+00;-1.000083e-01;1.547668e+00;-1.941553e-01;1.168970e+00;-2.767778e-01;1.674235e+00;1.169643e-01;1.307693e+00;9.391947e-03
150.500000;1.146789e+01;7.966267e+01;2.241490e-02;7.808983e-01;7.550424e-02;4.530550e-02;9.245644e-02;5.920266e-02;1.280489e-01;1.432035e-01;2.542080e+00;8.755166e+00;2.543324e-01;2.197733e+00;1.175027e-01;1.012773e+00;3.195642e-02;1.542296e-01;7.480053e-03;2.098136e-02;2.926567e-02;1.225725e-01;2.254880e-02;2.735513e-01;3.614283e-02;4.267661e-01;4.589365e-02;5.594287e-01;7.866731e-02;6.534445e-01;1.947410e-01;7.775912e-01;1.415879e-01;8.566993e-01;1.414115e-01;9.530530e-01;1.673634e-01;9.961796e-01;1.331011e-01;1.043060e+00;1.515259e-01;1.136774e+00;3.140379e-01;1.238844e+00;3.723881e-01;1.297695e+00;3.594023e-01;1.340958e+00;5.829747e-01;1.485803e+00;3.304627e-01;1.521516e+00;2.650253e-01;1.424952e+00;4.133968e-01;1.485908e+00;2.489200e-01;1.509441e+00;2.438675e-01;1.490284e+00;1.939008e-01;1.304987e+00;1.911960e-01;1.216749e+00;1.256808e-01;1.009867e+00;1.250328e-01;8.716451e-01;1.039215e-01;7.481380e-01;8.976524e-02;5.861892e-01;3.300218e-01;1.297408e+00;3.210764e-01;6.014191e-01;4.404486e+01;9.933984e+01;6.700545e+01;1.355156e+02;1.637955e+02;2.505029e+02;5.126435e+02;7.714629e+02;2.296824e-01;1.025875e+00;1.228117e+02;2.904594e+02;4.751176e-01;3.094088e+00;1.239699e+05;2.092174e+05;1.933951e+00;4.364136e+00;5.538734e+01;5.476505e+01;4.300447e-01;-1.184205e+00;1.014787e-01;2.637637e-01;3.481400e-01;8.688517e-01;2.527403e+00;3.830225e+01;4.012962e+00;-1.447791e+01;4.978122e+00;2.594952e+01;4.522421e+00;1.878073e+01;4.954273e+00;4.538213e+00;6.638566e+00;-5.641641e+00;7.104076e+00;-7.175931e+00;9.586335e+00;8.272735e+00;9.999913e+00;5.105936e+00;6.837074e+00;1.636386e+00;6.725082e+00;7.715421e+00;9.722487e+00;-7.148161e+00;5.664549e+00;-7.866952e-01;5.068671e+00;-4.252055e+00;4.454430e-05;5.507217e-06;1.571135e-07;1.283218e-09;5.096967e-07;3.220648e-08;5.884932e-07;1.363838e-08;1.091273e-06;7.555330e-08;1.559834e-05;-7.015294e-07;6.691410e-02;1.730099e-03;2.371303e-02;-1.815291e-04;6.537276e-03;-3.543464e-04;1.401220e-03;-1.133794e-06;7.532892e-03;-1.656699e-04;8.416927e-03;-6.857000e-05;1.139639e-02;2.274265e-05;1.720960e-02;1.136990e-04;2.299501e-02;8.744648e-04;5.426488e-02;1.726385e-03;4.929623e-02;1.994966e-03;5.887448e-02;2.585147e-03;5.431869e-02;-5.032571e-04;4.762337e-02;1.980091e-03;3.632494e-02;-8.563330e-04;6.055156e-02;-6.867330e-03;6.836148e-02;-3.561289e-03;7.572924e-02;1.328498e-03;1.143107e-01;-6.875723e-04;7.837319e-02;8.968324e-03;8.168165e-02;-1.361239e-03;8.198757e-02;-6.055873e-03;5.051203e-02;-2.589823e-03;5.721000e-02;-3.674197e-03;4.981613e-02;-1.477500e-03;4.515153e-02;-6.634019e-04;2.825815e-02;1.582860e-03;2.531032e-02;1.470152e-03;2.323092e-02;4.474452e-04;1.806139e-02;7.175056e-04;1.623186e-01;1.529244e-02;6.651773e-02;-2.048633e-03;9.501065e+00;8.326172e-01;1.459324e+01;2.296875e+00;5.074305e+01;3.531445e+00;1.147510e+02;3.947754e+00;7.419110e-02;1.052661e-03;2.775734e+01;2.152179e+00;1.104165e-01;1.089821e-02;2.882585e+04;5.874704e+02;5.066404e-01;-6.583907e-03;1.579990e+01;-9.990590e-03;9.700474e-02;5.022094e-03;2.261247e-02;2.013359e-03;1.036506e-01;6.427271e-03;6.250230e-01;3.141071e-02;1.085873e+00;-3.123106e-02;1.521000e+00;-6.727365e-02;1.550292e+00;-5.288334e-02;1.385628e+00;-1.621830e-01;1.629596e+00;2.535303e-02;1.699792e+00;2.770957e-02;1.850026e+00;-1.180173e-01;2.760675e+00;-9.882290e-02;1.680034e+00;2.399873e-02;1.987063e+00;-3.279937e-02;1.531587e+00;-1.787644e-01;1.634307e+00;-1.271882e-02;1.614631e+00;2.171257e-02
151.000000;1.172967e+01;9.210454e+01;2.205065e-02;7.815422e-01;7.955407e-02;5.880574e-02;8.833982e-02;7.313034e-02;1.328615e-01;1.763057e-01;2.092710e+00;8.229156e+00;3.108259e-01;2.277852e+00;1.193601e-01;1.004741e+00;2.864899e-02;1.504552e-01;6.601460e-03;2.191862e-02;3.285568e-02;1.355141e-01;2.648311e-02;2.846876e-01;3.810358e-02;4.246618e-01;8.504146e-02;5.505459e-01;1.790035e-01;7.012455e-01;2.247895e-01;7.943816e-01;2.983707e-01;9.224436e-01;3.452906e-01;9.972152e-01;1.882433e-01;1.045217e+00;2.003736e-01;1.089635e+00;1.428387e-01;1.085403e+00;2.001032e-01;1.213416e+00;2.268840e-01;1.239011e+00;2.867395e-01;1.233933e+00;4.730454e-01;1.358246e+00;3.898424e-01;1.413339e+00;2.819115e-01;1.425190e+00;3.620864e-01;1.460053e+00;2.266583e-01;1.435033e+00;1.596991e-01;1.404698e+00;2.192781e-01;1.296243e+00;2.005396e-01;1.230439e+00;1.246886e-01;1.110367e+00;1.171876e-01;9.393041e-01;6.307581e-02;7.245486e-01;6.739179e-02;6.084856e-01;7.651044e-01;1.746441e+00;2.308638e-01;5.596150e-01;3.522330e+01;1.128340e+02;6.001891e+01;1.665234e+02;1.671615e+02;3.176865e+02;4.550383e+02;7.713193e+02;2.569772e-01;1.051993e+00;1.114230e+02;3.204278e+02;4.369559e-01;3.276550e+00;1.171883e+05;1.970441e+05;1.405555e+00;4.066424e+00;4.625634e+01;5.172770e+01;4.118109e-01;-1.128427e+00;9.022624e-02;2.993543e-01;6.515566e-01;1.367518e+00;1.873955e+00;4.036795e+01;3.820487e+00;-1.403539e+01;5.303988e+00;2.191422e+01;5.758239e+00;1.651302e+01;7.792245e+00;1.659776e+00;5.594866e+00;-4.151982e+00;9.276676e+00;-2.916029e+00;7.511757e+00;5.727507e+00;1.068982e+01;1.167100e+01;6.442257e+00;-1.433213e+00;7.672696e+00;7.299280e+00;7.061070e+00;-1.019518e+01;6.839387e+00;-1.528686e+00;6.177393e+00;-3.158480e+00;3.302367e-05;6.298015e-06;1.474310e-07;1.005058e-08;5.797373e-07;-1.001392e-08;5.703995e-07;-3.128173e-08;1.190149e-06;-1.021434e-09;1.452222e-05;1.052130e-06;6.922570e-02;1.464771e-03;2.586769e-02;-7.577259e-05;8.823323e-03;4.802403e-04;1.251803e-03;-3.212396e-05;9.627800e-03;8.526549e-04;1.029594e-02;2.424338e-04;1.026407e-02;-2.132943e-04;2.402548e-02;3.524203e-04;4.548360e-02;-3.037067e-03;4.291239e-02;-3.355333e-03;5.857669e-02;-2.294889e-03;8.311599e-02;-2.416969e-04;5.618019e-02;-1.864775e-03;4.997984e-02;-1.641069e-03;2.886572e-02;-3.049993e-03;6.095894e-02;-7.626939e-04;5.081941e-02;-1.135278e-03;5.894150e-02;-4.085952e-04;1.040045e-01;5.970011e-04;9.193654e-02;-1.378231e-03;8.508696e-02;-1.144504e-03;9.887638e-02;2.969998e-03;6.921560e-02;3.385722e-03;5.381554e-02;2.064107e-03;6.199509e-02;3.983927e-03;5.373116e-02;3.412577e-03;2.917136e-02;-1.625067e-04;2.554058e-02;-1.466508e-03;2.198003e-02;1.131371e-03;1.970329e-02;1.194143e-03;2.160004e-01;3.252417e-05;6.325172e-02;1.186590e-03;9.954656e+00;-1.019238e+00;1.895602e+01;-1.536035e+00;5.261642e+01;-5.813965e+00;1.233146e+02;-5.024414e+00;8.422320e-02;-4.054578e-04;3.071576e+01;-2.532218e+00;1.290017e-01;-7.515446e-03;3.086938e+04;-1.045572e+03;4.136377e-01;2.020031e-02;1.363855e+01;4.366390e-01;1.420312e-01;-6.453964e-03;2.524810e-02;-2.213899e-03;1.326972e-01;8.080333e-03;5.525275e-01;7.532062e-03;1.056938e+00;6.507801e-02;1.516781e+00;6.405498e-02;1.597911e+00;9.258547e-02;1.605943e+00;8.022372e-02;1.434073e+00;1.871631e-01;1.792577e+00;1.741473e-01;1.778365e+00;1.291817e-01;2.316748e+00;3.811537e-02;1.685290e+00;-7.083850e-02;2.182258e+00;-5.435130e-02;1.913532e+00;1.283035e-01;1.675527e+00;-2.197571e-02;1.719922e+00;9.035908e-02
151.500000;4.556480e+00;1.001171e+02;1.514422e-02;7.850313e-01;5.966764e-02;5.801494e-02;7.451984e-02;8.522728e-02;8.891845e-02;1.308946e-01;1.011646e+00;8.510784e+00;3.157790e-01;2.355058e+00;1.285971e-01;1.008787e+00;1.646566e-02;1.619400e-01;4.141970e-03;2.024565e-02;1.878623e-02;1.395135e-01;2.290399e-02;2.827377e-01;3.593775e-02;4.222460e-01;9.324291e-02;5.599253e-01;1.906986e-01;6.890102e-01;2.317906e-01;8.424906e-01;3.007023e-01;9.613802e-01;3.493110e-01;9.926941e-01;1.844313e-01;1.022248e+00;2.326352e-01;1.077638e+00;1.263844e-01;1.051233e+00;2.245352e-01;1.194786e+00;2.415114e-01;1.240411e+00;2.683022e-01;1.282717e+00;3.106199e-01;1.330452e+00;2.067957e-01;1.322742e+00;3.064959e-01;1.437757e+00;4.415066e-01;1.509889e+00;2.425406e-01;1.486099e+00;1.868183e-01;1.387033e+00;2.171187e-01;1.323866e+00;1.815222e-01;1.279814e+00;1.489185e-01;1.115988e+00;1.387186e-01;8.996912e-01;1.026977e-01;7.477038e-01;7.694016e-02;6.283962e-01;6.557726e-01;1.997784e+00;2.323535e-01;5.497006e-01;1.770501e+01;1.052256e+02;4.048420e+01;1.525986e+02;1.080085e+02;2.948613e+02;2.701519e+02;6.685342e+02;2.098575e-01;9.641279e-01;6.859323e+01;2.966773e+02;3.713711e-01;3.144477e+00;6.514474e+04;1.660299e+05;2.489109e+00;4.610445e+00;1.467517e+02;7.944862e+01;2.867146e-01;-1.264825e+00;5.899458e-02;2.838328e-01;4.235460e-01;1.944218e+00;1.290966e+00;4.111726e+01;4.416745e+00;-1.242949e+01;4.983661e+00;2.146852e+01;5.793817e+00;1.557468e+01;6.841570e+00;-7.338125e-01;5.571957e+00;-2.737161e+00;5.572972e+00;2.628432e+00;4.134393e+00;1.097383e+01;7.900009e+00;1.540874e+01;5.900246e+00;-3.895914e+00;8.150360e+00;3.337008e+00;5.456310e+00;-6.157027e+00;6.809911e+00;-6.770527e+00;6.292815e+00;-2.111675e+00;3.248544e-05;3.007452e-07;8.047203e-08;-5.481621e-09;4.266736e-07;-6.509348e-09;3.687154e-07;-9.248239e-10;6.325009e-07;-3.671831e-08;9.159734e-06;3.705393e-07;6.674439e-02;-1.325089e-02;2.973220e-02;-5.388383e-03;7.996934e-03;1.055312e-04;9.504615e-04;-1.526833e-04;7.560947e-03;5.538777e-05;9.377693e-03;4.294027e-04;1.001972e-02;8.621103e-04;2.175855e-02;-1.021112e-03;5.025887e-02;-2.268539e-03;4.674499e-02;-5.502225e-03;5.417289e-02;-8.541916e-03;7.963948e-02;-7.436740e-03;5.752143e-02;-5.602773e-03;4.753128e-02;-5.183808e-03;3.948474e-02;-1.897565e-03;7.290349e-02;-4.831234e-03;5.567703e-02;-5.459472e-03;6.553403e-02;-9.672122e-03;7.200228e-02;-1.553389e-02;6.434416e-02;-1.311702e-02;7.113007e-02;-7.481196e-03;9.953193e-02;-1.126502e-02;7.591528e-02;-9.858137e-03;5.430800e-02;-7.195582e-03;5.413932e-02;-5.015597e-03;4.989019e-02;-4.086800e-03;3.990082e-02;-4.483324e-03;3.048792e-02;-3.895456e-03;2.856551e-02;-3.287893e-04;2.257585e-02;-1.766542e-03;1.705440e-01;-1.388523e-02;6.203122e-02;-9.346366e-03;8.090310e+00;-4.737305e-01;1.484260e+01;-1.564746e+00;3.475647e+01;-3.373535e+00;1.027506e+02;-1.379561e+01;6.627526e-02;-3.691697e-03;2.424410e+01;-3.494378e+00;1.182881e-01;-1.646626e-02;2.123937e+04;-3.447596e+03;6.287302e-01;1.097988e-01;4.031132e+01;5.691238e+00;1.386832e-01;-1.587768e-03;2.067214e-02;-2.789132e-03;1.760867e-01;-6.901995e-03;4.338467e-01;1.577707e-02;1.023447e+00;1.906515e-01;1.164616e+00;2.848214e-02;1.432411e+00;2.179323e-01;1.535701e+00;1.760419e-01;1.585112e+00;6.116079e-03;1.872792e+00;-3.643090e-02;1.228310e+00;1.656231e-02;1.816694e+00;-3.893061e-02;1.636635e+00;-1.756056e-02;1.688519e+00;-5.270939e-02;1.633820e+00;3.191913e-02;1.870184e+00;-5.222858e-02;1.688527e+00;-3.160670e-02
152.000000;4.715036e+00;1.002998e+02;1.234670e-02;7.808222e-01;5.160776e-02;6.760418e-02;5.627559e-02;9.337815e-02;8.498306e-02;1.365971e-01;9.109145e-01;8.022628e+00;2.400994e-01;2.185350e+00;9.825534e-02;9.888216e-01;1.564666e-02;1.555708e-01;4.102744e-03;1.883976e-02;1.232312e-02;1.274554e-01;2.181851e-02;2.720182e-01;4.569621e-02;4.279136e-01;5.328197e-02;5.730491e-01;9.524626e-02;6.532259e-01;1.462650e-01;7.938111e-01;1.510007e-01;8.778707e-01;1.277488e-01;9.024553e-01;1.486651e-01;9.518936e-01;1.698412e-01;9.835779e-01;1.144924e-01;1.064900e+00;2.356513e-01;1.181053e+00;2.218313e-01;1.247794e+00;2.424524e-01;1.315408e+00;2.929911e-01;1.382902e+00;1.560930e-01;1.338514e+00;3.181940e-01;1.448412e+00;4.519410e-01;1.503749e+00;2.215973e-01;1.450182e+00;2.221757e-01;1.402872e+00;2.370603e-01;1.330178e+00;1.323225e-01;1.230724e+00;1.419253e-01;1.059401e+00;1.372051e-01;8.653643e-01;1.196746e-01;7.328395e-01;8.773227e-02;5.917980e-01;3.624577e-01;1.707477e+00;2.104041e-01;4.715700e-01;2.048913e+01;1.037900e+02;2.248774e+01;1.462822e+02;4.849089e+01;2.397363e+02;2.772687e+02;6.171416e+02;1.773238e-01;9.570668e-01;5.143673e+01;2.784793e+02;2.615416e-01;3.017182e+00;6.647876e+04;1.630266e+05;2.439738e+00;4.856588e+00;1.478404e+02;8.239996e+01;2.499099e-01;-1.165244e+00;4.192842e-02;2.654103e-01;5.222422e-01;1.737508e+00;1.555762e+00;4.126050e+01;4.629029e+00;-1.228136e+01;5.642559e+00;2.506500e+01;4.726159e+00;1.865903e+01;3.890606e+00;-1.362593e+00;5.226478e+00;-5.042321e+00;4.131124e+00;1.814159e+00;4.365327e+00;1.344181e+01;6.530913e+00;1.348166e+01;5.647083e+00;-5.680161e+00;4.004077e+00;-1.249001e+00;4.879610e+00;-5.129636e+00;5.102253e+00;-9.398866e+00;4.844181e+00;-2.117710e+00;3.465815e-05;-3.479172e-07;8.569358e-08;3.829334e-10;4.065567e-07;1.564961e-08;3.514886e-07;-5.823363e-09;5.976277e-07;-2.393220e-08;9.072865e-06;-6.360137e-07;5.772991e-02;-4.868770e-03;2.991880e-02;5.340233e-06;6.955026e-03;-3.213795e-04;1.172635e-03;-2.532125e-05;5.432380e-03;-6.047065e-04;9.077571e-03;-3.006718e-04;1.256933e-02;2.740440e-04;1.127106e-02;-5.205045e-04;2.771849e-02;3.367733e-03;4.012951e-02;3.401218e-03;3.957808e-02;2.798725e-03;4.314834e-02;-4.984764e-04;4.806183e-02;7.843267e-04;4.938298e-02;6.080283e-03;4.195002e-02;2.112899e-03;6.914756e-02;-5.087634e-03;5.502157e-02;-3.004389e-03;6.902756e-02;4.036569e-04;7.591040e-02;-1.315526e-03;4.875645e-02;-2.573608e-03;8.264800e-02;-1.248155e-03;1.060520e-01;-3.446351e-03;7.258435e-02;-2.743443e-03;6.625143e-02;-1.715978e-03;5.783878e-02;-1.515352e-03;3.799264e-02;-3.673188e-03;3.958265e-02;2.797307e-03;3.122045e-02;5.047992e-03;3.380195e-02;5.214228e-04;2.253022e-02;7.972364e-04;8.808567e-02;1.618287e-03;5.142490e-02;-6.096847e-03;7.354765e+00;6.603516e-01;7.357566e+00;7.751953e-01;2.084499e+01;7.895508e-01;9.614217e+01;-4.694238e+00;6.329613e-02;-1.620422e-03;1.926631e+01;6.812830e-02;9.739714e-02;7.009081e-04;1.976678e+04;-1.021892e+03;7.428465e-01;1.156083e-02;4.976649e+01;1.326277e-01;1.142170e-01;5.556016e-03;1.629181e-02;3.462089e-04;1.784594e-01;-6.857562e-03;4.652392e-01;1.752165e-02;1.098915e+00;7.767550e-02;1.263608e+00;-1.172181e-01;1.597238e+00;-7.486378e-02;1.405208e+00;-1.139809e-01;1.434651e+00;-1.097732e-01;1.513910e+00;-5.415265e-02;1.430637e+00;-1.189636e-01;1.799638e+00;-3.481203e-02;1.636642e+00;-3.557207e-02;1.409051e+00;1.783496e-01;1.323004e+00;-8.201865e-02;1.539149e+00;-1.449120e-01;1.535082e+00;-8.704417e-02
152.500000;5.949555e+00;1.008017e+02;2.443172e-02;7.718459e-01;7.660022e-02;8.606001e-02;6.489757e-02;8.355315e-02;8.814554e-02;1.805964e-01;1.522376e+00;7.362622e+00;2.066399e-01;2.149060e+00;1.164042e-01;1.005663e+00;2.869994e-02;1.390165e-01;5.898044e-03;2.274376e-02;3.269484e-02;1.185914e-01;3.555493e-02;2.552530e-01;4.518494e-02;4.217995e-01;5.064029e-02;5.709949e-01;9.187509e-02;6.893717e-01;1.257478e-01;7.737998e-01;1.402965e-01;8.501954e-01;1.161956e-01;9.049878e-01;1.750940e-01;9.726472e-01;1.789804e-01;1.012292e+00;1.167253e-01;1.115987e+00;2.424542e-01;1.256330e+00;1.871900e-01;1.250263e+00;1.936678e-01;1.277528e+00;2.551658e-01;1.346730e+00;2.105033e-01;1.389188e+00;3.824404e-01;1.499912e+00;5.780700e-01;1.598849e+00;2.239691e-01;1.448289e+00;2.652899e-01;1.500536e+00;2.623299e-01;1.439669e+00;1.799072e-01;1.199471e+00;1.500855e-01;1.029299e+00;1.884803e-01;9.112875e-01;1.159406e-01;7.397241e-01;9.034232e-02;5.742317e-01;5.084133e-01;1.844170e+00;1.954768e-01;4.890723e-01;5.834752e+01;1.378125e+02;7.620834e+01;1.950908e+02;2.001222e+02;3.478330e+02;3.418128e+02;7.545234e+02;2.973821e-01;1.024775e+00;1.152195e+02;3.463553e+02;3.387240e-01;3.195872e+00;7.436837e+04;1.982952e+05;1.401000e+00;4.090686e+00;5.004613e+01;4.841774e+01;3.843401e-01;-9.640266e-01;1.000463e-01;3.255140e-01;5.125546e-01;1.468758e+00;2.440432e+00;3.983337e+01;4.084219e+00;-1.320184e+01;5.603387e+00;2.465574e+01;5.270392e+00;1.636300e+01;5.404974e+00;-3.486084e+00;5.434585e+00;-9.012922e+00;8.340865e+00;-4.766263e+00;7.066625e+00;1.068106e+01;8.451490e+00;1.387607e+01;5.705512e+00;-7.463345e+00;5.656555e+00;-3.572284e+00;6.517292e+00;-1.001537e+01;7.157615e+00;-5.862172e+00;4.019660e+00;-4.475533e+00;5.518616e-05;-3.697857e-06;1.423475e-07;-8.415570e-09;5.830702e-07;9.087798e-08;4.497396e-07;6.612679e-08;7.765648e-07;2.633641e-08;1.079934e-05;-1.027890e-06;6.328242e-02;4.151611e-03;3.161740e-02;2.593571e-03;8.414501e-03;-7.208445e-04;1.143610e-03;2.140338e-04;8.432668e-03;-4.905138e-05;9.450771e-03;-6.190357e-04;1.311118e-02;-1.392338e-03;1.780802e-02;1.182851e-03;2.924325e-02;4.022022e-03;3.324140e-02;2.676969e-03;3.797990e-02;2.929569e-03;3.239136e-02;5.012925e-04;4.931444e-02;4.275652e-03;5.893490e-02;4.540298e-03;3.389853e-02;2.895223e-03;7.423686e-02;4.815194e-03;6.263777e-02;3.510006e-03;5.873410e-02;3.367247e-03;7.401342e-02;2.949792e-03;6.178530e-02;3.468800e-03;9.898125e-02;3.302715e-03;1.431656e-01;2.722153e-03;6.981879e-02;8.141755e-03;7.605560e-02;6.286452e-03;6.986286e-02;4.226184e-03;5.219679e-02;1.499627e-03;3.164700e-02;1.296009e-03;3.037140e-02;6.708331e-05;3.862305e-02;4.461772e-04;1.941291e-02;3.701700e-04;1.704061e-01;1.504778e-03;6.334505e-02;2.745199e-03;1.126160e+01;9.618164e-01;1.705464e+01;1.435547e+00;4.759464e+01;3.990820e+00;9.858620e+01;1.020674e+01;1.152002e-01;1.205685e-03;2.447716e+01;3.252953e+00;9.676813e-02;1.425929e-02;2.158983e+04;2.556491e+03;5.312883e-01;-1.046797e-01;3.082762e+01;-5.586734e+00;1.253091e-01;8.622183e-03;2.008824e-02;2.734111e-03;1.560232e-01;-5.168836e-03;6.168355e-01;-2.377785e-02;1.109100e+00;-1.665216e-01;1.409794e+00;-3.719944e-02;1.622977e+00;-2.039494e-01;1.539481e+00;-9.749001e-02;1.356887e+00;-8.575001e-02;1.324365e+00;-2.154610e-01;1.868879e+00;-1.929071e-02;2.096063e+00;7.401340e-03;1.688316e+00;5.806492e-03;1.826631e+00;4.487160e-02;1.470132e+00;-2.336003e-02;1.554809e+00;2.048794e-01;1.227586e+00;-2.514075e-02
153.000000;1.580716e+01;8.701131e+01;2.650001e-02;7.760009e-01;1.024373e-01;7.328789e-02;7.944254e-02;6.539462e-02;9.469256e-02;1.449333e-01;2.234556e+00;7.864431e+00;2.142704e-01;2.252154e+00;1.397531e-01;1.043848e+00;3.329446e-02;1.431134e-01;6.202251e-03;2.252960e-02;5.719769e-02;1.451439e-01;4.850845e-02;2.672812e-01;3.575778e-02;4.081815e-01;5.983217e-02;5.536410e-01;1.005336e-01;6.977072e-01;1.161707e-01;7.608867e-01;1.676648e-01;8.300911e-01;2.166701e-01;9.733289e-01;2.475038e-01;1.033111e+00;1.815776e-01;1.102937e+00;1.090530e-01;1.182288e+00;2.598975e-01;1.196159e+00;1.749678e-01;1.236100e+00;2.249691e-01;1.327102e+00;1.808543e-01;1.332298e+00;2.426585e-01;1.476950e+00;4.129080e-01;1.540480e+00;5.390015e-01;1.597373e+00;2.679399e-01;1.559101e+00;2.559232e-01;1.546533e+00;2.320654e-01;1.532292e+00;5.944275e-01;1.395025e+00;3.885016e-01;1.122445e+00;2.331341e-01;9.382484e-01;1.249676e-01;7.772257e-01;9.821818e-02;6.081226e-01;5.972729e-01;1.656829e+00;1.693182e-01;5.188793e-01;6.861794e+01;1.266152e+02;9.760399e+01;1.744189e+02;2.460397e+02;3.654902e+02;3.911615e+02;7.701709e+02;3.271850e-01;1.107379e+00;1.404500e+02;3.444618e+02;3.741073e-01;3.235535e+00;8.723488e+04;2.215270e+05;1.068787e+00;3.917405e+00;1.916958e+01;3.822344e+01;4.398718e-01;-1.036528e+00;1.226398e-01;3.167983e-01;5.543999e-01;1.100788e+00;2.307215e+00;3.726254e+01;3.561952e+00;-1.383999e+01;4.575909e+00;2.468233e+01;5.911756e+00;1.162549e+01;7.190854e+00;-2.404544e-01;6.233807e+00;-7.535367e+00;1.222425e+01;-3.452991e+00;7.890869e+00;7.847499e+00;8.879797e+00;1.199852e+01;8.460162e+00;-5.041460e+00;6.924818e+00;-1.617180e+00;1.079580e+01;-6.244558e+00;6.681633e+00;3.184824e-01;2.778081e+00;-4.369719e+00;5.330245e-05;-5.686178e-06;1.392873e-07;3.988159e-09;5.960522e-07;-9.498734e-09;4.874296e-07;2.360952e-09;7.743500e-07;-6.506561e-09;1.104578e-05;7.733116e-07;6.301396e-02;2.716663e-03;3.398608e-02;-2.403016e-04;8.599658e-03;4.902520e-04;1.044715e-03;-8.742756e-05;1.232738e-02;6.869524e-04;1.370362e-02;2.796436e-04;1.352270e-02;-3.304778e-04;2.224586e-02;-3.406602e-04;3.444590e-02;-9.799794e-05;3.286939e-02;-1.289643e-04;4.957491e-02;-1.048917e-03;5.812363e-02;-7.251489e-04;6.193244e-02;-3.931537e-04;5.612310e-02;-4.057914e-03;2.907949e-02;3.189378e-04;6.198956e-02;3.823704e-03;5.800000e-02;-7.695292e-04;5.335546e-02;-1.240615e-03;5.872151e-02;3.007501e-04;7.658761e-02;1.024443e-03;1.086071e-01;4.059979e-04;1.251626e-01;4.489756e-04;6.118794e-02;9.420682e-04;6.952329e-02;9.729895e-04;6.692256e-02;1.463150e-03;1.280320e-01;1.332134e-04;9.058298e-02;-4.510754e-03;5.423990e-02;-4.258884e-03;4.123824e-02;6.612281e-04;2.176094e-02;1.930998e-04;1.871325e-01;-6.457507e-03;5.773868e-02;1.799257e-03;1.149976e+01;-1.119727e+00;1.921435e+01;-1.291992e+00;6.913258e+01;-1.636523e+00;1.115219e+02;-1.808789e+00;1.216589e-01;3.648510e-03;3.213097e+01;-1.340874e+00;1.045772e-01;-5.340489e-03;2.917796e+04;3.044806e+01;2.889765e-01;3.189768e-03;5.393207e+00;-6.984001e-03;1.250390e-01;-7.360614e-03;2.509319e-02;-1.462935e-03;1.345855e-01;-6.950845e-03;6.657037e-01;-3.413555e-02;1.078328e+00;-3.366245e-02;1.271616e+00;9.350881e-02;1.488976e+00;-4.963527e-03;1.514008e+00;9.820454e-02;1.626107e+00;1.354763e-01;2.319709e+00;-1.432147e-02;2.296617e+00;1.943578e-01;2.225996e+00;-2.036931e-02;1.716601e+00;2.714810e-01;1.870450e+00;-2.422959e-02;1.543712e+00;8.362236e-02;1.817561e+00;2.328203e-01;1.119183e+00;-6.647494e-03
153.500000;1.347889e+00;7.177496e+01;1.228795e-02;7.896628e-01;7.650525e-02;3.199707e-02;5.514860e-02;3.555433e-02;7.066413e-02;9.389828e-02;2.074270e+00;9.897292e+00;2.243774e-01;2.320290e+00;1.331417e-01;1.029312e+00;2.050754e-02;1.674612e-01;3.999056e-03;1.626102e-02;4.204072e-02;1.558348e-01;3.683690e-02;2.778555e-01;4.599719e-02;4.164590e-01;6.985636e-02;5.483456e-01;8.020307e-02;6.820376e-01;1.215070e-01;7.824994e-01;1.560051e-01;8.547975e-01;2.135749e-01;9.884443e-01;2.427087e-01;1.040894e+00;1.360662e-01;1.131666e+00;1.441122e-01;1.197437e+00;1.944943e-01;1.137169e+00;1.171915e-01;1.219316e+00;2.601157e-01;1.357403e+00;1.692677e-01;1.336629e+00;2.338585e-01;1.403292e+00;3.511276e-01;1.451476e+00;3.294004e-01;1.461341e+00;2.737294e-01;1.487476e+00;2.720146e-01;1.464279e+00;2.758783e-01;1.452904e+00;5.849926e-01;1.389338e+00;4.046611e-01;1.194026e+00;2.055550e-01;9.201636e-01;1.342686e-01;7.668133e-01;9.937990e-02;6.442190e-01;4.344644e-01;1.389564e+00;1.827467e-01;5.419070e-01;3.118806e+01;7.464844e+01;4.576198e+01;9.919629e+01;1.679216e+02;2.229404e+02;2.943388e+02;5.357461e+02;2.264429e-01;1.030427e+00;9.332863e+01;2.464064e+02;3.355990e-01;2.936942e+00;8.344023e+04;1.822378e+05;1.054410e+00;4.548548e+00;2.973764e+01;4.988802e+01;2.730539e-01;-1.351952e+00;7.486117e-02;2.251092e-01;3.316407e-01;8.691252e-01;2.501632e+00;3.702282e+01;2.763428e+00;-1.295544e+01;4.676893e+00;2.294920e+01;6.125205e+00;1.271805e+01;4.313626e+00;5.850134e+00;3.957726e+00;-3.173359e+00;1.011143e+01;3.752871e-02;7.727231e+00;1.125648e+01;6.282641e+00;7.919498e+00;8.582253e+00;3.206512e+00;4.597299e+00;2.101696e+00;7.115066e+00;8.077394e-01;6.155975e+00;1.609239e+00;3.800848e+00;-2.668751e+00;1.826010e-05;-2.669723e-06;7.571978e-08;1.330412e-08;3.289469e-07;-7.861384e-08;3.319006e-07;-5.439814e-08;5.789037e-07;-4.477421e-08;1.057246e-05;1.439759e-06;5.836760e-02;-4.739783e-04;2.966121e-02;-1.964402e-03;5.804236e-03;9.682813e-04;8.329942e-04;-2.004283e-04;1.001460e-02;1.744094e-04;1.290765e-02;6.819215e-04;1.546309e-02;6.993135e-04;2.209052e-02;-1.134562e-03;2.499635e-02;-2.381023e-03;3.652860e-02;1.030378e-03;4.611912e-02;1.140385e-04;5.481744e-02;-5.950427e-04;5.765186e-02;-3.069527e-03;4.794196e-02;-3.233464e-03;3.430599e-02;-1.965522e-03;3.509519e-02;-7.216601e-04;3.591733e-02;-4.040439e-03;5.766832e-02;-1.919142e-03;5.699296e-02;-1.006772e-03;6.751236e-02;-2.784421e-03;9.302744e-02;-4.338627e-04;7.222256e-02;-6.999999e-04;4.823159e-02;-7.939447e-03;6.142095e-02;-7.692334e-03;6.211917e-02;-7.235327e-03;1.213176e-01;-2.769484e-03;9.267306e-02;-1.710531e-03;5.425959e-02;8.347978e-05;3.401545e-02;-1.499443e-03;2.057273e-02;-1.025978e-03;1.458650e-01;-2.033276e-03;3.681555e-02;-7.638691e-04;6.840724e+00;-1.507324e+00;1.058078e+01;-2.052832e+00;5.239269e+01;-4.234863e+00;9.058755e+01;-1.006318e+01;6.532284e-02;-1.930881e-03;2.550422e+01;-3.428777e+00;8.975837e-02;-1.244524e-02;2.586611e+04;-2.233807e+03;2.921054e-01;3.877456e-02;7.359099e+00;1.074436e+00;8.303266e-02;-1.241326e-02;1.943683e-02;-3.009821e-03;1.078190e-01;9.018517e-03;5.419069e-01;5.995934e-02;1.012122e+00;8.501286e-02;8.260577e-01;-1.758761e-02;1.114409e+00;1.762765e-01;1.433439e+00;4.770637e-02;1.350732e+00;7.319108e-02;2.293563e+00;1.994415e-01;2.011512e+00;-1.171613e-02;1.899565e+00;1.536291e-01;1.529129e+00;2.024277e-01;1.401886e+00;-2.494362e-02;1.376584e+00;7.595478e-02;1.879107e+00;-1.682320e-01;1.198004e+00;-2.563268e-03
154.000000;1.602731e+00;7.223689e+01;1.057957e-02;7.963157e-01;1.865843e-02;1.193434e-02;2.471516e-02;2.001671e-02;8.560687e-02;1.114438e-01;1.867024e+00;1.151493e+01;3.500190e-01;2.366678e+00;1.565042e-01;1.013625e+00;6.858760e-03;1.767057e-01;5.248952e-03;1.604434e-02;3.210370e-03;1.317588e-01;2.666537e-02;2.664428e-01;5.034380e-02;4.176687e-01;6.921042e-02;5.560451e-01;5.602187e-02;6.850116e-01;1.540934e-01;7.859883e-01;1.220145e-01;8.801167e-01;1.617984e-01;9.643993e-01;2.221934e-01;1.061839e+00;1.882575e-01;1.072991e+00;2.263887e-01;1.131691e+00;2.589078e-01;1.192891e+00;3.002349e-01;1.251895e+00;3.798974e-01;1.353821e+00;4.988016e-01;1.440129e+00;2.266367e-01;1.403971e+00;3.813242e-01;1.487669e+00;4.944401e-01;1.520314e+00;5.094883e-01;1.476504e+00;4.238150e-01;1.424863e+00;2.354587e-01;1.307874e+00;1.617628e-01;1.226397e+00;2.289047e-01;1.106531e+00;1.352727e-01;8.917248e-01;1.170057e-01;7.282218e-01;1.104334e-01;5.874884e-01;4.401054e-01;1.335852e+00;4.615733e-01;7.459844e-01;1.223504e+01;6.373828e+01;2.448859e+00;8.656348e+01;5.326227e+01;1.824580e+02;4.395196e+02;6.513076e+02;1.384429e-01;8.782462e-01;7.395810e+01;2.408527e+02;2.633106e-01;2.798611e+00;1.103854e+05;1.923995e+05;1.948690e+00;4.669264e+00;7.455530e+01;6.771626e+01;1.170122e-01;-1.478630e+00;5.373528e-02;2.167138e-01;3.853520e-01;1.023195e+00;2.761966e+00;3.894774e+01;5.806759e+00;-1.513065e+01;5.553075e+00;2.206911e+01;4.526420e+00;1.594927e+01;5.443821e+00;4.339305e+00;3.973087e+00;-1.924572e+00;8.989065e+00;9.266600e-01;8.073318e+00;1.140781e+01;6.836341e+00;9.810476e+00;6.145358e+00;4.593163e+00;4.474296e+00;3.532085e+00;4.169281e+00;1.304641e+00;6.703178e+00;1.970611e+00;4.041014e+00;-7.349586e-01;1.942220e-05;2.842289e-06;6.760111e-08;-1.047135e-08;1.012822e-07;2.842033e-09;1.110408e-07;-2.026675e-10;5.458743e-07;1.618429e-08;1.270959e-05;-3.037101e-07;9.283078e-02;2.468897e-03;3.783745e-02;6.469152e-04;2.272890e-03;-2.340113e-05;1.163284e-03;1.004031e-04;3.421177e-04;-1.251312e-04;6.840494e-03;4.710701e-05;1.525369e-02;1.623041e-04;1.940474e-02;5.654008e-04;1.769963e-02;-1.242964e-03;4.501034e-02;1.142388e-03;3.034537e-02;9.268431e-04;3.542918e-02;2.138055e-03;5.514562e-02;6.308300e-04;7.347795e-02;-1.853463e-04;4.874950e-02;3.431111e-03;6.380024e-02;1.701061e-03;6.965232e-02;-4.181950e-04;1.023874e-01;3.655330e-03;1.287839e-01;9.394258e-04;6.184811e-02;2.122740e-03;9.198944e-02;1.183042e-03;1.248468e-01;1.060913e-03;1.213215e-01;-2.746955e-03;9.404536e-02;-3.573813e-03;5.125684e-02;-2.242877e-03;3.474628e-02;2.861862e-03;3.809111e-02;3.455750e-03;2.961617e-02;2.308895e-03;2.277956e-02;-3.614116e-04;1.622159e-02;-6.165636e-04;1.177114e-01;2.079202e-03;1.129673e-01;3.027858e-03;4.141223e+00;1.291992e-01;1.516796e+00;8.613281e-02;1.753001e+01;5.598633e-01;9.566112e+01;3.474023e+00;4.399418e-02;-4.128696e-03;1.885534e+01;7.125207e-01;7.909691e-02;2.760824e-03;2.695568e+04;7.048434e+02;5.620372e-01;-1.991563e-02;2.360220e+01;-3.980330e-01;3.640192e-02;-7.220067e-05;1.400709e-02;5.946216e-04;1.140275e-01;4.611156e-03;5.760763e-01;4.253334e-02;1.490815e+00;-5.970214e-02;1.247810e+00;-6.168411e-02;1.003168e+00;5.266491e-02;1.521342e+00;-8.422539e-02;1.220002e+00;-4.876203e-02;1.540778e+00;2.293216e-01;1.826298e+00;-1.801804e-01;1.719538e+00;1.592385e-01;1.407083e+00;-7.724810e-02;1.357900e+00;-9.237551e-02;1.129588e+00;4.439782e-02;2.155334e+00;-6.371329e-02;1.276724e+00;1.262196e-01
154.500000;1.023822e+01;7.614573e+01;3.258314e-02;7.806042e-01;1.135218e-01;6.423396e-02;1.175713e-01;7.971468e-02;8.777252e-02;1.403543e-01;3.585764e+00;9.772525e+00;3.241031e-01;2.473635e+00;1.382903e-01;1.023066e+00;2.824803e-02;1.621823e-01;7.718491e-03;2.226380e-02;3.474725e-02;1.242094e-01;4.647979e-02;2.773136e-01;5.047549e-02;4.278402e-01;6.745480e-02;5.670548e-01;1.126958e-01;6.949067e-01;1.377272e-01;7.634704e-01;1.273912e-01;8.553615e-01;1.571816e-01;9.992890e-01;1.975718e-01;1.100130e+00;2.008194e-01;1.092194e+00;2.124461e-01;1.148018e+00;2.742589e-01;1.258169e+00;3.614174e-01;1.314343e+00;3.498420e-01;1.291062e+00;4.983957e-01;1.385844e+00;1.905168e-01;1.446885e+00;3.240888e-01;1.532757e+00;4.545987e-01;1.557922e+00;5.002601e-01;1.576589e+00;4.103235e-01;1.468166e+00;2.160885e-01;1.290117e+00;1.639507e-01;1.182142e+00;1.540021e-01;1.034719e+00;9.099608e-02;9.058800e-01;8.007539e-02;7.320139e-01;8.054879e-02;5.733294e-01;4.869789e-01;1.395350e+00;4.485087e-01;8.884196e-01;6.279414e+01;1.032158e+02;9.660484e+01;1.465693e+02;2.429641e+02;3.353438e+02;4.676880e+02;1.020100e+03;3.240435e-01;9.924309e-01;1.405385e+02;3.431219e+02;5.899082e-01;3.234404e+00;1.065461e+05;2.438362e+05;2.079531e+00;3.575557e+00;7.556078e+01;4.805914e+01;3.983911e-01;-1.281418e+00;1.257995e-01;3.086586e-01;4.736788e-01;1.242306e+00;2.094202e+00;4.077474e+01;5.328660e+00;-1.941164e+01;7.289379e+00;1.918404e+01;6.448006e+00;1.577631e+01;5.351742e+00;8.834232e-01;7.125317e+00;1.637441e+00;1.007544e+01;2.094151e+00;1.075886e+01;1.821121e+00;8.086652e+00;1.270466e+01;8.995461e+00;-5.918286e+00;6.606084e+00;-2.472400e-02;5.788706e+00;2.610004e-01;7.403917e+00;4.639221e+00;3.361437e+00;4.338368e-01;8.159300e-05;7.420241e-06;1.122073e-07;-1.635513e-08;7.379792e-07;5.378359e-08;6.681524e-07;4.125335e-08;6.258692e-07;1.890274e-08;1.641100e-05;-1.075224e-06;8.740108e-02;4.260206e-03;3.577716e-02;2.145578e-03;6.452899e-03;-7.796488e-04;1.459213e-03;1.908541e-04;8.054221e-03;-3.977207e-04;1.307845e-02;-9.012836e-04;1.206587e-02;-3.291651e-04;1.917388e-02;3.878495e-04;3.142045e-02;2.872127e-04;3.801740e-02;-3.042915e-04;3.067485e-02;5.142748e-04;3.601337e-02;3.072113e-03;4.822081e-02;4.024235e-03;7.347876e-02;4.257064e-03;4.773091e-02;1.139783e-04;6.737205e-02;2.540119e-04;8.027383e-02;-4.022626e-04;9.264512e-02;-1.565796e-03;1.213719e-01;2.427385e-04;5.251028e-02;3.481091e-03;7.806603e-02;2.951967e-03;1.179999e-01;5.000833e-03;1.246532e-01;6.376745e-03;8.980493e-02;9.396493e-03;4.787026e-02;1.043572e-02;3.484917e-02;3.231978e-03;2.743664e-02;1.886841e-03;2.066571e-02;4.306670e-04;1.970430e-02;1.321521e-03;1.937596e-02;2.018221e-03;1.300593e-01;2.784321e-03;1.171646e-01;2.202021e-03;1.261812e+01;1.435547e+00;1.973590e+01;1.693945e+00;5.138976e+01;4.335351e+00;1.142803e+02;9.331055e+00;1.110190e-01;2.432131e-03;3.098216e+01;3.068454e+00;1.078862e-01;1.382603e-02;2.852518e+04;1.754094e+03;5.398179e-01;-4.007389e-02;2.279005e+01;-1.123989e+00;9.112097e-02;1.076015e-02;2.600586e-02;2.807608e-03;1.331431e-01;-4.448441e-03;5.565263e-01;-3.387270e-02;1.474719e+00;-1.130165e-01;1.312155e+00;-6.060740e-02;1.392584e+00;-2.783997e-01;1.446164e+00;-9.070677e-03;1.396242e+00;2.141101e-01;1.464110e+00;-1.542890e-01;2.095943e+00;-1.186832e-01;1.895776e+00;-1.775603e-01;1.539889e+00;-2.071367e-01;1.433753e+00;-8.782727e-02;1.312873e+00;-9.076053e-03;2.034963e+00;2.099666e-01;1.311933e+00;1.461291e-02
155.000000;1.807568e+01;9.434372e+01;3.278202e-02;7.665160e-01;1.102536e-01;8.549427e-02;1.142122e-01;1.024442e-01;8.111457e-02;1.748188e-01;2.639680e+00;7.458673e+00;2.020282e-01;2.479675e+00;1.289691e-01;1.020883e+00;2.746166e-02;1.418854e-01;8.055766e-03;2.553918e-02;4.333860e-02;1.327487e-01;4.591313e-02;2.909616e-01;4.109870e-02;4.351232e-01;7.099652e-02;5.583251e-01;1.386069e-01;6.615999e-01;9.323806e-02;7.371477e-01;1.764579e-01;8.656048e-01;1.049199e-01;9.766176e-01;1.387974e-01;1.028856e+00;1.492727e-01;1.052667e+00;1.727140e-01;1.085378e+00;2.449655e-01;1.183688e+00;2.672881e-01;1.229361e+00;2.218217e-01;1.221006e+00;2.616171e-01;1.278789e+00;1.989308e-01;1.378293e+00;1.852516e-01;1.414889e+00;1.491923e-01;1.465412e+00;3.069118e-01;1.553688e+00;3.218856e-01;1.517278e+00;4.396639e-01;1.440023e+00;8.778259e-01;1.493983e+00;6.316165e-01;1.230983e+00;3.428535e-01;9.696492e-01;1.883771e-01;7.469700e-01;1.154254e-01;5.939146e-01;5.170130e-01;1.478267e+00;3.126098e-01;6.890611e-01;5.765021e+01;1.356592e+02;1.108012e+02;2.021250e+02;3.060328e+02;4.480342e+02;3.997609e+02;1.051107e+03;3.486661e-01;1.076259e+00;1.491532e+02;4.022148e+02;4.910158e-01;3.546531e+00;1.077086e+05;2.608118e+05;1.095566e+00;3.164464e+00;1.669688e+01;2.673451e+01;3.924130e-01;-9.929948e-01;1.225059e-01;3.662831e-01;4.315647e-01;1.454859e+00;4.506721e+00;3.866672e+01;5.817816e+00;-1.742375e+01;4.980106e+00;1.766306e+01;8.399025e+00;9.580730e+00;7.827807e+00;5.457067e+00;7.555613e+00;2.459940e+00;1.454985e+01;7.524517e+00;5.679060e+00;-3.862544e+00;1.026899e+01;8.951177e+00;5.496347e+00;-1.452803e+01;5.846211e+00;-7.335876e+00;5.042227e+00;-8.613433e-01;7.332140e+00;4.008680e+00;4.240569e+00;2.312779e+00;8.239799e-05;3.531324e-06;1.278497e-07;3.211460e-09;8.112003e-07;4.461779e-08;7.505696e-07;1.121238e-08;6.579594e-07;4.143147e-08;1.447191e-05;-2.151448e-08;4.699307e-02;-3.833170e-03;3.047239e-02;-2.114112e-03;7.221871e-03;-1.196743e-04;1.450032e-03;-5.265811e-05;9.695492e-03;5.564371e-05;1.385440e-02;1.347857e-04;1.133488e-02;-7.305606e-05;2.126937e-02;-4.038278e-04;3.507334e-02;1.333181e-03;2.354658e-02;1.363730e-04;4.714673e-02;-6.634285e-04;2.748926e-02;-2.893930e-03;2.438400e-02;-1.955332e-03;3.465111e-02;-6.110849e-04;3.248814e-02;-4.397749e-03;4.527662e-02;-5.590671e-04;5.985712e-02;-1.050963e-04;5.869328e-02;-6.403144e-03;6.877329e-02;-4.051893e-03;5.795365e-02;-3.234507e-03;4.816230e-02;-1.630100e-03;3.942297e-02;-1.786800e-03;7.460731e-02;-3.019953e-03;6.983930e-02;-2.017247e-03;9.367718e-02;-4.195984e-03;1.868767e-01;-5.671397e-03;1.446978e-01;-4.989941e-03;8.009057e-02;-4.765752e-03;5.355870e-02;-2.179298e-03;3.321788e-02;-1.018293e-03;1.544081e-01;2.711349e-03;5.913740e-02;-4.302734e-03;1.398473e+01;4.019531e-01;3.320788e+01;5.455078e-01;8.511854e+01;2.296875e-01;9.652542e+01;-3.129492e+00;1.209370e-01;4.483056e-03;3.836445e+01;-3.062848e-01;1.152195e-01;-5.777533e-04;2.758288e+04;-1.120119e+03;2.711458e-01;2.050011e-02;5.073521e+00;6.764273e-01;1.072884e-01;1.518007e-03;3.025420e-02;-6.033345e-05;1.467281e-01;5.131852e-03;6.537400e-01;3.213938e-02;1.326182e+00;6.875476e-02;1.021597e+00;1.751486e-02;1.535312e+00;-9.095878e-02;1.222406e+00;1.133799e-01;1.506030e+00;9.969151e-02;1.686427e+00;-1.035542e-01;1.868862e+00;-5.341814e-02;2.300389e+00;-2.653180e-02;1.871022e+00;-5.023566e-02;1.799600e+00;-1.506795e-01;1.260579e+00;-1.022908e-02;1.471932e+00;5.203878e-02;1.153047e+00;-2.330392e-02
155.500000;6.180676e+00;1.068360e+02;2.233258e-02;7.690355e-01;5.590919e-02;6.449058e-02;5.244803e-02;6.560164e-02;8.732059e-02;1.875255e-01;1.466242e+00;7.763329e+00;2.587789e-01;2.318757e+00;1.559801e-01;9.864980e-01;1.854452e-02;1.465423e-01;7.875834e-03;2.113757e-02;2.396427e-02;1.407672e-01;2.449639e-02;2.881286e-01;3.308552e-02;4.181251e-01;4.521057e-02;5.418445e-01;9.082305e-02;6.460941e-01;1.351102e-01;7.934422e-01;1.801836e-01;8.894354e-01;1.154766e-01;8.949452e-01;1.470993e-01;9.470327e-01;9.957412e-02;9.563415e-01;1.061659e-01;1.002485e+00;2.138499e-01;1.135015e+00;2.310663e-01;1.188500e+00;3.894369e-01;1.311063e+00;4.841215e-01;1.432149e+00;2.411420e-01;1.304593e+00;2.825648e-01;1.379232e+00;3.122440e-01;1.486214e+00;3.301235e-01;1.420032e+00;3.307879e-01;1.409764e+00;4.389352e-01;1.379477e+00;9.111130e-01;1.414867e+00;6.688114e-01;1.125147e+00;3.718875e-01;8.673069e-01;1.966308e-01;7.046208e-01;1.151252e-01;5.723261e-01;3.652853e-01;1.324498e+00;2.264684e-01;4.756524e-01;3.695216e+01;1.106807e+02;8.721358e+01;1.655186e+02;2.590186e+02;3.268740e+02;4.089908e+02;7.779229e+02;2.543340e-01;9.505742e-01;1.326589e+02;3.280275e+02;4.317358e-01;3.212828e+00;1.256267e+05;2.143171e+05;1.308985e+00;4.083989e+00;3.914614e+01;4.747216e+01;2.637879e-01;-1.038909e+00;1.005726e-01;3.030625e-01;4.493544e-01;1.596971e+00;6.059230e+00;4.068571e+01;6.296151e+00;-1.549456e+01;4.100408e+00;2.304927e+01;5.370403e+00;7.496758e+00;8.214739e+00;6.716267e+00;6.084798e+00;2.224027e+00;1.068871e+01;1.204318e+01;9.932347e+00;5.773666e+00;7.970120e+00;7.930843e+00;6.144674e+00;-1.252482e+01;5.128980e+00;-1.002281e+01;5.004166e+00;2.093218e+00;5.751002e+00;3.020428e-01;4.378608e+00;1.871975e+00;3.678444e-05;2.877438e-06;9.867051e-08;8.897031e-09;4.863238e-07;-1.719055e-08;4.120333e-07;-3.955510e-08;7.018409e-07;-1.924145e-08;7.744808e-06;6.672495e-07;5.913220e-02;-5.175383e-03;3.606571e-02;-1.544905e-03;5.621623e-03;5.116888e-04;1.261959e-03;-2.137818e-04;6.048875e-03;3.389095e-04;8.045936e-03;2.038600e-04;1.049375e-02;3.500035e-04;1.597319e-02;6.634016e-04;2.175637e-02;-7.402180e-04;3.264640e-02;3.200283e-04;4.763968e-02;4.867043e-04;2.469476e-02;-3.645088e-03;2.869043e-02;-3.975268e-03;2.966163e-02;-2.959900e-03;3.867004e-02;-1.220087e-04;6.056529e-02;-9.144373e-04;6.530957e-02;1.091958e-03;9.709785e-02;6.359466e-04;1.214588e-01;-1.796216e-04;6.961989e-02;-7.568268e-04;7.409713e-02;-2.535263e-03;7.082327e-02;-2.853922e-03;7.028163e-02;-4.850917e-03;7.105555e-02;-7.120539e-03;9.196908e-02;-7.740038e-03;1.865840e-01;-2.903471e-03;1.462455e-01;-1.182006e-03;8.202551e-02;-2.469713e-04;5.734201e-02;-5.561558e-04;3.486554e-02;-9.756943e-04;1.129059e-01;6.781606e-05;6.409076e-02;-3.598999e-03;7.325665e+00;-1.191504e+00;2.682585e+01;-1.378125e+00;7.215649e+01;-4.062598e+00;1.025311e+02;-8.828613e+00;6.590892e-02;-2.900088e-03;3.227087e+01;-2.752029e+00;9.946738e-02;-1.359510e-02;2.983178e+04;-1.790709e+03;3.999050e-01;3.621585e-02;1.187110e+01;7.614971e-01;8.815282e-02;-5.894325e-03;2.330956e-02;-2.437701e-03;1.626079e-01;6.511210e-03;6.987078e-01;8.485602e-02;1.637486e+00;7.164887e-02;1.185822e+00;1.258835e-01;1.159665e+00;1.771504e-01;1.312801e+00;-9.158303e-02;1.632913e+00;-1.021288e-01;1.916601e+00;1.927734e-01;1.549858e+00;1.960516e-01;2.062311e+00;1.524294e-01;1.686557e+00;5.495642e-02;1.823626e+00;-6.636867e-03;1.216136e+00;6.479970e-02;1.301593e+00;-2.045124e-01;1.134507e+00;-1.381146e-02
156.000000;8.458679e+00;1.108732e+02;1.167076e-02;7.717491e-01;6.215256e-02;7.342586e-02;3.851981e-02;5.542393e-02;8.381735e-02;1.371654e-01;1.044071e+00;8.477042e+00;2.853221e-01;2.195804e+00;1.689123e-01;9.810954e-01;1.085292e-02;1.542445e-01;3.603291e-03;1.807130e-02;8.128993e-03;1.316650e-01;1.347332e-02;2.730696e-01;3.679793e-02;4.177299e-01;3.535286e-02;5.498691e-01;4.840944e-02;6.672063e-01;1.171805e-01;8.441039e-01;1.270866e-01;8.867437e-01;1.658484e-01;8.541110e-01;1.673518e-01;9.029272e-01;1.414723e-01;1.004966e+00;1.503902e-01;1.092436e+00;1.952786e-01;1.217844e+00;2.611975e-01;1.252286e+00;4.019191e-01;1.334052e+00;4.972741e-01;1.452238e+00;3.276431e-01;1.372706e+00;4.673141e-01;1.480928e+00;5.019461e-01;1.558644e+00;2.928661e-01;1.367630e+00;4.289600e-01;1.387397e+00;4.259689e-01;1.321402e+00;2.537708e-01;1.087566e+00;1.895290e-01;9.374242e-01;1.448922e-01;8.110533e-01;1.026076e-01;7.065205e-01;8.685542e-02;5.959616e-01;2.959287e-01;1.459467e+00;2.655306e-01;5.024281e-01;9.409131e+00;9.302344e+01;1.060654e+01;1.333623e+02;7.192591e+01;2.523691e+02;3.407481e+02;6.948047e+02;1.628540e-01;8.499788e-01;6.565326e+01;2.835886e+02;2.605807e-01;2.980493e+00;8.904285e+04;1.774406e+05;1.498406e+00;4.329704e+00;5.588659e+01;5.815520e+01;1.627245e-01;-1.137814e+00;4.961664e-02;2.666024e-01;3.940712e-01;1.852382e+00;2.878213e+00;4.554057e+01;5.331345e+00;-1.749903e+01;4.986030e+00;2.643180e+01;5.386515e+00;1.431593e+01;7.651318e+00;-5.166867e-01;4.687377e+00;2.025894e+00;6.786902e+00;3.020305e+00;6.086352e+00;1.511045e+01;6.825652e+00;1.449036e+01;7.090410e+00;-3.230484e+00;4.602102e+00;-9.925849e+00;5.937742e+00;6.921314e-01;5.214834e+00;-4.414494e+00;4.876975e+00;-3.654654e+00;3.050560e-05;3.604902e-06;6.828711e-08;1.959739e-09;4.563026e-07;-1.576977e-08;2.793436e-07;-1.254100e-08;5.618705e-07;-6.085396e-08;8.432688e-06;7.505479e-08;7.395516e-02;-3.273172e-04;4.023741e-02;1.032701e-03;5.548100e-03;5.985404e-05;9.569833e-04;9.826151e-06;3.747323e-03;-6.161277e-05;6.092151e-03;-1.490009e-04;9.465951e-03;3.679331e-05;1.017898e-02;-1.571836e-04;1.328919e-02;-5.175186e-05;3.422827e-02;-1.351494e-04;3.175111e-02;1.519771e-03;2.841396e-02;2.434699e-03;3.132267e-02;2.444247e-04;3.761513e-02;1.490846e-03;4.821163e-02;-1.026541e-03;7.435240e-02;-3.151355e-03;7.292397e-02;-3.770396e-04;9.785528e-02;2.879876e-03;1.255835e-01;2.682572e-03;8.082575e-02;3.648458e-04;1.133299e-01;-3.265592e-04;1.209276e-01;-1.240932e-04;7.431330e-02;4.244591e-03;9.450678e-02;4.716409e-04;9.285886e-02;1.008155e-03;5.019610e-02;2.651239e-03;4.000050e-02;5.017631e-03;3.019118e-02;3.587275e-03;3.110276e-02;2.381768e-03;2.624014e-02;1.394353e-03;7.488252e-02;4.195729e-03;8.194271e-02;1.531718e-04;4.515451e+00;-2.727539e-01;4.432656e+00;-2.296875e-01;3.202399e+01;2.440430e-01;1.104180e+02;1.693945e+00;4.687007e-02;-3.938582e-03;2.369521e+01;8.397032e-02;1.065049e-01;-1.738028e-04;2.655439e+04;8.673879e+01;5.194328e-01;-3.430066e-03;1.943667e+01;-7.134575e-02;8.229687e-02;-2.252548e-04;1.892250e-02;7.642584e-05;1.499101e-01;1.092353e-03;6.926686e-01;3.224885e-02;1.452520e+00;-1.190810e-02;1.283486e+00;2.540591e-02;1.199974e+00;7.957549e-02;1.605967e+00;-2.147000e-01;1.451704e+00;-4.481603e-02;1.789070e+00;-5.170114e-03;1.336185e+00;1.793907e-01;1.470670e+00;1.111380e-01;1.014472e+00;6.012185e-02;1.505710e+00;7.576834e-02;1.303196e+00;-3.016861e-02;1.127103e+00;-1.966085e-01;1.144717e+00;-7.455918e-02
156.500000;9.277226e+00;1.171435e+02;2.460261e-02;7.613177e-01;8.656818e-02;8.051781e-02;6.335013e-02;7.070605e-02;6.792710e-02;1.245622e-01;1.995541e+00;7.879406e+00;2.923697e-01;2.166279e+00;1.818125e-01;1.024509e+00;2.646375e-02;1.412359e-01;4.719601e-03;2.127488e-02;3.230792e-02;1.215139e-01;3.727306e-02;2.640301e-01;4.006385e-02;4.252094e-01;3.905092e-02;5.586340e-01;4.461084e-02;6.749101e-01;1.053132e-01;7.779007e-01;1.185377e-01;8.544810e-01;1.933959e-01;8.856226e-01;2.233625e-01;9.611415e-01;1.484762e-01;1.095609e+00;1.507350e-01;1.126158e+00;2.197211e-01;1.182905e+00;3.142038e-01;1.274737e+00;3.629843e-01;1.330355e+00;3.987454e-01;1.385116e+00;3.140247e-01;1.447105e+00;4.979560e-01;1.525044e+00;5.438980e-01;1.567167e+00;3.620701e-01;1.524242e+00;4.573020e-01;1.532623e+00;4.510757e-01;1.458785e+00;3.144884e-01;1.243802e+00;1.639540e-01;1.106950e+00;1.364082e-01;9.508463e-01;1.057286e-01;7.498381e-01;8.809429e-02;6.125100e-01;3.138445e-01;1.639641e+00;2.719180e-01;5.253733e-01;4.769193e+01;1.187197e+02;5.498932e+01;1.632217e+02;1.096941e+02;3.090732e+02;3.656774e+02;8.237168e+02;2.616661e-01;8.714678e-01;8.914184e+01;3.309743e+02;3.508882e-01;3.147520e+00;8.812220e+04;2.032415e+05;1.437618e+00;3.881016e+00;5.759033e+01;4.885362e+01;3.553133e-01;-9.869596e-01;7.767699e-02;3.101196e-01;5.122518e-01;1.735528e+00;3.454316e+00;4.434039e+01;4.360744e+00;-1.810934e+01;6.468820e+00;2.605426e+01;5.679856e+00;1.557895e+01;5.591055e+00;-4.989953e+00;3.689538e+00;-1.776748e+00;5.597211e+00;-3.760572e+00;8.427164e+00;1.280953e+01;8.596927e+00;1.677947e+01;7.884977e+00;-1.834767e+00;5.003975e+00;-8.373797e+00;5.415717e+00;-4.513947e+00;3.438805e+00;-8.296841e+00;4.037937e+00;-8.509789e+00;6.007403e-05;6.250070e-06;8.988772e-08;-8.721926e-09;6.355502e-07;-4.717191e-09;4.025923e-07;4.426214e-09;5.470463e-07;1.896604e-08;1.212687e-05;-9.242594e-07;7.710899e-02;4.069490e-03;4.301835e-02;2.770100e-03;7.423113e-03;-5.500401e-04;7.712669e-04;2.063492e-04;8.351684e-03;-5.097733e-04;1.062048e-02;-2.734328e-04;1.098637e-02;4.871060e-04;1.061499e-02;6.032679e-04;1.489524e-02;9.197029e-04;2.697074e-02;-1.495071e-03;3.018335e-02;-1.564929e-03;4.049562e-02;8.460674e-03;4.025419e-02;1.074858e-02;3.723943e-02;3.257224e-03;4.413063e-02;3.121931e-03;7.087950e-02;2.649789e-03;7.798027e-02;-8.769115e-04;8.321399e-02;1.258042e-03;1.003752e-01;2.721383e-03;7.525735e-02;3.705947e-03;1.183028e-01;7.556092e-04;1.320227e-01;3.874315e-04;8.333705e-02;6.289366e-03;1.024756e-01;6.647394e-03;1.030777e-01;7.154392e-03;7.301760e-02;5.261672e-03;4.442215e-02;6.115970e-03;3.741175e-02;4.178163e-03;3.173831e-02;1.126847e-03;2.555025e-02;8.922043e-04;8.411704e-02;4.464883e-03;8.170165e-02;2.847878e-03;9.948857e+00;1.449902e+00;1.231290e+01;1.363770e+00;3.543184e+01;2.885449e+00;1.044759e+02;9.632520e+00;1.022544e-01;2.249543e-04;2.376514e+01;2.834733e+00;1.028214e-01;9.837308e-03;2.371794e+04;1.750165e+03;4.862224e-01;-3.377704e-02;2.072813e+01;-7.193619e-01;1.123608e-01;6.537459e-03;2.015408e-02;2.532538e-03;1.460078e-01;-8.382906e-03;6.513149e-01;-1.010745e-01;1.192658e+00;-6.847567e-02;1.402149e+00;-1.240575e-01;1.446089e+00;-1.637549e-01;1.693237e+00;5.906086e-02;1.340511e+00;-8.422552e-02;1.862119e+00;-9.856638e-02;1.651775e+00;-2.275621e-01;1.828835e+00;-2.400452e-01;1.314008e+00;-1.799206e-01;1.586294e+00;1.599427e-02;1.565645e+00;-1.063706e-01;1.145235e+00;8.895915e-02;1.019401e+00;2.687734e-02
157.000000;2.675842e+01;1.024730e+02;2.977265e-02;7.568058e-01;8.880436e-02;6.130928e-02;7.101847e-02;6.989228e-02;8.524429e-02;1.491582e-01;2.570652e+00;6.985227e+00;3.216236e-01;2.372427e+00;1.346146e-01;1.061906e+00;3.432130e-02;1.391553e-01;5.979104e-03;2.533762e-02;6.951840e-02;1.451009e-01;4.302880e-02;2.649989e-01;4.158855e-02;4.186760e-01;5.593118e-02;5.736012e-01;5.917536e-02;6.925812e-01;1.112004e-01;7.530036e-01;1.377264e-01;8.382207e-01;1.934257e-01;9.966886e-01;2.320881e-01;1.083931e+00;1.245552e-01;1.118857e+00;1.385696e-01;1.202460e+00;1.525854e-01;1.171317e+00;2.840539e-01;1.272767e+00;3.940472e-01;1.428970e+00;3.219938e-01;1.392051e+00;2.018405e-01;1.464819e+00;3.966838e-01;1.517579e+00;4.393773e-01;1.566103e+00;3.507957e-01;1.664728e+00;2.874427e-01;1.596488e+00;2.576903e-01;1.496592e+00;4.144539e-01;1.381765e+00;2.070143e-01;1.183955e+00;1.353037e-01;9.811295e-01;1.064293e-01;7.841243e-01;7.847044e-02;6.190568e-01;3.721035e-01;1.587282e+00;2.671445e-01;6.718209e-01;6.496845e+01;1.350850e+02;9.370185e+01;1.804482e+02;2.190127e+02;3.973594e+02;3.434151e+02;1.016511e+03;2.980285e-01;1.021094e+00;1.234735e+02;3.900878e+02;3.579680e-01;3.408598e+00;9.894403e+04;2.681718e+05;9.515062e-01;3.155053e+00;3.862620e+01;2.981751e+01;4.576532e-01;-9.776701e-01;1.060125e-01;3.540886e-01;4.898981e-01;1.249347e+00;3.344532e+00;4.078290e+01;3.935158e+00;-2.020435e+01;5.830072e+00;2.385481e+01;6.405887e+00;1.001346e+01;6.454173e+00;-1.849048e+00;4.901471e+00;-1.470623e+00;6.592135e+00;-3.689638e+00;1.080778e+01;7.025870e+00;1.241505e+01;1.246982e+01;7.855415e+00;-7.154099e+00;7.651093e+00;-4.544041e+00;6.677833e+00;-3.342302e+00;5.608339e+00;-5.081449e+00;5.895473e+00;-5.573424e+00;9.336332e-05;-9.815701e-06;1.157539e-07;3.096919e-09;6.015215e-07;1.431367e-08;4.050967e-07;6.463529e-10;7.356498e-07;2.798910e-08;1.164588e-05;2.483748e-07;6.115577e-02;4.998023e-03;3.036132e-02;2.192178e-04;7.751242e-03;1.919089e-04;1.068962e-03;3.905265e-05;1.416592e-02;2.662317e-04;1.205659e-02;1.734793e-04;1.099180e-02;-7.308735e-05;1.708476e-02;9.474860e-05;1.994854e-02;-1.460563e-03;2.181003e-02;-1.540995e-03;3.610518e-02;-1.718121e-03;4.784337e-02;-6.218392e-05;5.219667e-02;1.204065e-03;3.322385e-02;-2.794769e-03;3.447273e-02;1.456984e-03;4.856884e-02;1.831684e-03;7.153726e-02;3.178748e-03;9.407134e-02;1.769953e-03;8.804250e-02;1.727171e-03;4.963560e-02;1.921614e-03;9.873402e-02;1.431244e-03;1.059105e-01;4.473908e-04;6.993534e-02;2.722626e-04;6.840204e-02;2.253460e-03;5.944432e-02;3.384503e-03;9.802600e-02;-7.759967e-04;6.104017e-02;-3.408558e-03;4.278717e-02;-2.714650e-03;3.381822e-02;-1.365710e-03;2.314482e-02;2.007556e-04;1.068967e-01;-5.806217e-03;6.087387e-02;4.877463e-03;1.172324e+01;-1.435547e-01;1.809871e+01;-4.306641e-01;5.200916e+01;-3.875977e-01;9.037955e+01;9.474609e-01;1.105477e-01;3.953498e-03;2.723921e+01;1.790904e-01;9.389656e-02;1.092704e-03;2.502621e+04;1.075649e+03;3.026166e-01;-1.473173e-02;1.324810e+01;-5.390150e-01;1.164818e-01;-2.701964e-03;2.259937e-02;-6.940553e-05;1.342699e-01;-5.769491e-03;4.540429e-01;-6.563093e-02;1.016389e+00;-8.864111e-02;1.209671e+00;3.875103e-02;1.425327e+00;-1.756974e-02;1.445042e+00;1.428519e-01;1.475349e+00;3.983313e-03;2.007616e+00;-4.045444e-02;2.340042e+00;6.092186e-02;2.954585e+00;-2.085955e-01;1.587638e+00;-6.287050e-02;1.856205e+00;3.761918e-02;1.621609e+00;4.451745e-02;1.327679e+00;1.665114e-01;1.010272e+00;1.216509e-01
157.500000;2.206061e+01;8.041108e+01;2.640094e-02;7.841870e-01;4.470799e-02;1.929735e-02;4.213545e-02;2.605629e-02;7.648864e-02;1.360356e-01;2.909042e+00;9.111842e+00;1.997290e-01;2.471610e+00;9.926581e-02;1.024332e+00;2.878391e-02;1.636343e-01;6.677731e-03;2.248677e-02;5.758539e-02;1.564323e-01;2.439686e-02;2.749112e-01;4.245567e-02;4.170590e-01;7.268087e-02;5.669741e-01;8.280516e-02;6.577145e-01;1.061817e-01;7.755197e-01;1.383098e-01;8.492562e-01;1.637408e-01;9.876760e-01;1.789063e-01;1.045897e+00;1.350130e-01;1.063217e+00;1.434711e-01;1.180479e+00;1.046669e-01;1.149152e+00;1.472066e-01;1.194120e+00;3.203610e-01;1.390601e+00;1.945712e-01;1.353794e+00;1.642343e-01;1.422768e+00;3.084303e-01;1.437804e+00;3.336343e-01;1.433297e+00;2.965953e-01;1.554007e+00;2.064813e-01;1.505639e+00;1.791744e-01;1.404415e+00;3.858231e-01;1.316055e+00;2.341677e-01;1.114720e+00;1.546332e-01;9.475744e-01;9.619998e-02;7.892020e-01;6.586676e-02;6.443548e-01;4.514687e-01;1.458554e+00;1.945371e-01;7.277864e-01;5.741811e+01;9.890918e+01;9.033902e+01;1.279072e+02;2.360739e+02;3.113701e+02;3.873937e+02;8.092178e+02;2.011687e-01;1.107962e+00;1.379794e+02;3.198615e+02;4.062066e-01;3.187020e+00;1.030329e+05;2.420530e+05;9.853686e-01;3.517706e+00;2.353899e+01;3.088120e+01;3.876226e-01;-1.311761e+00;1.160266e-01;2.862317e-01;2.288224e-01;9.571209e-01;2.119864e+00;3.973653e+01;3.865708e+00;-1.950051e+01;3.952204e+00;2.272912e+01;6.357594e+00;1.137619e+01;4.523541e+00;2.628235e+00;6.258608e+00;4.298131e+00;5.677472e+00;-1.444410e-01;1.144837e+01;1.219596e+01;1.065213e+01;7.112620e+00;6.279768e+00;-5.559574e+00;7.556440e+00;3.634569e-01;5.767428e+00;-2.753278e+00;4.614143e+00;-1.453482e+00;3.969502e+00;1.143634e-01;7.023804e-05;-1.583987e-05;8.236022e-08;1.823450e-08;2.226784e-07;5.561995e-09;1.817056e-07;-1.799297e-08;6.235122e-07;-1.780443e-08;7.621116e-06;1.725975e-06;4.306277e-02;2.312412e-03;1.599604e-02;-5.423239e-04;4.199503e-03;7.596562e-04;1.033574e-03;-1.635173e-04;1.171094e-02;5.559236e-04;6.900374e-03;3.362455e-04;1.296153e-02;-1.432915e-03;2.479993e-02;-1.233752e-03;2.302911e-02;2.342979e-03;2.324323e-02;1.665933e-03;3.460560e-02;2.069914e-03;3.669301e-02;-4.003808e-03;4.135839e-02;-6.222014e-03;4.220171e-02;-3.542727e-03;3.000236e-02;-1.876180e-04;3.298659e-02;3.043430e-03;5.018622e-02;6.925181e-03;8.083388e-02;2.038764e-04;6.298625e-02;-1.124668e-03;4.203422e-02;-2.633290e-03;7.838571e-02;1.371616e-03;7.535407e-02;1.388795e-03;5.151908e-02;-2.501618e-03;4.501704e-02;-3.008231e-03;2.254949e-02;-4.495846e-03;8.454616e-02;-2.143698e-03;5.510512e-02;-1.375450e-03;3.407517e-02;4.154163e-04;2.737986e-02;-1.632436e-04;1.946633e-02;-3.508394e-04;1.667224e-01;-6.367478e-03;4.642945e-02;2.773388e-03;6.737534e+00;-1.693945e+00;1.354654e+01;-1.794434e+00;4.625795e+01;-2.957227e+00;6.709660e+01;-6.058008e+00;6.003082e-02;2.349826e-03;2.284256e+01;-2.366268e+00;7.794560e-02;-6.493986e-03;2.310792e+04;-6.956238e+02;2.239899e-01;8.855337e-03;6.667270e+00;1.311526e-01;6.373346e-02;-1.031981e-02;1.786373e-02;-2.282944e-03;8.475263e-02;-7.298793e-04;4.536190e-01;1.247254e-02;9.135933e-01;5.217464e-02;9.317948e-01;9.848563e-04;1.050550e+00;1.709529e-01;1.360258e+00;3.848659e-02;1.431159e+00;7.362419e-02;1.675259e+00;6.693541e-02;2.223104e+00;2.355287e-01;2.749570e+00;2.625977e-01;1.355895e+00;1.300479e-01;1.756443e+00;1.237283e-01;1.347426e+00;5.142314e-02;1.366266e+00;9.960951e-02;1.005057e+00;9.298325e-02
158.000000;5.968386e-01;7.295589e+01;4.921533e-03;8.008652e-01;1.172582e-02;6.738116e-03;1.128621e-02;7.802800e-03;5.213069e-02;1.028382e-01;1.606205e+00;1.212117e+01;2.279485e-01;2.408022e+00;9.431854e-02;9.864342e-01;4.991740e-03;1.805823e-01;3.389409e-03;1.647644e-02;5.556546e-03;1.339305e-01;1.310666e-02;2.713777e-01;4.123725e-02;4.126298e-01;6.135286e-02;5.472008e-01;8.719079e-02;6.417571e-01;1.119771e-01;7.744331e-01;1.295285e-01;8.540908e-01;9.863502e-02;9.213328e-01;1.054084e-01;1.006227e+00;1.639857e-01;1.059901e+00;1.160549e-01;1.072114e+00;1.889803e-01;1.147397e+00;2.508073e-01;1.248612e+00;2.524451e-01;1.261634e+00;3.196509e-01;1.367634e+00;1.540311e-01;1.353778e+00;3.011870e-01;1.392473e+00;4.141056e-01;1.433405e+00;2.572975e-01;1.432598e+00;2.451668e-01;1.414778e+00;1.092118e-01;1.253942e+00;1.423629e-01;1.199080e+00;1.471661e-01;1.098479e+00;1.463245e-01;9.836856e-01;7.277147e-02;7.544255e-01;6.891271e-02;6.103723e-01;4.549245e-01;1.276133e+00;2.942786e-01;7.007315e-01;1.042626e+01;6.818848e+01;3.409235e+00;8.699414e+01;3.837934e+01;1.748496e+02;2.925636e+02;5.944600e+02;1.527330e-01;1.059222e+00;4.470850e+01;2.369025e+02;1.932287e-01;2.838646e+00;6.715051e+04;1.805760e+05;1.140826e+00;4.240462e+00;3.664933e+01;4.934970e+01;9.226396e-02;-1.548599e+00;3.328063e-02;2.156893e-01;2.775057e-01;8.951793e-01;1.692318e+00;4.016139e+01;4.037518e+00;-1.686596e+01;5.193901e+00;1.883292e+01;3.407944e+00;1.737060e+01;5.225570e+00;2.947461e+00;3.709026e+00;7.758242e+00;6.322388e+00;4.459255e+00;6.763548e+00;1.546095e+01;9.209267e+00;1.110831e+01;6.786914e+00;-8.215340e+00;6.459473e+00;6.929255e+00;3.782200e+00;-3.798807e+00;5.069073e+00;4.804276e-01;3.433080e+00;2.043622e+00;3.344934e-06;-2.594818e-09;3.122314e-08;-5.551666e-10;6.480727e-08;2.318843e-09;4.825973e-08;2.488045e-09;3.989431e-07;2.548663e-09;7.334996e-06;-6.124967e-08;6.879907e-02;2.431977e-03;2.584355e-02;1.707383e-03;1.647306e-03;1.139254e-04;8.575133e-04;-3.350969e-05;5.616825e-04;-2.338843e-04;1.660466e-03;-3.762867e-04;1.377462e-02;-1.687991e-05;2.469620e-02;-1.161843e-04;2.389023e-02;2.237061e-03;3.393479e-02;2.782130e-03;2.755549e-02;1.026495e-03;2.086157e-02;-1.376863e-03;2.582522e-02;-1.312335e-03;5.399670e-02;4.370677e-03;3.130262e-02;1.909033e-03;4.915962e-02;-9.337557e-04;5.746933e-02;-2.249747e-03;6.956215e-02;3.528510e-03;7.885012e-02;1.614157e-03;3.692157e-02;3.382979e-03;7.967052e-02;4.952541e-03;1.040363e-01;6.110296e-03;7.198626e-02;4.500979e-03;6.646294e-02;3.947891e-03;3.950019e-02;4.079925e-03;4.192937e-02;5.194152e-03;2.408820e-02;1.999403e-03;2.191704e-02;1.352314e-03;1.830627e-02;5.194690e-05;1.511356e-02;-2.032593e-03;1.650509e-01;5.719048e-03;7.883342e-02;1.642109e-03;2.819087e+00;-8.613281e-02;1.346662e+00;0;1.410998e+01;4.306640e-02;8.101909e+01;-6.029297e-01;3.618788e-02;-1.965449e-03;1.275799e+01;1.659587e-01;6.222729e-02;-6.465910e-04;1.787124e+04;2.812128e+02;3.515427e-01;-3.384560e-03;1.177039e+01;-1.299542e-01;2.746290e-02;-2.161968e-03;9.837999e-03;1.252799e-04;9.479016e-02;4.217323e-03;4.060565e-01;-1.832162e-02;1.039256e+00;-8.261202e-03;1.210486e+00;-2.348614e-03;8.016008e-01;-6.346857e-02;1.444419e+00;-3.123707e-02;1.323129e+00;5.227453e-03;1.367533e+00;7.843580e-02;1.717873e+00;-1.352511e-01;1.790493e+00;1.309412e-01;1.413609e+00;-1.699875e-02;1.228646e+00;2.329744e-01;1.225283e+00;-1.374565e-02;1.260443e+00;-9.838211e-02;1.039974e+00;-9.490935e-02
158.500000;1.425164e+01;7.566029e+01;2.697326e-02;7.867416e-01;1.448242e-01;6.074388e-02;1.206788e-01;5.609113e-02;8.886428e-02;1.209059e-01;3.140611e+00;1.094217e+01;2.279192e-01;2.469522e+00;9.570135e-02;1.002943e+00;2.658118e-02;1.703096e-01;7.561322e-03;1.980222e-02;3.565516e-02;1.306321e-01;4.362150e-02;2.712982e-01;4.649353e-02;4.181162e-01;5.699606e-02;5.563331e-01;8.368300e-02;6.897827e-01;1.196256e-01;7.746155e-01;1.192451e-01;8.463793e-01;8.592813e-02;9.221552e-01;1.090033e-01;9.976379e-01;1.432491e-01;1.061399e+00;1.567355e-01;1.151020e+00;2.342236e-01;1.245435e+00;2.757242e-01;1.339722e+00;2.785761e-01;1.258487e+00;3.051915e-01;1.367479e+00;1.730670e-01;1.402856e+00;2.902820e-01;1.417386e+00;3.871379e-01;1.489717e+00;3.191215e-01;1.404162e+00;2.824766e-01;1.385406e+00;2.274108e-01;1.378700e+00;1.275402e-01;1.268126e+00;1.032343e-01;1.106448e+00;1.395465e-01;9.261675e-01;6.971654e-02;7.077023e-01;5.987961e-02;5.593508e-01;4.381462e-01;1.312945e+00;3.059212e-01;8.332989e-01;5.086295e+01;8.728125e+01;8.791022e+01;1.244619e+02;2.156484e+02;2.624180e+02;4.180049e+02;8.606104e+02;2.943616e-01;1.045271e+00;1.257317e+02;3.058583e+02;4.689609e-01;3.062369e+00;8.402230e+04;2.269203e+05;1.330922e+00;3.519067e+00;3.606730e+01;3.689867e+01;3.731720e-01;-1.404261e+00;1.101791e-01;2.749479e-01;3.839974e-01;1.056598e+00;1.780937e+00;4.005699e+01;4.500217e+00;-1.893357e+01;4.964456e+00;1.698563e+01;5.800822e+00;1.710909e+01;6.425782e+00;3.305585e+00;7.331318e+00;1.190921e+00;5.375123e+00;7.393968e+00;7.558262e+00;7.286031e+00;7.759226e+00;1.521306e+01;8.369875e+00;-1.124202e+01;8.854733e+00;6.784761e+00;4.061628e+00;-3.620521e+00;5.975163e+00;9.087173e-01;3.208975e+00;1.400439e+00;9.987190e-05;-3.981311e-06;1.200611e-07;-1.844679e-08;6.564865e-07;-2.477579e-08;6.022312e-07;-2.654605e-09;6.830653e-07;-9.790688e-10;1.117108e-05;-1.612838e-06;6.854071e-02;-1.532115e-04;2.747660e-02;-3.376845e-04;6.783163e-03;-6.307171e-04;1.589989e-03;1.612497e-04;8.984841e-03;-4.732822e-04;1.369884e-02;-6.658021e-04;1.350743e-02;3.660709e-04;2.429457e-02;1.261869e-03;2.539721e-02;-6.538060e-04;3.261492e-02;-1.802563e-04;2.569984e-02;4.360248e-04;2.321427e-02;1.156917e-03;2.465450e-02;-2.834639e-04;4.311528e-02;2.914108e-03;3.305575e-02;-1.400327e-03;5.570873e-02;-3.250779e-03;6.047186e-02;-5.733801e-03;6.365202e-02;-1.040430e-04;7.506497e-02;-7.607041e-05;4.795100e-02;-4.999413e-04;7.750747e-02;-1.405287e-03;1.004231e-01;-1.397715e-03;8.279938e-02;1.930349e-03;7.069076e-02;2.799316e-04;4.678838e-02;2.976386e-03;4.223698e-02;1.810955e-04;2.599859e-02;-1.737148e-03;2.347405e-02;-2.243508e-03;2.254969e-02;-4.125888e-04;1.705948e-02;2.352718e-04;1.524900e-01;4.717412e-03;8.359497e-02;-4.702320e-04;1.178264e+01;1.220215e+00;2.200453e+01;2.411719e+00;5.877147e+01;4.579394e+00;1.145377e+02;6.732715e+00;1.006277e-01;1.917905e-03;3.062481e+01;2.753259e+00;1.027320e-01;1.274372e-02;2.325533e+04;8.542246e+02;3.371595e-01;-1.595101e-02;1.006714e+01;-1.815066e-01;9.450017e-02;9.289267e-03;2.589033e-02;2.603828e-03;1.232523e-01;4.869171e-03;4.340883e-01;1.238095e-02;1.119444e+00;-4.382210e-02;1.194443e+00;-7.305363e-02;1.390676e+00;-1.156616e-01;1.567653e+00;-2.044375e-03;1.425934e+00;-1.348821e-01;1.455249e+00;7.911793e-03;2.028064e+00;-1.778192e-01;1.956203e+00;-9.069233e-02;2.005691e+00;1.870751e-02;1.278384e+00;-2.103637e-02;1.181314e+00;1.975633e-02;1.195190e+00;-1.716559e-02;1.031091e+00;8.027046e-03
159.000000;1.919164e+01;8.280698e+01;3.110400e-02;7.650196e-01;1.618317e-01;1.135759e-01;1.478296e-01;1.282706e-01;9.881497e-02;1.303804e-01;2.865410e+00;7.357295e+00;1.694752e-01;2.463753e+00;9.375354e-02;1.010822e+00;3.249790e-02;1.426190e-01;6.840549e-03;2.597632e-02;4.176120e-02;1.313495e-01;5.221308e-02;2.837457e-01;3.821654e-02;4.310179e-01;6.550449e-02;5.812613e-01;1.524264e-01;7.000210e-01;8.728893e-02;7.592766e-01;1.191841e-01;8.583247e-01;1.200059e-01;9.434865e-01;7.945944e-02;9.752283e-01;1.027247e-01;1.022516e+00;1.645178e-01;1.117800e+00;2.011433e-01;1.194398e+00;2.363761e-01;1.227338e+00;2.572082e-01;1.278879e+00;2.260816e-01;1.330593e+00;1.701428e-01;1.403669e+00;2.444756e-01;1.451232e+00;2.751172e-01;1.465271e+00;2.853594e-01;1.461377e+00;2.349562e-01;1.427510e+00;1.948275e-01;1.504127e+00;3.725261e-01;1.386429e+00;2.967133e-01;1.139639e+00;1.460739e-01;8.786790e-01;1.280493e-01;7.216609e-01;8.676708e-02;6.065475e-01;4.458418e-01;1.530741e+00;2.213513e-01;7.570442e-01;5.061987e+01;1.192939e+02;1.069130e+02;1.968135e+02;2.700105e+02;4.427227e+02;3.691906e+02;1.099342e+03;3.237722e-01;1.017018e+00;1.296884e+02;4.036010e+02;5.252142e-01;3.584813e+00;7.225273e+04;2.659412e+05;7.960296e-01;2.769592e+00;1.102098e+01;2.028850e+01;4.516513e-01;-1.009585e+00;1.146692e-01;3.667893e-01;3.692186e-01;1.278083e+00;2.559731e+00;3.971519e+01;3.769498e+00;-1.865584e+01;5.112510e+00;1.686188e+01;6.943171e+00;1.208981e+01;5.803639e+00;4.117384e+00;6.229664e+00;-6.097851e+00;7.616269e+00;8.617014e+00;6.150171e+00;1.817127e+00;7.455926e+00;9.525649e+00;8.195377e+00;-6.922172e+00;8.889504e+00;-2.459328e+00;5.582101e+00;-3.232960e+00;6.067077e+00;-3.351845e-01;4.718133e+00;3.528651e+00;1.114808e-04;5.688613e-06;1.414597e-07;-7.914118e-09;9.060659e-07;-5.199891e-08;8.247628e-07;-5.535613e-08;7.503651e-07;-1.088238e-09;1.324716e-05;-5.056181e-07;4.278191e-02;-3.634597e-03;2.081277e-02;-1.500032e-03;7.925837e-03;-3.662771e-04;1.774956e-03;2.204586e-05;1.022218e-02;8.953227e-05;1.539246e-02;4.408476e-04;1.207582e-02;-7.164593e-05;2.391079e-02;-2.736004e-04;3.866452e-02;-2.589074e-03;1.681206e-02;-4.654731e-03;2.543474e-02;-1.934560e-03;3.297073e-02;1.473817e-05;1.922101e-02;2.125345e-04;2.487100e-02;-2.455318e-03;3.133827e-02;-2.824220e-03;5.326062e-02;2.707074e-03;4.938941e-02;2.015455e-03;4.693855e-02;-4.374203e-03;6.393612e-02;-2.442408e-03;5.014387e-02;-3.453629e-03;5.067590e-02;-3.943533e-03;5.606296e-02;-2.489895e-03;6.252817e-02;-2.932990e-03;4.749414e-02;-6.958167e-04;4.162868e-02;-3.676411e-03;7.443342e-02;-4.355113e-03;7.341164e-02;-1.903302e-03;3.711424e-02;-1.506645e-03;4.166504e-02;1.042484e-03;2.369995e-02;1.053633e-03;1.599447e-01;-8.334858e-03;5.710060e-02;-1.877189e-03;1.374576e+01;3.014649e-01;2.584772e+01;4.593750e-01;7.657277e+01;3.588867e-01;1.290038e+02;2.627051e+00;1.103596e-01;-1.177772e-03;3.619307e+01;3.174938e-01;1.171152e-01;1.241664e-03;2.694633e+04;-1.746626e+02;2.586770e-01;7.483411e-04;4.103482e+00;3.965520e-02;1.125800e-01;5.486113e-03;2.977222e-02;3.548323e-04;1.217159e-01;4.731869e-03;6.423466e-01;-1.489315e-02;9.511741e-01;4.430103e-02;9.286960e-01;5.939999e-04;1.508798e+00;8.341195e-02;1.425944e+00;1.334004e-01;1.560243e+00;-7.210131e-04;2.062573e+00;-2.811755e-02;1.773129e+00;1.325311e-02;2.017696e+00;-1.532535e-01;1.882864e+00;-4.691403e-02;1.270986e+00;-3.416905e-01;1.385983e+00;4.423372e-03;1.226015e+00;1.151210e-01;1.047315e+00;1.284065e-01
159.500000;1.685732e+01;9.795831e+01;2.272091e-02;7.595025e-01;9.737036e-02;1.092377e-01;1.050585e-01;1.178465e-01;8.778830e-02;1.272634e-01;2.114982e+00;7.163144e+00;2.384546e-01;2.378159e+00;1.112288e-01;1.000511e+00;2.230854e-02;1.409891e-01;6.676374e-03;2.290879e-02;2.268060e-02;1.346234e-01;3.256270e-02;2.871687e-01;3.372584e-02;4.213785e-01;6.576054e-02;5.560820e-01;1.523644e-01;6.789043e-01;1.620224e-01;7.699236e-01;1.603178e-01;8.810648e-01;1.496405e-01;9.206606e-01;1.073607e-01;9.604508e-01;1.030601e-01;1.048761e+00;9.354123e-02;1.032836e+00;1.972682e-01;1.135927e+00;1.942750e-01;1.155470e+00;2.747725e-01;1.286315e+00;3.365462e-01;1.374763e+00;1.459072e-01;1.379333e+00;2.827118e-01;1.493525e+00;3.655991e-01;1.526921e+00;2.270527e-01;1.494537e+00;2.076257e-01;1.497016e+00;1.832682e-01;1.384742e+00;4.163576e-01;1.265819e+00;3.388456e-01;1.052622e+00;1.765300e-01;8.879865e-01;1.201444e-01;7.631738e-01;7.496032e-02;6.232755e-01;3.958500e-01;1.434874e+00;2.194411e-01;5.990967e-01;2.944061e+01;1.106807e+02;7.992993e+01;1.826016e+02;2.280185e+02;3.857314e+02;4.140872e+02;9.191807e+02;1.810503e-01;9.441757e-01;1.147626e+02;3.629408e+02;5.514956e-01;3.416317e+00;8.553119e+04;2.305888e+05;1.142295e+00;3.378668e+00;1.978440e+01;2.929656e+01;2.972029e-01;-9.615746e-01;9.820859e-02;3.352776e-01;4.316052e-01;1.554220e+00;2.674585e+00;3.998242e+01;3.218673e+00;-1.627713e+01;5.577895e+00;1.945653e+01;5.344288e+00;1.203451e+01;5.943075e+00;3.287720e+00;9.403249e+00;1.039740e-01;7.460446e+00;8.120428e+00;8.180717e+00;6.410514e+00;6.635547e+00;6.180966e+00;5.177788e+00;-3.242866e+00;5.649829e+00;-7.393411e+00;5.493137e+00;-4.055479e+00;5.274726e+00;5.620204e-01;6.945650e+00;2.156002e+00;6.041328e-05;1.216329e-05;9.431473e-08;7.720202e-09;6.900114e-07;-1.088924e-08;5.922790e-07;-4.837208e-08;6.953991e-07;1.179527e-08;1.107658e-05;8.413908e-07;5.614965e-02;-2.653022e-03;2.418659e-02;-6.925926e-04;5.682711e-03;4.532560e-04;1.305132e-03;-1.539431e-04;5.552296e-03;4.843511e-04;8.465079e-03;7.327884e-04;8.725884e-03;6.559546e-04;1.701634e-02;-4.277016e-04;3.676629e-02;-1.870680e-03;3.158006e-02;-3.013078e-03;3.446061e-02;-4.470928e-03;3.367005e-02;-4.157443e-03;2.494079e-02;-5.481241e-04;2.915766e-02;-2.019517e-03;2.753102e-02;-3.973595e-04;6.991541e-02;-6.239910e-04;5.401241e-02;-7.154731e-04;7.022467e-02;1.128310e-03;9.362354e-02;1.815502e-03;4.195647e-02;4.879411e-04;6.159858e-02;5.001784e-04;8.102078e-02;-1.360371e-06;5.345798e-02;-2.610335e-03;4.996255e-02;-5.178722e-04;3.954187e-02;-1.353031e-03;7.334165e-02;-1.985096e-03;7.246595e-02;-2.424928e-04;3.664062e-02;1.308948e-03;4.041628e-02;4.860983e-04;2.376464e-02;-6.529864e-04;1.101138e-01;-5.067489e-03;7.099587e-02;-1.008954e-03;8.051562e+00;-9.761719e-01;1.353041e+01;-1.981055e+00;5.221130e+01;-4.507617e+00;1.236743e+02;-9.675586e+00;6.499340e-02;-1.871583e-03;2.622420e+01;-2.731502e+00;9.212705e-02;-1.563393e-02;2.651142e+04;-9.835958e+02;3.139273e-01;2.178230e-02;5.958220e+00;1.868322e-01;8.756730e-02;-6.892997e-03;2.016199e-02;-2.541445e-03;1.072557e-01;2.452665e-03;6.292798e-01;-2.322090e-02;9.420297e-01;5.074148e-02;7.974094e-01;1.881616e-01;1.127313e+00;1.801725e-01;1.347055e+00;5.368213e-02;1.420426e+00;1.945539e-01;1.980597e+00;-5.887303e-03;1.590875e+00;3.369639e-02;1.936756e+00;-1.150235e-01;1.350852e+00;3.027479e-03;1.365142e+00;7.312765e-03;1.478269e+00;-2.589439e-02;1.384382e+00;4.133978e-02;1.265941e+00;-8.890570e-02
160.000000;7.568099e+00;1.104465e+02;9.416974e-03;7.588296e-01;5.985366e-02;1.083514e-01;4.068862e-02;9.975572e-02;7.369338e-02;1.356899e-01;9.589372e-01;7.940683e+00;2.461368e-01;2.343665e+00;9.984799e-02;9.965116e-01;1.164798e-02;1.553597e-01;4.346475e-03;1.946208e-02;9.831076e-03;1.324378e-01;1.698200e-02;2.789776e-01;4.264025e-02;4.267675e-01;5.338032e-02;5.380106e-01;5.259851e-02;6.634589e-01;2.251234e-01;8.003997e-01;2.178979e-01;8.816426e-01;1.237053e-01;8.931987e-01;1.392087e-01;9.761011e-01;8.427443e-02;1.067961e+00;9.066098e-02;1.090465e+00;2.534791e-01;1.220127e+00;2.642349e-01;1.232101e+00;2.800554e-01;1.297711e+00;3.255509e-01;1.384143e+00;1.125995e-01;1.380867e+00;2.960204e-01;1.476739e+00;3.898633e-01;1.521533e+00;1.631619e-01;1.432776e+00;1.725433e-01;1.455955e+00;1.424831e-01;1.346429e+00;1.699434e-01;1.149845e+00;1.783983e-01;1.009128e+00;1.720769e-01;9.151778e-01;6.173888e-02;7.602481e-01;5.555575e-02;5.770996e-01;3.615186e-01;1.488064e+00;2.811371e-01;6.007674e-01;1.262873e+01;9.603809e+01;1.500885e+01;1.382432e+02;9.126048e+01;2.628486e+02;3.635857e+02;7.166250e+02;1.538016e-01;9.872227e-01;6.848391e+01;2.979170e+02;2.484417e-01;3.053868e+00;8.107162e+04;1.959585e+05;1.124057e+00;3.992221e+00;2.818841e+01;3.949069e+01;1.921635e-01;-1.153017e+00;5.340689e-02;2.777009e-01;3.918148e-01;1.902276e+00;1.759141e+00;4.077160e+01;4.076005e+00;-1.579401e+01;2.631413e+00;2.244553e+01;4.326264e+00;1.576321e+01;5.865495e+00;2.482631e+00;4.775366e+00;5.954147e+00;4.338418e+00;6.830665e+00;7.109286e+00;8.868620e+00;8.585340e+00;7.454180e+00;5.418214e+00;-4.363004e+00;7.270892e+00;-3.798129e+00;5.188236e+00;-8.816427e+00;7.103133e+00;3.249164e+00;6.601874e+00;-5.486325e+00;4.845598e-05;-1.535114e-07;7.503920e-08;2.250031e-09;4.498474e-07;2.325997e-09;3.134869e-07;7.703308e-10;6.472696e-07;-1.544137e-08;8.694157e-06;-2.126721e-07;6.074066e-02;-9.184857e-04;2.307817e-02;-3.625757e-04;5.842088e-03;7.557476e-05;1.023822e-03;1.826656e-05;4.318445e-03;-7.911521e-05;6.558151e-03;-1.814516e-04;8.213882e-03;9.676800e-05;1.132283e-02;1.026870e-03;1.560126e-02;9.140921e-04;4.097596e-02;-5.992125e-04;4.139690e-02;9.356785e-04;2.883274e-02;3.236297e-03;3.112716e-02;2.126198e-03;2.871110e-02;8.832269e-04;2.486823e-02;6.769937e-04;7.680574e-02;-1.091797e-03;7.818378e-02;-3.189120e-03;7.436644e-02;-1.963551e-03;8.748151e-02;-1.591361e-03;3.407966e-02;-7.164304e-04;6.559116e-02;-1.508047e-04;8.369464e-02;-2.695629e-03;4.396369e-02;-1.840667e-03;4.122026e-02;-2.870323e-03;3.177531e-02;-2.297867e-03;3.639596e-02;1.856766e-04;2.704898e-02;4.991291e-04;2.352362e-02;4.478618e-04;2.139207e-02;-8.185745e-04;1.881746e-02;-3.698713e-04;6.719285e-02;-5.815212e-05;7.669059e-02;-1.843969e-03;6.037000e+00;-1.004883e-01;6.550185e+00;-2.871094e-02;3.054680e+01;-4.306641e-01;1.102130e+02;-2.583984e+00;5.289004e-02;-1.231254e-03;2.083838e+01;-4.269097e-01;8.402649e-02;-1.472111e-03;2.167141e+04;-5.370814e+02;3.485502e-01;5.538914e-03;9.406349e+00;1.202664e-01;9.581260e-02;-9.537553e-04;1.692724e-02;-3.155176e-04;1.113783e-01;-2.689395e-03;4.098763e-01;4.371086e-02;1.066134e+00;8.249861e-03;7.537771e-01;-4.925049e-02;1.092526e+00;-1.966047e-02;1.328907e+00;-5.177962e-02;1.363227e+00;1.261193e-01;1.158536e+00;2.242004e-02;1.888821e+00;-7.299469e-02;1.867020e+00;5.602976e-02;1.320166e+00;1.587761e-02;1.377892e+00;4.138906e-02;1.404235e+00;-9.968641e-02;1.537823e+00;5.846818e-02;1.284019e+00;-8.288399e-02
160.500000;8.551270e+00;1.111682e+02;1.539032e-02;7.555746e-01;6.544717e-02;9.891069e-02;6.423026e-02;1.128411e-01;6.097828e-02;1.243061e-01;1.267836e+00;7.271302e+00;1.910011e-01;2.362594e+00;8.146660e-02;1.006914e+00;1.769023e-02;1.516147e-01;4.554266e-03;2.157974e-02;2.159931e-02;1.296125e-01;2.950100e-02;2.709927e-01;3.979027e-02;4.295347e-01;5.742528e-02;5.582232e-01;6.524720e-02;6.603513e-01;2.323883e-01;8.294933e-01;2.246637e-01;8.959621e-01;1.494661e-01;9.312155e-01;1.556276e-01;1.023567e+00;1.028079e-01;1.036645e+00;1.134510e-01;1.100109e+00;2.413393e-01;1.206530e+00;2.704048e-01;1.291624e+00;2.389910e-01;1.297703e+00;2.351117e-01;1.327760e+00;1.237086e-01;1.353658e+00;2.721486e-01;1.426420e+00;3.286026e-01;1.479164e+00;2.253330e-01;1.492006e+00;1.873675e-01;1.438631e+00;1.635886e-01;1.361265e+00;1.639451e-01;1.253592e+00;1.055341e-01;1.114787e+00;1.267986e-01;9.443325e-01;5.670899e-02;7.353930e-01;5.374477e-02;5.911866e-01;4.655361e-01;1.795691e+00;2.468459e-01;6.068778e-01;3.560156e+01;1.096758e+02;5.897984e+01;1.636523e+02;1.209929e+02;3.119443e+02;3.348679e+02;7.954365e+02;2.196598e-01;1.025005e+00;7.642252e+01;3.263723e+02;3.081228e-01;3.194398e+00;7.220539e+04;2.042528e+05;1.284119e+00;3.847505e+00;5.040309e+01;4.479360e+01;2.534358e-01;-1.111397e+00;6.612900e-02;3.055852e-01;3.966287e-01;1.964606e+00;1.756528e+00;4.057991e+01;3.941586e+00;-1.560363e+01;4.641884e+00;2.040315e+01;5.002768e+00;1.564440e+01;6.909169e+00;1.647732e+00;5.661261e+00;3.259747e+00;4.652677e+00;7.493477e+00;6.563603e+00;6.804489e+00;8.559199e+00;1.049856e+01;5.891450e+00;-9.049026e+00;5.609121e+00;-2.363053e+00;5.514206e+00;-1.048836e+01;7.302903e+00;2.348216e+00;4.916218e+00;-8.060134e+00;6.073974e-05;2.117287e-07;1.021813e-07;-7.017057e-09;4.889035e-07;1.670757e-10;4.684690e-07;8.282954e-09;5.184650e-07;-7.454015e-09;1.007715e-05;-5.508188e-07;5.120434e-02;2.769704e-04;2.007037e-02;-4.546310e-05;7.700814e-03;-5.638523e-04;1.197800e-03;1.764928e-04;7.846810e-03;-1.761751e-04;1.031120e-02;-5.517604e-04;8.662795e-03;-9.125020e-04;1.082002e-02;-8.517012e-04;1.885487e-02;1.565533e-03;4.606539e-02;5.161598e-03;4.240302e-02;5.346651e-03;4.064277e-02;1.193856e-03;4.262190e-02;-1.434978e-03;2.695337e-02;-7.109237e-04;2.955994e-02;3.385837e-04;6.817933e-02;8.478822e-04;7.801330e-02;3.430193e-04;6.373014e-02;-1.494389e-03;6.574360e-02;-2.313082e-03;3.420684e-02;6.763905e-04;5.926732e-02;4.857806e-04;7.231779e-02;1.895588e-03;5.586312e-02;-6.837607e-04;4.351996e-02;-1.753206e-03;3.807105e-02;-3.493885e-03;4.545236e-02;-4.639927e-04;2.611276e-02;-7.259403e-04;2.360840e-02;-2.334510e-03;2.044448e-02;-1.280638e-03;1.932261e-02;1.444925e-04;9.994085e-02;3.215016e-03;6.946672e-02;-1.302158e-03;1.252537e+01;7.751953e-01;2.171853e+01;2.182031e+00;4.426422e+01;3.732422e+00;1.170074e+02;9.101367e+00;7.861171e-02;-2.526380e-03;2.852225e+01;2.509828e+00;1.210444e-01;1.134526e-02;2.163564e+04;9.686874e+02;4.793768e-01;-1.821195e-02;1.981586e+01;-1.701197e-01;1.143550e-01;7.606132e-03;2.483030e-02;2.326271e-03;1.209601e-01;-5.011564e-03;4.535704e-01;2.308310e-02;1.266837e+00;-5.491591e-02;1.200246e+00;-1.056865e-01;1.430007e+00;-1.696090e-01;1.753957e+00;-1.783937e-01;1.588328e+00;-1.352789e-01;1.481527e+00;-8.765988e-04;1.736189e+00;8.591345e-02;1.832920e+00;2.614178e-01;1.460549e+00;-8.621029e-03;1.370718e+00;-6.371367e-02;1.464672e+00;-6.441197e-02;1.482936e+00;-1.619341e-01;1.001884e+00;-2.537460e-02
161.000000;3.816637e+01;1.082175e+02;2.567326e-02;7.540292e-01;9.900163e-02;1.004480e-01;1.241560e-01;1.343617e-01;9.160442e-02;1.453574e-01;2.090714e+00;6.727911e+00;1.623269e-01;2.294905e+00;1.080710e-01;1.006141e+00;2.664399e-02;1.386458e-01;4.519847e-03;2.443815e-02;4.494016e-02;1.352090e-01;4.196547e-02;2.584595e-01;5.662251e-02;4.225957e-01;5.332153e-02;5.698264e-01;7.687887e-02;6.878080e-01;1.990923e-01;8.084921e-01;1.879073e-01;8.644249e-01;1.542900e-01;9.236977e-01;1.820299e-01;9.949186e-01;1.369567e-01;1.039209e+00;1.298274e-01;1.117576e+00;1.919538e-01;1.129209e+00;1.955971e-01;1.222346e+00;2.644168e-01;1.319934e+00;1.600276e-01;1.294356e+00;1.441491e-01;1.367084e+00;2.119217e-01;1.386093e+00;2.812403e-01;1.448994e+00;3.389019e-01;1.534588e+00;2.909845e-01;1.419554e+00;3.297853e-01;1.359320e+00;7.131353e-01;1.458385e+00;3.135098e-01;1.168110e+00;1.118074e-01;9.052341e-01;9.856012e-02;7.165953e-01;7.833049e-02;6.076494e-01;5.458950e-01;1.896148e+00;1.866568e-01;5.492361e-01;6.365983e+01;1.353721e+02;9.926638e+01;1.955215e+02;1.668044e+02;3.755391e+02;3.338447e+02;8.841533e+02;2.648171e-01;1.000913e+00;1.125742e+02;3.675440e+02;3.890959e-01;3.335124e+00;5.851785e+04;2.182968e+05;1.241358e+00;3.493176e+00;4.813057e+01;3.815726e+01;3.455842e-01;-9.442106e-01;1.025240e-01;3.430917e-01;5.433355e-01;1.549860e+00;2.758149e+00;4.021039e+01;3.953721e+00;-1.646366e+01;5.063287e+00;1.814302e+01;5.497376e+00;1.363460e+01;8.240229e+00;-6.044711e-02;7.580268e+00;-2.205672e+00;7.718051e+00;5.985264e+00;9.180698e+00;2.789637e+00;8.431436e+00;1.072441e+01;8.978876e+00;-1.149399e+01;4.095173e+00;-3.575697e+00;9.031734e+00;-6.416838e+00;6.691551e+00;-2.490946e+00;6.518977e+00;-3.236655e+00;1.944502e-04;-5.457732e-06;1.235174e-07;5.161205e-09;7.191766e-07;9.534896e-09;8.342628e-07;-1.218183e-08;6.355716e-07;3.537070e-09;1.242619e-05;5.196741e-07;4.195870e-02;5.706662e-04;2.270668e-02;9.915869e-04;7.676978e-03;9.313811e-05;1.192455e-03;-4.522549e-05;9.647004e-03;3.154846e-04;1.199966e-02;-3.502951e-05;1.493192e-02;-3.718808e-04;1.334800e-02;-4.705020e-04;1.880519e-02;1.732422e-03;4.244581e-02;3.993894e-03;4.002508e-02;1.959866e-03;4.279433e-02;-2.394214e-03;4.859908e-02;-2.634442e-03;3.512730e-02;-3.898336e-04;3.463555e-02;1.076436e-03;5.956182e-02;-5.864095e-04;5.145903e-02;1.177194e-03;6.368005e-02;4.256243e-03;5.593631e-02;3.581703e-03;4.688714e-02;3.280536e-03;5.497271e-02;1.682756e-03;7.169858e-02;2.747243e-03;7.991901e-02;2.297654e-03;6.356851e-02;9.341456e-04;7.095100e-02;-1.679103e-04;1.430387e-01;-1.899664e-04;7.747331e-02;7.508140e-04;3.389126e-02;8.954796e-04;3.064057e-02;1.134221e-03;2.425911e-02;1.205342e-03;1.364870e-01;6.783484e-03;6.528833e-02;-9.524192e-04;1.340758e+01;-1.435547e-01;2.607840e+01;-4.306641e-01;4.887547e+01;1.435547e-01;1.111635e+02;-7.751953e-01;9.907694e-02;8.883380e-04;3.127895e+01;-2.999485e-01;1.317298e-01;2.323347e-04;2.202323e+04;-9.524446e+00;4.793361e-01;3.067890e-03;1.899672e+01;6.900761e-02;1.019876e-01;-7.562239e-04;2.705503e-02;-3.094691e-04;1.203206e-01;-6.784571e-03;6.432726e-01;-1.656477e-02;1.373842e+00;7.082880e-03;1.279219e+00;1.088602e-02;1.570676e+00;-2.097446e-02;2.022134e+00;-1.314748e-01;1.708064e+00;-1.920053e-01;1.890082e+00;2.593228e-02;1.711047e+00;1.949782e-02;1.918872e+00;9.746125e-02;2.016819e+00;9.488418e-02;1.235285e+00;1.728560e-01;1.892989e+00;1.301070e-01;1.595366e+00;-1.954256e-01;1.269225e+00;4.190983e-02
161.500000;4.108582e+01;8.990860e+01;3.220883e-02;7.781471e-01;1.030292e-01;6.104342e-02;1.313100e-01;8.243751e-02;9.871273e-02;1.449185e-01;2.910557e+00;8.681620e+00;2.055631e-01;2.262268e+00;1.270363e-01;1.009281e+00;3.184932e-02;1.533187e-01;5.501684e-03;2.247166e-02;4.031428e-02;1.404509e-01;3.671762e-02;2.683165e-01;5.450292e-02;4.206922e-01;5.953825e-02;5.601448e-01;1.012781e-01;7.022708e-01;1.342012e-01;7.789031e-01;1.443072e-01;8.495449e-01;1.320121e-01;9.335430e-01;1.498393e-01;9.785644e-01;1.661166e-01;1.015653e+00;1.273505e-01;1.143435e+00;1.463675e-01;1.134478e+00;1.236186e-01;1.175593e+00;3.377517e-01;1.362133e+00;2.246235e-01;1.344644e+00;1.939012e-01;1.403323e+00;3.845393e-01;1.486630e+00;4.216392e-01;1.510715e+00;4.139319e-01;1.556034e+00;3.201256e-01;1.471355e+00;3.403452e-01;1.347113e+00;7.450042e-01;1.358615e+00;3.321008e-01;1.121502e+00;1.262965e-01;8.540047e-01;1.007890e-01;7.210332e-01;7.808397e-02;6.026247e-01;5.200909e-01;1.685722e+00;1.881515e-01;5.160013e-01;6.603765e+01;1.108242e+02;1.023587e+02;1.459951e+02;1.787040e+02;2.952920e+02;3.617770e+02;7.070068e+02;2.330168e-01;1.016534e+00;1.308076e+02;3.055695e+02;4.286926e-01;3.110593e+00;7.139155e+04;1.920980e+05;1.340787e+00;3.949129e+00;4.050008e+01;4.435340e+01;4.357139e-01;-1.162898e+00;1.190285e-01;2.835228e-01;3.903415e-01;1.068108e+00;2.901708e+00;4.079773e+01;4.291756e+00;-1.619796e+01;6.253909e+00;1.937361e+01;4.829837e+00;1.336692e+01;6.793775e+00;-6.751108e-01;7.479888e+00;-2.048191e+00;7.807740e+00;5.888516e+00;9.662049e+00;4.009872e+00;7.617196e+00;1.248112e+01;9.218806e+00;-7.857075e+00;4.308109e+00;-7.825995e-01;8.457103e+00;-5.780108e-01;6.420993e+00;-4.191281e+00;5.104180e+00;3.553731e+00;1.873723e-04;-8.287395e-06;8.877696e-08;1.719217e-08;6.310870e-07;3.500537e-09;7.382884e-07;-1.291172e-08;6.885524e-07;5.354949e-09;1.034231e-05;9.574410e-07;5.534250e-02;2.627632e-03;2.883230e-02;1.217153e-03;4.469462e-03;8.234797e-04;8.837490e-04;-1.186697e-04;6.563682e-03;1.896663e-04;7.952560e-03;7.397102e-04;1.468893e-02;8.251526e-04;1.857944e-02;8.286859e-04;2.440477e-02;-1.606597e-03;3.177684e-02;-1.737219e-03;3.439093e-02;-2.101944e-03;3.878030e-02;5.915872e-04;4.005728e-02;2.214941e-03;4.671840e-02;-3.762242e-04;4.189924e-02;7.317401e-05;5.218510e-02;3.466013e-04;4.641925e-02;-8.838560e-05;7.706943e-02;3.546529e-03;5.216205e-02;4.388859e-03;5.417753e-02;4.116667e-03;9.484857e-02;1.668446e-03;9.902986e-02;1.611438e-03;1.026768e-01;2.573042e-03;7.641107e-02;3.857092e-03;7.233889e-02;2.446407e-03;1.408687e-01;1.104202e-03;7.824475e-02;1.463325e-03;3.571804e-02;1.893963e-03;3.164100e-02;2.303485e-03;2.306833e-02;7.733974e-04;1.379922e-01;4.002085e-03;6.214887e-02;1.854706e-03;7.052189e+00;-9.043945e-01;1.520512e+01;-2.612695e+00;3.436058e+01;-3.617578e+00;7.413442e+01;-7.909863e+00;7.839396e-02;2.636465e-03;2.141039e+01;-2.574957e+00;9.190106e-02;-8.818272e-03;1.884866e+04;-7.351553e+02;3.485035e-01;1.556973e-02;1.032011e+01;1.410794e-01;5.495596e-02;-1.125527e-02;1.757728e-02;-2.444868e-03;1.015606e-01;2.328079e-03;6.298279e-01;-5.869363e-03;1.235078e+00;3.303697e-02;1.104386e+00;1.118230e-01;1.212412e+00;7.083445e-02;1.589483e+00;2.325656e-02;1.640420e+00;1.113901e-01;1.941244e+00;7.471783e-02;1.743865e+00;-8.521635e-04;1.587362e+00;-1.172129e-01;1.830792e+00;-2.226166e-03;1.291029e+00;7.317415e-02;1.816092e+00;6.897901e-02;1.566768e+00;4.074175e-03;1.477611e+00;1.182592e-01
162.000000;4.165883e-01;7.325540e+01;6.003270e-03;8.031140e-01;1.242881e-02;9.074100e-03;1.312132e-02;1.168185e-02;7.160555e-02;1.202703e-01;1.447147e+00;1.152479e+01;2.292420e-01;2.325940e+00;1.095240e-01;1.004439e+00;7.232609e-03;1.798856e-01;4.565646e-03;1.769715e-02;8.718516e-03;1.362400e-01;1.479714e-02;2.803846e-01;2.852316e-02;4.152882e-01;6.237662e-02;5.539865e-01;1.291497e-01;6.815337e-01;1.013555e-01;7.547596e-01;9.457002e-02;8.330212e-01;1.239878e-01;9.139467e-01;1.014131e-01;9.786061e-01;1.741710e-01;1.064509e+00;1.165986e-01;1.106303e+00;2.038429e-01;1.208170e+00;2.697782e-01;1.299220e+00;3.010421e-01;1.328959e+00;2.822300e-01;1.415589e+00;1.952683e-01;1.376142e+00;3.826331e-01;1.507746e+00;4.560132e-01;1.556341e+00;3.802922e-01;1.509074e+00;2.844003e-01;1.507650e+00;2.630168e-01;1.341953e+00;2.403668e-01;1.169524e+00;8.330882e-02;9.912044e-01;9.546430e-02;8.428740e-01;6.100061e-02;7.427642e-01;4.501030e-02;5.996283e-01;4.468600e-01;1.446054e+00;2.653536e-01;6.006529e-01;9.815404e+00;6.962402e+01;2.448859e+00;8.656348e+01;4.072401e+01;1.748496e+02;1.994576e+02;5.090449e+02;1.961483e-01;1.040255e+00;3.972554e+01;2.266487e+02;2.005556e-01;2.809935e+00;6.335523e+04;1.692994e+05;1.178740e+00;4.470946e+00;4.250041e+01;5.332690e+01;1.299292e-01;-1.542044e+00;2.993491e-02;2.076100e-01;3.268977e-01;9.308919e-01;1.886090e+00;4.188241e+01;4.067595e+00;-1.695739e+01;6.446299e+00;2.282536e+01;4.020748e+00;1.686375e+01;5.287217e+00;-1.358413e+00;5.449725e+00;3.777504e+00;6.498200e+00;6.010775e+00;5.470160e+00;1.118144e+01;4.606295e+00;1.434562e+01;4.259742e+00;-4.970242e+00;4.142022e+00;1.783854e+00;5.755191e+00;2.396296e+00;4.392361e+00;-3.894814e+00;4.290592e+00;3.092876e+00;2.479848e-06;2.178108e-07;3.241385e-08;4.001784e-09;3.883344e-08;1.476447e-09;6.268686e-08;4.239509e-09;5.503977e-07;-1.469558e-08;6.439674e-06;1.010110e-06;6.644065e-02;-2.229980e-03;2.914495e-02;-7.064869e-04;1.846071e-03;1.024869e-04;1.025584e-03;-6.827917e-05;6.268250e-04;-3.253212e-04;3.033692e-03;-2.442542e-04;1.007269e-02;1.484174e-04;2.186348e-02;1.611252e-04;3.245737e-02;-2.198883e-03;2.766717e-02;-3.595053e-03;2.615462e-02;-3.731782e-03;3.373104e-02;-6.502750e-04;3.607282e-02;6.315596e-04;4.520299e-02;-3.332516e-04;4.168564e-02;-1.982381e-03;6.036802e-02;-1.436858e-03;7.043587e-02;1.984885e-03;7.330019e-02;-2.066812e-03;6.400729e-02;-2.169367e-04;4.581745e-02;-1.855639e-03;9.650239e-02;-1.889184e-03;1.139929e-01;-1.901902e-03;9.217235e-02;-1.898638e-03;7.079463e-02;5.806169e-05;6.084093e-02;1.645148e-03;5.512334e-02;6.329196e-04;2.745499e-02;1.053700e-03;2.628757e-02;7.254546e-04;2.143557e-02;-6.111801e-04;1.641777e-02;-4.715571e-04;1.497612e-01;-8.788715e-03;6.892098e-02;4.091122e-04;3.089962e+00;-1.866211e-01;9.522341e-01;0;1.302536e+01;-1.220215e+00;6.200135e+01;-2.397363e+00;5.077755e-02;9.328190e-04;1.124886e+01;-4.588744e-01;5.948630e-02;-4.949902e-03;1.575342e+04;-1.306436e+02;3.357292e-01;9.026185e-03;1.221275e+01;3.586818e-01;3.133737e-02;-1.976397e-03;8.843980e-03;-4.872102e-04;1.067677e-01;-3.862183e-03;4.890014e-01;-6.935920e-03;1.031002e+00;-3.263712e-02;1.177361e+00;5.540354e-02;8.986631e-01;1.173173e-01;1.127252e+00;8.432948e-02;1.465391e+00;1.018666e-01;1.891154e+00;-8.422615e-02;1.682184e+00;5.786601e-02;1.443491e+00;-1.219591e-01;1.318366e+00;-7.661543e-02;1.420262e+00;-6.152350e-02;1.689644e+00;4.176873e-02;1.233175e+00;1.147102e-01;1.227790e+00;-1.233372e-02
162.500000;1.586506e+00;7.226975e+01;8.664614e-03;7.997881e-01;1.692321e-02;9.108479e-03;1.607915e-02;1.269707e-02;8.641557e-02;1.518593e-01;1.504483e+00;1.165444e+01;2.508222e-01;2.341351e+00;1.239858e-01;9.985284e-01;5.456448e-03;1.808696e-01;4.441763e-03;1.653187e-02;1.831786e-03;1.295454e-01;1.214612e-02;2.648055e-01;3.062136e-02;4.180649e-01;5.214718e-02;5.601622e-01;1.131930e-01;6.796427e-01;1.294606e-01;7.748671e-01;1.392899e-01;8.254786e-01;1.030084e-01;8.625627e-01;1.249118e-01;9.496707e-01;1.882368e-01;1.077146e+00;1.726676e-01;1.137123e+00;2.656679e-01;1.218965e+00;3.047231e-01;1.306314e+00;3.409587e-01;1.341057e+00;2.969306e-01;1.394923e+00;2.142079e-01;1.424426e+00;2.619911e-01;1.414516e+00;4.066349e-01;1.514482e+00;4.414124e-01;1.496476e+00;3.730604e-01;1.468093e+00;3.066648e-01;1.335264e+00;2.366299e-01;1.208082e+00;9.790135e-02;1.006060e+00;8.724920e-02;8.486021e-01;6.851090e-02;7.338507e-01;5.323069e-02;5.715600e-01;4.145798e-01;1.411219e+00;3.023846e-01;7.135884e-01;1.121198e+01;6.172852e+01;2.448859e+00;8.656348e+01;4.249898e+01;1.673848e+02;2.529986e+02;5.742188e+02;2.106085e-01;9.649488e-01;4.809732e+01;2.392835e+02;1.983069e-01;2.754488e+00;7.397013e+04;1.978760e+05;1.408339e+00;4.196927e+00;5.801266e+01;4.991699e+01;1.201099e-01;-1.551464e+00;3.587185e-02;2.142812e-01;3.103413e-01;9.804408e-01;2.319498e+00;4.213171e+01;5.147568e+00;-1.972619e+01;5.733127e+00;2.659731e+01;5.659540e+00;1.831712e+01;4.850575e+00;-2.670036e+00;5.021939e+00;3.756035e+00;9.111391e+00;2.168672e+00;5.504301e+00;1.367066e+01;5.388779e+00;1.300457e+01;4.883963e+00;-3.545630e+00;5.720649e+00;5.598894e+00;5.773658e+00;1.700201e+00;6.206733e+00;-5.496493e+00;3.625349e+00;7.592399e-01;4.432902e-06;-4.055708e-07;3.361709e-08;-2.769212e-09;7.643715e-08;1.857024e-09;7.662560e-08;-4.497116e-10;6.055927e-07;-1.703727e-08;6.683176e-06;8.520534e-08;7.034031e-02;-2.451585e-03;3.348665e-02;-1.117380e-03;1.608973e-03;-1.385444e-04;9.990855e-04;-9.989920e-05;4.112170e-04;-3.187813e-05;2.761845e-03;-3.140363e-04;1.101160e-02;-3.118088e-04;1.989488e-02;-4.192522e-04;2.999040e-02;9.532218e-04;3.027598e-02;-5.884296e-04;3.533293e-02;-1.680816e-04;3.309113e-02;1.547392e-04;4.399207e-02;-7.128751e-04;4.838348e-02;-4.683476e-04;4.573657e-02;6.224099e-04;6.664863e-02;2.126396e-04;7.457182e-02;2.136847e-03;8.339561e-02;-4.378177e-03;7.912362e-02;-3.575541e-03;5.843828e-02;-3.118373e-03;7.592358e-02;-1.422985e-03;1.121114e-01;-3.815068e-03;1.108845e-01;-5.419884e-03;9.050778e-02;-4.173534e-03;7.464560e-02;-2.566243e-03;6.145603e-02;-9.196624e-05;3.026068e-02;-1.067256e-04;2.268856e-02;-4.462441e-04;1.821508e-02;-8.354952e-04;1.497688e-02;-1.667895e-04;1.391935e-01;-6.349631e-03;7.651251e-02;-4.442649e-04;3.357461e+00;-1.435547e-01;9.522341e-01;0;1.247175e+01;-5.598633e-01;7.551577e+01;-2.871094e-01;4.608848e-02;-3.568938e-03;1.237085e+01;-2.328809e-01;5.300488e-02;-2.465808e-03;1.906074e+04;-2.014417e+02;3.749051e-01;1.316529e-03;1.659796e+01;6.791770e-02;3.054359e-02;2.346472e-03;9.241170e-03;-2.146097e-04;9.661592e-02;-4.513422e-03;6.111526e-01;2.580981e-02;1.343857e+00;-3.205350e-02;1.285458e+00;-2.717378e-02;1.220868e+00;1.074746e-01;1.031148e+00;2.190699e-03;1.272435e+00;-9.106047e-02;2.163621e+00;-1.009010e-01;1.500491e+00;-7.359219e-03;1.776842e+00;8.819221e-02;1.598467e+00;1.049325e-01;1.432631e+00;2.073066e-02;1.599113e+00;2.380105e-02;1.507552e+00;4.163477e-02;1.092220e+00;-4.116830e-03
163.000000;1.265928e+01;8.104652e+01;1.440614e-02;7.885794e-01;2.810604e-02;1.611184e-02;3.278128e-02;2.028099e-02;9.150720e-02;1.766622e-01;2.028405e+00;9.963077e+00;3.154915e-01;2.206508e+00;1.646239e-01;9.997949e-01;4.070953e-02;1.484166e-01;8.775324e-03;2.267700e-02;2.941015e-02;1.154299e-01;1.815779e-02;2.648765e-01;4.119682e-02;4.198384e-01;5.164179e-02;5.531594e-01;9.887498e-02;6.797701e-01;2.626659e-01;8.331115e-01;2.454957e-01;9.087565e-01;1.102089e-01;8.998942e-01;1.233491e-01;9.781019e-01;1.944750e-01;1.068423e+00;1.838589e-01;1.158745e+00;2.534320e-01;1.221644e+00;2.442219e-01;1.190208e+00;3.774913e-01;1.244986e+00;2.760520e-01;1.246254e+00;2.784252e-01;1.430668e+00;3.978711e-01;1.446652e+00;4.687068e-01;1.444807e+00;4.843293e-01;1.443079e+00;4.539804e-01;1.432397e+00;4.661173e-01;1.396534e+00;5.835001e-01;1.326198e+00;2.597580e-01;1.107715e+00;1.255744e-01;8.846244e-01;7.265277e-02;7.201024e-01;6.143183e-02;5.786945e-01;5.220873e-01;1.337514e+00;3.138280e-01;6.732205e-01;7.905212e+01;1.099629e+02;1.599475e+02;1.831758e+02;3.015139e+02;3.385020e+02;4.210095e+02;8.297461e+02;1.911416e-01;8.171115e-01;1.658619e+02;3.437338e+02;6.057301e-01;3.100897e+00;7.466862e+04;2.250004e+05;1.564076e+00;3.488295e+00;5.571565e+01;3.940705e+01;5.244613e-01;-1.118598e+00;1.526454e-01;3.121938e-01;3.490654e-01;9.328817e-01;2.430071e+00;4.235436e+01;4.726264e+00;-2.080322e+01;8.840935e+00;2.260706e+01;8.940266e+00;1.678254e+01;5.622805e+00;-3.539473e+00;7.594621e+00;9.093866e-02;8.540575e+00;-2.770395e+00;1.263633e+01;4.552232e+00;7.995375e+00;1.282033e+01;8.194146e+00;1.425458e+00;1.209283e+01;-7.447191e-01;7.222696e+00;-3.514124e+00;8.691253e+00;-5.234555e+00;4.535810e+00;-1.038584e+00;2.348889e-05;5.043630e-06;9.123218e-08;-3.424103e-09;1.928765e-07;2.772194e-09;2.025628e-07;2.353967e-09;7.287773e-07;4.002168e-09;1.119158e-05;-1.202754e-06;7.156522e-02;1.307064e-03;3.984576e-02;6.527081e-04;4.303758e-03;-7.958196e-04;1.048771e-03;2.050894e-04;5.749553e-03;-4.551583e-05;4.552701e-03;-8.442162e-06;1.403324e-02;1.978595e-04;1.724188e-02;5.044689e-04;2.680560e-02;1.186460e-03;5.331869e-02;4.566944e-03;5.171716e-02;4.584244e-03;3.730924e-02;-1.861606e-05;4.075864e-02;-6.973552e-04;5.569875e-02;3.020701e-03;5.123340e-02;1.770739e-03;7.302321e-02;9.192296e-04;6.114843e-02;-1.003342e-03;7.696756e-02;2.575078e-03;6.894924e-02;6.434620e-04;7.291926e-02;-2.509768e-04;1.069295e-01;1.616032e-03;1.041117e-01;2.953466e-03;1.187886e-01;-1.582664e-04;1.046077e-01;-1.815886e-05;1.206790e-01;-1.757680e-03;1.442912e-01;4.136011e-04;6.126917e-02;-2.168326e-03;3.182290e-02;-1.051367e-03;2.011669e-02;-3.708867e-04;1.781572e-02;-4.329427e-04;1.287099e-01;9.594528e-03;9.046061e-02;1.723574e-03;8.227825e+00;1.866211e+00;1.613018e+01;2.985938e+00;5.855344e+01;6.704004e+00;7.845165e+01;1.055127e+01;3.427718e-02;-3.982313e-03;2.154848e+01;3.805361e+00;7.711881e-02;1.770022e-02;2.014590e+04;1.112594e+03;3.279413e-01;-3.168234e-02;1.438823e+01;-6.446903e-01;5.303220e-02;1.040166e-02;1.693695e-02;3.598963e-03;8.127647e-02;3.942514e-03;6.953344e-01;4.830738e-02;1.345724e+00;-4.868072e-02;1.326093e+00;-1.426750e-01;1.615022e+00;-1.312224e-01;1.690653e+00;-1.085678e-01;1.585015e+00;-1.287404e-01;2.148839e+00;-1.238424e-01;1.493437e+00;-1.558839e-01;2.189120e+00;7.970130e-02;2.206914e+00;1.483765e-01;1.720565e+00;-6.973646e-02;1.261181e+00;-1.698515e-01;1.768637e+00;-1.899909e-01;9.747682e-01;-1.262043e-01
163.500000;2.293192e+01;1.051820e+02;2.197193e-02;7.714934e-01;1.003356e-01;7.112815e-02;1.186528e-01;8.617541e-02;1.159870e-01;1.943912e-01;2.896498e+00;6.618896e+00;2.711080e-01;2.188046e+00;1.458697e-01;1.008074e+00;2.773936e-02;1.116382e-01;7.175065e-03;3.034140e-02;2.992051e-02;1.158520e-01;1.993221e-02;2.749891e-01;4.611714e-02;4.136690e-01;7.702147e-02;5.613836e-01;1.544392e-01;7.161945e-01;2.737550e-01;7.985532e-01;2.396329e-01;8.919464e-01;9.670441e-02;9.439970e-01;9.811962e-02;1.012366e+00;1.859297e-01;1.170877e+00;1.436294e-01;1.125857e+00;2.133018e-01;1.202426e+00;2.216839e-01;1.220026e+00;2.707810e-01;1.246790e+00;1.876073e-01;1.212268e+00;2.568179e-01;1.349055e+00;3.910654e-01;1.447182e+00;4.917174e-01;1.494875e+00;3.653833e-01;1.462953e+00;3.590222e-01;1.440423e+00;4.351064e-01;1.472167e+00;5.791515e-01;1.336941e+00;2.624420e-01;1.098100e+00;1.156152e-01;9.038297e-01;7.599650e-02;7.099385e-01;5.978422e-02;5.872650e-01;8.977267e-01;1.573701e+00;2.661396e-01;6.294619e-01;6.657518e+01;1.916455e+02;1.492927e+02;3.274482e+02;3.058060e+02;5.991973e+02;3.772642e+02;1.177866e+03;2.052249e-01;8.532845e-01;1.524316e+02;4.956033e+02;5.711056e-01;3.792821e+00;6.687664e+04;2.534651e+05;1.043833e+00;2.586138e+00;1.655377e+01;2.193729e+01;3.460424e-01;-6.221938e-01;1.363349e-01;4.580612e-01;3.831480e-01;1.018588e+00;2.264970e+00;4.309604e+01;3.746636e+00;-2.192032e+01;6.062945e+00;1.649481e+01;9.735301e+00;1.070004e+01;6.909472e+00;-2.243300e+00;7.589053e+00;-4.728852e+00;8.306850e+00;-1.060298e+01;6.160024e+00;-5.028202e+00;8.315339e+00;1.142122e+01;7.777913e+00;2.344069e+00;7.996755e+00;-6.300815e+00;8.493262e+00;-2.870783e+00;7.874661e+00;-6.195885e+00;4.990739e+00;-6.358890e+00;9.458606e-05;5.517516e-06;1.103624e-07;-8.498432e-09;4.881352e-07;1.412606e-08;4.673114e-07;3.689864e-08;6.963612e-07;2.457833e-08;1.154018e-05;-1.285638e-06;6.403123e-02;-8.411033e-04;3.520378e-02;1.724571e-04;4.481759e-03;-7.760550e-04;1.296796e-03;1.263542e-04;5.966952e-03;-1.142605e-04;5.503342e-03;3.232272e-04;1.306639e-02;-2.250563e-04;1.803072e-02;2.007542e-04;3.293910e-02;-9.701776e-04;5.418434e-02;4.352786e-04;5.116820e-02;1.079981e-03;3.671276e-02;1.165748e-03;3.398213e-02;1.264305e-03;5.242877e-02;2.341571e-03;4.187985e-02;-2.047336e-04;7.343180e-02;-1.192616e-03;6.382470e-02;-2.897529e-03;5.782986e-02;-2.247291e-04;5.210681e-02;2.104210e-03;6.392306e-02;-6.282146e-04;1.026544e-01;1.335873e-03;1.185238e-01;4.939998e-03;7.899553e-02;2.012728e-03;8.002732e-02;-9.731673e-05;1.173157e-01;-4.621156e-04;1.460287e-01;-1.034038e-03;6.239457e-02;-1.870400e-03;3.245430e-02;-1.250357e-03;2.125250e-02;-1.115414e-03;1.955628e-02;-4.328397e-04;1.509124e-01;-3.383157e-03;9.086539e-02;-1.356670e-03;9.164323e+00;1.320703e+00;2.665057e+01;2.153320e+00;7.469877e+01;4.378418e+00;7.727776e+01;7.206445e+00;4.205590e-02;1.599607e-03;2.648481e+01;2.829520e+00;7.884119e-02;1.245293e-02;1.781178e+04;8.628134e+02;2.123909e-01;-1.501784e-02;4.151114e+00;-2.051304e-01;5.215447e-02;9.966086e-03;2.054019e-02;2.698292e-03;8.031226e-02;1.535877e-03;5.806329e-01;1.831302e-02;1.054356e+00;-4.234038e-02;1.143350e+00;-9.212041e-02;1.663797e+00;-2.121490e-01;1.961984e+00;-8.861612e-03;1.763061e+00;8.370045e-02;1.584720e+00;-1.188776e-01;1.530360e+00;-2.094604e-01;2.245851e+00;-6.293093e-02;2.026030e+00;-2.480944e-02;1.676567e+00;-1.002484e-01;1.835984e+00;3.278622e-02;1.544025e+00;-1.384060e-01;9.823585e-01;-1.352088e-01
164.000000;2.269108e+01;1.163330e+02;1.634778e-02;7.579018e-01;9.799884e-02;9.162991e-02;1.158052e-01;1.156060e-01;1.288244e-01;1.956480e-01;1.777782e+00;4.112792e+00;3.065335e-01;2.384339e+00;1.866782e-01;1.049300e+00;1.036146e-02;1.059536e-01;5.924487e-03;3.393172e-02;9.374121e-03;1.274925e-01;1.451087e-02;2.795425e-01;3.510642e-02;4.237566e-01;6.439102e-02;5.710940e-01;1.508625e-01;7.580560e-01;1.465346e-01;7.633680e-01;1.601862e-01;8.080953e-01;2.239828e-01;1.009735e+00;2.088207e-01;1.066746e+00;2.297179e-01;1.059515e+00;1.843112e-01;1.171269e+00;1.734103e-01;1.128843e+00;2.255124e-01;1.284143e+00;2.429664e-01;1.314705e+00;3.372504e-01;1.443504e+00;3.323054e-01;1.462071e+00;4.207057e-01;1.508168e+00;3.987022e-01;1.490824e+00;8.557464e-01;1.829009e+00;7.285419e-01;1.695498e+00;3.762579e-01;1.499490e+00;3.048347e-01;1.228883e+00;2.721520e-01;1.084889e+00;2.311597e-01;9.341313e-01;1.312218e-01;7.424715e-01;9.203959e-02;5.964957e-01;7.832438e-01;1.797251e+00;2.658280e-01;6.977677e-01;2.812500e+01;2.159062e+02;8.146574e+01;3.781230e+02;2.440381e+02;7.100215e+02;2.489755e+02;1.347404e+03;2.096431e-01;8.778564e-01;1.029451e+02;5.684976e+02;2.386026e-01;4.132342e+00;9.632495e+04;3.044821e+05;5.798830e-01;2.279601e+00;1.091737e+01;1.601214e+01;1.055076e-01;-5.246557e-01;7.450845e-02;5.212592e-01;3.105606e-01;1.251036e+00;3.650075e+00;4.217991e+01;3.764558e+00;-2.367062e+01;4.815740e+00;1.878339e+01;6.081075e+00;3.488003e+00;6.750650e+00;-1.373948e+00;5.483347e+00;-6.177702e+00;3.558745e+00;-1.687434e+01;5.349786e+00;-4.442648e+00;8.680291e+00;4.610048e+00;5.015846e+00;-1.366358e+00;8.414494e+00;2.551574e+00;8.245837e+00;-4.193678e+00;9.497876e+00;-3.393245e+00;8.064033e+00;-3.156349e+00;1.080849e-04;5.185263e-06;7.610919e-08;-7.870805e-09;5.511574e-07;3.791675e-09;5.730214e-07;2.456821e-09;8.099751e-07;2.672775e-08;7.269447e-06;-1.286462e-06;7.623561e-02;2.193309e-03;4.772562e-02;-6.649869e-04;2.476500e-03;9.013281e-05;1.366524e-03;5.845302e-05;2.030148e-03;6.100944e-05;4.045240e-03;2.836405e-04;6.324757e-03;1.472641e-04;1.408191e-02;-5.122234e-04;3.543885e-02;-4.412788e-04;3.525411e-02;-1.506205e-03;3.788764e-02;-8.290587e-04;6.351564e-02;1.231339e-03;5.949998e-02;1.415654e-03;4.510851e-02;-4.765055e-03;4.091431e-02;-7.854400e-04;5.657773e-02;-1.198769e-03;6.086020e-02;-2.249511e-04;6.773001e-02;-1.860157e-03;8.072520e-02;-1.537338e-03;8.633549e-02;-6.292494e-04;1.224833e-01;-1.202251e-03;1.263529e-01;-1.583342e-03;1.930595e-01;-5.934265e-04;1.551010e-01;-1.584858e-03;9.894716e-02;9.475836e-04;7.859092e-02;-2.702106e-03;6.604284e-02;2.455633e-05;5.406032e-02;9.057075e-04;3.570927e-02;-5.045258e-04;3.104533e-02;1.538058e-04;1.504890e-01;1.238384e-03;7.291664e-02;-9.078901e-04;8.574626e+00;-4.593750e-01;2.464723e+01;-3.445312e-01;6.028178e+01;-1.607813e+00;6.637488e+01;-2.583984e-01;4.877807e-02;1.893020e-03;2.421567e+01;-4.298937e-01;5.619799e-02;-2.195367e-04;2.035074e+04;3.705206e+01;1.590022e-01;3.815034e-03;3.091386e+00;-5.495694e-03;2.507060e-02;-1.074297e-03;1.799393e-02;-3.669109e-04;9.136537e-02;1.421350e-03;8.084432e-01;-7.231217e-03;9.978692e-01;-1.837637e-02;1.035515e+00;8.738342e-02;1.632433e+00;-1.173612e-01;1.677373e+00;-2.027170e-03;1.795646e+00;5.151893e-02;1.237046e+00;-6.272760e-02;1.716995e+00;1.012395e-01;1.706264e+00;-1.566890e-01;1.278093e+00;-1.698458e-01;1.661978e+00;1.170658e-01;1.814823e+00;-2.026640e-02;1.428422e+00;1.965729e-01;1.281378e+00;1.554386e-01
164.500000;2.549769e+01;1.104944e+02;1.586539e-02;7.591687e-01;7.350638e-02;9.262849e-02;1.058883e-01;1.072002e-01;1.082201e-01;1.716992e-01;1.799586e+00;4.771448e+00;3.154929e-01;2.322511e+00;1.907834e-01;1.012619e+00;7.414440e-03;1.065289e-01;6.785248e-03;3.197279e-02;1.657642e-02;1.267381e-01;1.387264e-02;2.840478e-01;2.441667e-02;4.335202e-01;4.908426e-02;5.433109e-01;1.167875e-01;6.847919e-01;1.295900e-01;7.557175e-01;2.167725e-01;8.443381e-01;2.606563e-01;9.458214e-01;2.459896e-01;1.001193e+00;1.563816e-01;1.007548e+00;1.631868e-01;1.151055e+00;1.243783e-01;1.104618e+00;2.217575e-01;1.208973e+00;2.150998e-01;1.228263e+00;3.382222e-01;1.429542e+00;3.353265e-01;1.447520e+00;4.172305e-01;1.497481e+00;2.983255e-01;1.390220e+00;8.950216e-01;1.673443e+00;7.620233e-01;1.585942e+00;4.012417e-01;1.365591e+00;2.969828e-01;1.220919e+00;2.670249e-01;1.086511e+00;2.252102e-01;9.591264e-01;1.257002e-01;7.508990e-01;8.570050e-02;6.009557e-01;4.645190e-01;1.491033e+00;2.402744e-01;6.210135e-01;2.727539e+01;1.966699e+02;9.042110e+01;3.185479e+02;2.379069e+02;5.958955e+02;2.639868e+02;1.274622e+03;2.106355e-01;7.453205e-01;1.160256e+02;5.155298e+02;3.944607e-01;3.901031e+00;9.951493e+04;2.869610e+05;5.308850e-01;2.532320e+00;8.083761e+00;1.677267e+01;7.348789e-02;-5.273290e-01;8.888976e-02;4.757191e-01;2.648066e-01;1.200392e+00;3.493764e+00;4.176557e+01;3.548327e+00;-2.319573e+01;3.724225e+00;2.104400e+01;6.822302e+00;5.027750e+00;5.441330e+00;-1.910783e+00;6.168678e+00;-2.503846e+00;4.809291e+00;-1.731462e+01;7.291067e+00;-8.117499e+00;6.544253e+00;9.026282e-01;6.733937e+00;-2.289765e+00;7.728672e+00;6.947013e+00;5.769273e+00;-1.259344e+01;8.767445e+00;-6.431081e-01;6.591867e+00;9.867467e-01;1.136912e-04;1.884308e-05;4.683329e-08;9.874368e-09;5.006038e-07;5.296787e-09;7.841787e-07;-1.427172e-08;8.162037e-07;-5.467025e-09;5.990114e-06;6.420736e-07;6.663965e-02;-1.048039e-03;4.440711e-02;6.092943e-04;2.004855e-03;-1.117065e-05;1.141272e-03;1.385742e-06;2.740228e-03;-3.445882e-04;2.571397e-03;-1.250936e-04;4.956021e-03;3.501287e-04;8.586994e-03;-2.570443e-03;2.392069e-02;-1.890064e-03;3.801391e-02;-2.472446e-03;5.665311e-02;-2.056224e-03;6.415883e-02;1.105576e-03;6.112479e-02;1.044184e-03;4.534148e-02;-5.162380e-04;3.323283e-02;-2.550620e-04;3.383271e-02;2.256877e-03;5.317357e-02;3.932808e-03;5.373636e-02;4.600554e-03;7.240608e-02;-6.515984e-04;8.737372e-02;2.144590e-03;1.227469e-01;1.491126e-03;9.428908e-02;1.200992e-03;1.885060e-01;9.447776e-04;1.507752e-01;8.345211e-04;9.253641e-02;9.306440e-04;7.287800e-02;2.805569e-03;6.456631e-02;7.722247e-04;5.589854e-02;1.443733e-03;3.689982e-02;7.920950e-04;3.059307e-02;7.299261e-05;1.153885e-01;-6.660605e-03;4.599530e-02;4.497628e-04;7.275759e+00;-2.153320e-01;1.462004e+01;-8.613281e-01;4.072807e+01;-2.670117e+00;5.043544e+01;1.737012e+00;4.011419e-02;-5.622025e-03;1.764108e+01;-4.834524e-01;5.078346e-02;-9.748892e-03;1.804750e+04;3.892101e+02;1.035459e-01;-2.827916e-03;2.213632e+00;-5.826538e-02;1.988026e-02;-5.911069e-05;1.337284e-02;-5.792602e-04;7.872857e-02;-1.116645e-03;8.352536e-01;-5.677644e-02;8.362823e-01;-4.326738e-02;1.102976e+00;2.006697e-02;1.585090e+00;9.914047e-02;1.424068e+00;8.831421e-02;1.914316e+00;4.826235e-02;1.480627e+00;5.389007e-02;2.239764e+00;-1.746997e-02;1.335522e+00;-1.466170e-01;1.872106e+00;-1.626856e-01;1.939483e+00;-4.203128e-02;1.459946e+00;-2.205340e-01;1.464745e+00;3.828976e-02;1.402643e+00;-1.184441e-02
165.000000;2.727935e+01;1.122317e+02;2.040151e-02;7.761106e-01;1.132063e-01;1.016158e-01;1.383070e-01;1.102266e-01;9.280659e-02;1.537867e-01;2.120607e+00;6.326232e+00;1.707168e-01;2.060306e+00;5.126633e-02;9.492690e-01;1.177864e-02;9.737538e-02;4.611961e-03;2.808264e-02;2.039655e-02;1.236262e-01;3.076136e-02;2.654700e-01;3.097936e-02;4.239170e-01;9.223764e-02;5.632054e-01;8.156482e-02;6.217405e-01;1.401566e-01;7.502580e-01;1.890183e-01;8.738371e-01;1.829196e-01;8.836170e-01;1.942251e-01;9.237366e-01;1.563181e-01;1.040497e+00;5.108641e-02;1.053732e+00;1.088166e-01;1.109779e+00;1.477207e-01;1.166492e+00;1.798062e-01;1.254904e+00;1.605005e-01;1.250205e+00;1.763369e-01;1.333145e+00;2.442066e-01;1.383821e+00;3.128664e-01;1.467027e+00;1.021781e-01;1.293235e+00;1.647532e-01;1.297594e+00;1.612449e-01;1.219716e+00;1.389874e-01;1.173597e+00;7.532976e-02;1.025276e+00;8.320035e-02;8.812976e-01;6.363932e-02;7.223537e-01;4.874195e-02;5.789161e-01;3.283090e-01;1.232272e+00;1.136773e-01;4.274520e-01;2.286939e+01;1.922197e+02;4.980665e+01;2.629922e+02;1.054222e+02;4.448760e+02;1.988246e+02;1.185331e+03;2.309324e-01;6.302410e-01;6.168098e+01;4.555828e+02;3.679320e-01;3.654657e+00;5.126788e+04;2.412758e+05;4.312635e-01;2.800287e+00;7.418674e+00;2.009168e+01;1.050327e-01;-4.513816e-01;5.155856e-02;4.289473e-01;2.634891e-01;8.942159e-01;1.595245e+00;4.281551e+01;3.388634e+00;-2.295942e+01;4.116652e+00;1.945568e+01;4.787851e+00;8.943125e+00;5.713510e+00;-5.805958e+00;5.287211e+00;-6.431234e-01;5.905112e+00;-1.546724e+01;6.682421e+00;-1.353410e+01;4.925520e+00;1.549648e+00;9.231729e+00;-6.930723e+00;9.411972e+00;-7.048283e-01;6.113800e+00;-1.611664e+01;6.080232e+00;-4.043948e+00;5.510802e+00;-2.459351e+00;1.423638e-04;5.178676e-06;4.963988e-08;3.380063e-09;8.564084e-07;1.039716e-08;1.036474e-06;1.089134e-08;5.908424e-07;-1.110451e-08;6.539147e-06;2.448018e-07;3.553319e-02;-5.638940e-03;1.641273e-02;7.020478e-04;9.647924e-04;-3.340525e-04;7.696210e-04;4.787092e-06;3.142763e-03;3.040267e-05;3.735776e-03;-4.996329e-04;5.724187e-03;-8.934181e-04;1.591226e-02;-6.199494e-04;1.158507e-02;1.986329e-05;3.643011e-02;1.663595e-03;5.498332e-02;1.384435e-03;4.656368e-02;-2.791306e-03;4.924425e-02;-4.583843e-03;4.860944e-02;7.891487e-04;1.057996e-02;-1.291298e-03;2.619242e-02;4.033290e-04;5.736540e-02;1.110148e-03;5.274279e-02;2.584703e-03;4.280247e-02;1.414733e-03;5.635635e-02;3.725030e-04;7.700676e-02;1.080466e-03;8.415866e-02;6.441056e-03;3.845953e-02;1.345965e-03;3.779900e-02;3.579416e-03;4.795669e-02;2.080368e-03;4.530469e-02;3.704826e-03;2.524856e-02;7.720887e-04;2.940109e-02;-8.261796e-04;2.284481e-02;6.722034e-04;1.938038e-02;3.096253e-04;5.790564e-02;-9.609990e-03;1.918198e-02;-3.096247e-03;2.914408e+00;4.019531e-01;8.534866e+00;-7.177734e-02;2.431608e+01;-2.296875e-01;5.051993e+01;8.182617e-01;2.828026e-02;5.945658e-04;1.327517e+01;2.353855e-01;5.676009e-02;-7.317347e-04;1.471834e+04;5.570928e+02;1.065978e-01;2.316152e-03;2.298639e+00;2.214285e-02;1.053536e-02;3.151926e-03;1.032700e-02;9.744642e-05;2.397466e-02;-5.822335e-03;4.772741e-01;-2.768534e-02;8.617089e-01;8.078731e-03;1.215467e+00;3.103551e-02;1.281480e+00;7.604375e-02;1.303136e+00;-1.125931e-01;1.697221e+00;-5.681916e-02;1.530499e+00;-1.791346e-02;2.030230e+00;-9.084162e-02;1.477548e+00;1.786872e-01;2.154415e+00;9.435002e-02;1.829875e+00;-4.315292e-02;1.731087e+00;-1.399333e-02;1.785588e+00;-2.082213e-01;1.459778e+00;-1.738674e-01
165.500000;2.535899e+01;1.237069e+02;1.408541e-02;7.869263e-01;1.234643e-01;7.357031e-02;1.363803e-01;8.482890e-02;8.791742e-02;1.592774e-01;2.397515e+00;6.000613e+00;1.878392e-01;1.847026e+00;5.048905e-02;9.623095e-01;1.414700e-02;7.781377e-02;4.739339e-03;2.916478e-02;1.779507e-02;1.213575e-01;2.597037e-02;2.534266e-01;5.202302e-02;4.023377e-01;1.050478e-01;5.505887e-01;8.439495e-02;6.327778e-01;1.827021e-01;7.688249e-01;1.993026e-01;8.660666e-01;2.215123e-01;9.401990e-01;2.587034e-01;9.987262e-01;2.064522e-01;1.035591e+00;7.280418e-02;1.017640e+00;1.924331e-01;1.082895e+00;1.487067e-01;1.211413e+00;1.520557e-01;1.275328e+00;1.927568e-01;1.303313e+00;1.609080e-01;1.334029e+00;2.592220e-01;1.367550e+00;3.256750e-01;1.439589e+00;1.527983e-01;1.322022e+00;1.688524e-01;1.350754e+00;1.512589e-01;1.359242e+00;1.173033e-01;1.198125e+00;7.055548e-02;1.029749e+00;8.076388e-02;8.529515e-01;6.352275e-02;7.334071e-01;5.241895e-02;5.721430e-01;3.630838e-01;9.620124e-01;8.708328e-02;2.960523e-01;2.100809e+01;2.049961e+02;5.355648e+01;2.876836e+02;1.586357e+02;5.047383e+02;2.101034e+02;1.280651e+03;1.650278e-01;5.094786e-01;7.259724e+01;4.962702e+02;3.655567e-01;3.827684e+00;7.463093e+04;2.698783e+05;4.516710e-01;2.608839e+00;6.554859e+00;1.861435e+01;1.037180e-01;-2.972666e-01;5.644201e-02;4.617965e-01;1.982554e-01;5.645692e-01;2.179252e+00;4.269547e+01;2.621333e+00;-2.395046e+01;5.262926e+00;1.698385e+01;3.455863e+00;9.427637e+00;5.188271e+00;-8.881905e+00;5.465302e+00;-2.977247e+00;6.700876e+00;-1.037957e+01;6.493228e+00;-1.263927e+01;7.854293e+00;-1.675252e+00;7.691403e+00;-9.057178e+00;7.977614e+00;-3.635707e+00;6.558293e+00;-1.405110e+01;6.078569e+00;-5.571863e+00;7.801691e+00;-9.016952e+00;1.100825e-04;-1.867567e-05;7.883333e-08;1.337561e-09;9.340821e-07;-1.927521e-08;9.470788e-07;-2.161806e-08;5.336741e-07;-2.133600e-08;7.099766e-06;2.463674e-08;3.532170e-02;-6.240060e-03;1.570315e-02;-1.149397e-03;1.409907e-03;-4.663625e-04;9.039243e-04;4.333585e-05;2.340460e-03;1.625932e-04;4.274171e-03;-2.153709e-04;1.034026e-02;-2.771280e-04;1.808633e-02;1.923412e-03;1.417931e-02;1.248898e-03;3.767894e-02;-3.753294e-04;4.549376e-02;-9.942197e-04;6.544240e-02;-3.424595e-03;7.649876e-02;-3.544072e-03;4.596564e-02;-1.332948e-03;1.442394e-02;-1.818652e-03;4.499544e-02;-4.300108e-03;4.835840e-02;-4.123031e-03;4.877162e-02;-3.910515e-03;5.699493e-02;-3.306072e-03;4.996361e-02;-3.529620e-03;7.797736e-02;-1.945805e-03;7.455626e-02;-1.116976e-03;5.188731e-02;1.901628e-03;4.291479e-02;9.049664e-04;4.472423e-02;3.222479e-03;4.129824e-02;-1.502405e-03;1.945879e-02;-7.777925e-04;2.911811e-02;-2.054472e-03;2.059284e-02;-3.342308e-04;1.862544e-02;-3.649381e-04;6.309951e-02;-9.993979e-04;1.587658e-02;-4.129926e-03;3.656420e+00;3.588867e-01;1.073853e+01;3.301758e-01;3.168332e+01;6.890625e-01;5.764657e+01;-2.067188e+00;2.517961e-02;-1.014469e-03;1.531271e+01;-7.537931e-02;5.424265e-02;7.576611e-03;1.871436e+04;-3.504861e+02;1.108145e-01;6.982753e-03;1.807035e+00;7.662295e-02;1.196830e-02;3.150084e-03;1.103089e-02;6.338534e-05;2.196585e-02;-7.681072e-03;5.256194e-01;7.657578e-03;7.350588e-01;5.923756e-02;1.232095e+00;1.442055e-02;1.255317e+00;-1.153697e-01;1.252984e+00;-8.763222e-02;1.491385e+00;-8.460733e-02;1.600174e+00;-1.330451e-02;1.466746e+00;-1.799496e-02;2.004808e+00;-8.043619e-02;2.043466e+00;6.696317e-02;1.994774e+00;1.802192e-02;1.798447e+00;8.749784e-02;2.099503e+00;6.931772e-02;1.718899e+00;-1.091424e-01
166.000000;2.403645e+01;1.248041e+02;2.198245e-02;7.877787e-01;1.353018e-01;7.422203e-02;1.628348e-01;9.332147e-02;9.165264e-02;1.650483e-01;2.465525e+00;6.349692e+00;2.023697e-01;1.689861e+00;8.672319e-02;9.865639e-01;1.289635e-02;6.645203e-02;3.965685e-03;3.139456e-02;3.571904e-02;1.370752e-01;4.429801e-02;2.689492e-01;6.128611e-02;4.106554e-01;1.003347e-01;5.448363e-01;8.747668e-02;6.483150e-01;1.779302e-01;7.487244e-01;2.060588e-01;8.355395e-01;2.106526e-01;9.382392e-01;2.656547e-01;1.033579e+00;2.179950e-01;1.125762e+00;2.258585e-01;1.111749e+00;3.939218e-01;1.244343e+00;1.937271e-01;1.253627e+00;1.418975e-01;1.286265e+00;2.280861e-01;1.342986e+00;1.505441e-01;1.297576e+00;2.523145e-01;1.344126e+00;3.029494e-01;1.366918e+00;3.095147e-01;1.399564e+00;2.476249e-01;1.394486e+00;1.644280e-01;1.410932e+00;1.602963e-01;1.233663e+00;1.102847e-01;1.046306e+00;1.007461e-01;8.818083e-01;7.193997e-02;7.424013e-01;7.896163e-02;6.022352e-01;3.401128e-01;7.290819e-01;1.873073e-01;2.889746e-01;2.988524e+01;2.108818e+02;4.864450e+01;3.049102e+02;2.409894e+02;6.478623e+02;1.896884e+02;1.394921e+03;1.779073e-01;4.559609e-01;6.696604e+01;5.379081e+02;2.490357e-01;3.973130e+00;6.921873e+04;2.928806e+05;5.049950e-01;2.223550e+00;5.344013e+00;1.505141e+01;9.001059e-02;-2.163772e-01;4.915028e-02;4.952671e-01;1.630258e-01;4.485864e-01;2.364398e+00;4.260950e+01;2.241678e+00;-2.329453e+01;6.162295e+00;1.326460e+01;6.449355e+00;1.292056e+01;9.246747e+00;-5.571741e+00;8.348332e+00;-6.961384e+00;6.115512e+00;-9.146396e+00;5.345776e+00;-9.794039e+00;8.728454e+00;-6.356937e+00;6.446923e+00;-5.621793e+00;6.433132e+00;-2.234801e-01;6.775495e+00;-1.028519e+01;5.980663e+00;-3.792315e+00;7.401447e+00;-1.283651e+01;7.951933e-05;-1.039643e-05;1.136513e-07;-7.691450e-09;1.002078e-06;1.062312e-08;1.024956e-06;-7.497180e-10;7.314024e-07;-1.370588e-08;1.329973e-05;2.831592e-07;4.073857e-02;3.755440e-03;1.729135e-02;2.340093e-03;2.354763e-03;3.228860e-04;9.495857e-04;-6.550766e-05;6.130596e-03;5.747032e-04;6.542406e-03;1.538749e-03;1.354865e-02;6.634995e-04;2.121680e-02;1.449216e-03;2.174504e-02;3.129918e-03;4.027381e-02;-1.252622e-04;4.850455e-02;-4.665331e-04;6.014784e-02;2.486193e-03;7.613075e-02;5.665481e-03;5.261591e-02;3.343707e-03;4.133251e-02;5.064699e-03;9.804733e-02;6.209426e-03;3.936700e-02;-2.349391e-03;3.531439e-02;-2.170663e-03;6.154214e-02;2.775035e-03;4.130602e-02;3.983293e-03;7.538833e-02;4.098030e-03;6.196016e-02;4.707631e-03;6.741872e-02;5.969272e-03;5.136774e-02;5.273771e-03;4.446390e-02;3.749108e-03;3.872268e-02;2.763250e-03;3.554319e-02;2.019174e-03;3.383663e-02;4.078235e-04;2.476695e-02;-1.211621e-04;2.550228e-02;2.034466e-04;8.418497e-02;4.173756e-03;4.396997e-02;6.303666e-03;5.420972e+00;-5.742188e-01;1.439975e+01;-5.598633e-01;6.175951e+01;1.894922e+00;5.471481e+01;3.301758e-01;3.384312e-02;2.355957e-03;1.733780e+01;-1.026045e-02;6.101198e-02;-9.451591e-04;1.679434e+04;-4.094997e+01;1.224074e-01;-7.343395e-03;1.565618e+00;-2.394557e-02;1.983425e-02;-2.519733e-03;1.272863e-02;-4.563003e-05;4.289196e-02;6.827031e-03;6.000847e-01;9.101552e-03;5.930794e-01;6.559179e-03;1.401519e+00;-5.593104e-02;1.583833e+00;4.469365e-02;1.373221e+00;2.280446e-01;1.674747e+00;4.593021e-02;1.887964e+00;-4.187129e-02;1.372019e+00;-4.223906e-02;2.576214e+00;-1.185275e-01;1.724930e+00;1.099049e-01;1.925143e+00;1.641055e-03;1.647045e+00;9.617689e-02;1.623637e+00;1.670267e-01;1.678341e+00;9.124891e-02
166.500000;2.503222e+01;1.131389e+02;3.261243e-02;7.643843e-01;1.641142e-01;1.273285e-01;1.948504e-01;1.408443e-01;9.564097e-02;1.597721e-01;2.640649e+00;5.894939e+00;4.151234e-01;1.992682e+00;1.494573e-01;1.074743e+00;2.368766e-02;8.602335e-02;4.399907e-03;3.415344e-02;3.645176e-02;1.463916e-01;4.640343e-02;2.882983e-01;4.942684e-02;4.362364e-01;1.138158e-01;6.157393e-01;1.649859e-01;7.385328e-01;1.301809e-01;7.801985e-01;1.335989e-01;8.740372e-01;1.531275e-01;9.403031e-01;2.058845e-01;1.019176e+00;1.999658e-01;1.110308e+00;2.322121e-01;1.156027e+00;3.460954e-01;1.386326e+00;2.177878e-01;1.305895e+00;2.176342e-01;1.393968e+00;2.273926e-01;1.342950e+00;4.073744e-01;1.493447e+00;4.875031e-01;1.618503e+00;6.416329e-01;1.793540e+00;4.322743e-01;1.655619e+00;5.537805e-01;1.723167e+00;2.537662e-01;1.441301e+00;2.795371e-01;1.315524e+00;1.967210e-01;1.120476e+00;9.944521e-02;8.849768e-01;7.160132e-02;7.394993e-01;7.431279e-02;6.228800e-01;6.203449e-01;1.120724e+00;3.502728e-01;5.711161e-01;3.782087e+01;2.105947e+02;8.051870e+01;3.273047e+02;2.765721e+02;6.906416e+02;1.956306e+02;1.453061e+03;3.762874e-01;7.146470e-01;9.099193e+01;5.611990e+02;2.522611e-01;3.961612e+00;8.725997e+04;3.276167e+05;5.079292e-01;2.087281e+00;4.800422e+00;1.263495e+01;1.848827e-01;-3.692926e-01;6.306547e-02;5.071758e-01;4.735481e-01;8.576685e-01;2.512453e+00;4.230939e+01;3.577610e+00;-2.461015e+01;9.344296e+00;1.851531e+01;7.032188e+00;1.185418e+01;9.122373e+00;-1.100977e+00;8.344707e+00;-5.765896e+00;9.919944e+00;-1.948144e+01;5.707605e+00;-7.243928e+00;9.708944e+00;-1.784960e+00;8.302224e+00;-3.036321e+00;6.674337e+00;-6.540588e-01;8.080306e+00;-4.315655e+00;4.394584e+00;6.321052e-01;6.226877e+00;-9.015109e+00;1.098132e-04;-1.643481e-08;9.421078e-08;-1.126093e-08;1.224590e-06;7.619521e-09;1.329218e-06;7.015121e-09;7.735016e-07;1.133292e-08;1.346653e-05;-3.028077e-07;6.030450e-02;1.175251e-02;3.687675e-02;1.735095e-03;2.312629e-03;7.270330e-04;1.153087e-03;5.316199e-05;6.362149e-03;2.328796e-04;6.954482e-03;4.155970e-04;1.093502e-02;1.076054e-03;2.588893e-02;1.483163e-03;2.694176e-02;1.924745e-03;2.906789e-02;2.332852e-03;3.083019e-02;2.357543e-03;3.571038e-02;1.484509e-03;5.348236e-02;2.645429e-03;5.052935e-02;6.019992e-04;4.567525e-02;2.706438e-03;1.022603e-01;5.299130e-03;5.698866e-02;3.562583e-03;5.830894e-02;2.647713e-03;6.906451e-02;6.148719e-03;9.869010e-02;2.706800e-03;1.193864e-01;7.572235e-04;1.278720e-01;-2.763350e-04;1.053257e-01;3.549031e-03;1.304663e-01;1.519697e-03;6.939311e-02;-1.540815e-03;8.184574e-02;9.971483e-04;6.184893e-02;2.039543e-04;3.233226e-02;3.421990e-04;2.857396e-02;5.691607e-04;2.823944e-02;1.365062e-03;1.040827e-01;1.956378e-02;7.910374e-02;8.392479e-03;1.046276e+01;0;2.663433e+01;7.177734e-01;7.476086e+01;9.187500e-01;5.885973e+01;3.990820e+00;4.278843e-02;5.242863e-03;2.652210e+01;1.051671e+00;6.332241e-02;1.932537e-03;2.157775e+04;1.049282e+03;1.373666e-01;-8.957651e-03;1.591672e+00;-1.119050e-01;2.158284e-02;-5.668475e-03;1.908615e-02;7.635273e-04;7.531534e-02;1.363900e-02;7.669664e-01;1.988232e-02;8.227735e-01;-6.106381e-02;1.516988e+00;1.011811e-01;1.417471e+00;3.785223e-02;1.424624e+00;3.359097e-02;1.640186e+00;1.538123e-02;1.897618e+00;-2.241598e-01;1.229609e+00;1.365171e-01;2.399836e+00;4.995815e-02;1.357609e+00;-2.725374e-02;1.626494e+00;8.193852e-03;1.399515e+00;1.493089e-01;1.277888e+00;6.497966e-02;1.256973e+00;1.952949e-01
167.000000;1.847508e+01;1.025668e+02;1.778493e-02;7.529696e-01;1.372947e-01;1.093033e-01;1.570208e-01;1.050228e-01;8.604676e-02;1.455409e-01;1.410442e+00;4.882012e+00;1.978274e-01;2.356658e+00;1.548278e-01;1.068449e+00;8.129068e-03;1.072985e-01;5.741601e-03;3.380574e-02;2.132832e-02;1.327747e-01;2.566871e-02;2.862787e-01;4.121589e-02;4.337711e-01;1.096866e-01;5.894614e-01;1.467872e-01;7.528154e-01;1.724525e-01;8.440393e-01;1.824388e-01;9.238884e-01;1.347547e-01;9.718016e-01;1.562472e-01;1.043963e+00;1.623725e-01;9.964591e-01;1.575302e-01;1.157423e+00;2.371015e-01;1.204304e+00;2.246115e-01;1.299999e+00;2.346207e-01;1.357166e+00;2.793358e-01;1.407018e+00;4.027465e-01;1.527040e+00;4.966249e-01;1.589054e+00;6.848217e-01;1.703363e+00;5.294691e-01;1.789005e+00;5.385714e-01;1.714951e+00;2.583217e-01;1.376615e+00;3.550097e-01;1.330923e+00;2.502576e-01;1.142122e+00;1.120320e-01;8.788930e-01;7.951766e-02;7.159953e-01;6.808033e-02;6.105596e-01;5.238452e-01;1.721986e+00;2.431399e-01;7.074085e-01;2.764127e+01;2.060010e+02;7.699605e+01;3.380713e+02;2.101893e+02;6.340811e+02;2.675149e+02;1.386308e+03;2.902661e-01;8.536470e-01;9.442767e+01;5.527162e+02;2.432547e-01;3.999744e+00;9.987688e+04;3.249735e+05;5.602603e-01;2.293243e+00;6.356365e+00;1.359455e+01;8.811573e-02;-5.359563e-01;6.406242e-02;5.013973e-01;3.017839e-01;1.288110e+00;2.944226e+00;4.309350e+01;3.134658e+00;-2.619423e+01;4.608834e+00;2.502996e+01;4.883753e+00;4.646019e+00;6.133000e+00;-2.429719e+00;5.174525e+00;-3.035588e+00;5.362103e+00;-2.599977e+01;6.172829e+00;-1.844571e-01;6.275238e+00;1.763605e+00;9.257686e+00;-4.560769e+00;6.859832e+00;-1.123902e+00;4.750088e+00;-2.020598e+00;6.994439e+00;-4.150684e-01;8.425297e+00;-1.033908e+00;8.826163e-05;2.996518e-08;4.566481e-08;7.013737e-09;9.039372e-07;2.098247e-08;1.035377e-06;-9.303454e-09;5.701693e-07;2.492257e-08;6.064097e-06;-1.180520e-08;6.010266e-02;6.651396e-04;3.861934e-02;-2.951171e-03;1.907766e-03;3.045167e-05;1.209283e-03;-1.385771e-06;2.434383e-03;-5.736150e-04;3.763741e-03;-1.063148e-03;6.759478e-03;-4.142208e-04;2.068115e-02;-1.012860e-03;2.085491e-02;-2.380175e-03;3.172985e-02;-1.162219e-03;3.378919e-02;-8.023616e-04;3.880828e-02;4.297759e-04;4.919251e-02;-1.602270e-03;3.784493e-02;-3.740991e-03;2.892157e-02;-3.382008e-03;5.897184e-02;-7.218005e-03;5.683444e-02;2.070670e-03;5.720214e-02;-1.081364e-03;8.011781e-02;-3.962253e-03;1.015630e-01;-5.603241e-03;1.144900e-01;-6.366869e-03;1.240984e-01;-1.024210e-02;1.366209e-01;-8.338211e-03;1.299397e-01;-1.151516e-02;6.706936e-02;-4.887569e-03;9.967376e-02;-4.437776e-03;6.972279e-02;-1.180890e-03;3.461664e-02;2.524711e-03;3.011975e-02;-8.571824e-05;2.352541e-02;-7.025599e-04;1.112740e-01;5.810813e-03;7.462603e-02;-3.733443e-03;9.840304e+00;3.588867e-01;2.484325e+01;7.321289e-01;5.614215e+01;-2.928516e+00;6.337677e+01;-1.191504e+00;3.796411e-02;-3.717341e-03;2.476769e+01;-3.556181e-01;4.540320e-02;3.446717e-04;2.282529e+04;-7.123442e+02;1.244259e-01;5.326631e-03;1.501459e+00;-2.881950e-03;1.901743e-02;-2.993827e-04;1.737611e-02;-1.294707e-04;7.390355e-02;5.835679e-04;8.384004e-01;3.113469e-02;8.714932e-01;-9.979926e-03;1.305878e+00;9.573885e-03;1.033383e+00;-7.567804e-02;1.150105e+00;-1.453714e-01;1.301059e+00;-4.524975e-02;1.497268e+00;4.823022e-02;1.227304e+00;1.070136e-01;1.570925e+00;3.535743e-02;1.441948e+00;-2.811733e-01;1.430643e+00;-9.132944e-03;1.245089e+00;6.196638e-02;1.572019e+00;-2.905140e-02;1.272799e+00;8.850372e-02
167.500000;1.656267e+01;1.044765e+02;1.029491e-02;7.630765e-01;1.158634e-01;9.680898e-02;8.328797e-02;6.749952e-02;7.944902e-02;1.425319e-01;1.128557e+00;4.968544e+00;2.872459e-01;2.157965e+00;1.000080e-01;9.520651e-01;1.119734e-02;1.030774e-01;5.240442e-03;2.870748e-02;9.269734e-03;1.285588e-01;1.900797e-02;2.689831e-01;3.860933e-02;4.075376e-01;6.801976e-02;5.433323e-01;4.676871e-02;6.816734e-01;1.757180e-01;8.339862e-01;2.042970e-01;9.145183e-01;1.889713e-01;9.490886e-01;2.227254e-01;1.016519e+00;1.141292e-01;9.341389e-01;1.368168e-01;1.124402e+00;1.179051e-01;1.066262e+00;2.405175e-01;1.125571e+00;1.672195e-01;1.129893e+00;2.799083e-01;1.333686e+00;1.648342e-01;1.285877e+00;1.946070e-01;1.246837e+00;2.980091e-01;1.252466e+00;5.598876e-01;1.416170e+00;2.610090e-01;1.250078e+00;1.303804e-01;1.283645e+00;2.886741e-01;1.204403e+00;1.940714e-01;1.094883e+00;1.057258e-01;9.450336e-01;8.194581e-02;7.175246e-01;7.802767e-02;5.986249e-01;4.649524e-01;1.767330e+00;2.155852e-01;4.507861e-01;1.995152e+01;1.978184e+02;4.149178e+01;3.274482e+02;1.238120e+02;5.424932e+02;3.098966e+02;1.116999e+03;1.699051e-01;6.862001e-01;7.348285e+01;4.858127e+02;2.359031e-01;3.930767e+00;9.043473e+04;2.257973e+05;6.048824e-01;2.728826e+00;1.615500e+01;2.391087e+01;1.092785e-01;-4.943224e-01;5.204461e-02;4.633839e-01;2.918448e-01;1.165859e+00;2.829421e+00;4.522979e+01;5.508991e+00;-2.143515e+01;7.348179e+00;1.848493e+01;5.582882e+00;4.586207e+00;4.896175e+00;-6.869742e+00;6.175618e+00;-6.604293e+00;9.855532e+00;-1.758995e+01;5.231405e+00;6.892951e-01;7.637031e+00;1.704494e+00;8.840246e+00;-5.618095e+00;4.576989e+00;-4.828076e-01;6.020267e+00;-7.069542e+00;6.869492e+00;-1.879422e+00;6.153795e+00;6.371087e+00;6.526623e-05;-3.814734e-08;4.251893e-08;1.702307e-09;6.225675e-07;9.820972e-09;5.520515e-07;4.909165e-09;5.714614e-07;1.503681e-08;4.544057e-06;-3.366819e-07;3.992775e-02;-7.749784e-03;2.217088e-02;-1.234604e-03;1.532981e-03;-3.933339e-04;7.843567e-04;-9.712773e-05;1.577301e-03;5.875403e-05;3.025995e-03;-3.682044e-04;6.001787e-03;-1.269907e-03;1.244745e-02;-1.824177e-03;1.080269e-02;-1.395855e-03;3.201143e-02;4.696430e-04;3.851430e-02;1.928565e-04;4.670728e-02;-2.754776e-03;5.421793e-02;-4.124766e-03;3.575101e-02;-1.251210e-03;1.943254e-02;-2.323251e-03;3.671741e-02;-3.813356e-03;3.750809e-02;-3.212139e-03;3.473728e-02;-1.059234e-03;6.236073e-02;-5.021950e-03;4.296444e-02;-1.068946e-03;5.665366e-02;1.821968e-04;7.913693e-02;4.919161e-04;1.068198e-01;-5.953722e-03;5.451744e-02;-1.721295e-04;4.179555e-02;-8.762380e-04;6.819697e-02;3.986036e-04;5.169004e-02;1.461502e-03;3.331834e-02;1.281840e-03;3.120055e-02;3.707419e-04;2.275694e-02;-5.178803e-04;8.938216e-02;-1.126207e-02;3.428517e-02;-7.529774e-03;5.071586e+00;-2.440430e-01;9.375462e+00;1.866211e-01;2.911507e+01;2.871094e-01;4.745568e+01;-8.268750e+00;2.576819e-02;-2.496983e-03;1.196604e+01;-1.164417e+00;4.126099e-02;-2.399407e-04;1.341608e+04;-1.707618e+03;1.189340e-01;1.464832e-02;3.893983e+00;3.330713e-01;1.473319e-02;3.718490e-03;8.956522e-03;-6.947388e-04;3.999100e-02;-7.796836e-03;6.585990e-01;6.133431e-03;7.950711e-01;1.352760e-01;1.134806e+00;-1.124910e-01;1.171928e+00;-1.371449e-02;1.071929e+00;-1.241781e-01;1.342576e+00;-1.038895e-01;1.394430e+00;2.205628e-01;1.343277e+00;1.856870e-02;1.269022e+00;2.324728e-01;1.898756e+00;1.378737e-01;1.027106e+00;6.821667e-02;1.495983e+00;-1.175944e-01;1.460451e+00;-9.830172e-02;1.179173e+00;1.892133e-02
168.000000;1.652778e+01;1.045763e+02;2.445665e-02;7.768310e-01;1.140526e-01;7.944557e-02;7.933152e-02;5.480404e-02;7.628778e-02;1.311343e-01;3.270283e+00;6.555387e+00;2.757728e-01;1.757328e+00;7.072755e-02;9.223514e-01;1.176063e-02;9.204122e-02;4.238330e-03;2.286596e-02;1.152961e-02;1.284857e-01;1.760992e-02;2.726800e-01;5.438067e-02;4.299485e-01;8.013958e-02;5.620922e-01;7.235731e-02;6.170314e-01;1.475177e-01;7.682190e-01;1.734303e-01;8.589233e-01;1.788215e-01;8.562840e-01;2.135425e-01;9.091585e-01;1.025965e-01;9.519772e-01;8.218337e-02;1.027804e+00;1.274589e-01;1.100042e+00;1.667308e-01;1.073041e+00;2.412705e-01;1.122276e+00;1.161749e-01;1.195346e+00;1.476962e-01;1.260297e+00;3.059936e-01;1.292495e+00;5.259082e-01;1.381563e+00;2.176047e-01;1.198335e+00;2.364394e-01;1.208205e+00;1.090842e-01;1.298076e+00;1.162137e-01;1.155520e+00;9.329220e-02;1.053758e+00;8.790682e-02;9.400792e-01;8.024084e-02;7.382170e-01;6.927599e-02;5.812804e-01;4.638926e-01;1.457096e+00;1.333355e-01;2.148011e-01;1.843993e+01;1.880566e+02;5.336219e+01;2.968711e+02;9.449465e+01;4.230557e+02;2.518075e+02;7.573945e+02;1.723770e-01;5.384337e-01;6.118442e+01;3.947722e+02;3.336055e-01;3.641562e+00;4.976947e+04;1.416733e+05;1.481360e+00;3.918829e+00;6.730768e+01;6.049017e+01;1.052471e-01;-3.965852e-01;5.364332e-02;3.934167e-01;2.510527e-01;8.254113e-01;1.868085e+00;4.637319e+01;5.450944e+00;-1.500743e+01;5.876662e+00;1.502455e+01;5.626362e+00;9.978105e+00;4.987113e+00;-8.656660e+00;6.296411e+00;-9.085086e+00;7.646737e+00;-1.050349e+01;5.832864e+00;-5.822583e+00;7.161925e+00;6.925490e+00;7.624941e+00;-4.681322e+00;6.614061e+00;-4.023190e+00;1.006676e+01;-1.096991e+01;5.228291e+00;-2.615770e+00;4.347925e+00;4.483750e+00;6.541325e-05;9.357908e-07;7.817238e-08;-3.423188e-09;6.009714e-07;-4.340304e-08;4.935202e-07;-2.741368e-09;5.641715e-07;-1.542754e-08;8.730172e-06;1.004375e-06;3.354021e-02;-8.545283e-03;2.086099e-02;-5.789857e-04;3.116574e-03;3.081458e-04;6.650278e-04;-2.035777e-04;3.623238e-03;4.035508e-04;3.584759e-03;3.203550e-04;6.613975e-03;7.297667e-04;1.485368e-02;5.270153e-04;1.051477e-02;-1.893444e-03;2.829198e-02;-2.800573e-03;3.498182e-02;-2.782057e-03;4.225843e-02;-9.945371e-04;5.172452e-02;-3.832728e-04;3.453464e-02;2.413017e-03;9.860075e-03;-8.082887e-04;3.110785e-02;1.162251e-03;3.760542e-02;-2.791525e-03;5.020194e-02;-1.696242e-03;3.331165e-02;-3.732152e-03;3.425290e-02;-1.703469e-03;6.880567e-02;-2.888299e-04;1.152377e-01;-4.611027e-03;6.143133e-02;7.874185e-04;6.001426e-02;2.333245e-03;3.898356e-02;-9.993629e-04;3.837609e-02;2.673424e-03;3.166746e-02;5.247776e-04;2.463715e-02;-1.636214e-03;3.213022e-02;4.359669e-04;2.486886e-02;-2.434035e-04;6.701780e-02;-5.269638e-03;1.005246e-02;-4.500291e-03;5.609591e+00;-6.890625e-01;1.033573e+01;-1.593457e+00;1.452547e+01;-2.526562e+00;2.839313e+01;-1.016367e+01;7.299168e-02;6.772650e-03;8.273045e+00;-2.839974e+00;4.226018e-02;-1.377561e-02;7.201727e+03;-2.005887e+03;2.535564e-01;7.785681e-02;1.713657e+01;3.899352e+00;4.223696e-02;-4.953874e-03;7.635886e-03;-2.448853e-03;3.404175e-02;-1.721938e-03;5.440782e-01;2.471199e-02;8.002735e-01;2.115924e-01;1.097179e+00;-5.245240e-02;1.244889e+00;1.344076e-01;1.087087e+00;1.681960e-01;1.541862e+00;4.674110e-02;1.588817e+00;1.287199e-01;1.505979e+00;-1.384062e-01;1.323303e+00;-4.172449e-03;1.757530e+00;1.028019e-01;1.088811e+00;-1.136691e-01;1.784735e+00;-1.206943e-01;1.209301e+00;1.755964e-02;8.398276e-01;-3.678945e-02
168.500000;2.555588e+00;9.869731e+01;2.140828e-02;7.959128e-01;2.241288e-02;1.934337e-02;2.021750e-02;1.681821e-02;8.048312e-02;1.229166e-01;3.628391e+00;9.817049e+00;1.588366e-01;1.493923e+00;9.480123e-02;9.627196e-01;4.000046e-02;1.134071e-01;5.285251e-03;1.525195e-02;6.821596e-02;1.585919e-01;4.451242e-02;2.915953e-01;4.869030e-02;4.560117e-01;8.289900e-02;5.669885e-01;7.170273e-02;6.150060e-01;1.718300e-01;7.193845e-01;1.637565e-01;7.936410e-01;1.437219e-01;8.737588e-01;2.060913e-01;9.378942e-01;1.347046e-01;9.804927e-01;6.656536e-02;1.000610e+00;1.573266e-01;1.103193e+00;1.387801e-01;1.131529e+00;2.566385e-01;1.231514e+00;1.423672e-01;1.212455e+00;1.969822e-01;1.335287e+00;4.043255e-01;1.452511e+00;6.777512e-01;1.540274e+00;2.358729e-01;1.385356e+00;2.306404e-01;1.376765e+00;1.414001e-01;1.326409e+00;1.789390e-01;1.239224e+00;1.240144e-01;1.066446e+00;9.751039e-02;8.871297e-01;1.038306e-01;7.606174e-01;8.710872e-02;5.880256e-01;4.530804e-01;1.289188e+00;4.991397e-02;9.596036e-02;4.856712e+01;1.537471e+02;6.967891e+01;2.150449e+02;9.119463e+01;2.925645e+02;1.724055e+02;4.405693e+02;3.657162e-01;6.078955e-01;8.917803e+01;2.761447e+02;4.733142e-01;3.078204e+00;5.680112e+04;8.188485e+04;4.446956e+00;7.725186e+00;4.414697e+02;2.806725e+02;4.715548e-01;-6.688380e-01;8.523931e-02;2.820669e-01;3.784985e-01;7.268129e-01;2.455056e+00;4.652489e+01;7.105384e+00;-8.124343e+00;6.570017e+00;2.063058e+01;5.939231e+00;1.585123e+01;7.212796e+00;-5.144798e+00;9.252937e+00;-3.320257e+00;6.482424e+00;-5.699641e+00;7.335880e+00;-1.118610e+01;6.300447e+00;8.832423e+00;4.144710e+00;-6.543941e+00;4.902075e+00;-9.928838e+00;1.096303e+01;-9.385531e+00;7.339903e+00;-1.147184e-01;3.576052e+00;2.488798e+00;1.503126e-05;1.376278e-07;1.036697e-07;7.842093e-09;1.159357e-07;-1.291031e-08;1.028459e-07;-1.042128e-08;5.052155e-07;-6.954782e-09;1.526484e-05;1.031965e-06;2.929560e-02;-6.022112e-03;2.647139e-02;4.950937e-04;8.024702e-03;2.715037e-04;6.631454e-04;-1.151423e-04;1.555853e-02;1.661158e-04;1.125424e-02;9.333068e-05;9.722415e-03;-2.513036e-05;1.752307e-02;1.987199e-04;1.527404e-02;1.612296e-04;3.218522e-02;-1.603609e-03;3.376089e-02;-1.699145e-03;3.816258e-02;2.529775e-03;5.749639e-02;4.021489e-03;4.840584e-02;3.322421e-03;1.006324e-02;9.123359e-05;3.999804e-02;-1.241005e-03;3.863210e-02;4.334403e-05;6.085907e-02;-1.793262e-03;4.515292e-02;2.217210e-04;5.103606e-02;-1.795354e-03;9.132173e-02;-4.654073e-03;1.523981e-01;-6.358060e-03;7.492650e-02;3.325486e-03;6.428020e-02;2.165432e-03;4.512157e-02;2.948267e-03;4.798517e-02;4.482253e-03;3.007143e-02;2.023178e-03;2.418895e-02;8.383669e-04;3.010691e-02;2.670749e-03;2.652233e-02;2.738962e-03;9.254184e-02;-3.617399e-03;6.461164e-03;-1.685294e-03;9.259566e+00;-6.172851e-01;1.224732e+01;-1.851856e+00;1.349178e+01;-2.914160e+00;2.270930e+01;-4.349707e+00;1.294638e-01;4.107656e-03;1.098172e+01;-2.460331e+00;5.655421e-02;-1.120545e-02;5.474681e+03;-1.604085e+03;7.917506e-01;1.711006e-01;9.687811e+01;1.491522e+01;1.118947e-01;-3.502631e-03;1.152112e-02;-2.249710e-03;1.050266e-01;-5.341833e-03;6.290131e-01;6.822120e-03;8.137606e-01;1.987218e-01;1.580162e+00;-1.562544e-02;1.394371e+00;8.936018e-02;1.094626e+00;2.077739e-01;1.814609e+00;1.096244e-01;1.535824e+00;1.298437e-01;1.633581e+00;-5.975853e-02;1.973247e+00;-2.448336e-01;1.093832e+00;-3.821411e-02;1.176401e+00;-3.600822e-02;2.103087e+00;1.011360e-02;1.728007e+00;7.219652e-02;9.914522e-01;5.815209e-02
169.000000;3.247933e+00;9.779806e+01;1.931116e-02;7.995211e-01;2.196450e-02;1.843205e-02;1.861845e-02;1.445936e-02;8.349410e-02;1.367397e-01;3.400688e+00;1.096938e+01;1.343254e-01;1.363851e+00;1.099201e-01;9.945627e-01;4.233177e-02;1.270806e-01;3.299011e-03;1.156715e-02;7.122207e-02;1.670805e-01;5.980947e-02;2.853324e-01;6.321642e-02;4.138981e-01;8.418712e-02;5.477889e-01;6.003993e-02;6.644479e-01;1.661620e-01;7.339880e-01;1.459535e-01;8.069033e-01;1.638424e-01;9.030067e-01;2.348967e-01;9.788722e-01;1.494309e-01;1.032333e+00;1.484116e-01;9.851696e-01;2.600957e-01;1.144504e+00;2.473727e-01;1.194514e+00;2.846802e-01;1.299967e+00;2.433708e-01;1.345200e+00;2.090969e-01;1.387646e+00;3.844466e-01;1.509506e+00;6.118046e-01;1.564413e+00;3.538398e-01;1.532034e+00;3.029555e-01;1.458263e+00;1.715171e-01;1.347087e+00;1.990587e-01;1.256705e+00;1.296260e-01;1.064665e+00;9.717605e-02;8.743328e-01;1.145702e-01;7.564316e-01;1.005998e-01;6.045390e-01;5.099068e-01;1.118842e+00;2.932154e-02;5.757486e-02;3.957634e+01;1.168535e+02;6.009629e+01;1.640830e+02;6.083739e+01;2.239453e+02;7.228887e+01;3.112266e+02;4.021514e-01;7.272569e-01;5.548759e+01;2.036276e+02;3.720620e-01;2.762147e+00;3.051455e+04;4.849855e+04;4.284504e+00;1.053948e+01;4.607466e+02;4.514570e+02;5.014378e-01;-8.413743e-01;5.760435e-02;2.115846e-01;4.514079e-01;5.988645e-01;2.593191e+00;4.589494e+01;5.051559e+00;-4.010064e+00;5.960767e+00;2.647055e+01;7.122001e+00;1.840231e+01;5.815557e+00;-3.204516e+00;5.703788e+00;1.082087e+00;5.145038e+00;-1.659379e+00;9.545244e+00;-7.158239e+00;8.936003e+00;8.319616e+00;8.665074e+00;-7.734267e+00;4.775267e+00;-7.690856e+00;7.858348e+00;-3.315107e+00;5.912539e+00;4.030961e+00;4.903246e+00;3.936726e+00;1.544661e-05;-8.614732e-07;1.050393e-07;4.816015e-09;1.070342e-07;8.564363e-09;1.109483e-07;7.318870e-09;6.129829e-07;5.783511e-08;1.915636e-05;-2.665952e-07;3.637595e-02;-1.207825e-03;3.193341e-02;1.011765e-03;1.069428e-02;-3.322632e-04;8.417739e-04;8.982113e-05;1.722537e-02;-3.348652e-04;1.443836e-02;-6.419120e-04;1.103634e-02;-1.573663e-03;1.752341e-02;-1.481375e-03;1.795347e-02;4.985742e-04;3.150729e-02;3.009517e-03;2.837925e-02;2.810131e-03;4.950671e-02;2.313249e-03;6.794744e-02;3.340227e-03;4.926235e-02;6.268986e-04;2.905189e-02;1.662599e-03;6.728800e-02;1.726128e-04;6.403099e-02;1.508927e-03;7.517970e-02;8.748937e-04;6.972561e-02;2.397317e-03;6.176475e-02;1.300136e-03;9.991419e-02;-5.236379e-04;1.455953e-01;2.213698e-03;9.285178e-02;2.697506e-03;7.474064e-02;4.143903e-03;5.297975e-02;1.221747e-03;5.250706e-02;-8.640062e-04;3.577663e-02;3.278178e-04;2.865944e-02;7.331716e-06;2.866996e-02;6.477165e-06;2.598354e-02;5.917526e-04;1.093230e-01;-7.977719e-03;1.159922e-02;5.532557e-04;1.000026e+01;-3.588867e-01;1.486757e+01;-5.885742e-01;1.373310e+01;-3.875977e-01;2.985558e+01;2.167676e+00;1.428997e-01;-3.842612e-03;1.379727e+01;-1.364239e-01;8.793396e-02;5.282491e-04;7.690862e+03;3.885663e+02;1.186677e+00;1.034966e-02;1.305226e+02;2.003968e+00;1.413404e-01;4.389440e-03;1.422323e-02;-2.789886e-04;1.102711e-01;-7.899435e-03;6.055602e-01;-3.123596e-02;1.142956e+00;-3.972687e-02;1.750963e+00;5.054627e-02;1.595924e+00;-3.928361e-02;1.146466e+00;-5.925866e-02;1.633305e+00;6.936487e-02;1.706306e+00;4.768497e-02;1.635069e+00;1.580468e-01;2.563901e+00;2.611212e-02;1.805280e+00;1.098890e-02;1.110132e+00;1.379810e-01;2.082291e+00;6.635769e-02;1.744626e+00;3.780456e-02;1.313341e+00;4.407539e-02
169.500000;8.854203e+00;9.258810e+01;2.513980e-02;7.891974e-01;4.362093e-02;2.570402e-02;3.097076e-02;2.015141e-02;1.709142e-01;1.950444e-01;2.988216e+00;9.711359e+00;4.021088e-01;1.651376e+00;1.944550e-01;1.115412e+00;4.226419e-02;1.162297e-01;9.047554e-03;1.985513e-02;4.551825e-02;1.374727e-01;5.342304e-02;2.641789e-01;5.527427e-02;3.896640e-01;7.397587e-02;5.531846e-01;8.383891e-02;7.049002e-01;1.225049e-01;7.604238e-01;1.287513e-01;8.607748e-01;1.706982e-01;9.455072e-01;2.338928e-01;1.024189e+00;2.881648e-01;1.187907e+00;5.501111e-01;1.246972e+00;3.677043e-01;1.382276e+00;3.824868e-01;1.458425e+00;4.511311e-01;1.536009e+00;3.156569e-01;1.472309e+00;3.251236e-01;1.588130e+00;4.561323e-01;1.730430e+00;6.215872e-01;1.836042e+00;4.696436e-01;1.793042e+00;7.443197e-01;1.912580e+00;2.797139e-01;1.486466e+00;1.725831e-01;1.299405e+00;1.625820e-01;1.110174e+00;1.056348e-01;9.258280e-01;9.390970e-02;7.676980e-01;9.456585e-02;6.267138e-01;3.509183e-01;8.536656e-01;2.780290e-01;2.792432e-01;3.107685e+01;1.068047e+02;6.135750e+01;1.645137e+02;1.394642e+02;2.761992e+02;4.623235e+02;6.538916e+02;4.124158e-01;8.162820e-01;1.163700e+02;2.840182e+02;6.184169e-01;3.111899e+00;1.264980e+05;1.666383e+05;4.642340e+00;6.962656e+00;3.131575e+02;2.334649e+02;5.365112e-01;-7.359459e-01;9.639706e-02;2.681768e-01;3.331617e-01;4.786084e-01;3.185445e+00;4.234084e+01;9.251116e+00;-1.281572e+01;6.537933e+00;3.027001e+01;6.414328e+00;1.674083e+01;5.807559e+00;-1.272151e+00;3.999660e+00;1.989931e+00;1.011752e+01;-1.053800e+01;8.161961e+00;-7.661553e-01;9.609666e+00;1.127108e+01;9.217074e+00;-6.018965e+00;5.444624e+00;-5.688272e-01;5.598752e+00;-1.715562e+00;8.028196e+00;6.298248e+00;5.148201e+00;3.245541e+00;3.172397e-05;-2.176801e-08;1.355317e-07;-1.401922e-08;1.775347e-07;5.510720e-09;2.342336e-07;8.467981e-09;1.141746e-06;3.491440e-08;1.781998e-05;-6.671945e-07;6.394638e-02;7.042044e-03;4.747250e-02;-5.191122e-04;1.040950e-02;-3.303503e-04;1.346424e-03;2.425044e-04;1.123177e-02;-6.707419e-04;1.463201e-02;-6.873879e-04;1.643809e-02;2.779198e-04;1.750646e-02;5.146773e-04;1.929533e-02;-7.191696e-05;2.716703e-02;1.577704e-03;2.784019e-02;2.809846e-03;4.816695e-02;2.658485e-04;5.713459e-02;-1.064470e-03;5.979620e-02;-7.225368e-04;1.099130e-01;-7.740049e-05;1.038895e-01;8.011785e-04;1.037306e-01;1.408074e-03;1.166517e-01;1.590780e-03;8.292279e-02;-3.735202e-04;8.013629e-02;4.793906e-04;1.172073e-01;3.212305e-03;1.458159e-01;4.573784e-03;1.224716e-01;-2.832195e-03;1.796636e-01;-2.920358e-03;8.643152e-02;-2.895965e-03;5.212220e-02;-6.077463e-03;4.639471e-02;-3.419002e-03;3.237021e-02;-2.075242e-03;2.728102e-02;-4.049027e-03;2.384569e-02;-3.071186e-03;9.698093e-02;-7.509904e-04;5.298904e-02;3.571545e-03;9.413904e+00;6.029297e-01;1.601686e+01;1.737012e+00;4.542383e+01;5.957520e+00;9.195100e+01;1.205859e+01;1.224231e-01;-6.077191e-04;2.469598e+01;3.924084e+00;1.285261e-01;1.295281e-02;2.010088e+04;3.929031e+03;1.063051e+00;-1.864457e-01;9.469733e+01;-1.525065e+01;1.357949e-01;4.089674e-03;2.140823e-02;3.067211e-03;1.012658e-01;2.484257e-03;5.095669e-01;-5.261375e-02;1.405410e+00;-2.957705e-01;1.450652e+00;1.229588e-01;1.328286e+00;-8.151529e-02;1.466510e+00;-8.348683e-02;1.198186e+00;-1.370329e-02;2.131534e+00;-2.657706e-01;1.972970e+00;8.414102e-02;2.355126e+00;1.933285e-01;1.953869e+00;-3.015839e-02;1.313007e+00;5.796698e-02;1.553021e+00;8.957379e-02;1.667490e+00;9.759574e-02;1.458807e+00;-9.571958e-02
170.000000;1.491678e+01;8.530381e+01;2.473630e-02;7.734424e-01;5.234376e-02;3.485274e-02;4.614206e-02;3.400363e-02;1.755543e-01;2.197030e-01;2.325603e+00;7.823639e+00;2.377861e-01;2.104977e+00;1.805853e-01;1.128094e+00;4.345927e-02;1.298423e-01;7.051060e-03;2.563114e-02;4.543867e-02;1.368733e-01;4.994161e-02;2.750552e-01;6.337003e-02;4.195025e-01;6.097539e-02;5.756947e-01;6.715023e-02;7.526182e-01;1.176566e-01;8.177148e-01;1.494329e-01;8.721003e-01;1.460022e-01;1.011777e+00;1.965501e-01;1.111560e+00;2.946734e-01;1.212707e+00;4.868279e-01;1.363728e+00;3.702342e-01;1.309287e+00;3.256606e-01;1.476841e+00;4.074980e-01;1.495499e+00;2.890646e-01;1.516772e+00;3.092970e-01;1.587077e+00;4.368747e-01;1.676694e+00;6.178375e-01;1.684726e+00;5.777382e-01;1.837982e+00;7.730035e-01;1.852679e+00;2.794123e-01;1.517866e+00;2.427879e-01;1.358568e+00;1.869162e-01;1.133930e+00;1.040717e-01;9.379033e-01;9.064555e-02;7.678410e-01;8.904155e-02;6.274431e-01;5.529858e-01;1.235127e+00;1.709674e-01;5.105138e-01;4.812316e+01;1.102500e+02;7.833615e+01;1.820273e+02;1.818164e+02;3.316113e+02;4.342623e+02;9.272197e+02;4.014003e-01;1.051742e+00;1.190027e+02;3.587479e+02;5.708877e-01;3.425193e+00;8.676054e+04;2.544304e+05;1.335306e+00;3.512016e+00;4.638707e+01;3.316549e+01;5.876997e-01;-8.913037e-01;1.045240e-01;3.257162e-01;5.322877e-01;7.991296e-01;2.711755e+00;4.102885e+01;3.120273e+00;-2.106836e+01;5.694158e+00;3.114447e+01;3.615149e+00;1.553843e+01;5.616851e+00;1.434373e-01;5.154739e+00;1.172748e+00;5.489124e+00;-1.813093e+01;8.967138e+00;-1.207219e+00;7.899050e+00;1.074552e+01;5.093134e+00;-1.362323e+00;8.325231e+00;5.017414e+00;5.901703e+00;-9.084551e-01;7.764893e+00;9.378523e+00;6.133456e+00;3.759473e+00;4.305125e-05;-7.057856e-06;1.286572e-07;5.815379e-09;2.699920e-07;-1.941613e-08;3.048792e-07;3.524202e-09;1.213738e-06;-2.372501e-08;1.226088e-05;6.700541e-07;6.241142e-02;6.342493e-03;4.325976e-02;-6.636258e-04;8.677587e-03;6.723804e-04;1.415804e-03;-2.116403e-05;1.013672e-02;1.933193e-04;1.465932e-02;-1.768669e-04;1.789093e-02;-6.092330e-05;1.529278e-02;7.704377e-06;2.002101e-02;1.489015e-03;2.971910e-02;-5.349214e-04;3.263118e-02;-2.411878e-03;4.471146e-02;-2.287900e-03;5.562409e-02;-3.335959e-03;6.167616e-02;-4.432791e-03;1.078914e-01;-2.512042e-04;9.424596e-02;-1.056681e-03;8.946038e-02;1.764823e-03;1.014315e-01;7.303246e-04;7.503552e-02;9.609486e-04;7.685393e-02;-1.208945e-03;1.055856e-01;-2.194203e-03;1.229909e-01;-2.633375e-03;1.453910e-01;4.600267e-04;1.768455e-01;-3.071271e-03;9.508948e-02;-7.776920e-04;6.446312e-02;-2.714663e-04;4.671532e-02;-4.455148e-04;2.761522e-02;7.516348e-04;2.663637e-02;8.235376e-04;2.391248e-02;7.159873e-04;1.046171e-01;6.493961e-03;5.630664e-02;2.484244e-03;1.055176e+01;-6.459961e-01;1.571763e+01;-5.598633e-01;5.433820e+01;-7.895508e-01;1.063237e+02;-1.406836e+00;1.113053e-01;1.738364e-03;2.817804e+01;-3.298315e-01;1.235471e-01;-2.244932e-03;2.348937e+04;2.571967e+02;6.096363e-01;-5.438603e-02;3.821650e+01;-5.026364e+00;1.262398e-01;-8.598447e-03;2.369388e-02;-3.869448e-04;1.784870e-01;4.491359e-03;5.824913e-01;-4.978962e-02;1.202642e+00;-6.366403e-02;1.502270e+00;5.348407e-02;1.285539e+00;6.698637e-02;1.545102e+00;9.517482e-03;1.532230e+00;-1.429510e-01;2.012588e+00;-1.772535e-01;2.010832e+00;1.268093e-01;2.006152e+00;7.014105e-02;1.686138e+00;1.346533e-01;1.804193e+00;2.342287e-01;1.343060e+00;1.171876e-01;1.716089e+00;8.466619e-02;1.620322e+00;9.460726e-02
170.500000;1.540572e+01;7.190869e+01;2.286513e-02;7.867863e-01;3.540412e-02;1.442360e-02;4.031618e-02;1.892904e-02;1.020163e-01;1.197437e-01;2.885628e+00;9.618134e+00;1.567828e-01;2.153271e+00;8.348338e-02;9.954387e-01;3.502926e-02;1.600309e-01;8.019815e-03;1.831696e-02;3.230583e-02;1.386374e-01;3.936046e-02;2.682908e-01;6.681392e-02;4.107764e-01;5.766907e-02;5.554134e-01;6.257184e-02;7.214567e-01;1.142941e-01;8.237260e-01;1.679276e-01;8.540893e-01;1.498718e-01;1.016048e+00;1.813342e-01;1.109613e+00;1.676426e-01;1.120091e+00;1.015369e-01;1.152614e+00;1.810101e-01;1.107480e+00;1.536565e-01;1.265015e+00;1.041520e-01;1.258258e+00;2.176770e-01;1.420190e+00;1.800495e-01;1.341854e+00;2.138173e-01;1.337286e+00;2.273481e-01;1.266126e+00;5.306215e-01;1.472887e+00;2.720405e-01;1.302301e+00;1.943032e-01;1.344740e+00;2.429519e-01;1.269164e+00;1.467195e-01;1.071307e+00;9.306349e-02;8.912590e-01;9.443555e-02;7.506447e-01;7.748776e-02;6.121376e-01;3.733285e-01;1.499770e+00;1.091097e-01;4.543831e-01;5.601283e+01;8.125195e+01;8.595030e+01;1.409707e+02;1.697492e+02;2.380137e+02;3.703716e+02;6.419766e+02;3.280113e-01;1.101156e+00;1.253875e+02;2.701453e+02;5.985699e-01;2.987640e+00;8.761443e+04;1.720702e+05;1.256132e+00;4.423607e+00;3.532732e+01;5.559985e+01;4.799111e-01;-1.254808e+00;1.109042e-01;2.515079e-01;4.403573e-01;8.907481e-01;2.251653e+00;4.285809e+01;3.320052e+00;-1.907735e+01;6.907829e+00;2.444605e+01;4.435289e+00;1.689492e+01;4.917897e+00;-1.247892e+00;5.241224e+00;-1.397467e-01;8.766597e+00;-1.137212e+01;8.385819e+00;2.261146e+00;6.789264e+00;7.890651e+00;6.270627e+00;3.226318e+00;9.872023e+00;1.272230e+01;8.937057e+00;7.343780e+00;5.662849e+00;1.229011e+01;6.371624e+00;7.355043e+00;2.962920e-05;-7.301389e-06;6.008916e-08;1.565931e-08;2.101693e-07;-1.966803e-08;2.036121e-07;7.447823e-10;6.723035e-07;-5.094029e-08;6.196391e-06;1.191771e-06;3.761911e-02;-1.110679e-04;1.925866e-02;-1.995257e-04;5.144066e-03;9.888544e-04;8.907092e-04;-2.951625e-04;6.616695e-03;5.671476e-04;1.197088e-02;7.705430e-04;1.823753e-02;4.646536e-04;1.001300e-02;-2.729597e-04;1.450044e-02;-2.477249e-04;2.887971e-02;-1.538060e-03;3.798700e-02;-4.298865e-03;5.346546e-02;-1.101496e-04;6.728429e-02;5.374404e-04;3.892678e-02;-1.019523e-03;2.087543e-02;4.414991e-04;4.614762e-02;2.071720e-03;5.606556e-02;-7.885091e-04;4.384970e-02;-1.561144e-04;5.580811e-02;2.280614e-03;5.324886e-02;-2.077440e-03;7.095386e-02;-2.512937e-03;6.358092e-02;-1.491324e-03;1.137088e-01;1.086235e-03;6.081477e-02;3.636708e-04;6.122795e-02;2.445563e-03;5.639632e-02;-3.467495e-04;3.514600e-02;-7.799173e-04;2.314286e-02;-3.842873e-04;2.582974e-02;1.880857e-04;2.213410e-02;-3.802850e-04;8.959613e-02;1.856847e-03;3.191244e-02;-5.122902e-04;7.233376e+00;-1.392480e+00;9.671581e+00;-2.440430e+00;3.111198e+01;-7.177734e+00;5.812884e+01;-1.148438e+01;9.003812e-02;-3.713463e-04;1.623737e+01;-4.278726e+00;6.875689e-02;-1.807915e-02;1.402288e+04;-3.335167e+03;2.469111e-01;3.209728e-02;8.623731e+00;5.232600e-01;8.319654e-02;-1.256971e-02;1.371549e-02;-3.621590e-03;1.553721e-01;1.755481e-04;5.677900e-01;5.439858e-02;8.054443e-01;6.604050e-02;1.437290e+00;-5.792390e-02;1.497666e+00;1.581440e-01;1.252372e+00;1.324269e-01;1.768133e+00;-6.585259e-03;1.756607e+00;1.097224e-01;1.862346e+00;9.429596e-02;1.764862e+00;-1.500249e-01;2.106321e+00;8.311515e-02;1.790874e+00;2.332151e-01;1.749228e+00;1.518454e-01;1.469194e+00;7.024880e-02;1.666000e+00;9.885421e-02
171.000000;6.411443e-01;6.171013e+01;3.290189e-03;8.012564e-01;6.273689e-03;2.977473e-03;1.016471e-02;7.571938e-03;3.976682e-02;6.534334e-02;8.584194e-01;1.148954e+01;2.093825e-01;1.940121e+00;5.661023e-02;9.568201e-01;7.125367e-03;1.758757e-01;2.896743e-03;1.101033e-02;7.924480e-03;1.330704e-01;2.513032e-02;2.670484e-01;5.858134e-02;4.122740e-01;4.836646e-02;5.454005e-01;6.602288e-02;6.412872e-01;1.574675e-01;7.798670e-01;2.216471e-01;8.992357e-01;1.864307e-01;9.161179e-01;2.163281e-01;9.783395e-01;2.077465e-01;1.059300e+00;1.093961e-01;1.038455e+00;2.201885e-01;1.123686e+00;1.462308e-01;1.149514e+00;1.489468e-01;1.222666e+00;1.699879e-01;1.271019e+00;2.335130e-01;1.316530e+00;2.585895e-01;1.323112e+00;4.362348e-01;1.447908e+00;2.204204e-01;1.307786e+00;1.785222e-01;1.284898e+00;1.546363e-01;1.320157e+00;1.052044e-01;1.186426e+00;9.172663e-02;1.044221e+00;7.278637e-02;8.755668e-01;7.352491e-02;7.371488e-01;6.048308e-02;5.962862e-01;2.899164e-01;1.136863e+00;1.270919e-01;3.060778e-01;0;4.306641e+01;5.742188e+00;8.326172e+01;3.412256e+01;1.248926e+02;7.850539e+01;3.508477e+02;2.628141e-01;1.032076e+00;2.558386e+01;1.655701e+02;1.837464e-01;2.423918e+00;2.838841e+04;9.545534e+04;1.498517e+00;6.220012e+00;6.910229e+01;1.155942e+02;1.114527e-01;-1.445499e+00;2.289518e-02;1.576074e-01;2.084167e-01;6.031789e-01;2.076518e+00;4.383347e+01;3.438351e+00;-1.580502e+01;6.057560e+00;2.175432e+01;4.362453e+00;1.963892e+01;5.204943e+00;-1.365869e+00;4.965446e+00;1.954277e+00;7.403766e+00;-3.240276e+00;6.095826e+00;6.030734e+00;7.882587e+00;7.176048e+00;6.062454e+00;5.548165e+00;7.501222e+00;1.431499e+01;5.589036e+00;1.259582e+01;6.013259e+00;1.200629e+01;4.207090e+00;7.850873e+00;1.478149e-06;-2.079973e-07;1.664779e-08;-2.495777e-10;1.960620e-08;4.694772e-10;3.933757e-08;4.042280e-09;3.228793e-07;-3.436873e-08;5.316343e-06;8.468466e-08;3.559669e-02;-4.435305e-03;1.687007e-02;3.395752e-04;1.909700e-03;-1.011484e-04;5.187101e-04;-6.437390e-05;7.955054e-04;-3.430561e-04;8.408383e-03;5.679025e-04;1.730406e-02;7.685570e-04;1.004592e-02;-1.894820e-05;7.314384e-03;-3.978456e-04;3.892293e-02;-2.183040e-03;5.289269e-02;-1.287253e-03;5.486869e-02;-2.607553e-03;6.709450e-02;-3.487372e-03;4.539933e-02;2.767977e-03;1.953646e-02;-1.234320e-03;6.020720e-02;-2.083622e-04;5.804305e-02;-1.540271e-03;4.613612e-02;-9.524518e-04;3.410995e-02;-1.365988e-03;5.879124e-02;5.060496e-03;7.124127e-02;7.133694e-03;1.012927e-01;3.847747e-03;6.797458e-02;2.516793e-03;4.830193e-02;3.950140e-03;4.456969e-02;1.238795e-03;3.723133e-02;-1.806081e-04;3.129774e-02;4.991612e-05;2.241280e-02;-8.252222e-04;2.156441e-02;-1.316181e-03;1.770819e-02;-1.124592e-03;5.164869e-02;-6.596528e-03;2.647247e-02;-2.814798e-03;0;0;2.283377e+00;-1.435547e-01;8.422379e+00;-1.291992e-01;1.417003e+01;-1.248926e+00;5.773204e-02;-6.859892e-04;4.734944e+00;-5.931228e-01;3.781137e-02;-3.107479e-03;6.224716e+03;-5.761121e+02;2.890126e-01;3.388382e-02;1.467710e+01;1.171240e+00;2.817638e-02;2.268372e-03;3.952943e-03;-5.381519e-04;3.108683e-02;-5.407416e-03;5.786657e-01;1.879754e-02;7.640689e-01;2.772694e-02;1.445693e+00;7.824972e-02;1.443264e+00;7.151092e-03;1.254940e+00;-2.876499e-02;1.599404e+00;1.050925e-01;2.067735e+00;8.824352e-02;1.941492e+00;-1.594903e-01;1.920052e+00;-2.516472e-02;2.175520e+00;8.484568e-02;1.702368e+00;-1.054087e-01;1.850035e+00;-2.603219e-02;1.478726e+00;-4.863999e-02;1.383918e+00;-1.571191e-01
171.500000;4.259263e-01;6.141449e+01;4.604968e-03;8.035776e-01;1.268687e-02;7.850025e-03;1.506967e-02;1.615349e-02;8.186228e-02;1.038450e-01;1.031687e+00;1.158129e+01;1.487745e-01;1.707562e+00;4.952705e-02;9.655901e-01;9.961951e-03;1.641007e-01;2.517055e-03;1.066012e-02;3.176021e-03;1.275502e-01;1.265229e-02;2.817870e-01;5.146670e-02;4.218560e-01;4.859824e-02;5.414687e-01;5.959249e-02;6.294154e-01;1.708892e-01;7.719923e-01;2.282665e-01;8.987923e-01;1.594768e-01;8.266261e-01;2.084561e-01;8.966348e-01;2.566416e-01;1.014778e+00;1.378222e-01;1.015200e+00;2.315051e-01;1.085425e+00;1.758549e-01;1.189047e+00;1.809195e-01;1.261368e+00;2.351220e-01;1.327026e+00;2.365154e-01;1.365088e+00;2.374285e-01;1.428957e+00;3.993645e-01;1.512568e+00;2.134978e-01;1.399538e+00;1.785505e-01;1.358711e+00;1.442538e-01;1.331981e+00;1.068953e-01;1.204463e+00;7.632808e-02;1.046346e+00;5.343886e-02;8.713875e-01;4.611479e-02;7.170258e-01;3.581415e-02;5.803124e-01;2.290174e-01;7.895072e-01;7.880140e-02;1.919612e-01;0;4.306641e+01;5.847101e+00;8.311816e+01;1.340220e+01;1.116855e+02;4.732952e+01;2.655762e+02;2.686109e-01;1.004144e+00;1.238658e+01;1.444878e+02;1.161330e-01;2.312024e+00;2.080251e+04;7.839535e+04;1.448603e+00;7.330790e+00;7.716642e+01;1.464529e+02;1.532191e-01;-1.267099e+00;1.024804e-02;1.379211e-01;1.114802e-01;3.718811e-01;2.136169e+00;4.355924e+01;3.215770e+00;-1.397892e+01;5.802826e+00;2.710345e+01;4.685620e+00;2.249808e+01;6.381691e+00;-5.620095e+00;4.604578e+00;3.892511e-01;6.342146e+00;1.138624e+00;6.497289e+00;5.940938e+00;7.435075e+00;8.308220e+00;6.177814e+00;7.522620e+00;6.639199e+00;1.177913e+01;5.001161e+00;1.186029e+01;6.767091e+00;6.000162e+00;5.849658e+00;1.949894e+00;1.506693e-06;-1.267272e-08;1.521490e-08;8.716733e-10;3.422405e-08;2.919408e-09;6.058196e-08;3.336881e-09;5.705448e-07;-8.320121e-09;5.608412e-06;2.679677e-07;3.088700e-02;-4.169737e-03;1.404270e-02;3.135550e-04;1.914500e-03;-2.737296e-04;6.640619e-04;7.986899e-05;6.820089e-04;-6.799026e-05;4.987352e-03;9.596984e-06;1.279314e-02;9.701621e-05;9.068908e-03;4.949594e-05;7.324553e-03;-3.621762e-04;4.419120e-02;1.984200e-03;5.480580e-02;3.630018e-03;5.065086e-02;-2.851974e-03;6.432487e-02;-3.006297e-03;5.268859e-02;3.043429e-03;2.657142e-02;2.266085e-03;6.463811e-02;-1.049354e-03;4.847231e-02;2.545228e-03;4.157546e-02;6.917384e-04;4.513757e-02;-2.370046e-03;5.313309e-02;9.574369e-04;5.486085e-02;1.696419e-03;9.049566e-02;-3.397039e-03;6.526472e-02;-1.080857e-03;5.232872e-02;-1.288658e-03;4.626087e-02;-2.479472e-03;3.785234e-02;2.317143e-03;2.879479e-02;2.691619e-03;2.108089e-02;1.826944e-03;1.917700e-02;1.365997e-03;1.526398e-02;9.339098e-04;4.462410e-02;-5.164295e-03;1.592870e-02;-1.923922e-03;0;0;2.349916e+00;2.871094e-02;4.301350e+00;1.579102e-01;1.445472e+01;-1.650879e+00;6.028065e-02;6.378163e-05;3.601990e+00;-2.138855e-01;3.465996e-02;2.331190e-05;4.817423e+03;-2.900931e+02;3.878631e-01;3.448582e-02;2.130939e+01;1.661911e+00;2.612849e-02;4.919545e-03;3.079020e-03;-1.689731e-04;2.182438e-02;-2.849595e-03;6.359397e-01;-1.938151e-02;7.924036e-01;8.882066e-02;1.385903e+00;2.477889e-02;1.243582e+00;7.762064e-02;1.318417e+00;-9.655739e-02;1.292858e+00;-9.022880e-02;1.925604e+00;1.031220e-01;1.763219e+00;-2.746849e-02;1.905113e+00;1.648137e-01;1.727425e+00;1.166216e-01;1.550052e+00;-1.116879e-01;1.510189e+00;-1.015623e-01;1.414822e+00;-2.386524e-01;1.261370e+00;-1.530276e-01
172.000000;4.246638e-01;6.142794e+01;5.117647e-03;8.037143e-01;2.503651e-02;1.822968e-02;1.555767e-02;2.186474e-02;1.052426e-01;1.401833e-01;1.226627e+00;1.154470e+01;1.149856e-01;1.637653e+00;5.859200e-02;9.932153e-01;8.726346e-03;1.499924e-01;2.606224e-03;1.327916e-02;2.933154e-03;1.263186e-01;1.073840e-02;2.760134e-01;5.138654e-02;4.253373e-01;4.539904e-02;5.432898e-01;5.746790e-02;6.404186e-01;1.617834e-01;7.835803e-01;2.116446e-01;8.807907e-01;2.103580e-01;8.847041e-01;2.721590e-01;9.625528e-01;3.203293e-01;1.127911e+00;2.162072e-01;1.133537e+00;2.952940e-01;1.230400e+00;1.284461e-01;1.286870e+00;1.384317e-01;1.317499e+00;2.597299e-01;1.343608e+00;1.837848e-01;1.334677e+00;2.067610e-01;1.393731e+00;3.982112e-01;1.480212e+00;1.940277e-01;1.433931e+00;2.257198e-01;1.428040e+00;1.516531e-01;1.342397e+00;1.082549e-01;1.208397e+00;7.738887e-02;1.056792e+00;6.508759e-02;8.819312e-01;5.778973e-02;7.203399e-01;4.362175e-02;5.803193e-01;1.597877e-01;6.375897e-01;7.981627e-02;2.037951e-01;6.769939e+00;4.651172e+01;6.255757e+00;8.598926e+01;2.157909e+01;1.289121e+02;7.244550e+01;2.753379e+02;2.595789e-01;1.029391e+00;2.556769e+01;1.588840e+02;2.002563e-01;2.447306e+00;2.633469e+04;9.177026e+04;1.627412e+00;6.755901e+00;6.988817e+01;1.211420e+02;1.295669e-01;-1.062608e+00;2.265043e-02;1.506406e-01;1.078586e-01;3.321268e-01;2.170377e+00;4.350135e+01;3.210143e+00;-1.415850e+01;5.944618e+00;2.829442e+01;5.592132e+00;2.623146e+01;8.555996e+00;-3.637626e+00;3.478416e+00;-3.608680e+00;7.355099e+00;-1.965764e+00;6.924797e+00;7.025177e+00;5.390866e+00;1.222583e+01;5.592251e+00;8.266489e+00;6.216235e+00;1.111590e+01;5.663301e+00;8.781981e+00;7.107050e+00;-1.010843e+00;5.368753e+00;-4.214778e+00;1.470739e-06;-1.874001e-07;1.527132e-08;-1.501485e-09;6.889726e-08;-3.249718e-09;6.987771e-08;1.917862e-09;7.132340e-07;7.237801e-09;5.104057e-06;-3.457957e-07;2.632294e-02;8.472968e-04;1.462419e-02;7.883395e-05;1.520109e-03;-2.753336e-04;7.490139e-04;8.440406e-06;7.603943e-04;2.169997e-06;3.495514e-03;-3.336463e-04;1.246750e-02;1.176404e-03;8.869507e-03;1.367726e-03;1.071494e-02;-5.640970e-04;4.278762e-02;3.450369e-03;5.458535e-02;4.793149e-03;5.069329e-02;8.834954e-03;6.753528e-02;1.136734e-02;6.649338e-02;-3.639653e-03;4.112596e-02;-1.620022e-03;6.946222e-02;6.176523e-03;4.163038e-02;-1.302034e-03;3.875627e-02;-1.249394e-03;5.663316e-02;-2.162520e-03;4.134112e-02;-5.358719e-03;4.587559e-02;-5.849421e-03;8.846592e-02;-4.077105e-03;5.638575e-02;-5.754809e-03;6.137534e-02;-4.962125e-03;4.483876e-02;-1.198164e-03;4.224833e-02;4.532114e-04;3.196568e-02;2.491370e-04;2.757337e-02;5.235422e-04;2.508844e-02;9.666242e-04;1.917439e-02;7.602433e-04;3.756437e-02;2.959605e-03;1.576468e-02;7.896162e-04;2.359674e+00;1.291992e-01;2.263252e+00;1.722656e-01;5.860900e+00;7.751953e-01;1.478445e+01;1.737012e+00;6.576103e-02;-1.134603e-03;4.050280e+00;6.619212e-01;3.104806e-02;6.140341e-03;5.900884e+03;3.958607e+02;3.906722e-01;-4.014216e-02;2.085241e+01;-1.244022e+00;2.439015e-02;3.597714e-03;3.311356e-03;6.476580e-04;2.477026e-02;3.815553e-03;6.193702e-01;8.302028e-02;1.021961e+00;-2.889137e-03;1.313424e+00;-2.061524e-01;1.428627e+00;-2.064937e-02;1.742510e+00;2.301960e-02;1.006915e+00;-6.040725e-02;1.638507e+00;5.414157e-02;1.858628e+00;1.665192e-01;1.477453e+00;3.547892e-02;1.493222e+00;-2.266957e-01;1.418094e+00;-2.213940e-01;1.328840e+00;-3.761809e-02;1.676658e+00;3.005504e-02;1.330235e+00;3.502560e-02
172.500000;1.045007e+00;6.189703e+01;1.319175e-02;7.895861e-01;2.681150e-02;2.069042e-02;1.759664e-02;2.332493e-02;8.892547e-02;1.162955e-01;2.117464e+00;9.242790e+00;3.319891e-01;1.865858e+00;1.623386e-01;1.074813e+00;6.605056e-03;1.420427e-01;6.137624e-03;1.871756e-02;4.837869e-03;1.237354e-01;1.733641e-02;2.727040e-01;5.506214e-02;4.683722e-01;6.175007e-02;5.813407e-01;6.064034e-02;6.445093e-01;1.556982e-01;7.865256e-01;1.805570e-01;9.040394e-01;2.617929e-01;1.048794e+00;3.324162e-01;1.151362e+00;3.260837e-01;1.231345e+00;2.412043e-01;1.292266e+00;2.794828e-01;1.337518e+00;1.423325e-01;1.222138e+00;2.309718e-01;1.305610e+00;3.383484e-01;1.333232e+00;3.841072e-01;1.448226e+00;5.889422e-01;1.578828e+00;5.802679e-01;1.676234e+00;6.629754e-01;1.693147e+00;7.613334e-01;1.786170e+00;2.621287e-01;1.416844e+00;2.457636e-01;1.300090e+00;1.456903e-01;1.105361e+00;9.113675e-02;9.076509e-01;7.662609e-02;7.387888e-01;6.013524e-02;5.903046e-01;4.704503e-01;1.031246e+00;2.739368e-01;3.917852e-01;2.397836e+01;6.747070e+01;4.381500e+01;1.202988e+02;1.244594e+02;2.183467e+02;3.095586e+02;5.040205e+02;3.460331e-01;1.175285e+00;8.934660e+01;2.310165e+02;4.474343e-01;2.938423e+00;8.519719e+04;1.406622e+05;1.657629e+00;5.036265e+00;5.321019e+01;7.853002e+01;1.039553e-01;-9.514828e-01;7.621098e-02;2.171276e-01;3.761432e-01;6.577949e-01;3.358001e+00;4.499999e+01;5.241908e+00;-1.691314e+01;8.436806e+00;2.355723e+01;1.023639e+01;1.975400e+01;7.751387e+00;5.558298e+00;1.053115e+01;3.426365e+00;5.842848e+00;-9.009928e+00;9.632480e+00;3.172374e+00;6.720124e+00;9.097027e+00;7.560148e+00;4.661563e-01;6.424957e+00;5.392177e+00;6.075302e+00;1.287961e+00;6.550863e+00;-3.192122e+00;7.055919e+00;-3.707759e+00;2.573810e-06;4.911230e-07;3.315091e-08;-6.686639e-09;8.133622e-08;-1.523531e-09;8.059612e-08;3.892860e-10;5.032642e-07;2.873825e-08;5.877257e-06;-1.411950e-06;5.197991e-02;1.017909e-02;3.885869e-02;2.612234e-03;1.945954e-03;-1.325374e-04;8.488548e-04;1.652809e-04;1.037021e-03;-2.063422e-05;3.967570e-03;-2.436893e-04;1.153804e-02;-9.003480e-04;1.433351e-02;1.430464e-03;1.644070e-02;8.268479e-04;3.845627e-02;-1.213512e-03;4.766637e-02;4.905435e-04;4.588123e-02;3.805635e-03;5.656239e-02;3.427610e-03;7.216952e-02;-5.199251e-03;5.305669e-02;3.013347e-03;8.027056e-02;5.020797e-03;3.380879e-02;-9.364734e-05;6.305645e-02;1.432079e-03;8.139955e-02;4.275896e-03;8.468260e-02;7.987978e-03;1.302027e-01;1.005004e-02;1.460124e-01;1.068222e-02;1.523677e-01;1.207739e-02;1.779126e-01;1.401264e-02;7.070427e-02;2.190995e-03;7.058971e-02;1.578389e-03;4.858105e-02;-1.165120e-03;3.642632e-02;-1.886821e-03;3.228371e-02;-2.113752e-03;2.599479e-02;-1.548007e-03;6.727815e-02;1.168955e-02;4.459306e-02;8.627383e-03;4.228313e+00;5.455078e-01;5.226337e+00;1.205859e+00;1.846395e+01;4.737305e+00;4.184007e+01;1.049385e+01;7.806326e-02;2.094666e-03;1.114116e+01;3.060798e+00;4.952297e-02;1.546473e-02;1.442807e+04;2.693308e+03;3.001694e-01;-6.354240e-02;1.438758e+01;-2.165560e+00;2.576317e-02;1.848997e-03;8.514500e-03;2.618551e-03;4.584760e-02;9.791047e-03;8.208432e-01;1.470139e-02;1.276379e+00;-2.017772e-01;1.706328e+00;7.480125e-02;1.449835e+00;-2.870023e-01;1.827235e+00;1.269031e-01;1.211554e+00;2.424746e-01;1.515655e+00;-1.945549e-01;1.760292e+00;-1.067132e-01;1.634256e+00;-7.770733e-02;1.434716e+00;-1.987190e-01;1.597380e+00;-1.584835e-01;1.413747e+00;-1.675932e-01;1.507897e+00;9.607051e-02;1.337716e+00;2.072366e-01
173.000000;1.143082e+00;6.344605e+01;8.231588e-03;7.758772e-01;3.902155e-02;2.185593e-02;2.406720e-02;2.514708e-02;1.087405e-01;1.373478e-01;1.261835e+00;7.244582e+00;2.773316e-01;2.153623e+00;1.798926e-01;1.067333e+00;1.154038e-02;1.312107e-01;5.882727e-03;2.452507e-02;5.479414e-03;1.217626e-01;2.445505e-02;2.668702e-01;6.129561e-02;4.454777e-01;5.722736e-02;5.902163e-01;9.625464e-02;7.028036e-01;1.327087e-01;8.285909e-01;8.148079e-02;9.228519e-01;2.324491e-01;1.054114e+00;3.135290e-01;1.110195e+00;3.119474e-01;1.091335e+00;2.737511e-01;1.210256e+00;2.903402e-01;1.230257e+00;2.102771e-01;1.216579e+00;2.371331e-01;1.264247e+00;3.426091e-01;1.383442e+00;3.947254e-01;1.545857e+00;5.791740e-01;1.632446e+00;5.489566e-01;1.575405e+00;7.594498e-01;1.787329e+00;8.164217e-01;1.771981e+00;2.938286e-01;1.398245e+00;3.815472e-01;1.345586e+00;1.661925e-01;1.063646e+00;1.035404e-01;8.856001e-01;9.339734e-02;7.224597e-01;7.423905e-02;5.831046e-01;4.102328e-01;1.638902e+00;2.936531e-01;5.860747e-01;2.691181e+01;9.819141e+01;5.795255e+01;1.904971e+02;1.472630e+02;3.679307e+02;3.416294e+02;8.884600e+02;3.044004e-01;1.199671e+00;9.186897e+01;3.410154e+02;3.682806e-01;3.547310e+00;9.100334e+04;2.035177e+05;1.093006e+00;3.426547e+00;3.420466e+01;4.083128e+01;1.518157e-01;-8.153052e-01;7.692707e-02;3.198498e-01;2.600791e-01;1.046922e+00;3.182317e+00;4.619646e+01;5.580781e+00;-2.159864e+01;7.167284e+00;2.220638e+01;5.789485e+00;8.311717e+00;6.627226e+00;5.163833e+00;9.655314e+00;1.007351e+01;5.323792e+00;-1.374914e+01;9.353848e+00;-1.312877e+00;4.474692e+00;6.214630e+00;5.617281e+00;-2.487685e+00;4.529695e+00;9.268531e-01;6.486001e+00;-6.527486e+00;6.102266e+00;-2.877578e-01;9.601565e+00;2.759285e+00;2.529943e-06;8.713453e-07;3.547830e-08;-2.632452e-09;1.440857e-07;1.292125e-08;9.993364e-08;-9.936384e-10;5.474222e-07;-2.392066e-08;5.961088e-06;-1.447455e-07;6.108616e-02;6.463576e-03;4.404264e-02;1.029358e-03;1.933313e-03;-2.131736e-04;1.141922e-03;1.045603e-04;1.303006e-03;-1.101269e-04;4.148824e-03;6.991847e-04;9.044688e-03;-5.798871e-04;1.328480e-02;-4.784790e-04;2.077913e-02;2.716900e-03;2.379125e-02;-1.979956e-03;2.044599e-02;-2.449255e-03;4.635024e-02;-4.214026e-03;3.485472e-02;-8.404600e-03;5.461700e-02;2.943448e-04;4.245954e-02;2.149193e-04;7.028385e-02;-4.243994e-04;4.781976e-02;4.817690e-03;6.346412e-02;2.657120e-03;8.179248e-02;6.951008e-03;8.936497e-02;8.087221e-03;1.287403e-01;1.806731e-03;1.328478e-01;3.009199e-03;1.794063e-01;9.427998e-03;1.872679e-01;5.172468e-03;8.201869e-02;8.977078e-04;9.889704e-02;4.365206e-03;5.158606e-02;-1.927205e-03;3.810091e-02;-1.591939e-03;3.739566e-02;-1.307097e-03;3.085944e-02;-8.873965e-04;8.739806e-02;1.120545e-02;5.130823e-02;2.600984e-03;5.234749e+00;1.047949e+00;1.099643e+01;1.823145e+00;3.647334e+01;2.124609e+00;5.278378e+01;4.952637e+00;7.134756e-02;-1.941162e-03;1.488955e+01;2.070682e+00;5.937771e-02;1.196354e-02;1.686263e+04;1.266658e+03;2.292562e-01;-2.011868e-02;9.302846e+00;-7.059179e-01;2.087993e-02;2.183417e-03;1.157728e-02;1.929455e-03;5.542990e-02;8.588783e-03;8.795781e-01;-4.032275e-02;1.239867e+00;-1.109937e-01;1.600139e+00;1.507928e-01;1.189252e+00;-1.636676e-01;1.235886e+00;-5.015139e-02;1.431605e+00;-5.753248e-03;1.244552e+00;-1.534631e-01;1.396225e+00;-7.239560e-02;1.472141e+00;-1.214397e-01;1.233424e+00;5.888458e-02;1.472761e+00;4.915163e-02;1.262599e+00;-1.549353e-01;1.156093e+00;-5.690047e-02;1.605751e+00;1.154819e-01
173.500000;5.321605e-01;6.465496e+01;6.964772e-03;7.774036e-01;3.762938e-02;1.507334e-02;2.263640e-02;1.564515e-02;1.132390e-01;1.431155e-01;1.560412e+00;8.014665e+00;2.388698e-01;2.088577e+00;1.043297e-01;9.695617e-01;8.465473e-03;1.155002e-01;4.445472e-03;2.410053e-02;4.352563e-03;1.206780e-01;2.316255e-02;2.740222e-01;2.332649e-02;4.163716e-01;3.662740e-02;5.677842e-01;1.017418e-01;7.257923e-01;1.337653e-01;7.995765e-01;9.529760e-02;8.652759e-01;1.395700e-01;9.230757e-01;1.717053e-01;8.969145e-01;1.973771e-01;1.001823e+00;1.717148e-01;1.038843e+00;2.570796e-01;1.132671e+00;2.200842e-01;1.189493e+00;2.153594e-01;1.218111e+00;2.216967e-01;1.324430e+00;2.571446e-01;1.386451e+00;2.363350e-01;1.325833e+00;4.302207e-01;1.430379e+00;5.166308e-01;1.470449e+00;3.798923e-01;1.350949e+00;2.065301e-01;1.299082e+00;3.552260e-01;1.212664e+00;1.163795e-01;1.032724e+00;1.013250e-01;8.832028e-01;1.008509e-01;7.270917e-01;8.581968e-02;5.949180e-01;3.162898e-01;1.855444e+00;2.741309e-01;4.460018e-01;3.169407e+01;1.314961e+02;3.761982e+01;2.418896e+02;9.114751e+01;4.064033e+02;2.933528e+02;8.715205e+02;1.626542e-01;1.013393e+00;4.991275e+01;3.691752e+02;1.888483e-01;3.764987e+00;7.166805e+04;1.871496e+05;1.279032e+00;3.588447e+00;4.802077e+01;4.678681e+01;9.581055e-02;-6.335647e-01;3.444371e-02;3.556867e-01;1.881783e-01;1.167108e+00;2.180694e+00;4.695624e+01;5.377238e+00;-2.137911e+01;4.410605e+00;2.342274e+01;4.054606e+00;6.028646e+00;6.086037e+00;-2.706131e+00;9.073469e+00;4.116812e+00;3.503979e+00;-1.733923e+01;7.011725e+00;-1.909366e+00;3.550969e+00;6.813994e+00;5.371899e+00;-1.161100e+00;4.474153e+00;1.227532e+00;4.715473e+00;-1.042350e+01;6.846808e+00;-9.823528e-01;7.788439e+00;6.928366e+00;1.499403e-06;1.333594e-07;2.328274e-08;1.074873e-10;1.349523e-07;8.766401e-09;7.954595e-08;2.872954e-09;6.381537e-07;-2.587178e-08;5.451541e-06;5.939161e-07;4.244497e-02;-9.415205e-03;2.703028e-02;-3.754330e-03;1.373296e-03;-3.256228e-04;1.030459e-03;-1.400857e-04;1.309532e-03;-1.689726e-05;3.308606e-03;2.878108e-04;5.171691e-03;4.133312e-04;8.224272e-03;-1.167595e-03;1.823579e-02;-3.176938e-04;2.414162e-02;-1.035356e-03;1.796476e-02;-2.590439e-03;3.872555e-02;-2.200968e-03;3.480532e-02;-2.472606e-03;4.505553e-02;2.369050e-04;1.948723e-02;-6.473210e-03;5.439930e-02;-3.778749e-03;4.474812e-02;-3.260039e-03;5.620030e-02;-4.868660e-03;4.916192e-02;-4.340931e-03;4.754523e-02;-8.606347e-03;4.080113e-02;-1.192900e-02;1.047009e-01;-1.043073e-02;1.111828e-01;-1.557034e-02;7.857381e-02;-1.758811e-02;6.075530e-02;-1.453865e-03;8.450404e-02;-3.890547e-03;4.358558e-02;-1.108511e-04;3.789415e-02;1.250950e-03;3.825565e-02;1.279952e-03;3.219695e-02;1.021389e-03;8.333026e-02;-2.721456e-04;2.904926e-02;-8.815542e-03;5.426500e+00;6.747071e-01;1.106488e+01;1.435547e-02;3.240546e+01;-2.799316e+00;4.093065e+01;-8.254395e+00;4.414937e-02;-1.898313e-03;1.102928e+01;-1.572116e+00;4.428735e-02;-4.535286e-03;1.143508e+04;-2.533886e+03;1.486194e-01;3.494638e-02;6.109617e+00;1.270211e+00;1.548185e-02;3.242411e-03;8.785446e-03;-9.971693e-04;6.363147e-02;-5.634838e-04;6.786258e-01;5.236145e-02;1.019109e+00;1.761734e-01;1.140407e+00;-1.388728e-01;1.013245e+00;1.466942e-01;9.274882e-01;-1.619821e-01;1.231309e+00;-1.685369e-01;1.022920e+00;5.114380e-02;1.287028e+00;-8.399333e-02;1.101762e+00;-8.094159e-03;1.286829e+00;5.569695e-03;1.255414e+00;-7.189035e-02;1.184253e+00;1.162081e-02;1.284919e+00;-9.641862e-03;1.497481e+00;-4.416129e-02
174.000000;1.034520e-01;6.501001e+01;5.298723e-03;7.816578e-01;6.612895e-03;3.962780e-03;4.873767e-03;4.367523e-03;7.410064e-02;1.003807e-01;1.023591e+00;8.982875e+00;3.564408e-01;1.640191e+00;7.654608e-02;9.071879e-01;8.955043e-03;1.027071e-01;4.087421e-03;1.839506e-02;5.004010e-03;1.195361e-01;1.428944e-02;2.793052e-01;1.814453e-02;4.230078e-01;1.976430e-02;5.458966e-01;7.561556e-02;6.720674e-01;1.506550e-01;7.012143e-01;1.009059e-01;7.707646e-01;7.765977e-02;8.782579e-01;1.615580e-01;9.009380e-01;1.719259e-01;9.577408e-01;1.181261e-01;9.647286e-01;1.380878e-01;1.042233e+00;1.403140e-01;1.051938e+00;2.253024e-01;1.158317e+00;1.395701e-01;1.221947e+00;1.548722e-01;1.219883e+00;1.667739e-01;1.247310e+00;4.384476e-01;1.393299e+00;2.441586e-01;1.215767e+00;1.813954e-01;1.182515e+00;1.494931e-01;1.254998e+00;1.665990e-01;1.132433e+00;1.048394e-01;1.045156e+00;9.374195e-02;8.830159e-01;8.911022e-02;7.317458e-01;7.775268e-02;5.928714e-01;3.232780e-01;1.619387e+00;1.336718e-01;1.546144e-01;2.046901e+01;1.597764e+02;2.584941e+01;2.405977e+02;4.294637e+01;3.374971e+02;1.911308e+02;5.231133e+02;1.722338e-01;9.048749e-01;5.011058e+01;3.017273e+02;3.428442e-01;3.423313e+00;6.153476e+04;9.499572e+04;2.588328e+00;6.475331e+00;1.613557e+02;1.932220e+02;8.695213e-02;-5.060206e-01;3.901488e-02;3.080189e-01;2.427523e-01;1.056815e+00;2.051761e+00;4.852941e+01;7.237090e+00;-1.271804e+01;3.240703e+00;2.075034e+01;5.653434e+00;1.153260e+01;4.855150e+00;-7.587904e+00;3.903927e+00;-6.779624e-01;6.052309e+00;-1.336897e+01;7.355392e+00;-8.651666e+00;6.913233e+00;1.334863e+00;6.310422e+00;-5.948311e+00;6.899051e+00;-3.525741e+00;5.595397e+00;-7.489207e+00;7.495959e+00;-9.498476e-01;4.664119e+00;6.644179e+00;7.124630e-07;-4.497127e-08;2.221513e-08;-9.167597e-10;1.588213e-08;-1.807111e-09;2.226356e-08;1.381297e-09;5.151087e-07;4.916898e-08;6.229475e-06;-2.106403e-07;2.438683e-02;-1.141627e-02;1.560417e-02;-1.691724e-03;1.032746e-03;-3.480286e-04;6.255720e-04;-9.385235e-05;1.732137e-03;-1.860261e-04;2.423540e-03;-6.120332e-04;4.419950e-03;-3.380569e-04;7.282716e-03;-1.478227e-04;1.007862e-02;-2.649477e-03;3.269694e-02;-2.108692e-03;2.189108e-02;-1.910061e-03;1.369209e-02;-2.469496e-03;3.412037e-02;-7.216231e-05;4.048163e-02;3.012035e-03;1.939574e-02;2.460250e-03;3.826158e-02;-5.337018e-03;3.216773e-02;-4.311584e-03;5.650007e-02;-7.112934e-04;3.816364e-02;-3.737293e-03;2.808005e-02;-6.983558e-03;4.369147e-02;7.864001e-04;1.047562e-01;-2.711997e-03;4.231658e-02;-9.012975e-03;3.437535e-02;-5.018887e-03;4.094990e-02;-5.740219e-04;4.355181e-02;-4.853351e-03;3.848923e-02;1.373154e-03;3.416454e-02;8.066925e-04;3.142342e-02;8.655518e-04;2.642697e-02;4.568981e-04;6.533276e-02;-1.036414e-02;1.331773e-02;-4.310604e-03;4.895089e+00;2.153320e-01;7.971823e+00;-4.593750e-01;9.204308e+00;-7.177734e-01;2.480204e+01;-5.412012e+00;4.336750e-02;-1.839516e-03;5.005902e+00;-1.311370e+00;2.948768e-02;-1.060270e-02;6.849003e+03;-1.825851e+03;3.674983e-01;8.337784e-02;3.139576e+01;5.560377e+00;1.173464e-02;3.417984e-03;4.272823e-03;-9.401456e-04;6.351871e-02;-8.323105e-03;5.964202e-01;2.382899e-02;8.744156e-01;1.832938e-01;9.479526e-01;-1.239901e-01;8.487852e-01;1.641656e-01;1.250821e+00;-3.284743e-02;1.039097e+00;-2.508349e-03;1.110572e+00;8.504093e-02;1.270718e+00;-3.185858e-01;1.317687e+00;-1.664550e-01;1.300637e+00;-8.595881e-02;1.029614e+00;-7.275675e-02;1.241229e+00;6.693441e-02;1.305159e+00;-5.761373e-02;1.091303e+00;-9.423768e-02
174.500000;1.539186e+01;7.586170e+01;9.647150e-03;7.752904e-01;3.690149e-02;2.234258e-02;9.512648e-02;3.738229e-02;1.351627e-01;1.643605e-01;1.524792e+00;8.163490e+00;1.219159e-01;1.240979e+00;9.643532e-02;9.230172e-01;9.809555e-03;8.825739e-02;1.667410e-03;1.505795e-02;1.449684e-02;1.116550e-01;1.346552e-02;2.654584e-01;1.570389e-02;4.175520e-01;2.229892e-02;5.484278e-01;2.360087e-02;6.309651e-01;1.610566e-01;7.077285e-01;1.054088e-01;7.653931e-01;4.919166e-02;8.451797e-01;1.550000e-01;9.440166e-01;1.470540e-01;9.208258e-01;1.445071e-01;9.933811e-01;1.301997e-01;1.047834e+00;1.918477e-01;1.094254e+00;2.188420e-01;1.180120e+00;1.668234e-01;1.233883e+00;2.460266e-01;1.274365e+00;4.122405e-01;1.399296e+00;6.681753e-01;1.479521e+00;3.216376e-01;1.313942e+00;1.865997e-01;1.252967e+00;1.205501e-01;1.283998e+00;1.037131e-01;1.162276e+00;8.336079e-02;1.013957e+00;6.940791e-02;8.455104e-01;6.455085e-02;6.998196e-01;5.527131e-02;5.661240e-01;2.022769e-01;1.311260e+00;1.966394e-02;3.752134e-02;2.172377e+01;1.851855e+02;2.388191e+01;2.414590e+02;2.084017e+01;3.122314e+02;1.644062e+01;3.764004e+02;1.744598e-01;8.172072e-01;1.920359e+01;2.727368e+02;1.977696e-01;2.958599e+00;1.468211e+04;4.489327e+04;2.162106e+00;9.316031e+00;1.973277e+02;3.506689e+02;9.258918e-02;-3.698744e-01;2.003450e-02;2.898261e-01;2.394688e-01;7.467570e-01;1.846782e+00;4.900443e+01;4.462218e+00;-7.714453e+00;5.087567e+00;1.915436e+01;4.071804e+00;1.395104e+01;7.100065e+00;-1.215321e+01;3.963073e+00;-3.872679e+00;5.741743e+00;-1.253062e+01;5.971683e+00;-1.902549e+01;6.119304e+00;-5.202821e+00;5.694917e+00;-1.057925e+01;5.176720e+00;-1.157211e+01;4.915949e+00;-6.660287e+00;7.763198e+00;-3.721927e+00;5.192400e+00;3.358582e+00;2.903044e-05;6.550722e-06;3.275590e-08;-3.691634e-10;1.817901e-07;-9.130316e-09;5.183141e-07;-1.808056e-08;7.774494e-07;2.456263e-08;8.868508e-06;-3.584067e-07;1.724618e-02;-4.963358e-03;1.974766e-02;1.359912e-03;8.776837e-04;-2.998449e-04;4.385013e-04;-5.832704e-05;2.497371e-03;-6.423110e-06;2.482342e-03;-6.044093e-04;3.945571e-03;-3.295518e-04;7.281174e-03;-3.834358e-05;8.667665e-03;-6.325494e-05;3.527770e-02;-8.157743e-05;2.340253e-02;-9.513152e-05;1.356063e-02;1.243226e-04;3.149192e-02;9.247258e-04;3.592539e-02;2.493447e-03;1.961964e-02;2.143126e-03;3.834191e-02;6.370645e-04;4.923189e-02;3.909633e-03;5.811271e-02;3.664428e-03;4.777094e-02;4.159850e-03;4.647438e-02;1.107041e-03;8.564595e-02;2.096157e-03;1.368975e-01;1.876646e-03;6.985652e-02;6.063376e-03;3.350310e-02;7.607827e-03;3.314668e-02;1.310899e-03;3.454770e-02;6.490399e-04;3.086507e-02;-3.676710e-04;2.535451e-02;-7.351342e-04;2.182060e-02;-6.780520e-04;1.814928e-02;-4.103270e-04;5.078866e-02;-3.775008e-03;3.634744e-03;-9.608502e-04;3.894541e+00;5.742188e-01;7.051604e+00;7.608398e-01;7.028772e+00;1.866211e-01;6.172434e+00;-3.588867e-01;4.315570e-02;-8.529460e-04;3.192579e+00;2.071689e-01;2.985222e-02;-7.114142e-03;3.836153e+03;-3.777549e+02;5.981378e-01;3.074281e-02;5.891668e+01;1.056607e+00;8.638496e-03;2.883757e-03;3.167578e-03;3.361870e-04;5.076597e-02;-7.192657e-03;5.491235e-01;-1.900306e-02;1.045793e+00;7.847589e-03;1.069753e+00;4.289383e-02;1.031422e+00;-4.093306e-02;1.277550e+00;-7.938266e-02;1.095065e+00;-9.497158e-02;1.103528e+00;-5.361271e-02;1.188792e+00;-1.115151e-01;1.434235e+00;-1.837455e-01;1.406657e+00;-7.963443e-02;1.040166e+00;-1.632793e-02;1.192299e+00;1.100576e-03;1.339699e+00;-7.775800e-02;1.045376e+00;-4.483314e-02
175.000000;1.225366e+01;9.235149e+01;8.304383e-03;7.706490e-01;4.496708e-02;5.178223e-02;9.326004e-02;5.613851e-02;1.368059e-01;2.540493e-01;1.506943e+00;7.232943e+00;1.256347e-01;1.145545e+00;1.667645e-01;1.006282e+00;5.272120e-03;7.818013e-02;3.975294e-03;1.696775e-02;1.702597e-02;1.155791e-01;1.459690e-02;2.520112e-01;2.010358e-02;4.183589e-01;3.350338e-02;5.667261e-01;5.353136e-02;6.489875e-01;1.044407e-01;6.872423e-01;7.797203e-02;7.585513e-01;3.873080e-02;8.407456e-01;1.284212e-01;9.117976e-01;1.316635e-01;9.799162e-01;1.375811e-01;1.030019e+00;2.228798e-01;1.185066e+00;4.147635e-01;1.326117e+00;5.223189e-01;1.426947e+00;3.590327e-01;1.423808e+00;4.395235e-01;1.474365e+00;5.358015e-01;1.545019e+00;9.306417e-01;1.746772e+00;4.749540e-01;1.549020e+00;3.017517e-01;1.459953e+00;2.693353e-01;1.378146e+00;2.006877e-01;1.230673e+00;8.991376e-02;1.045890e+00;8.283938e-02;8.681335e-01;8.317833e-02;7.145437e-01;6.877078e-02;5.789410e-01;3.257730e-01;1.358607e+00;3.077726e-02;4.078335e-02;2.679940e+01;2.215049e+02;2.263025e+01;2.717490e+02;1.655305e+01;3.232852e+02;9.056515e+01;3.896074e+02;1.263423e-01;7.865332e-01;4.218287e+01;3.091200e+02;2.095503e-01;2.700991e+00;5.567851e+04;6.596846e+04;2.679337e+00;9.059653e+00;2.273972e+02;3.061685e+02;4.189780e-02;-2.759317e-01;3.241669e-02;3.245178e-01;1.613631e-01;5.553976e-01;3.614884e+00;4.657334e+01;6.509083e+00;-1.106072e+01;1.009836e+01;2.494599e+01;5.982052e+00;1.595438e+01;7.522781e+00;-1.560599e+01;6.581410e+00;-1.113932e+01;5.476892e+00;-1.898756e+01;4.789217e+00;-2.214529e+01;5.282735e+00;-9.407055e+00;7.837291e+00;-1.564472e+01;5.316788e+00;-1.425135e+01;7.191472e+00;-5.531802e+00;5.991478e+00;-5.240671e+00;4.579426e+00;3.284771e+00;2.907836e-05;6.566472e-06;4.608439e-08;-5.247396e-10;2.637539e-07;-1.603219e-08;5.391165e-07;-2.167469e-08;1.027963e-06;2.253059e-09;1.049427e-05;-1.725670e-07;3.051602e-02;2.740369e-04;4.108992e-02;6.696131e-04;9.322736e-04;2.046180e-05;7.533947e-04;3.980852e-05;2.223855e-03;1.781279e-04;3.608210e-03;4.594183e-04;3.785997e-03;4.524079e-04;8.831427e-03;4.457605e-04;1.126422e-02;-5.598278e-04;2.486603e-02;1.043833e-03;2.071422e-02;1.143205e-03;1.301643e-02;-7.350465e-04;3.393951e-02;2.943042e-03;3.768271e-02;1.205583e-03;3.051576e-02;2.637686e-03;5.635432e-02;6.220787e-03;1.018133e-01;1.797441e-03;1.305062e-01;1.128646e-03;9.458891e-02;1.271736e-03;1.042280e-01;1.899325e-03;1.251703e-01;9.959271e-04;2.117548e-01;1.711828e-03;1.226086e-01;2.047399e-03;6.782501e-02;1.332359e-03;7.687511e-02;-9.089669e-04;6.037049e-02;-2.120970e-03;2.568401e-02;-1.963651e-03;2.083382e-02;-1.659584e-03;1.942927e-02;-1.965018e-03;1.661267e-02;-1.591520e-03;5.060116e-02;7.530859e-03;7.552091e-03;3.535793e-04;3.875737e+00;7.608398e-01;4.389488e+00;6.890625e-01;6.115413e+00;-7.177734e-02;3.119402e+01;-2.009766e-01;4.259972e-02;6.716970e-04;9.013838e+00;5.822139e-01;4.408342e-02;-4.437989e-03;1.351213e+04;3.034872e+02;6.512756e-01;-5.220765e-02;5.857644e+01;-5.067549e+00;7.475839e-03;3.260785e-05;6.251856e-03;5.622340e-04;4.957903e-02;-1.085074e-03;6.361635e-01;-1.405493e-02;1.485519e+00;-1.634665e-01;1.678787e+00;1.802223e-01;9.929929e-01;7.854424e-02;1.319399e+00;-4.640347e-02;1.020603e+00;-1.228304e-01;1.247402e+00;-1.978073e-01;9.194081e-01;-5.018993e-02;1.063602e+00;-3.031945e-02;1.454379e+00;-1.297638e-01;1.130555e+00;-9.710195e-02;1.708208e+00;3.457632e-02;1.215432e+00;3.978158e-02;7.997695e-01;-6.163343e-03
175.500000;5.265897e+01;1.064527e+02;2.452215e-02;7.558839e-01;7.000544e-02;7.887525e-02;9.228441e-02;6.603684e-02;1.350453e-01;2.300352e-01;6.894478e+00;5.444554e+00;4.577052e-01;1.413827e+00;2.932661e-01;1.139485e+00;1.690171e-02;8.498596e-02;6.246111e-03;2.159108e-02;5.108489e-02;1.497317e-01;4.631213e-02;2.690819e-01;4.702675e-02;4.317156e-01;5.194650e-02;5.627389e-01;7.230325e-02;6.747240e-01;2.790486e-01;8.279204e-01;2.587164e-01;8.982509e-01;1.384179e-01;9.056345e-01;3.719569e-01;1.143870e+00;2.963479e-01;1.169986e+00;6.500359e-01;1.419923e+00;4.448751e-01;1.410391e+00;4.214329e-01;1.426401e+00;5.236538e-01;1.479354e+00;3.827178e-01;1.517985e+00;5.556824e-01;1.636193e+00;7.691317e-01;1.747325e+00;8.525503e-01;1.718286e+00;8.887867e-01;1.878076e+00;1.025377e+00;1.974364e+00;4.648309e-01;1.527368e+00;4.067985e-01;1.419239e+00;1.866546e-01;1.147713e+00;1.371008e-01;9.311849e-01;1.223443e-01;7.513723e-01;1.019268e-01;6.077722e-01;5.798949e-01;1.680414e+00;2.841519e-01;2.308713e-01;2.522440e+01;2.375830e+02;1.975169e+01;2.852432e+02;1.387825e+02;3.817119e+02;4.080939e+02;6.619307e+02;2.186280e-01;8.542876e-01;8.824614e+01;3.779872e+02;4.661584e-01;2.894308e+00;1.077819e+05;1.424549e+05;3.145192e+00;6.257664e+00;1.624845e+02;1.469294e+02;1.444719e-01;-3.366393e-01;6.296089e-02;3.760053e-01;3.942899e-01;7.309433e-01;3.313352e+00;4.442277e+01;7.313525e+00;-1.794479e+01;7.824979e+00;3.061801e+01;7.359261e+00;1.636157e+01;1.233664e+01;-8.054641e+00;8.680899e+00;-1.169440e+01;5.858222e+00;-2.415359e+01;6.311181e+00;-2.025473e+01;6.638043e+00;-9.207553e+00;1.193432e+01;-1.292835e+01;6.442080e+00;-1.104473e+01;8.834813e+00;-6.103793e+00;4.252829e+00;-1.692413e+00;3.650076e+00;6.109315e+00;1.854555e-04;3.172738e-05;9.158773e-08;-6.763221e-09;3.413218e-07;-4.260390e-08;4.589961e-07;2.926572e-08;1.024164e-06;-1.657449e-08;4.295027e-05;-1.869293e-06;5.645951e-02;1.006997e-02;5.673033e-02;2.476506e-03;2.610141e-03;2.082283e-04;1.039048e-03;2.412446e-04;9.841802e-03;2.001718e-04;1.091187e-02;1.124311e-04;1.029108e-02;-2.128046e-04;1.493999e-02;-4.368146e-05;1.422760e-02;-1.804303e-04;4.187221e-02;4.910927e-04;3.804643e-02;3.411619e-03;2.822551e-02;1.615634e-03;6.403052e-02;3.331758e-03;5.158544e-02;1.914695e-03;9.378950e-02;4.613665e-03;1.049484e-01;-3.047310e-05;1.031353e-01;-2.663254e-03;1.342442e-01;5.779490e-03;9.757277e-02;6.155723e-04;1.203348e-01;3.744337e-03;1.504648e-01;5.665443e-03;1.979700e-01;1.070715e-02;1.944242e-01;3.548858e-03;2.022152e-01;3.658744e-03;1.319068e-01;3.794930e-03;9.133592e-02;2.541140e-03;4.059579e-02;3.196166e-03;3.277665e-02;3.090259e-03;3.166196e-02;3.058869e-03;2.662409e-02;2.427758e-03;1.119036e-01;2.682021e-03;3.921225e-02;7.001284e-03;7.261583e+00;3.588867e-01;7.881283e+00;2.440430e-01;3.865621e+01;6.474317e+00;7.332343e+01;9.847852e+00;6.353008e-02;1.086107e-03;1.827105e+01;2.971264e+00;6.706122e-02;1.105375e-02;2.039635e+04;3.354968e+03;5.304917e-01;-7.071235e-02;3.310335e+01;-2.341436e+00;2.248732e-02;-1.499947e-03;1.376372e-02;2.109170e-03;7.499207e-02;4.909195e-03;7.799669e-01;-7.218869e-02;1.359780e+00;-1.733542e-01;1.737413e+00;7.215641e-02;1.189961e+00;-4.931092e-02;2.240771e+00;1.882089e-01;1.571505e+00;2.106641e-01;1.584673e+00;-3.554619e-02;1.356309e+00;1.387194e-02;1.001897e+00;6.781934e-02;1.391572e+00;1.121707e-01;1.088003e+00;1.059686e-01;1.873869e+00;-1.421189e-02;1.219372e+00;2.990702e-02;1.168487e+00;6.381872e-02
176.000000;8.066045e+01;1.263973e+02;2.108282e-02;7.377448e-01;1.078830e-01;1.002100e-01;1.295930e-01;9.721564e-02;1.199014e-01;2.040984e-01;6.759424e+00;4.072062e+00;3.876832e-01;1.849609e+00;2.652892e-01;1.130885e+00;1.439114e-02;9.304652e-02;6.750506e-03;2.929579e-02;5.645053e-02;1.450594e-01;4.220494e-02;2.883169e-01;5.409462e-02;4.217815e-01;4.758987e-02;5.474063e-01;7.200087e-02;6.864893e-01;2.468876e-01;9.127284e-01;2.142290e-01;9.927796e-01;1.833638e-01;1.022763e+00;3.367302e-01;1.273537e+00;2.786420e-01;1.256986e+00;6.154616e-01;1.495486e+00;4.173067e-01;1.389762e+00;2.902719e-01;1.341698e+00;3.590710e-01;1.373843e+00;3.020318e-01;1.467562e+00;4.438192e-01;1.570125e+00;7.121828e-01;1.666024e+00;5.413349e-01;1.589346e+00;8.597549e-01;1.768410e+00;1.067303e+00;1.847856e+00;4.351269e-01;1.490004e+00;4.059335e-01;1.381397e+00;1.872787e-01;1.155723e+00;1.425354e-01;9.374603e-01;1.248537e-01;7.624256e-01;1.023240e-01;6.180287e-01;5.670696e-01;1.669260e+00;2.759339e-01;5.297285e-01;2.448817e+01;2.367217e+02;2.833924e+01;2.975889e+02;2.667801e+02;6.144141e+02;3.926186e+02;1.148868e+03;2.328112e-01;9.101073e-01;1.095765e+02;4.973390e+02;4.508765e-01;3.470894e+00;1.048344e+05;2.511789e+05;2.190377e+00;3.180162e+00;6.120400e+01;3.865459e+01;1.240274e-01;-3.998371e-01;8.165009e-02;4.645599e-01;3.539539e-01;9.442276e-01;2.590672e+00;4.460845e+01;5.830158e+00;-2.617864e+01;6.324674e+00;2.724309e+01;6.503236e+00;1.084327e+01;9.535989e+00;-2.166974e-01;9.853463e+00;-3.607564e+00;5.654657e+00;-2.419287e+01;6.599366e+00;-2.125789e+01;6.902828e+00;-5.740110e+00;1.064988e+01;-4.312417e+00;6.262753e+00;-7.025153e+00;6.553772e+00;-1.065623e+01;4.394205e+00;-2.489689e+00;4.718291e+00;6.792032e+00;3.046638e-04;5.571553e-06;1.149033e-07;-3.065776e-10;6.071061e-07;-1.589026e-08;8.647274e-07;6.741925e-08;8.221638e-07;-4.476632e-08;4.267083e-05;-1.004754e-06;5.820515e-02;1.114107e-02;4.799116e-02;2.420060e-03;2.814212e-03;1.739546e-04;9.174553e-04;1.892164e-04;1.034265e-02;9.537405e-05;1.086794e-02;9.847178e-05;1.199900e-02;-1.621059e-04;1.461948e-02;-4.330805e-04;1.976085e-02;2.318717e-03;4.905218e-02;3.444664e-04;3.965989e-02;1.184194e-03;4.196393e-02;3.325467e-03;8.034761e-02;-4.944766e-03;6.605921e-02;-1.780892e-03;9.069441e-02;-5.529488e-03;9.369103e-02;-3.605074e-03;6.590994e-02;5.154536e-03;9.648845e-02;-7.556253e-04;8.234221e-02;1.908976e-03;8.568893e-02;3.763260e-03;1.176363e-01;-2.072855e-03;1.316474e-01;2.644020e-03;1.905309e-01;1.429843e-02;2.075787e-01;9.980884e-03;1.241548e-01;9.817280e-03;9.778457e-02;1.387311e-02;4.920937e-02;3.484538e-03;4.277753e-02;3.665051e-03;3.946000e-02;3.679221e-03;3.277954e-02;2.569458e-03;1.211257e-01;-3.021152e-03;4.845496e-02;6.216882e-03;7.865225e+00;-5.742187e-02;9.547887e+00;8.613281e-02;6.233417e+01;3.115137e+00;7.572540e+01;1.158486e+01;6.534222e-02;4.550720e-03;2.119541e+01;2.513754e+00;6.535312e-02;1.305105e-02;2.120838e+04;2.924874e+03;3.104541e-01;-4.067869e-02;1.141657e+01;-6.132625e-01;2.430367e-02;-1.475212e-03;1.582655e-02;1.758808e-03;7.349216e-02;4.686845e-03;8.354118e-01;-6.849077e-02;1.058390e+00;-9.308912e-02;1.487763e+00;-3.886709e-02;1.667083e+00;-2.890938e-01;2.368642e+00;1.711676e-01;2.178334e+00;1.463134e-02;1.560955e+00;5.207387e-02;1.629749e+00;2.404877e-01;1.543934e+00;4.341719e-02;1.715389e+00;8.397755e-02;1.109172e+00;6.487847e-02;1.633446e+00;-8.957709e-02;1.315219e+00;-2.823667e-02;1.508180e+00;7.623041e-02
176.500000;6.781541e+01;1.341844e+02;2.286644e-02;7.531677e-01;1.224521e-01;1.131189e-01;1.710303e-01;1.358639e-01;1.040535e-01;2.329637e-01;1.696646e+00;4.673733e+00;1.380118e-01;2.054405e+00;1.097936e-01;1.024748e+00;5.315001e-03;9.456783e-02;4.255204e-03;3.197279e-02;2.002674e-02;1.210877e-01;1.908599e-02;2.837277e-01;3.811315e-02;4.157889e-01;3.358142e-02;5.500363e-01;9.249453e-02;7.182045e-01;1.517516e-01;8.203718e-01;8.042773e-02;8.843714e-01;1.688589e-01;1.050961e+00;2.496614e-01;1.038024e+00;1.700377e-01;1.112675e+00;1.913013e-01;1.055497e+00;1.160138e-01;1.198345e+00;2.623115e-01;1.342453e+00;3.104435e-01;1.320921e+00;2.459838e-01;1.376585e+00;1.775320e-01;1.427798e+00;2.174831e-01;1.386409e+00;3.854428e-01;1.533727e+00;5.989130e-01;1.561574e+00;4.542407e-01;1.433143e+00;3.015040e-01;1.394570e+00;4.511068e-01;1.296964e+00;1.056159e-01;1.064726e+00;1.229679e-01;9.026191e-01;1.194477e-01;7.477463e-01;9.414341e-02;6.051158e-01;3.452907e-01;1.562802e+00;1.757571e-01;5.504801e-01;2.284460e+01;2.259551e+02;2.464964e+01;3.092168e+02;2.325995e+02;6.422637e+02;1.768842e+02;1.328886e+03;1.895342e-01;9.144775e-01;7.062003e+01;5.337537e+02;1.900142e-01;3.778409e+00;6.378027e+04;2.829321e+05;5.520325e-01;2.285449e+00;5.545029e+00;1.357414e+01;5.839709e-02;-4.108142e-01;5.184761e-02;4.932331e-01;1.847807e-01;9.130666e-01;2.747968e+00;4.458818e+01;3.222945e+00;-2.917488e+01;4.067328e+00;2.427612e+01;5.906337e+00;5.366254e+00;7.005290e+00;-1.550224e+00;9.360940e+00;-5.872229e+00;4.174964e+00;-2.235083e+01;8.942507e+00;-1.586518e+01;5.966750e+00;-6.359386e+00;8.643833e+00;-7.071758e+00;5.417903e+00;-8.493503e+00;5.985976e+00;-9.586226e+00;4.240316e+00;-2.201849e+00;5.863040e+00;7.114882e+00;2.872689e-04;-3.572666e-05;9.053471e-08;8.175221e-09;8.526411e-07;4.739718e-08;1.401934e-06;6.611174e-08;7.171024e-07;2.277002e-08;7.961158e-06;8.506534e-07;3.416051e-02;-2.270555e-03;2.573679e-02;-3.602319e-03;1.421980e-03;-1.468311e-05;8.810170e-04;-7.860924e-05;3.573280e-03;-2.556602e-04;3.205332e-03;2.088641e-04;8.889607e-03;3.729923e-04;1.049125e-02;2.271543e-05;1.950544e-02;9.420682e-04;4.136473e-02;1.956099e-03;2.138441e-02;-1.036105e-03;3.784163e-02;-4.389119e-04;6.891231e-02;-4.635207e-03;5.083220e-02;-2.791968e-03;1.818634e-02;-5.953511e-03;3.126236e-02;-2.666764e-03;5.588154e-02;-2.231966e-04;8.279108e-02;-8.885298e-03;7.703795e-02;-6.229864e-03;4.958979e-02;-4.489448e-03;4.002642e-02;-6.354844e-03;1.041394e-01;-1.180575e-02;1.280216e-01;-7.132537e-03;9.944957e-02;-8.857487e-03;6.812108e-02;-6.107588e-03;8.761404e-02;-5.259536e-03;3.956364e-02;-4.213780e-03;3.863135e-02;-3.738349e-03;3.685644e-02;-3.334974e-03;3.109872e-02;-2.752254e-03;8.578985e-02;1.369020e-03;3.422335e-02;-4.687733e-03;5.741093e+00;-2.727539e-01;7.898104e+00;-1.435547e-02;5.504808e+01;-5.383301e+00;4.821116e+01;-4.191797e+00;5.461606e-02;2.522023e-03;1.582649e+01;-1.594421e+00;4.701026e-02;-1.276718e-03;1.630650e+04;-2.091453e+03;1.087931e-01;1.380899e-02;1.383501e+00;1.660231e-01;1.327646e-02;-2.672472e-04;1.124319e-02;-1.035372e-03;4.281800e-02;-1.372549e-03;7.181895e-01;8.615228e-02;9.147748e-01;2.446525e-02;1.247650e+00;-1.181681e-01;1.539589e+00;-7.169937e-02;1.539111e+00;-1.484109e-01;1.799071e+00;-1.824794e-01;1.287804e+00;1.902282e-02;1.467139e+00;1.068438e-01;1.710706e+00;1.845620e-02;1.715790e+00;-8.658431e-02;1.109034e+00;-1.211184e-01;1.557680e+00;3.347937e-02;1.089692e+00;3.854936e-02;1.352614e+00;-1.119657e-01
177.000000;4.539591e+01;1.357315e+02;1.754853e-02;7.802035e-01;1.110776e-01;1.072232e-01;1.742082e-01;1.443513e-01;9.850706e-02;2.335267e-01;1.687746e+00;5.479405e+00;1.714605e-01;1.974398e+00;1.057473e-01;9.923747e-01;3.556728e-03;9.720135e-02;5.080053e-03;2.642479e-02;3.152221e-02;1.396507e-01;1.268374e-02;2.849845e-01;2.933531e-02;4.271039e-01;3.109345e-02;5.487361e-01;9.662431e-02;6.955990e-01;1.795212e-01;7.724738e-01;9.573366e-02;8.501148e-01;1.318925e-01;9.696280e-01;2.299571e-01;9.978607e-01;1.346187e-01;1.057537e+00;8.409708e-02;1.005262e+00;1.150952e-01;1.130560e+00;2.285226e-01;1.283270e+00;1.819394e-01;1.277593e+00;1.620786e-01;1.302965e+00;1.567767e-01;1.353480e+00;1.997920e-01;1.352106e+00;3.787567e-01;1.447937e+00;5.921226e-01;1.502775e+00;4.367834e-01;1.416554e+00;2.847866e-01;1.376081e+00;4.551366e-01;1.259882e+00;1.249218e-01;1.061219e+00;1.468171e-01;9.139075e-01;1.393328e-01;7.587264e-01;1.094624e-01;6.157368e-01;3.374396e-01;1.475947e+00;1.287460e-01;3.824499e-01;2.067337e+01;1.982490e+02;4.277930e+01;2.707441e+02;1.188275e+02;4.267881e+02;3.292252e+02;1.062879e+03;2.062187e-01;8.369004e-01;7.530755e+01;4.417684e+02;2.678665e-01;3.600449e+00;6.447398e+04;2.173024e+05;6.563883e-01;3.006420e+00;1.198001e+01;2.293276e+01;5.191083e-02;-4.483355e-01;6.046946e-02;4.203079e-01;1.171889e-01;8.499202e-01;3.240567e+00;4.608532e+01;3.394186e+00;-2.629148e+01;4.981601e+00;2.194666e+01;8.696632e+00;8.434402e+00;6.007319e+00;-3.380889e+00;7.262457e+00;-8.612609e+00;6.412484e+00;-1.849360e+01;5.222089e+00;-9.423982e+00;5.479518e+00;-9.310987e+00;5.145000e+00;-1.400900e+01;3.359007e+00;-9.685472e+00;6.435231e+00;-6.418670e+00;3.275656e+00;-2.079295e-02;5.742311e+00;5.060946e+00;1.928803e-04;-1.907044e-05;6.745169e-08;2.539087e-09;7.745086e-07;-1.932985e-08;1.353364e-06;-3.127274e-08;7.104957e-07;7.380443e-09;7.892653e-06;7.862151e-07;2.380285e-02;-5.921313e-03;1.847770e-02;-3.431891e-03;9.730883e-04;-1.231373e-04;8.615641e-04;-1.271101e-04;5.612389e-03;9.576287e-05;2.719471e-03;-6.462479e-04;6.886693e-03;-5.059105e-04;1.008911e-02;5.437422e-05;1.304974e-02;-1.253104e-03;4.076252e-02;4.189647e-03;2.006788e-02;1.531069e-03;2.193678e-02;-7.666037e-04;6.552973e-02;1.846454e-03;3.458466e-02;-3.428601e-04;1.982808e-02;1.215141e-03;3.494183e-02;-3.565664e-03;3.911633e-02;-7.924723e-03;5.674525e-02;-7.654218e-04;5.776029e-02;-1.784869e-03;3.812316e-02;-3.793290e-03;4.803013e-02;2.137130e-04;9.396573e-02;-4.081829e-03;8.361159e-02;-1.862691e-02;6.645340e-02;-1.337355e-02;4.529957e-02;-1.064023e-02;6.910851e-02;-1.515251e-02;4.236747e-02;-4.049581e-03;4.366222e-02;-4.214711e-03;4.165784e-02;-4.145209e-03;3.375104e-02;-2.742095e-03;7.473298e-02;-4.840931e-03;2.673850e-02;-5.146919e-03;4.613804e+00;-6.890625e-01;6.651324e+00;-6.459961e-01;2.810762e+01;-2.454785e+00;6.678120e+01;-7.766309e+00;5.895270e-02;-6.212201e-03;1.051897e+01;-2.038053e+00;3.767597e-02;-2.444607e-03;1.104155e+04;-2.167435e+03;1.345316e-01;1.046879e-02;2.923964e+00;7.560591e-02;1.156222e-02;1.099915e-03;7.760606e-03;-1.476721e-03;3.892384e-02;-2.274683e-03;6.283871e-01;1.398792e-01;7.496016e-01;4.344168e-02;1.138882e+00;-8.306720e-02;1.282678e+00;1.267740e-01;1.247808e+00;-1.653913e-01;1.540825e+00;9.477495e-02;1.314593e+00;2.045356e-01;1.426107e+00;-6.198269e-03;1.611851e+00;8.655043e-02;1.341972e+00;4.849983e-02;1.221076e+00;4.060608e-02;1.485682e+00;6.738188e-02;9.466972e-01;-3.779500e-03;1.270530e+00;-7.793663e-02
177.500000;3.885073e+01;1.224497e+02;2.885062e-02;7.693403e-01;1.065458e-01;1.150349e-01;1.105373e-01;1.039744e-01;1.153962e-01;2.144790e-01;1.481550e+00;5.493685e+00;1.128801e-01;1.767616e+00;7.707576e-02;9.750009e-01;1.553688e-02;8.264901e-02;5.520282e-03;2.730411e-02;3.123939e-02;1.399167e-01;3.711690e-02;2.531073e-01;4.582271e-02;4.019983e-01;2.926441e-02;5.418883e-01;5.772160e-02;6.436924e-01;2.002744e-01;7.530039e-01;1.334736e-01;8.563274e-01;1.164272e-01;9.094807e-01;2.291723e-01;1.016402e+00;1.384950e-01;1.042412e+00;1.160077e-01;1.079069e+00;1.488540e-01;1.128600e+00;1.873294e-01;1.198290e+00;2.088483e-01;1.306349e+00;1.582300e-01;1.319891e+00;1.283704e-01;1.317226e+00;2.607645e-01;1.407403e+00;5.940661e-01;1.527270e+00;2.415952e-01;1.340948e+00;4.093955e-01;1.393660e+00;2.384236e-01;1.328825e+00;1.961860e-01;1.167985e+00;1.261773e-01;1.055359e+00;1.449593e-01;8.918356e-01;1.364137e-01;7.341275e-01;1.078335e-01;5.949542e-01;2.906838e-01;1.062878e+00;8.770829e-02;2.816217e-01;3.282195e+01;2.074365e+02;6.390103e+01;2.848125e+02;1.634833e+02;4.768887e+02;3.699663e+02;1.088001e+03;1.737653e-01;7.084726e-01;9.404780e+01;4.590559e+02;3.732167e-01;3.737258e+00;7.850651e+04;2.272685e+05;7.710055e-01;2.824571e+00;1.256433e+01;2.193031e+01;1.303186e-01;-3.362408e-01;7.450612e-02;4.339673e-01;2.219637e-01;6.472993e-01;2.797697e+00;4.782378e+01;3.520377e+00;-2.611763e+01;6.000331e+00;1.898177e+01;6.169844e+00;1.354392e+01;5.836082e+00;-5.980303e+00;7.010408e+00;-5.409993e+00;6.086456e+00;-1.168728e+01;5.116445e+00;-9.279954e+00;6.687697e+00;-6.929821e+00;7.686966e+00;-1.206554e+01;4.814514e+00;-6.364358e+00;7.870618e+00;-8.527644e-01;3.854612e+00;2.480570e+00;4.318244e+00;3.376905e+00;1.125322e-04;-1.038952e-05;6.366717e-08;-1.214202e-08;7.439020e-07;-2.593988e-09;7.098316e-07;-3.663852e-08;7.416570e-07;-3.415235e-08;6.528876e-06;1.915538e-07;2.787440e-02;-1.938457e-03;2.014587e-02;8.486935e-04;1.221019e-03;-2.862288e-04;8.534225e-04;-1.133782e-06;5.583591e-03;3.241717e-05;4.436370e-03;-2.397671e-04;7.945889e-03;3.950792e-05;9.253652e-03;7.606734e-05;1.308363e-02;-7.605720e-04;3.490623e-02;-4.840368e-04;2.533928e-02;1.350711e-04;2.261367e-02;1.800694e-04;6.491242e-02;3.921067e-03;3.582045e-02;1.909192e-03;3.065366e-02;1.861123e-03;5.753608e-02;2.831441e-03;5.455142e-02;-1.638203e-03;5.413773e-02;-7.973514e-04;5.734758e-02;6.649706e-03;4.631860e-02;5.163008e-03;6.824742e-02;6.353114e-04;1.349635e-01;2.379843e-03;6.096369e-02;-5.515516e-04;8.165215e-02;7.521514e-04;7.026752e-02;1.305996e-03;6.610905e-02;-9.606825e-05;4.346931e-02;-4.318995e-04;4.652961e-02;-3.876832e-04;4.392369e-02;-3.753155e-04;3.399946e-02;-4.350342e-05;5.258331e-02;-8.967674e-03;2.629221e-02;-1.516517e-04;5.748267e+00;2.727539e-01;1.392480e+01;4.306641e-01;3.241619e+01;2.971582e+00;7.980408e+01;4.722949e+00;5.196058e-02;-5.879139e-03;1.613988e+01;1.419057e+00;4.438820e-02;4.738799e-03;1.427375e+04;1.554636e+03;1.519526e-01;-1.323206e-02;3.073764e+00;-1.973314e-01;1.111215e-02;2.363070e-03;1.212424e-02;1.000753e-03;3.585921e-02;-4.041881e-03;7.301174e-01;1.700207e-02;8.350976e-01;-7.562729e-02;1.557009e+00;1.833408e-02;1.581878e+00;6.755153e-02;1.448854e+00;-3.111326e-02;1.782735e+00;1.239734e-01;1.652367e+00;1.916672e-01;1.753871e+00;-7.166249e-02;1.773328e+00;-6.463742e-02;1.548023e+00;7.199878e-02;1.250262e+00;8.364507e-02;1.760968e+00;3.153311e-02;1.235430e+00;4.810806e-02;1.340983e+00;9.520530e-02
178.000000;5.492418e+01;1.271946e+02;1.911864e-02;7.489877e-01;8.940966e-02;1.467137e-01;5.467244e-02;8.847235e-02;1.137809e-01;2.049944e-01;2.519511e+00;3.924747e+00;9.079785e-02;1.629103e+00;6.883578e-02;9.741679e-01;5.748274e-03;6.392968e-02;4.215372e-03;3.226757e-02;8.419404e-03;1.298617e-01;2.999894e-02;2.429714e-01;4.163298e-02;3.877602e-01;3.261007e-02;5.306488e-01;6.761544e-02;6.553943e-01;1.705490e-01;8.246422e-01;1.279986e-01;8.683436e-01;1.274567e-01;9.265283e-01;2.045588e-01;1.011671e+00;1.340828e-01;1.043099e+00;1.260099e-01;1.087003e+00;1.846603e-01;1.135224e+00;2.526407e-01;1.227300e+00;2.357876e-01;1.282644e+00;2.057902e-01;1.324522e+00;1.855998e-01;1.334158e+00;2.427562e-01;1.393390e+00;5.689855e-01;1.496412e+00;2.589663e-01;1.370409e+00;4.155741e-01;1.362223e+00;2.202182e-01;1.328567e+00;1.668593e-01;1.197948e+00;9.890920e-02;1.026255e+00;1.249947e-01;8.624393e-01;1.181202e-01;7.075647e-01;8.882722e-02;5.713850e-01;1.744702e-01;7.163160e-01;5.935209e-02;2.331683e-01;2.911401e+01;2.206436e+02;4.779229e+01;3.362051e+02;1.522016e+02;6.241758e+02;2.236106e+02;1.329747e+03;1.163790e-01;6.015527e-01;5.919448e+01;5.301486e+02;1.516084e-01;4.134529e+00;5.995174e+04;2.715701e+05;4.066256e-01;2.162699e+00;6.908376e+00;1.415821e+01;3.514015e-02;-1.913230e-01;4.338440e-02;4.934756e-01;9.949593e-02;4.124704e-01;2.771620e+00;4.892356e+01;3.169843e+00;-2.791875e+01;6.349024e+00;1.596808e+01;5.008045e+00;1.232876e+01;4.940404e+00;-8.148225e+00;6.402686e+00;-3.124630e+00;6.817396e+00;-5.055755e+00;7.575223e+00;-8.767591e+00;6.836325e+00;-2.524486e+00;6.931926e+00;-5.788580e+00;4.821220e+00;-3.778743e+00;6.243738e+00;5.412543e+00;4.033574e+00;3.696808e+00;4.485833e+00;3.193213e+00;1.269823e-04;2.890434e-05;6.785182e-08;-3.449246e-09;6.879043e-07;1.679605e-08;4.432709e-07;5.770111e-09;7.474589e-07;3.034536e-08;9.261629e-06;-1.715123e-06;2.599532e-02;-1.430310e-03;1.783451e-02;8.520156e-04;1.144695e-03;-3.065662e-04;9.589372e-04;1.301336e-04;1.577697e-03;-7.579320e-05;4.605207e-03;-1.623225e-04;8.826676e-03;5.492405e-05;1.025568e-02;-3.744337e-04;1.562223e-02;-1.545806e-04;2.604529e-02;-2.059671e-03;2.390318e-02;-8.762972e-04;2.304988e-02;-3.960074e-04;5.011229e-02;-5.929305e-04;2.826893e-02;-3.996804e-04;3.084151e-02;-6.032712e-04;7.393593e-02;4.539773e-03;7.110130e-02;2.836820e-03;5.065285e-02;1.926572e-03;6.912138e-02;-2.306592e-03;5.864920e-02;-2.674809e-03;6.736962e-02;2.705032e-03;1.367124e-01;7.230360e-03;7.099368e-02;1.668407e-03;8.215845e-02;2.252924e-03;7.048057e-02;1.754379e-03;5.489070e-02;1.468041e-03;3.286881e-02;2.217224e-03;4.033664e-02;1.570782e-03;4.026415e-02;1.496057e-03;3.011952e-02;1.107497e-03;3.483368e-02;-4.822659e-03;1.913750e-02;1.930306e-04;7.379814e+00;5.024414e-01;1.574446e+01;1.693945e+00;4.342662e+01;2.928516e+00;6.756131e+01;7.507910e+00;3.602681e-02;-8.035870e-05;1.764891e+01;1.958051e+00;4.748925e-02;7.124617e-03;1.642424e+04;1.171365e+03;1.267839e-01;-1.453655e-02;2.561716e+00;-8.709350e-02;7.913930e-03;1.998438e-03;1.290032e-02;1.630585e-03;2.474216e-02;-3.852606e-03;6.371776e-01;-2.913766e-02;1.123197e+00;-2.545164e-02;1.542831e+00;-9.978489e-02;1.365088e+00;-7.530949e-03;1.413127e+00;-3.268245e-02;1.497931e+00;-9.593179e-03;1.515380e+00;4.384716e-03;1.780539e+00;6.216465e-02;1.917589e+00;1.833798e-01;1.554115e+00;1.391514e-02;1.256941e+00;3.032412e-04;1.667763e+00;1.813444e-01;1.368127e+00;6.548930e-02;1.305216e+00;-6.334896e-02
178.500000;6.198006e+01;1.331060e+02;1.839024e-02;7.479780e-01;8.053140e-02;1.460030e-01;8.387387e-02;1.011152e-01;1.001404e-01;2.044496e-01;2.833584e+00;3.857915e+00;3.271866e-01;1.731711e+00;2.364590e-01;1.081591e+00;2.466172e-02;7.450165e-02;4.347252e-03;3.119425e-02;2.530970e-02;1.387321e-01;7.177150e-02;3.034625e-01;9.628920e-02;4.495630e-01;7.820041e-02;5.646909e-01;6.010777e-02;6.649026e-01;9.593271e-02;8.256555e-01;1.064233e-01;8.813731e-01;9.644299e-02;9.247937e-01;2.342528e-01;1.019081e+00;2.019412e-01;1.087917e+00;3.119229e-01;1.230270e+00;2.777645e-01;1.239222e+00;2.334293e-01;1.272648e+00;2.409896e-01;1.319242e+00;2.288522e-01;1.344893e+00;2.596964e-01;1.397532e+00;4.218554e-01;1.510638e+00;4.442680e-01;1.478326e+00;6.391721e-01;1.694714e+00;9.288117e-01;1.772203e+00;6.815625e-01;1.626689e+00;9.845393e-01;1.614857e+00;6.030192e-01;1.299739e+00;3.249536e-01;1.013907e+00;1.787030e-01;7.964772e-01;1.668644e-01;6.498363e-01;5.781329e-01;8.871604e-01;2.151199e-01;3.216155e-01;2.731918e+01;2.049961e+02;6.056579e+01;3.129492e+02;1.606964e+02;5.768027e+02;2.132778e+02;1.265865e+03;3.081029e-01;6.803637e-01;6.070515e+01;4.998574e+02;2.570263e-01;4.043445e+00;4.348691e+04;2.531712e+05;5.336497e-01;2.293162e+00;8.062679e+00;1.598188e+01;2.176234e-01;-2.908216e-01;5.287363e-02;4.684848e-01;3.767126e-01;5.844656e-01;5.142325e+00;4.763921e+01;4.444029e+00;-2.517947e+01;6.538914e+00;1.580277e+01;4.836186e+00;1.060763e+01;1.227548e+01;-1.864932e+00;7.312454e+00;-6.096450e+00;7.422954e+00;-4.867671e+00;8.720136e+00;-5.314258e+00;6.648286e+00;1.375935e-01;4.870840e+00;-4.300337e+00;5.444559e+00;-5.786384e+00;8.167518e+00;1.926365e+00;6.346134e+00;-3.609949e-02;3.711848e+00;2.419975e+00;1.810159e-04;8.289963e-07;1.017375e-07;9.092464e-09;5.707955e-07;-3.978676e-08;5.597465e-07;-2.586727e-08;6.851998e-07;-4.612823e-09;1.126871e-05;3.458896e-07;4.121031e-02;3.444095e-03;3.960961e-02;1.156484e-04;2.758006e-03;4.116838e-04;9.625895e-04;5.165020e-06;5.591353e-03;1.357627e-04;1.207944e-02;6.835092e-04;1.739348e-02;4.488410e-04;1.643806e-02;-9.574452e-04;1.551190e-02;1.974791e-04;2.381866e-02;1.176721e-03;2.089577e-02;1.260725e-04;1.595363e-02;-3.979281e-04;6.012645e-02;-4.360224e-03;3.962327e-02;1.487479e-05;5.677555e-02;3.111148e-04;7.519679e-02;-1.674386e-03;6.479946e-02;4.347613e-03;5.993167e-02;3.393636e-03;7.615652e-02;-3.034167e-03;6.821594e-02;-2.766943e-03;7.344093e-02;2.528203e-06;1.244527e-01;-1.382313e-03;1.139074e-01;2.284763e-03;1.582529e-01;2.470035e-03;1.680729e-01;-1.239647e-03;2.086431e-01;1.547166e-03;1.230805e-01;-6.739342e-04;6.603336e-02;6.766554e-04;4.215197e-02;1.687718e-03;3.882175e-02;-1.062506e-05;9.092281e-02;2.837068e-03;3.605833e-02;2.091141e-03;6.836580e+00;-8.613281e-01;1.191053e+01;-1.277637e+00;4.382491e+01;-3.904687e+00;6.521226e+01;-1.751367e+00;5.074111e-02;-1.988558e-04;1.516032e+01;-1.714343e+00;5.221951e-02;-5.307736e-03;1.511487e+04;-9.816932e+02;1.335252e-01;5.615485e-03;2.821567e+00;7.731383e-02;2.825710e-02;-2.985607e-03;1.165218e-02;-1.456928e-03;4.895373e-02;6.497719e-03;9.161534e-01;-5.621019e-02;1.123793e+00;1.223657e-01;1.523720e+00;-1.714660e-03;1.057301e+00;1.272815e-02;1.807179e+00;2.244036e-01;1.349555e+00;-1.615927e-01;1.753510e+00;-4.726968e-02;1.681783e+00;2.388778e-01;1.806478e+00;1.531831e-01;1.479496e+00;2.556748e-03;1.589634e+00;-3.210515e-02;1.485259e+00;-9.366455e-02;1.335345e+00;-1.531467e-01;1.276155e+00;-1.795952e-01
179.000000;3.474569e+01;1.063410e+02;1.969722e-02;7.375180e-01;1.055440e-01;1.197688e-01;9.459567e-02;1.022991e-01;1.074497e-01;1.890870e-01;1.664765e+00;5.152551e+00;4.260426e-01;2.157151e+00;2.422541e-01;1.114409e+00;2.538831e-02;1.040921e-01;4.231569e-03;3.140967e-02;2.499337e-02;1.383821e-01;6.798398e-02;3.100084e-01;8.543318e-02;4.711327e-01;8.779114e-02;5.919586e-01;1.067254e-01;6.863419e-01;1.359324e-01;7.935132e-01;1.256235e-01;8.601570e-01;1.400975e-01;8.718636e-01;2.957082e-01;1.015952e+00;1.981817e-01;1.114584e+00;3.076934e-01;1.336751e+00;2.425493e-01;1.289403e+00;1.587417e-01;1.267696e+00;2.156754e-01;1.352901e+00;2.009579e-01;1.330801e+00;2.526048e-01;1.459400e+00;4.877125e-01;1.655963e+00;5.299420e-01;1.722465e+00;6.338037e-01;1.791721e+00;9.147679e-01;1.910282e+00;6.847011e-01;1.648040e+00;9.938030e-01;1.597546e+00;6.085975e-01;1.295979e+00;3.322881e-01;1.022758e+00;1.739662e-01;7.949755e-01;1.691698e-01;6.440483e-01;6.729141e-01;1.553228e+00;4.207677e-01;7.465597e-01;2.375559e+01;2.004023e+02;5.475045e+01;2.901240e+02;2.282384e+02;6.144141e+02;1.913321e+02;1.257539e+03;3.379902e-01;8.476605e-01;7.164721e+01;5.006760e+02;2.642916e-01;3.932227e+00;5.199503e+04;2.679971e+05;5.320938e-01;2.303380e+00;6.185053e+00;1.506648e+01;2.252727e-01;-5.347355e-01;6.070521e-02;4.645739e-01;4.518431e-01;1.058836e+00;4.659749e+00;4.405511e+01;3.230002e+00;-2.369830e+01;6.438475e+00;2.184984e+01;5.891419e+00;6.776700e+00;1.122142e+01;7.487847e+00;6.637905e+00;-6.851755e+00;1.051656e+01;-1.660236e+01;8.234074e+00;-6.986468e+00;6.924774e+00;5.873172e+00;6.229985e+00;-1.928417e+00;5.909513e+00;-5.821399e+00;7.045600e+00;-5.122442e+00;5.625805e+00;-5.105566e+00;4.822358e+00;-1.040691e+00;1.299336e-04;-2.892430e-05;1.087371e-07;-7.191129e-09;7.444779e-07;5.905887e-08;5.640066e-07;1.052268e-09;8.373481e-07;4.037689e-08;8.586150e-06;9.945763e-07;6.066146e-02;3.403201e-03;4.577703e-02;-1.371674e-03;3.122782e-03;5.414392e-04;9.872369e-04;-9.926935e-05;5.713512e-03;6.553783e-05;1.233085e-02;3.978816e-04;1.679780e-02;6.555072e-04;2.307950e-02;-1.113876e-04;2.835955e-02;-6.153142e-04;3.527584e-02;-2.461213e-03;2.081909e-02;-3.018291e-03;2.853409e-02;-1.251136e-03;8.930432e-02;-7.994760e-04;4.917826e-02;-7.067739e-04;6.444316e-02;-1.030487e-03;5.736369e-02;-4.676305e-03;4.813591e-02;1.835870e-04;6.707171e-02;-9.728375e-04;6.713869e-02;-7.797454e-04;6.315050e-02;7.732217e-04;9.822866e-02;-4.982482e-03;1.417087e-01;-5.175427e-03;1.256739e-01;-1.887736e-03;1.722497e-01;-4.083989e-03;1.699033e-01;-3.513132e-03;2.086838e-01;4.199779e-04;1.245201e-01;-1.073613e-03;6.689707e-02;-6.779525e-04;3.714860e-02;-1.905559e-04;3.729985e-02;-1.513738e-04;1.258689e-01;1.063387e-02;5.958779e-02;2.508359e-03;6.298502e+00;-5.167969e-01;1.167984e+01;-1.823145e+00;5.735849e+01;-3.617578e+00;5.446560e+01;-5.297168e+00;6.702222e-02;4.479159e-03;1.723631e+01;-1.937497e+00;6.040891e-02;-8.093214e-03;1.520455e+04;-6.280044e+02;1.246173e-01;1.236311e-02;1.957530e+00;1.087084e-01;3.332213e-02;-4.142138e-03;1.381355e-02;-1.766011e-03;7.038658e-02;4.515794e-03;9.273604e-01;-5.186402e-02;8.391737e-01;6.372245e-02;1.502272e+00;1.389766e-01;1.222049e+00;8.462037e-02;1.722674e+00;2.481254e-01;1.706128e+00;7.266406e-03;1.976502e+00;-1.263291e-01;1.752490e+00;-1.444118e-01;1.914814e+00;-8.191250e-02;1.433910e+00;1.095376e-02;1.844482e+00;-2.521075e-02;1.684934e+00;-9.058233e-02;1.212112e+00;-1.453581e-01;1.318756e+00;-3.366778e-02
179.500000;2.963213e+00;9.745325e+01;3.575993e-02;7.610234e-01;1.205108e-01;7.960437e-02;7.558748e-02;5.651492e-02;1.412110e-01;1.836096e-01;2.064659e+00;6.549818e+00;3.087350e-01;2.451233e+00;2.063931e-01;1.031455e+00;7.518996e-03;1.189715e-01;3.923825e-03;3.333585e-02;5.219925e-03;1.328054e-01;1.430384e-02;2.736916e-01;2.388661e-02;4.251997e-01;6.498033e-02;5.656332e-01;1.660545e-01;6.824644e-01;2.127822e-01;8.485318e-01;1.592541e-01;9.096186e-01;1.675185e-01;9.157355e-01;3.031713e-01;1.078281e+00;1.541046e-01;1.095299e+00;2.341264e-01;1.123334e+00;1.923420e-01;1.208986e+00;1.494457e-01;1.231044e+00;2.067693e-01;1.296605e+00;2.608317e-01;1.333388e+00;2.609938e-01;1.410284e+00;4.718995e-01;1.564469e+00;4.862508e-01;1.642914e+00;5.031538e-01;1.537031e+00;6.509739e-01;1.551290e+00;5.775399e-01;1.459237e+00;2.397746e-01;1.136854e+00;3.499932e-01;1.060152e+00;4.535921e-01;9.508428e-01;2.553419e-01;7.663344e-01;2.226968e-01;6.177962e-01;4.100334e-01;1.984631e+00;3.436632e-01;9.782907e-01;1.714502e+01;1.946602e+02;3.974262e+01;2.919902e+02;2.389043e+02;6.988242e+02;1.603661e+02;1.315392e+03;2.675306e-01;8.838667e-01;7.674030e+01;5.236862e+02;2.527319e-01;4.017001e+00;7.633928e+04;3.001825e+05;4.183966e-01;2.194550e+00;4.193561e+00;1.341184e+01;1.000432e-01;-6.526988e-01;5.926469e-02;4.793141e-01;2.982931e-01;1.288937e+00;4.035506e+00;4.271342e+01;2.925507e+00;-2.436316e+01;3.490622e+00;2.454804e+01;6.480965e+00;4.305654e+00;5.198834e+00;7.816819e+00;6.080111e+00;-9.526712e-01;6.636897e+00;-2.121073e+01;7.698051e+00;-6.814435e+00;6.530292e+00;9.362585e+00;5.616424e+00;-9.094962e-01;6.060925e+00;-4.965294e+00;5.284051e+00;-6.558121e+00;4.414153e+00;-4.635117e+00;5.842125e+00;-7.959002e+00;1.901300e-05;-5.746846e-08;7.813991e-08;9.080662e-09;6.291535e-07;7.551114e-10;3.620563e-07;-5.599465e-09;8.393625e-07;-5.721814e-09;5.877737e-06;9.120745e-07;7.468285e-02;1.972405e-03;4.643416e-02;-9.299314e-04;2.175690e-03;1.211474e-04;9.843302e-04;-2.758880e-05;1.733704e-03;7.381852e-06;3.935763e-03;-2.294349e-04;4.329121e-03;-6.054990e-04;1.853806e-02;1.133577e-03;3.909902e-02;-4.212391e-04;4.955844e-02;-7.684304e-04;2.927472e-02;-2.841665e-05;3.453322e-02;1.920694e-03;9.224611e-02;3.981842e-03;4.566455e-02;-1.818045e-04;3.806202e-02;-1.400245e-03;6.845816e-02;2.132740e-04;4.413195e-02;-4.134815e-03;5.656606e-02;-2.126344e-03;6.862406e-02;-1.599593e-03;5.963362e-02;-3.530648e-03;1.088308e-01;-2.040898e-03;1.165021e-01;-1.078470e-03;1.147446e-01;-2.383149e-03;1.469686e-01;-4.391659e-03;1.420059e-01;-2.157190e-03;5.140257e-02;-1.352384e-03;7.987981e-02;4.885674e-04;1.058711e-01;-7.305975e-04;6.714082e-02;-2.052445e-03;6.045937e-02;-7.102900e-04;1.123256e-01;7.743043e-03;1.012065e-01;1.527060e-03;6.066778e+00;0;1.239817e+01;7.177734e-01;8.011956e+01;2.225098e+00;5.494445e+01;-1.349414e+00;6.718710e-02;-5.645137e-04;2.373732e+01;2.877679e-01;6.139700e-02;4.292754e-03;2.226365e+04;-3.722283e+02;1.500856e-01;-2.781184e-03;1.672256e+00;2.824961e-03;2.471065e-02;-1.230103e-03;1.782816e-02;3.879088e-04;7.734974e-02;1.041539e-03;8.407738e-01;6.796532e-02;1.009011e+00;-3.886313e-02;1.236522e+00;-3.034902e-02;1.402200e+00;-8.454395e-02;1.014859e+00;-4.941835e-02;1.676066e+00;2.146914e-01;1.641975e+00;-3.040262e-02;1.626159e+00;-8.669332e-02;2.165909e+00;4.470527e-02;1.298061e+00;-1.949096e-02;1.946196e+00;7.958044e-03;1.583852e+00;4.151435e-02;9.484367e-01;3.802314e-02;1.351548e+00;-1.611658e-03
180.000000;1.498514e-01;9.801761e+01;1.490416e-02;7.925238e-01;8.870468e-02;3.617492e-02;2.562918e-02;1.568234e-02;1.358414e-01;1.397177e-01;2.054724e+00;7.497833e+00;3.507111e-01;2.255993e+00;1.971823e-01;9.793836e-01;9.481983e-03;1.123586e-01;4.865830e-03;2.983371e-02;5.744705e-03;1.302218e-01;1.465487e-02;2.695933e-01;1.606422e-02;4.137895e-01;3.040270e-02;5.476708e-01;1.532645e-01;6.881309e-01;1.823315e-01;8.285953e-01;1.429369e-01;9.097764e-01;1.742100e-01;1.008661e+00;2.554484e-01;1.050008e+00;1.596688e-01;1.039842e+00;9.712173e-02;9.853142e-01;2.035726e-01;1.114875e+00;1.608614e-01;1.163248e+00;2.056907e-01;1.240090e+00;2.434996e-01;1.324206e+00;2.564702e-01;1.331302e+00;3.883480e-01;1.402382e+00;3.754914e-01;1.425336e+00;4.704105e-01;1.400237e+00;6.034495e-01;1.405870e+00;5.958023e-01;1.328661e+00;2.648752e-01;1.111416e+00;3.712895e-01;1.032681e+00;4.624588e-01;9.273734e-01;2.766724e-01;7.631822e-01;2.392994e-01;6.215117e-01;3.723131e-01;1.905260e+00;3.763411e-01;6.460522e-01;1.661766e+01;1.866211e+02;3.465709e+01;2.805059e+02;1.971618e+02;5.785254e+02;2.733275e+02;1.105371e+03;2.667908e-01;8.061746e-01;8.613396e+01;4.604859e+02;2.125861e-01;3.992157e+00;1.037387e+05;2.317265e+05;6.849859e-01;2.634995e+00;1.585328e+01;2.239101e+01;1.090474e-01;-5.919068e-01;6.176207e-02;4.352529e-01;3.023901e-01;1.102146e+00;6.812342e+00;4.748883e+01;3.623128e+00;-2.369002e+01;5.501218e+00;2.006256e+01;5.153666e+00;3.555629e+00;5.945152e+00;1.326485e+00;6.200122e+00;4.156251e+00;6.279677e+00;-1.399130e+01;3.757436e+00;-1.218974e+00;7.118886e+00;6.835126e+00;4.661374e+00;-4.941803e+00;4.930824e+00;-6.553207e+00;4.102901e+00;-4.345593e+00;3.740835e+00;-2.470543e+00;4.539043e+00;-1.075701e+01;8.386505e-07;-3.628235e-08;4.665865e-08;8.644984e-09;2.934990e-07;-6.273947e-08;1.138225e-07;-9.759204e-09;6.126126e-07;-4.142002e-08;4.871317e-06;1.823881e-07;6.063360e-02;-9.503417e-04;4.250798e-02;7.058016e-04;1.628697e-03;-1.242844e-04;8.730806e-04;-2.935247e-05;1.072645e-03;4.384067e-05;2.379746e-03;1.739898e-04;5.052971e-03;-7.958736e-04;6.811226e-03;3.701236e-06;3.229917e-02;1.444674e-03;4.038130e-02;1.590944e-03;2.811800e-02;2.762083e-03;3.208879e-02;2.859368e-03;6.488654e-02;-7.313828e-04;3.652693e-02;-4.286706e-04;2.205272e-02;1.256907e-03;7.068476e-02;1.616989e-03;4.003215e-02;-1.957602e-03;4.972329e-02;-4.676953e-04;5.745067e-02;1.595619e-03;5.789223e-02;1.875247e-03;8.564230e-02;2.246351e-03;8.313055e-02;8.766997e-04;9.983260e-02;1.144163e-03;1.303326e-01;2.357072e-03;1.384347e-01;8.309545e-04;6.652657e-02;-8.022003e-04;8.693051e-02;-2.639535e-04;1.110289e-01;5.217467e-04;7.714235e-02;3.120253e-04;6.852253e-02;2.858730e-04;7.785727e-02;-1.884853e-03;9.088390e-02;-2.710618e-03;4.906127e+00;-2.871094e-01;9.684102e+00;-2.583984e-01;6.538861e+01;9.331055e-01;5.594265e+01;-2.942871e+00;6.780836e-02;1.787202e-03;2.052839e+01;-3.191042e-01;5.201209e-02;3.024603e-03;1.992594e+04;-7.353500e+02;1.831643e-01;8.676587e-03;4.398022e+00;2.991632e-01;1.829528e-02;6.201329e-04;1.521153e-02;-1.230230e-04;6.644626e-02;-1.478600e-03;1.081963e+00;7.749194e-02;1.222022e+00;1.398996e-02;1.223382e+00;-7.070661e-02;1.364512e+00;-1.072884e-01;1.205913e+00;-2.299511e-01;1.302855e+00;1.221244e-01;1.416213e+00;1.085943e-01;1.270226e+00;1.777376e-01;1.879818e+00;9.428576e-02;1.282365e+00;2.212192e-02;1.610043e+00;5.970606e-03;1.299792e+00;-6.284162e-02;9.755946e-01;7.015250e-02;1.154180e+00;-5.555690e-03
180.500000;3.609339e-01;9.815748e+01;1.258834e-02;7.900028e-01;4.159398e-02;3.253125e-02;2.061350e-02;1.901648e-02;1.224845e-01;1.416183e-01;2.232495e+00;7.806531e+00;2.447647e-01;1.844422e+00;1.153664e-01;9.363843e-01;2.287054e-02;1.122034e-01;6.679394e-03;2.057193e-02;2.503151e-02;1.401235e-01;3.079221e-02;2.824199e-01;2.104282e-02;4.138468e-01;5.438164e-02;5.337179e-01;9.883711e-02;6.907282e-01;7.449959e-02;7.250664e-01;1.134503e-01;8.113275e-01;2.174232e-01;9.731202e-01;1.847188e-01;9.240671e-01;1.269690e-01;9.552376e-01;9.395560e-02;9.964354e-01;1.373357e-01;1.066062e+00;1.097729e-01;1.090653e+00;1.957014e-01;1.195961e+00;1.445626e-01;1.252342e+00;2.726890e-01;1.300653e+00;4.023581e-01;1.313692e+00;5.856836e-01;1.419400e+00;2.699110e-01;1.296305e+00;2.668493e-01;1.240048e+00;2.688770e-01;1.220861e+00;2.666512e-01;1.196569e+00;2.353890e-01;1.039044e+00;2.129604e-01;8.999211e-01;1.853388e-01;7.544503e-01;1.518820e-01;6.139420e-01;4.274740e-01;1.416291e+00;1.772359e-01;2.672665e-01;3.937980e+01;1.517373e+02;5.260354e+01;2.289697e+02;1.361201e+02;4.111406e+02;2.449989e+02;7.100215e+02;2.828627e-01;7.504770e-01;8.716233e+01;3.382290e+02;4.964565e-01;3.613941e+00;4.485035e+04;1.194676e+05;2.583525e+00;4.403030e+00;1.270977e+02;9.126888e+01;3.227039e-01;-6.243998e-01;8.222067e-02;3.378804e-01;3.408224e-01;9.102927e-01;3.399771e+00;5.217020e+01;6.701729e+00;-1.768694e+01;6.507883e+00;1.513665e+01;6.454610e+00;7.959155e+00;6.001260e+00;-3.972135e+00;5.271222e+00;6.986442e+00;6.472472e+00;-4.632760e+00;4.245650e+00;8.201605e-01;6.718778e+00;7.931173e+00;4.342774e+00;-5.095825e+00;4.555583e+00;-7.311542e+00;4.773320e+00;-1.826176e+00;4.182924e+00;-2.824454e+00;5.226983e+00;-5.796484e+00;1.964144e-06;3.369123e-08;7.167795e-08;-4.016378e-09;2.520747e-07;2.847437e-08;8.997089e-08;1.194635e-08;6.838493e-07;2.697129e-08;7.913439e-06;-6.870282e-07;3.598206e-02;-6.325343e-03;3.206635e-02;1.422727e-03;6.245452e-03;5.499880e-05;6.767792e-04;-1.161502e-04;6.616638e-03;1.723888e-04;8.202998e-03;2.325869e-04;6.066023e-03;1.430252e-04;1.058722e-02;4.989466e-04;2.000616e-02;-2.288116e-04;1.814679e-02;-2.483936e-03;1.625236e-02;-1.485438e-03;3.245149e-02;-2.104370e-03;4.466664e-02;-1.918850e-03;3.246037e-02;-1.162667e-03;2.066337e-02;-5.485137e-04;5.944166e-02;-1.422161e-03;3.393051e-02;1.188781e-03;5.543069e-02;9.295820e-04;4.165419e-02;-1.323329e-03;6.605086e-02;3.960697e-03;8.747505e-02;5.122283e-03;1.324710e-01;6.040883e-03;7.359169e-02;1.745079e-03;5.873981e-02;3.520427e-03;7.089014e-02;4.653746e-03;8.558321e-02;6.011429e-03;7.456263e-02;4.607835e-03;6.937759e-02;3.975423e-03;6.193971e-02;3.738317e-03;5.102276e-02;3.127546e-03;6.408359e-02;-8.589879e-03;2.182632e-02;-4.871092e-03;4.673802e+00;-5.742188e-01;6.213298e+00;-1.248926e+00;1.768521e+01;-3.574512e+00;3.191568e+01;-6.976758e+00;7.863620e-02;5.842141e-03;1.001675e+01;-2.163898e+00;7.453933e-02;-1.059963e-02;7.612896e+03;-1.221192e+03;5.463080e-01;6.423541e-02;3.606973e+01;3.210332e+00;9.329249e-02;-2.000834e-03;9.306690e-03;-1.963196e-03;9.794440e-02;-2.568998e-03;1.061856e+00;-2.287305e-02;1.148386e+00;1.684513e-01;1.704815e+00;-1.696035e-02;1.099498e+00;1.473821e-01;1.408563e+00;-8.963448e-02;1.231668e+00;5.234176e-02;1.334201e+00;1.439488e-01;1.007797e+00;-6.004852e-02;1.398674e+00;1.900408e-02;1.121368e+00;-1.719963e-02;1.355021e+00;-1.132774e-01;1.321752e+00;1.522534e-01;1.012488e+00;8.210076e-02;8.955426e-01;5.578724e-02
181.000000;3.863264e-01;9.813953e+01;1.522730e-02;7.930556e-01;7.607441e-02;5.954047e-02;4.436258e-02;4.106839e-02;1.219992e-01;1.780740e-01;2.723171e+00;8.348900e+00;1.848274e-01;1.548840e+00;1.319182e-01;9.714302e-01;3.631105e-02;1.175776e-01;4.388899e-03;1.376669e-02;3.810859e-02;1.392921e-01;5.841129e-02;2.757953e-01;4.420589e-02;4.104282e-01;7.362960e-02;5.434750e-01;8.517022e-02;6.767794e-01;1.088156e-01;7.477595e-01;1.081519e-01;7.969993e-01;1.883850e-01;8.990874e-01;1.335786e-01;8.867966e-01;9.675015e-02;9.360516e-01;9.106314e-02;9.783993e-01;1.879644e-01;1.101019e+00;2.256674e-01;1.141831e+00;3.394296e-01;1.240912e+00;2.046212e-01;1.241759e+00;2.889009e-01;1.327306e+00;4.533989e-01;1.383821e+00;6.514657e-01;1.469527e+00;4.083596e-01;1.466964e+00;3.343602e-01;1.415718e+00;2.913619e-01;1.384638e+00;2.781145e-01;1.306797e+00;2.562944e-01;1.116643e+00;2.254843e-01;9.494315e-01;1.887473e-01;7.840781e-01;1.525403e-01;6.358783e-01;3.484994e-01;1.158983e+00;5.218304e-02;9.419887e-02;2.581551e+01;1.175713e+02;4.714608e+01;1.896357e+02;1.096001e+02;3.090732e+02;1.705567e+02;4.704287e+02;2.936032e-01;7.895989e-01;7.057702e+01;2.562518e+02;4.847131e-01;3.233069e+00;3.940720e+04;7.331607e+04;6.579114e+00;8.486237e+00;7.010724e+02;4.408435e+02;4.880849e-01;-7.427245e-01;6.935609e-02;2.630464e-01;4.062219e-01;6.755239e-01;3.525584e+00;5.058020e+01;7.758063e+00;-7.666677e+00;7.067293e+00;1.643109e+01;6.311933e+00;1.098815e+01;6.445529e+00;-6.899777e+00;6.492253e+00;4.345405e+00;5.339976e+00;-7.537756e-01;6.197445e+00;2.419205e+00;4.999187e+00;1.134107e+01;5.628981e+00;-2.999678e+00;5.145284e+00;-7.372928e+00;5.645249e+00;1.013386e+00;4.082449e+00;-1.423676e+00;3.112716e+00;-2.695834e+00;2.059269e-06;-9.653357e-08;9.077011e-08;4.001526e-09;4.544531e-07;-9.219000e-10;2.359480e-07;3.672665e-09;7.103352e-07;-1.940443e-08;1.180178e-05;6.007061e-07;3.913065e-02;-4.410231e-03;3.994754e-02;1.410500e-03;8.633577e-03;-2.586373e-04;8.078945e-04;-5.341395e-05;9.443576e-03;-3.234801e-04;1.320349e-02;-7.372770e-04;8.594786e-03;-1.075424e-04;1.472642e-02;9.979915e-04;1.992033e-02;-8.523972e-04;2.333648e-02;-6.078484e-04;1.860270e-02;-5.611518e-04;3.520291e-02;-1.772507e-03;5.027181e-02;2.181706e-03;3.441372e-02;2.477262e-03;2.523766e-02;-7.559130e-04;7.119855e-02;1.965668e-03;5.478715e-02;2.946392e-03;8.441997e-02;3.991620e-03;5.455691e-02;2.329167e-03;7.214702e-02;2.619433e-03;1.045395e-01;4.851763e-03;1.499514e-01;5.365199e-03;1.087670e-01;6.360318e-03;8.405201e-02;4.631488e-03;9.454753e-02;1.766973e-03;1.029935e-01;-2.730702e-04;8.761556e-02;6.222887e-04;7.615522e-02;-6.097419e-05;6.298865e-02;-2.442405e-04;5.100979e-02;-1.379014e-04;7.819559e-02;-5.730834e-03;1.346810e-02;-1.201961e-03;6.422785e+00;-4.593750e-01;1.175891e+01;8.613281e-02;2.001546e+01;-5.742188e-01;3.060959e+01;-1.622168e+00;9.402110e-02;-7.124901e-03;1.361176e+01;-6.511198e-01;9.617893e-02;-2.198390e-03;8.410031e+03;-3.283711e+02;1.587202e+00;1.468833e-02;1.700226e+02;4.009171e-01;1.258378e-01;2.208536e-03;1.357080e-02;-5.913217e-04;1.114895e-01;-3.700477e-03;1.091206e+00;-4.571804e-02;1.476206e+00;8.509406e-02;1.765152e+00;8.723918e-02;1.356981e+00;-1.805050e-02;1.650385e+00;-4.933222e-02;1.277861e+00;-4.105914e-02;1.508334e+00;-2.727563e-02;1.109434e+00;5.004507e-02;1.624278e+00;-2.129609e-02;1.233248e+00;-6.766675e-02;1.385257e+00;5.543370e-02;1.494265e+00;1.121634e-01;1.066602e+00;6.162402e-02;1.051661e+00;3.076611e-02
181.500000;2.281418e+00;9.689789e+01;3.022481e-02;7.875710e-01;7.907140e-02;6.210414e-02;5.267651e-02;4.891562e-02;8.419053e-02;1.513179e-01;3.500824e+00;9.054270e+00;3.958266e-01;1.544770e+00;2.740139e-01;1.078416e+00;4.258897e-02;1.198659e-01;8.949913e-03;1.609347e-02;4.440108e-02;1.320849e-01;7.315343e-02;2.727644e-01;7.739098e-02;4.243618e-01;7.353657e-02;5.740725e-01;8.604001e-02;6.694540e-01;1.386914e-01;7.516701e-01;1.368710e-01;8.155994e-01;1.383234e-01;8.692719e-01;5.322364e-01;1.110371e+00;4.770093e-01;1.143830e+00;1.057984e+00;1.407554e+00;4.048980e-01;1.271879e+00;3.995810e-01;1.313564e+00;5.040428e-01;1.430911e+00;4.120692e-01;1.464365e+00;3.345734e-01;1.476773e+00;3.722833e-01;1.535979e+00;6.160001e-01;1.607041e+00;6.754549e-01;1.723066e+00;8.653378e-01;1.752858e+00;4.521851e-01;1.497147e+00;5.414912e-01;1.397975e+00;2.674147e-01;1.123758e+00;2.109205e-01;9.231350e-01;1.723656e-01;7.469650e-01;1.423816e-01;6.023540e-01;4.385916e-01;1.063349e+00;5.512512e-01;2.786799e-01;5.260922e+01;1.240312e+02;1.361101e+02;2.048525e+02;2.793786e+02;3.593174e+02;3.668439e+02;5.324443e+02;3.464372e-01;8.153444e-01;1.621515e+02;2.810964e+02;5.811430e-01;3.124627e+00;9.982955e+04;1.007284e+05;7.360801e+00;9.618673e+00;7.381343e+02;5.582373e+02;5.366043e-01;-7.865881e-01;1.374847e-01;2.764713e-01;4.538313e-01;5.380490e-01;3.650977e+00;4.772240e+01;1.197280e+01;-8.866597e+00;6.260710e+00;2.288064e+01;8.707380e+00;1.216258e+01;1.184363e+01;-2.924655e+00;6.082579e+00;3.128502e+00;9.807818e+00;-4.761001e+00;8.295127e+00;4.721273e-01;7.332812e+00;8.439576e+00;6.952780e+00;-2.503697e+00;6.909540e+00;-3.955876e+00;4.844038e+00;2.814648e+00;5.237502e+00;7.178836e-01;5.340843e+00;-7.263329e-02;1.225388e-05;7.794705e-08;1.085105e-07;-6.999752e-09;4.074063e-07;-6.993529e-09;2.798933e-07;-1.646221e-08;5.724690e-07;1.984215e-09;1.577661e-05;-5.440882e-07;6.557332e-02;5.420228e-03;6.535175e-02;8.030836e-04;1.139018e-02;-1.539532e-04;1.537989e-03;1.540690e-04;1.106752e-02;-4.925975e-04;1.845861e-02;-3.339131e-04;2.119657e-02;6.222394e-04;1.632490e-02;-7.000301e-05;1.839958e-02;1.617751e-03;2.785418e-02;2.632903e-03;3.658645e-02;1.412581e-03;3.586238e-02;7.626895e-04;1.118848e-01;5.370588e-03;9.810453e-02;4.406062e-03;2.257132e-01;6.315952e-03;9.474372e-02;1.060449e-03;8.631995e-02;1.703614e-03;1.104935e-01;4.200149e-03;9.882526e-02;5.107373e-03;8.064242e-02;7.122513e-04;9.143704e-02;1.104835e-03;1.374105e-01;4.274170e-03;1.773472e-01;2.276319e-03;2.216633e-01;3.946066e-03;1.257873e-01;-4.354607e-03;1.542344e-01;-6.888787e-03;7.858653e-02;-4.950670e-03;6.197299e-02;-4.146904e-03;5.099676e-02;-3.093792e-03;4.293936e-02;-2.314522e-03;7.983568e-02;2.632967e-03;1.169642e-01;5.217306e-03;1.602792e+01;5.598633e-01;4.428482e+01;8.182617e-01;6.465155e+01;3.029004e+00;5.671060e+01;8.354883e+00;1.230935e-01;-2.615258e-03;3.679633e+01;2.312201e+00;1.253118e-01;9.147681e-03;1.673405e+04;1.889727e+03;1.848818e+00;-6.407399e-02;1.940018e+02;-3.245954e+00;1.496331e-01;2.946258e-03;3.156602e-02;1.941356e-03;9.906561e-02;1.685863e-03;1.093204e+00;8.975497e-04;2.119094e+00;-2.091364e-01;1.481057e+00;1.048829e-01;2.057750e+00;-5.962186e-02;2.120466e+00;6.841926e-02;1.394597e+00;5.675332e-03;1.717653e+00;-2.542891e-01;1.451622e+00;-2.512412e-02;1.808740e+00;-1.592053e-01;1.532848e+00;7.691426e-03;1.290172e+00;2.778515e-01;1.528670e+00;-7.795046e-02;1.232048e+00;-1.070015e-01;1.383003e+00;8.177976e-03
182.000000;2.414878e+01;8.247202e+01;1.534497e-01;7.335978e-01;6.608529e-02;5.683279e-02;6.616315e-02;4.797280e-02;1.375089e-01;1.618230e-01;2.219310e+01;1.842613e+00;4.643737e-01;1.870746e+00;2.780316e-01;1.113702e+00;4.320546e-02;1.275980e-01;1.056616e-02;2.427186e-02;4.707062e-02;1.350954e-01;6.293536e-02;2.785965e-01;7.273541e-02;4.316165e-01;6.799152e-02;5.767530e-01;8.047795e-02;6.488296e-01;1.296730e-01;7.262280e-01;1.564446e-01;8.523581e-01;1.127625e-01;8.641159e-01;5.550210e-01;1.116747e+00;4.860774e-01;1.158568e+00;9.994757e-01;1.607498e+00;3.672141e-01;1.359902e+00;3.608521e-01;1.331186e+00;4.494182e-01;1.415018e+00;3.942649e-01;1.513176e+00;3.811881e-01;1.619927e+00;4.944531e-01;1.742165e+00;5.489286e-01;1.693529e+00;7.912299e-01;1.833414e+00;1.009868e+00;1.930833e+00;4.741338e-01;1.431154e+00;5.929044e-01;1.374451e+00;2.317074e-01;1.095933e+00;1.549310e-01;8.987347e-01;1.235675e-01;7.301446e-01;1.025791e-01;5.902883e-01;4.084527e-01;1.051359e+00;5.926632e-01;6.984985e-01;5.891884e+01;1.353721e+02;1.592746e+02;2.239453e+02;3.747112e+02;4.849277e+02;4.630153e+02;8.481211e+02;5.324546e-01;1.021725e+00;1.929271e+02;3.730009e+02;6.026820e-01;3.234807e+00;1.273761e+05;2.027381e+05;5.244182e+00;5.502982e+00;3.909427e+02;2.049951e+02;5.846590e-01;-8.602688e-01;1.622382e-01;3.439173e-01;5.619234e-01;8.761886e-01;3.576641e+00;4.479774e+01;1.058036e+01;-1.902368e+01;8.550917e+00;3.143103e+01;7.454977e+00;1.328683e+01;9.926014e+00;4.611295e+00;6.059649e+00;7.066312e+00;1.469227e+01;-1.890626e+01;8.642811e+00;-5.161182e+00;1.058080e+01;9.844510e+00;8.374141e+00;2.580322e+00;7.791757e+00;-6.268633e-01;1.181398e+01;-6.927492e+00;5.994172e+00;-6.942558e-01;6.203506e+00;6.112124e+00;4.027665e-05;-7.440063e-06;1.051116e-07;-1.275406e-08;1.798688e-07;1.343909e-08;2.795492e-07;2.813745e-09;8.929858e-07;-4.071585e-08;1.362838e-04;-5.438606e-07;7.900548e-02;4.524870e-03;6.729693e-02;-1.486744e-03;1.167264e-02;6.038335e-05;1.624995e-03;1.630133e-04;1.092874e-02;-2.974903e-05;1.639236e-02;-1.336290e-04;2.193801e-02;-4.169699e-04;1.824704e-02;-1.650220e-03;1.829123e-02;-2.214227e-04;2.661970e-02;1.162705e-03;4.441923e-02;-2.146752e-03;3.477455e-02;-1.830565e-03;1.127104e-01;1.457356e-03;9.926083e-02;7.321161e-04;2.295652e-01;9.844493e-04;8.994179e-02;-1.275407e-03;7.883783e-02;-2.841901e-03;9.157822e-02;2.523416e-04;9.939354e-02;1.863089e-03;9.484022e-02;-7.251371e-03;1.187846e-01;-8.224446e-03;1.264958e-01;-4.471091e-03;2.046191e-01;-5.644429e-03;2.615119e-01;-3.888933e-03;1.214250e-01;-1.687358e-03;1.489760e-01;-5.152737e-04;5.481995e-02;-7.426236e-04;3.590479e-02;-7.962566e-04;3.086808e-02;-6.994677e-04;2.708898e-02;-6.395257e-04;9.572162e-02;-2.117963e-03;1.289763e-01;6.520148e-03;1.697112e+01;4.737305e-01;4.968377e+01;7.895508e-01;7.735776e+01;9.201856e+00;8.512013e+01;8.441015e+00;1.518724e-01;3.799727e-03;3.968889e+01;3.515422e+00;1.212710e-01;4.192092e-03;1.983570e+04;2.928239e+03;1.104140e+00;-4.044759e-02;1.001998e+02;-8.476035e-01;1.600820e-01;7.382343e-06;3.351134e-02;2.694428e-03;1.140041e-01;3.607579e-03;8.810750e-01;-4.876976e-02;1.834907e+00;-1.781231e-01;1.602695e+00;4.649795e-02;1.880569e+00;4.928697e-02;1.784628e+00;2.315929e-01;1.369212e+00;6.033518e-02;1.635608e+00;-2.762017e-01;1.635328e+00;-1.673656e-01;1.893375e+00;-2.721752e-02;1.708786e+00;1.191538e-01;1.642041e+00;1.747833e-01;1.941667e+00;-1.652302e-01;1.306890e+00;-1.604094e-01;1.566576e+00;9.670267e-02
182.500000;2.645265e+01;8.381481e+01;1.472353e-01;7.163591e-01;1.206175e-01;1.175300e-01;9.787296e-02;9.084918e-02;1.410478e-01;1.574738e-01;2.146676e+01;7.281759e-02;3.232980e-01;2.134031e+00;2.176079e-01;1.061251e+00;3.732901e-02;1.287379e-01;6.537976e-03;2.890779e-02;4.487216e-02;1.338391e-01;6.080116e-02;2.792443e-01;4.999066e-02;4.394921e-01;5.465227e-02;5.507703e-01;7.319100e-02;6.433271e-01;1.724970e-01;8.464225e-01;2.374482e-01;9.527511e-01;1.190204e-01;9.098300e-01;2.251007e-01;9.541693e-01;1.818440e-01;1.035633e+00;2.570306e-01;1.152470e+00;2.078668e-01;1.280629e+00;3.886211e-01;1.327531e+00;2.616017e-01;1.297741e+00;2.555315e-01;1.361030e+00;4.665644e-01;1.519877e+00;6.814736e-01;1.687033e+00;5.668432e-01;1.616294e+00;7.068975e-01;1.690672e+00;7.608175e-01;1.694365e+00;6.972435e-01;1.556836e+00;4.086492e-01;1.261625e+00;2.926490e-01;1.105396e+00;2.019622e-01;9.203326e-01;1.676404e-01;7.625929e-01;1.143535e-01;6.126297e-01;4.916661e-01;1.465836e+00;3.272294e-01;8.488696e-01;4.641592e+01;1.458516e+02;9.765719e+01;2.281084e+02;3.162956e+02;5.255537e+02;3.495179e+02;1.160496e+03;4.812541e-01;1.127489e+00;1.314125e+02;4.347968e+02;3.958226e-01;3.426329e+00;9.150088e+04;2.761188e+05;1.289191e+00;2.788034e+00;3.846681e+01;2.630466e+01;5.420464e-01;-8.516084e-01;1.113114e-01;3.945076e-01;5.023823e-01;1.333984e+00;3.617650e+00;4.342763e+01;5.269087e+00;-2.366891e+01;8.630157e+00;3.362101e+01;5.423301e+00;1.116550e+01;5.034479e+00;7.279016e+00;5.451099e+00;6.817953e+00;7.358834e+00;-2.830465e+01;9.896921e+00;-2.935888e+00;9.873936e+00;1.463537e+01;5.791608e+00;6.045623e+00;1.097965e+01;-3.002435e+00;8.312430e+00;-1.760815e+01;3.996442e+00;-3.447136e+00;9.525865e+00;2.767642e+00;5.080007e-05;-4.479759e-06;7.556990e-08;1.723278e-09;4.319280e-07;9.232703e-08;4.666453e-07;-1.464533e-08;9.190905e-07;-1.508702e-08;1.357669e-04;3.174018e-07;7.470928e-02;-1.321768e-03;5.054859e-02;-2.443837e-03;8.454007e-03;3.729127e-05;1.280086e-03;-4.283196e-06;1.021802e-02;5.797227e-05;1.288936e-02;-1.353802e-04;1.276249e-02;-1.934866e-04;1.613719e-02;-2.221941e-04;1.859536e-02;-4.467015e-04;3.482360e-02;-7.633293e-05;4.840869e-02;8.411726e-05;3.151823e-02;-1.464276e-03;4.330495e-02;-7.155485e-03;3.453908e-02;-5.768098e-03;4.684061e-02;-6.584230e-03;5.219333e-02;-8.797789e-04;9.152600e-02;-1.798181e-03;6.611194e-02;-4.548489e-03;6.943622e-02;-4.832527e-03;1.016974e-01;-3.264309e-03;1.537274e-01;-4.860250e-03;1.374855e-01;-9.167825e-03;1.716424e-01;-4.924302e-03;1.861028e-01;-7.703900e-03;1.414077e-01;1.104374e-03;8.532910e-02;1.435006e-03;6.083204e-02;-3.466567e-04;4.914942e-02;-4.749422e-04;4.332794e-02;-7.415582e-04;3.643666e-02;-6.323408e-04;1.062549e-01;9.549045e-03;7.489102e-02;-1.868847e-03;1.153912e+01;3.158203e-01;2.678545e+01;7.177734e-02;6.732359e+01;-1.047949e+00;9.327536e+01;-1.162793e+00;1.452970e-01;3.774564e-05;2.850383e+01;-3.543049e-01;1.033175e-01;-4.185775e-03;2.240051e+04;-4.274857e+02;3.599572e-01;5.085951e-03;1.394558e+01;3.680105e-02;1.311604e-01;-6.231505e-04;2.387561e-02;-2.330671e-04;1.129461e-01;1.761111e-03;8.010646e-01;-8.910396e-03;1.453875e+00;3.572419e-02;1.831048e+00;7.685407e-02;1.489327e+00;-3.029443e-02;1.084233e+00;-5.630594e-02;1.371598e+00;-1.859641e-01;1.712366e+00;-5.844040e-02;1.638432e+00;1.740511e-01;1.879511e+00;2.274150e-01;1.550164e+00;1.294113e-01;1.606366e+00;-2.972648e-01;1.801982e+00;-2.337653e-01;1.238301e+00;2.747184e-02;1.482053e+00;-7.363330e-02
183.000000;1.019377e+01;9.627024e+01;1.977564e-02;7.592305e-01;1.182380e-01;1.388489e-01;8.523865e-02;9.621194e-02;9.387192e-02;1.606262e-01;1.451606e+00;6.583349e+00;3.718676e-01;1.945121e+00;2.071154e-01;9.822853e-01;3.496380e-02;1.274823e-01;7.906305e-03;2.348954e-02;4.903157e-02;1.380948e-01;5.546839e-02;2.871477e-01;4.851599e-02;4.314360e-01;5.038248e-02;5.503323e-01;8.469179e-02;6.482764e-01;1.788722e-01;8.213048e-01;2.448065e-01;9.013494e-01;1.241666e-01;9.109080e-01;1.381535e-01;9.438083e-01;1.445122e-01;1.080719e+00;5.147377e-02;9.611573e-01;2.201464e-01;1.143103e+00;3.847524e-01;1.283596e+00;2.384857e-01;1.276471e+00;2.401529e-01;1.321311e+00;4.195088e-01;1.304514e+00;5.664670e-01;1.360008e+00;6.257035e-01;1.446027e+00;5.348595e-01;1.352963e+00;4.851180e-01;1.264676e+00;7.147835e-01;1.475385e+00;3.193823e-01;1.226725e+00;2.941280e-01;1.098808e+00;2.212072e-01;9.259814e-01;1.861289e-01;7.665210e-01;1.336609e-01;6.187937e-01;5.414049e-01;1.498430e+00;3.480164e-01;5.360442e-01;4.339437e+01;1.481484e+02;6.074433e+01;2.019814e+02;2.269677e+02;3.929092e+02;4.734644e+02;9.220518e+02;3.525629e-01;1.054301e+00;1.294570e+02;3.653524e+02;4.703035e-01;3.264014e+00;1.096537e+05;2.067064e+05;2.522562e+00;4.093346e+00;1.152300e+02;7.959306e+01;5.263767e-01;-8.394567e-01;1.105211e-01;3.414963e-01;6.105297e-01;1.112723e+00;3.724273e+00;4.546492e+01;6.478820e+00;-2.023246e+01;7.385643e+00;2.812705e+01;9.715387e+00;1.635680e+01;6.283154e+00;4.871771e+00;4.777666e+00;7.267640e-01;8.748665e+00;-2.132417e+01;8.124678e+00;3.158859e+00;7.146246e+00;1.653102e+01;4.594430e+00;4.652387e+00;9.897103e+00;-7.967196e+00;7.202985e+00;-1.638947e+01;4.940887e+00;-7.048932e+00;6.651189e+00;-5.710697e+00;3.646217e-05;3.041398e-06;7.654992e-08;1.068191e-08;4.973979e-07;4.990065e-08;4.657149e-07;-2.006582e-08;7.506555e-07;4.650529e-08;8.418073e-06;-9.918460e-08;5.972558e-02;-1.268897e-03;4.201091e-02;1.588753e-03;9.146011e-03;3.304544e-04;1.205277e-03;-1.300076e-04;1.163664e-02;5.686428e-05;1.344320e-02;5.965194e-04;1.054858e-02;1.328282e-03;1.091256e-02;2.412715e-03;1.959825e-02;1.858579e-03;3.098027e-02;-1.805072e-03;3.970167e-02;1.323902e-03;2.769848e-02;4.900920e-04;2.894457e-02;-3.175415e-03;2.737384e-02;-2.080545e-03;1.411062e-02;-1.125059e-03;4.110461e-02;-2.301031e-03;8.764338e-02;1.696907e-03;6.724171e-02;4.403843e-04;6.517329e-02;4.491337e-04;8.898356e-02;9.858562e-03;1.198688e-01;5.669151e-03;1.351929e-01;7.849928e-03;1.181275e-01;3.255840e-03;1.072881e-01;1.555116e-03;1.326362e-01;3.483762e-03;7.788533e-02;4.129421e-03;6.611560e-02;1.584666e-03;5.656291e-02;1.506165e-03;4.917625e-02;1.233070e-03;4.110499e-02;1.015651e-03;9.514359e-02;1.204848e-02;5.255987e-02;-4.880227e-03;1.044710e+01;2.440430e-01;1.346261e+01;-6.459961e-01;5.012378e+01;-9.890918e+00;8.082279e+01;-8.871679e+00;1.346018e-01;2.963292e-03;2.616493e+01;-3.161005e+00;1.140662e-01;-7.294799e-03;2.107017e+04;-2.492996e+03;6.393024e-01;3.245971e-02;3.436533e+01;4.007610e-01;1.572003e-01;-2.698177e-03;2.252332e-02;-2.443118e-03;1.079755e-01;1.055438e-03;8.269805e-01;2.926291e-02;1.604576e+00;1.143681e-01;1.740788e+00;2.776481e-03;1.543051e+00;1.522173e-01;1.183636e+00;-1.731078e-01;1.398709e+00;-1.786322e-01;1.871069e+00;1.732103e-01;1.449540e+00;-1.513675e-03;1.461227e+00;2.767824e-02;1.249964e+00;-2.348023e-02;1.182715e+00;-2.503548e-01;1.211944e+00;2.703876e-02;1.016880e+00;-3.616007e-02;1.105193e+00;-1.595311e-01
183.500000;1.094714e+01;8.745235e+01;2.000891e-02;7.815233e-01;9.803849e-02;9.779089e-02;5.604714e-02;6.172182e-02;1.190455e-01;1.896020e-01;2.523459e+00;7.319704e+00;2.081623e-01;1.573715e+00;9.607797e-02;9.238043e-01;3.680106e-02;1.419092e-01;7.374183e-03;1.362560e-02;4.743030e-02;1.495772e-01;3.357215e-02;2.811871e-01;4.053568e-02;4.062488e-01;5.834247e-02;5.646033e-01;1.020150e-01;6.738462e-01;7.639356e-02;7.122360e-01;8.124173e-02;7.935020e-01;1.735800e-01;8.618104e-01;1.557077e-01;8.959702e-01;1.834577e-01;1.008019e+00;6.118057e-02;9.607097e-01;1.224961e-01;9.981285e-01;1.052648e-01;1.095891e+00;1.963678e-01;1.192254e+00;1.962756e-01;1.242365e+00;2.821028e-01;1.244944e+00;2.536891e-01;1.208007e+00;5.252607e-01;1.342447e+00;3.200459e-01;1.252978e+00;2.397966e-01;1.188719e+00;2.340093e-01;1.239710e+00;2.676259e-01;1.242573e+00;2.549987e-01;1.106553e+00;2.240699e-01;9.462836e-01;1.829129e-01;7.771713e-01;1.461775e-01;6.331771e-01;5.573241e-01;1.342170e+00;1.132765e-01;1.821602e-01;5.136350e+01;1.233135e+02;6.703789e+01;1.571924e+02;1.030743e+02;2.273906e+02;2.795526e+02;4.259268e+02;3.129892e-01;1.166314e+00;1.052537e+02;2.324409e+02;5.004022e-01;2.828922e+00;6.554127e+04;8.773723e+04;5.651949e+00;9.064553e+00;5.576152e+02;4.403495e+02;5.518568e-01;-1.045068e+00;9.900779e-02;2.308410e-01;3.793008e-01;6.506779e-01;2.507793e+00;4.746993e+01;8.779555e+00;-1.112856e+01;6.633357e+00;2.587978e+01;7.236899e+00;2.535559e+01;8.408014e+00;-1.144306e+00;4.911781e+00;-3.888880e+00;8.257962e+00;-1.278112e+01;6.729790e+00;1.276721e+00;6.104299e+00;1.790784e+01;4.998741e+00;5.309381e+00;6.444997e+00;-7.826463e+00;6.557725e+00;-1.012834e+01;5.728725e+00;-1.079505e+01;3.754131e+00;-5.856798e+00;2.531956e-05;-4.611771e-06;1.050088e-07;8.917258e-09;4.182392e-07;-5.674417e-08;2.975536e-07;-9.563078e-09;8.631426e-07;3.618142e-08;8.338826e-06;7.401269e-07;3.064425e-02;-6.378644e-03;2.625373e-02;2.270570e-03;8.551897e-03;6.908373e-04;8.350404e-04;-2.370874e-04;1.001455e-02;3.291167e-04;1.011335e-02;2.346139e-05;9.510364e-03;-5.905887e-04;1.133717e-02;-6.776386e-04;2.339650e-02;1.631857e-03;1.397055e-02;-1.985758e-05;1.297448e-02;-7.635029e-04;4.249126e-02;-6.855651e-04;4.542022e-02;-4.411476e-04;4.345576e-02;-4.126285e-04;1.899096e-02;-2.820409e-05;4.164737e-02;-1.454237e-03;2.846787e-02;-7.712084e-04;5.222667e-02;1.664525e-04;4.896737e-02;2.327908e-03;6.938884e-02;6.378386e-03;6.752659e-02;9.559926e-03;1.158670e-01;1.396623e-02;7.452967e-02;1.055755e-02;4.338207e-02;6.883913e-03;5.591522e-02;2.307597e-03;7.366474e-02;3.015357e-03;6.164015e-02;2.736755e-03;5.336448e-02;2.116430e-03;4.356312e-02;1.662295e-03;3.500207e-02;1.216174e-03;9.400048e-02;-1.258445e-02;1.550102e-02;-4.041904e-03;7.382829e+00;-1.478613e+00;1.076564e+01;-1.722656e+00;1.555820e+01;-2.928516e+00;4.980335e+01;-8.814258e+00;1.065417e-01;7.025192e-03;1.592185e+01;-3.016837e+00;8.472843e-02;-1.243970e-02;1.104144e+04;-1.883568e+03;9.303934e-01;1.377862e-01;1.049664e+02;9.826217e+00;1.482939e-01;-9.973956e-03;1.489642e-02;-2.792612e-03;1.150514e-01;-9.095789e-03;7.739457e-01;-4.374411e-02;1.237156e+00;2.567307e-01;1.673531e+00;2.567087e-02;1.093746e+00;1.548153e-01;1.634105e+00;-6.966159e-02;1.173509e+00;6.095751e-02;1.695632e+00;1.820373e-01;1.367330e+00;-9.411636e-02;1.607559e+00;1.149679e-01;1.207809e+00;8.793863e-02;1.137653e+00;1.833698e-01;1.248614e+00;2.234517e-01;9.489486e-01;-5.234458e-02;7.484730e-01;9.035951e-02
184.000000;8.585585e+00;7.716152e+01;1.992013e-02;7.972962e-01;8.428369e-02;5.862913e-02;5.003790e-02;3.973128e-02;1.182727e-01;1.644268e-01;3.186588e+00;9.729215e+00;1.866835e-01;1.326577e+00;1.107563e-01;9.651644e-01;2.502952e-02;1.654174e-01;3.694637e-03;7.479214e-03;2.917049e-02;1.461745e-01;2.485650e-02;2.658095e-01;3.538156e-02;4.034466e-01;5.359037e-02;5.580273e-01;1.012100e-01;6.718705e-01;1.066866e-01;7.126238e-01;1.054054e-01;7.865731e-01;1.681751e-01;8.824413e-01;1.687724e-01;9.508663e-01;1.553314e-01;9.384364e-01;7.375274e-02;9.899047e-01;1.495716e-01;1.043077e+00;2.437648e-01;1.103608e+00;2.965294e-01;1.206679e+00;2.473574e-01;1.258966e+00;3.215029e-01;1.357917e+00;3.969622e-01;1.387223e+00;5.906687e-01;1.484243e+00;3.198027e-01;1.446531e+00;2.602584e-01;1.405679e+00;1.910493e-01;1.355049e+00;2.217694e-01;1.259035e+00;2.221751e-01;1.127360e+00;1.925570e-01;9.482319e-01;1.556719e-01;7.762374e-01;1.226448e-01;6.282640e-01;5.134624e-01;1.162920e+00;4.737627e-02;6.749393e-02;4.654449e+01;7.550977e+01;5.327774e+01;1.121162e+02;6.917548e+01;1.415449e+02;8.188206e+01;2.417461e+02;2.810245e-01;1.178109e+00;6.444669e+01;1.445278e+02;4.250347e-01;2.317865e+00;2.735369e+04;3.386064e+04;7.863811e+00;1.732329e+01;1.118933e+03;1.339487e+03;3.695176e-01;-1.347239e+00;6.605755e-02;1.478096e-01;3.103287e-01;4.937495e-01;2.890445e+00;4.576221e+01;6.981370e+00;-2.108943e+00;7.096770e+00;2.924777e+01;3.733304e+00;2.755737e+01;8.439464e+00;-2.967544e+00;6.330832e+00;-1.014533e+00;6.803434e+00;-7.746896e+00;5.620587e+00;-2.486883e+00;6.711258e+00;1.817938e+01;5.174691e+00;7.161594e+00;5.363279e+00;-3.487911e+00;5.885901e+00;-2.887962e+00;7.393502e+00;-6.639836e+00;5.076211e+00;7.034844e-02;1.940298e-05;-4.469342e-06;9.011219e-08;7.470110e-09;3.405987e-07;-2.284698e-08;2.078363e-07;-1.943179e-08;7.073221e-07;-3.061248e-08;4.982872e-06;1.811262e-06;3.385803e-02;-2.370752e-03;3.262465e-02;3.180322e-03;4.430315e-03;6.766884e-04;4.743147e-04;-1.772487e-04;5.155878e-03;2.300744e-04;6.991835e-03;-9.193556e-05;8.962242e-03;-5.057114e-04;1.069739e-02;-6.382106e-04;2.657261e-02;-2.057376e-04;1.753837e-02;1.779621e-03;1.531802e-02;1.782485e-03;4.074670e-02;7.322087e-04;4.577347e-02;1.271780e-03;4.244860e-02;2.616377e-03;2.235083e-02;1.117495e-03;5.238594e-02;3.097565e-03;6.048577e-02;9.020402e-03;7.968397e-02;8.321096e-03;7.319667e-02;6.275837e-03;8.877852e-02;5.568623e-03;1.041134e-01;1.079629e-02;1.517223e-01;1.162242e-02;8.370984e-02;7.475371e-03;6.254356e-02;1.055098e-02;5.513688e-02;8.551980e-04;5.936550e-02;-4.591091e-04;5.501655e-02;9.220634e-04;4.649505e-02;3.036003e-04;3.782983e-02;1.772790e-04;2.988190e-02;7.232091e-05;7.585632e-02;-9.524451e-03;1.023187e-02;-1.251549e-03;4.572955e+00;-1.363770e+00;5.878297e+00;-1.363770e+00;7.349818e+00;-1.966699e+00;1.267414e+01;-2.799316e+00;5.210161e-02;-3.666533e-03;6.231464e+00;-2.011038e+00;4.348717e-02;-1.315086e-02;4.551521e+03;-9.377861e+02;1.479721e+00;7.591675e-02;2.452857e+02;3.201072e+00;6.771024e-02;-1.020634e-02;6.237453e-03;-1.997284e-03;8.819702e-02;-2.992237e-03;6.965060e-01;-5.574643e-02;1.253907e+00;1.006507e-01;1.778227e+00;1.128223e-01;7.416139e-01;1.058626e-02;1.767392e+00;4.063187e-03;9.619410e-01;1.226705e-01;1.366459e+00;1.076602e-01;1.195205e+00;1.124080e-01;1.645663e+00;5.276402e-02;1.053910e+00;6.298217e-03;1.184880e+00;1.638035e-01;1.295077e+00;1.477995e-01;9.825898e-01;1.469643e-01;8.471974e-01;9.573627e-02
184.500000;3.875414e-01;7.324611e+01;8.314067e-03;8.068015e-01;3.295547e-02;2.823853e-02;2.241380e-02;2.208341e-02;8.054792e-02;1.450093e-01;1.809033e+00;1.213655e+01;3.091729e-01;1.295398e+00;2.267399e-01;1.059789e+00;7.042668e-03;1.778644e-01;2.829120e-03;5.909549e-03;3.971283e-03;1.323746e-01;1.959649e-02;2.661318e-01;5.109789e-02;4.058903e-01;7.176635e-02;5.316462e-01;1.264611e-01;6.904245e-01;1.479564e-01;7.302654e-01;1.997969e-01;8.131357e-01;4.514078e-01;9.982455e-01;3.629829e-01;1.071431e+00;3.252330e-01;1.077125e+00;3.459065e-01;1.161651e+00;2.457197e-01;1.219602e+00;3.545111e-01;1.272271e+00;3.862516e-01;1.345674e+00;3.274822e-01;1.418565e+00;3.773450e-01;1.479992e+00;4.888943e-01;1.589917e+00;6.463827e-01;1.654377e+00;6.322821e-01;1.718648e+00;6.149126e-01;1.690890e+00;2.890679e-01;1.475447e+00;2.828474e-01;1.331548e+00;1.749306e-01;1.133456e+00;2.071622e-01;9.620720e-01;1.133019e-01;7.706952e-01;6.505604e-02;6.130405e-01;3.674974e-01;7.273890e-01;1.463228e-01;8.330218e-02;8.462424e+00;4.809082e+01;0;8.613281e+01;2.239821e+01;9.819141e+01;7.937730e+01;1.889180e+02;3.157926e-01;9.924945e-01;2.749178e+01;1.107509e+02;2.723764e-01;1.969450e+00;3.190049e+04;2.980670e+04;7.255928e+00;2.036175e+01;1.112975e+03;1.590084e+03;1.607957e-01;-1.525237e+00;2.415301e-02;1.107076e-01;2.126189e-01;3.239993e-01;3.219872e+00;4.183698e+01;5.581689e+00;-1.688258e+00;6.202422e+00;3.339339e+01;5.824037e+00;2.705934e+01;8.915878e+00;8.129145e-01;4.349094e+00;3.873475e+00;4.482943e+00;-5.885265e+00;5.580444e+00;-8.119437e-01;5.802609e+00;1.725655e+01;6.458684e+00;6.781763e+00;6.109639e+00;2.107320e+00;5.488970e+00;2.323115e+00;4.771683e+00;9.298437e-01;3.358459e+00;4.575544e+00;1.387044e-06;-4.496691e-08;3.194910e-08;-1.801523e-09;1.193921e-07;3.047318e-09;1.058145e-07;9.991376e-09;4.361500e-07;-3.555829e-08;6.297139e-06;-3.583962e-07;5.640132e-02;1.215313e-02;4.204724e-02;8.125445e-03;1.912563e-03;2.078668e-04;3.839943e-04;8.818343e-05;4.185686e-04;-1.673885e-04;4.391159e-03;6.951335e-04;1.247087e-02;2.327266e-03;1.261369e-02;2.093513e-03;3.582621e-02;3.371682e-03;2.741895e-02;4.311037e-03;4.393090e-02;7.384547e-03;9.493776e-02;2.231784e-02;7.359476e-02;1.983588e-02;4.228609e-02;1.564494e-02;6.690143e-02;1.832181e-02;6.358708e-02;1.106805e-02;7.813749e-02;1.200644e-02;9.412866e-02;1.273918e-02;8.790082e-02;9.373491e-03;9.598745e-02;6.280284e-03;1.143559e-01;6.600587e-03;1.451618e-01;3.986549e-03;1.312881e-01;7.951417e-03;1.163110e-01;1.110302e-02;5.329131e-02;1.053748e-02;6.323203e-02;9.566498e-03;5.256441e-02;3.860324e-03;5.789920e-02;5.928535e-03;3.634378e-02;3.018855e-03;2.410331e-02;1.104633e-03;6.163234e-02;7.446247e-03;2.912057e-02;7.574247e-03;2.009766e+00;2.871094e-01;0;0;4.895278e+00;6.603516e-01;2.170452e+01;1.665234e+00;4.941720e-02;-1.017341e-03;6.037124e+00;1.053143e+00;5.682889e-02;6.871942e-03;6.394855e+03;1.333111e+03;1.654447e+00;-1.209556e-01;2.822148e+02;-9.612686e+00;3.837037e-02;-3.737375e-03;5.300831e-03;8.623530e-04;4.776331e-02;1.012751e-02;6.150493e-01;-3.714797e-02;1.332294e+00;-1.829370e-01;1.728867e+00;-7.558012e-02;1.021497e+00;-1.008741e-01;1.357104e+00;2.141176e-01;1.128516e+00;1.178363e-01;1.264603e+00;2.630200e-02;9.181384e-01;-1.897346e-02;1.077243e+00;-1.949978e-01;1.725473e+00;-2.101092e-01;1.233654e+00;7.048634e-02;1.331222e+00;2.608494e-02;1.143037e+00;1.496108e-01;9.724864e-01;2.588404e-02
185.000000;1.141449e+00;7.213102e+01;1.163088e-02;7.980846e-01;3.129511e-02;2.138712e-02;2.638298e-02;2.459521e-02;9.339968e-02;1.420809e-01;1.980446e+00;1.121191e+01;5.222670e-01;1.797760e+00;2.435695e-01;1.138572e+00;7.497332e-03;1.801604e-01;5.288128e-03;9.963467e-03;2.178558e-03;1.287113e-01;2.068590e-02;2.763861e-01;7.294276e-02;4.332581e-01;9.093387e-02;5.561418e-01;1.610128e-01;7.628814e-01;2.310664e-01;8.873633e-01;2.249610e-01;9.224076e-01;5.720603e-01;1.136393e+00;4.683094e-01;1.174810e+00;3.942499e-01;1.253877e+00;4.436863e-01;1.408641e+00;2.741011e-01;1.408707e+00;3.384661e-01;1.406086e+00;3.544740e-01;1.493108e+00;2.741741e-01;1.479526e+00;3.383594e-01;1.515479e+00;4.901311e-01;1.716374e+00;5.416545e-01;1.685604e+00;6.162899e-01;1.780699e+00;6.035990e-01;1.791343e+00;3.103960e-01;1.555267e+00;3.119400e-01;1.337696e+00;1.739721e-01;1.141412e+00;2.193379e-01;9.680310e-01;1.109096e-01;7.711495e-01;6.434178e-02;6.115295e-01;5.210626e-01;9.185456e-01;3.399612e-01;4.090331e-01;1.181255e+01;5.354590e+01;0;8.613281e+01;3.939262e+01;1.248926e+02;1.587237e+02;3.029004e+02;2.377263e-01;9.362949e-01;5.924219e+01;1.620597e+02;4.747066e-01;2.301767e+00;6.272328e+04;9.035443e+04;8.762674e+00;1.158860e+01;8.853998e+02;6.524622e+02;1.617292e-01;-1.563791e+00;5.169725e-02;1.537243e-01;4.140600e-01;5.825143e-01;2.171134e+00;4.073454e+01;7.494724e+00;-1.081079e+01;6.211159e+00;3.076807e+01;8.909378e+00;2.101102e+01;8.419910e+00;6.827049e+00;5.124177e+00;5.000765e+00;7.625644e+00;-1.110486e+01;4.499600e+00;2.187498e+00;4.763106e+00;1.832520e+01;7.114878e+00;7.330027e+00;5.593388e+00;6.679083e+00;5.895271e+00;1.130757e+00;4.052566e+00;3.368267e+00;4.056899e+00;3.071036e+00;3.325031e-06;-8.176501e-08;3.544947e-08;-6.310107e-09;1.367256e-07;3.823075e-09;1.269530e-07;-2.772681e-09;5.285119e-07;-1.936082e-08;6.642823e-06;-7.823652e-07;6.056282e-02;7.787370e-03;4.385058e-02;-3.218796e-03;2.213890e-03;-1.555368e-04;5.111878e-04;1.742252e-04;5.386976e-04;-5.950887e-05;5.971519e-03;-2.093033e-04;1.575296e-02;1.233508e-04;1.708161e-02;-4.913907e-04;4.196076e-02;-2.289979e-03;4.003534e-02;-3.078301e-04;5.328322e-02;-3.528377e-04;1.189482e-01;-1.872565e-03;9.152039e-02;3.849976e-04;6.460219e-02;1.440072e-03;8.492217e-02;2.290240e-03;6.526207e-02;-9.625848e-05;7.777249e-02;-8.395175e-03;7.605282e-02;-1.118120e-02;7.026532e-02;-9.003335e-03;7.224207e-02;-9.889984e-03;9.989235e-02;-1.057156e-02;1.033771e-01;-1.814846e-02;1.313525e-01;-6.758303e-03;1.207222e-01;-9.657294e-03;7.887557e-02;-6.971305e-04;7.260478e-02;1.572425e-03;5.147421e-02;-1.101622e-03;6.510793e-02;1.600751e-03;3.665825e-02;7.759691e-04;2.287005e-02;-7.927924e-04;8.938153e-02;2.167253e-03;5.227059e-02;7.197085e-03;3.383021e+00;1.148437e-01;0;0;7.428868e+00;5.742188e-01;3.045830e+01;5.024414e+00;4.954237e-02;-3.025368e-04;7.867373e+00;1.286106e+00;6.194353e-02;7.844832e-03;9.245068e+03;1.522806e+03;1.076509e+00;-8.623906e-02;1.723788e+02;-3.417414e+00;4.368176e-02;2.902293e-03;6.653286e-03;1.066086e-03;7.109892e-02;4.146954e-03;5.550719e-01;-1.432040e-02;1.149262e+00;-1.212171e-01;1.433309e+00;-1.221098e-01;1.397904e+00;-1.199018e-01;9.876643e-01;2.233297e-01;1.377987e+00;2.401754e-02;1.388327e+00;-1.379772e-01;1.497714e+00;-5.117932e-02;1.409457e+00;3.113846e-02;2.133283e+00;1.413593e-01;1.575054e+00;7.010734e-02;1.490196e+00;-1.169135e-01;1.163020e+00;1.221836e-03;1.308704e+00;-5.665385e-02
185.500000;2.667088e+00;7.259973e+01;1.067153e-02;7.850757e-01;5.121245e-02;3.983222e-02;3.597521e-02;3.179938e-02;8.357102e-02;1.098700e-01;1.128820e+00;9.799668e+00;2.172683e-01;2.183536e+00;1.938922e-01;1.074003e+00;8.891175e-03;1.758597e-01;4.067370e-03;1.460569e-02;1.731516e-03;1.276836e-01;2.166559e-02;2.697627e-01;6.272129e-02;4.459957e-01;6.678022e-02;5.702715e-01;1.706953e-01;7.351565e-01;2.224100e-01;8.937777e-01;1.516398e-01;9.416706e-01;3.977011e-01;1.093951e+00;3.638735e-01;1.172360e+00;3.068393e-01;1.215610e+00;4.053642e-01;1.252520e+00;3.092644e-01;1.300403e+00;2.637590e-01;1.377536e+00;3.214038e-01;1.383983e+00;3.284653e-01;1.409254e+00;2.868548e-01;1.440549e+00;4.354688e-01;1.516735e+00;3.810291e-01;1.524861e+00;3.753376e-01;1.552174e+00;3.929972e-01;1.582986e+00;3.679491e-01;1.514146e+00;2.412727e-01;1.255853e+00;2.237477e-01;1.098145e+00;2.267141e-01;9.159461e-01;9.348461e-02;7.330088e-01;9.931240e-02;5.997268e-01;3.280630e-01;1.274351e+00;2.039456e-01;6.191499e-01;1.128891e+01;5.684766e+01;0;8.613281e+01;3.606738e+01;1.541777e+02;1.282928e+02;4.356885e+02;1.550921e-01;9.226065e-01;3.002607e+01;2.079175e+02;2.061294e-01;2.678982e+00;3.641829e+04;1.362631e+05;1.110975e+00;4.654530e+00;4.612031e+01;6.185868e+01;1.690779e-01;-1.480338e+00;2.519317e-02;1.943873e-01;2.660681e-01;8.902907e-01;2.165560e+00;4.236625e+01;2.982589e+00;-1.705303e+01;3.805396e+00;2.422124e+01;4.801203e+00;1.331511e+01;4.341688e+00;1.089046e+01;4.264740e+00;5.328441e+00;7.097171e+00;-1.284882e+01;6.687167e+00;4.963265e+00;8.002045e+00;1.624780e+01;6.983882e+00;6.202814e+00;7.009661e+00;7.108317e+00;4.661429e+00;3.655209e-01;4.004310e+00;4.203674e+00;4.525836e+00;9.546000e-02;1.196942e-05;3.310074e-08;4.340708e-08;-2.246580e-09;1.669552e-07;-1.171908e-08;1.481587e-07;-4.079845e-09;4.701360e-07;1.166247e-08;4.753695e-06;-1.715908e-07;5.735262e-02;-5.237964e-03;3.742100e-02;-9.916519e-03;2.161439e-03;-3.705844e-04;8.167326e-04;-1.310154e-05;6.785188e-04;1.991518e-05;5.979450e-03;-5.337968e-04;1.420130e-02;-2.199264e-03;1.592631e-02;-2.567477e-03;4.349869e-02;-6.149910e-03;4.898095e-02;-4.869853e-03;3.841824e-02;-7.965747e-03;7.305913e-02;-2.341285e-02;6.198227e-02;-1.779413e-02;5.337361e-02;-1.459391e-02;5.410789e-02;-1.867207e-02;5.939948e-02;-9.980499e-03;6.765451e-02;-9.241193e-03;6.329738e-02;-1.273524e-02;7.520224e-02;-1.391476e-02;6.361013e-02;-1.381145e-02;7.631651e-02;-1.661239e-02;8.735184e-02;-1.659140e-02;9.936031e-02;-1.476369e-02;9.743177e-02;-1.355852e-02;1.140167e-01;-9.967786e-03;6.257628e-02;-1.084770e-02;5.334264e-02;-5.255559e-03;5.961373e-02;-7.041216e-03;2.906709e-02;-3.437624e-03;2.694777e-02;-1.331369e-03;9.773627e-02;-4.589752e-03;5.784839e-02;-3.978358e-03;3.818959e+00;-3.301758e-01;0;0;9.535954e+00;-4.163086e-01;4.088400e+01;-8.900391e-01;4.700006e-02;-3.197681e-03;8.630908e+00;-3.651470e-01;5.259138e-02;-3.201733e-03;1.086440e+04;-3.858127e+02;3.459826e-01;5.198303e-03;1.542830e+01;1.946359e-01;4.117597e-02;6.440375e-03;7.161658e-03;-3.119576e-04;7.361642e-02;-5.802259e-03;5.892688e-01;2.697825e-02;9.866610e-01;9.223423e-03;1.088655e+00;-1.720249e-02;1.545507e+00;-2.396923e-02;1.127481e+00;2.468111e-02;1.388289e+00;-1.118751e-01;1.480807e+00;-6.115417e-02;1.643097e+00;2.050024e-01;1.790571e+00;-7.213051e-03;2.050858e+00;9.615205e-02;1.927694e+00;-1.493204e-02;1.511085e+00;5.064050e-02;1.061393e+00;6.951826e-03;1.407682e+00;-1.155910e-01
186.000000;2.233936e+00;7.381406e+01;1.044280e-02;7.773733e-01;5.240185e-02;4.021931e-02;3.595506e-02;3.271158e-02;9.771764e-02;1.334744e-01;1.237774e+00;9.007635e+00;2.416368e-01;2.037836e+00;1.245653e-01;9.638455e-01;6.549030e-03;1.673801e-01;4.132119e-03;1.373268e-02;1.607760e-03;1.277658e-01;1.789843e-02;2.675340e-01;4.122690e-02;4.316095e-01;4.895483e-02;5.661980e-01;1.144424e-01;6.509266e-01;1.158463e-01;7.460366e-01;9.532879e-02;8.783768e-01;1.670666e-01;9.765613e-01;2.269544e-01;1.045692e+00;1.459848e-01;1.085982e+00;1.643176e-01;1.014411e+00;1.959637e-01;1.101988e+00;1.936402e-01;1.267083e+00;1.933217e-01;1.198540e+00;3.276263e-01;1.326531e+00;2.554821e-01;1.355537e+00;2.252405e-01;1.261109e+00;3.312431e-01;1.373709e+00;3.276453e-01;1.326044e+00;3.603127e-01;1.319630e+00;3.842311e-01;1.319436e+00;2.093747e-01;1.189143e+00;2.282669e-01;1.042102e+00;2.151149e-01;8.784124e-01;9.752189e-02;7.172754e-01;1.022088e-01;5.923504e-01;2.981209e-01;1.314692e+00;1.907304e-01;4.352908e-01;1.093280e+01;5.742188e+01;0;8.613281e+01;3.661179e+01;1.627910e+02;1.304150e+02;3.764004e+02;1.389853e-01;9.009721e-01;2.873418e+01;1.915806e+02;1.835000e-01;2.655951e+00;4.022721e+04;1.106003e+05;1.291622e+00;5.355609e+00;6.994151e+01;9.648322e+01;1.164230e-01;-1.337482e+00;2.318372e-02;1.825964e-01;2.277876e-01;8.777659e-01;3.533748e+00;4.507561e+01;3.962412e+00;-1.637319e+01;5.765160e+00;2.032678e+01;5.203962e+00;1.420075e+01;4.755569e+00;9.346514e+00;3.892384e+00;5.800953e+00;5.632213e+00;-6.581673e+00;5.817532e+00;7.665606e+00;7.305552e+00;8.676433e+00;6.292045e+00;1.228343e-01;7.169312e+00;3.272818e+00;4.203381e+00;2.092237e+00;4.256134e+00;5.944850e+00;4.379514e+00;-2.360936e-01;1.172321e-05;1.531226e-07;4.431453e-08;-9.172021e-10;1.400246e-07;-3.186494e-09;1.497223e-07;1.900290e-08;4.896331e-07;1.598656e-08;4.569928e-06;-2.561709e-07;4.969263e-02;-6.391112e-03;2.889412e-02;-1.816733e-03;1.738571e-03;-6.511134e-05;7.733701e-04;-1.114890e-04;5.831254e-04;2.035306e-05;5.197462e-03;3.279578e-04;1.109029e-02;-3.781386e-04;1.355349e-02;-5.398957e-04;3.421523e-02;-1.569878e-03;3.890740e-02;-1.337453e-03;2.671497e-02;-4.523390e-04;3.881091e-02;1.886558e-03;4.045911e-02;1.824691e-03;3.079036e-02;-2.509393e-03;3.601570e-02;-2.856580e-03;5.423332e-02;-4.696681e-04;5.148424e-02;-1.556775e-03;5.908887e-02;-3.932243e-03;7.751403e-02;-4.786721e-03;6.913410e-02;-4.674883e-03;5.627430e-02;-4.944174e-03;7.881003e-02;-5.915179e-03;7.999492e-02;-4.531958e-03;7.786445e-02;-3.080988e-03;9.511022e-02;-3.669283e-03;5.143264e-02;-2.519360e-03;5.165564e-02;9.383572e-05;5.010757e-02;-1.849346e-03;2.728409e-02;-7.314485e-04;2.763327e-02;9.172618e-04;7.515685e-02;8.003703e-04;4.088587e-02;-6.314813e-03;3.262547e+00;1.004883e-01;0;0;9.378979e+00;1.004883e-01;3.439511e+01;-4.177442e+00;4.865478e-02;4.203938e-03;7.249891e+00;-8.944539e-01;4.710443e-02;-2.882255e-03;8.978281e+03;-1.398178e+03;3.553245e-01;3.943879e-02;1.960951e+01;2.461241e+00;3.090117e-02;8.075942e-04;6.109806e-03;-6.575398e-04;5.672439e-02;-1.495311e-03;5.742412e-01;9.344431e-02;8.938275e-01;1.222780e-01;1.041581e+00;-2.339630e-01;1.282011e+00;2.217839e-02;1.296244e+00;2.592556e-02;1.273629e+00;9.337251e-02;1.413011e+00;2.300341e-01;1.280442e+00;5.301254e-02;1.585794e+00;-1.469128e-01;1.752767e+00;-1.903010e-01;1.713190e+00;-1.817898e-01;1.369117e+00;2.636736e-02;1.072505e+00;5.009776e-02;1.114291e+00;6.426933e-02
186.500000;3.992292e+00;7.165125e+01;5.385963e-03;7.739562e-01;4.045266e-02;3.328978e-02;5.262882e-02;4.950590e-02;9.426407e-02;1.455139e-01;8.558609e-01;8.286528e+00;2.453759e-01;1.733141e+00;4.527662e-02;9.176352e-01;6.405521e-03;1.601145e-01;2.766292e-03;1.036785e-02;1.083881e-03;1.279140e-01;1.865815e-02;2.770475e-01;2.395486e-02;4.224335e-01;5.047144e-02;5.603631e-01;7.668174e-02;6.327896e-01;6.815291e-02;7.168176e-01;9.588020e-02;8.347665e-01;1.703210e-01;9.180987e-01;1.514924e-01;9.291103e-01;1.060729e-01;1.029015e+00;2.041007e-01;1.056629e+00;1.105112e-01;1.058740e+00;2.134028e-01;1.166503e+00;1.890257e-01;1.163383e+00;1.827067e-01;1.241052e+00;2.041966e-01;1.290833e+00;1.889046e-01;1.247856e+00;2.836246e-01;1.285750e+00;1.365216e-01;1.228088e+00;1.414813e-01;1.176944e+00;1.220791e-01;1.177544e+00;1.022712e-01;1.157451e+00;9.239727e-02;1.012091e+00;7.384919e-02;8.536828e-01;7.212757e-02;7.128375e-01;6.143573e-02;5.807760e-01;2.812096e-01;1.228949e+00;1.107303e-01;2.376904e-01;1.117147e+01;5.914453e+01;2.448859e+00;8.656348e+01;2.910870e+01;1.610684e+02;3.809910e+01;2.787832e+02;1.727241e-01;9.309635e-01;2.043246e+01;1.629266e+02;1.459941e-01;2.558868e+00;2.948265e+04;6.863704e+04;1.895554e+00;7.199521e+00;1.487243e+02;2.214675e+02;1.088108e-01;-1.228959e+00;1.675117e-02;1.606219e-01;1.914654e-01;8.038099e-01;2.614591e+00;4.864648e+01;5.653129e+00;-1.203348e+01;6.616849e+00;1.476541e+01;5.881010e+00;2.027839e+01;3.942978e+00;8.644665e+00;5.560447e+00;7.568007e+00;5.083110e+00;-3.228592e-01;7.049646e+00;2.619561e+00;3.766956e+00;5.014818e+00;6.004272e+00;-1.387869e+00;4.250385e+00;-2.101696e+00;4.705740e+00;9.192664e-01;4.952250e+00;3.630523e+00;3.944090e+00;6.225612e-01;1.575215e-05;-1.379284e-06;3.463146e-08;-2.485872e-09;1.268773e-07;-1.366309e-09;1.362220e-07;1.717306e-08;5.012180e-07;-2.919290e-08;6.642108e-06;-1.071318e-07;2.509537e-02;-4.998852e-03;1.372092e-02;4.333230e-04;1.508595e-03;-4.168551e-05;4.359389e-04;-5.240615e-05;4.025538e-04;-3.784165e-06;6.575346e-03;2.112527e-04;8.030752e-03;2.967065e-04;1.132488e-02;8.243553e-04;1.785811e-02;5.623764e-04;1.337789e-02;1.216915e-03;2.230853e-02;3.050765e-03;4.138643e-02;6.380193e-03;3.587674e-02;2.898943e-03;3.257493e-02;7.282741e-04;4.369555e-02;1.800496e-03;4.665194e-02;7.651545e-05;6.124000e-02;-2.495601e-03;6.616785e-02;3.082110e-03;6.171199e-02;1.359244e-04;6.237055e-02;-6.856959e-04;4.855755e-02;-1.915373e-03;6.121783e-02;-2.360838e-03;3.425998e-02;-7.215906e-04;2.443518e-02;-1.802257e-03;2.519815e-02;-1.931977e-03;3.275726e-02;5.847522e-04;2.787136e-02;7.256044e-04;2.322859e-02;5.432412e-04;2.284288e-02;7.278697e-05;2.020937e-02;-7.685061e-06;4.578983e-02;-1.241989e-03;1.811828e-02;-2.922578e-03;3.481342e+00;2.440430e-01;9.522341e-01;0;8.347233e+00;5.167969e-01;7.622686e+00;-5.455078e-01;5.185601e-02;-1.493565e-03;3.366981e+00;-3.455902e-01;3.515672e-02;4.415766e-04;4.330534e+03;-7.965847e+02;4.080982e-01;2.652424e-02;3.422233e+01;2.310161e+00;2.460039e-02;1.146232e-03;2.933071e-03;-2.020539e-04;4.173205e-02;1.444020e-03;4.828748e-01;9.803417e-02;9.733595e-01;1.315082e-01;1.011243e+00;-2.384391e-01;1.017518e+00;1.081519e-01;1.277959e+00;6.538703e-03;1.455896e+00;3.401304e-02;1.235410e+00;1.969634e-01;1.213993e+00;-6.881756e-02;1.325650e+00;-7.504859e-02;1.272364e+00;-1.279167e-01;1.276167e+00;-7.659143e-02;1.270842e+00;-4.795419e-02;1.049633e+00;-1.193672e-01;1.027989e+00;6.859380e-02
187.000000;4.563040e+00;6.870188e+01;5.445572e-03;7.726594e-01;5.400248e-02;5.745233e-02;6.488066e-02;7.382568e-02;7.456805e-02;1.202053e-01;1.077686e+00;7.786040e+00;1.039742e-01;1.519438e+00;7.169905e-02;9.594273e-01;7.807736e-03;1.517687e-01;1.346547e-03;9.037541e-03;1.355231e-03;1.270813e-01;2.675848e-02;2.814243e-01;2.920341e-02;4.188126e-01;5.627143e-02;5.393356e-01;9.753204e-02;6.394392e-01;7.485845e-02;7.310681e-01;1.268354e-01;8.184245e-01;1.967237e-01;9.057893e-01;1.875425e-01;9.936844e-01;1.659705e-01;1.049300e+00;2.159718e-01;1.118227e+00;1.110150e-01;1.070736e+00;2.231334e-01;1.197323e+00;2.259802e-01;1.233731e+00;1.659917e-01;1.269864e+00;2.076193e-01;1.333623e+00;3.790073e-01;1.403712e+00;5.320442e-01;1.416926e+00;2.402939e-01;1.381784e+00;1.450697e-01;1.316826e+00;9.943404e-02;1.273486e+00;9.060130e-02;1.204445e+00;8.229386e-02;1.043312e+00;7.159829e-02;8.735287e-01;6.304715e-02;7.195653e-01;5.236204e-02;5.836624e-01;2.491416e-01;1.075084e+00;3.628077e-02;1.435215e-01;1.331271e+01;6.603516e+01;8.400096e+00;8.957812e+01;2.872923e+01;1.660928e+02;2.393535e+01;2.555273e+02;1.957928e-01;9.155377e-01;9.730776e+00;1.510875e+02;1.444028e-01;2.540252e+00;9.836924e+03;4.670377e+04;1.676773e+00;8.312168e+00;1.335363e+02;2.965938e+02;1.237941e-01;-1.105901e+00;1.003326e-02;1.524422e-01;1.965447e-01;7.384964e-01;2.296322e+00;4.994794e+01;3.534570e+00;-8.717045e+00;5.093972e+00;1.247070e+01;4.157160e+00;2.416890e+01;4.602205e+00;9.918967e+00;6.550414e+00;1.046188e+01;6.127529e+00;1.319164e+00;7.587745e+00;-4.298761e+00;6.310804e+00;4.666277e+00;6.169311e+00;-1.656960e+00;4.906029e+00;-3.455350e+00;4.751031e+00;2.659294e+00;3.116957e+00;-8.610566e-01;4.474319e+00;-1.351211e+00;2.755392e-05;-1.891975e-06;4.080203e-08;-1.177629e-09;2.561923e-07;1.741257e-09;2.499329e-07;-1.340162e-08;5.211168e-07;-1.708370e-08;7.994038e-06;-1.165344e-07;2.473046e-02;-1.622853e-03;1.594665e-02;8.044302e-04;2.273262e-03;-2.569013e-04;3.494759e-04;1.347947e-05;4.261614e-04;-2.675966e-05;1.193726e-02;-2.662229e-04;1.153131e-02;2.943696e-04;1.015887e-02;8.543973e-05;2.045789e-02;1.861615e-03;1.322100e-02;6.812100e-04;3.010243e-02;9.231418e-04;4.968340e-02;1.867234e-03;4.140721e-02;1.160463e-03;5.038744e-02;1.817522e-03;5.130758e-02;2.157575e-03;4.479198e-02;-1.474002e-04;7.106001e-02;5.281823e-04;6.803035e-02;4.776283e-03;5.749664e-02;2.159102e-03;6.294495e-02;1.450063e-03;8.833812e-02;-1.128356e-03;1.077346e-01;-6.976131e-04;5.419710e-02;2.717639e-04;3.375037e-02;2.203115e-03;3.070082e-02;1.809531e-03;3.504224e-02;-1.562258e-04;3.171416e-02;-1.712925e-04;2.729995e-02;-1.115172e-04;2.398759e-02;-2.004304e-04;2.015723e-02;-2.256205e-04;4.562294e-02;-4.764780e-03;1.205210e-02;-2.914390e-04;4.042537e+00;1.435547e-01;3.335909e+00;0;7.620794e+00;4.019531e-01;7.145852e+00;-5.742187e-02;5.937563e-02;-4.114063e-03;2.675018e+00;8.572432e-02;4.218790e-02;2.007805e-03;3.352495e+03;5.896747e+00;5.569124e-01;-9.057691e-03;4.545112e+01;-8.003758e-01;3.515714e-02;3.580788e-03;2.559101e-03;9.252387e-05;5.021159e-02;-3.156973e-04;6.333123e-01;2.983533e-02;1.212288e+00;7.688882e-03;1.367356e+00;-6.372280e-02;1.064048e+00;8.293677e-02;1.307107e+00;6.482644e-02;1.715671e+00;-6.846389e-02;1.444606e+00;5.538911e-02;1.756580e+00;1.190376e-02;1.479859e+00;-1.576744e-01;1.562275e+00;-4.834208e-02;1.505628e+00;1.130414e-01;1.186814e+00;3.955533e-02;1.000327e+00;-8.800067e-02;9.784917e-01;-7.183257e-02
187.500000;4.023065e+00;6.660644e+01;5.411254e-03;7.718185e-01;5.575745e-02;5.108952e-02;5.819423e-02;6.141498e-02;8.184662e-02;1.224764e-01;9.143389e-01;7.388787e+00;1.160028e-01;1.553591e+00;1.149847e-01;1.031588e+00;1.267013e-02;1.391699e-01;2.321547e-03;1.139456e-02;1.167578e-03;1.258321e-01;3.574849e-02;2.715614e-01;4.075567e-02;4.096085e-01;6.779429e-02;5.533386e-01;1.169636e-01;6.839092e-01;5.964825e-02;7.428726e-01;1.261222e-01;8.236185e-01;1.752522e-01;9.178885e-01;1.662165e-01;1.011195e+00;1.774886e-01;1.114746e+00;2.122264e-01;1.180919e+00;1.820273e-01;1.174949e+00;1.683080e-01;1.203850e+00;2.602683e-01;1.372635e+00;3.444661e-01;1.421600e+00;3.655270e-01;1.482637e+00;4.681881e-01;1.575776e+00;7.846752e-01;1.708690e+00;4.237546e-01;1.599252e+00;3.229579e-01;1.531577e+00;1.933081e-01;1.387980e+00;1.710865e-01;1.248594e+00;1.063443e-01;1.064531e+00;9.926141e-02;8.910789e-01;8.036587e-02;7.307638e-01;6.350774e-02;5.918871e-01;3.170686e-01;8.912196e-01;7.159676e-02;1.896346e-01;1.259687e+01;7.321289e+01;1.100326e+01;9.259277e+01;2.158100e+01;1.808789e+02;5.643196e+01;2.817979e+02;2.151763e-01;7.827198e-01;1.889465e+01;1.701276e+02;1.437370e-01;2.673836e+00;2.689982e+04;6.726372e+04;1.876949e+00;6.904457e+00;1.263678e+02;1.942732e+02;1.704310e-01;-9.311451e-01;1.557260e-02;1.687388e-01;2.241535e-01;6.943020e-01;2.646808e+00;4.881144e+01;5.071490e+00;-1.227139e+01;6.625091e+00;1.611026e+01;4.324736e+00;2.437564e+01;5.178802e+00;1.004972e+01;4.538610e+00;1.308215e+01;6.527519e+00;-1.357709e+00;7.956376e+00;-8.280608e+00;6.828823e+00;1.814048e+00;6.825629e+00;-1.274665e+00;7.689210e+00;1.811648e+00;3.829031e+00;5.230506e+00;4.129812e+00;-4.234455e+00;4.334327e+00;-2.441558e+00;2.675209e-05;8.652245e-07;4.240848e-08;1.288885e-09;2.492953e-07;1.552887e-08;2.584397e-07;-2.590184e-08;5.278274e-07;3.367030e-08;7.589321e-06;5.174018e-08;3.093753e-02;1.480390e-03;2.958349e-02;2.716161e-03;3.174874e-03;-4.655864e-04;4.960413e-04;9.196271e-05;4.676227e-04;-2.516787e-05;1.621507e-02;-2.455176e-04;1.674287e-02;-3.598476e-04;1.385881e-02;3.049786e-04;2.244964e-02;9.161103e-04;1.336010e-02;-1.482988e-03;3.061902e-02;-1.274943e-03;4.297770e-02;-2.339717e-03;3.620090e-02;-4.320735e-03;5.109577e-02;3.782836e-04;5.592075e-02;-7.525963e-04;6.535567e-02;3.100751e-03;5.703725e-02;3.037749e-03;6.840470e-02;-2.039599e-04;8.475886e-02;8.939789e-03;9.228796e-02;7.230907e-03;1.277416e-01;7.021655e-03;1.852689e-01;6.874565e-03;1.173119e-01;1.466583e-02;7.238829e-02;1.313764e-02;5.394470e-02;5.010756e-03;5.428566e-02;4.758869e-03;4.064731e-02;2.109583e-03;3.646562e-02;1.765544e-03;3.060542e-02;1.342990e-03;2.454189e-02;1.029651e-03;6.032073e-02;-6.088806e-03;1.783683e-02;1.740055e-03;5.143907e+00;-2.871094e-02;4.633949e+00;0;8.009413e+00;-4.306640e-02;2.001803e+01;1.579102e+00;5.921284e-02;-3.653375e-03;4.159621e+00;6.091513e-01;4.816164e-02;2.232668e-03;6.439759e+03;9.606436e+02;5.244513e-01;-3.114227e-02;3.715918e+01;-2.287384e+00;4.333089e-02;5.633118e-03;3.624496e-03;4.467474e-04;7.054489e-02;-5.164318e-03;7.156165e-01;-9.082824e-02;1.543548e+00;-1.478045e-01;1.795148e+00;1.843236e-01;1.078557e+00;-1.863942e-02;1.330627e+00;-3.689771e-02;1.475741e+00;7.274136e-02;1.541971e+00;-1.066491e-01;1.926756e+00;-8.769047e-02;1.407610e+00;-3.740230e-02;1.918885e+00;9.186678e-02;1.600214e+00;1.312920e-01;1.282247e+00;-2.974701e-02;1.269389e+00;8.759941e-03;1.184265e+00;1.107374e-01
188.000000;1.139345e+01;7.369473e+01;1.012905e-02;7.660282e-01;6.732866e-02;5.517088e-02;6.627220e-02;6.003188e-02;7.342494e-02;1.405323e-01;1.215012e+00;6.886444e+00;3.363889e-01;1.864153e+00;1.659774e-01;1.104466e+00;1.132039e-02;1.302402e-01;5.891477e-03;1.744520e-02;2.731029e-03;1.245319e-01;4.359709e-02;2.678572e-01;5.245674e-02;4.192838e-01;8.806739e-02;5.776433e-01;1.259311e-01;7.271933e-01;1.601184e-01;8.399866e-01;1.790495e-01;9.107527e-01;2.027165e-01;1.001039e+00;1.671606e-01;1.032008e+00;1.458765e-01;1.098673e+00;2.279078e-01;1.231835e+00;2.786547e-01;1.361684e+00;1.723198e-01;1.228330e+00;2.847885e-01;1.419046e+00;3.737934e-01;1.465588e+00;3.649408e-01;1.543782e+00;4.918418e-01;1.759087e+00;6.436019e-01;1.785301e+00;6.758799e-01;1.898280e+00;7.135150e-01;1.908284e+00;4.000490e-01;1.502530e+00;2.692827e-01;1.298647e+00;1.719810e-01;1.091310e+00;1.323805e-01;8.987029e-01;1.081223e-01;7.332254e-01;8.590785e-02;5.915177e-01;4.127632e-01;9.104198e-01;2.530496e-01;4.176186e-01;1.982666e+01;8.397949e+01;4.259585e+01;1.243184e+02;1.358710e+02;2.543789e+02;3.992255e+02;6.227402e+02;2.400975e-01;8.039780e-01;9.096061e+01;2.531340e+02;4.135809e-01;3.051461e+00;8.117650e+04;1.438087e+05;1.608261e+00;4.493207e+00;6.599675e+01;7.487822e+01;1.526589e-01;-8.109654e-01;7.781088e-02;2.398704e-01;4.338574e-01;8.983888e-01;2.974495e+00;4.740076e+01;6.062366e+00;-1.943928e+01;6.569396e+00;2.026956e+01;1.082446e+01;1.554282e+01;5.055956e+00;9.338043e+00;4.869827e+00;1.584971e+01;1.087422e+01;-7.931308e+00;8.098243e+00;-4.244488e+00;6.178568e+00;3.446806e+00;6.019187e+00;-4.015875e-01;6.990344e+00;4.151489e+00;7.912008e+00;-1.516122e+00;5.381225e+00;-3.887439e+00;4.744857e+00;1.449214e+00;3.213278e-05;5.287129e-06;6.148054e-08;-8.812977e-10;2.317199e-07;1.814887e-09;2.369368e-07;-2.255164e-08;5.007043e-07;4.405786e-08;7.642929e-06;-3.862070e-07;5.705558e-02;8.593746e-03;4.419471e-02;8.290344e-04;3.809299e-03;-9.287953e-05;9.695704e-04;1.787604e-04;1.024240e-03;1.269713e-05;1.775978e-02;-5.918870e-05;1.841180e-02;9.180891e-05;2.315600e-02;1.416980e-04;3.291478e-02;-1.320390e-04;4.639558e-02;2.020215e-03;2.764608e-02;-1.528113e-03;3.479693e-02;-2.242985e-03;3.211582e-02;6.144231e-04;4.974328e-02;-1.342171e-03;6.273282e-02;1.652007e-03;8.497016e-02;3.368291e-03;4.729687e-02;-1.379254e-03;7.275871e-02;-2.150569e-03;9.222790e-02;1.660141e-03;9.282260e-02;2.416871e-03;1.322178e-01;7.341753e-03;1.655606e-01;5.257763e-03;1.758564e-01;3.482711e-03;1.779210e-01;2.802210e-03;1.047418e-01;-7.228313e-04;7.527490e-02;-9.702696e-04;5.526530e-02;-3.692668e-04;4.544113e-02;4.361506e-04;3.802597e-02;5.431321e-04;3.021306e-02;6.096966e-04;9.795989e-02;5.023869e-03;5.078115e-02;7.589335e-03;5.909347e+00;1.004883e-01;7.340180e+00;9.474609e-01;2.885926e+01;3.474023e+00;6.291132e+01;1.050820e+01;5.601950e-02;6.228404e-04;1.282517e+01;2.671602e+00;6.387085e-02;1.091479e-02;1.456135e+04;2.219349e+03;3.561879e-01;-4.500193e-02;1.827526e+01;-1.781673e+00;5.124657e-02;9.782221e-04;1.033013e-02;2.277213e-03;1.209623e-01;4.653312e-03;8.200135e-01;-4.983635e-02;1.558978e+00;-1.875490e-01;1.740509e+00;2.016255e-01;1.121301e+00;-2.296734e-01;1.434854e+00;-1.134665e-01;1.173768e+00;1.729420e-01;1.779531e+00;-3.024750e-01;1.667876e+00;-5.616289e-02;1.473890e+00;1.947702e-01;1.877256e+00;1.201907e-01;1.747431e+00;5.903607e-04;1.444272e+00;-1.567241e-01;1.289162e+00;5.887853e-02;1.302481e+00;7.464903e-02
188.500000;1.156848e+01;8.045044e+01;1.582574e-02;7.538518e-01;8.568078e-02;7.082910e-02;9.868288e-02;8.023170e-02;7.367987e-02;1.528453e-01;1.425272e+00;5.812164e+00;2.343588e-01;2.121743e+00;1.612503e-01;1.060045e+00;1.121262e-02;1.249387e-01;4.492465e-03;2.332325e-02;4.181449e-03;1.239671e-01;4.140595e-02;2.746257e-01;4.817273e-02;4.332062e-01;8.908287e-02;5.759416e-01;1.291804e-01;7.049471e-01;1.651141e-01;8.519838e-01;2.039686e-01;9.521047e-01;2.279445e-01;1.030275e+00;2.093089e-01;1.042273e+00;1.141508e-01;1.001084e+00;2.367106e-01;1.154774e+00;2.900272e-01;1.317225e+00;1.806380e-01;1.283955e+00;2.401021e-01;1.355058e+00;2.627854e-01;1.402542e+00;2.408148e-01;1.461025e+00;4.622057e-01;1.614727e+00;3.062706e-01;1.570801e+00;7.151289e-01;1.688431e+00;7.946900e-01;1.677706e+00;4.038644e-01;1.428031e+00;2.544781e-01;1.263669e+00;1.693355e-01;1.091049e+00;1.245526e-01;9.122034e-01;1.070892e-01;7.459182e-01;8.572936e-02;6.036600e-01;3.530856e-01;1.182763e+00;2.448762e-01;5.649070e-01;2.689343e+01;1.079531e+02;4.933020e+01;1.788691e+02;1.628355e+02;3.906123e+02;3.010318e+02;9.788994e+02;1.875443e-01;9.684504e-01;8.236089e+01;3.517067e+02;3.275246e-01;3.537914e+00;7.028898e+04;2.041493e+05;9.055279e-01;3.017441e+00;2.321787e+01;3.021268e+01;1.500985e-01;-7.422758e-01;7.021424e-02;3.293467e-01;3.619443e-01;1.076267e+00;3.093823e+00;4.782244e+01;4.498437e+00;-2.347514e+01;5.480136e+00;2.038556e+01;6.531281e+00;7.972075e+00;6.869769e+00;3.744869e+00;6.165642e+00;1.465164e+01;9.312047e+00;-1.206094e+01;3.973361e+00;1.091094e+00;5.334540e+00;9.889975e+00;3.850126e+00;-2.500663e+00;7.237643e+00;-2.283119e+00;4.443674e+00;-7.889679e+00;4.609985e+00;-2.938857e-01;5.836971e+00;5.669174e+00;4.502440e-05;-1.501595e-06;8.469426e-08;-7.000408e-09;3.754543e-07;5.440207e-08;5.506976e-07;2.416216e-08;6.098840e-07;-1.492318e-08;8.524533e-06;-5.207169e-07;5.676952e-02;1.910989e-03;3.760988e-02;-2.749484e-03;3.451914e-03;2.262029e-05;1.031683e-03;6.550777e-06;1.427642e-03;-2.726579e-05;1.603677e-02;-1.756820e-04;1.561166e-02;5.140727e-04;2.399393e-02;-4.886002e-04;3.263775e-02;-3.162656e-04;4.923936e-02;1.451582e-03;3.095663e-02;-2.498766e-03;3.617718e-02;-3.649168e-03;3.710441e-02;3.370898e-03;4.800385e-02;-1.106940e-03;5.614292e-02;-1.338346e-03;7.130126e-02;-3.338009e-03;5.092281e-02;-1.130784e-03;6.366634e-02;-1.598506e-03;7.016598e-02;-6.283427e-03;6.472280e-02;-6.527125e-03;9.191166e-02;-4.417877e-03;6.787722e-02;-6.597407e-03;1.515171e-01;-1.756393e-02;1.699818e-01;-1.417715e-02;1.033885e-01;-3.859645e-03;7.133788e-02;-3.522187e-03;5.438118e-02;5.972702e-06;4.300807e-02;4.873647e-04;3.699593e-02;7.594284e-04;2.934377e-02;5.411945e-04;9.811921e-02;1.166618e-02;6.197828e-02;1.376249e-04;7.032876e+00;4.737305e-01;1.146243e+01;8.900391e-01;3.671267e+01;1.392480e+00;7.943593e+01;1.995410e+00;5.418904e-02;4.163213e-03;1.688902e+01;9.066496e-01;5.947174e-02;6.489588e-03;1.565512e+04;8.407022e+00;2.455469e-01;-6.227253e-03;7.006537e+00;-2.115653e-02;4.497438e-02;-3.233198e-04;1.397746e-02;9.772879e-04;1.210692e-01;5.512839e-03;8.363968e-01;6.296680e-02;1.274084e+00;1.178552e-02;1.430169e+00;-6.632207e-02;1.062624e+00;-2.768877e-02;1.450457e+00;-1.411040e-01;1.227243e+00;-1.075958e-01;1.920207e+00;-5.829158e-02;1.421502e+00;-3.950239e-02;1.508712e+00;1.065588e-01;1.532683e+00;-8.999676e-03;1.969728e+00;-1.337015e-01;1.464839e+00;2.765740e-02;1.091566e+00;6.110065e-02;1.395011e+00;-1.244218e-01
189.000000;1.383479e+01;7.616917e+01;1.556924e-02;7.461921e-01;9.736326e-02;8.231907e-02;1.128030e-01;9.281659e-02;1.154032e-01;1.860260e-01;1.500067e+00;4.727222e+00;2.823095e-01;1.910345e+00;7.125233e-02;9.352704e-01;8.521804e-03;1.162843e-01;4.583924e-03;2.158604e-02;4.597748e-03;1.256384e-01;3.169326e-02;2.818081e-01;3.830777e-02;4.245482e-01;7.113668e-02;5.586083e-01;1.058639e-01;6.873211e-01;9.603154e-02;7.796628e-01;1.770131e-01;8.554389e-01;2.252250e-01;8.903818e-01;1.654698e-01;9.422008e-01;8.606999e-02;9.563768e-01;1.629968e-01;1.001101e+00;1.750096e-01;1.085588e+00;1.712014e-01;1.156675e+00;1.696845e-01;1.196902e+00;2.163894e-01;1.279447e+00;2.044773e-01;1.312424e+00;1.696123e-01;1.285681e+00;2.758903e-01;1.348595e+00;2.834416e-01;1.215262e+00;1.898335e-01;1.163309e+00;1.734724e-01;1.275928e+00;1.708147e-01;1.189405e+00;1.339092e-01;1.054151e+00;9.976320e-02;9.089184e-01;9.766173e-02;7.404790e-01;8.552643e-02;6.011795e-01;2.473807e-01;1.305121e+00;2.540329e-01;3.565652e-01;2.481628e+01;1.214473e+02;4.161873e+01;1.948037e+02;1.296339e+02;3.845830e+02;3.178205e+02;7.881152e+02;1.533187e-01;1.009671e+00;7.899938e+01;3.312237e+02;2.453328e-01;3.573080e+00;7.429044e+04;1.551840e+05;1.696135e+00;3.866569e+00;7.774880e+01;6.656854e+01;9.872496e-02;-6.431082e-01;6.440505e-02;3.204845e-01;2.694278e-01;9.128498e-01;2.930448e+00;5.008988e+01;6.901718e+00;-1.918531e+01;3.636786e+00;1.735032e+01;5.912531e+00;1.166982e+01;6.267776e+00;-4.479921e+00;5.541179e+00;8.097634e+00;5.502910e+00;-8.058472e+00;6.087894e+00;-3.373312e+00;4.562376e+00;1.254032e+01;4.310142e+00;-8.989591e-01;5.166208e+00;-6.603721e+00;5.942649e+00;-3.989877e+00;4.249322e+00;4.307064e-01;8.555531e+00;1.191763e+00;4.293886e-05;4.110883e-07;8.090950e-08;-1.096735e-09;4.408172e-07;7.054867e-08;6.578165e-07;5.189541e-08;7.535145e-07;-3.135167e-08;8.609655e-06;-5.063438e-08;2.977957e-02;-8.903658e-03;1.747649e-02;-1.576211e-03;2.784605e-03;-1.411976e-04;7.722392e-04;-1.395818e-04;1.244865e-03;2.404475e-05;1.331405e-02;2.831051e-04;1.204002e-02;1.879206e-04;1.955937e-02;1.297762e-03;2.270822e-02;1.207878e-03;2.298177e-02;-2.378376e-03;3.015064e-02;-6.553920e-04;4.119177e-02;-1.160168e-03;2.922555e-02;-4.403913e-03;2.837145e-02;-2.985331e-03;4.753224e-02;-3.375364e-03;5.049937e-02;-4.843870e-03;3.677541e-02;-1.283928e-03;4.071494e-02;-2.197832e-03;5.015242e-02;-3.042240e-03;4.857032e-02;-3.268261e-03;3.256592e-02;-6.659236e-03;5.970705e-02;-4.905374e-03;7.632649e-02;-4.115924e-03;4.887521e-02;-4.470528e-03;5.428116e-02;1.568733e-03;5.759965e-02;2.104584e-03;4.650613e-02;1.434646e-03;3.400367e-02;5.912745e-04;3.366533e-02;6.352002e-05;2.828206e-02;7.890371e-07;6.833724e-02;3.976823e-03;3.839022e-02;-8.508118e-03;6.936886e+00;5.167969e-01;1.183792e+01;2.440430e-01;2.591303e+01;-2.311230e+00;5.717067e+01;-8.929102e+00;4.629844e-02;3.286350e-03;1.312215e+01;-1.819866e+00;4.288839e-02;-4.564302e-03;9.322159e+03;-2.287983e+03;2.408452e-01;5.859587e-02;1.165574e+01;3.252486e+00;3.043782e-02;1.830912e-03;1.146683e-02;-1.290614e-03;7.309109e-02;-3.444349e-03;7.843794e-01;3.730791e-02;1.022194e+00;2.335817e-01;1.171251e+00;-1.012157e-01;1.058396e+00;1.398090e-01;1.269409e+00;-1.550256e-01;1.000030e+00;-2.772650e-01;1.598025e+00;1.584834e-01;1.090396e+00;-1.318345e-01;1.287331e+00;-2.870170e-02;1.152529e+00;2.503798e-02;1.734601e+00;-9.953510e-02;1.625409e+00;1.509908e-01;1.402210e+00;1.372114e-02;1.475125e+00;-3.442850e-02
189.500000;1.504971e+01;8.429711e+01;1.529235e-02;7.561187e-01;8.290519e-02;6.337903e-02;8.922707e-02;6.189956e-02;1.276984e-01;1.852732e-01;1.668523e+00;5.339245e+00;2.081161e-01;1.575988e+00;1.152716e-01;9.473972e-01;9.346627e-03;1.114420e-01;3.462172e-03;1.650290e-02;5.772705e-03;1.238432e-01;2.959832e-02;2.814634e-01;2.985171e-02;4.257240e-01;8.104927e-02;5.777358e-01;1.116822e-01;6.964018e-01;8.577621e-02;7.366256e-01;1.053217e-01;7.908517e-01;1.879049e-01;8.337119e-01;1.061206e-01;8.889255e-01;7.670002e-02;9.321474e-01;1.232135e-01;9.645720e-01;2.173523e-01;1.072653e+00;2.300136e-01;1.141133e+00;2.863031e-01;1.196530e+00;2.563822e-01;1.259569e+00;2.409839e-01;1.315926e+00;2.644736e-01;1.345097e+00;4.427980e-01;1.403424e+00;4.886012e-01;1.415096e+00;3.767672e-01;1.343637e+00;2.584880e-01;1.343865e+00;2.051020e-01;1.224183e+00;1.282748e-01;1.067718e+00;9.975599e-02;9.130219e-01;8.755846e-02;7.404652e-01;7.871266e-02;5.980056e-01;4.019428e-01;1.556580e+00;8.817869e-02;1.216194e-01;2.469808e+01;1.378125e+02;3.138566e+01;2.009766e+02;5.524058e+01;3.093604e+02;1.505083e+02;4.771758e+02;1.988042e-01;9.624968e-01;4.032311e+01;2.682552e+02;2.200401e-01;3.309106e+00;4.186821e+04;7.802226e+04;2.378402e+00;6.618925e+00;1.791794e+02;2.113896e+02;9.690385e-02;-5.984834e-01;3.510184e-02;2.754411e-01;3.716231e-01;9.461998e-01;3.039683e+00;5.004099e+01;7.251718e+00;-9.943748e+00;5.514213e+00;1.935653e+01;5.611476e+00;1.457190e+01;4.783124e+00;-8.508633e+00;6.550644e+00;-4.456109e-01;6.037595e+00;-9.424497e+00;6.277246e+00;-7.544949e+00;4.867373e+00;9.870199e+00;7.111095e+00;-2.507090e+00;4.364810e+00;-7.133173e+00;5.436251e+00;-1.257200e+00;4.315549e+00;4.859559e-01;4.456624e+00;-2.510648e+00;2.550780e-05;5.857840e-06;5.901838e-08;5.764328e-09;3.353981e-07;-1.967707e-08;4.257995e-07;-6.032014e-09;8.554891e-07;1.871921e-08;7.125316e-06;4.091764e-07;2.892354e-02;-5.723481e-03;2.835688e-02;-6.428182e-04;2.886844e-03;-6.399686e-05;6.792011e-04;-2.670699e-05;1.315403e-03;3.853866e-05;1.175893e-02;2.666666e-04;1.003343e-02;-4.588544e-04;1.872430e-02;-4.149049e-04;2.494955e-02;-6.321067e-04;1.506272e-02;-1.960397e-03;2.498533e-02;-2.842103e-04;4.290433e-02;7.223343e-04;2.264888e-02;-2.157864e-03;2.471464e-02;3.762658e-04;4.532040e-02;2.627535e-03;6.474764e-02;3.168566e-03;5.642475e-02;-1.051296e-03;6.947421e-02;-1.819075e-03;6.293952e-02;1.809720e-03;5.651952e-02;2.498908e-03;6.149222e-02;1.150201e-04;9.567425e-02;-1.648035e-03;1.067849e-01;4.471208e-04;7.032341e-02;-1.721477e-03;6.530201e-02;-3.858732e-03;5.937262e-02;-3.625799e-03;4.288849e-02;-2.837847e-03;3.418241e-02;-1.477830e-03;3.136709e-02;-2.692233e-03;2.726880e-02;-2.143305e-03;8.046632e-02;-2.625130e-03;1.147592e-02;-2.517310e-03;5.405191e+00;3.301758e-01;8.784550e+00;3.014649e-01;1.363425e+01;-4.880859e-01;2.848074e+01;-2.555274e+00;4.728615e-02;-1.190532e-03;8.102184e+00;-6.519593e-01;4.523752e-02;-5.077052e-03;7.065322e+03;-9.681458e+02;4.326906e-01;3.269825e-02;3.937318e+01;1.121913e+00;3.061382e-02;1.135801e-03;7.508306e-03;-4.517098e-04;8.652645e-02;-3.232561e-04;7.671343e-01;1.616016e-02;1.177683e+00;1.189210e-01;1.089390e+00;6.012160e-02;1.193258e+00;9.892952e-02;1.128758e+00;-8.980956e-02;8.904404e-01;-1.118848e-01;1.493323e+00;-7.596138e-03;1.324959e+00;-1.317246e-01;1.182624e+00;-6.469743e-03;1.276387e+00;-4.641392e-02;1.508404e+00;-3.827560e-03;1.717517e+00;-7.427392e-02;1.389466e+00;2.517604e-02;1.328148e+00;5.289571e-02
190.000000;1.090547e+00;9.556614e+01;1.026292e-02;7.679439e-01;3.246692e-02;3.156839e-02;1.939443e-02;2.178009e-02;9.690677e-02;1.410446e-01;1.127395e+00;6.801579e+00;1.462358e-01;1.415370e+00;1.594570e-01;1.002930e+00;1.077043e-02;1.054813e-01;2.802117e-03;1.524313e-02;6.066464e-03;1.225824e-01;2.582325e-02;2.778640e-01;3.348120e-02;4.261267e-01;9.964145e-02;5.711025e-01;1.458979e-01;6.769579e-01;8.071130e-02;7.073517e-01;1.203674e-01;7.987583e-01;1.769911e-01;8.665506e-01;1.216250e-01;8.959153e-01;1.052250e-01;9.455181e-01;1.546194e-01;1.006175e+00;2.323777e-01;1.135849e+00;3.170777e-01;1.243265e+00;4.476564e-01;1.336033e+00;3.353009e-01;1.392838e+00;3.435707e-01;1.434589e+00;3.867865e-01;1.448838e+00;7.409791e-01;1.625895e+00;5.016627e-01;1.580173e+00;5.841780e-01;1.559554e+00;3.171737e-01;1.397891e+00;2.368408e-01;1.262042e+00;1.205444e-01;1.095795e+00;1.141376e-01;9.241989e-01;9.427411e-02;7.391331e-01;6.970879e-02;6.051915e-01;4.699938e-01;1.502909e+00;3.859435e-02;6.790511e-02;1.777471e+01;1.525986e+02;1.953821e+01;2.115996e+02;4.231212e+01;2.964404e+02;1.114867e+02;4.038193e+02;1.958392e-01;8.437952e-01;2.864737e+01;2.581144e+02;1.821110e-01;3.092828e+00;5.009796e+04;6.650842e+04;2.141516e+00;8.063595e+00;1.709892e+02;2.644142e+02;1.118457e-01;-5.377778e-01;2.307081e-02;2.680425e-01;3.579878e-01;1.004023e+00;3.346321e+00;4.742057e+01;5.222420e+00;-6.422967e+00;7.846032e+00;2.619710e+01;5.747191e+00;1.685828e+01;6.310278e+00;-1.141347e+01;3.280896e+00;-6.350183e+00;5.452122e+00;-1.183102e+01;9.014667e+00;-6.545094e+00;3.792932e+00;6.559809e+00;6.499476e+00;-9.034011e+00;4.848727e+00;-7.396405e+00;5.548857e+00;-2.441527e+00;5.153607e+00;2.801468e-01;4.468243e+00;-4.871017e-01;4.863698e-06;3.085032e-07;4.972307e-08;2.996774e-09;1.486880e-07;-5.884157e-09;9.586714e-08;-1.404540e-08;6.868929e-07;1.212575e-08;6.507000e-06;2.676925e-07;3.523683e-02;-1.273087e-03;4.200059e-02;6.998878e-04;2.996622e-03;-1.277194e-04;7.228337e-04;-2.897463e-06;1.445864e-03;-1.289245e-04;9.649942e-03;8.654738e-05;9.388335e-03;4.240960e-05;2.279456e-02;-5.727249e-04;3.519026e-02;-6.297627e-05;2.194804e-02;-1.141589e-03;3.383122e-02;-8.476966e-05;4.480032e-02;3.944654e-03;2.942525e-02;4.500723e-03;3.574600e-02;1.616698e-03;4.411804e-02;2.021115e-03;6.838998e-02;2.581671e-03;8.233127e-02;2.376895e-04;1.170293e-01;-1.039017e-03;9.519426e-02;7.255677e-04;8.991136e-02;2.183373e-03;9.813461e-02;3.545703e-03;1.749050e-01;6.057299e-04;1.268084e-01;-1.377909e-04;1.267662e-01;-1.365478e-03;8.521198e-02;-1.013321e-03;7.475156e-02;-5.336346e-04;3.834866e-02;8.351817e-04;3.731346e-02;1.271639e-03;3.117607e-02;-1.581550e-04;2.340173e-02;2.367772e-04;9.782997e-02;-1.521460e-03;1.083689e-02;-2.382880e-04;4.806403e+00;4.306641e-01;6.430785e+00;2.153320e-01;1.243220e+01;0;3.049676e+01;-5.024414e-01;4.251425e-02;-1.420191e-03;7.961635e+00;1.072731e-01;4.548135e-02;-3.208708e-03;1.343045e+04;-4.527884e+01;4.915861e-01;2.245324e-02;4.409595e+01;4.575437e-01;3.002256e-02;1.125080e-03;6.463143e-03;1.274510e-04;9.677000e-02;1.891621e-03;9.010502e-01;-4.622271e-02;1.488617e+00;-4.419909e-03;1.534069e+00;1.017986e-01;1.229060e+00;3.466498e-02;1.391538e+00;-7.058388e-02;1.023187e+00;1.123692e-02;1.795806e+00;4.180364e-02;1.851238e+00;-8.801939e-02;1.321847e+00;-9.672810e-02;1.579333e+00;-2.006621e-01;1.443923e+00;-9.554426e-02;1.712013e+00;-2.969358e-02;1.532860e+00;7.443534e-02;1.428628e+00;7.795742e-02
190.500000;1.235922e+00;9.629115e+01;1.428936e-02;7.773071e-01;2.698721e-02;3.441227e-02;1.568055e-02;2.301439e-02;1.053697e-01;1.652291e-01;2.015420e+00;8.279095e+00;1.873823e-01;1.249674e+00;1.432632e-01;9.813266e-01;1.322646e-02;9.652904e-02;4.142281e-03;1.480726e-02;8.290456e-03;1.257078e-01;3.242768e-02;2.735284e-01;4.608149e-02;4.128757e-01;9.217981e-02;5.236015e-01;1.445768e-01;6.433797e-01;1.141077e-01;7.075732e-01;1.368774e-01;7.904748e-01;2.315392e-01;8.904675e-01;2.265266e-01;9.646999e-01;1.143371e-01;9.805641e-01;2.346010e-01;1.099053e+00;4.155466e-01;1.173591e+00;5.977370e-01;1.281391e+00;4.009229e-01;1.255920e+00;2.991398e-01;1.324573e+00;3.219608e-01;1.365017e+00;3.616169e-01;1.397033e+00;7.055087e-01;1.535875e+00;3.896952e-01;1.459143e+00;5.147468e-01;1.448358e+00;2.452794e-01;1.351478e+00;2.028660e-01;1.231590e+00;1.493425e-01;1.063060e+00;1.487469e-01;8.971169e-01;1.080747e-01;7.229723e-01;8.146288e-02;5.954489e-01;4.394800e-01;9.989489e-01;8.014747e-02;6.392427e-02;1.912243e+01;1.556133e+02;1.777761e+01;2.021250e+02;4.823865e+01;2.615566e+02;2.617086e+02;4.186055e+02;1.609718e-01;7.549687e-01;4.628402e+01;2.488073e+02;3.125966e-01;2.808316e+00;6.549865e+04;6.716650e+04;5.388406e+00;1.046674e+01;5.103408e+02;4.618099e+02;1.226077e-01;-4.507025e-01;3.573592e-02;2.563694e-01;3.206378e-01;8.618776e-01;3.182565e+00;4.594497e+01;5.914247e+00;-5.424164e+00;7.511395e+00;2.715803e+01;6.300760e+00;2.135388e+01;8.707094e+00;-8.964945e+00;4.318048e+00;-4.264830e+00;7.603482e+00;-8.826622e+00;9.295507e+00;-9.706859e+00;8.595360e+00;3.255072e+00;6.193504e+00;-1.198338e+01;6.167476e+00;-1.062497e+01;4.540748e+00;-3.052899e+00;6.722924e+00;4.868588e-01;5.692411e+00;-2.747826e-01;6.084443e-06;5.658496e-07;6.334007e-08;2.128377e-09;1.299138e-07;1.628867e-08;8.639364e-08;5.754882e-09;6.707824e-07;-3.523766e-08;1.106315e-05;4.085065e-07;3.921935e-02;-1.284132e-03;3.820376e-02;2.530395e-03;5.124703e-03;-3.003258e-04;9.240050e-04;9.939531e-05;2.526178e-03;1.067593e-04;1.338695e-02;-2.330237e-04;1.591965e-02;-1.167885e-04;2.256407e-02;-7.882821e-04;3.676118e-02;-9.093963e-04;2.999613e-02;4.537701e-04;3.616355e-02;4.852068e-04;4.558969e-02;5.681128e-06;4.192579e-02;-6.240826e-04;4.091364e-02;1.692628e-03;5.440046e-02;7.358262e-03;1.051082e-01;1.675580e-02;1.487263e-01;2.560099e-02;1.013361e-01;7.897417e-04;8.419913e-02;-2.311612e-03;8.204260e-02;-2.349446e-03;9.247269e-02;3.211468e-04;1.643900e-01;3.917760e-03;1.037378e-01;7.311529e-03;1.100401e-01;2.392094e-03;7.298287e-02;2.497330e-03;7.087501e-02;1.788672e-03;4.273706e-02;1.751290e-04;4.275749e-02;-4.826246e-04;3.396247e-02;1.005738e-03;2.400031e-02;9.472843e-04;8.499739e-02;-1.045478e-02;2.235178e-02;1.932139e-03;6.204553e+00;-2.009766e-01;5.510406e+00;-2.296875e-01;1.213161e+01;-3.875977e-01;6.027317e+01;1.089580e+01;3.617596e-02;-3.293630e-03;1.254197e+01;1.146533e+00;7.705437e-02;-1.489777e-04;1.631805e+04;1.796910e+03;1.199862e+00;-4.759324e-02;1.361155e+02;-1.551256e+00;4.627728e-02;2.674192e-03;9.991917e-03;7.316171e-04;1.099637e-01;-4.208123e-03;9.089526e-01;-6.160532e-02;1.475218e+00;-6.114297e-02;1.691210e+00;-1.214308e-02;1.277735e+00;1.459192e-01;1.867999e+00;2.084643e-01;1.087055e+00;-1.236068e-02;2.055238e+00;-1.858479e-01;1.827566e+00;1.633767e-01;1.920499e+00;1.836299e-01;1.696372e+00;-1.808060e-02;1.763589e+00;-1.486020e-01;1.514838e+00;-2.339770e-03;1.695909e+00;2.606347e-02;1.539686e+00;2.436974e-02
191.000000;1.107782e+00;9.718417e+01;1.089866e-02;7.814702e-01;2.765427e-02;2.878901e-02;1.755000e-02;2.222862e-02;1.111044e-01;1.567755e-01;1.913646e+00;8.751995e+00;5.749490e-01;1.571357e+00;3.685552e-01;1.161243e+00;1.990691e-02;9.853746e-02;9.136572e-03;2.136810e-02;1.458781e-02;1.259605e-01;4.774353e-02;2.779599e-01;7.281197e-02;4.235173e-01;1.052351e-01;5.560655e-01;1.416034e-01;7.117029e-01;4.567612e-01;8.910253e-01;4.677729e-01;9.412724e-01;3.072101e-01;9.984338e-01;3.416166e-01;1.123467e+00;5.335180e-01;1.306298e+00;3.960152e-01;1.377133e+00;5.432784e-01;1.427583e+00;6.790466e-01;1.468345e+00;5.056385e-01;1.453691e+00;4.274765e-01;1.441298e+00;4.905102e-01;1.573624e+00;6.638206e-01;1.707308e+00;6.325771e-01;1.685701e+00;5.334442e-01;1.763386e+00;7.775102e-01;1.837964e+00;1.012082e+00;1.703728e+00;1.361035e+00;1.656626e+00;7.941305e-01;1.312511e+00;2.476329e-01;9.932594e-01;1.572931e-01;7.937120e-01;1.887876e-01;6.407468e-01;5.146030e-01;9.308846e-01;3.722794e-01;3.273032e-01;2.870053e+01;1.683896e+02;8.859779e+01;2.282520e+02;2.186571e+02;3.554414e+02;5.024276e+02;8.076387e+02;1.624715e-01;7.205097e-01;1.414820e+02;3.459666e+02;5.597304e-01;3.053853e+00;1.328427e+05;1.632485e+05;6.797875e+00;7.923526e+00;5.548762e+02;3.658325e+02;1.884559e-01;-4.752493e-01;1.119186e-01;3.311424e-01;4.432254e-01;9.244152e-01;4.557118e+00;4.197152e+01;8.616261e+00;-1.002055e+01;5.851360e+00;2.364223e+01;9.881704e+00;1.953478e+01;9.052443e+00;1.937196e+00;6.845130e+00;-5.714845e+00;1.327504e+01;-1.280306e+01;7.286381e+00;-1.384574e+01;1.070962e+01;5.625947e+00;1.041060e+01;-5.801659e+00;8.919864e+00;-1.134481e+01;4.327048e+00;-5.591118e+00;1.084816e+01;-1.822304e+00;7.440202e+00;-1.380884e+00;2.860222e-05;3.946058e-06;7.922340e-08;5.716994e-10;1.211022e-07;2.083390e-09;1.003221e-07;-1.908228e-09;7.327510e-07;-1.515366e-08;1.400499e-05;-8.541008e-10;7.841551e-02;1.034891e-02;7.759137e-02;2.100248e-03;6.534359e-03;2.803706e-05;1.168179e-03;1.475183e-04;4.391124e-03;-2.143632e-04;1.772696e-02;-2.569893e-04;2.252525e-02;-5.271617e-04;2.371558e-02;8.941351e-04;2.918276e-02;5.772439e-04;1.116848e-01;2.601407e-03;1.059237e-01;-7.162549e-05;5.408547e-02;-2.488720e-03;5.759912e-02;-1.024776e-03;1.265000e-01;5.171975e-04;7.629985e-02;-1.638919e-03;1.228595e-01;7.201792e-04;1.613772e-01;4.219792e-03;1.074210e-01;7.100053e-03;9.673752e-02;3.054662e-03;9.346157e-02;7.106572e-03;1.266518e-01;6.990244e-03;1.284156e-01;1.263038e-02;1.176338e-01;6.464508e-03;1.717955e-01;1.449345e-02;2.589077e-01;6.803094e-04;3.217996e-01;-2.152538e-03;1.732965e-01;-2.550738e-03;4.935586e-02;-2.026093e-03;3.831280e-02;3.789921e-04;4.693663e-02;-8.707416e-04;1.105841e-01;-1.885495e-03;7.332151e-02;6.591878e-03;9.016274e+00;7.177734e-02;3.270654e+01;5.742188e-01;6.576994e+01;3.847266e+00;9.027721e+01;1.111113e+01;4.492350e-02;-3.402585e-03;3.021717e+01;3.263826e+00;1.279593e-01;8.883491e-03;2.031552e+04;3.979915e+03;1.178130e+00;-7.894561e-02;1.341651e+02;-3.722420e+00;6.130596e-02;-6.247313e-05;2.441791e-02;2.356097e-03;1.355236e-01;4.385301e-04;8.174129e-01;-1.007792e-01;1.158457e+00;-2.186744e-01;1.621195e+00;1.097409e-01;1.984472e+00;-9.176710e-02;1.881921e+00;6.447402e-02;1.714252e+00;-5.834253e-03;2.369768e+00;-3.038169e-01;1.599122e+00;1.718423e-02;2.138541e+00;7.378069e-02;2.322070e+00;6.010530e-02;2.326527e+00;1.795221e-01;1.193746e+00;-8.556539e-02;2.560490e+00;-3.517374e-02;1.724453e+00;-1.727682e-01
191.500000;3.139602e+01;1.126956e+02;1.859738e-02;7.642282e-01;1.256260e-01;7.098597e-02;1.740746e-01;9.166024e-02;9.854495e-02;1.238730e-01;2.042502e+00;6.795534e+00;5.054939e-01;2.272312e+00;3.459586e-01;1.246826e+00;1.701484e-02;1.068931e-01;7.998523e-03;3.350592e-02;2.090239e-02;1.298071e-01;5.350817e-02;2.604201e-01;7.662268e-02;4.175065e-01;8.862660e-02;6.264472e-01;8.545859e-02;7.779493e-01;4.436416e-01;9.720946e-01;4.634621e-01;1.040411e+00;2.855563e-01;1.087354e+00;2.923507e-01;1.187404e+00;5.243144e-01;1.360315e+00;3.685854e-01;1.366719e+00;4.063788e-01;1.397794e+00;4.713967e-01;1.501186e+00;4.533475e-01;1.583922e+00;4.710951e-01;1.642875e+00;4.082029e-01;1.714343e+00;5.945190e-01;1.822148e+00;5.624418e-01;1.796236e+00;7.263423e-01;1.999011e+00;7.397037e-01;2.039525e+00;1.041670e+00;1.866601e+00;1.461068e+00;1.873898e+00;8.166547e-01;1.422261e+00;2.334386e-01;1.040825e+00;1.543679e-01;8.204082e-01;1.949303e-01;6.700051e-01;8.953167e-01;1.704803e+00;3.689386e-01;6.942983e-01;6.750979e+01;2.242324e+02;1.063796e+02;3.041924e+02;2.958334e+02;5.654619e+02;3.342964e+02;1.328742e+03;2.015375e-01;7.479088e-01;1.417329e+02;5.253283e+02;4.535763e-01;3.683896e+00;1.225963e+05;3.351389e+05;7.716377e-01;2.641777e+00;1.143608e+01;1.697643e+01;1.659551e-01;-5.430807e-01;1.111133e-01;4.739756e-01;4.191360e-01;1.258424e+00;3.794711e+00;3.659391e+01;4.617885e+00;-1.951396e+01;5.692088e+00;2.495274e+01;1.128418e+01;8.033930e+00;7.001783e+00;3.338338e+00;7.463216e+00;-1.157755e+01;1.178210e+01;-1.924305e+01;9.468643e+00;-1.469897e+01;8.852753e+00;7.074356e+00;9.706970e+00;2.556152e+00;1.180792e+01;-5.060984e+00;7.881673e+00;-3.109410e+00;1.092871e+01;-8.787464e-01;9.479827e+00;-4.332322e-01;1.189261e-04;8.961923e-06;7.762353e-08;-4.029065e-09;6.326629e-07;5.928629e-08;1.146864e-06;2.112357e-08;6.848643e-07;1.382998e-08;1.097972e-05;-1.293607e-06;9.549517e-02;1.758350e-02;8.403631e-02;6.835637e-04;5.119933e-03;3.401675e-04;1.465198e-03;1.800202e-04;5.101334e-03;2.361593e-06;1.503650e-02;-1.418641e-04;2.062842e-02;1.393837e-04;2.284223e-02;7.809562e-04;2.313800e-02;2.048908e-03;1.224404e-01;2.385823e-03;1.159654e-01;6.938848e-04;6.375423e-02;7.139841e-03;6.230130e-02;6.111701e-03;1.350007e-01;-1.015774e-03;6.821150e-02;-6.424512e-03;8.149751e-02;-1.814050e-02;1.065287e-01;-1.737320e-02;1.122420e-01;5.318738e-03;1.267430e-01;6.552844e-03;9.052148e-02;2.135595e-03;1.223310e-01;-2.758473e-03;1.200189e-01;-3.066771e-03;1.779801e-01;1.380323e-02;1.931168e-01;1.090019e-02;2.837273e-01;1.973812e-03;3.650413e-01;2.808199e-03;1.901715e-01;3.629671e-03;5.404388e-02;8.185696e-04;4.350034e-02;-7.264944e-04;5.228210e-02;1.765666e-04;1.428224e-01;2.091916e-02;9.296743e-02;9.411045e-03;1.125830e+01;2.052832e+00;3.363121e+01;2.698828e+00;8.904807e+01;9.158789e+00;9.846709e+01;3.373535e+00;5.750079e-02;1.678370e-03;3.600650e+01;4.345201e+00;1.314085e-01;1.568510e-02;2.931408e+04;3.414448e+03;2.500754e-01;-6.141490e-03;3.700473e+00;-6.512043e-02;5.099028e-02;-3.129359e-03;2.801287e-02;3.449696e-03;1.127991e-01;1.024653e-02;9.569589e-01;-1.096132e-01;8.172808e-01;-1.382657e-01;1.588260e+00;2.707858e-02;1.979327e+00;-4.651197e-01;1.619036e+00;-2.977894e-02;2.063995e+00;-9.178099e-02;2.343412e+00;1.008489e-01;2.200074e+00;8.489773e-02;2.639399e+00;-3.346896e-01;2.535572e+00;-5.415392e-02;2.332849e+00;3.957006e-01;1.842310e+00;1.460809e-01;2.664457e+00;-2.030352e-02;1.841548e+00;1.791825e-01
192.000000;3.124662e+01;1.324344e+02;1.908581e-02;7.613091e-01;1.317603e-01;1.099267e-01;1.740471e-01;1.240088e-01;1.202573e-01;1.678963e-01;1.834917e+00;4.711666e+00;3.608238e-01;2.440168e+00;1.728891e-01;1.021077e+00;1.195482e-02;1.033259e-01;6.398227e-03;3.721089e-02;1.826205e-02;1.305175e-01;3.983640e-02;2.492428e-01;4.565364e-02;3.995645e-01;7.275970e-02;5.866110e-01;7.758660e-02;7.101751e-01;1.719527e-01;7.896122e-01;2.033659e-01;8.841962e-01;2.637178e-01;1.014350e+00;2.360445e-01;1.049897e+00;2.077275e-01;1.029114e+00;1.286178e-01;1.087649e+00;1.612186e-01;1.072235e+00;3.322359e-01;1.302443e+00;2.345921e-01;1.318022e+00;3.917505e-01;1.441990e+00;1.944793e-01;1.409625e+00;2.458029e-01;1.433198e+00;2.452749e-01;1.423376e+00;7.717524e-01;1.698236e+00;4.757892e-01;1.513817e+00;4.801531e-01;1.416978e+00;7.487102e-01;1.307564e+00;3.589942e-01;1.091604e+00;1.737212e-01;8.640766e-01;1.083930e-01;7.222855e-01;1.081877e-01;6.016143e-01;6.459708e-01;2.201694e+00;3.412690e-01;6.848576e-01;5.284899e+01;2.817979e+02;6.098270e+01;3.702275e+02;2.856458e+02;6.422637e+02;2.763530e+02;1.459951e+03;1.882991e-01;7.310277e-01;1.124588e+02;5.973407e+02;3.707744e-01;3.994819e+00;1.079588e+05;3.783526e+05;5.267517e-01;2.528875e+00;5.607436e+00;1.401937e+01;1.132882e-01;-4.996336e-01;8.347281e-02;5.381739e-01;3.229736e-01;1.241185e+00;3.318908e+00;3.653141e+01;2.692929e+00;-2.339793e+01;4.390703e+00;2.583231e+01;5.930671e+00;-4.055971e-03;5.995941e+00;-3.254165e+00;6.943413e+00;-1.205964e+01;7.194253e+00;-2.142852e+01;1.233497e+01;-6.979623e+00;7.469931e+00;-6.079531e-01;1.040917e+01;-1.688104e+00;1.244126e+01;7.348965e+00;6.791327e+00;3.220662e+00;5.697180e+00;4.569801e+00;9.232059e+00;6.983003e+00;1.230724e-04;-3.741728e-06;6.951512e-08;-3.043222e-09;7.376165e-07;-2.222365e-10;1.210077e-06;9.290093e-10;7.180636e-07;7.037109e-09;7.884216e-06;-4.346383e-07;6.730813e-02;-4.319783e-03;3.882390e-02;-3.165541e-03;2.599172e-03;-1.794979e-04;1.267025e-03;-6.802712e-06;3.802745e-03;-2.061599e-06;8.418342e-03;9.637368e-04;1.279519e-02;4.170990e-05;1.010616e-02;-1.876057e-03;1.381812e-02;-2.349513e-03;5.787754e-02;-1.051758e-03;6.168235e-02;2.560087e-03;5.544560e-02;-1.286537e-03;5.198494e-02;-3.881952e-03;6.609823e-02;-1.848569e-03;2.832916e-02;-4.736763e-04;5.172461e-02;-3.589222e-03;7.958321e-02;-4.540553e-03;5.945316e-02;-5.835427e-03;9.938332e-02;-3.813885e-03;4.015021e-02;-7.702009e-03;5.977361e-02;-7.481328e-03;4.114590e-02;-1.206828e-02;1.587064e-01;-6.308682e-03;9.682086e-02;-1.371736e-02;1.258743e-01;-2.429314e-03;1.768582e-01;-9.927648e-04;8.616439e-02;-1.956513e-04;4.352117e-02;-1.467334e-03;3.415862e-02;-1.870193e-03;3.240971e-02;-1.087474e-03;1.214903e-01;1.938077e-04;6.584081e-02;-4.883750e-03;1.013870e+01;2.009766e-01;9.665016e+00;7.751953e-01;6.558866e+01;-2.526562e+00;8.098201e+01;-4.981348e+00;4.724026e-02;-9.700416e-04;2.436835e+01;-1.106158e+00;8.058628e-02;4.193469e-04;2.611786e+04;-2.157807e+03;1.490609e-01;9.204975e-03;1.708262e+00;7.759573e-02;2.635315e-02;1.583208e-03;1.761511e-02;-5.313230e-04;5.905271e-02;-3.155724e-03;8.197607e-01;6.662980e-02;6.990696e-01;1.884910e-02;1.230722e+00;-6.168941e-02;1.448860e+00;-1.194818e-01;1.409183e+00;-8.393699e-02;1.896380e+00;-5.794765e-02;1.771158e+00;1.503548e-01;2.324432e+00;1.998387e-01;2.505749e+00;-5.451971e-02;2.211935e+00;-4.772449e-03;1.823303e+00;1.200239e-02;2.040312e+00;1.113680e-02;1.621351e+00;-7.050182e-02;1.552309e+00;1.310066e-01
192.500000;2.453101e+01;1.208314e+02;1.571676e-02;7.656369e-01;1.224796e-01;9.719384e-02;1.293526e-01;8.258341e-02;1.185645e-01;2.142850e-01;1.537852e+00;4.413048e+00;3.314497e-01;2.126294e+00;6.997842e-02;9.344946e-01;1.470744e-02;8.684944e-02;5.075356e-03;3.423154e-02;1.333632e-02;1.232520e-01;3.478104e-02;2.716800e-01;3.919775e-02;4.069846e-01;3.747464e-02;5.246703e-01;5.454589e-02;6.400825e-01;1.023159e-01;7.340075e-01;1.719672e-01;8.300701e-01;2.214354e-01;9.572709e-01;2.042949e-01;9.994896e-01;2.126593e-01;1.029331e+00;8.379772e-02;1.025003e+00;1.932124e-01;1.056709e+00;2.414224e-01;1.178163e+00;1.748474e-01;1.238892e+00;2.133619e-01;1.283116e+00;1.678100e-01;1.319156e+00;2.317495e-01;1.342739e+00;2.527456e-01;1.358859e+00;4.092699e-01;1.374688e+00;2.715452e-01;1.285721e+00;1.622832e-01;1.202794e+00;1.506386e-01;1.043507e+00;1.541528e-01;9.939553e-01;1.514031e-01;8.198065e-01;6.644386e-02;6.876678e-01;6.916820e-02;5.692429e-01;6.445091e-01;1.642190e+00;2.636737e-01;4.095305e-01;4.133179e+01;2.658633e+02;3.239250e+01;3.764004e+02;2.152330e+02;5.867080e+02;2.869465e+02;1.371809e+03;1.471836e-01;5.973760e-01;8.488183e+01;5.676204e+02;2.285129e-01;4.090845e+00;9.034298e+04;3.263618e+05;4.800620e-01;2.579959e+00;5.378452e+00;1.480382e+01;1.199428e-01;-3.597576e-01;6.018653e-02;5.219908e-01;3.022122e-01;8.320373e-01;2.629540e+00;3.966687e+01;2.311109e+00;-2.407016e+01;3.928752e+00;2.295473e+01;5.602817e+00;1.676487e+00;6.386712e+00;-8.826619e+00;7.553679e+00;-6.561137e+00;7.608553e+00;-1.743292e+01;9.877906e+00;-4.485415e+00;5.930358e+00;-6.436907e+00;8.230140e+00;-1.049164e+01;8.963754e+00;1.014998e+01;5.824538e+00;4.734760e+00;5.681746e+00;5.133614e+00;5.694684e+00;8.748007e+00;5.830387e-05;2.943334e-08;5.786229e-08;4.176044e-09;7.627344e-07;-5.553811e-08;8.405068e-07;-2.704884e-08;7.767933e-07;-9.318204e-10;7.256892e-06;1.756043e-07;2.731182e-02;-1.161027e-02;1.424610e-02;-2.224982e-03;1.311869e-03;-5.772817e-04;7.816943e-04;-6.399596e-05;2.254270e-03;2.004158e-04;4.794879e-03;-3.416162e-04;7.829317e-03;-1.175957e-03;8.121949e-03;-8.167788e-04;8.480844e-03;-1.692126e-03;2.528580e-02;-5.910837e-04;4.535674e-02;2.886619e-03;4.737911e-02;-8.775497e-03;4.840099e-02;-7.599536e-03;5.334415e-02;6.955198e-04;1.964354e-02;-6.265379e-04;5.719486e-02;1.691242e-03;6.796217e-02;-8.841710e-03;4.862293e-02;-4.951196e-03;5.748354e-02;-2.826910e-03;5.082574e-02;1.378318e-03;8.121323e-02;3.453081e-03;5.980399e-02;1.502171e-03;5.853057e-02;-1.731358e-02;4.782134e-02;-8.423056e-03;5.539707e-02;-6.841146e-05;3.597476e-02;-2.134308e-03;4.556901e-02;-4.050233e-03;4.224422e-02;-1.678058e-03;2.521937e-02;1.740942e-03;2.047881e-02;5.087606e-04;7.398062e-02;-1.925837e-02;2.642125e-02;-9.218412e-03;6.308506e+00;-1.119727e+00;5.535239e+00;-2.153320e-01;3.685045e+01;-1.220215e+00;7.321523e+01;6.316406e-01;2.215900e-02;-4.134984e-03;1.399226e+01;-9.126127e-01;3.476425e-02;1.040867e-03;1.762647e+04;-1.036753e+03;1.157634e-01;-2.038454e-03;1.442687e+00;1.090707e-02;1.148836e-02;4.362158e-03;9.337740e-03;-6.496091e-04;3.493107e-02;-1.130643e-02;6.238381e-01;4.764845e-02;6.909487e-01;-1.094940e-02;1.128557e+00;-5.490254e-02;1.293112e+00;1.549003e-01;1.168282e+00;-1.924286e-01;2.038740e+00;2.168804e-01;1.600686e+00;8.159044e-02;2.203471e+00;-4.343577e-02;1.759406e+00;6.069578e-02;2.128132e+00;2.140921e-01;1.641533e+00;-6.587091e-02;1.813577e+00;-7.499050e-02;2.115020e+00;8.678021e-03;1.482250e+00;-1.549408e-01
193.000000;5.729116e+01;1.298928e+02;2.020077e-02;7.698412e-01;1.268981e-01;1.040171e-01;1.750298e-01;1.314509e-01;1.023772e-01;1.803234e-01;3.149890e+00;5.276644e+00;1.035632e-01;1.848817e+00;5.700139e-02;9.760709e-01;3.884333e-02;8.770292e-02;9.144013e-03;2.992567e-02;7.373148e-02;1.511863e-01;1.038269e-01;3.025883e-01;1.119791e-01;4.309824e-01;7.017078e-02;5.157618e-01;5.938566e-02;6.081033e-01;1.397569e-01;7.646729e-01;1.882505e-01;8.827578e-01;1.855330e-01;9.230027e-01;2.126558e-01;9.865069e-01;1.978604e-01;1.114466e+00;1.328369e-01;1.087937e+00;2.370702e-01;1.174807e+00;1.678437e-01;1.177434e+00;1.564318e-01;1.264864e+00;2.679855e-01;1.343005e+00;1.540815e-01;1.337299e+00;2.114702e-01;1.356316e+00;3.418599e-01;1.439633e+00;1.745417e-01;1.317049e+00;1.959082e-01;1.313756e+00;2.051203e-01;1.317948e+00;1.635124e-01;1.213888e+00;1.499164e-01;1.079523e+00;1.736666e-01;9.121752e-01;1.195696e-01;7.540487e-01;8.505458e-02;6.081308e-01;4.273964e-01;8.677029e-01;5.647270e-02;2.629441e-01;6.093960e+01;2.029863e+02;1.085504e+02;3.285967e+02;3.351092e+02;6.092461e+02;5.449642e+02;1.214186e+03;3.150855e-01;5.716255e-01;1.806876e+02;5.142057e+02;7.331843e-01;3.878670e+00;1.309225e+05;2.914113e+05;2.226275e+00;3.228440e+00;7.621072e+01;4.321524e+01;4.628529e-01;-4.453270e-01;1.502544e-01;4.687608e-01;3.175957e-01;6.179401e-01;1.980114e+00;4.113239e+01;5.562683e+00;-2.249257e+01;5.863864e+00;1.994392e+01;7.755318e+00;9.633638e+00;7.908069e+00;-7.146706e+00;8.280842e+00;1.760624e+00;7.349254e+00;-7.427964e+00;8.192447e+00;-7.812238e+00;9.565426e+00;-2.359877e+00;1.153555e+01;-5.144477e+00;7.386248e+00;6.085486e+00;6.895544e+00;3.726534e+00;8.909472e+00;-1.151981e+00;5.725661e+00;3.085116e+00;2.840754e-04;1.986209e-07;1.041884e-07;1.106597e-08;8.240387e-07;4.491898e-09;1.084235e-06;2.843314e-08;6.584558e-07;-6.278590e-09;1.699406e-05;2.053790e-06;2.538640e-02;6.018452e-04;1.406516e-02;2.460598e-03;9.579076e-03;8.371064e-04;1.805730e-03;-1.242126e-04;1.815359e-02;1.880407e-03;2.520510e-02;1.621693e-03;2.377157e-02;2.510241e-03;1.429997e-02;-4.296520e-05;1.498997e-02;4.569053e-04;3.905556e-02;3.355406e-03;4.936965e-02;2.246286e-03;6.540464e-02;2.598834e-03;7.376651e-02;2.726784e-03;4.547105e-02;1.892807e-03;2.354154e-02;5.212241e-04;6.571373e-02;1.517171e-03;6.373015e-02;1.854673e-03;4.185350e-02;5.687787e-04;6.289265e-02;2.889946e-04;4.821513e-02;8.596146e-04;7.314799e-02;1.782238e-04;8.008817e-02;3.180150e-03;6.114182e-02;3.845439e-03;6.309733e-02;4.117004e-03;6.775223e-02;5.472520e-03;4.142576e-02;5.454509e-03;5.636158e-02;4.067441e-03;4.918893e-02;5.664806e-03;3.625107e-02;4.112185e-03;2.275937e-02;3.026441e-03;6.587497e-02;-5.288320e-03;1.762283e-02;-1.457918e-04;1.345232e+01;-1.248926e+00;2.350861e+01;-2.325586e+00;7.831623e+01;-2.698828e+00;1.330288e+02;-7.407422e+00;1.144033e-01;-1.508234e-04;4.198103e+01;-2.922427e+00;1.682161e-01;-1.233255e-02;3.177515e+04;-1.658904e+03;5.862954e-01;4.964960e-02;2.046317e+01;2.092688e+00;1.224416e-01;-1.106987e-02;3.474974e-02;-2.725405e-03;7.936694e-02;-3.855386e-03;6.338398e-01;1.686941e-02;1.414686e+00;1.346804e-01;1.832618e+00;-7.689924e-02;1.620929e+00;1.647054e-01;1.678766e+00;1.934114e-01;2.223327e+00;2.449442e-01;2.018062e+00;2.918373e-01;2.305744e+00;5.046428e-02;2.149732e+00;1.185516e-01;2.237414e+00;8.231702e-02;2.232545e+00;-2.250033e-02;2.112207e+00;3.056983e-02;2.491935e+00;-1.305900e-01;1.767600e+00;-9.598001e-02
193.500000;5.750388e+01;1.273230e+02;2.212982e-02;7.864638e-01;1.007198e-01;7.247929e-02;1.516486e-01;1.129034e-01;8.096519e-02;1.407153e-01;5.012508e+00;7.855838e+00;1.074763e-01;1.813112e+00;5.758465e-02;9.939572e-01;4.669730e-02;1.048009e-01;9.534676e-03;2.520786e-02;8.167290e-02;1.626575e-01;1.139237e-01;3.128207e-01;1.166528e-01;4.572871e-01;8.418427e-02;5.630008e-01;1.055934e-01;6.571693e-01;1.517869e-01;7.973053e-01;1.580523e-01;9.016922e-01;2.207104e-01;8.762995e-01;2.549843e-01;9.339477e-01;1.598473e-01;1.077755e+00;1.512465e-01;1.119874e+00;2.134954e-01;1.173810e+00;2.060082e-01;1.227177e+00;2.022305e-01;1.287217e+00;2.492801e-01;1.340610e+00;1.603138e-01;1.341005e+00;2.075082e-01;1.388284e+00;3.044071e-01;1.448357e+00;1.787510e-01;1.409717e+00;2.149896e-01;1.387091e+00;2.013013e-01;1.352767e+00;1.609744e-01;1.254961e+00;1.667598e-01;1.076609e+00;1.514104e-01;9.227192e-01;1.195853e-01;7.592095e-01;8.240154e-02;6.135445e-01;2.660849e-01;7.041890e-01;6.152230e-02;2.703639e-01;5.818412e+01;1.553262e+02;1.219856e+02;2.490674e+02;3.702474e+02;5.222520e+02;6.128356e+02;9.471738e+02;3.630260e-01;5.795206e-01;2.097959e+02;4.194799e+02;8.157668e-01;3.525421e+00;1.452630e+05;2.306762e+05;2.594100e+00;4.104808e+00;8.105654e+01;6.518649e+01;5.479704e-01;-6.414334e-01;1.745875e-01;3.850617e-01;4.167679e-01;6.354205e-01;2.011401e+00;4.233175e+01;6.897650e+00;-1.896190e+01;7.282701e+00;1.976352e+01;7.051896e+00;1.582714e+01;7.742943e+00;-2.491125e+00;8.903790e+00;4.039051e+00;7.872991e+00;-4.710835e+00;7.633195e+00;-6.330041e+00;7.229937e+00;4.800913e+00;7.535755e+00;1.086295e+00;5.975435e+00;7.336313e+00;7.303690e+00;-8.676891e-01;6.914405e+00;-9.813965e+00;5.145334e+00;-1.548294e+00;2.832520e-04;-9.600214e-06;1.192675e-07;4.900640e-09;6.330734e-07;1.357959e-09;8.754227e-07;1.141374e-09;5.162162e-07;-4.983254e-11;2.317945e-05;1.637173e-06;3.290002e-02;1.855456e-03;1.568742e-02;4.944501e-04;1.127538e-02;1.226572e-03;1.876471e-03;-2.302847e-04;2.045170e-02;1.232524e-03;2.721813e-02;1.330991e-03;2.736811e-02;1.438486e-03;1.516447e-02;2.049766e-03;1.761890e-02;1.524916e-03;4.867894e-02;4.011755e-04;5.146423e-02;-7.848810e-04;8.009727e-02;-7.144755e-04;8.663736e-02;-1.496918e-03;3.050187e-02;-3.059164e-03;2.640968e-02;-2.602733e-03;5.900882e-02;1.068912e-03;5.539532e-02;2.669426e-03;5.050116e-02;3.475747e-03;6.570774e-02;4.111995e-03;5.084794e-02;-1.518999e-03;5.903518e-02;9.847892e-04;7.634258e-02;-3.640237e-04;6.181399e-02;-3.364457e-04;6.740064e-02;-1.588875e-03;6.727098e-02;-5.302511e-04;4.889910e-02;1.596794e-03;5.838201e-02;4.231247e-03;4.205452e-02;1.044493e-03;3.595158e-02;-7.863189e-04;2.409228e-02;-5.224585e-04;6.752885e-02;5.812631e-03;1.880555e-02;8.053700e-04;1.455004e+01;-1.392480e+00;2.586137e+01;-3.445312e+00;8.058472e+01;-8.857325e+00;1.305845e+02;-1.510195e+01;1.260421e-01;4.980607e-03;4.472715e+01;-5.095182e+00;1.836040e-01;-2.204621e-02;3.074207e+04;-3.511215e+03;6.770324e-01;3.970284e-02;2.415343e+01;6.192067e-01;1.424797e-01;-1.282790e-02;3.806937e-02;-4.264464e-03;1.186121e-01;2.959212e-03;6.039488e-01;3.881618e-02;1.593027e+00;1.406433e-01;2.146673e+00;1.258877e-01;1.948967e+00;2.103445e-01;1.984276e+00;7.799583e-02;1.838683e+00;-1.797824e-01;2.326700e+00;8.845949e-02;2.322956e+00;4.324437e-02;2.215251e+00;2.572142e-01;2.458561e+00;7.472592e-02;2.211294e+00;1.569903e-02;2.076399e+00;6.802850e-03;1.849846e+00;-2.168770e-01;1.680609e+00;-4.630997e-02
194.000000;7.832783e+00;9.633529e+01;2.512256e-02;7.859231e-01;6.071146e-02;2.360435e-02;6.191745e-02;3.306370e-02;8.276073e-02;1.373811e-01;4.438744e+00;9.203088e+00;2.231190e-01;1.941567e+00;1.068920e-01;1.019104e+00;3.557137e-02;1.145447e-01;6.866009e-03;2.387503e-02;5.954658e-02;1.397353e-01;6.598886e-02;2.818454e-01;8.406030e-02;4.395335e-01;9.107579e-02;5.913957e-01;1.181921e-01;7.084075e-01;1.259449e-01;8.008257e-01;1.323613e-01;8.900778e-01;2.784425e-01;9.688156e-01;3.048460e-01;1.048175e+00;1.844307e-01;1.089697e+00;2.049068e-01;1.157152e+00;2.879541e-01;1.233784e+00;2.550157e-01;1.258003e+00;2.226550e-01;1.324025e+00;2.140452e-01;1.374484e+00;2.129486e-01;1.388199e+00;2.173148e-01;1.445862e+00;4.769214e-01;1.534978e+00;2.314873e-01;1.464827e+00;3.765422e-01;1.488610e+00;2.382101e-01;1.338181e+00;1.630922e-01;1.221774e+00;1.843880e-01;1.079676e+00;1.171599e-01;8.988653e-01;8.295998e-02;7.322812e-01;6.571779e-02;5.975027e-01;4.043215e-01;9.444999e-01;1.907344e-01;3.759015e-01;4.666101e+01;1.425498e+02;8.570107e+01;2.067188e+02;2.250522e+02;3.987949e+02;4.771080e+02;8.552988e+02;2.715606e-01;6.084293e-01;1.433076e+02;3.667168e+02;6.802794e-01;3.438634e+00;9.162927e+04;1.981715e+05;1.929056e+00;3.895329e+00;4.723138e+01;4.833067e+01;4.523167e-01;-6.974633e-01;1.275448e-01;3.445520e-01;4.038230e-01;6.983021e-01;1.749651e+00;4.368248e+01;5.330622e+00;-1.851251e+01;6.198559e+00;1.985046e+01;8.353754e+00;1.801754e+01;7.061284e+00;-2.833551e+00;7.898036e+00;1.439539e+00;8.813524e+00;-6.617274e+00;7.851975e+00;-4.874978e+00;7.468468e+00;6.755760e+00;9.335052e+00;1.770249e+00;5.361179e+00;8.100863e+00;5.921741e+00;-3.338692e+00;4.259664e+00;-1.278485e+01;4.042680e+00;-1.613264e+00;4.150055e-05;-4.442546e-06;1.133679e-07;-6.306224e-09;4.348736e-07;1.060730e-08;4.187860e-07;-1.320766e-08;5.795825e-07;-3.135037e-09;1.817667e-05;-2.070574e-06;5.889545e-02;5.072237e-03;2.701796e-02;-6.257325e-04;8.762087e-03;1.546297e-04;1.167687e-03;7.306626e-05;1.146238e-02;-1.173250e-03;1.475583e-02;-1.645172e-03;2.446376e-02;-2.179991e-03;1.941229e-02;7.330152e-04;1.901210e-02;1.040624e-03;3.788204e-02;-4.376886e-03;3.884691e-02;-4.700448e-03;7.971827e-02;-3.128982e-03;8.273844e-02;-2.091406e-03;3.519788e-02;-8.757335e-04;4.217668e-02;-5.287374e-04;7.823116e-02;1.395087e-03;6.704418e-02;6.386256e-03;5.719446e-02;3.900076e-03;6.860443e-02;2.013766e-03;6.736618e-02;4.462454e-05;6.820805e-02;8.790661e-04;1.015288e-01;9.450830e-04;6.061127e-02;-7.053033e-04;9.135519e-02;2.559350e-03;7.101168e-02;-2.242362e-03;5.182086e-02;-2.913216e-03;5.564580e-02;-3.484467e-03;4.086021e-02;-2.329853e-03;2.874546e-02;-2.460494e-03;2.207362e-02;-1.329695e-03;8.611448e-02;7.789131e-03;5.250824e-02;7.306477e-03;1.000232e+01;3.588867e-01;1.964056e+01;3.014649e-01;5.824365e+01;6.029297e-01;8.623116e+01;6.876269e+00;8.680409e-02;1.314419e-02;2.931257e+01;1.315227e+00;1.212668e-01;5.020962e-03;1.805476e+04;1.597538e+03;4.389948e-01;-4.337433e-02;1.450981e+01;-1.977195e+00;1.188641e-01;-2.846916e-03;2.601246e-02;1.020601e-03;1.352013e-01;2.062109e-02;5.621623e-01;-1.712628e-02;1.155520e+00;-1.003815e-01;1.920926e+00;9.096812e-02;1.889715e+00;7.918201e-02;1.732122e+00;-2.216542e-02;1.563377e+00;-1.533142e-01;2.366787e+00;-2.743130e-01;1.999146e+00;4.382511e-03;1.796180e+00;-1.852582e-02;2.278481e+00;-1.289025e-02;2.179786e+00;1.061728e-01;1.833711e+00;2.409407e-02;1.634079e+00;1.301813e-01;1.520087e+00;2.326820e-02
194.500000;1.003869e+01;9.074461e+01;2.617593e-02;7.769446e-01;4.857522e-02;2.319932e-02;6.400426e-02;4.088898e-02;7.170984e-02;1.360012e-01;3.264269e+00;8.518743e+00;3.051952e-01;2.277886e+00;1.614030e-01;1.061441e+00;3.337030e-02;1.240688e-01;7.763171e-03;2.904762e-02;5.998509e-02;1.358043e-01;4.071964e-02;2.724178e-01;8.152959e-02;4.274259e-01;9.357057e-02;5.737392e-01;1.067442e-01;6.944892e-01;1.413497e-01;7.476830e-01;1.469265e-01;8.321037e-01;2.305131e-01;1.063893e+00;2.482647e-01;1.151976e+00;1.502703e-01;1.140487e+00;1.613688e-01;1.214474e+00;3.563868e-01;1.355022e+00;2.617152e-01;1.308157e+00;2.215711e-01;1.362571e+00;2.622050e-01;1.310730e+00;3.555752e-01;1.462042e+00;4.463131e-01;1.566162e+00;6.048905e-01;1.665207e+00;5.055866e-01;1.563486e+00;9.976790e-01;1.819393e+00;3.471867e-01;1.390308e+00;2.173508e-01;1.233278e+00;1.588349e-01;1.091737e+00;1.516616e-01;8.833984e-01;1.006365e-01;7.389947e-01;7.527187e-02;5.924825e-01;4.560271e-01;1.168646e+00;3.678484e-01;7.718360e-01;6.430529e+01;1.537471e+02;1.103132e+02;2.311230e+02;3.910610e+02;5.783818e+02;4.379614e+02;1.134656e+03;3.089248e-01;7.331892e-01;1.656967e+02;4.498424e+02;6.653892e-01;3.600474e+00;1.014865e+05;2.855742e+05;1.409830e+00;2.803837e+00;2.766088e+01;2.485433e+01;4.659677e-01;-7.843098e-01;1.464342e-01;4.060582e-01;4.546749e-01;9.831007e-01;3.412525e+00;4.253381e+01;5.411987e+00;-2.442409e+01;8.454506e+00;2.239298e+01;8.010649e+00;1.579788e+01;6.201041e+00;1.498607e+00;6.908671e+00;5.222270e+00;1.264917e+01;-1.634870e+01;9.674476e+00;-5.128222e+00;1.054418e+01;4.409555e+00;1.100173e+01;-2.139370e+00;6.546124e+00;7.101011e+00;6.024862e+00;6.669794e-01;1.303517e+01;-1.431189e+00;4.188712e+00;1.450505e+00;4.112720e-05;-4.252004e-06;1.259469e-07;-1.136974e-08;3.325407e-07;-2.995223e-09;3.855073e-07;3.159811e-09;5.106309e-07;4.350430e-08;1.210641e-05;-1.252384e-06;6.449206e-02;3.528991e-03;3.927973e-02;-6.194789e-04;7.694214e-03;-4.467805e-04;1.376545e-03;6.916100e-05;1.083470e-02;-1.378156e-03;1.272315e-02;-2.106291e-04;2.283992e-02;3.445929e-04;1.974623e-02;-1.158845e-03;1.876610e-02;-9.656955e-04;2.652240e-02;7.083058e-04;2.981849e-02;-1.208052e-04;5.957060e-02;4.484930e-03;6.422208e-02;4.987422e-03;3.372950e-02;5.104548e-03;4.020088e-02;3.801072e-03;1.030581e-01;-7.150133e-03;5.804098e-02;-2.175480e-03;4.950516e-02;-3.937675e-03;7.274193e-02;-3.860130e-03;8.273719e-02;-3.544789e-03;9.760760e-02;-5.060003e-03;1.249061e-01;-1.776193e-04;1.109326e-01;-3.658925e-03;2.201339e-01;-3.246916e-03;8.195725e-02;-7.545015e-04;6.147964e-02;1.815583e-04;4.849898e-02;-1.213646e-03;4.564348e-02;1.382964e-03;2.985738e-02;7.562601e-04;2.229216e-02;7.558094e-04;9.493177e-02;1.345873e-03;8.250906e-02;4.960720e-03;1.392033e+01;6.890625e-01;2.228106e+01;1.435547e+00;9.070622e+01;5.067481e+00;9.500433e+01;6.718359e+00;9.311027e-02;7.111657e-04;3.282222e+01;2.505001e+00;1.092138e-01;1.234005e-02;2.023055e+04;1.058854e+03;3.052362e-01;-3.043907e-02;7.431209e+00;-4.483022e-01;1.107526e-01;5.345828e-03;2.807056e-02;2.331813e-03;1.376699e-01;1.089235e-02;6.117211e-01;2.968522e-02;1.038631e+00;-8.344878e-02;1.706763e+00;-1.755362e-01;1.596060e+00;-1.681085e-01;1.292036e+00;1.222796e-01;1.665304e+00;2.573872e-01;2.140246e+00;-5.553661e-02;1.583920e+00;-2.196001e-01;1.908529e+00;-3.139276e-01;1.650456e+00;-2.565489e-01;1.974870e+00;-7.600740e-02;1.634750e+00;6.839118e-02;1.912761e+00;6.258871e-02;1.438204e+00;-5.629502e-02
195.000000;1.530710e+01;7.534337e+01;2.260499e-02;7.880140e-01;5.391865e-02;2.307368e-02;7.214005e-02;4.142441e-02;7.780468e-02;1.109980e-01;2.801608e+00;1.042804e+01;1.934498e-01;2.428795e+00;1.536514e-01;1.034887e+00;3.805030e-02;1.567758e-01;9.932502e-03;2.404258e-02;6.103088e-02;1.575479e-01;3.841198e-02;2.779714e-01;6.084329e-02;4.178328e-01;4.938553e-02;5.660384e-01;7.683396e-02;7.131265e-01;1.447967e-01;7.653040e-01;1.447986e-01;8.175184e-01;2.451339e-01;1.028130e+00;2.470162e-01;1.094348e+00;1.296917e-01;1.061637e+00;1.022495e-01;1.120216e+00;3.492653e-01;1.173594e+00;2.241283e-01;1.319983e+00;1.937133e-01;1.300025e+00;2.996658e-01;1.303229e+00;3.580781e-01;1.384005e+00;4.770895e-01;1.443524e+00;5.230830e-01;1.461940e+00;6.598380e-01;1.694005e+00;9.970174e-01;1.693397e+00;3.249440e-01;1.399519e+00;2.971530e-01;1.291168e+00;1.479229e-01;1.100295e+00;2.107816e-01;9.451311e-01;1.087537e-01;7.626878e-01;8.190824e-02;6.149014e-01;3.062363e-01;1.369871e+00;3.043248e-01;8.514999e-01;8.019814e+01;1.076660e+02;1.146692e+02;1.705430e+02;4.089106e+02;4.682754e+02;4.414178e+02;9.323877e+02;3.599437e-01;9.096905e-01;1.799987e+02;3.721058e+02;5.567248e-01;3.282136e+00;1.122389e+05;248193;1.146192e+00;3.106121e+00;1.953707e+01;2.829803e+01;5.364025e-01;-1.215335e+00;1.565625e-01;3.356506e-01;3.889533e-01;1.161420e+00;3.735866e+00;4.261134e+01;5.615971e+00;-2.323896e+01;8.678250e+00;2.188759e+01;4.482682e+00;1.394568e+01;3.621948e+00;6.732326e+00;5.317054e+00;8.183455e+00;1.090091e+01;-1.772211e+01;1.096994e+01;-1.128748e+00;8.777411e+00;-7.109012e-02;6.928632e+00;-8.470304e+00;1.314886e+01;1.647088e+01;7.968645e+00;9.062000e+00;7.664764e+00;7.005347e+00;5.466219e+00;6.418147e+00;3.690549e-05;-1.945810e-06;1.000312e-07;1.922197e-09;3.302192e-07;-3.415593e-09;4.168836e-07;-4.464238e-09;4.343362e-07;1.720824e-08;1.060309e-05;1.448578e-06;5.252546e-02;-6.319164e-03;3.516454e-02;-1.847064e-03;6.181867e-03;-3.141922e-05;1.158678e-03;-1.370622e-04;1.227438e-02;-2.901895e-04;1.103839e-02;-5.989702e-04;1.539393e-02;7.269668e-05;1.045440e-02;-1.265198e-05;1.637489e-02;-1.211019e-03;2.353436e-02;-3.768348e-04;3.360003e-02;-5.013938e-04;6.845202e-02;1.349777e-03;6.848284e-02;6.711229e-04;2.661252e-02;-1.465927e-03;2.318036e-02;-1.672375e-03;8.783066e-02;-4.911785e-03;4.249176e-02;-6.896180e-03;3.888083e-02;-3.565384e-03;6.465894e-02;-8.461055e-04;7.329056e-02;-2.202237e-03;9.114973e-02;-3.922530e-03;1.017724e-01;-3.398535e-03;1.500948e-01;-4.372632e-03;2.097824e-01;-7.981343e-03;7.277565e-02;-7.783833e-04;6.498185e-02;-6.368333e-04;4.303541e-02;-4.254665e-04;4.916357e-02;-2.763163e-03;2.592115e-02;-5.818795e-04;1.816221e-02;-7.054468e-04;7.303558e-02;-3.454532e-03;6.829290e-02;-6.802853e-03;1.271797e+01;-7.895508e-01;1.738908e+01;-7.321289e-01;8.260156e+01;-1.076660e+00;8.000159e+01;-5.612988e+00;9.767838e-02;-8.934167e-03;2.706272e+01;-1.567244e+00;8.115041e-02;-7.389708e-03;1.571026e+04;-1.446280e+03;2.091741e-01;2.130989e-02;4.021043e+00;7.124133e-01;9.441653e-02;2.324900e-03;2.334766e-02;-1.341774e-03;1.321862e-01;-1.724584e-02;6.643437e-01;2.598097e-02;8.822626e-01;8.163501e-02;1.527542e+00;-9.171975e-02;1.399730e+00;-1.497129e-02;1.072873e+00;2.735190e-02;1.732173e+00;7.350011e-03;2.026315e+00;1.010396e-01;1.803916e+00;2.572958e-02;1.979077e+00;-1.393139e-01;1.598939e+00;-1.003815e-01;1.733592e+00;1.286062e-01;1.329076e+00;2.565752e-01;1.808468e+00;5.171295e-02;1.353467e+00;1.417607e-01
195.500000;5.140281e-01;6.222514e+01;6.947041e-03;8.008218e-01;3.104388e-02;7.365210e-03;4.280205e-02;1.290006e-02;5.902473e-02;7.400590e-02;1.576658e+00;1.178807e+01;2.668680e-01;2.136444e+00;9.626083e-02;9.770308e-01;9.361170e-03;1.794512e-01;4.216542e-03;1.162509e-02;4.297326e-02;1.554335e-01;3.289671e-02;2.676466e-01;3.731829e-02;4.107637e-01;3.734117e-02;5.420865e-01;9.894913e-02;6.601089e-01;8.915560e-02;8.507200e-01;1.409693e-01;9.356524e-01;2.602485e-01;9.425024e-01;2.635725e-01;9.999827e-01;1.208104e-01;9.557977e-01;9.167065e-02;1.014673e+00;2.254190e-01;1.061605e+00;1.680543e-01;1.203387e+00;8.439708e-02;1.205968e+00;3.413544e-01;1.351315e+00;2.833542e-01;1.296118e+00;2.704782e-01;1.286808e+00;6.148754e-01;1.437045e+00;5.672058e-01;1.487780e+00;2.417779e-01;1.265269e+00;1.788554e-01;1.366090e+00;2.479067e-01;1.284755e+00;1.231367e-01;1.089828e+00;1.714939e-01;9.527171e-01;8.227428e-02;7.644557e-01;6.276289e-02;6.142911e-01;2.541807e-01;1.336803e+00;2.475652e-01;4.416399e-01;1.482094e+01;4.608105e+01;1.682654e+01;8.886035e+01;7.635490e+01;1.630781e+02;1.530110e+02;4.671270e+02;2.742809e-01;9.233173e-01;4.378548e+01;1.970183e+02;2.626090e-01;2.676334e+00;4.018379e+04;1.133274e+05;1.080605e+00;4.836289e+00;4.438381e+01;7.657984e+01;1.684278e-01;-1.510649e+00;3.928008e-02;1.878143e-01;3.697535e-01;8.707961e-01;2.970763e+00;4.584016e+01;4.382153e+00;-1.495490e+01;7.093488e+00;1.411531e+01;3.787337e+00;1.509874e+01;6.081143e+00;3.961834e+00;6.201838e+00;4.622857e+00;8.982594e+00;-3.496970e+00;6.354377e+00;9.012278e+00;8.501328e+00;5.063697e+00;6.169954e+00;-7.776570e+00;1.008815e+01;2.014950e+01;6.619844e+00;1.551571e+01;6.390840e+00;1.954087e+00;5.658542e+00;6.443816e+00;1.105490e-05;-1.280678e-06;4.957871e-08;1.086078e-08;1.591778e-07;1.367102e-08;2.430450e-07;1.279610e-08;3.107808e-07;-4.808214e-08;6.278152e-06;1.297224e-06;4.302641e-02;-5.370586e-03;2.174137e-02;-8.527963e-07;4.451951e-03;3.392952e-04;5.878911e-04;-1.675485e-04;8.637615e-03;-1.601193e-04;1.086049e-02;-7.119362e-04;1.387746e-02;-9.902200e-04;6.724208e-03;-1.778416e-04;1.362775e-02;-3.351816e-04;2.423676e-02;-2.308365e-03;3.852272e-02;-1.583838e-03;8.851761e-02;2.182503e-03;9.163690e-02;2.536036e-03;2.817879e-02;-6.136270e-03;2.138499e-02;-3.710588e-03;5.756422e-02;4.106061e-03;3.782285e-02;-1.677729e-03;3.065217e-02;-9.453021e-04;6.252070e-02;-2.773449e-03;6.174616e-02;4.068663e-03;6.636712e-02;3.421715e-03;1.398735e-01;2.401970e-03;1.262331e-01;1.751010e-03;6.143459e-02;2.664639e-03;5.601794e-02;1.489248e-03;4.932660e-02;-5.425605e-04;3.351811e-02;-1.001864e-03;4.066286e-02;-8.683085e-04;2.145375e-02;-1.547688e-04;1.480769e-02;-5.656535e-04;6.130766e-02;-4.312335e-03;2.218016e-02;-7.239756e-03;4.441295e+00;-1.119727e+00;6.772983e+00;-1.435547e+00;2.765357e+01;-5.455078e+00;4.744452e+01;-6.517383e+00;8.077042e-02;2.239053e-03;1.218500e+01;-2.842835e+00;6.156962e-02;-1.340923e-02;6.892886e+03;-1.400467e+03;2.306440e-01;4.443366e-02;9.521088e+00;1.659871e+00;7.518037e-02;-3.833815e-03;1.143922e-02;-2.630526e-03;9.934463e-02;-1.284479e-02;6.777873e-01;-2.471813e-03;8.694571e-01;1.171954e-01;1.749867e+00;-3.539322e-02;1.340516e+00;-2.325123e-03;1.223098e+00;-1.132464e-01;1.874883e+00;-2.930992e-02;2.143657e+00;2.453282e-01;1.862996e+00;2.733528e-01;1.649385e+00;1.884446e-01;1.912779e+00;1.543876e-02;1.794362e+00;-6.133267e-02;1.823969e+00;1.012436e-01;1.962367e+00;1.564080e-01;1.474368e+00;9.512843e-02
196.000000;4.653780e-01;6.195306e+01;3.239429e-03;8.030553e-01;1.834788e-02;9.229170e-03;2.072364e-02;1.555798e-02;4.991579e-02;8.578757e-02;6.944724e-01;1.156160e+01;2.141212e-01;1.734380e+00;8.336098e-02;9.501419e-01;9.660061e-03;1.672909e-01;1.658681e-03;7.561099e-03;3.263210e-03;1.286492e-01;2.543283e-02;2.732990e-01;3.390013e-02;4.208570e-01;5.831740e-02;5.306100e-01;7.467569e-02;6.008517e-01;1.560080e-01;7.717522e-01;1.893377e-01;8.849795e-01;1.973417e-01;9.016758e-01;2.137500e-01;9.580183e-01;1.091350e-01;9.277394e-01;8.942673e-02;9.655210e-01;2.227750e-01;1.111790e+00;8.305788e-02;1.034075e+00;1.007145e-01;1.118263e+00;2.820591e-01;1.240602e+00;3.190574e-01;1.351472e+00;3.960746e-01;1.418370e+00;6.765864e-01;1.571464e+00;2.499768e-01;1.329926e+00;2.024180e-01;1.307378e+00;1.224042e-01;1.349366e+00;9.466095e-02;1.219177e+00;9.388492e-02;1.072528e+00;8.163964e-02;8.872219e-01;5.170723e-02;7.368773e-01;4.273499e-02;5.912266e-01;3.479067e-01;9.720736e-01;8.919332e-02;1.544873e-01;0;4.306641e+01;4.981162e+00;8.412305e+01;2.472935e+01;1.198682e+02;7.548629e+01;3.209883e+02;1.924225e-01;8.709998e-01;1.915759e+01;1.484542e+02;1.332169e-01;2.422473e+00;2.054978e+04;6.197321e+04;2.413354e+00;7.623105e+00;1.573194e+02;2.368286e+02;1.500747e-01;-1.309217e+00;1.730218e-02;1.461514e-01;1.912523e-01;5.024533e-01;2.455763e+00;4.643770e+01;4.761275e+00;-8.043353e+00;6.973823e+00;1.205559e+01;4.806625e+00;1.412740e+01;5.312346e+00;6.746218e-01;9.299275e+00;7.202559e+00;6.721407e+00;5.382553e+00;6.683111e+00;8.526171e+00;7.070161e+00;9.293312e+00;5.393686e+00;-7.253417e+00;7.370854e+00;8.570208e+00;6.534591e+00;1.331748e+01;6.958831e+00;-6.614181e-02;5.578474e+00;4.959354e+00;2.435320e-06;9.278879e-08;1.507710e-08;1.797245e-09;2.497045e-08;-1.195181e-09;6.223664e-08;-4.640846e-10;2.526946e-07;-8.744903e-09;4.128564e-06;-1.907050e-08;2.901840e-02;-4.565969e-03;1.854369e-02;1.125489e-03;1.599445e-03;-2.850354e-04;4.363348e-04;-3.401360e-05;4.625161e-04;-1.087620e-04;1.007902e-02;-1.032071e-04;1.299428e-02;-8.483105e-04;1.462322e-02;-1.436606e-03;1.489637e-02;1.772122e-03;4.376604e-02;1.205310e-03;4.934096e-02;8.928874e-04;7.778540e-02;5.885389e-04;8.440877e-02;7.573506e-04;2.923549e-02;1.282880e-03;2.009419e-02;1.045587e-03;5.968013e-02;2.430102e-03;2.421442e-02;-1.150735e-03;2.749703e-02;-1.094141e-03;5.777113e-02;6.172064e-04;6.766316e-02;4.031868e-03;9.304415e-02;5.366610e-03;1.646492e-01;3.021659e-03;7.002099e-02;3.938944e-03;4.939986e-02;3.976002e-03;4.475832e-02;7.885147e-04;3.453555e-02;7.952870e-04;3.615276e-02;1.691643e-04;2.544923e-02;9.208909e-04;2.129895e-02;6.113876e-05;1.514487e-02;3.423943e-04;5.924718e-02;-8.803064e-03;9.170980e-03;-2.051734e-03;0;0;1.823540e+00;-1.148437e-01;7.784781e+00;-7.177734e-02;1.364705e+01;-1.708301e+00;4.864264e-02;4.261566e-03;3.572018e+00;-3.795066e-01;3.965923e-02;-2.216877e-03;3.276441e+03;-3.920708e+02;5.273492e-01;8.743408e-02;4.240060e+01;7.258603e+00;2.375991e-02;4.077182e-03;3.521140e-03;-3.346856e-04;3.807032e-02;-5.105172e-03;6.652806e-01;-2.414232e-02;9.504654e-01;9.907296e-02;1.966283e+00;-2.388815e-03;1.480082e+00;-1.226932e-01;1.559673e+00;-8.626110e-02;1.981074e+00;1.764368e-01;1.838554e+00;2.021829e-01;1.906306e+00;-4.726812e-02;2.125014e+00;1.601441e-01;2.107286e+00;1.542829e-01;1.367884e+00;-2.010425e-01;2.038927e+00;-1.457922e-01;2.470904e+00;-6.517349e-02;1.859698e+00;-8.300832e-02
196.500000;6.486467e-01;6.173876e+01;6.341591e-03;8.011364e-01;2.800482e-02;1.582039e-02;3.585101e-02;3.026292e-02;8.562756e-02;1.417714e-01;1.454248e+00;1.085385e+01;1.445613e-01;1.516717e+00;1.073769e-01;9.862729e-01;9.060614e-03;1.527685e-01;2.426060e-03;8.330814e-03;2.512439e-03;1.256680e-01;1.851053e-02;2.786005e-01;5.450878e-02;4.391657e-01;1.158615e-01;5.766656e-01;9.009682e-02;6.685453e-01;1.308612e-01;7.208444e-01;1.408931e-01;7.904776e-01;1.712447e-01;8.794942e-01;1.845935e-01;9.420484e-01;1.068691e-01;9.604689e-01;1.222851e-01;1.031199e+00;2.073580e-01;1.148013e+00;2.339963e-01;1.122489e+00;2.934767e-01;1.227058e+00;2.851853e-01;1.319281e+00;3.228743e-01;1.416978e+00;4.323516e-01;1.508579e+00;6.371377e-01;1.577106e+00;1.889973e-01;1.449970e+00;2.093472e-01;1.467954e+00;1.073397e-01;1.410162e+00;7.390045e-02;1.244244e+00;9.678111e-02;1.090220e+00;7.814974e-02;9.105497e-01;4.923177e-02;7.374886e-01;4.161541e-02;5.998232e-01;4.694717e-01;8.983371e-01;3.371688e-02;6.998786e-02;5.631663e+00;4.579395e+01;1.493176e+01;8.742480e+01;3.887630e+01;1.408271e+02;4.919634e+01;2.678730e+02;2.686475e-01;1.031765e+00;1.794554e+01;1.392944e+02;1.859761e-01;2.459895e+00;1.652827e+04;4.563032e+04;2.757899e+00;1.062620e+01;2.701573e+02;4.526843e+02;1.225601e-01;-1.102749e+00;1.848369e-02;1.400896e-01;2.190810e-01;4.038556e-01;2.496650e+00;4.409366e+01;4.240164e+00;-3.097091e+00;7.597796e+00;1.751937e+01;4.621408e+00;1.369911e+01;5.775038e+00;-1.459196e-01;8.530944e+00;9.277542e+00;7.025131e+00;5.221393e+00;5.937007e+00;2.066793e+00;6.156813e+00;7.480442e+00;5.663182e+00;-5.426186e+00;5.255774e+00;3.622495e+00;4.788101e+00;8.292420e+00;6.555863e+00;1.024972e+00;5.282290e+00;6.287649e+00;2.366745e-06;-3.067790e-07;2.099927e-08;-1.730987e-09;3.989160e-08;-1.591885e-09;9.707021e-08;-1.334563e-08;5.081033e-07;2.766474e-09;6.278387e-06;-3.193342e-07;3.033458e-02;-4.065194e-03;2.497997e-02;-3.171064e-04;1.658955e-03;-1.887281e-04;5.413026e-04;3.602923e-05;6.301329e-04;-3.745716e-05;7.830983e-03;1.580381e-04;1.324929e-02;1.550691e-03;2.264674e-02;2.271648e-03;1.754224e-02;8.450414e-04;4.345977e-02;-2.440286e-03;4.777676e-02;-2.774547e-03;6.309636e-02;-7.926514e-03;6.876867e-02;-8.318248e-03;3.003312e-02;2.014857e-03;2.680670e-02;4.216478e-04;6.295600e-02;4.065004e-04;5.510880e-02;1.719063e-03;6.760256e-02;9.161416e-04;6.798923e-02;1.330592e-03;7.646909e-02;3.196680e-04;1.082935e-01;7.189840e-04;1.583266e-01;4.423921e-04;5.725628e-02;1.199306e-03;5.397378e-02;1.648918e-03;3.182714e-02;1.021057e-03;2.704308e-02;-1.648620e-04;3.636042e-02;-7.363289e-04;2.548840e-02;-8.065546e-04;1.861881e-02;-1.210180e-03;1.400199e-02;-8.143443e-04;7.243728e-02;1.596265e-02;6.695218e-03;-7.551483e-04;2.086784e+00;1.866211e-01;2.877403e+00;4.593750e-01;7.247379e+00;1.363770e+00;1.134241e+01;-5.024414e-01;6.296187e-02;1.025489e-03;3.044520e+00;1.481196e-01;3.325094e-02;3.817098e-03;4.110427e+03;-3.735872e+02;7.967647e-01;5.330289e-02;7.794215e+01;3.512872e+00;2.368002e-02;1.983805e-03;2.904560e-03;2.722152e-04;4.092864e-02;6.735835e-03;6.143675e-01;-5.743182e-02;1.114309e+00;1.226358e-01;1.621704e+00;2.809311e-01;1.419170e+00;9.763974e-02;1.633858e+00;1.917924e-02;1.777818e+00;-1.638110e-01;1.555001e+00;-2.898914e-01;1.623618e+00;-2.554178e-01;2.082700e+00;-1.032532e-01;2.128619e+00;8.038855e-02;1.208690e+00;-1.865740e-02;1.742409e+00;-1.294180e-01;2.411380e+00;-2.661259e-02;1.926553e+00;-4.144279e-03
197.000000;7.481856e-01;6.132150e+01;1.201538e-02;7.900469e-01;3.485588e-02;1.330796e-02;4.903192e-02;3.624554e-02;9.400976e-02;1.813592e-01;1.871144e+00;8.964932e+00;2.637813e-01;1.550736e+00;1.551777e-01;1.045149e+00;1.182768e-02;1.376052e-01;4.305799e-03;1.218065e-02;4.061193e-03;1.244071e-01;1.818175e-02;2.701052e-01;7.479221e-02;4.460874e-01;1.151069e-01;5.876462e-01;8.028048e-02;6.971337e-01;1.931594e-01;7.915180e-01;1.783818e-01;8.385890e-01;1.916520e-01;8.860264e-01;2.713878e-01;1.008970e+00;2.815352e-01;1.103482e+00;2.560042e-01;1.205264e+00;2.622076e-01;1.286670e+00;2.835087e-01;1.303995e+00;3.212609e-01;1.405819e+00;3.314444e-01;1.465399e+00;3.729059e-01;1.476259e+00;4.332393e-01;1.554669e+00;6.178475e-01;1.604671e+00;2.406689e-01;1.530100e+00;2.757612e-01;1.563355e+00;1.816847e-01;1.433016e+00;1.841716e-01;1.278775e+00;8.576510e-02;1.074003e+00;7.219785e-02;9.206259e-01;4.336844e-02;7.262570e-01;3.778652e-02;5.910422e-01;5.914631e-01;1.194546e+00;1.320442e-01;1.217785e-01;1.677564e+01;5.914453e+01;3.148269e+01;1.079531e+02;5.589036e+01;1.850420e+02;1.342348e+02;3.340518e+02;3.351110e-01;1.093480e+00;5.147992e+01;1.726164e+02;3.550959e-01;2.712201e+00;4.826172e+04;6.926075e+04;3.638065e+00;9.539736e+00;3.158208e+02;3.704552e+02;1.588804e-01;-9.025747e-01;4.659458e-02;1.719344e-01;3.083456e-01;5.806104e-01;2.205330e+00;4.196643e+01;6.541194e+00;-5.133291e+00;6.671900e+00;2.383044e+01;3.826699e+00;1.573321e+01;5.692327e+00;9.707621e-01;6.111348e+00;4.137257e+00;8.259243e+00;-2.583422e+00;6.516153e+00;-2.442902e+00;6.994607e+00;4.532672e+00;6.208141e+00;-5.041810e+00;4.347273e+00;4.060295e+00;4.649036e+00;5.382938e+00;6.349152e+00;3.077109e+00;5.470909e+00;6.527942e+00;2.540011e-06;-7.790675e-08;3.857868e-08;-5.654319e-09;4.472571e-08;4.312152e-09;1.542902e-07;-2.045780e-08;5.414582e-07;-1.131556e-09;6.936003e-06;-1.019925e-06;5.312480e-02;4.359210e-03;3.872529e-02;4.217640e-04;2.249695e-03;-2.798815e-04;7.238952e-04;8.982111e-05;1.213940e-03;3.795398e-05;4.974779e-03;1.511491e-04;1.518871e-02;1.023976e-03;2.296597e-02;7.661200e-04;1.858767e-02;-6.356050e-04;4.310789e-02;1.603740e-03;4.475860e-02;5.668267e-04;5.990846e-02;-9.309092e-04;7.051951e-02;2.885868e-03;6.057329e-02;4.765209e-03;5.210168e-02;2.729974e-03;8.119347e-02;1.083640e-03;7.716672e-02;2.924773e-03;9.045152e-02;2.354586e-03;9.158228e-02;2.310210e-03;9.192804e-02;9.637245e-04;1.133936e-01;-2.677813e-03;1.510179e-01;-2.673737e-03;7.101731e-02;-1.417869e-03;7.994968e-02;-8.842180e-04;4.730356e-02;-2.787662e-03;5.244289e-02;-8.417676e-04;2.918236e-02;1.638875e-03;2.574512e-02;-3.243526e-04;1.531193e-02;-9.726178e-04;1.255533e-02;-6.941956e-04;1.215364e-01;8.953217e-03;3.021833e-02;1.917828e-03;3.913439e+00;3.158203e-01;5.044553e+00;6.603516e-01;1.022177e+01;1.191504e+00;3.926819e+01;2.354297e+00;7.758504e-02;-4.282327e-03;8.195108e+00;1.121762e+00;4.684183e-02;1.070979e-02;1.076485e+04;7.547757e+02;7.448541e-01;-1.001978e-01;7.092970e+01;-7.839116e+00;3.052199e-02;3.459892e-03;6.691982e-03;1.077582e-03;5.954374e-02;3.901812e-03;5.578603e-01;8.106242e-03;1.288149e+00;-1.257781e-01;1.408706e+00;6.026436e-02;1.084554e+00;6.304453e-02;1.383178e+00;6.437416e-02;1.523894e+00;-1.499155e-01;1.573293e+00;-1.360431e-01;1.547613e+00;-1.727889e-01;1.869094e+00;-1.105422e-01;2.024783e+00;-1.406509e-02;1.230985e+00;7.955875e-02;1.574945e+00;-6.604930e-02;1.806953e+00;-4.446281e-02;1.454080e+00;-1.194456e-02
197.500000;1.235361e+00;6.211322e+01;1.723437e-02;7.692029e-01;3.975529e-02;1.802291e-02;4.787020e-02;3.354231e-02;8.342712e-02;1.662105e-01;1.727383e+00;6.746381e+00;3.619687e-01;1.871599e+00;1.563946e-01;1.060907e+00;9.590866e-03;1.251421e-01;7.046309e-03;2.045226e-02;5.344136e-03;1.214091e-01;2.703363e-02;2.686828e-01;6.045147e-02;4.311289e-01;7.979153e-02;5.786380e-01;8.262357e-02;6.715025e-01;1.948184e-01;8.110136e-01;1.737490e-01;9.052650e-01;1.703998e-01;9.487951e-01;2.493639e-01;1.063758e+00;2.774419e-01;1.167482e+00;3.710389e-01;1.338082e+00;2.533195e-01;1.334926e+00;2.400566e-01;1.343291e+00;2.996281e-01;1.392324e+00;2.687570e-01;1.458043e+00;3.311668e-01;1.523682e+00;4.848695e-01;1.570353e+00;4.945475e-01;1.531788e+00;3.763185e-01;1.576962e+00;5.256109e-01;1.588292e+00;2.070870e-01;1.413888e+00;2.087232e-01;1.277125e+00;9.315709e-02;1.075001e+00;8.317174e-02;8.926927e-01;6.491610e-02;7.220837e-01;4.241602e-02;5.773799e-01;5.808430e-01;1.604894e+00;2.850865e-01;3.959409e-01;3.330840e+01;9.445898e+01;6.609427e+01;1.778643e+02;1.451567e+02;3.109395e+02;4.025107e+02;7.169121e+02;2.892957e-01;1.144528e+00;1.113174e+02;2.933425e+02;4.830993e-01;3.246095e+00;9.525878e+04;1.649409e+05;3.013314e+00;5.211370e+00;1.451538e+02;1.116566e+02;1.190191e-01;-7.300990e-01;9.644923e-02;2.782497e-01;3.404318e-01;9.204730e-01;2.094426e+00;4.138818e+01;7.593182e+00;-1.429777e+01;5.686231e+00;2.558375e+01;4.186053e+00;1.493756e+01;4.012339e+00;4.004092e+00;6.145815e+00;1.782132e+00;7.877616e+00;-1.070767e+01;7.314136e+00;-8.489111e+00;6.642923e+00;3.461514e+00;6.474050e+00;-2.941271e+00;6.245523e+00;2.757072e+00;7.983253e+00;-1.724668e+00;5.629109e+00;2.384412e+00;5.640265e+00;8.204230e+00;3.481300e-06;4.137598e-07;4.351396e-08;-8.537070e-09;5.537265e-08;6.444407e-09;1.563048e-07;-1.138739e-08;4.179108e-07;3.073419e-08;5.521931e-06;-1.164854e-06;6.084128e-02;6.314751e-03;3.912472e-02;3.414846e-04;2.230449e-03;-2.928643e-04;7.952497e-04;1.505417e-04;1.449257e-03;2.789140e-05;5.459445e-03;1.876428e-04;1.254684e-02;-7.614622e-04;2.077235e-02;-1.216847e-03;1.940891e-02;4.727141e-04;4.272424e-02;2.612951e-03;4.003948e-02;2.776600e-03;5.317456e-02;4.341264e-03;6.197805e-02;3.116947e-03;6.478107e-02;-5.607629e-05;7.217710e-02;1.019448e-03;8.067594e-02;-1.758862e-03;6.677283e-02;5.559284e-05;8.437075e-02;1.455836e-03;7.943412e-02;2.648217e-03;8.139265e-02;1.590299e-03;1.107498e-01;-3.004509e-03;1.151753e-01;-4.796126e-04;9.655368e-02;-1.002707e-03;1.249054e-01;-3.471317e-03;5.955499e-02;-7.462506e-04;5.800041e-02;-5.228539e-04;3.621453e-02;5.522262e-04;2.776746e-02;2.032454e-04;2.502528e-02;7.539935e-04;1.848073e-02;8.423173e-05;1.300966e-01;-4.423759e-04;5.022147e-02;3.558995e-03;5.689023e+00;8.182617e-01;8.871819e+00;1.320703e+00;2.747837e+01;9.043945e-01;6.968165e+01;4.206152e+00;6.915709e-02;-6.811143e-04;1.407523e+01;1.916166e+00;5.625666e-02;9.126599e-03;1.681001e+04;1.391081e+03;4.457619e-01;-9.098374e-02;2.755162e+01;-5.230347e+00;2.824036e-02;4.344304e-03;1.109099e-02;1.718718e-03;7.072799e-02;1.305448e-03;4.921718e-01;3.536824e-02;1.118685e+00;-2.004841e-01;1.401790e+00;-1.387412e-01;1.002845e+00;-7.666878e-02;1.297003e+00;2.502442e-02;1.514408e+00;-1.042179e-02;1.766178e+00;1.841760e-02;1.773956e+00;9.067860e-03;1.814103e+00;2.467304e-02;1.838077e+00;-1.216772e-04;1.523166e+00;-3.195035e-02;1.431874e+00;-1.259162e-01;1.227021e+00;-6.584515e-02;1.378466e+00;5.052731e-02
198.000000;1.536829e+00;6.410880e+01;1.811709e-02;7.423005e-01;9.238715e-02;5.530396e-02;6.836821e-02;5.626824e-02;9.156147e-02;1.645294e-01;1.111899e+00;5.053958e+00;1.460223e-01;2.123163e+00;1.055269e-01;1.043760e+00;1.042326e-02;1.124245e-01;3.234541e-03;2.756236e-02;4.907237e-03;1.206032e-01;2.917945e-02;2.583373e-01;4.151433e-02;4.005835e-01;5.761271e-02;5.781546e-01;8.392259e-02;7.159674e-01;1.000167e-01;7.974775e-01;8.869743e-02;9.188861e-01;1.229601e-01;1.007869e+00;1.864021e-01;1.000746e+00;1.595722e-01;1.071449e+00;3.578633e-01;1.177961e+00;2.208586e-01;1.210874e+00;1.756945e-01;1.272356e+00;2.581726e-01;1.324539e+00;2.258752e-01;1.433038e+00;2.331436e-01;1.526577e+00;4.093405e-01;1.476289e+00;4.071122e-01;1.546873e+00;6.293660e-01;1.697090e+00;6.246152e-01;1.633549e+00;1.737325e-01;1.404611e+00;2.314066e-01;1.277758e+00;1.086638e-01;1.070920e+00;8.808929e-02;8.824437e-01;7.946602e-02;7.381257e-01;5.827375e-02;5.946872e-01;3.990617e-01;1.921268e+00;1.919220e-01;5.026830e-01;3.470908e+01;1.405400e+02;5.320653e+01;2.694521e+02;1.112800e+02;4.237734e+02;2.496153e+02;1.041346e+03;1.766720e-01;1.153877e+00;6.516140e+01;4.131908e+02;2.474193e-01;3.763262e+00;6.163580e+04;2.489647e+05;7.050559e-01;3.080119e+00;1.256569e+01;2.392135e+01;1.068862e-01;-5.950202e-01;5.576665e-02;3.860834e-01;2.379235e-01;1.038205e+00;2.228649e+00;4.102051e+01;3.122654e+00;-1.981108e+01;4.888341e+00;2.390410e+01;7.302851e+00;7.393702e+00;7.008766e+00;4.639393e-01;6.447706e+00;-1.063790e+00;7.221148e+00;-1.401670e+01;8.152898e+00;-6.451424e+00;7.769489e+00;1.881967e+00;4.486862e+00;-1.355495e-01;8.461144e+00;4.363771e+00;5.871920e+00;-6.662469e+00;4.066088e+00;2.287220e+00;9.619555e+00;1.528043e+01;5.742777e-06;1.469078e-06;4.346868e-08;-1.119697e-08;2.074595e-07;7.849875e-09;1.832890e-07;1.593545e-08;5.086628e-07;-2.000447e-10;4.354684e-06;-7.098182e-07;4.508238e-02;3.623789e-03;2.763347e-02;3.011805e-04;1.434268e-03;-2.439070e-04;8.048149e-04;7.785336e-05;1.760372e-03;-1.152474e-04;5.987716e-03;-1.372379e-04;8.160872e-03;-5.364318e-05;1.673560e-02;5.713597e-04;1.663078e-02;-1.408013e-04;2.708085e-02;-8.889039e-04;2.156038e-02;1.366249e-03;4.160630e-02;2.184201e-03;5.032774e-02;6.267652e-04;4.008707e-02;-1.690965e-03;5.709344e-02;-2.714920e-03;6.846456e-02;-2.849029e-03;5.080687e-02;-1.410469e-03;7.002994e-02;2.562034e-04;7.434040e-02;1.834071e-03;6.778133e-02;4.533996e-04;8.649497e-02;1.636435e-03;1.014756e-01;2.991569e-03;1.536135e-01;-2.164075e-03;1.431558e-01;-1.694773e-03;6.184594e-02;6.127230e-03;5.399463e-02;-3.265331e-05;4.224125e-02;7.724250e-04;2.815558e-02;7.552253e-04;2.812668e-02;1.381262e-03;2.160954e-02;7.670058e-04;1.060860e-01;7.005605e-03;4.662069e-02;1.097082e-03;8.391002e+00;1.134082e+00;1.059803e+01;1.780078e+00;2.861713e+01;2.354297e+00;7.361095e+01;5.541211e+00;5.118196e-02;1.637669e-03;1.361088e+01;2.355519e+00;4.532858e-02;7.860092e-03;1.677663e+04;1.271859e+03;1.839405e-01;-1.385125e-02;3.851452e+00;-9.455796e-02;1.589465e-02;2.454438e-03;1.056792e-02;2.188361e-03;6.109340e-02;3.093164e-03;5.659363e-01;-1.827741e-02;8.481593e-01;-6.711467e-02;1.369644e+00;-5.685012e-02;1.406378e+00;-1.639405e-01;1.285580e+00;-1.409120e-01;1.241671e+00;-4.188220e-02;1.979305e+00;-2.217166e-02;1.552403e+00;1.195988e-01;1.897652e+00;-1.216486e-01;1.639040e+00;-3.973730e-02;1.971267e+00;-5.249232e-02;1.585912e+00;-2.274682e-02;1.041365e+00;1.077425e-01;1.783003e+00;8.497563e-02
198.500000;2.002731e+01;7.571001e+01;1.586372e-02;7.295244e-01;1.312138e-01;1.109958e-01;7.817746e-02;7.760023e-02;1.043566e-01;1.685618e-01;1.490243e+01;1.464271e+00;1.886305e-01;1.991851e+00;7.949557e-02;9.813836e-01;1.055098e-02;9.524523e-02;3.289622e-03;2.783951e-02;3.845034e-03;1.220786e-01;2.607725e-02;2.628800e-01;4.756958e-02;4.057846e-01;2.533389e-02;5.481521e-01;8.267209e-02;7.041789e-01;1.013262e-01;7.396671e-01;1.242414e-01;8.497743e-01;1.500699e-01;9.750355e-01;2.152898e-01;9.948019e-01;1.563731e-01;1.037268e+00;1.070048e-01;1.002369e+00;2.201191e-01;1.135547e+00;1.531308e-01;1.210300e+00;1.862047e-01;1.234405e+00;2.488490e-01;1.352536e+00;2.070301e-01;1.366487e+00;1.831838e-01;1.329890e+00;3.391533e-01;1.420847e+00;6.330822e-01;1.493976e+00;4.798349e-01;1.428174e+00;1.445339e-01;1.366706e+00;2.304914e-01;1.221878e+00;1.132678e-01;1.056983e+00;9.346171e-02;8.972888e-01;6.407352e-02;7.415661e-01;4.932499e-02;6.173986e-01;3.984322e-01;1.717129e+00;1.080281e-01;3.287659e-01;3.282195e+01;1.815967e+02;3.018440e+01;3.110830e+02;6.643093e+01;4.329609e+02;1.967105e+02;9.998584e+02;1.842309e-01;9.841366e-01;4.599029e+01;4.403156e+02;1.660034e-01;3.917047e+00;5.661076e+04;2.324623e+05;4.652336e-01;3.165325e+00;1.128288e+01;2.662908e+01;1.118666e-01;-4.327634e-01;3.622050e-02;4.194305e-01;1.926562e-01;8.193441e-01;2.026326e+00;4.157518e+01;3.432253e+00;-1.847466e+01;5.217821e+00;1.878979e+01;6.949970e+00;6.068225e+00;5.613653e+00;-4.871825e+00;3.861834e+00;-4.256819e+00;6.439746e+00;-1.049567e+01;5.582128e+00;-2.896981e+00;8.365335e+00;-6.011086e+00;4.993173e+00;-1.274736e+00;8.671295e+00;5.360670e+00;6.774771e+00;-3.015902e+00;4.035348e+00;5.401320e+00;8.797075e+00;1.665318e+01;2.126792e-05;7.706928e-06;4.717390e-08;1.109026e-09;5.185830e-07;-1.938885e-08;2.858616e-07;-1.067105e-08;5.564304e-07;-1.839595e-08;9.744440e-05;8.542207e-09;3.217408e-02;-3.523014e-03;1.816538e-02;-2.924587e-04;1.151930e-03;-3.945740e-04;9.089951e-04;2.355757e-05;1.722905e-03;3.127177e-05;5.169766e-03;-6.906865e-05;9.463730e-03;-4.102856e-04;9.003556e-03;-9.327169e-04;1.303357e-02;-1.680686e-03;2.342807e-02;-9.789778e-04;2.804532e-02;1.607427e-03;3.519781e-02;2.151245e-03;4.858847e-02;-8.883151e-04;3.297438e-02;1.616512e-05;2.916983e-02;1.272677e-03;7.295492e-02;1.013633e-03;5.876075e-02;1.095508e-03;5.185888e-02;-1.149903e-03;8.332315e-02;-7.539455e-03;6.274021e-02;-5.555937e-03;4.928079e-02;1.860805e-03;8.663997e-02;-1.734373e-04;1.377962e-01;-7.949724e-04;9.812866e-02;7.671214e-04;5.267359e-02;-6.710776e-04;5.093251e-02;6.717599e-04;4.291073e-02;2.537014e-04;2.656112e-02;9.285026e-04;2.120727e-02;2.977858e-04;1.654014e-02;1.273296e-03;8.730660e-02;-9.026257e-03;2.841579e-02;-2.317103e-03;9.443018e+00;4.306641e-01;8.442810e+00;-4.306640e-02;1.828350e+01;3.732422e-01;6.699060e+01;1.205859e+00;5.189390e-02;1.212557e-03;1.106271e+01;2.949884e-01;3.527713e-02;-1.152264e-03;1.419050e+04;1.458154e+01;1.477282e-01;4.737460e-03;3.565099e+00;1.882870e-01;1.259954e-02;3.244373e-03;8.313664e-03;3.246807e-04;4.206359e-02;-7.047715e-03;4.893019e-01;-2.151878e-02;7.929412e-01;4.247869e-02;1.071039e+00;-1.222504e-01;1.499268e+00;-3.647305e-03;1.153235e+00;-4.315572e-02;1.129769e+00;1.560712e-02;1.872501e+00;5.572335e-02;1.405663e+00;9.877849e-02;2.116071e+00;-1.534229e-02;1.623044e+00;-5.641360e-02;2.020884e+00;-8.770026e-02;2.074954e+00;9.586053e-02;1.141064e+00;8.064573e-02;2.028739e+00;-2.542582e-02
199.000000;1.805894e+01;9.239175e+01;1.582444e-02;7.360592e-01;1.397614e-01;1.779100e-01;8.195278e-02;7.637984e-02;1.111609e-01;1.801607e-01;1.488510e+01;1.374819e+00;1.291138e-01;1.821181e+00;5.573573e-02;9.650186e-01;4.521126e-03;8.506849e-02;2.862389e-03;2.624968e-02;7.431862e-03;1.275440e-01;1.915489e-02;2.768466e-01;3.029313e-02;4.323394e-01;2.151533e-02;5.366654e-01;4.422924e-02;6.370650e-01;1.287192e-01;7.898221e-01;1.220217e-01;8.622684e-01;1.231994e-01;9.047569e-01;1.970055e-01;1.040951e+00;1.573988e-01;1.077564e+00;1.305113e-01;1.050313e+00;2.528043e-01;1.120647e+00;1.641879e-01;1.261522e+00;1.303895e-01;1.249768e+00;2.261330e-01;1.272168e+00;1.845796e-01;1.303571e+00;1.853560e-01;1.363341e+00;3.845392e-01;1.397666e+00;1.818502e-01;1.270237e+00;1.422890e-01;1.264430e+00;1.098709e-01;1.310533e+00;1.130794e-01;1.182357e+00;9.411811e-02;1.065716e+00;8.782818e-02;9.274304e-01;5.560989e-02;7.437128e-01;3.878253e-02;6.212475e-01;2.362370e-01;1.445388e+00;7.311352e-02;2.407397e-01;2.719973e+01;1.995410e+02;2.356178e+01;3.059150e+02;5.765307e+01;4.382725e+02;1.698499e+02;9.262148e+02;1.555774e-01;9.020444e-01;3.492300e+01;4.302676e+02;1.705080e-01;3.911716e+00;4.116383e+04;1.932808e+05;4.699566e-01;3.321818e+00;1.440512e+01;3.363823e+01;4.672097e-02;-3.429300e-01;2.622420e-02;4.182383e-01;1.149273e-01;6.747894e-01;1.224235e+00;4.297311e+01;3.345056e+00;-1.561902e+01;4.178386e+00;1.178094e+01;4.052423e+00;1.093132e+01;3.721967e+00;-8.272655e+00;4.467447e+00;-4.170221e+00;5.216015e+00;-3.849746e+00;4.518064e+00;-3.864952e+00;6.966736e+00;-8.401838e+00;5.705490e+00;-3.791651e+00;7.392318e+00;1.860928e+00;5.867352e+00;1.345538e+00;4.542232e+00;4.074117e+00;7.840749e+00;6.455481e+00;2.107977e-05;6.397330e-06;4.243557e-08;2.496129e-09;7.321661e-07;8.438404e-09;4.461797e-07;-1.299472e-08;5.543058e-07;-7.175303e-09;9.746638e-05;2.000356e-07;3.080883e-02;-3.869764e-03;1.573370e-02;-5.092982e-04;9.914432e-04;-1.423901e-04;8.266377e-04;2.834467e-05;1.264040e-03;1.386077e-04;3.766617e-03;1.476390e-04;1.053084e-02;-5.945017e-04;7.798559e-03;-4.169093e-04;1.135701e-02;2.615506e-04;2.136925e-02;1.213330e-04;3.124855e-02;-1.702458e-03;3.540821e-02;-1.100709e-03;4.749394e-02;-2.600848e-03;3.591423e-02;-1.175329e-03;4.670470e-02;9.192082e-04;8.386324e-02;1.523765e-03;6.521146e-02;9.748605e-04;4.090987e-02;-2.012865e-04;8.894119e-02;-5.160297e-03;6.780232e-02;-2.475444e-03;5.058637e-02;2.537338e-04;9.605391e-02;-6.486614e-04;6.004910e-02;3.685109e-03;3.467461e-02;1.510061e-03;3.710862e-02;-4.079602e-03;3.589123e-02;-1.586917e-04;3.662023e-02;-2.303820e-03;3.105877e-02;-4.460357e-05;2.115905e-02;1.294683e-04;1.393939e-02;-2.439215e-04;6.276591e-02;-8.160502e-03;2.069136e-02;-1.346788e-03;7.965345e+00;-2.153320e-01;5.897617e+00;-1.579102e-01;1.875835e+01;7.177734e-02;5.948138e+01;-4.306641e-01;5.248722e-02;-2.969934e-03;1.087962e+01;-4.896766e-01;4.452539e-02;4.222695e-04;1.323048e+04;-6.119884e+02;1.307902e-01;-2.318463e-03;3.736935e+00;-8.510902e-02;1.025124e-02;1.543287e-03;8.074328e-03;-3.606992e-04;3.955887e-02;-3.313287e-03;3.577636e-01;2.221588e-02;7.468082e-01;7.247809e-02;9.504299e-01;-9.167413e-02;1.151794e+00;1.304621e-01;1.117998e+00;-3.647738e-02;1.237078e+00;2.242874e-02;1.610823e+00;5.490322e-02;1.523623e+00;-1.600796e-03;2.008446e+00;6.341957e-02;1.711845e+00;-6.119870e-02;1.825442e+00;-3.568976e-02;1.900740e+00;8.427970e-02;1.116293e+00;1.306711e-02;1.947013e+00;-1.279154e-01
199.500000;1.921601e-01;9.853329e+01;1.121826e-02;7.353603e-01;1.163379e-01;1.862343e-01;9.939849e-02;1.283146e-01;1.021784e-01;1.980999e-01;8.177253e-01;4.227339e+00;1.061574e-01;1.773397e+00;6.873591e-02;1.001606e+00;4.428602e-03;8.465672e-02;2.673435e-03;2.623835e-02;6.235142e-03;1.311031e-01;2.239238e-02;2.832595e-01;3.933230e-02;4.297231e-01;2.704808e-02;5.386639e-01;5.791718e-02;6.462308e-01;1.161727e-01;8.169441e-01;1.050310e-01;8.631518e-01;1.082211e-01;9.069583e-01;1.816458e-01;1.008637e+00;1.558152e-01;1.057762e+00;1.325668e-01;1.096850e+00;2.704295e-01;1.174641e+00;1.601654e-01;1.267059e+00;1.816325e-01;1.319677e+00;2.434908e-01;1.307289e+00;1.790381e-01;1.357842e+00;2.486556e-01;1.446207e+00;5.878005e-01;1.570335e+00;1.969665e-01;1.477972e+00;1.221710e-01;1.403639e+00;1.265214e-01;1.331407e+00;1.170527e-01;1.239658e+00;9.184128e-02;1.088233e+00;6.698281e-02;9.375438e-01;5.549015e-02;7.392746e-01;4.569114e-02;6.017039e-01;2.584634e-01;1.237096e+00;5.570890e-02;2.227537e-01;2.973211e+01;1.791562e+02;3.224425e+01;2.789268e+02;6.632708e+01;4.198975e+02;1.659121e+02;8.999443e+02;1.736700e-01;9.393846e-01;4.287445e+01;4.070917e+02;2.021485e-01;3.868281e+00;4.273080e+04;1.875294e+05;5.951916e-01;3.446737e+00;1.732525e+01;3.618546e+01;4.719299e-02;-3.414729e-01;3.680881e-02;3.952878e-01;1.458933e-01;6.312120e-01;1.325088e+00;4.275833e+01;2.732282e+00;-1.366764e+01;3.752455e+00;1.045642e+01;4.360953e+00;1.391920e+01;5.107168e+00;-8.132177e+00;4.038805e+00;-4.061380e+00;4.820192e+00;-7.397664e-01;4.803671e+00;-2.510847e+00;7.719536e+00;-3.291633e+00;5.820128e+00;-8.371332e+00;6.131826e+00;4.531592e-01;7.023308e+00;2.748147e+00;4.329409e+00;1.481006e+00;5.061924e+00;1.394168e+00;8.143393e-07;4.962621e-09;3.842256e-08;-3.288219e-09;7.229128e-07;2.104627e-08;5.596025e-07;2.913083e-09;5.589772e-07;-1.234890e-08;5.156418e-06;7.990613e-08;3.585532e-02;1.953664e-03;2.223424e-02;1.049748e-03;9.812023e-04;8.317424e-05;7.589526e-04;1.234568e-05;1.221788e-03;-5.447070e-05;4.673424e-03;-1.865305e-04;1.026566e-02;-1.202567e-04;7.477424e-03;8.488976e-04;1.310205e-02;1.896779e-03;2.200199e-02;1.572959e-03;2.637656e-02;-9.343788e-04;3.790764e-02;-1.138688e-03;4.834216e-02;2.867273e-03;4.043384e-02;1.925494e-03;5.246847e-02;-4.086215e-04;8.566537e-02;-1.294126e-03;6.048409e-02;2.960940e-04;5.532096e-02;2.793549e-03;8.778798e-02;2.384397e-03;6.550999e-02;2.210401e-03;7.356425e-02;2.749314e-03;1.563137e-01;4.834819e-03;6.352701e-02;4.516967e-03;3.867733e-02;4.614379e-03;4.586848e-02;1.636081e-04;3.853168e-02;-4.784422e-04;3.223718e-02;1.030147e-03;2.939943e-02;-4.172889e-04;2.083041e-02;-9.525765e-04;1.448385e-02;-1.426216e-03;5.028865e-02;-7.123064e-04;1.996259e-02;4.810173e-04;5.666520e+00;-2.440430e-01;6.940331e+00;1.148437e-01;1.756848e+01;5.311524e-01;5.296522e+01;-5.598633e-01;5.046860e-02;-2.472613e-03;1.145765e+01;1.182273e-01;5.045852e-02;4.126913e-03;1.352169e+04;7.488084e+01;1.618633e-01;-2.785217e-03;4.735442e+00;-9.447755e-02;9.749708e-03;-4.066268e-04;8.749559e-03;1.017348e-04;4.572720e-02;2.898171e-04;3.879032e-01;1.236246e-02;7.641944e-01;-9.418589e-03;1.090918e+00;3.465215e-02;1.175502e+00;-6.245568e-02;1.301218e+00;-4.418984e-02;1.177518e+00;3.200173e-02;1.671792e+00;1.156094e-02;1.467881e+00;3.169950e-04;2.074411e+00;2.973653e-02;1.710587e+00;-1.267461e-01;1.717512e+00;1.093269e-01;1.781482e+00;8.289143e-02;1.125014e+00;-8.382630e-02;1.494156e+00;-1.174022e-01
200.000000;3.027926e+00;9.776860e+01;1.145709e-02;7.325355e-01;1.417945e-01;1.765075e-01;1.273546e-01;1.508545e-01;8.969364e-02;1.894183e-01;1.149332e+00;4.760346e+00;2.344618e-01;1.905771e+00;8.828091e-02;1.032045e+00;1.552407e-02;9.152294e-02;3.382469e-03;2.792391e-02;8.639787e-03;1.320806e-01;3.819997e-02;2.866746e-01;6.142620e-02;4.312372e-01;5.580831e-02;5.470471e-01;6.513768e-02;6.907464e-01;9.877316e-02;7.969736e-01;1.000503e-01;8.651510e-01;1.069745e-01;9.422215e-01;1.602131e-01;1.025967e+00;1.462077e-01;1.078824e+00;1.985320e-01;1.205118e+00;2.641642e-01;1.314099e+00;1.230625e-01;1.236687e+00;2.009117e-01;1.309961e+00;2.454283e-01;1.355746e+00;1.598683e-01;1.389354e+00;3.994505e-01;1.528427e+00;5.462911e-01;1.570472e+00;2.870194e-01;1.568181e+00;2.796951e-01;1.515459e+00;1.520698e-01;1.404707e+00;1.244118e-01;1.276539e+00;9.855600e-02;1.103666e+00;7.987744e-02;9.247367e-01;5.483856e-02;7.502563e-01;4.679398e-02;5.828325e-01;4.070804e-01;1.192848e+00;2.088610e-01;3.348806e-01;1.787011e+01;1.648008e+02;3.896551e+01;2.701699e+02;1.220130e+02;4.794727e+02;2.149098e+02;1.019812e+03;2.104990e-01;9.859810e-01;5.771326e+01;4.283604e+02;2.511151e-01;3.975380e+00;4.222109e+04;2.095272e+05;7.331450e-01;3.011301e+00;1.543661e+01;2.867514e+01;1.399715e-01;-3.957186e-01;4.922629e-02;4.094988e-01;3.564490e-01;7.537994e-01;1.256727e+00;4.293770e+01;3.245008e+00;-1.542253e+01;4.782021e+00;1.033714e+01;4.440355e+00;1.353309e+01;5.227921e+00;-4.644229e+00;4.203372e+00;-3.574719e+00;6.876036e+00;-8.597357e-01;5.062037e+00;-2.479547e+00;7.202941e+00;3.657117e+00;5.804638e+00;-8.646629e+00;5.129413e+00;-1.664124e-01;7.294850e+00;9.110533e-01;4.859286e+00;3.511403e-01;3.727323e+00;-4.342577e-02;1.689898e-05;-4.460859e-09;5.341977e-08;-4.320713e-10;7.807011e-07;1.480728e-08;6.616386e-07;-7.342320e-09;6.066998e-07;8.023226e-09;5.299480e-06;-5.007207e-08;3.642267e-02;5.431750e-03;2.199303e-02;9.902404e-04;2.136884e-03;3.402262e-04;9.311230e-04;8.289242e-05;2.440464e-03;4.156369e-05;7.860533e-03;1.528999e-04;1.180188e-02;6.687478e-04;1.422875e-02;1.304739e-03;1.526628e-02;-2.190059e-04;2.208800e-02;-5.313556e-04;2.162429e-02;4.911099e-04;3.466350e-02;1.951775e-04;3.630498e-02;-2.071698e-03;3.536371e-02;-2.165240e-03;5.160225e-02;6.952220e-03;7.914326e-02;5.732876e-03;4.924420e-02;1.441394e-03;5.899407e-02;-8.590794e-04;7.579844e-02;1.076129e-03;5.216364e-02;4.460235e-04;9.479091e-02;3.823323e-03;1.445262e-01;9.462764e-04;7.318797e-02;-2.033605e-03;6.831340e-02;8.644644e-04;5.958487e-02;2.442969e-03;4.134749e-02;2.213788e-03;3.574245e-02;1.655826e-03;2.656735e-02;2.131462e-03;1.631881e-02;8.896376e-04;1.358867e-02;1.555974e-04;8.551449e-02;6.442651e-03;3.540988e-02;6.438958e-03;4.918377e+00;-5.742187e-02;1.172732e+01;-8.613281e-02;2.257952e+01;1.823145e+00;6.353345e+01;4.450195e+00;5.437355e-02;1.208156e-03;1.348703e+01;9.863099e-01;5.403735e-02;1.869013e-03;1.232817e+04;8.323011e+02;1.821677e-01;-1.159780e-02;4.517240e+00;-1.229722e-01;2.027361e-02;-3.150538e-03;1.107071e-02;7.092754e-04;5.876258e-02;4.815832e-03;3.637799e-01;-2.033798e-03;7.521777e-01;-3.307714e-02;1.272765e+00;-1.362367e-02;1.088954e+00;3.956288e-02;1.542876e+00;1.423720e-01;1.227203e+00;-7.413455e-02;1.925906e+00;-9.996598e-02;1.432238e+00;-6.820024e-02;1.826356e+00;2.358069e-01;1.614498e+00;1.179906e-01;1.441047e+00;-1.752097e-01;1.718769e+00;-1.885512e-01;1.147937e+00;6.836888e-03;1.293714e+00;1.297456e-02
200.500000;6.920599e+00;9.343722e+01;1.450891e-02;7.312871e-01;1.523496e-01;1.489858e-01;1.252672e-01;1.206868e-01;8.945090e-02;1.830850e-01;1.322937e+00;5.188334e+00;2.457740e-01;2.184994e+00;9.615766e-02;1.048831e+00;1.580903e-02;1.028961e-01;4.685182e-03;3.168808e-02;9.882803e-03;1.312017e-01;3.995500e-02;2.739507e-01;6.218168e-02;4.227362e-01;7.722502e-02;5.643616e-01;7.067484e-02;6.906011e-01;1.034033e-01;7.963650e-01;6.543397e-02;8.857141e-01;1.003942e-01;9.455597e-01;1.591622e-01;1.052411e+00;1.111112e-01;1.116379e+00;2.408462e-01;1.307270e+00;2.505239e-01;1.274162e+00;1.388889e-01;1.192812e+00;2.304809e-01;1.302283e+00;2.225154e-01;1.361710e+00;2.100410e-01;1.431560e+00;4.512070e-01;1.612643e+00;3.300800e-01;1.561928e+00;4.320533e-01;1.585029e+00;6.036539e-01;1.677839e+00;1.469111e-01;1.419924e+00;1.161970e-01;1.275903e+00;9.178080e-02;1.114600e+00;1.021502e-01;9.344600e-01;7.630610e-02;7.393808e-01;5.559921e-02;5.988170e-01;4.764644e-01;1.496704e+00;3.373498e-01;6.511445e-01;3.029786e+01;1.843242e+02;4.945350e+01;2.950049e+02;2.138234e+02;6.741328e+02;1.898071e+02;1.191217e+03;1.970326e-01;1.017910e+00;7.949566e+01;4.986115e+02;2.124431e-01;4.130196e+00;5.446285e+04;2.472413e+05;7.603931e-01;2.448412e+00;1.972810e+01;2.392835e+01;1.446520e-01;-4.998724e-01;6.501365e-02;4.675746e-01;3.595848e-01;1.023852e+00;1.896510e+00;4.242046e+01;3.389956e+00;-1.790871e+01;5.456062e+00;1.023173e+01;4.662818e+00;8.885294e+00;5.248657e+00;-6.509260e-01;6.050438e+00;9.784960e-01;9.020214e+00;-6.056606e+00;8.642275e+00;-7.457740e+00;5.920818e+00;9.255988e+00;5.921211e+00;-3.165138e+00;5.821961e+00;-4.750988e-02;7.482584e+00;-6.281315e+00;4.578791e+00;-9.182793e-01;4.370439e+00;1.209399e+00;2.396487e-05;-1.333199e-07;8.094950e-08;-7.520439e-10;7.963061e-07;6.454759e-09;6.721940e-07;-2.010312e-08;5.807628e-07;1.122036e-09;6.191970e-06;3.675750e-08;4.587847e-02;2.517480e-03;2.480846e-02;-1.069809e-03;2.319242e-03;5.097036e-05;9.563112e-04;1.940034e-05;2.577739e-03;1.323433e-04;7.653362e-03;2.956289e-04;1.293566e-02;-3.271354e-04;1.826129e-02;-1.399186e-03;2.037332e-02;-1.548215e-03;2.415641e-02;-7.691206e-04;1.896566e-02;2.419887e-04;3.939938e-02;1.294982e-03;3.572542e-02;-7.119470e-04;3.453751e-02;-1.186500e-03;5.641015e-02;-4.675705e-03;6.974955e-02;-2.220694e-03;4.526179e-02;-1.251791e-03;6.532647e-02;1.728424e-03;6.467225e-02;4.834403e-03;5.531321e-02;1.548109e-04;1.060348e-01;-4.268172e-03;7.809425e-02;-4.209074e-03;1.106679e-01;-3.627895e-03;1.434422e-01;-2.682640e-03;5.274674e-02;-1.555200e-03;3.834587e-02;-9.739682e-04;3.489635e-02;-2.686358e-03;3.593298e-02;-1.378138e-03;1.783630e-02;-8.053752e-04;1.575745e-02;-2.205381e-04;1.024275e-01;-2.660584e-03;6.140837e-02;1.631579e-03;6.393198e+00;-1.148437e-01;1.384662e+01;8.613281e-02;4.333464e+01;1.019238e+00;6.279156e+01;2.497852e+00;5.639317e-02;-4.573834e-04;1.867544e+01;3.980320e-01;6.570197e-02;2.053678e-03;1.510012e+04;3.321750e+02;2.163476e-01;-4.884355e-03;6.222673e+00;-3.116266e-02;2.286473e-02;-8.012071e-04;1.515960e-02;2.950590e-04;6.125923e-02;1.707442e-03;4.149986e-01;4.416798e-03;8.650046e-01;-4.436187e-02;1.367884e+00;4.415946e-03;1.032339e+00;-6.883480e-02;1.440026e+00;6.795698e-02;1.309368e+00;9.606583e-02;1.957651e+00;8.446062e-02;1.741864e+00;2.948699e-02;1.788393e+00;-6.074744e-02;1.527264e+00;9.172233e-02;1.623340e+00;7.959227e-02;1.216349e+00;-1.177830e-01;1.237853e+00;-4.573021e-02;1.236549e+00;2.642996e-02
201.000000;7.006565e+00;9.316277e+01;3.036101e-02;7.485068e-01;1.238442e-01;9.604800e-02;1.076466e-01;8.723227e-02;1.040049e-01;1.619444e-01;1.511806e+00;5.502831e+00;1.752488e-01;2.234931e+00;9.450251e-02;1.011871e+00;8.878275e-03;1.105816e-01;6.903329e-03;2.859285e-02;6.850173e-03;1.304821e-01;2.388029e-02;2.773331e-01;4.494214e-02;4.247421e-01;6.658141e-02;5.736581e-01;8.424778e-02;7.050793e-01;1.299359e-01;7.793288e-01;6.520598e-02;8.553013e-01;1.137866e-01;9.536227e-01;1.722172e-01;9.872566e-01;1.282581e-01;1.041532e+00;3.012660e-01;1.104792e+00;2.094600e-01;1.146757e+00;2.316722e-01;1.223823e+00;2.395625e-01;1.281272e+00;1.824639e-01;1.346784e+00;2.089019e-01;1.422220e+00;4.110210e-01;1.419156e+00;3.375277e-01;1.491318e+00;4.565358e-01;1.572955e+00;6.020364e-01;1.567040e+00;1.325327e-01;1.410172e+00;1.181615e-01;1.266472e+00;1.122440e-01;1.085156e+00;1.184964e-01;8.969100e-01;7.701142e-02;7.306138e-01;4.662922e-02;6.148805e-01;3.704897e-01;1.737159e+00;3.357526e-01;5.965295e-01;2.824017e+01;1.864775e+02;4.503958e+01;2.931387e+02;2.376025e+02;6.223096e+02;2.657015e+02;1.038905e+03;2.290857e-01;1.029866e+00;9.738298e+01;4.651149e+02;2.129606e-01;4.048753e+00;7.487507e+04;2.132028e+05;9.871088e-01;2.921790e+00;2.220446e+01;3.186377e+01;8.834878e-02;-5.728818e-01;7.666575e-02;4.434131e-01;2.228789e-01;1.085957e+00;1.959004e+00;4.239536e+01;4.205979e+00;-1.608804e+01;4.272130e+00;1.215383e+01;4.238655e+00;4.719847e+00;4.984239e+00;-2.287224e-01;5.397343e+00;2.382721e+00;6.313649e+00;-8.117161e+00;1.062463e+01;-5.117043e+00;9.079146e+00;4.872779e+00;5.779479e+00;-3.344115e+00;6.591125e+00;6.108793e-01;6.815764e+00;-6.519286e+00;4.864157e+00;-9.770920e-01;5.184609e+00;4.716495e+00;2.380334e-05;-4.200388e-08;7.616769e-08;7.480427e-09;6.020783e-07;-4.623172e-08;5.929355e-07;-4.392266e-08;5.774970e-07;-7.032682e-09;6.173981e-06;1.485725e-07;4.713326e-02;-1.934314e-03;2.521447e-02;-4.100268e-04;1.570817e-03;-1.095503e-05;9.088286e-04;-1.652809e-04;1.392563e-03;-8.100404e-05;4.207463e-03;-2.957091e-04;1.085967e-02;3.787201e-04;1.555998e-02;-6.380244e-04;2.063510e-02;-1.035989e-03;3.245752e-02;-3.525388e-04;2.193981e-02;-1.422510e-04;3.850485e-02;-4.548327e-04;4.679958e-02;-8.019597e-04;3.694461e-02;-8.775801e-04;4.325328e-02;-4.957799e-03;5.156838e-02;-4.270983e-03;5.834555e-02;-1.692521e-03;6.501200e-02;2.653566e-03;5.267051e-02;1.001209e-03;4.904084e-02;-3.930309e-04;8.997592e-02;5.183051e-05;7.775353e-02;4.756168e-03;1.106594e-01;1.004035e-04;1.347329e-01;-6.746133e-04;4.639863e-02;-7.217969e-04;3.728787e-02;-7.731694e-04;3.340324e-02;3.458798e-04;3.504752e-02;-1.347433e-03;1.993479e-02;-2.623473e-04;1.494667e-02;-1.748838e-04;9.204175e-02;1.391985e-03;5.484667e-02;-5.832807e-03;5.666393e+00;2.009766e-01;1.161224e+01;-5.311524e-01;4.197148e+01;-2.928516e+00;4.866795e+01;-6.919336e+00;5.170189e-02;6.732007e-03;1.761321e+01;-1.541520e+00;6.070212e-02;-5.437040e-03;1.506521e+04;-1.071972e+03;2.094947e-01;2.630774e-02;6.381117e+00;4.495709e-01;1.675930e-02;-3.908339e-04;1.408159e-02;-1.225481e-03;4.913039e-02;-1.969984e-03;4.382287e-01;-1.656507e-02;9.468932e-01;3.255960e-02;1.119202e+00;8.891851e-02;1.010329e+00;-9.382596e-02;1.131742e+00;-3.801291e-02;1.283148e+00;6.126181e-02;1.515814e+00;4.838174e-03;1.756902e+00;8.937571e-02;1.919247e+00;-1.454531e-01;1.415094e+00;-1.494973e-01;1.975942e+00;6.570756e-02;1.230760e+00;8.521069e-02;1.146644e+00;-5.940133e-02;1.294374e+00;4.267032e-02
201.500000;3.559629e+00;9.746325e+01;2.260276e-02;7.774413e-01;1.075488e-01;5.356101e-02;8.613833e-02;3.580200e-02;1.049110e-01;1.448533e-01;1.816721e+00;6.761777e+00;1.687107e-01;2.022593e+00;6.309619e-02;9.582139e-01;8.693230e-03;1.105763e-01;2.617305e-03;2.167170e-02;7.071801e-03;1.313007e-01;1.403133e-02;2.868857e-01;3.205465e-02;4.295865e-01;4.857688e-02;5.511094e-01;9.007427e-02;6.948228e-01;1.481748e-01;7.864623e-01;6.094275e-02;8.274222e-01;1.095763e-01;9.271126e-01;1.407115e-01;9.381303e-01;9.967361e-02;9.767241e-01;1.476628e-01;9.787504e-01;1.635334e-01;1.105308e+00;2.019476e-01;1.243246e+00;1.652343e-01;1.225042e+00;1.396252e-01;1.278162e+00;1.758290e-01;1.308902e+00;2.488602e-01;1.285979e+00;3.078324e-01;1.375066e+00;3.363229e-01;1.417243e+00;2.035387e-01;1.327607e+00;1.444303e-01;1.354918e+00;1.388674e-01;1.227721e+00;1.166282e-01;1.025593e+00;9.966212e-02;8.491523e-01;6.137062e-02;7.555041e-01;4.296304e-02;6.058114e-01;3.538848e-01;1.636730e+00;9.439903e-02;2.624273e-01;1.778920e+01;1.633652e+02;3.982731e+01;2.473447e+02;7.203799e+01;4.221943e+02;1.628227e+02;7.160508e+02;2.444704e-01;1.013042e+00;4.624613e+01;3.611859e+02;2.186274e-01;3.797014e+00;3.459469e+04;1.369879e+05;1.071362e+00;4.106885e+00;4.825696e+01;5.917170e+01;8.458915e-02;-5.803992e-01;4.066686e-02;3.601118e-01;1.978538e-01;9.453872e-01;1.605041e+00;4.410464e+01;3.475345e+00;-1.197487e+01;3.242766e+00;1.231962e+01;4.381873e+00;6.661831e+00;4.177532e+00;-3.444880e+00;5.183358e+00;-9.474779e-01;3.947363e+00;-6.464475e+00;5.662965e+00;3.931817e+00;6.331805e+00;1.144049e+00;5.852511e+00;-4.945142e+00;6.140736e+00;-1.835834e+00;2.912797e+00;-9.738607e-01;4.210994e+00;-6.633717e-01;5.783357e+00;3.057864e+00;1.667143e-05;1.572784e-07;4.871435e-08;7.884227e-09;3.568463e-07;-2.492009e-08;4.127274e-07;-2.247282e-08;6.436827e-07;-7.058075e-09;5.726612e-06;3.408834e-07;2.959008e-02;-2.165115e-03;1.623571e-02;1.489255e-03;1.735019e-03;1.233459e-04;7.169053e-04;-6.097252e-05;1.741577e-03;-2.831491e-04;3.698215e-03;-1.107090e-04;9.065759e-03;7.920227e-04;1.200076e-02;1.251168e-03;1.665155e-02;-4.900921e-05;3.634441e-02;-2.112643e-03;1.816693e-02;-2.190220e-03;2.411762e-02;-2.015866e-03;4.249497e-02;-4.529733e-04;3.071998e-02;-1.620404e-04;2.249379e-02;4.567211e-03;3.856642e-02;4.279939e-03;4.856190e-02;6.922539e-04;4.849557e-02;1.569876e-03;3.707007e-02;-3.471756e-03;4.918298e-02;1.650861e-03;6.305674e-02;7.787847e-03;7.823402e-02;8.042572e-03;7.305487e-02;4.022092e-03;4.842183e-02;2.613004e-03;4.760707e-02;3.609128e-03;3.935262e-02;3.247629e-03;3.832660e-02;1.021382e-03;2.611197e-02;2.196633e-03;2.043466e-02;1.539589e-03;1.546208e-02;6.857835e-04;8.712330e-02;3.765827e-03;1.832109e-02;-1.918105e-03;3.646289e+00;3.158203e-01;9.326537e+00;-7.608398e-01;1.833404e+01;-2.354297e+00;3.205761e+01;-5.110547e+00;5.687471e-02;2.563665e-03;8.938035e+00;-1.266005e+00;4.021498e-02;-8.309414e-03;7.617940e+03;-9.584387e+02;2.773803e-01;1.612122e-02;1.528491e+01;1.756483e-01;1.685713e-02;-1.166249e-03;7.763372e-03;-1.058875e-03;4.172267e-02;1.134286e-03;4.051453e-01;-9.050760e-03;7.927677e-01;7.556826e-02;1.015228e+00;2.122509e-02;8.851391e-01;7.698945e-02;1.149041e+00;-5.388355e-03;1.419827e+00;-5.814174e-02;1.135967e+00;-1.589245e-01;1.431901e+00;1.199308e-02;1.564847e+00;3.263382e-02;1.368826e+00;-4.067684e-02;1.702150e+00;-2.089431e-01;1.074028e+00;4.261329e-02;9.793982e-01;8.046632e-02;1.359027e+00;-5.375941e-02
202.000000;1.941569e-01;9.847384e+01;2.304392e-02;7.689335e-01;8.600377e-02;5.364212e-02;1.018999e-01;6.338718e-02;1.109630e-01;1.754291e-01;1.664638e+00;6.629573e+00;1.735622e-01;1.775666e+00;7.221764e-02;9.488842e-01;1.094410e-02;1.007422e-01;3.092253e-03;2.076468e-02;1.294070e-02;1.280454e-01;2.387917e-02;2.663431e-01;2.492528e-02;4.159281e-01;3.217687e-02;5.391071e-01;6.673658e-02;6.447525e-01;1.372860e-01;7.443249e-01;7.847421e-02;7.919818e-01;7.148571e-02;8.599155e-01;1.347853e-01;8.981562e-01;8.366012e-02;9.521289e-01;8.735456e-02;1.039693e+00;8.683719e-02;1.111028e+00;1.077661e-01;1.150826e+00;2.452239e-01;1.229107e+00;2.067435e-01;1.261751e+00;2.037011e-01;1.292990e+00;2.546999e-01;1.417410e+00;4.553904e-01;1.427791e+00;1.876247e-01;1.372676e+00;2.113932e-01;1.375380e+00;1.231365e-01;1.335150e+00;1.204147e-01;1.192607e+00;1.106935e-01;1.039685e+00;9.429533e-02;8.813758e-01;5.715006e-02;7.286696e-01;4.488732e-02;5.741668e-01;2.660666e-01;1.435846e+00;6.003553e-02;1.495132e-01;2.091124e+01;1.592021e+02;2.858721e+01;2.279648e+02;6.196825e+01;3.759697e+02;1.465560e+02;5.895791e+02;1.968675e-01;9.384869e-01;3.786089e+01;3.261079e+02;1.816366e-01;3.595381e+00;5.024266e+04;1.139857e+05;1.145246e+00;5.034140e+00;5.256597e+01;8.742204e+01;1.055148e-01;-4.918136e-01;3.081198e-02;3.296990e-01;1.964791e-01;7.850438e-01;1.853207e+00;4.380364e+01;4.120301e+00;-8.897975e+00;3.975058e+00;1.417600e+01;3.401104e+00;8.929350e+00;4.137591e+00;-5.604622e+00;5.534482e+00;-4.332025e+00;3.868118e+00;-7.507032e+00;4.765506e+00;2.853912e+00;3.658807e+00;4.365828e+00;6.630648e+00;-4.228728e+00;4.407748e+00;-5.590357e+00;4.114217e+00;-1.784710e+00;3.861199e+00;1.505021e+00;4.027699e+00;6.026760e-02;1.060368e-06;-4.554677e-08;4.850795e-08;-1.633449e-09;4.381039e-07;1.410180e-08;3.279926e-07;1.562029e-08;6.442614e-07;1.924397e-08;5.263041e-06;-5.286174e-08;3.295427e-02;-3.094800e-03;2.215863e-02;2.425777e-03;1.552986e-03;-3.619097e-04;6.581428e-04;1.214412e-04;2.146629e-03;5.331025e-05;3.862345e-03;-5.480174e-04;7.623368e-03;-1.803301e-03;1.010393e-02;-2.447806e-04;1.569951e-02;2.237950e-04;3.037906e-02;-4.051372e-04;1.947208e-02;-7.178903e-04;2.126125e-02;2.036706e-04;4.129539e-02;3.695109e-03;2.728959e-02;3.385993e-03;2.861875e-02;-1.008369e-03;2.838130e-02;1.556109e-03;2.906395e-02;4.695428e-03;7.352376e-02;9.348416e-03;6.350929e-02;5.368875e-03;6.652835e-02;5.985793e-03;7.784677e-02;4.913473e-03;1.232360e-01;1.540734e-02;6.227570e-02;7.366138e-03;5.282848e-02;9.915892e-03;4.017321e-02;-1.549285e-03;4.085274e-02;1.430925e-03;3.853705e-02;-1.580686e-03;2.527497e-02;-1.126041e-03;1.701063e-02;-1.197629e-03;1.499279e-02;-2.989463e-04;6.965686e-02;-7.536036e-03;1.147562e-02;-5.369064e-04;3.913123e+00;-5.167969e-01;8.226210e+00;3.875977e-01;1.492899e+01;7.321289e-01;3.526720e+01;3.904687e+00;6.176457e-02;-3.608966e-03;1.003807e+01;8.773433e-01;4.312755e-02;1.454792e-03;1.217172e+04;1.681670e+03;3.385556e-01;-1.170527e-02;1.744340e+01;-3.248823e-01;1.393496e-02;3.277007e-03;8.114761e-03;5.124989e-04;4.429525e-02;-4.183958e-03;4.089667e-01;-3.859852e-02;1.076408e+00;-4.800820e-02;1.113579e+00;8.769058e-02;8.925969e-01;1.422599e-02;1.228525e+00;-7.281455e-02;1.417615e+00;-1.039478e-02;1.195374e+00;-9.947566e-03;1.312507e+00;6.845804e-02;1.209916e+00;7.049848e-02;1.396640e+00;5.068536e-03;1.167466e+00;9.799281e-02;1.465576e+00;1.421162e-01;1.080796e+00;8.630346e-02;1.022567e+00;-1.408342e-02
202.500000;3.142890e+00;9.742932e+01;1.554226e-02;7.504777e-01;1.101245e-01;1.243280e-01;9.567342e-02;1.070325e-01;1.021762e-01;1.993964e-01;9.354212e-01;5.333371e+00;1.798527e-01;1.559062e+00;8.828541e-02;9.623513e-01;1.129088e-02;8.385424e-02;4.200059e-03;2.015621e-02;1.146562e-02;1.276427e-01;2.468122e-02;2.546938e-01;4.018756e-02;4.120685e-01;3.508151e-02;5.390972e-01;5.624119e-02;6.352448e-01;9.743644e-02;7.314800e-01;8.427165e-02;8.050408e-01;8.356914e-02;8.668014e-01;1.638048e-01;9.219869e-01;8.517251e-02;9.428653e-01;8.892554e-02;1.024679e+00;1.651684e-01;1.122762e+00;1.561877e-01;1.132453e+00;3.165520e-01;1.261239e+00;2.573707e-01;1.310870e+00;2.153916e-01;1.358140e+00;2.848747e-01;1.446912e+00;5.909336e-01;1.523316e+00;2.092549e-01;1.440943e+00;2.666034e-01;1.414109e+00;1.059530e-01;1.318838e+00;9.891630e-02;1.191563e+00;1.057410e-01;1.059133e+00;8.261793e-02;9.019069e-01;5.519639e-02;7.154183e-01;4.946052e-02;5.619287e-01;3.316395e-01;1.171416e+00;4.645044e-02;9.485721e-02;2.546832e+01;1.514502e+02;2.912286e+01;2.385879e+02;6.336261e+01;3.575947e+02;1.697064e+02;5.760850e+02;2.107990e-01;7.872433e-01;4.665622e+01;3.229535e+02;2.050904e-01;3.581209e+00;6.183429e+04;1.217784e+05;1.157240e+00;5.254613e+00;4.508832e+01;8.564478e+01;9.478603e-02;-3.408883e-01;3.747983e-02;3.251216e-01;2.142055e-01;5.596427e-01;1.594013e+00;4.224348e+01;4.438872e+00;-8.028230e+00;4.056592e+00;1.846130e+01;3.995394e+00;8.614923e+00;4.666866e+00;-8.633237e+00;3.751059e+00;-6.248424e+00;4.949980e+00;-5.437694e+00;4.140427e+00;6.182636e-01;4.968408e+00;7.257599e+00;5.565266e+00;-6.969619e+00;4.785027e+00;-5.103350e+00;6.836893e+00;-1.158351e+00;3.674081e+00;4.792840e+00;4.716066e+00;1.382860e+00;1.588088e-05;-6.259913e-07;4.909063e-08;-8.385219e-09;5.256830e-07;2.165605e-10;4.082481e-07;2.255648e-08;5.968425e-07;1.464658e-08;4.898882e-06;-9.839389e-09;3.214077e-02;-5.499076e-03;2.398734e-02;-9.306727e-04;1.081791e-03;-3.126354e-04;7.221634e-04;-4.938272e-05;1.516000e-03;2.479260e-04;3.733681e-03;-4.684529e-06;1.088474e-02;-3.312075e-06;1.144671e-02;-3.810324e-04;1.319800e-02;3.557822e-04;2.183758e-02;2.866906e-04;2.179122e-02;-5.892518e-04;2.058667e-02;-9.475500e-04;5.049551e-02;6.339655e-04;2.720898e-02;7.290231e-04;3.417676e-02;-1.513454e-03;4.670050e-02;-2.165723e-03;4.068702e-02;1.642277e-04;7.735782e-02;-4.837072e-03;7.048394e-02;-7.532922e-04;6.002026e-02;1.843887e-04;7.565020e-02;-3.931921e-03;1.283949e-01;-6.945393e-03;7.551352e-02;-1.663546e-03;6.518592e-02;-2.026256e-03;3.760785e-02;-2.757414e-03;4.344698e-02;-1.509082e-03;3.996437e-02;6.825999e-04;2.407968e-02;5.451838e-04;1.903848e-02;7.755360e-04;1.630418e-02;1.226179e-03;5.467734e-02;-5.218121e-03;1.115249e-02;-1.369528e-03;4.898644e+00;-4.880859e-01;7.323766e+00;2.583984e-01;1.338638e+01;-2.296875e-01;4.064191e+01;-1.492969e+00;5.674915e-02;-7.011897e-03;1.041306e+01;-4.823795e-01;4.397834e-02;1.045652e-04;1.365157e+04;-2.413062e+02;3.071107e-01;3.408269e-02;1.222538e+01;1.355843e+00;8.505329e-03;2.821985e-03;7.949480e-03;-4.321227e-04;4.017184e-02;-3.987642e-03;4.249684e-01;-2.891144e-02;1.027955e+00;7.213952e-02;9.563610e-01;5.344441e-02;9.835531e-01;6.888334e-02;1.172580e+00;-7.261238e-02;1.096905e+00;-4.849692e-03;1.431144e+00;8.152811e-02;1.590996e+00;-8.731176e-02;1.728917e+00;-1.283222e-02;1.380517e+00;-3.813845e-03;1.262762e+00;7.666826e-02;1.955076e+00;5.536156e-02;1.262901e+00;8.392294e-02;1.269211e+00;7.376967e-02
203.000000;1.441040e+01;8.995038e+01;1.042130e-01;7.207983e-01;1.044869e-01;9.310481e-02;6.888007e-02;7.198111e-02;1.120911e-01;1.735075e-01;8.168195e+00;2.878870e+00;2.326442e-01;1.441030e+00;1.583273e-01;1.004316e+00;9.640926e-03;7.785188e-02;4.751917e-03;1.848576e-02;8.032724e-03;1.269231e-01;2.839162e-02;2.711774e-01;4.088154e-02;4.263667e-01;4.182111e-02;5.477703e-01;6.418622e-02;6.428220e-01;1.431962e-01;7.793090e-01;1.644551e-01;8.944319e-01;1.104111e-01;9.294194e-01;1.874498e-01;1.031716e+00;2.917598e-01;1.037433e+00;2.446860e-01;1.086179e+00;3.573959e-01;1.138540e+00;2.220532e-01;1.171485e+00;3.100674e-01;1.279240e+00;2.518094e-01;1.341550e+00;2.138770e-01;1.385487e+00;3.278515e-01;1.428168e+00;4.967548e-01;1.500910e+00;3.225259e-01;1.506798e+00;3.640437e-01;1.461936e+00;3.206711e-01;1.386235e+00;4.730230e-01;1.322662e+00;1.922795e-01;1.119637e+00;1.051154e-01;9.417875e-01;6.522700e-02;7.509700e-01;6.484112e-02;6.032748e-01;3.072975e-01;1.019266e+00;9.219860e-02;7.645246e-02;2.667801e+01;1.447031e+02;4.000903e+01;2.433252e+02;7.012452e+01;3.360615e+02;1.535927e+02;5.554131e+02;2.185254e-01;7.610409e-01;5.959315e+01;3.100762e+02;2.268170e-01;3.488318e+00;5.493980e+04;1.110987e+05;1.815096e+00;6.111489e+00;8.234018e+01;1.229356e+02;8.276810e-02;-2.890491e-01;5.034344e-02;3.138951e-01;2.545756e-01;5.294094e-01;1.878304e+00;4.123037e+01;5.583294e+00;-5.409439e+00;3.717634e+00;1.848386e+01;5.326696e+00;7.846994e+00;4.958477e+00;-1.012483e+01;3.771734e+00;-4.733230e+00;6.126491e+00;4.869830e-01;4.963310e+00;-2.416218e-01;5.858536e+00;6.464183e+00;5.240747e+00;-9.530109e+00;4.585262e+00;-4.156240e+00;7.734988e+00;-2.654304e+00;6.605005e+00;3.460272e+00;4.964835e+00;2.792074e+00;2.914873e-05;-2.136185e-06;4.585398e-08;-7.626110e-09;3.548697e-07;-2.167285e-08;3.271540e-07;-1.171097e-08;6.948724e-07;-5.222815e-10;5.102525e-05;8.250667e-08;4.605693e-02;5.837773e-03;3.528363e-02;4.809533e-03;2.171171e-03;3.646213e-04;8.400522e-04;4.006049e-05;1.755450e-03;-2.889174e-04;3.862155e-03;1.250391e-03;1.052839e-02;1.277236e-03;1.303452e-02;-7.014230e-04;2.124675e-02;-3.755166e-05;3.550606e-02;7.719375e-03;4.040814e-02;8.223785e-03;2.777288e-02;-2.389606e-04;5.581420e-02;1.752715e-03;7.662679e-02;1.672922e-02;5.919657e-02;1.182626e-02;8.628326e-02;1.202776e-02;5.684955e-02;4.807069e-03;7.045801e-02;1.707903e-03;6.205249e-02;5.866609e-03;5.615772e-02;1.634404e-03;8.521081e-02;7.245459e-03;7.999830e-02;-1.178683e-02;8.942370e-02;6.600837e-03;8.420900e-02;4.086670e-03;7.758399e-02;1.332771e-02;1.117591e-01;2.134609e-02;5.596526e-02;6.617357e-03;3.035728e-02;1.651816e-03;2.057320e-02;1.586243e-03;1.717453e-02;8.166410e-04;7.279949e-02;1.069426e-02;2.176320e-02;3.110423e-03;6.112042e+00;7.895508e-01;8.818641e+00;1.047949e+00;1.506525e+01;1.966699e+00;3.375306e+01;-7.321289e-01;5.413556e-02;-1.827564e-03;1.108567e+01;8.124877e-01;3.743440e-02;3.902080e-05;1.007830e+04;-9.055553e+02;4.134234e-01;-4.034033e-03;1.965034e+01;-3.087470e-02;1.867862e-02;-2.551666e-03;9.165520e-03;9.786643e-04;5.194141e-02;9.154168e-03;5.392632e-01;-1.292220e-02;9.677178e-01;1.376514e-02;7.045569e-01;-1.153084e-01;1.127701e+00;-1.214168e-01;1.290412e+00;1.051558e-01;1.277384e+00;-1.135840e-01;1.395079e+00;1.371619e-01;1.795601e+00;-9.984384e-02;2.026345e+00;-8.134039e-02;1.729674e+00;1.337313e-01;1.517787e+00;-1.047409e-01;1.832375e+00;-2.323768e-01;1.587792e+00;-3.298926e-01;1.604889e+00;-1.603130e-01
203.500000;1.065142e+02;1.454655e+02;1.027891e-01;7.118110e-01;1.618594e-01;1.259177e-01;1.640998e-01;1.087466e-01;1.199394e-01;1.757908e-01;1.097553e+01;-4.124368e-01;5.473092e-01;1.888951e+00;2.219942e-01;1.110727e+00;1.930308e-02;9.676842e-02;9.303856e-03;2.515621e-02;2.011062e-02;1.145000e-01;2.556503e-02;2.820180e-01;3.456857e-02;4.410031e-01;7.011861e-02;5.966037e-01;1.081523e-01;7.027306e-01;2.132594e-01;8.033783e-01;2.164338e-01;9.085881e-01;1.282958e-01;9.524527e-01;1.553413e-01;1.117835e+00;4.240374e-01;1.268780e+00;5.647627e-01;1.483123e+00;4.464278e-01;1.352456e+00;3.059782e-01;1.322599e+00;4.309171e-01;1.467035e+00;3.416499e-01;1.486519e+00;3.003976e-01;1.538959e+00;5.383580e-01;1.701162e+00;5.184647e-01;1.655765e+00;4.897936e-01;1.681419e+00;6.572058e-01;1.778631e+00;3.567969e-01;1.442334e+00;5.772163e-01;1.383179e+00;1.960518e-01;1.122016e+00;1.190538e-01;9.215427e-01;6.906276e-02;7.393188e-01;4.621483e-02;6.149650e-01;7.582184e-01;1.679203e+00;5.004354e-01;4.955195e-01;5.240120e+01;1.960957e+02;6.981113e+01;2.866787e+02;3.033415e+02;5.534033e+02;3.945435e+02;8.913311e+02;2.442808e-01;9.389574e-01;1.594041e+02;4.331918e+02;2.996536e-01;3.569528e+00;1.127512e+05;1.817506e+05;2.707461e+00;4.768249e+00;9.546314e+01;9.654144e+01;1.768966e-01;-4.496092e-01;1.287084e-01;4.161440e-01;4.458963e-01;9.394728e-01;2.432937e+00;3.990996e+01;1.117341e+01;-1.224101e+01;3.696004e+00;1.578278e+01;6.282405e+00;3.652469e+00;6.964935e+00;-5.375043e+00;4.184631e+00;-3.963501e+00;1.667599e+01;-1.022597e+01;1.106800e+01;-1.079536e+01;6.304214e+00;-4.356961e-01;5.539470e+00;-8.371068e+00;4.633667e+00;-4.109957e+00;8.393485e+00;-1.194501e+01;8.825434e+00;-3.740097e+00;6.123170e+00;1.081808e+00;2.086368e-04;1.970027e-05;6.304836e-08;-8.486784e-10;6.994496e-07;-1.687185e-08;8.386240e-07;-1.177119e-08;6.606120e-07;5.555868e-09;6.663799e-05;-5.300221e-06;6.966624e-02;1.164520e-02;4.803039e-02;2.302215e-04;3.060284e-03;3.122955e-04;1.197582e-03;2.278912e-04;4.333552e-03;4.831438e-04;8.195609e-03;-4.753443e-04;1.032874e-02;-9.346721e-04;2.010574e-02;-4.150916e-05;3.355117e-02;-3.219653e-04;5.229630e-02;5.355567e-04;5.449228e-02;2.469009e-03;4.291881e-02;3.979166e-03;4.720804e-02;1.718413e-03;9.180333e-02;2.304706e-03;8.966614e-02;2.964395e-03;9.324997e-02;3.269522e-03;6.167284e-02;-5.182896e-04;1.043915e-01;2.265126e-03;8.768152e-02;2.663221e-03;7.685164e-02;-8.830832e-04;1.255528e-01;-1.412956e-03;1.194793e-01;8.885596e-04;1.233195e-01;-1.234305e-03;1.596760e-01;-5.565850e-04;9.488212e-02;2.330430e-04;1.381482e-01;-2.679002e-03;5.418560e-02;-1.426773e-03;3.315466e-02;-3.030912e-03;1.717727e-02;-2.827828e-03;1.171471e-02;-1.444886e-03;1.466508e-01;5.416379e-03;5.981918e-02;1.325439e-02;6.939425e+00;1.363770e+00;1.746783e+01;3.459668e+00;4.723642e+01;9.977051e+00;5.159541e+01;1.157051e+01;6.133273e-02;3.348581e-03;2.123286e+01;5.140108e+00;5.832635e-02;9.093389e-03;1.821993e+04;2.974421e+03;3.847901e-01;-6.823989e-02;1.826492e+01;-1.724194e+00;3.155175e-02;-1.981833e-03;1.625260e-02;4.096766e-03;8.776181e-02;8.138704e-03;6.507213e-01;-6.650861e-05;1.203899e+00;-2.588791e-01;1.082557e+00;-3.673262e-02;1.349231e+00;-1.077195e-01;1.408355e+00;1.370022e-01;1.397565e+00;5.691958e-02;2.047178e+00;-1.782280e-01;1.723750e+00;-5.626263e-02;1.812109e+00;-5.174782e-02;1.636807e+00;8.695722e-02;1.472918e+00;3.163771e-02;1.454363e+00;-1.639934e-01;1.845184e+00;-1.669954e-01;1.960946e+00;6.715889e-02
204.000000;1.011691e+02;1.543439e+02;1.898640e-02;7.361832e-01;1.611143e-01;1.604507e-01;1.727371e-01;1.284486e-01;9.610853e-02;1.800556e-01;8.822124e+00;1.296762e+00;2.321870e-01;2.388606e+00;1.895432e-01;1.094779e+00;9.033520e-03;1.125827e-01;5.410248e-03;3.318720e-02;4.620900e-02;1.391138e-01;3.907878e-02;2.820776e-01;4.950543e-02;4.150944e-01;1.022074e-01;5.729502e-01;1.293305e-01;7.102879e-01;2.183287e-01;7.948225e-01;1.916000e-01;8.873674e-01;1.251092e-01;9.725370e-01;1.479462e-01;1.032983e+00;3.591709e-01;1.237015e+00;5.657585e-01;1.416228e+00;3.057780e-01;1.404520e+00;2.708161e-01;1.429119e+00;4.261791e-01;1.450509e+00;3.450071e-01;1.469651e+00;2.966335e-01;1.501797e+00;5.320627e-01;1.687690e+00;5.389611e-01;1.740214e+00;4.926111e-01;1.599453e+00;6.815488e-01;1.706646e+00;2.874108e-01;1.438140e+00;3.676516e-01;1.264838e+00;1.151745e-01;1.063594e+00;1.248213e-01;8.974824e-01;1.003366e-01;7.478188e-01;4.761833e-02;6.023074e-01;7.283957e-01;1.983584e+00;3.119734e-01;9.185874e-01;3.946553e+01;2.209307e+02;8.205252e+01;3.316113e+02;2.689965e+02;7.717500e+02;1.775703e+02;1.314530e+03;1.874036e-01;1.060420e+00;9.798151e+01;5.640117e+02;2.890698e-01;3.943173e+00;7.819659e+04;2.923906e+05;7.573187e-01;2.251388e+00;1.646177e+01;1.918671e+01;1.057896e-01;-5.892767e-01;7.512417e-02;5.172503e-01;3.178522e-01;1.283583e+00;2.390270e+00;3.978333e+01;4.623863e+00;-2.182111e+01;5.573718e+00;1.496346e+01;6.988302e+00;6.132894e+00;5.025547e+00;-2.463787e-01;6.109545e+00;-1.992405e+00;9.250697e+00;-1.987589e+01;1.045632e+01;-1.206777e+01;9.628329e+00;3.100836e+00;4.103405e+00;-4.852252e+00;5.868868e+00;-3.526856e+00;6.918015e+00;-1.336051e+01;8.103218e+00;-4.100873e+00;5.603689e+00;-1.993311e-01;2.278908e-04;1.395989e-05;6.900706e-08;9.810073e-09;7.846278e-07;-8.380575e-09;8.882024e-07;2.927338e-09;4.972414e-07;-1.210230e-08;5.277216e-05;1.701608e-07;6.539887e-02;-2.074975e-03;3.795270e-02;-8.256271e-03;3.198017e-03;-8.207960e-05;1.511896e-03;-8.830941e-05;6.603670e-03;4.228119e-04;1.606271e-02;-6.489514e-04;1.475947e-02;-6.140333e-04;2.384454e-02;-5.700761e-04;3.811390e-02;-6.436831e-04;5.642484e-02;-4.419646e-03;5.268805e-02;-5.451490e-03;4.414970e-02;-3.082153e-04;3.115034e-02;-4.910403e-03;5.320046e-02;-1.538490e-02;7.267538e-02;-1.416017e-02;7.276259e-02;-1.531655e-02;6.734674e-02;-1.058502e-02;9.343050e-02;-1.518600e-02;8.189078e-02;-1.370917e-02;7.053451e-02;-8.765706e-03;1.170909e-01;-1.738211e-02;1.395365e-01;-9.567668e-03;1.146832e-01;-1.461480e-02;1.580103e-01;-1.497528e-02;7.461999e-02;-1.362447e-02;8.527866e-02;-2.285050e-02;3.492058e-02;-6.955686e-03;3.108630e-02;-3.132552e-03;2.871349e-02;-1.203642e-03;1.615144e-02;-1.051233e-04;1.666086e-01;-1.033035e-02;8.366504e-02;-1.919408e-04;1.054003e+01;-6.459961e-01;3.050793e+01;-1.492969e+00;8.926532e+01;-1.880566e+00;6.238880e+01;2.153320e-01;6.371363e-02;8.744686e-04;3.228091e+01;-1.174644e+00;7.801920e-02;-1.746603e-04;2.275346e+04;-8.659403e+01;2.420620e-01;3.761140e-03;5.367248e+00;1.448675e-01;3.789072e-02;-4.046521e-04;2.501466e-02;-1.158779e-03;9.163310e-02;-3.578280e-03;6.155553e-01;4.945887e-02;1.160360e+00;-1.334289e-02;1.531091e+00;1.506144e-02;1.373841e+00;1.360300e-01;1.185593e+00;3.554889e-02;1.422338e+00;2.324397e-01;2.354891e+00;-1.627824e-01;1.884211e+00;3.538712e-02;2.091882e+00;8.063277e-02;1.288013e+00;2.372392e-02;1.401100e+00;-3.766966e-02;1.818363e+00;2.213841e-02;1.879497e+00;1.545980e-01;1.969081e+00;5.433818e-02
204.500000;8.536680e+00;9.929554e+01;1.661578e-02;7.480823e-01;9.253966e-02;8.831131e-02;9.404381e-02;6.797566e-02;1.362811e-01;2.012840e-01;3.744087e+00;5.009254e+00;2.661660e-01;2.210554e+00;8.488392e-02;9.641867e-01;1.019110e-02;1.126083e-01;6.481465e-03;2.878181e-02;3.552067e-02;1.507838e-01;4.275355e-02;2.834776e-01;5.127340e-02;4.202741e-01;8.362899e-02;5.497743e-01;1.092490e-01;6.509519e-01;1.779901e-01;7.910033e-01;1.443217e-01;8.885179e-01;1.324439e-01;9.731135e-01;1.213591e-01;9.470124e-01;1.363655e-01;1.072297e+00;7.963336e-02;9.795863e-01;2.004002e-01;1.131515e+00;2.388038e-01;1.280721e+00;1.954682e-01;1.217853e+00;2.164896e-01;1.273372e+00;1.576763e-01;1.306430e+00;2.770957e-01;1.300780e+00;4.070887e-01;1.390535e+00;2.549263e-01;1.363127e+00;3.159193e-01;1.274349e+00;2.639378e-01;1.346233e+00;1.065790e-01;1.209940e+00;1.025050e-01;1.046100e+00;1.314285e-01;8.807114e-01;9.748590e-02;7.512890e-01;6.415772e-02;5.891070e-01;6.112281e-01;1.701151e+00;3.514429e-01;6.334797e-01;3.501675e+01;1.880566e+02;8.602209e+01;2.863916e+02;2.694933e+02;5.762285e+02;3.306684e+02;1.105084e+03;1.678051e-01;1.110439e+00;1.185366e+02;4.673321e+02;3.159443e-01;3.882116e+00;9.768859e+04;2.337857e+05;9.542506e-01;2.804269e+00;1.928477e+01;2.777036e+01;1.112778e-01;-5.927584e-01;9.114212e-02;4.379402e-01;2.685916e-01;1.208172e+00;3.059743e+00;4.289862e+01;4.271706e+00;-1.847199e+01;5.417183e+00;1.345586e+01;3.609566e+00;1.151684e+01;4.611231e+00;7.829028e-01;6.203969e+00;9.744378e-01;6.326244e+00;-1.180583e+01;5.372622e+00;-4.705953e+00;6.849185e+00;7.534341e+00;6.323214e+00;-4.434022e+00;6.792055e+00;-6.699726e+00;5.171562e+00;-7.764781e+00;6.748993e+00;-2.605264e+00;4.667778e+00;-1.631456e+00;9.367426e-05;-7.289120e-06;7.011366e-08;8.707040e-09;4.624413e-07;-1.197697e-08;4.006876e-07;-1.745231e-08;7.061772e-07;2.309164e-08;3.021945e-05;5.277976e-06;3.941620e-02;-7.197049e-03;1.873422e-02;-6.436697e-04;4.250524e-03;-8.633192e-05;1.442109e-03;-1.330310e-04;5.364458e-03;-6.394761e-04;1.852227e-02;5.459639e-04;1.620269e-02;7.656532e-04;2.075352e-02;-1.624523e-04;3.116061e-02;-1.798022e-03;5.305022e-02;1.755974e-03;4.745535e-02;-5.067102e-05;4.335580e-02;-2.581983e-03;4.045923e-02;-2.149747e-03;2.867529e-02;-6.622358e-04;2.853607e-02;-2.889031e-03;6.063824e-02;-4.513857e-03;6.593681e-02;7.873017e-04;4.056013e-02;-4.035958e-03;5.608517e-02;-4.028034e-03;5.366739e-02;3.641571e-04;6.722356e-02;-2.200031e-03;9.114449e-02;-4.743074e-03;6.666324e-02;-4.951870e-04;7.095762e-02;-7.264801e-04;5.298576e-02;1.964294e-04;2.941215e-02;3.531230e-03;3.281633e-02;1.356684e-03;2.686467e-02;2.980782e-03;2.812906e-02;2.474196e-03;1.730642e-02;1.824707e-04;1.272353e-01;1.168814e-05;6.184043e-02;-1.139738e-02;9.766731e+00;-9.331055e-01;2.660655e+01;-3.244336e+00;7.833049e+01;-8.756836e+00;6.553342e+01;-7.536621e+00;7.257813e-02;2.347117e-03;2.796145e+01;-4.072364e+00;8.443142e-02;-7.040573e-03;1.762395e+04;-2.505632e+03;2.391677e-01;2.672484e-02;4.910098e+00;4.556868e-01;4.453979e-02;3.842835e-04;2.242375e-02;-3.117599e-03;8.779108e-02;-3.651979e-03;4.818945e-01;3.849303e-02;8.902584e-01;1.755549e-01;1.350054e+00;-1.132400e-01;1.216339e+00;4.449343e-02;1.121681e+00;4.653560e-05;1.339635e+00;-3.308024e-02;1.959278e+00;2.026761e-01;1.713273e+00;7.863874e-02;2.164228e+00;6.569221e-02;1.832265e+00;-8.420877e-02;1.490215e+00;-8.365829e-02;2.053325e+00;-1.309876e-03;1.892696e+00;-2.067336e-02;1.594629e+00;-1.636919e-01
205.000000;6.677839e-01;9.737943e+01;1.881957e-02;7.683547e-01;4.845710e-02;5.278450e-02;3.553179e-02;3.668493e-02;1.302976e-01;2.178306e-01;1.934910e+00;6.963009e+00;1.588422e-01;1.922488e+00;6.230417e-02;9.468179e-01;1.288980e-02;1.068572e-01;3.840392e-03;2.188587e-02;1.070365e-02;1.294672e-01;4.398564e-02;2.777107e-01;4.462025e-02;4.374898e-01;4.912229e-02;5.772028e-01;9.589355e-02;6.534408e-01;1.266973e-01;7.823206e-01;9.912756e-02;8.524902e-01;1.293569e-01;9.053727e-01;1.201675e-01;9.807375e-01;1.700675e-01;9.944411e-01;1.102434e-01;1.011155e+00;1.447487e-01;1.058719e+00;1.452228e-01;1.198743e+00;1.743059e-01;1.199974e+00;1.507866e-01;1.255785e+00;1.604003e-01;1.292505e+00;2.096812e-01;1.255072e+00;3.764210e-01;1.308949e+00;2.141995e-01;1.422175e+00;2.274611e-01;1.305497e+00;1.237437e-01;1.263449e+00;1.241526e-01;1.245268e+00;1.078503e-01;1.036186e+00;9.523864e-02;8.676614e-01;6.564396e-02;7.180623e-01;5.969981e-02;5.873892e-01;3.614481e-01;1.685099e+00;1.245052e-01;2.779889e-01;1.668943e+01;1.754238e+02;2.719632e+01;2.436123e+02;7.409425e+01;3.761133e+02;2.054586e+02;7.605527e+02;2.567542e-01;9.360142e-01;4.624035e+01;3.620788e+02;2.218521e-01;3.626924e+00;4.313458e+04;1.421876e+05;8.822058e-01;3.918965e+00;2.852157e+01;5.065913e+01;1.330463e-01;-5.496366e-01;3.858487e-02;3.585851e-01;2.309222e-01;9.474506e-01;1.602905e+00;4.496201e+01;3.493559e+00;-1.400232e+01;3.872260e+00;1.251645e+01;3.505426e+00;1.055783e+01;4.623274e+00;-8.864159e-02;5.496313e+00;1.669560e-01;5.656022e+00;-8.197698e+00;5.805692e+00;-3.710494e+00;4.300402e+00;3.642420e+00;7.425972e+00;-9.139173e+00;4.905519e+00;-9.193821e+00;5.131612e+00;-5.040111e+00;5.735301e+00;-6.249254e+00;6.155220e+00;-1.986662e+00;4.055747e-06;-7.588789e-08;6.310570e-08;3.425591e-09;2.288475e-07;-1.208704e-08;1.808894e-07;-9.614945e-09;7.029865e-07;1.559619e-08;9.161544e-06;4.612561e-07;3.035016e-02;-5.214727e-03;1.483525e-02;-1.469586e-04;5.094229e-03;-1.014009e-05;1.194207e-03;-1.346687e-04;2.001675e-03;-9.465122e-05;1.989979e-02;-1.016332e-04;1.629844e-02;2.133489e-04;1.503388e-02;7.614883e-04;2.589015e-02;6.263971e-04;3.819159e-02;-2.754468e-03;3.384519e-02;-1.324186e-03;4.407161e-02;2.024907e-03;3.709273e-02;1.348377e-03;2.516424e-02;-4.982891e-03;3.774979e-02;1.556199e-03;5.200505e-02;2.095077e-03;4.602937e-02;1.167305e-03;5.137615e-02;-1.014434e-03;4.735880e-02;3.634556e-04;4.650147e-02;-5.353369e-04;4.894143e-02;-2.013015e-03;7.610985e-02;-4.717537e-03;7.249189e-02;2.267306e-03;5.166747e-02;9.793413e-04;3.323696e-02;9.027840e-04;4.418344e-02;6.332851e-04;3.660617e-02;-7.805974e-04;2.637840e-02;3.999044e-04;1.840220e-02;-7.896443e-04;1.580399e-02;-5.172276e-05;9.789654e-02;2.746801e-03;1.985094e-02;-3.805145e-03;5.220557e+00;1.004883e-01;1.081159e+01;-2.440430e-01;2.801285e+01;-1.536035e+00;6.866705e+01;-4.622461e+00;6.521001e-02;-3.019965e-03;1.720358e+01;-1.150369e+00;9.194011e-02;-4.322371e-03;1.277597e+04;-1.369760e+03;2.955793e-01;1.176831e-02;8.550529e+00;3.107742e-01;5.076519e-02;9.048625e-04;1.494509e-02;-8.495384e-04;8.390208e-02;-1.989113e-03;4.268412e-01;5.443274e-02;8.806038e-01;1.167075e-01;1.163982e+00;-7.702266e-02;1.181022e+00;-5.273020e-03;1.234116e+00;3.609380e-02;1.247469e+00;-1.258104e-01;1.756259e+00;6.042580e-02;1.355621e+00;8.436589e-02;1.620369e+00;-1.266733e-01;2.169890e+00;-1.904064e-01;1.594810e+00;-3.116114e-02;1.838461e+00;-6.013934e-02;1.736531e+00;9.188666e-02;1.447990e+00;2.034329e-01
205.500000;2.887644e+00;9.662228e+01;1.734932e-02;7.784296e-01;3.077409e-02;3.567376e-02;2.996656e-02;3.414809e-02;9.395148e-02;1.880440e-01;1.880551e+00;8.564436e+00;1.549091e-01;1.759294e+00;7.256836e-02;9.822375e-01;2.786268e-02;1.131364e-01;4.116587e-03;1.792265e-02;3.543002e-02;1.447943e-01;5.085940e-02;2.778016e-01;4.692423e-02;4.014370e-01;6.187230e-02;5.315984e-01;8.258021e-02;6.686789e-01;9.967487e-02;7.527854e-01;1.216859e-01;8.064823e-01;9.650446e-02;8.647068e-01;1.176124e-01;9.580005e-01;2.051015e-01;1.014048e+00;1.320072e-01;1.133778e+00;1.284942e-01;1.109288e+00;1.706710e-01;1.219734e+00;2.432370e-01;1.244234e+00;1.220080e-01;1.290087e+00;1.826149e-01;1.346411e+00;3.370884e-01;1.408717e+00;5.467682e-01;1.493516e+00;1.990756e-01;1.495920e+00;1.824943e-01;1.434776e+00;1.392096e-01;1.351044e+00;1.572141e-01;1.282160e+00;1.266500e-01;1.073007e+00;9.013461e-02;9.037457e-01;8.578979e-02;7.303400e-01;5.389396e-02;6.010850e-01;5.991079e-01;1.317624e+00;5.187044e-02;1.973870e-01;4.118269e+01;1.434111e+02;6.364251e+01;1.986797e+02;1.035785e+02;2.957227e+02;2.348146e+02;5.607246e+02;3.216865e-01;8.205212e-01;8.083820e+01;2.937898e+02;4.980932e-01;3.266886e+00;3.888518e+04;1.106691e+05;1.925184e+00;5.206676e+00;1.041997e+02;9.987010e+01;3.788607e-01;-6.552454e-01;7.881042e-02;2.935311e-01;3.481043e-01;7.296470e-01;1.815059e+00;4.408661e+01;3.957254e+00;-1.092209e+01;4.398918e+00;1.440800e+01;5.082274e+00;1.232071e+01;7.499286e+00;4.746278e+00;7.203957e+00;2.507231e+00;4.857354e+00;-6.472675e+00;8.962378e+00;-3.625983e+00;6.070851e+00;5.626714e+00;8.602880e+00;-6.770852e+00;6.001836e+00;-4.912437e+00;6.259368e+00;-3.541028e-01;5.229795e+00;-5.919186e+00;6.362144e+00;9.502659e-01;1.195029e-05;-8.171135e-07;1.016975e-07;-4.960452e-09;2.155838e-07;1.757052e-08;1.613213e-07;1.159406e-08;6.185981e-07;-3.857102e-08;1.215319e-05;-6.106762e-09;3.299921e-02;-2.876354e-03;2.135367e-02;-3.654232e-04;9.524133e-03;-5.913369e-05;1.131727e-03;-1.067019e-04;1.012510e-02;9.221993e-06;2.063645e-02;-4.373134e-04;1.546848e-02;-3.127350e-04;1.316043e-02;5.220163e-04;2.337546e-02;2.881715e-03;2.357066e-02;4.750354e-04;2.769071e-02;1.456932e-03;3.319223e-02;4.084497e-04;2.592768e-02;-2.424222e-03;3.653454e-02;-1.313096e-03;4.116898e-02;4.401531e-04;5.103420e-02;2.083286e-03;5.866664e-02;-2.327675e-03;7.750750e-02;-1.308665e-03;3.884017e-02;1.244967e-03;4.698600e-02;-1.004466e-03;8.156749e-02;-1.036172e-03;1.228527e-01;-7.631386e-04;7.296512e-02;-6.921124e-04;6.040720e-02;1.602490e-04;4.599237e-02;-1.133796e-03;6.981910e-02;-1.947170e-03;4.215789e-02;-3.668372e-04;3.427090e-02;-2.928824e-03;2.946689e-02;-1.214696e-03;2.108041e-02;2.787947e-05;1.290544e-01;-7.725516e-03;1.565020e-02;-9.636937e-04;7.739435e+00;-4.163086e-01;1.285515e+01;-7.034180e-01;2.947411e+01;-6.459961e-01;7.892606e+01;-3.875977e-01;1.142026e-01;-2.072797e-03;2.145329e+01;-7.199211e-01;1.398933e-01;-1.342220e-03;1.315109e+04;-3.021489e+02;6.916378e-01;4.934756e-03;3.945905e+01;9.767798e-02;1.323680e-01;6.050279e-04;1.998378e-02;-6.916650e-04;8.143367e-02;-5.873505e-03;5.879742e-01;3.179591e-03;1.114459e+00;5.399859e-02;1.429308e+00;1.809640e-02;1.513432e+00;-3.627703e-02;1.351453e+00;4.035326e-02;1.548021e+00;-3.437735e-02;1.430171e+00;-4.849870e-02;1.955188e+00;1.621941e-02;1.682009e+00;8.599150e-02;1.914155e+00;2.179690e-01;1.765385e+00;9.554339e-02;2.046120e+00;1.023524e-02;1.466648e+00;-1.859077e-02;1.519656e+00;1.808812e-01
206.000000;3.032681e+00;9.474831e+01;2.406483e-02;7.831346e-01;5.074819e-02;3.840745e-02;4.218126e-02;3.959832e-02;1.122417e-01;1.704019e-01;3.410180e+00;9.563267e+00;1.298060e-01;1.667336e+00;7.708596e-02;1.003826e+00;4.372626e-02;1.159092e-01;6.299675e-03;1.817586e-02;5.333122e-02;1.481984e-01;7.233886e-02;2.885968e-01;7.210349e-02;4.126850e-01;8.178754e-02;5.323220e-01;8.988647e-02;6.549525e-01;1.031489e-01;7.175440e-01;1.342938e-01;8.327776e-01;1.242938e-01;9.251884e-01;1.291555e-01;9.239289e-01;1.627934e-01;1.145416e+00;1.246565e-01;1.181275e+00;1.717146e-01;1.164320e+00;1.635735e-01;1.142162e+00;2.974350e-01;1.296841e+00;1.853043e-01;1.326536e+00;1.562557e-01;1.399007e+00;3.445479e-01;1.495582e+00;5.539149e-01;1.534360e+00;1.735490e-01;1.473426e+00;1.504589e-01;1.450528e+00;1.517710e-01;1.393227e+00;1.741077e-01;1.268917e+00;1.249470e-01;1.110178e+00;1.060649e-01;9.224985e-01;1.121100e-01;7.564294e-01;6.442443e-02;6.025916e-01;4.820924e-01;8.036942e-01;6.139166e-02;2.176546e-01;2.992659e+01;1.190068e+02;5.608268e+01;1.688203e+02;1.146192e+02;2.799316e+02;3.702047e+02;6.231709e+02;3.835724e-01;7.452611e-01;9.418230e+01;2.795634e+02;6.025947e-01;3.193953e+00;6.339290e+04;1.220567e+05;2.483667e+00;5.289647e+00;1.265001e+02;1.143519e+02;5.745172e-01;-7.356822e-01;8.731227e-02;2.742743e-01;3.885610e-01;5.450153e-01;1.965833e+00;4.280751e+01;3.975069e+00;-1.021130e+01;3.936239e+00;1.443162e+01;5.731064e+00;1.401192e+01;5.907349e+00;1.093509e+01;6.697823e+00;6.376146e+00;6.735903e+00;-5.403278e+00;8.648070e+00;-5.538997e+00;5.823136e+00;8.292343e+00;5.819154e+00;-3.261405e-01;4.830419e+00;-1.427473e+00;8.361618e+00;-2.311585e+00;5.371714e+00;-8.400590e+00;5.054378e+00;3.017416e+00;1.294637e-05;-7.380837e-07;1.176368e-07;4.249827e-09;2.582185e-07;6.593748e-11;1.793044e-07;-3.250027e-09;6.580743e-07;-3.769006e-08;1.458223e-05;1.468366e-06;3.085966e-02;4.089949e-04;2.243892e-02;6.122137e-04;1.062108e-02;5.945250e-04;1.254567e-03;5.114638e-05;1.227711e-02;4.948596e-04;2.003741e-02;3.973320e-04;1.924040e-02;6.832154e-04;1.595822e-02;-3.535083e-04;1.892650e-02;-9.316436e-04;2.495925e-02;1.072510e-03;2.816660e-02;1.349590e-04;2.797305e-02;-8.456160e-04;3.059919e-02;1.851548e-03;3.923925e-02;2.962154e-03;3.257210e-02;2.184238e-03;5.326825e-02;-5.286693e-04;5.626156e-02;-1.289369e-03;8.128577e-02;3.833050e-03;5.705560e-02;9.761923e-04;4.361308e-02;1.821398e-03;9.156092e-02;1.111026e-03;1.329943e-01;2.827809e-03;5.608728e-02;-1.738822e-04;4.871577e-02;2.566808e-04;5.074836e-02;-4.789409e-04;6.829580e-02;-9.396372e-05;4.743161e-02;3.673515e-04;3.803408e-02;1.871124e-04;3.249854e-02;4.687237e-04;2.264272e-02;-1.016995e-03;1.205801e-01;-9.763288e-03;1.414626e-02;1.837276e-03;7.686425e+00;-6.747071e-01;1.300161e+01;-1.220215e+00;2.732966e+01;-1.277637e+00;8.318016e+01;-3.402246e+00;1.292998e-01;-3.174789e-03;2.166791e+01;-1.190717e+00;1.393909e-01;-8.479102e-03;1.416125e+04;-1.829984e+02;7.484813e-01;5.405642e-03;4.370524e+01;-1.213729e-01;1.508851e-01;-6.080496e-03;2.025147e-02;-1.273339e-03;1.026518e-01;-3.871682e-03;6.293934e-01;-2.211834e-02;1.089320e+00;-2.264058e-02;1.245958e+00;5.862199e-02;1.612805e+00;7.766122e-02;1.463708e+00;1.690589e-01;1.496682e+00;1.598953e-01;1.763576e+00;7.359232e-02;2.099571e+00;-7.650577e-02;1.619592e+00;6.328700e-02;1.424059e+00;1.899584e-01;1.777009e+00;1.240109e-01;2.023428e+00;3.244108e-02;1.283287e+00;-1.576513e-01;1.470931e+00;-2.745410e-02
206.500000;1.626775e+01;8.903420e+01;3.439059e-02;7.671154e-01;6.215108e-02;4.668320e-02;6.619110e-02;5.864774e-02;1.174857e-01;1.548240e-01;1.219889e+01;6.479067e+00;3.343883e-01;1.932840e+00;1.310824e-01;1.063031e+00;4.505309e-02;1.239084e-01;6.608499e-03;2.175611e-02;5.333212e-02;1.392034e-01;7.162314e-02;2.846856e-01;7.473219e-02;4.464180e-01;1.097020e-01;5.856645e-01;1.191461e-01;6.755848e-01;1.343853e-01;7.895615e-01;6.568809e-02;8.955458e-01;8.098661e-02;9.848136e-01;1.954221e-01;1.023198e+00;1.444361e-01;1.097340e+00;1.382290e-01;1.198216e+00;1.866295e-01;1.269706e+00;2.168283e-01;1.213635e+00;4.102635e-01;1.404213e+00;3.235227e-01;1.443601e+00;2.698032e-01;1.498144e+00;4.916423e-01;1.651737e+00;5.916592e-01;1.691735e+00;3.274164e-01;1.605065e+00;5.487946e-01;1.732411e+00;1.756008e-01;1.389950e+00;1.568516e-01;1.256077e+00;1.067751e-01;1.100811e+00;9.924371e-02;9.159388e-01;9.643172e-02;7.503558e-01;6.287932e-02;5.952084e-01;6.784736e-01;1.087927e+00;2.450877e-01;4.313643e-01;4.322308e+01;1.309219e+02;6.402265e+01;1.864775e+02;1.313603e+02;3.264434e+02;3.771227e+02;8.257266e+02;4.114439e-01;8.493522e-01;1.033413e+02;3.291552e+02;5.349841e-01;3.399296e+00;78214;1.729446e+05;1.909857e+00;4.099323e+00;8.673983e+01;6.400005e+01;5.791871e-01;-8.268918e-01;9.367590e-02;3.142534e-01;5.094950e-01;7.661663e-01;1.711917e+00;4.190097e+01;5.505367e+00;-1.458424e+01;6.257416e+00;1.743637e+01;5.702808e+00;1.072502e+01;6.867638e+00;1.087554e+01;6.573504e+00;8.227407e+00;8.093977e+00;-7.996526e+00;6.822156e+00;-4.447858e+00;7.549863e+00;6.997788e+00;6.599092e+00;-2.735540e+00;4.344298e+00;-1.352965e+00;7.495025e+00;-1.063411e+01;5.707562e+00;-8.605855e+00;6.046701e+00;5.297147e+00;3.583329e-05;3.133004e-06;1.127042e-07;-3.554872e-09;2.556680e-07;-1.279621e-08;2.128344e-07;3.326315e-10;5.775252e-07;-7.907421e-09;7.243110e-05;-5.600712e-08;4.902307e-02;5.945601e-03;2.813731e-02;4.209504e-04;8.651855e-03;4.193833e-04;1.357776e-03;1.107332e-04;9.925674e-03;3.005130e-04;2.071466e-02;2.021725e-04;2.221560e-02;1.005234e-05;2.102003e-02;2.612586e-05;2.624387e-02;-3.318806e-04;4.469300e-02;-1.564769e-03;2.263549e-02;-3.141943e-03;2.404883e-02;-1.722517e-03;3.520573e-02;8.540662e-04;2.946039e-02;6.110163e-04;4.224201e-02;2.956304e-03;5.601415e-02;2.130440e-03;4.464677e-02;9.891710e-04;9.162447e-02;1.153486e-03;8.521099e-02;-1.535716e-03;5.536614e-02;-5.690379e-06;1.042323e-01;3.988431e-03;1.501248e-01;3.930960e-03;8.523324e-02;1.502416e-03;1.113841e-01;1.439141e-03;5.265757e-02;-4.474888e-04;5.334874e-02;-9.007215e-04;4.271298e-02;-2.800273e-04;3.554989e-02;1.114447e-03;2.466093e-02;-1.443418e-04;1.926726e-02;-1.889228e-04;1.106830e-01;3.452798e-03;5.131888e-02;7.723237e-03;8.179784e+00;-3.588867e-01;1.317950e+01;-2.153320e-01;4.050067e+01;1.105371e+00;9.664859e+01;4.837793e+00;1.158001e-01;2.120853e-03;2.326989e+01;7.820001e-01;1.021207e-01;-2.921422e-04;1.863153e+04;1.280517e+03;4.579440e-01;-1.960359e-02;2.104228e+01;-4.697314e-01;1.222689e-01;-4.472051e-03;2.032909e-02;4.643194e-04;1.454116e-01;5.926524e-03;5.887891e-01;-1.739944e-02;1.069178e+00;-1.219222e-01;1.282358e+00;1.363614e-01;1.283021e+00;3.353021e-02;1.529352e+00;7.547610e-02;1.458944e+00;1.703729e-01;2.032794e+00;-1.595418e-01;1.861031e+00;-7.649530e-02;1.858131e+00;5.720295e-02;1.488142e+00;-6.561796e-02;1.551114e+00;-9.340931e-04;1.820124e+00;-6.060151e-02;1.516465e+00;7.501828e-02;1.651340e+00;6.249238e-02
207.000000;2.015360e+01;8.388609e+01;2.130881e-02;7.393827e-01;9.735298e-02;8.128699e-02;9.468068e-02;1.001799e-01;1.090523e-01;1.757392e-01;1.140967e+01;4.542542e+00;2.228692e-01;2.139947e+00;1.422469e-01;1.051083e+00;3.131791e-02;1.341474e-01;5.766866e-03;2.210381e-02;6.493417e-02;1.384555e-01;5.069860e-02;2.793975e-01;5.447349e-02;4.415436e-01;9.862057e-02;5.850084e-01;9.079129e-02;6.862138e-01;1.383455e-01;8.285621e-01;8.537383e-02;8.834310e-01;8.204380e-02;9.563287e-01;2.026063e-01;1.073039e+00;1.704081e-01;1.067912e+00;2.003540e-01;1.091989e+00;1.782611e-01;1.227738e+00;2.049618e-01;1.289181e+00;3.681796e-01;1.375901e+00;3.333570e-01;1.417732e+00;3.074014e-01;1.461272e+00;5.328236e-01;1.617151e+00;5.509464e-01;1.652413e+00;3.392284e-01;1.588734e+00;6.192363e-01;1.682686e+00;2.878383e-01;1.456510e+00;1.613031e-01;1.235883e+00;9.829603e-02;1.075966e+00;7.805691e-02;8.866351e-01;5.488352e-02;7.331165e-01;4.649961e-02;5.953498e-01;5.912174e-01;1.688457e+00;2.148897e-01;5.175107e-01;5.870298e+01;1.520244e+02;6.644132e+01;1.985361e+02;1.466533e+02;3.362051e+02;3.372497e+02;8.053418e+02;3.333788e-01;1.096673e+00;1.010558e+02;3.439257e+02;4.083285e-01;3.312251e+00;7.272725e+04;1.778373e+05;1.233191e+00;4.000799e+00;4.059795e+01;4.827868e+01;4.406777e-01;-9.066818e-01;9.074862e-02;3.285736e-01;6.227710e-01;1.236510e+00;1.499425e+00;4.185646e+01;4.502105e+00;-1.712202e+01;5.437213e+00;2.045439e+01;3.632082e+00;7.711556e+00;7.324808e+00;8.171177e+00;6.282349e+00;8.864806e+00;6.853829e+00;-1.102765e+01;8.307959e+00;-4.569832e+00;9.947217e+00;2.787861e+00;7.331478e+00;-7.295182e+00;5.472736e+00;-4.681567e+00;5.854192e+00;-1.376610e+01;5.189630e+00;-6.456386e+00;6.490303e+00;4.753385e+00;5.884496e-05;6.478524e-06;1.023141e-07;-1.124303e-08;4.899297e-07;-1.359007e-08;4.799259e-07;2.144926e-09;5.207519e-07;1.711728e-08;7.179569e-05;-1.506112e-06;5.532933e-02;4.842473e-03;2.849691e-02;7.686843e-04;8.098405e-03;5.502023e-05;1.293607e-03;1.751070e-05;1.314825e-02;2.457141e-04;1.855200e-02;8.238592e-05;1.710126e-02;-7.796385e-04;1.989611e-02;5.008799e-04;2.361384e-02;1.075375e-03;5.322752e-02;4.108600e-04;2.116798e-02;3.829867e-04;1.595326e-02;-7.175266e-05;3.365793e-02;-3.049450e-03;3.121000e-02;2.217349e-03;5.168378e-02;-3.259713e-03;5.032451e-02;1.684807e-03;4.648855e-02;3.306921e-03;8.367220e-02;5.793891e-04;8.198012e-02;1.183921e-03;6.514613e-02;1.522195e-03;1.087584e-01;5.495506e-03;1.363880e-01;4.321793e-03;8.480812e-02;-5.463483e-04;1.202502e-01;2.231072e-03;6.869601e-02;2.161014e-03;6.366161e-02;-1.300028e-03;3.583386e-02;1.281735e-03;2.915117e-02;-1.207102e-04;1.801385e-02;-3.878299e-04;1.383462e-02;8.173534e-04;1.336792e-01;9.950395e-03;6.350353e-02;1.120330e-03;1.032197e+01;0;1.361135e+01;4.019531e-01;5.018246e+01;2.296875e-01;9.964631e+01;1.751367e+00;1.267211e-01;5.450801e-03;2.494192e+01;3.787888e-01;1.021935e-01;1.102430e-03;1.948695e+04;2.921933e+02;3.621212e-01;8.329190e-04;1.108715e+01;2.663516e-03;1.169097e-01;-2.767971e-03;2.138084e-02;3.650099e-04;1.729327e-01;2.008382e-02;5.431913e-01;-1.211697e-02;1.158478e+00;-5.562291e-02;1.452958e+00;1.003327e-01;1.107032e+00;-8.722992e-02;1.588137e+00;-1.339826e-01;1.632853e+00;3.041137e-02;1.672163e+00;-2.075461e-02;1.880694e+00;6.637800e-02;2.300565e+00;1.759458e-02;1.724927e+00;-3.646876e-02;1.851750e+00;-4.087508e-02;1.778938e+00;4.970502e-02;1.688264e+00;1.118023e-01;1.897530e+00;-1.596287e-01
207.500000;1.766955e+01;8.199771e+01;2.416028e-02;7.384727e-01;1.213153e-01;1.165060e-01;1.260366e-01;1.349861e-01;1.316468e-01;2.042031e-01;2.059838e+00;5.905250e+00;1.704604e-01;2.000960e+00;7.915647e-02;9.710535e-01;3.300310e-02;1.251116e-01;5.840597e-03;2.066767e-02;6.996948e-02;1.402985e-01;5.047761e-02;2.727695e-01;3.476527e-02;4.202854e-01;4.804217e-02;5.597165e-01;6.867459e-02;6.822973e-01;1.212254e-01;7.810690e-01;1.249692e-01;8.725271e-01;1.382443e-01;9.582266e-01;1.473335e-01;1.011353e+00;2.446126e-01;1.100392e+00;1.497904e-01;1.018275e+00;1.314055e-01;1.120268e+00;1.632641e-01;1.192496e+00;1.801930e-01;1.228187e+00;1.870836e-01;1.287647e+00;1.618411e-01;1.318218e+00;3.066235e-01;1.360950e+00;3.019877e-01;1.387387e+00;1.955082e-01;1.332583e+00;2.967950e-01;1.283183e+00;2.907871e-01;1.380811e+00;1.566925e-01;1.233812e+00;9.316291e-02;1.064613e+00;8.459585e-02;8.891323e-01;6.958643e-02;7.369417e-01;5.398718e-02;6.139519e-01;3.933933e-01;1.715709e+00;1.425186e-01;3.535483e-01;5.474386e+01;1.613555e+02;6.713373e+01;2.151885e+02;1.278282e+02;3.430957e+02;2.781221e+02;7.394502e+02;3.325861e-01;1.108425e+00;9.246236e+01;3.402133e+02;4.043274e-01;3.335675e+00;5.830519e+04;1.467274e+05;1.194281e+00;4.272677e+00;4.924746e+01;6.321968e+01;4.634041e-01;-8.086235e-01;8.417469e-02;3.327171e-01;5.962275e-01;1.222712e+00;2.128929e+00;4.310881e+01;4.778686e+00;-1.451620e+01;6.208822e+00;1.561158e+01;3.722922e+00;7.546845e+00;6.100663e+00;4.775261e+00;6.564218e+00;7.969825e+00;8.771605e+00;-7.705083e+00;7.612432e+00;-5.605231e+00;7.211836e+00;1.372802e+00;6.793406e+00;-5.645807e+00;6.712466e+00;-1.014444e+01;6.535058e+00;-8.700109e+00;4.404164e+00;-7.317776e+00;5.692719e+00;1.773216e+00;7.720548e-05;-6.577731e-07;7.892381e-08;1.098513e-08;6.047270e-07;-4.451499e-08;6.962949e-07;3.908261e-09;8.517997e-07;2.725548e-08;1.136955e-05;4.941754e-07;3.853090e-02;-2.338950e-03;1.766970e-02;-7.911451e-05;7.928910e-03;3.244766e-04;1.189994e-03;-1.560847e-04;1.561236e-02;4.651385e-04;1.511612e-02;1.407719e-04;1.014158e-02;-1.171757e-04;1.244847e-02;-1.322504e-03;1.800931e-02;-4.614275e-04;4.120912e-02;7.714914e-04;2.403987e-02;1.448120e-03;2.576523e-02;1.784918e-03;2.562130e-02;3.748882e-03;4.204236e-02;3.565253e-03;4.649367e-02;-2.917980e-03;4.790335e-02;-2.073773e-03;4.522904e-02;-1.184621e-03;4.517730e-02;7.480360e-04;5.164497e-02;2.315251e-03;4.647913e-02;-4.102491e-05;7.118120e-02;-3.197238e-03;6.582281e-02;-3.158250e-03;4.478746e-02;-1.754339e-03;5.930593e-02;-2.306588e-03;5.933864e-02;2.200501e-04;6.425521e-02;7.774385e-04;3.187022e-02;-7.352713e-05;2.845929e-02;2.376464e-04;2.094993e-02;4.650656e-04;1.755045e-02;-1.366027e-04;1.013963e-01;-1.004048e-03;3.992558e-02;-5.654878e-03;1.337310e+01;-1.291992e-01;1.620006e+01;-7.321289e-01;4.106149e+01;-2.684473e+00;7.831693e+01;-8.670703e+00;1.307730e-01;-9.028387e-04;2.365677e+01;-1.930316e+00;1.059384e-01;-6.668327e-03;1.460852e+04;-1.698784e+03;3.410730e-01;2.537089e-02;1.350516e+01;7.657616e-01;1.174394e-01;-5.098410e-03;2.129425e-02;-1.614484e-03;1.650278e-01;-2.589969e-03;4.604532e-01;6.047351e-02;9.929571e-01;1.073825e-01;1.197915e+00;-1.687793e-01;1.263204e+00;2.452477e-02;1.513371e+00;-9.152809e-03;1.799902e+00;1.133923e-02;1.498575e+00;3.438396e-01;1.816281e+00;7.853410e-02;1.803568e+00;-1.361130e-01;1.696124e+00;2.458251e-02;1.960167e+00;-1.044764e-02;1.428313e+00;1.444785e-01;1.575871e+00;-2.758491e-02;1.586605e+00;-1.412342e-01
208.000000;2.057252e+01;7.908869e+01;3.004473e-02;7.385463e-01;1.758437e-01;1.457038e-01;1.587356e-01;1.494082e-01;1.694981e-01;2.249445e-01;6.597932e+00;4.363198e+00;1.368045e-01;1.882551e+00;6.478684e-02;9.651724e-01;3.614198e-02;1.213436e-01;5.863612e-03;1.971529e-02;5.707688e-02;1.408098e-01;4.739047e-02;2.688139e-01;2.687162e-02;4.108300e-01;7.068874e-02;5.616062e-01;1.324688e-01;7.024346e-01;9.764144e-02;7.772636e-01;1.443987e-01;8.816801e-01;1.712735e-01;9.652525e-01;1.608856e-01;9.796042e-01;2.512533e-01;1.033844e+00;1.130937e-01;1.036146e+00;1.180843e-01;1.090360e+00;1.772476e-01;1.168829e+00;2.532269e-01;1.271180e+00;1.904024e-01;1.321532e+00;1.939465e-01;1.348994e+00;2.001876e-01;1.322411e+00;4.502504e-01;1.424624e+00;2.308464e-01;1.358784e+00;1.653080e-01;1.275307e+00;1.089027e-01;1.269378e+00;1.546424e-01;1.225416e+00;8.538014e-02;1.049401e+00;8.383093e-02;8.864216e-01;7.240660e-02;7.296528e-01;6.831328e-02;5.939058e-01;3.998798e-01;1.500013e+00;9.278572e-02;2.339515e-01;4.959934e+01;1.481484e+02;7.317896e+01;2.111689e+02;1.092337e+02;3.273047e+02;2.322913e+02;7.001162e+02;3.290311e-01;1.138137e+00;9.115765e+01;3.237393e+02;4.357057e-01;3.383425e+00;5.335662e+04;1.269709e+05;1.326073e+00;4.418852e+00;8.022019e+01;8.125687e+01;5.025014e-01;-7.731278e-01;8.693056e-02;3.208643e-01;4.304712e-01;1.017598e+00;2.582755e+00;4.473045e+01;4.791549e+00;-1.213093e+01;5.208363e+00;1.203623e+01;4.590778e+00;7.711363e+00;7.814970e+00;1.280575e+00;5.761815e+00;6.947053e+00;9.687548e+00;1.603688e+00;5.706133e+00;-3.439538e+00;4.874632e+00;6.434563e-01;7.903229e+00;-5.631505e+00;6.615414e+00;-9.216580e+00;5.100880e+00;-2.142416e+00;4.082364e+00;-7.952583e+00;5.527596e+00;2.394973e+00;9.300082e-05;-7.633617e-06;9.110715e-08;7.440812e-09;5.848863e-07;-8.409389e-08;7.516442e-07;6.417837e-08;9.912770e-07;-3.228349e-08;3.998613e-05;2.060552e-07;3.511963e-02;-6.022364e-03;1.648591e-02;-1.532530e-03;8.090253e-03;-6.152999e-05;1.066055e-03;-1.090955e-04;1.379049e-02;-7.702857e-05;1.304309e-02;-2.325093e-04;7.416875e-03;1.737035e-04;1.554038e-02;-5.178507e-04;3.202232e-02;-7.305634e-04;3.508475e-02;-2.498544e-03;3.375342e-02;-2.401823e-03;3.811771e-02;-2.157886e-03;2.835811e-02;4.998024e-04;4.447835e-02;-2.136714e-03;3.618667e-02;-1.797614e-04;4.927235e-02;-4.035257e-03;4.806820e-02;-3.302304e-03;5.588273e-02;-1.565801e-03;4.742014e-02;-2.038727e-03;4.411451e-02;-4.130816e-03;4.015126e-02;-6.438972e-03;1.013527e-01;-5.691867e-03;5.809258e-02;1.403019e-04;3.270665e-02;-2.662371e-03;3.268328e-02;-1.895530e-03;5.583037e-02;2.133699e-03;2.968225e-02;-8.720115e-04;2.852184e-02;4.728605e-05;2.348864e-02;7.511604e-04;2.032944e-02;-2.539428e-05;8.493084e-02;-1.234394e-03;1.676781e-02;-3.189807e-03;1.467250e+01;-1.722656e-01;1.803950e+01;-3.158203e-01;3.166433e+01;-4.163086e-01;6.525651e+01;-1.248926e+00;1.180873e-01;5.154339e-03;2.254758e+01;-6.786245e-01;1.075779e-01;-1.686413e-03;1.147765e+04;-5.759996e+02;4.262485e-01;5.782038e-02;2.520783e+01;4.781509e+00;1.224778e-01;5.471928e-04;2.162091e-02;-6.210264e-04;1.553458e-01;-1.831612e-02;5.347438e-01;9.865482e-03;9.668533e-01;1.180737e-01;1.232135e+00;-8.650115e-02;1.444997e+00;4.322246e-02;1.565210e+00;-1.629567e-02;1.623578e+00;-7.489868e-02;1.852224e+00;1.232192e-01;1.797302e+00;-3.362670e-02;1.576337e+00;-1.250587e-01;1.677644e+00;-4.794886e-02;1.545542e+00;8.695018e-02;1.654471e+00;1.117454e-01;1.498457e+00;-4.078369e-02;1.326499e+00;1.400965e-01
208.500000;1.665481e+01;7.567957e+01;3.751813e-02;7.678199e-01;1.661095e-01;9.935424e-02;1.387183e-01;8.759956e-02;1.388579e-01;2.068266e-01;7.212831e+00;6.745765e+00;1.605741e-01;1.717173e+00;6.291645e-02;9.807764e-01;3.599621e-02;1.443019e-01;6.881929e-03;1.381582e-02;4.069464e-02;1.443353e-01;3.442957e-02;2.759559e-01;2.575280e-02;4.080794e-01;7.136070e-02;5.630904e-01;1.436095e-01;7.041664e-01;1.307779e-01;7.704262e-01;1.454528e-01;8.228981e-01;1.913626e-01;8.866184e-01;1.831312e-01;9.333245e-01;1.809808e-01;9.755862e-01;1.059249e-01;1.000643e+00;1.358919e-01;1.065833e+00;1.553785e-01;1.149325e+00;2.546649e-01;1.262721e+00;2.076975e-01;1.305322e+00;1.982648e-01;1.388047e+00;2.734161e-01;1.418815e+00;5.326867e-01;1.522359e+00;2.479901e-01;1.532755e+00;1.844417e-01;1.439909e+00;1.052697e-01;1.349671e+00;1.452893e-01;1.237788e+00;1.173676e-01;1.088317e+00;7.753041e-02;9.163197e-01;5.952348e-02;7.468140e-01;5.212932e-02;5.910686e-01;3.885963e-01;1.409063e+00;7.616118e-02;1.240912e-01;5.198266e+01;1.042207e+02;7.698280e+01;1.481484e+02;1.151931e+02;2.397363e+02;2.608857e+02;4.906699e+02;2.473481e-01;1.185501e+00;1.093175e+02;2.313403e+02;5.352082e-01;2.953630e+00;5.830023e+04;7.821105e+04;4.435087e+00;8.261341e+00;3.267953e+02;3.382058e+02;4.831813e-01;-1.073313e+00;1.056333e-01;2.326790e-01;3.843625e-01;8.098136e-01;2.421229e+00;4.470727e+01;7.054277e+00;-5.562158e+00;6.700788e+00;1.602420e+01;4.475912e+00;7.658477e+00;8.102482e+00;-7.121585e-01;4.229126e+00;7.402973e+00;5.621362e+00;6.099711e+00;4.942115e+00;-8.463632e-01;7.320683e+00;2.945232e+00;8.270120e+00;-4.854415e+00;6.389918e+00;-6.227193e-01;5.272863e+00;1.486710e+00;5.256394e+00;-5.416468e+00;5.301532e+00;5.505155e+00;7.050830e-05;-3.612804e-06;6.969042e-08;2.258785e-09;4.269576e-07;-5.479451e-08;5.304556e-07;5.464075e-08;7.160173e-07;-6.967010e-08;3.892518e-05;4.589227e-07;3.295086e-02;-4.395216e-03;1.840311e-02;-6.268346e-06;5.460820e-03;-2.677225e-07;7.254606e-04;-5.845301e-05;8.560648e-03;-6.043571e-04;9.649518e-03;-9.884009e-05;6.120386e-03;3.151200e-04;1.498914e-02;2.481320e-04;3.214442e-02;-1.412941e-03;4.324197e-02;-1.297515e-03;3.396818e-02;-2.124275e-03;4.107374e-02;-3.585211e-03;3.009024e-02;-1.623559e-03;3.569157e-02;-4.262618e-03;3.440750e-02;9.957167e-04;5.813478e-02;4.030578e-04;3.937205e-02;2.287023e-03;5.956418e-02;7.751944e-04;5.198824e-02;7.091526e-04;5.299553e-02;2.746952e-03;6.736540e-02;2.005062e-03;1.272734e-01;-2.839941e-04;7.343320e-02;3.502412e-03;4.671274e-02;2.149010e-03;3.652297e-02;-2.491032e-04;5.141779e-02;-6.885474e-04;3.773228e-02;1.928895e-04;2.938082e-02;-6.746872e-04;1.918892e-02;3.287365e-05;1.541896e-02;3.800844e-04;7.860986e-02;-1.311678e-03;1.115270e-02;-2.856210e-03;9.790924e+00;-3.301758e-01;1.242059e+01;0;2.239317e+01;-5.167969e-01;3.738561e+01;-1.607813e+00;8.412549e-02;4.969999e-04;1.421454e+01;-6.931614e-01;7.362824e-02;-4.910549e-03;7.353688e+03;-4.425530e+02;6.497129e-01;1.083807e-01;6.363092e+01;7.184069e+00;8.248433e-02;1.186973e-06;1.410305e-02;-6.674520e-04;1.190510e-01;-2.950533e-03;5.810724e-01;-5.189504e-02;9.461004e-01;7.695837e-02;1.305011e+00;1.602998e-01;1.336340e+00;2.551824e-02;1.734638e+00;-1.086494e-01;1.260353e+00;-1.024529e-02;1.849587e+00;-4.536553e-02;1.536791e+00;-2.762797e-03;1.836718e+00;1.131230e-02;1.595742e+00;-4.884392e-04;1.497365e+00;8.799568e-02;1.805870e+00;-5.172822e-02;1.371709e+00;2.477294e-02;1.489253e+00;8.034676e-02
209.000000;2.924390e-01;7.372914e+01;4.450426e-03;7.988877e-01;3.045158e-02;3.615230e-02;2.044316e-02;2.985935e-02;7.392204e-02;1.477523e-01;1.354096e+00;1.119073e+01;1.374684e-01;1.574492e+00;1.102442e-01;1.008220e+00;5.194340e-03;1.693586e-01;1.639472e-03;7.993197e-03;1.585398e-02;1.408832e-01;1.290302e-02;2.670975e-01;1.776462e-02;4.017183e-01;7.740689e-02;5.500134e-01;1.450637e-01;6.748468e-01;1.446522e-01;7.322016e-01;1.098867e-01;7.652611e-01;1.733101e-01;8.184799e-01;1.577229e-01;9.195129e-01;1.393706e-01;9.671471e-01;1.557878e-01;1.069634e+00;2.175692e-01;1.163474e+00;2.772875e-01;1.237185e+00;3.349201e-01;1.298247e+00;3.000953e-01;1.367410e+00;2.653110e-01;1.440769e+00;5.651999e-01;1.601193e+00;6.603967e-01;1.665367e+00;2.941480e-01;1.566022e+00;2.349956e-01;1.522257e+00;1.662079e-01;1.402796e+00;1.041183e-01;1.267815e+00;1.147457e-01;1.098543e+00;7.311650e-02;9.223953e-01;4.781637e-02;7.496395e-01;3.478983e-02;6.038176e-01;3.924932e-01;1.144680e+00;7.080190e-02;8.568892e-02;1.282708e+01;5.684766e+01;4.981162e+00;8.814258e+01;3.258280e+01;1.323574e+02;5.216312e+01;2.523691e+02;2.362935e-01;1.091011e+00;1.634173e+01;1.360916e+02;2.236342e-01;2.345914e+00;3.398707e+04;4.418213e+04;3.469698e+00;1.213476e+01;3.441656e+02;5.756595e+02;9.416131e-02;-1.391163e+00;1.562786e-02;1.370583e-01;1.989955e-01;5.134349e-01;3.021006e+00;4.239921e+01;4.940909e+00;-1.646968e+00;7.353166e+00;2.404756e+01;5.106365e+00;1.157423e+01;5.984863e+00;-7.613807e-01;4.590311e+00;7.894023e+00;5.485268e+00;4.551515e+00;6.461638e+00;1.447999e+00;6.059330e+00;9.970798e+00;5.128300e+00;7.327900e-01;4.113546e+00;4.407190e+00;7.511748e+00;3.964734e+00;4.405907e+00;-1.490749e+00;4.250772e+00;7.995884e+00;1.660190e-06;-2.184007e-07;2.864229e-08;-3.467173e-10;1.100290e-07;1.245274e-09;8.434622e-08;6.692453e-09;4.265300e-07;-3.125847e-08;7.228920e-06;3.954691e-07;3.694674e-02;1.133598e-03;2.947561e-02;2.278650e-03;1.637669e-03;9.802800e-06;4.042376e-04;-3.350970e-05;1.281258e-03;-7.307291e-04;3.156183e-03;-3.549026e-04;5.023738e-03;-1.119462e-04;1.361878e-02;-3.015011e-04;2.446231e-02;-3.340026e-04;4.055293e-02;8.237145e-04;2.849895e-02;-1.048331e-04;3.831154e-02;4.542798e-04;3.234412e-02;2.338428e-03;3.549696e-02;-9.195743e-04;4.339817e-02;3.478333e-03;6.221472e-02;7.765815e-03;6.980663e-02;2.702804e-03;8.849228e-02;8.968342e-04;7.566050e-02;8.443017e-03;6.808276e-02;1.044062e-02;1.474652e-01;1.280316e-02;1.676073e-01;9.064995e-03;9.436005e-02;2.246792e-03;8.050317e-02;8.473410e-04;5.871340e-02;-8.257821e-04;3.983614e-02;-1.280925e-03;3.760909e-02;1.680719e-03;2.554599e-02;1.584651e-03;1.518093e-02;-8.613109e-04;1.352880e-02;-5.011143e-04;6.195791e-02;-7.303254e-03;1.947543e-02;8.898170e-04;3.524436e+00;-2.583984e-01;1.846004e+00;-1.148437e-01;6.526215e+00;-6.459961e-01;1.102735e+01;-9.331055e-01;7.975107e-02;-7.407046e-03;4.264176e+00;-1.325948e-01;3.019895e-02;-4.732827e-03;9.300119e+03;4.735769e+02;9.267204e-01;-3.279555e-02;9.631947e+01;-4.235840e+00;2.560277e-02;1.854271e-04;3.111782e-03;-2.581102e-04;4.597043e-02;-2.478160e-03;6.240180e-01;-6.526115e-02;1.183185e+00;-8.986949e-02;1.557107e+00;1.921684e-01;1.168137e+00;7.186960e-02;1.553890e+00;-1.428297e-01;1.371462e+00;-3.239576e-02;1.952874e+00;-2.898764e-02;1.978214e+00;-6.741588e-02;1.579808e+00;2.387896e-01;1.544782e+00;9.436557e-02;1.403100e+00;-6.181795e-03;1.856621e+00;-3.432770e-02;1.035985e+00;1.233437e-01;1.478559e+00;5.175385e-02
209.500000;1.643866e+00;7.234509e+01;9.509027e-03;7.925777e-01;2.797017e-02;3.067149e-02;1.833978e-02;2.836236e-02;6.514039e-02;1.099036e-01;1.683725e+00;1.093143e+01;3.211767e-01;1.743152e+00;1.479346e-01;1.070798e+00;5.305255e-03;1.698383e-01;3.954318e-03;9.620812e-03;2.823663e-03;1.298205e-01;2.214387e-02;2.689639e-01;3.345909e-02;4.228543e-01;8.894914e-02;5.482767e-01;1.291859e-01;6.917994e-01;1.653036e-01;8.039770e-01;1.178648e-01;8.372098e-01;2.116915e-01;8.904357e-01;2.227436e-01;1.051936e+00;1.836380e-01;1.064872e+00;2.464541e-01;1.252686e+00;2.784070e-01;1.343151e+00;3.004378e-01;1.395110e+00;4.108458e-01;1.467023e+00;3.261713e-01;1.484530e+00;3.002290e-01;1.479064e+00;6.518285e-01;1.676271e+00;6.679901e-01;1.724369e+00;3.449062e-01;1.590730e+00;4.198710e-01;1.629993e+00;2.490067e-01;1.462258e+00;1.017823e-01;1.263725e+00;8.985519e-02;1.093655e+00;9.826154e-02;9.254709e-01;7.350101e-02;7.474141e-01;4.872419e-02;5.951552e-01;3.333701e-01;9.222652e-01;2.049514e-01;2.148460e-01;1.002316e+01;5.096191e+01;0;8.613281e+01;3.434649e+01;1.197246e+02;1.050651e+02;2.594033e+02;1.739985e-01;9.120371e-01;4.050309e+01;1.481862e+02;2.675327e-01;2.313709e+00;6.026842e+04;7.778352e+04;3.982155e+00;9.986792e+00;3.501489e+02;3.801617e+02;9.657404e-02;-1.384614e+00;3.219275e-02;1.423807e-01;2.298788e-01;4.705379e-01;2.483405e+00;3.996604e+01;6.557141e+00;-7.199536e+00;6.041997e+00;2.726127e+01;4.817856e+00;1.611939e+01;5.589571e+00;1.867671e+00;6.548711e+00;4.268569e+00;7.638562e+00;-7.813836e-02;6.871915e+00;2.517589e+00;4.956332e+00;1.499765e+01;5.327355e+00;2.303467e+00;3.953804e+00;5.294945e+00;7.269707e+00;3.945514e+00;4.859383e+00;5.357255e-01;5.056540e+00;6.157014e+00;6.086108e-06;-7.030100e-07;3.373670e-08;-3.141340e-09;9.153207e-08;-3.669174e-09;5.817984e-08;-3.405356e-09;3.102068e-07;-3.017327e-08;7.596916e-06;-5.515689e-07;5.955257e-02;1.003494e-02;4.065124e-02;2.308059e-03;1.490152e-03;1.196783e-04;7.374200e-04;1.020408e-04;4.650015e-04;-7.039623e-05;6.201065e-03;7.806825e-05;8.772122e-03;7.726378e-04;1.920370e-02;2.150976e-03;2.254027e-02;2.507387e-03;3.779916e-02;3.304544e-03;3.067492e-02;1.782479e-03;4.876430e-02;4.121363e-03;5.789682e-02;8.424354e-04;4.399383e-02;-1.597818e-03;5.934775e-02;3.949147e-03;6.935800e-02;4.366203e-03;8.716550e-02;1.043828e-03;1.110042e-01;6.623270e-03;9.568102e-02;2.991562e-03;8.565016e-02;-5.679001e-04;1.787194e-01;8.476270e-03;1.826425e-01;6.184312e-03;1.133198e-01;2.507200e-03;1.225174e-01;7.746651e-03;7.730011e-02;3.474520e-03;3.844257e-02;5.397048e-04;3.187960e-02;-7.480558e-04;2.727733e-02;2.492472e-04;1.845708e-02;-5.287800e-04;1.470961e-02;-1.893215e-04;7.877780e-02;9.738093e-03;4.054419e-02;5.784486e-03;3.986868e+00;1.866211e-01;0;0;8.104116e+00;6.890625e-01;2.387174e+01;2.383008e+00;7.063013e-02;-1.440744e-03;8.122448e+00;1.191092e+00;4.623635e-02;7.798046e-03;1.388481e+04;1.559934e+03;8.729498e-01;-1.159174e-01;8.095354e+01;-7.831000e+00;2.895701e-02;-1.480491e-03;6.170214e-03;9.700488e-04;5.763790e-02;5.540373e-03;6.095721e-01;-2.590757e-02;1.339972e+00;-1.775128e-01;1.622252e+00;1.365945e-01;1.322981e+00;-2.655425e-02;1.476038e+00;-7.465158e-03;1.777612e+00;-1.526397e-01;2.119048e+00;-2.183177e-01;2.260530e+00;6.566787e-02;1.414984e+00;1.348729e-01;1.569984e+00;2.895364e-03;1.260903e+00;2.704720e-03;1.864454e+00;1.978573e-02;1.145102e+00;6.789445e-02;1.286698e+00;-6.909849e-02
210.000000;2.621555e+00;7.169223e+01;1.073788e-02;7.808558e-01;3.149896e-02;2.532895e-02;3.056018e-02;3.027372e-02;5.285205e-02;1.044365e-01;1.345365e+00;9.463333e+00;3.002747e-01;2.102373e+00;1.296935e-01;1.061944e+00;5.996826e-03;1.682602e-01;4.348175e-03;1.419375e-02;1.910772e-03;1.277995e-01;2.452393e-02;2.726893e-01;4.467359e-02;4.411378e-01;7.143488e-02;5.640781e-01;7.396154e-02;6.857855e-01;1.629510e-01;8.183367e-01;8.015856e-02;8.914452e-01;1.839782e-01;9.950760e-01;2.301292e-01;1.130804e+00;1.778938e-01;1.140713e+00;2.581529e-01;1.269951e+00;2.607925e-01;1.328666e+00;2.314220e-01;1.331548e+00;3.412131e-01;1.398071e+00;2.855394e-01;1.454447e+00;2.461271e-01;1.489001e+00;4.765962e-01;1.535427e+00;4.173608e-01;1.528220e+00;3.303261e-01;1.530369e+00;4.595549e-01;1.577460e+00;2.649116e-01;1.452621e+00;1.122581e-01;1.246471e+00;1.091725e-01;1.106876e+00;1.324550e-01;9.326894e-01;8.361894e-02;7.548772e-01;5.785882e-02;6.059974e-01;4.430354e-01;1.146072e+00;2.433819e-01;4.691919e-01;1.346662e+01;6.029297e+01;0;8.613281e+01;4.552834e+01;1.573359e+02;1.745636e+02;3.940576e+02;1.504968e-01;9.023691e-01;4.831872e+01;1.976954e+02;2.994024e-01;2.639648e+00;6.283088e+04;1.360693e+05;2.488228e+00;5.987472e+00;1.279735e+02;1.164803e+02;1.001732e-01;-1.354578e+00;3.944495e-02;1.835673e-01;3.445120e-01;7.442918e-01;1.849073e+00;3.944704e+01;5.402215e+00;-1.429585e+01;4.414984e+00;2.608346e+01;4.561871e+00;1.742864e+01;3.480260e+00;4.967326e+00;5.873361e+00;4.017054e+00;7.220321e+00;-3.997424e+00;5.546751e+00;7.975603e-01;7.106802e+00;1.465729e+01;5.335810e+00;3.087517e+00;4.821009e+00;3.532027e+00;5.150959e+00;3.721954e-01;4.094580e+00;2.837538e+00;5.473545e+00;5.644038e+00;8.799168e-06;1.599306e-06;4.600514e-08;-6.766236e-09;1.233506e-07;6.700237e-09;9.076026e-08;-3.021881e-09;2.898522e-07;-2.014318e-09;6.959831e-06;-7.078588e-07;5.855447e-02;5.328381e-03;3.483013e-02;-1.135823e-03;1.628728e-03;2.001909e-06;8.840351e-04;1.499118e-04;6.005256e-04;-4.812549e-05;7.843458e-03;4.847361e-04;1.104760e-02;1.483469e-03;1.811174e-02;1.167136e-03;1.854070e-02;2.726318e-04;3.801051e-02;-1.131424e-03;2.985335e-02;1.981832e-03;4.901373e-02;2.217026e-03;7.083319e-02;1.002768e-03;5.329062e-02;2.161025e-03;5.354826e-02;-3.349376e-03;5.677516e-02;-3.987409e-03;5.907482e-02;-2.744963e-03;7.979622e-02;-1.369970e-03;8.403111e-02;-5.653239e-03;7.796805e-02;-6.435429e-03;1.201644e-01;-1.060287e-02;1.188996e-01;-6.830425e-03;9.574194e-02;-1.539761e-03;1.170328e-01;2.766263e-04;7.701752e-02;2.349749e-03;3.729703e-02;-1.145189e-04;3.809856e-02;-2.209994e-04;3.935858e-02;4.036138e-04;2.514420e-02;2.363176e-04;1.937316e-02;4.602271e-04;8.257099e-02;1.374391e-02;5.023469e-02;5.472136e-03;4.398376e+00;3.588867e-01;2.856702e-01;2.871094e-02;9.179152e+00;1.607813e+00;4.300476e+01;3.689355e+00;6.230387e-02;2.127044e-04;9.557061e+00;1.205876e+00;5.309378e-02;9.376333e-03;1.335882e+04;8.104034e+02;4.927004e-01;-3.811494e-02;2.968391e+01;-8.006951e-01;2.740633e-02;-9.942651e-05;7.549233e-03;1.119831e-03;7.081469e-02;1.239861e-02;5.981749e-01;2.222112e-02;1.033206e+00;-4.208266e-02;1.199854e+00;-1.162854e-01;1.238128e+00;-1.376074e-02;1.218640e+00;1.686031e-01;1.768493e+00;-1.040127e-03;2.015709e+00;-8.848464e-02;1.894725e+00;-2.881070e-02;1.485069e+00;-1.750071e-01;1.416107e+00;-7.933896e-02;1.352135e+00;-9.477182e-02;1.731429e+00;-9.212692e-02;1.201568e+00;3.500798e-02;1.205142e+00;4.429303e-03
210.500000;4.427729e+00;7.436610e+01;1.262614e-02;7.709058e-01;5.365550e-02;3.487605e-02;5.569080e-02;5.391246e-02;8.055793e-02;1.168833e-01;1.157347e+00;8.682460e+00;1.715241e-01;2.167791e+00;7.616022e-02;9.938402e-01;7.868851e-03;1.620790e-01;2.385938e-03;1.637062e-02;1.949369e-03;1.276056e-01;1.741336e-02;2.693287e-01;5.705620e-02;4.243983e-01;4.775617e-02;5.595012e-01;1.072599e-01;6.810478e-01;1.501653e-01;7.929295e-01;9.271979e-02;8.670019e-01;1.170379e-01;9.696949e-01;2.645096e-01;1.064733e+00;1.958770e-01;1.098730e+00;1.874843e-01;1.073663e+00;2.297488e-01;1.152393e+00;1.631961e-01;1.223093e+00;2.023213e-01;1.262633e+00;2.459794e-01;1.391523e+00;2.300445e-01;1.431057e+00;2.702278e-01;1.356567e+00;3.073259e-01;1.421517e+00;2.204411e-01;1.382691e+00;2.639390e-01;1.393579e+00;2.143587e-01;1.364181e+00;1.211885e-01;1.243324e+00;1.075230e-01;1.062269e+00;1.210056e-01;8.924159e-01;6.345078e-02;7.312046e-01;4.778082e-02;6.027623e-01;4.265030e-01;1.393468e+00;2.061926e-01;5.136439e-01;1.163679e+01;6.790137e+01;7.960493e+00;8.828613e+01;3.662727e+01;1.867646e+02;1.469529e+02;4.645430e+02;1.843796e-01;9.819037e-01;2.955984e+01;2.194455e+02;1.540898e-01;2.817161e+00;4.462941e+04;1.498674e+05;9.486034e-01;4.730560e+00;3.567724e+01;5.849000e+01;1.248475e-01;-1.259740e+00;2.346928e-02;2.045063e-01;3.821077e-01;9.526846e-01;2.046219e+00;4.037469e+01;3.697470e+00;-1.580735e+01;5.062931e+00;2.359159e+01;3.864124e+00;1.673256e+01;5.141372e+00;4.406815e+00;4.417342e+00;4.003720e+00;8.355705e+00;6.241090e-01;5.141765e+00;-2.679064e-01;1.045190e+01;5.979077e+00;5.117628e+00;3.575269e+00;5.365446e+00;3.067043e+00;6.569643e+00;5.500515e-01;3.656585e+00;3.473770e+00;6.008026e+00;5.228918e+00;1.181551e-05;2.142230e-06;4.994545e-08;-2.850313e-09;2.045852e-07;2.400107e-08;1.734582e-07;1.377755e-08;3.914292e-07;2.943811e-08;5.962361e-06;-7.119855e-08;3.862101e-02;-5.793567e-03;1.935516e-02;-2.522976e-03;1.702166e-03;-2.266388e-04;7.873859e-04;5.668934e-06;5.735920e-04;1.155081e-05;6.210853e-03;-2.051541e-04;1.013817e-02;-5.749498e-04;1.052830e-02;-1.702608e-03;2.202411e-02;-9.655370e-04;3.432338e-02;-2.621666e-03;2.783272e-02;-5.378634e-04;3.373178e-02;-1.324975e-03;7.189421e-02;1.311010e-04;5.492055e-02;1.962229e-03;3.173283e-02;-5.119362e-03;5.616666e-02;-4.042082e-03;4.004952e-02;-2.968510e-03;4.761335e-02;-9.019198e-03;7.331002e-02;-2.599797e-03;6.485277e-02;9.182691e-05;4.488784e-02;-1.017549e-02;8.592121e-02;-7.099867e-03;5.744161e-02;-5.596802e-03;6.569465e-02;-1.032567e-02;5.798898e-02;-3.871017e-03;4.107088e-02;-3.871741e-04;3.467561e-02;5.574304e-04;3.633482e-02;2.405820e-04;2.246178e-02;4.848913e-04;1.783357e-02;6.072986e-05;8.214140e-02;-5.209974e-03;4.704230e-02;-4.263688e-03;4.330405e+00;-2.871094e-02;2.186560e+00;0;9.737146e+00;-2.153320e-01;4.857336e+01;-9.474609e-01;7.021981e-02;8.421799e-04;8.533539e+00;-6.011431e-01;4.498566e-02;-2.812721e-03;1.112330e+04;-9.940253e+02;2.464608e-01;2.263617e-02;9.428807e+00;7.890967e-01;2.515540e-02;3.353250e-03;6.900521e-03;-4.350596e-04;6.864895e-02;-1.007206e-03;5.390858e-01;3.269203e-02;7.837891e-01;8.205210e-02;1.054126e+00;-1.579342e-01;1.037178e+00;3.834061e-02;8.455681e-01;-2.076627e-02;1.474920e+00;1.393756e-03;2.047534e+00;2.414385e-01;1.593084e+00;-6.969292e-02;1.981355e+00;-1.679576e-01;1.535856e+00;3.527193e-02;1.481709e+00;-1.319192e-02;2.128428e+00;5.422413e-02;1.072866e+00;-3.418820e-03;1.628833e+00;4.131213e-02
211.000000;5.177315e+00;7.576265e+01;1.098302e-02;7.654136e-01;5.853910e-02;4.726034e-02;5.674194e-02;6.446356e-02;1.177607e-01;1.601609e-01;1.094137e+00;7.719584e+00;1.553326e-01;1.951235e+00;3.655510e-02;9.606154e-01;8.176882e-03;1.526303e-01;2.165405e-03;1.509574e-02;2.607176e-03;1.269132e-01;1.290882e-02;2.726497e-01;5.974203e-02;4.263290e-01;3.723920e-02;5.505031e-01;1.120101e-01;6.667134e-01;1.294198e-01;7.766137e-01;1.115725e-01;8.437778e-01;1.032722e-01;9.092044e-01;2.892399e-01;1.001592e+00;2.078258e-01;1.048347e+00;1.330897e-01;1.023748e+00;2.430941e-01;1.134668e+00;1.955896e-01;1.222740e+00;1.727178e-01;1.222304e+00;2.248103e-01;1.306504e+00;1.878707e-01;1.330889e+00;1.411393e-01;1.294612e+00;3.115492e-01;1.344761e+00;1.456985e-01;1.348753e+00;1.784896e-01;1.347197e+00;1.465109e-01;1.314203e+00;1.080979e-01;1.233872e+00;7.902420e-02;1.054380e+00;7.164495e-02;8.688419e-01;5.190955e-02;7.179776e-01;4.447528e-02;5.879067e-01;4.097208e-01;1.446978e+00;1.641200e-01;3.371397e-01;1.073881e+01;7.149023e+01;1.493176e+01;9.460254e+01;3.426449e+01;1.976748e+02;1.099418e+02;3.929092e+02;2.109395e-01;1.062284e+00;2.455461e+01;2.034569e+02;1.178029e-01;2.804216e+00;3.430557e+04;1.139264e+05;9.076970e-01;5.418338e+00;3.581453e+01;8.281531e+01;1.311870e-01;-1.121369e+00;2.011331e-02;1.955005e-01;3.773230e-01;9.630094e-01;1.698538e+00;4.192468e+01;3.044265e+00;-1.225781e+01;4.678885e+00;2.023905e+01;4.584860e+00;1.829192e+01;5.858272e+00;3.806263e+00;5.686096e+00;-1.087620e+00;6.202430e+00;5.869364e+00;4.839602e+00;2.089913e-01;8.887148e+00;6.514034e-01;6.137955e+00;3.423623e+00;7.644043e+00;3.034606e+00;6.764397e+00;2.563426e+00;4.183825e+00;2.925576e+00;6.173002e+00;4.085653e+00;1.478869e-05;-3.064357e-06;5.059951e-08;1.064236e-09;2.243418e-07;-1.118532e-08;2.278234e-07;-2.707978e-09;5.738108e-07;1.814367e-08;5.599236e-06;-2.232815e-07;2.880575e-02;-5.534096e-03;1.223963e-02;-1.041388e-03;1.670576e-03;-2.029843e-04;6.082644e-04;-7.495591e-05;6.496353e-04;-2.689226e-05;5.065318e-03;-2.168849e-04;1.055811e-02;-9.659030e-04;8.859189e-03;2.970150e-04;2.043365e-02;4.001058e-04;3.036346e-02;1.041614e-03;2.722012e-02;4.254593e-04;2.659411e-02;-8.775049e-04;7.732437e-02;-5.209850e-03;5.266807e-02;-3.377439e-03;3.200313e-02;9.947740e-04;7.323582e-02;-4.646560e-04;5.190077e-02;-1.185499e-03;4.719763e-02;-1.513476e-03;8.141363e-02;-3.279204e-03;6.802923e-02;-4.406552e-03;3.906274e-02;6.717177e-04;8.211650e-02;1.589033e-03;4.791524e-02;2.063711e-04;5.903168e-02;-1.432636e-03;3.963278e-02;-3.445886e-03;4.194088e-02;-6.219550e-04;2.551986e-02;-1.659017e-03;2.320877e-02;-2.267879e-03;1.812920e-02;-9.480136e-04;1.609969e-02;-8.029339e-04;8.708692e-02;-4.948772e-03;3.342591e-02;-5.817133e-03;3.928549e+00;4.306640e-02;4.723342e+00;3.014649e-01;1.069651e+01;-2.871094e-01;3.440247e+01;-2.655762e+00;7.616229e-02;5.620845e-03;6.384229e+00;-7.260537e-01;3.807941e-02;-1.442544e-03;8.330281e+03;-1.007099e+03;2.244583e-01;2.576583e-02;9.590003e+00;8.339998e-01;2.738277e-02;3.249103e-03;5.351400e-03;-5.391799e-04;6.477407e-02;-5.474301e-03;3.935491e-01;4.305452e-02;6.378040e-01;6.946734e-02;1.058900e+00;-1.935198e-02;1.186246e+00;-2.247157e-02;1.350512e+00;-4.098298e-02;1.544564e+00;-6.626916e-02;1.898727e+00;5.408298e-02;1.498159e+00;4.631732e-02;2.449203e+00;1.218371e-02;1.748890e+00;1.757826e-02;1.779592e+00;-1.996115e-02;2.349478e+00;3.637249e-02;1.322738e+00;-1.068746e-01;2.073414e+00;-5.673643e-03
211.500000;6.804313e+00;6.992676e+01;7.881638e-03;7.662141e-01;7.884670e-02;7.712229e-02;6.576131e-02;7.548056e-02;1.091788e-01;2.073341e-01;9.468893e-01;7.012986e+00;1.192691e-01;1.748485e+00;3.990563e-02;9.659880e-01;8.236519e-03;1.421727e-01;1.994089e-03;1.310406e-02;2.658354e-03;1.260428e-01;1.499472e-02;2.761812e-01;4.915524e-02;4.356184e-01;5.338573e-02;5.499244e-01;8.901653e-02;6.363199e-01;1.280720e-01;7.241788e-01;1.075432e-01;8.151478e-01;1.150135e-01;8.945169e-01;2.216088e-01;1.003376e+00;1.598874e-01;1.033715e+00;1.842730e-01;1.043434e+00;2.103154e-01;1.165006e+00;2.064566e-01;1.194027e+00;1.418487e-01;1.235946e+00;1.905939e-01;1.277975e+00;1.600554e-01;1.320034e+00;1.887823e-01;1.391302e+00;3.629597e-01;1.423117e+00;1.784171e-01;1.454470e+00;1.739430e-01;1.389339e+00;1.151156e-01;1.298819e+00;9.060146e-02;1.193532e+00;1.002666e-01;1.066124e+00;5.531497e-02;8.627114e-01;5.823890e-02;7.207555e-01;4.612795e-02;5.840756e-01;4.322284e-01;1.259032e+00;6.381433e-02;2.194191e-01;9.970593e+00;7.522266e+01;1.946159e+01;1.020674e+02;2.582549e+01;2.001152e+02;5.741093e+01;3.130928e+02;2.332932e-01;1.046643e+00;1.507300e+01;1.887423e+02;9.997790e-02;2.775465e+00;1.907179e+04;8.813948e+04;1.081907e+00;6.316229e+00;5.146201e+01;1.192684e+02;1.313380e-01;-9.747529e-01;1.413219e-02;1.852643e-01;3.166695e-01;8.843336e-01;1.182231e+00;4.276851e+01;2.107370e+00;-1.034332e+01;3.784261e+00;1.979714e+01;3.941552e+00;2.021553e+01;4.715135e+00;4.965193e+00;7.550995e+00;9.210976e-01;6.421610e+00;6.781165e+00;5.952425e+00;-5.245889e-01;8.084751e+00;-1.205672e+00;7.684082e+00;-1.262235e+00;7.007794e+00;8.567158e-02;6.906906e+00;2.605545e+00;4.167609e+00;1.827982e+00;6.084436e+00;4.955597e+00;1.243994e-05;-3.251250e-06;3.969641e-08;4.478817e-10;2.637871e-07;-2.574535e-08;2.799310e-07;-1.827887e-08;6.461372e-07;-2.852317e-08;5.467594e-06;-3.978421e-07;2.330547e-02;-1.763401e-03;1.121296e-02;2.586113e-04;1.596837e-03;-2.152467e-04;5.271940e-04;-6.298814e-06;6.893343e-04;-2.877369e-05;5.063356e-03;1.108629e-04;9.822223e-03;-3.960136e-04;9.937515e-03;1.006740e-03;2.110394e-02;1.149934e-03;3.469487e-02;1.143141e-03;2.583434e-02;1.412805e-04;2.620592e-02;1.557415e-04;6.714482e-02;6.049395e-05;4.703907e-02;-3.066505e-05;3.641765e-02;-6.567267e-04;6.390457e-02;-3.549269e-03;5.757638e-02;9.123412e-04;4.045172e-02;5.696361e-04;7.198454e-02;1.307792e-03;6.211375e-02;-1.926554e-04;5.378539e-02;8.851614e-04;7.616743e-02;3.326189e-03;6.414866e-02;1.510663e-03;6.099514e-02;7.131773e-05;3.816591e-02;-3.247887e-04;3.192857e-02;6.685242e-05;3.067851e-02;-4.819589e-04;1.941652e-02;-1.034445e-04;2.011297e-02;9.738792e-05;1.655673e-02;-2.735709e-05;7.528624e-02;3.092009e-03;1.583178e-02;-5.674917e-04;3.642557e+00;5.742187e-02;5.311601e+00;5.167969e-01;8.284187e+00;4.019531e-01;1.628809e+01;-4.593750e-01;7.695886e-02;4.170050e-03;4.139000e+00;1.520207e-01;2.937436e-02;1.594769e-03;4.983389e+03;-8.854965e+01;2.682955e-01;7.820273e-03;1.356761e+01;4.412799e-01;2.637390e-02;2.663897e-03;3.724284e-03;1.948162e-04;7.082187e-02;1.420034e-03;3.946917e-01;1.125426e-02;5.413699e-01;1.919070e-02;1.073891e+00;3.324281e-02;1.169436e+00;-1.174342e-02;1.442406e+00;-5.073749e-02;1.672895e+00;1.061405e-01;1.676921e+00;-1.863601e-03;1.812653e+00;-6.481140e-02;2.271157e+00;-1.261292e-01;1.812501e+00;-1.302849e-01;1.755484e+00;6.338861e-02;2.194736e+00;7.088175e-02;1.299407e+00;-2.994025e-02;1.826679e+00;-4.361809e-02
212.000000;3.223953e+00;6.515708e+01;4.041613e-03;7.659119e-01;8.403064e-02;6.990582e-02;6.751710e-02;6.497800e-02;8.935348e-02;1.712458e-01;8.392259e-01;6.478147e+00;1.144001e-01;1.684778e+00;6.674650e-02;9.924840e-01;8.738793e-03;1.298312e-01;3.241436e-03;1.360796e-02;2.128531e-03;1.251522e-01;1.361674e-02;2.745508e-01;3.440648e-02;4.209499e-01;5.037198e-02;5.579745e-01;1.010580e-01;7.089201e-01;1.479399e-01;8.043172e-01;1.196470e-01;8.216114e-01;1.304577e-01;8.847783e-01;1.435913e-01;9.853019e-01;1.149813e-01;1.028592e+00;1.886083e-01;1.089676e+00;2.849685e-01;1.137486e+00;2.043618e-01;1.214107e+00;2.801891e-01;1.320226e+00;2.995830e-01;1.361010e+00;2.310298e-01;1.390985e+00;2.317991e-01;1.451012e+00;4.792258e-01;1.594218e+00;1.598053e-01;1.478746e+00;1.696078e-01;1.427351e+00;1.525650e-01;1.326423e+00;8.993234e-02;1.191987e+00;9.290259e-02;1.046417e+00;6.716802e-02;8.669541e-01;5.128289e-02;7.177054e-01;3.550059e-02;5.781315e-01;3.467328e-01;1.187465e+00;4.566901e-02;1.753039e-01;7.997941e+00;8.096484e+01;2.656964e+01;1.165664e+02;3.315181e+01;2.206436e+02;8.119208e+01;3.379277e+02;2.523861e-01;8.999473e-01;2.973163e+01;2.010362e+02;2.303402e-01;2.947009e+00;2.904448e+04;8.961578e+04;1.209619e+00;6.299699e+00;5.728211e+01;1.203401e+02;1.188344e-01;-8.073845e-01;2.772211e-02;1.988297e-01;2.722646e-01;8.136103e-01;1.393834e+00;4.335079e+01;3.121181e+00;-9.933022e+00;4.288133e+00;2.241505e+01;4.853096e+00;1.801365e+01;8.086137e+00;1.151537e+00;6.394907e+00;2.372656e+00;7.874232e+00;4.463802e+00;6.056551e+00;-2.573702e+00;6.400139e+00;-2.596453e+00;5.633389e+00;-4.029832e+00;5.843373e+00;3.436327e+00;8.031229e+00;7.534605e+00;4.233470e+00;2.889276e-01;6.280899e+00;1.707799e+00;1.086108e-05;-1.497977e-07;1.819157e-08;-5.340200e-10;2.490019e-07;-1.282207e-08;2.697164e-07;-1.683932e-08;4.933776e-07;-2.429611e-08;4.549983e-06;-1.135996e-07;2.922102e-02;1.650260e-03;1.676199e-02;9.281489e-04;1.340983e-03;-2.929031e-04;6.982337e-04;9.309650e-05;5.859283e-04;1.007393e-05;3.958849e-03;-2.905307e-04;7.264029e-03;-1.361738e-04;9.462666e-03;-3.466655e-04;2.260759e-02;4.596147e-04;3.618558e-02;-5.451895e-05;2.762674e-02;-2.126870e-03;3.195499e-02;-2.424543e-03;5.110171e-02;3.746527e-03;4.060833e-02;3.177745e-03;3.705910e-02;3.450197e-03;7.595593e-02;4.636270e-03;6.171340e-02;5.943430e-03;7.257103e-02;3.841536e-03;6.304636e-02;3.453564e-03;5.490601e-02;3.268751e-03;6.715256e-02;-1.107851e-03;1.153008e-01;-2.851666e-03;6.000603e-02;-2.201927e-03;5.973301e-02;1.155907e-03;5.460201e-02;1.800380e-03;3.436972e-02;-3.330674e-04;3.015638e-02;-7.296237e-06;2.237354e-02;-2.885914e-04;1.692895e-02;9.775765e-04;1.238457e-02;3.800105e-04;5.740523e-02;-1.860728e-03;1.657655e-02;2.028149e-03;2.452896e+00;2.871094e-02;5.355494e+00;4.593750e-01;6.318673e+00;4.450195e-01;1.405678e+01;2.282520e+00;7.253969e-02;-2.320596e-03;5.538148e+00;9.888619e-01;3.154854e-02;4.308700e-03;7.291402e+03;1.033946e+03;2.923777e-01;-2.702823e-02;1.436831e+01;-8.025559e-01;2.002292e-02;3.881042e-03;4.628635e-03;8.297539e-04;6.786875e-02;-3.261124e-04;4.208545e-01;-1.112820e-02;6.891008e-01;-8.555806e-02;1.174134e+00;1.728558e-02;1.206627e+00;1.094586e-01;1.464795e+00;-2.838765e-02;1.529183e+00;-7.020205e-02;2.022467e+00;-1.453594e-01;1.756209e+00;-4.281399e-02;1.920508e+00;-6.291097e-02;1.595762e+00;2.787504e-02;1.433358e+00;1.315031e-01;1.978139e+00;1.230625e-01;1.209949e+00;5.180591e-02;1.694450e+00;-1.054040e-01
212.500000;1.010721e+01;7.173215e+01;1.336254e-02;7.571936e-01;5.549465e-02;4.786221e-02;5.379070e-02;4.470873e-02;9.385064e-02;1.612851e-01;9.244455e-01;6.015746e+00;1.917876e-01;1.840034e+00;7.586783e-02;1.026656e+00;1.461254e-02;1.136621e-01;6.996088e-03;2.057949e-02;1.936460e-02;1.164980e-01;1.853476e-02;2.657984e-01;3.300160e-02;4.102230e-01;3.758329e-02;5.604660e-01;1.189826e-01;7.161552e-01;1.679535e-01;8.166055e-01;1.248277e-01;8.510420e-01;1.686927e-01;9.466903e-01;1.868110e-01;1.007467e+00;1.471023e-01;1.101133e+00;2.450506e-01;1.297042e+00;3.974247e-01;1.295372e+00;2.272101e-01;1.316575e+00;2.706115e-01;1.353481e+00;3.006886e-01;1.372167e+00;2.302870e-01;1.400513e+00;2.312002e-01;1.465936e+00;4.378943e-01;1.548163e+00;2.212853e-01;1.468869e+00;2.919176e-01;1.495994e+00;2.247979e-01;1.385635e+00;1.039645e-01;1.222167e+00;8.195332e-02;1.059444e+00;8.755372e-02;9.026670e-01;5.044655e-02;7.255530e-01;5.129423e-02;5.913937e-01;2.870579e-01;1.196591e+00;2.302023e-01;3.513084e-01;4.420249e+01;1.052256e+02;6.737962e+01;1.670977e+02;1.798217e+02;3.514219e+02;4.143382e+02;7.695967e+02;1.904405e-01;8.301402e-01;1.117535e+02;3.088281e+02;3.498597e-01;3.405064e+00;7.733358e+04;1.672878e+05;1.714357e+00;4.135896e+00;4.906696e+01;5.722382e+01;1.446515e-01;-6.195418e-01;9.713012e-02;2.930411e-01;2.607591e-01;8.275295e-01;1.655870e+00;4.331966e+01;6.113706e+00;-1.510811e+01;5.928124e+00;1.952638e+01;5.807610e+00;1.678751e+01;1.003859e+01;2.329159e+00;4.914991e+00;-1.673536e+00;1.011471e+01;-4.514484e+00;7.624214e+00;-5.727715e+00;7.485015e+00;-1.385857e+00;5.763483e+00;-3.381702e+00;5.399488e+00;4.696996e+00;7.798311e+00;7.262087e+00;5.733700e+00;8.121665e-02;5.627685e+00;-7.251273e-03;2.246018e-05;4.911481e-06;5.259156e-08;-1.776433e-09;2.208173e-07;-1.645468e-08;2.897465e-07;-2.968341e-09;3.877034e-07;3.252839e-08;4.948309e-06;-5.937998e-08;4.883469e-02;7.399173e-03;2.424143e-02;1.827401e-03;2.398649e-03;-3.652744e-04;9.181081e-04;1.877047e-04;3.099188e-03;-5.946942e-04;4.884967e-03;1.266904e-04;9.263828e-03;4.087526e-04;1.089847e-02;-2.455656e-04;2.733713e-02;-1.020619e-03;3.688811e-02;-2.157033e-04;3.089498e-02;2.095274e-03;3.198081e-02;5.413410e-04;4.583760e-02;-3.351355e-04;3.605434e-02;1.278554e-04;6.697001e-02;2.977057e-03;9.857249e-02;2.586076e-03;6.175226e-02;2.780602e-03;7.167637e-02;4.985023e-03;6.340203e-02;-9.721512e-05;5.275458e-02;-1.162233e-04;7.927180e-02;5.679362e-03;1.214614e-01;1.842881e-03;8.642479e-02;6.923994e-03;1.048905e-01;9.743084e-03;8.609142e-02;6.725768e-03;4.449223e-02;9.738456e-04;2.821260e-02;1.135710e-03;2.607880e-02;3.308122e-04;1.767821e-02;3.209154e-04;1.814852e-02;-1.674478e-04;8.820697e-02;2.340025e-03;5.918395e-02;5.995387e-03;7.936588e+00;1.607813e+00;1.075510e+01;2.167676e+00;3.793647e+01;5.713477e+00;6.621291e+01;1.213037e+01;6.277584e-02;-5.164169e-03;1.516005e+01;4.234089e+00;4.183369e-02;1.291406e-02;1.373952e+04;2.815997e+03;2.112208e-01;-4.922461e-02;7.223605e+00;-1.346786e+00;2.308891e-02;4.222588e-03;1.250698e-02;3.610690e-03;7.517539e-02;-1.018404e-03;5.687420e-01;-6.283942e-02;8.354351e-01;-1.840933e-01;1.152678e+00;-4.023887e-02;1.602811e+00;-1.472962e-01;1.920926e+00;2.548320e-02;1.438726e+00;-1.923307e-01;2.243762e+00;-3.776195e-01;2.180951e+00;4.787612e-02;2.234644e+00;5.229925e-02;1.563484e+00;-7.404844e-02;1.655687e+00;-1.258609e-01;1.855019e+00;-2.090125e-01;1.220790e+00;-6.315157e-02;1.643157e+00;-1.377233e-01
213.000000;7.713358e+01;1.277977e+02;1.394917e-02;7.516038e-01;9.738809e-02;9.245406e-02;1.597855e-01;1.136060e-01;9.603507e-02;2.008228e-01;2.137641e+00;4.732802e+00;2.091570e-01;2.114382e+00;9.834006e-02;1.044295e+00;1.371812e-02;9.711906e-02;7.078241e-03;3.176871e-02;2.165633e-02;1.109343e-01;3.234326e-02;2.499518e-01;3.430022e-02;4.108732e-01;4.650411e-02;5.598437e-01;1.140999e-01;6.770908e-01;1.734203e-01;8.121595e-01;1.230864e-01;9.059601e-01;1.344971e-01;9.768569e-01;2.035429e-01;1.042789e+00;1.322642e-01;1.127679e+00;2.291317e-01;1.305510e+00;3.132969e-01;1.338918e+00;2.252406e-01;1.280111e+00;1.991345e-01;1.329750e+00;2.393560e-01;1.318176e+00;2.131665e-01;1.361563e+00;4.004102e-01;1.574545e+00;3.326164e-01;1.532562e+00;4.339231e-01;1.581121e+00;5.036343e-01;1.627873e+00;2.897791e-01;1.442196e+00;1.139900e-01;1.231004e+00;9.066390e-02;1.085922e+00;9.712759e-02;9.277380e-01;6.015816e-02;7.453058e-01;5.334641e-02;5.952321e-01;3.577681e-01;1.286308e+00;2.244436e-01;6.497342e-01;8.592621e+01;1.959521e+02;1.473087e+02;3.163945e+02;3.445529e+02;7.215059e+02;2.613507e+02;1.316540e+03;1.458746e-01;7.961261e-01;1.647356e+02;5.367894e+02;3.663316e-01;3.961563e+00;7.040962e+04;2.827367e+05;6.523902e-01;2.136363e+00;8.422232e+00;1.528157e+01;1.275567e-01;-4.452718e-01;1.415403e-01;4.892862e-01;2.428646e-01;8.998750e-01;1.961908e+00;4.139952e+01;4.353292e+00;-2.363492e+01;4.650796e+00;1.437848e+01;9.562988e+00;9.298811e+00;8.494323e+00;3.903562e+00;5.062977e+00;-3.571549e+00;9.491452e+00;-1.849896e+01;7.801790e+00;-8.759869e+00;7.797915e+00;1.780883e+00;5.838188e+00;-6.139429e+00;5.758844e+00;-5.097443e-02;7.202199e+00;-1.191086e+00;5.491340e+00;-1.597864e+00;7.869160e+00;-3.202003e+00;2.311033e-04;3.025522e-05;7.402182e-08;-9.309005e-10;5.281090e-07;9.768607e-09;8.835702e-07;2.108026e-08;4.701887e-07;1.528844e-08;9.198919e-06;-7.488989e-07;5.192471e-02;6.053586e-03;2.860364e-02;1.154092e-03;2.658241e-03;-2.413395e-04;9.655803e-04;1.364324e-04;4.749421e-03;3.828181e-05;7.965247e-03;1.746506e-04;1.105081e-02;-1.521452e-04;1.598217e-02;4.482383e-04;2.989566e-02;1.513016e-03;4.110066e-02;1.488620e-03;3.131602e-02;2.809107e-03;2.692967e-02;2.646795e-03;5.144098e-02;-1.959651e-03;3.327976e-02;-8.802871e-04;6.549042e-02;-3.831238e-03;7.739333e-02;-6.078092e-03;5.173810e-02;-2.710366e-03;5.171961e-02;3.267376e-04;7.852271e-02;1.213452e-02;6.932723e-02;9.868228e-03;9.297794e-02;-8.635581e-05;9.456487e-02;1.666700e-03;1.153320e-01;4.256556e-03;1.342791e-01;-4.947842e-04;9.172247e-02;6.796973e-04;4.738318e-02;2.068911e-03;3.656986e-02;4.511116e-04;2.823415e-02;1.746005e-03;2.103491e-02;2.809091e-03;1.968498e-02;1.073038e-03;1.112319e-01;4.687715e-03;6.792514e-02;4.157808e-03;1.120068e+01;1.823145e+00;3.328851e+01;2.483496e+00;5.886098e+01;6.574805e+00;7.394920e+01;1.234570e+01;4.545108e-02;-4.856767e-03;2.377496e+01;4.083557e+00;6.184325e-02;1.229965e-02;1.752541e+04;2.231348e+03;1.538597e-01;-2.008705e-02;2.331761e+00;-2.727192e-01;2.439535e-02;2.237898e-03;1.834084e-02;3.444575e-03;7.508482e-02;2.712863e-04;5.645776e-01;-4.957877e-02;8.720793e-01;-8.894736e-02;1.126441e+00;-8.613051e-02;1.424751e+00;-2.183236e-01;1.926501e+00;-1.947380e-01;1.640541e+00;8.467783e-03;1.865688e+00;-4.119871e-02;2.396152e+00;-4.949073e-02;2.164047e+00;-2.956634e-02;1.563905e+00;-2.778987e-02;1.798512e+00;1.481360e-02;2.139341e+00;-2.031786e-01;1.068940e+00;-9.752501e-02;1.544391e+00;-1.006685e-02
213.500000;6.820171e+01;2.131390e+02;1.793525e-02;7.616709e-01;9.569129e-02;1.004394e-01;1.564023e-01;1.174163e-01;8.470261e-02;2.085505e-01;1.959157e+00;3.441864e+00;2.335919e-01;2.109232e+00;1.151007e-01;1.001856e+00;8.235129e-03;9.135226e-02;6.648005e-03;3.216175e-02;1.666782e-02;1.210918e-01;5.422511e-02;2.726497e-01;5.454037e-02;4.307154e-01;4.612118e-02;5.656015e-01;7.655951e-02;6.663501e-01;1.475784e-01;7.753279e-01;1.299063e-01;9.256613e-01;1.242722e-01;9.891528e-01;2.416310e-01;1.052748e+00;1.621656e-01;1.072212e+00;1.520837e-01;1.072374e+00;1.833438e-01;1.142712e+00;1.681886e-01;1.159500e+00;2.425036e-01;1.235279e+00;3.641213e-01;1.282448e+00;3.101392e-01;1.358704e+00;4.231972e-01;1.476964e+00;3.641477e-01;1.514562e+00;4.380626e-01;1.497205e+00;4.905821e-01;1.491323e+00;2.560055e-01;1.386495e+00;1.381511e-01;1.222773e+00;9.747672e-02;1.070389e+00;1.155318e-01;9.181111e-01;1.198181e-01;7.504771e-01;6.900717e-02;5.974169e-01;3.683254e-01;1.525883e+00;2.418289e-01;6.346368e-01;3.323872e+01;2.536611e+02;1.212624e+02;3.776924e+02;2.914247e+02;7.872539e+02;2.692634e+02;1.277924e+03;1.616166e-01;7.793748e-01;1.217887e+02;5.842958e+02;3.982930e-01;3.929117e+00;9.219494e+04;2.584507e+05;8.472756e-01;2.234297e+00;1.570257e+01;2.138985e+01;7.319202e-02;-3.902360e-01;9.204964e-02;5.430716e-01;2.420121e-01;9.601853e-01;1.950159e+00;4.119520e+01;5.468088e+00;-2.236012e+01;6.333275e+00;9.588615e+00;5.440151e+00;2.452577e+00;5.446743e+00;-3.259377e-01;6.823326e+00;-6.170943e-01;7.483595e+00;-2.070930e+01;6.380256e+00;-1.356149e+01;7.807459e+00;-7.548103e-01;6.541246e+00;-1.213783e+01;6.754667e+00;-4.348349e+00;7.004033e+00;-4.592133e+00;2.826947e+00;-3.819028e+00;5.993299e+00;-7.367991e+00;2.307400e-04;2.527917e-05;8.834333e-08;3.657843e-09;5.259720e-07;-1.424838e-09;8.668790e-07;-4.112261e-09;5.411628e-07;-9.533053e-09;1.003447e-05;-4.779361e-07;4.123737e-02;-6.457899e-03;2.596302e-02;-2.087360e-03;2.216313e-03;1.093651e-05;9.839905e-04;-1.733434e-04;4.441757e-03;5.264846e-04;1.054918e-02;1.090684e-04;1.258781e-02;5.602952e-04;1.539760e-02;2.793114e-04;2.384609e-02;-3.511474e-04;3.544594e-02;-1.586685e-03;3.239200e-02;-1.146197e-04;3.158599e-02;1.450435e-03;5.871136e-02;-3.338275e-03;3.860348e-02;-3.255048e-03;2.939643e-02;-1.663021e-03;4.905948e-02;2.069064e-04;3.694044e-02;-4.309216e-03;5.412885e-02;-5.806373e-03;1.009736e-01;-3.985265e-03;8.970540e-02;-3.162281e-03;7.589377e-02;-6.751033e-03;9.467479e-02;-2.956981e-03;9.036914e-02;-7.061945e-03;1.020254e-01;-6.904140e-03;6.615344e-02;-3.580355e-03;5.383462e-02;-3.515056e-04;4.225349e-02;-6.544340e-04;2.971772e-02;-2.372222e-04;2.431441e-02;-1.234087e-03;1.864565e-02;-1.002184e-04;9.678081e-02;1.497681e-03;5.063884e-02;-5.250446e-03;8.821129e+00;5.742187e-02;3.581687e+01;-1.033594e+00;5.858567e+01;-4.493262e+00;4.961108e+01;-7.077246e+00;5.198700e-02;-3.032663e-03;2.336592e+01;-2.276962e+00;7.802985e-02;-1.050775e-02;1.569006e+04;-2.434541e+03;1.937488e-01;1.512202e-02;3.550820e+00;3.016589e-01;1.893031e-02;1.613631e-04;1.778102e-02;-1.617327e-03;7.113234e-02;-4.030957e-04;4.559320e-01;6.028911e-02;8.867501e-01;1.277483e-01;1.193124e+00;-1.389694e-01;1.228846e+00;-1.304934e-02;1.755033e+00;5.208358e-02;1.564528e+00;1.048354e-01;1.512953e+00;7.949805e-02;1.824804e+00;-9.290754e-02;1.679355e+00;4.066430e-02;1.474403e+00;-1.318918e-01;1.530261e+00;-2.163861e-01;2.173535e+00;-3.961658e-02;1.023272e+00;2.596091e-02;1.570350e+00;1.594464e-01
214.000000;5.275748e+01;2.225526e+02;1.956587e-02;7.742286e-01;5.227672e-02;6.042977e-02;7.790802e-02;6.591877e-02;7.675092e-02;1.919553e-01;2.127660e+00;4.870108e+00;2.381084e-01;1.782556e+00;8.524816e-02;9.587321e-01;1.489155e-02;8.711474e-02;5.304731e-03;2.460821e-02;1.241817e-02;1.344585e-01;4.670843e-02;2.807607e-01;8.040352e-02;4.217272e-01;3.784272e-02;5.458492e-01;8.072753e-02;6.499796e-01;1.213420e-01;7.103376e-01;1.191759e-01;8.576565e-01;1.412978e-01;9.524872e-01;2.990107e-01;9.795396e-01;2.193740e-01;9.992148e-01;1.207324e-01;9.887804e-01;1.576246e-01;1.107382e+00;1.555192e-01;1.141713e+00;2.715455e-01;1.222360e+00;3.241138e-01;1.247921e+00;2.909915e-01;1.311644e+00;2.318579e-01;1.315366e+00;4.089214e-01;1.437250e+00;2.352657e-01;1.401618e+00;1.975527e-01;1.347310e+00;1.453040e-01;1.323691e+00;1.484992e-01;1.232244e+00;1.053559e-01;1.071438e+00;1.129655e-01;9.118314e-01;1.181473e-01;7.289766e-01;6.996718e-02;6.055003e-01;5.377920e-01;1.510971e+00;2.229549e-01;3.462756e-01;2.124415e+01;2.311230e+02;8.135081e+01;3.026133e+02;1.733309e+02;4.961250e+02;2.190093e+02;9.853594e+02;2.191038e-01;7.617249e-01;7.642497e+01;4.518074e+02;4.530501e-01;3.469956e+00;5.949480e+04;1.688119e+05;9.435899e-01;3.260453e+00;2.264385e+01;4.171109e+01;1.134975e-01;-3.681568e-01;6.306331e-02;4.411336e-01;3.577237e-01;8.824921e-01;2.202458e+00;4.227710e+01;3.844661e+00;-1.507945e+01;5.049823e+00;6.366201e+00;5.422541e+00;3.899235e+00;4.974426e+00;1.147678e+00;5.815204e+00;1.196872e+00;5.570937e+00;-1.347005e+01;6.721068e+00;-1.297548e+01;8.884826e+00;-2.354060e+00;5.399575e+00;-1.799895e+01;9.326343e+00;-1.136118e+01;7.560332e+00;-4.792760e+00;3.382466e+00;-2.712333e+00;7.453896e+00;-1.572290e+00;9.522207e-05;-1.981750e-05;8.128777e-08;6.795469e-10;2.883201e-07;-1.145288e-09;5.237072e-07;2.239559e-08;4.778685e-07;-5.046993e-09;6.847913e-06;5.131038e-07;3.207814e-02;-1.091592e-02;2.048851e-02;-2.323401e-03;1.951905e-03;-3.886574e-04;9.047361e-04;-1.015369e-04;3.202443e-03;9.369798e-05;8.480492e-03;-4.234944e-04;1.102405e-02;-1.438656e-03;9.821677e-03;-8.691045e-04;2.119736e-02;-8.209118e-04;3.236806e-02;-1.247517e-03;2.895692e-02;-1.881160e-03;3.152197e-02;-7.585625e-04;5.809139e-02;-3.226315e-03;4.274552e-02;-3.200428e-03;3.358987e-02;6.574153e-04;5.557788e-02;-1.464056e-03;4.042099e-02;-2.574337e-03;6.503734e-02;-2.300789e-03;7.907986e-02;-1.539139e-02;7.421988e-02;-1.201507e-02;5.872186e-02;-4.535971e-05;1.013643e-01;1.159472e-04;6.004026e-02;-3.828197e-03;5.942468e-02;-8.913976e-04;5.419011e-02;-2.015501e-03;5.696072e-02;-1.033968e-03;4.170411e-02;1.007101e-03;3.154575e-02;-1.946672e-03;2.235642e-02;-3.444194e-03;1.939934e-02;-1.465492e-03;7.194524e-02;-1.275218e-02;3.750741e-02;-6.967652e-03;5.061193e+00;-7.177734e-01;1.689013e+01;-9.187500e-01;3.949163e+01;-4.320996e+00;4.873629e+01;-9.072657e+00;6.816071e-02;-1.957837e-03;1.539335e+01;-2.627688e+00;7.037433e-02;-4.604863e-03;1.184063e+04;-2.377936e+03;2.356070e-01;1.702254e-02;5.983164e+00;3.402501e-01;1.586847e-02;2.796920e-03;1.232485e-02;-1.864920e-03;7.421505e-02;-7.304582e-03;4.977033e-01;2.742075e-02;8.582383e-01;1.598457e-01;1.367605e+00;-3.971639e-02;1.326501e+00;-5.422201e-02;1.555632e+00;1.394199e-01;1.449369e+00;3.316510e-03;1.607693e+00;3.830353e-02;1.639074e+00;1.100749e-01;1.818568e+00;2.218405e-01;1.539737e+00;-7.338221e-02;1.522594e+00;-1.877957e-01;1.817691e+00;1.328917e-01;9.957461e-01;5.522864e-02;1.434796e+00;1.149983e-01
214.500000;6.480782e+01;1.995662e+02;2.021166e-02;7.819637e-01;5.288533e-02;5.788854e-02;1.049121e-01;8.438797e-02;6.790743e-02;1.932591e-01;1.799465e+00;5.486467e+00;1.213733e-01;1.585695e+00;1.031278e-01;9.844126e-01;1.461617e-02;8.125573e-02;4.159436e-03;2.272739e-02;1.720234e-02;1.297290e-01;4.041280e-02;2.751489e-01;9.072275e-02;4.222079e-01;3.360943e-02;5.456241e-01;1.056125e-01;7.050175e-01;1.623286e-01;8.214910e-01;8.222308e-02;8.006291e-01;1.063583e-01;8.528053e-01;2.686489e-01;8.873399e-01;2.034490e-01;9.395233e-01;1.078742e-01;9.878968e-01;1.502410e-01;1.136366e+00;2.137418e-01;1.216118e+00;3.775482e-01;1.348214e+00;3.294709e-01;1.393005e+00;3.131533e-01;1.413738e+00;3.344306e-01;1.437289e+00;5.880313e-01;1.548717e+00;2.373740e-01;1.467549e+00;2.795290e-01;1.452460e+00;1.671876e-01;1.345602e+00;1.438028e-01;1.231187e+00;9.428482e-02;1.062075e+00;1.202214e-01;8.811879e-01;5.318076e-02;7.101866e-01;5.301902e-02;5.836197e-01;5.743380e-01;1.455471e+00;6.905212e-02;1.502067e-01;1.798678e+01;2.223662e+02;2.948153e+01;2.773477e+02;7.456502e+01;4.165957e+02;2.251339e+02;7.507910e+02;2.270855e-01;6.557811e-01;4.701265e+01;3.982484e+02;4.577535e-01;3.349336e+00;5.891227e+04;1.400872e+05;1.215437e+00;4.382898e+00;5.120368e+01;7.078186e+01;1.107284e-01;-3.208302e-01;3.504737e-02;3.979460e-01;3.276510e-01;7.589912e-01;2.249739e+00;4.231514e+01;3.721499e+00;-1.175463e+01;8.709722e+00;1.247998e+01;3.500923e+00;3.195929e+00;9.723495e+00;-5.755721e+00;7.951326e+00;-7.743661e+00;5.192247e+00;-1.269940e+01;6.212987e+00;-7.359326e+00;8.430076e+00;2.549075e+00;7.396267e+00;-1.431351e+01;8.451181e+00;-1.171709e+01;6.565896e+00;-3.953699e+00;3.661562e+00;-3.782261e+00;7.372897e+00;-6.081274e-01;1.661784e-04;-2.433019e-05;6.058564e-08;2.395406e-09;3.507306e-07;-3.888688e-09;6.637984e-07;-7.864318e-10;3.840793e-07;-2.532255e-08;7.446098e-06;6.263164e-07;3.417622e-02;-3.179310e-03;2.827030e-02;-2.053623e-04;1.713588e-03;-2.851736e-04;6.482762e-04;5.706728e-05;2.614587e-03;2.805158e-04;6.191073e-03;-2.134409e-05;1.150880e-02;-1.470484e-03;8.141053e-03;-6.807193e-04;2.391658e-02;4.346832e-04;3.525684e-02;3.856573e-04;1.993233e-02;-2.184971e-03;2.348023e-02;-3.085577e-03;6.491780e-02;2.704967e-03;4.699770e-02;1.556666e-03;3.176234e-02;-1.431878e-03;4.899658e-02;-9.837163e-04;6.000871e-02;7.717368e-04;1.009389e-01;1.736487e-03;9.409916e-02;1.854287e-03;8.148729e-02;2.532778e-03;8.496984e-02;2.585383e-03;1.330294e-01;2.303742e-03;6.809197e-02;-2.248665e-03;7.814738e-02;-2.942917e-03;6.550065e-02;-3.188669e-03;5.700748e-02;-4.447139e-04;3.773624e-02;-4.095401e-04;3.471448e-02;-1.910573e-03;1.563971e-02;-4.823429e-04;1.669867e-02;-1.000226e-03;7.486894e-02;-1.130392e-02;1.571626e-02;-1.604078e-03;4.504850e+00;-5.024414e-01;6.504960e+00;1.866211e-01;1.649739e+01;1.220215e+00;3.801862e+01;-2.942871e+00;6.486264e-02;-2.804725e-03;9.459789e+00;-1.704741e-01;5.799254e-02;5.228559e-03;1.198167e+04;1.266343e+02;2.838844e-01;7.402255e-03;1.366046e+01;-9.506456e-02;1.303957e-02;2.255308e-03;7.239483e-03;-1.645569e-04;5.458194e-02;-4.623667e-03;5.794236e-01;-4.056747e-03;1.014933e+00;4.007104e-03;1.689834e+00;1.954262e-01;1.123429e+00;3.868078e-02;1.479161e+00;-2.040131e-01;1.605494e+00;-1.121866e-01;1.449898e+00;1.136620e-01;1.735920e+00;3.427535e-02;1.945186e+00;1.005675e-01;1.303078e+00;1.792077e-01;1.776350e+00;2.005743e-01;1.935125e+00;2.113859e-01;9.756114e-01;1.989231e-02;1.385191e+00;-8.988975e-02
215.000000;6.971870e+01;1.503246e+02;2.481052e-02;7.772439e-01;1.804787e-01;1.032610e-01;1.679566e-01;1.047876e-01;1.029323e-01;1.801405e-01;2.259190e+00;5.551038e+00;1.584588e-01;1.457507e+00;9.287423e-02;9.797748e-01;1.067587e-02;7.603278e-02;3.795523e-03;2.110607e-02;1.460526e-02;1.257908e-01;3.267462e-02;2.864358e-01;7.471390e-02;4.398182e-01;3.010350e-02;5.532700e-01;1.158525e-01;6.935474e-01;1.750453e-01;8.151155e-01;6.836898e-02;7.743754e-01;1.184215e-01;8.491848e-01;2.347373e-01;9.796462e-01;1.834810e-01;9.754677e-01;1.199640e-01;1.015166e+00;1.828191e-01;1.108784e+00;2.097494e-01;1.171302e+00;3.375967e-01;1.275500e+00;3.205777e-01;1.382584e+00;3.024201e-01;1.398690e+00;3.021690e-01;1.408021e+00;5.417354e-01;1.480857e+00;2.268648e-01;1.433241e+00;2.679082e-01;1.423419e+00;1.582839e-01;1.343825e+00;1.450611e-01;1.250454e+00;9.332520e-02;1.076210e+00;1.486730e-01;8.837925e-01;8.644937e-02;7.386846e-01;7.668539e-02;5.909604e-01;4.554159e-01;1.272798e+00;4.268141e-02;8.472253e-02;1.808732e+01;2.174854e+02;3.607652e+01;2.782090e+02;6.777545e+01;4.033887e+02;9.556678e+01;5.399092e+02;2.348950e-01;6.159388e-01;4.296735e+01;3.658337e+02;3.482656e-01;3.312168e+00;4.705002e+04;1.118341e+05;1.587217e+00;5.693991e+00;7.050290e+01;1.038469e+02;8.313011e-02;-2.789739e-01;3.704850e-02;3.730894e-01;2.464379e-01;5.875161e-01;2.038846e+00;4.154207e+01;4.700531e+00;-8.823020e+00;6.858679e+00;1.764578e+01;3.736506e+00;4.428874e+00;5.890682e+00;-1.205360e+01;4.405939e+00;-1.357988e+01;5.961888e+00;-1.222620e+01;6.300884e+00;-8.812601e+00;6.264446e+00;2.376693e+00;4.940882e+00;-9.883163e+00;6.535320e+00;-5.318655e+00;4.881550e+00;-7.642082e-01;3.040124e+00;-5.342893e+00;5.847892e+00;-4.096176e+00;1.420529e-04;-9.876324e-06;5.521387e-08;-1.724103e-09;6.748647e-07;6.828228e-08;7.603958e-07;2.164157e-08;5.915544e-07;-1.822603e-08;7.842231e-06;6.236758e-07;3.598787e-02;-1.852322e-03;2.622302e-02;3.308490e-04;1.822480e-03;1.650248e-04;5.698562e-04;-9.171075e-05;2.233704e-03;-7.242859e-05;6.344942e-03;2.547861e-04;1.219490e-02;1.808580e-03;8.980429e-03;1.297378e-04;2.981836e-02;-1.938882e-03;4.238720e-02;-2.002225e-03;1.955157e-02;-5.254382e-04;2.647449e-02;3.101035e-04;7.012878e-02;3.418022e-03;5.387497e-02;6.894780e-04;3.224258e-02;-1.023882e-03;5.703055e-02;1.995041e-03;5.454585e-02;4.227318e-04;8.837227e-02;-1.324476e-03;9.115899e-02;1.201397e-03;7.859018e-02;8.980497e-04;7.891799e-02;-4.171348e-04;1.224192e-01;-1.084798e-03;7.699677e-02;2.987314e-03;7.250820e-02;2.860758e-03;5.818829e-02;1.624903e-03;5.830953e-02;-8.438229e-04;3.348700e-02;-7.759501e-04;3.837109e-02;-4.183787e-04;1.636224e-02;-6.405578e-05;1.720445e-02;4.926352e-04;8.139721e-02;4.986610e-03;1.110960e-02;-4.459371e-04;4.420366e+00;4.019531e-01;1.042182e+01;-8.182617e-01;1.483188e+01;-2.081543e+00;1.812783e+01;-4.895215e+00;5.913156e-02;3.105590e-03;7.759840e+00;-1.404719e+00;4.947920e-02;-1.365497e-02;1.038265e+04;-9.731874e+02;3.426266e-01;5.044150e-02;1.724048e+01;1.159908e+00;1.340687e-02;-9.132760e-04;6.957269e-03;-1.226005e-03;4.383727e-02;1.422956e-03;6.048508e-01;-1.942236e-02;1.061862e+00;6.993822e-02;1.694362e+00;1.347018e-01;1.079059e+00;4.396892e-02;1.708494e+00;-4.060092e-02;1.461967e+00;-3.691199e-02;1.572412e+00;-5.713423e-02;1.820783e+00;-6.712913e-02;1.786525e+00;-2.074917e-01;1.447248e+00;-4.917324e-02;2.044190e+00;-2.899489e-02;1.789548e+00;-6.458017e-02;1.226829e+00;-1.922556e-02;1.415834e+00;-5.669209e-02
215.500000;1.157239e+01;1.012175e+02;2.450578e-02;7.644092e-01;2.199215e-01;1.396176e-01;2.287854e-01;1.323322e-01;1.442677e-01;1.740281e-01;2.369108e+00;6.672680e+00;3.242113e-01;1.398910e+00;2.323584e-01;1.044463e+00;3.625883e-02;8.401664e-02;3.209638e-03;1.841648e-02;8.693383e-02;1.655627e-01;8.032575e-02;2.952950e-01;5.820508e-02;4.154189e-01;5.894068e-02;5.498318e-01;9.862579e-02;6.385604e-01;1.998345e-01;7.916986e-01;3.691051e-01;9.276147e-01;1.581893e-01;8.861684e-01;2.381113e-01;1.036782e+00;2.184112e-01;1.049912e+00;2.465605e-01;1.149717e+00;5.477715e-01;1.272105e+00;5.101913e-01;1.307889e+00;3.778462e-01;1.306158e+00;4.165318e-01;1.392302e+00;2.776488e-01;1.355070e+00;6.304823e-01;1.533167e+00;8.887387e-01;1.632849e+00;3.164624e-01;1.503299e+00;5.254529e-01;1.596554e+00;4.944067e-01;1.546373e+00;2.359269e-01;1.334462e+00;1.197471e-01;1.124631e+00;1.381660e-01;9.404225e-01;1.046462e-01;7.750396e-01;8.426306e-02;6.291440e-01;3.050106e-01;9.881299e-01;1.131853e-01;9.723349e-02;5.502828e+01;1.893486e+02;7.884734e+01;2.519385e+02;1.044940e+02;3.396504e+02;8.613509e+01;4.750225e+02;2.876148e-01;6.349021e-01;6.329328e+01;3.197870e+02;3.873830e-01;3.111234e+00;4.113029e+04;9.767443e+04;6.376727e+00;8.067302e+00;8.498438e+02;3.166057e+02;4.068716e-01;-4.042519e-01;6.862616e-02;3.278283e-01;5.632138e-01;6.593534e-01;1.932934e+00;3.962130e+01;4.893196e+00;-5.023579e+00;7.854841e+00;2.010356e+01;4.100173e+00;6.993300e+00;8.618142e+00;-6.547467e+00;6.107011e+00;-1.181303e+01;5.648954e+00;-9.406368e+00;1.350084e+01;-4.790441e+00;1.218752e+01;3.370332e+00;7.644393e+00;-6.233284e+00;9.662453e+00;-1.969115e+00;4.808141e+00;1.235231e+00;3.998066e+00;-4.640571e+00;5.636023e+00;-5.290534e+00;6.260096e-05;2.392109e-06;6.991164e-08;-3.036765e-09;8.923636e-07;2.129521e-08;1.033735e-06;-9.465458e-10;9.245279e-07;4.517633e-10;9.741713e-06;2.529739e-07;4.690316e-02;5.514428e-03;3.968040e-02;3.088881e-03;7.341912e-03;7.420335e-04;7.586099e-04;-4.736711e-05;1.923737e-02;5.021792e-04;1.787161e-02;5.225362e-04;1.145546e-02;1.095085e-03;1.463047e-02;7.835937e-04;2.831750e-02;5.736556e-05;5.191809e-02;2.503661e-03;6.100845e-02;5.150012e-03;3.296070e-02;2.625756e-03;7.937795e-02;1.041758e-03;6.790808e-02;2.333952e-03;4.385149e-02;4.927211e-03;9.663391e-02;8.137796e-03;9.708762e-02;4.651433e-03;8.501588e-02;3.932981e-03;9.443524e-02;4.289779e-03;5.965837e-02;3.388792e-04;1.289882e-01;5.024611e-03;1.849713e-01;6.542732e-03;8.915427e-02;5.308724e-03;1.024359e-01;6.067311e-03;9.600198e-02;3.206732e-03;5.824977e-02;7.105538e-04;2.994584e-02;1.977769e-03;3.835140e-02;2.986845e-03;2.645047e-02;2.748519e-03;2.111441e-02;2.843146e-03;7.247619e-02;5.545821e-03;1.876501e-02;1.897254e-03;6.884207e+00;-1.047949e+00;1.442275e+01;-1.406836e+00;2.178381e+01;-2.612695e+00;2.652973e+01;3.158203e-01;8.932216e-02;3.490773e-03;1.482754e+01;-1.325080e+00;9.812038e-02;-8.153660e-03;1.148873e+04;-2.298603e+01;2.268731e+00;8.010755e-03;3.143419e+02;2.344397e-01;1.007411e-01;-7.620594e-03;1.461625e-02;-1.424409e-03;1.169141e-01;1.317017e-02;5.260504e-01;-3.764053e-02;1.361402e+00;5.116591e-02;1.690776e+00;4.135361e-02;1.365359e+00;7.586904e-02;1.894066e+00;1.703534e-01;2.066391e+00;6.336109e-02;1.798002e+00;-9.358350e-03;2.076123e+00;3.091064e-01;2.304630e+00;1.730990e-01;1.744465e+00;1.007343e-01;2.054287e+00;-6.212429e-02;1.690121e+00;-6.130217e-02;1.443820e+00;-4.101324e-02;1.493445e+00;-1.936791e-02
216.000000;1.134274e+01;1.112262e+02;1.881329e-02;7.670262e-01;1.459487e-01;9.741028e-02;1.805997e-01;1.075047e-01;1.330965e-01;1.857546e-01;2.174958e+00;7.709605e+00;4.105608e-01;1.639553e+00;2.477241e-01;1.089591e+00;3.946612e-02;1.170848e-01;3.273367e-03;1.608088e-02;8.565123e-02;1.708719e-01;7.924240e-02;3.014303e-01;5.717121e-02;4.262720e-01;7.722401e-02;5.596933e-01;1.208973e-01;6.756778e-01;1.867057e-01;8.059909e-01;3.744853e-01;9.668869e-01;1.592994e-01;9.054105e-01;2.189783e-01;1.031839e+00;2.223577e-01;1.124608e+00;2.440857e-01;1.182087e+00;5.413850e-01;1.329191e+00;5.095999e-01;1.415097e+00;4.572462e-01;1.456057e+00;5.008386e-01;1.563629e+00;3.546776e-01;1.477238e+00;6.698655e-01;1.646158e+00;9.095504e-01;1.766458e+00;4.851458e-01;1.689845e+00;5.903112e-01;1.666891e+00;5.405582e-01;1.527847e+00;2.720008e-01;1.274674e+00;1.338315e-01;1.078770e+00;1.124925e-01;9.242278e-01;9.256987e-02;7.503337e-01;7.358348e-02;6.121857e-01;4.083189e-01;1.139594e+00;1.585619e-01;1.961238e-01;6.054877e+01;1.306348e+02;8.143221e+01;1.810225e+02;9.707217e+01;2.594033e+02;1.272295e+02;4.445889e+02;2.447160e-01;7.136262e-01;6.669259e+01;2.645520e+02;3.415829e-01;2.885145e+00;6.103602e+04;1.103479e+05;6.573503e+00;8.073815e+00;8.550818e+02;3.327013e+02;4.159425e-01;-7.348658e-01;7.073737e-02;2.643678e-01;6.371816e-01;1.153492e+00;2.552705e+00;4.022985e+01;6.145995e+00;-6.320947e+00;8.646304e+00;2.580165e+01;6.113212e+00;1.187662e+01;7.602309e+00;-9.437138e-01;7.447699e+00;-6.285251e+00;6.103166e+00;-7.284415e+00;1.303523e+01;7.609089e+00;1.306705e+01;9.483195e+00;5.991797e+00;-3.134886e+00;1.097826e+01;3.403514e-01;5.337220e+00;9.155607e-01;4.662136e+00;-6.574016e+00;5.156147e+00;-5.383574e+00;4.973409e-05;8.969712e-06;7.173049e-08;4.988403e-09;6.617079e-07;-7.473071e-08;8.456651e-07;-5.770576e-08;8.656746e-07;1.836294e-08;9.824797e-06;-5.986543e-08;6.370415e-02;6.930931e-03;4.969742e-02;1.358063e-03;7.698605e-03;6.225701e-04;8.245645e-04;2.922650e-05;1.940697e-02;4.531884e-05;1.808544e-02;2.128236e-04;1.266303e-02;-5.391905e-05;1.774636e-02;1.179665e-03;2.850172e-02;1.927282e-03;4.473005e-02;1.638927e-03;6.290429e-02;6.159665e-04;3.287715e-02;-1.789174e-03;7.766272e-02;-9.596345e-04;7.621867e-02;2.207448e-03;4.837245e-02;1.766848e-03;1.005124e-01;9.924220e-04;1.109465e-01;2.410999e-03;1.156273e-01;4.098264e-03;1.260370e-01;3.886932e-03;9.015246e-02;3.140984e-03;1.490682e-01;4.876683e-03;2.035511e-01;4.761088e-03;1.227027e-01;2.541329e-03;1.156648e-01;1.423158e-03;1.016233e-01;-8.988909e-05;5.561933e-02;1.881462e-04;3.633251e-02;-2.407709e-04;3.662217e-02;1.268076e-03;2.650255e-02;-1.761351e-05;2.014084e-02;-7.217344e-04;8.630255e-02;4.998323e-03;3.426599e-02;2.077409e-03;6.532527e+00;-1.507324e+00;1.177123e+01;-1.105371e+00;2.032845e+01;-2.153320e-01;3.843084e+01;2.871094e-02;8.315929e-02;-2.271519e-04;1.703842e+01;-4.521274e-01;1.133078e-01;2.141035e-03;1.611582e+04;8.211539e+02;2.347566e+00;-3.281063e-02;3.176186e+02;-1.157327e+00;1.063664e-01;-6.307620e-03;1.580865e-02;-6.949317e-04;1.425571e-01;5.963592e-03;5.484576e-01;9.457286e-03;1.597311e+00;-9.668111e-02;1.687549e+00;2.027947e-01;1.290988e+00;1.056689e-01;2.012059e+00;3.042310e-02;2.219680e+00;1.708763e-02;2.050333e+00;3.193743e-02;1.934703e+00;1.761006e-01;2.514773e+00;1.699831e-01;1.620512e+00;6.794699e-02;2.116588e+00;2.324867e-01;1.727616e+00;5.715357e-02;1.415229e+00;-9.980164e-02;1.597731e+00;-6.070702e-02
216.500000;5.404186e+00;1.157514e+02;1.110496e-02;7.702101e-01;4.910059e-02;6.730697e-02;3.935259e-02;5.404527e-02;8.061951e-02;1.724010e-01;1.327307e+00;8.415668e+00;2.218861e-01;1.816860e+00;1.481387e-01;1.019483e+00;1.264215e-02;1.285284e-01;4.687789e-03;1.656085e-02;1.593362e-02;1.339448e-01;1.924765e-02;2.753422e-01;4.155314e-02;4.337651e-01;7.567884e-02;5.665655e-01;1.038771e-01;6.786336e-01;9.442832e-02;7.579402e-01;1.488519e-01;8.622052e-01;1.307152e-01;9.318347e-01;1.475132e-01;1.003756e+00;1.648411e-01;1.094516e+00;1.582572e-01;1.116169e+00;2.721456e-01;1.197334e+00;2.347491e-01;1.264212e+00;3.769534e-01;1.394062e+00;4.461254e-01;1.518880e+00;3.438978e-01;1.456257e+00;4.585336e-01;1.499976e+00;5.409447e-01;1.550221e+00;4.863317e-01;1.629530e+00;4.176832e-01;1.449696e+00;2.986897e-01;1.313576e+00;1.984309e-01;1.202513e+00;1.151185e-01;1.029510e+00;1.248746e-01;8.510948e-01;8.200973e-02;7.152478e-01;7.567101e-02;5.797629e-01;3.426804e-01;1.287954e+00;1.282670e-01;2.645028e-01;1.079909e+01;9.632520e+01;1.534021e+01;1.422627e+02;3.277923e+01;2.252373e+02;1.553084e+02;4.467422e+02;1.500530e-01;7.926327e-01;4.642057e+01;2.510418e+02;2.507481e-01;2.887441e+00;6.795609e+04;1.426211e+05;2.344190e+00;5.623625e+00;1.473579e+02;1.088943e+02;1.605713e-01;-8.002717e-01;3.558434e-02;2.413534e-01;3.676541e-01;1.274624e+00;2.136779e+00;4.196832e+01;5.158443e+00;-1.093157e+01;7.917080e+00;2.977573e+01;4.986155e+00;1.687505e+01;4.868609e+00;-4.665638e-01;3.824710e+00;-2.691399e+00;5.137513e+00;-5.974526e+00;4.780743e+00;1.295122e+01;6.531354e+00;1.097687e+01;4.738603e+00;-5.915318e+00;7.918136e+00;2.646131e+00;5.527946e+00;2.622844e-01;4.566837e+00;-1.006505e+01;6.410037e+00;-4.049777e-01;2.835091e-05;1.096599e-06;5.669436e-08;-6.928839e-10;2.861835e-07;3.316730e-09;2.282819e-07;1.141190e-08;4.803615e-07;6.604136e-09;7.375788e-06;1.756487e-07;6.265853e-02;-1.884931e-03;3.928889e-02;-1.699721e-03;4.261805e-03;-3.407596e-04;1.096085e-03;3.426557e-05;3.894252e-03;-6.925446e-04;5.217591e-03;-7.155982e-04;1.010207e-02;-6.766803e-05;1.843109e-02;-2.827738e-04;2.453599e-02;4.219793e-04;2.005576e-02;-1.495706e-03;3.264136e-02;-3.889968e-03;3.636013e-02;-1.355853e-03;5.790902e-02;-1.007675e-03;5.958784e-02;-1.687210e-03;4.865708e-02;-3.917733e-03;8.302388e-02;-7.504156e-03;7.019135e-02;-4.990735e-03;1.033352e-01;-2.570139e-03;1.231734e-01;-2.402554e-03;9.484743e-02;4.480409e-04;1.120340e-01;-1.137795e-03;1.379512e-01;-3.105530e-03;1.164168e-01;-1.268254e-03;8.463268e-02;-1.932282e-03;6.628222e-02;-6.850712e-04;5.356335e-02;7.702376e-04;4.066548e-02;-6.080611e-04;4.223039e-02;-1.587503e-03;2.528029e-02;-1.464453e-03;1.958222e-02;-1.463759e-03;8.282509e-02;-4.206248e-04;4.012528e-02;-6.294259e-04;4.477319e+00;2.153320e-01;6.209052e+00;5.024414e-01;1.116652e+01;8.039063e-01;5.020527e+01;-6.172851e-01;5.673701e-02;2.644798e-03;1.375136e+01;6.656567e-01;8.315682e-02;3.556313e-03;1.765325e+04;8.583683e+02;7.255129e-01;-8.944334e-03;4.916496e+01;-2.485639e-01;5.428097e-02;4.101021e-03;1.122653e-02;5.225629e-04;1.065267e-01;-4.966656e-03;6.007916e-01;8.333540e-03;1.374847e+00;-5.721425e-02;1.755630e+00;9.664439e-02;1.023611e+00;-3.523116e-03;1.816414e+00;-9.756681e-02;1.504796e+00;1.354140e-02;1.930162e+00;1.110859e-02;1.571814e+00;-8.335826e-02;1.891011e+00;-1.861231e-01;1.447948e+00;-5.945102e-02;1.977722e+00;1.198627e-01;1.673347e+00;5.280881e-02;1.420296e+00;-1.169003e-01;1.661820e+00;4.470372e-02
217.000000;5.773338e+00;1.159831e+02;1.236057e-02;7.684125e-01;5.492525e-02;8.591753e-02;4.478490e-02;6.179360e-02;8.549656e-02;1.737864e-01;1.364747e+00;7.731240e+00;2.442333e-01;1.812396e+00;1.680227e-01;1.019325e+00;2.448416e-02;1.164321e-01;4.895219e-03;1.985135e-02;4.277242e-02;1.310934e-01;5.489267e-02;2.703048e-01;3.012236e-02;4.163874e-01;7.195237e-02;5.652838e-01;6.807362e-02;6.582035e-01;8.810537e-02;7.552372e-01;1.189141e-01;8.573864e-01;1.467731e-01;9.576865e-01;1.240452e-01;9.746779e-01;1.113132e-01;1.022434e+00;1.602565e-01;1.137981e+00;3.190339e-01;1.235397e+00;2.010319e-01;1.251767e+00;3.154195e-01;1.315647e+00;4.114255e-01;1.403021e+00;3.425878e-01;1.427738e+00;4.983882e-01;1.533558e+00;6.675730e-01;1.586083e+00;3.879789e-01;1.504399e+00;4.331852e-01;1.460365e+00;5.057465e-01;1.418650e+00;3.411859e-01;1.280414e+00;1.396485e-01;1.079022e+00;1.915116e-01;9.149351e-01;1.026216e-01;7.408856e-01;8.790185e-02;6.039027e-01;2.884377e-01;1.204001e+00;1.355891e-01;2.941229e-01;3.476840e+01;1.106807e+02;4.095185e+01;1.666670e+02;6.329443e+01;2.555273e+02;3.120740e+02;6.012070e+02;2.343875e-01;8.248679e-01;6.533475e+01;2.962497e+02;2.676569e-01;3.054040e+00;5.533911e+04;182424;1.465145e+00;4.520421e+00;7.216248e+01;6.151783e+01;2.875151e-01;-6.772878e-01;5.880870e-02;2.799585e-01;4.746539e-01;1.169547e+00;2.158487e+00;4.125214e+01;3.584008e+00;-1.340749e+01;9.416945e+00;2.957819e+01;6.003105e+00;1.767254e+01;5.777308e+00;-3.139046e+00;4.950490e+00;-4.417922e+00;5.158015e+00;-7.856572e+00;6.483298e+00;1.009359e+01;6.106253e+00;1.097613e+01;5.308245e+00;-8.084206e+00;5.531277e+00;1.219615e+00;5.790911e+00;-4.628729e-01;5.881374e+00;-1.068471e+01;5.180309e+00;2.132297e+00;2.846755e-05;-7.590032e-07;7.174701e-08;4.680905e-10;3.208656e-07;-9.943886e-09;2.066770e-07;1.247264e-08;5.340253e-07;-4.902746e-09;7.889589e-06;9.674298e-08;7.114581e-02;1.816636e-03;4.380392e-02;9.531277e-04;7.223522e-03;1.195166e-04;1.233583e-03;-1.549508e-05;1.045917e-02;4.628806e-04;1.372234e-02;5.879709e-04;1.121654e-02;-2.037490e-04;2.016707e-02;-4.587774e-04;1.931685e-02;-8.741377e-05;2.162030e-02;1.262019e-03;3.390384e-02;1.321071e-03;4.387220e-02;1.005866e-04;4.313943e-02;2.993811e-04;3.378619e-02;-1.914819e-03;4.884740e-02;7.811812e-04;9.146912e-02;2.095168e-03;6.326396e-02;-2.419540e-04;9.404971e-02;-6.157848e-04;1.188621e-01;-4.288756e-04;8.599385e-02;5.727460e-04;1.173307e-01;1.588866e-03;1.606915e-01;3.976359e-03;8.599724e-02;-1.032286e-03;8.805653e-02;8.843559e-04;1.076905e-01;4.713304e-03;7.970057e-02;3.939105e-03;4.293877e-02;4.167835e-04;5.093522e-02;1.874125e-03;3.130491e-02;2.418940e-03;2.278351e-02;2.470158e-03;6.873751e-02;-2.842834e-03;4.319094e-02;2.145438e-03;8.772120e+00;0;1.122117e+01;0;1.602211e+01;-6.459961e-01;7.872168e+01;8.469726e-01;9.681258e-02;-6.516912e-04;1.644426e+01;1.304028e-01;7.361140e-02;-1.555209e-03;1.630630e+04;4.241093e+02;4.670264e-01;-5.449342e-03;2.548431e+01;1.136646e-02;8.971559e-02;-1.595955e-03;1.433021e-02;3.890005e-05;1.121595e-01;9.626311e-03;5.417009e-01;-4.137486e-02;1.205629e+00;2.193367e-02;1.985276e+00;-5.501787e-02;1.440508e+00;6.239667e-02;1.582280e+00;7.688224e-03;1.567036e+00;4.624400e-02;1.736130e+00;-3.692009e-02;1.693701e+00;1.536832e-02;1.753902e+00;1.003143e-01;1.618248e+00;9.141336e-02;1.521603e+00;-1.343424e-01;1.846950e+00;-2.353999e-02;1.469229e+00;6.078701e-02;1.304818e+00;-6.151695e-03
217.500000;1.757002e+01;1.055656e+02;2.112421e-02;7.737184e-01;5.887651e-02;6.878921e-02;5.007210e-02;7.034408e-02;1.326515e-01;1.764815e-01;2.397079e+00;7.893770e+00;2.786202e-01;1.853623e+00;1.835486e-01;1.038722e+00;4.114625e-02;1.203181e-01;7.882730e-03;2.208491e-02;6.477138e-02;1.435479e-01;7.842545e-02;2.755289e-01;4.208966e-02;4.157000e-01;7.564683e-02;5.673361e-01;9.054510e-02;6.721774e-01;1.591642e-01;7.857722e-01;1.392094e-01;8.496343e-01;1.663896e-01;9.165350e-01;1.133041e-01;9.564909e-01;2.464869e-01;1.085169e+00;1.393227e-01;1.145464e+00;2.924653e-01;1.211413e+00;1.951727e-01;1.239766e+00;3.316506e-01;1.354378e+00;3.108129e-01;1.371929e+00;3.195035e-01;1.478481e+00;4.405234e-01;1.508901e+00;6.122619e-01;1.597346e+00;4.742467e-01;1.567153e+00;6.003808e-01;1.565368e+00;5.281915e-01;1.476173e+00;3.958650e-01;1.313305e+00;1.241253e-01;1.108622e+00;1.619927e-01;9.884664e-01;1.027311e-01;7.848868e-01;1.007392e-01;6.272204e-01;3.811792e-01;1.166552e+00;1.364804e-01;3.277776e-01;5.535630e+01;1.217344e+02;7.834917e+01;1.815967e+02;2.096120e+02;3.148154e+02;4.548962e+02;7.220801e+02;2.803954e-01;8.379155e-01;1.308061e+02;3.304334e+02;4.752513e-01;3.113629e+00;8.455519e+04;2.091009e+05;1.511054e+00;4.159115e+00;5.806914e+01;4.654134e+01;4.938217e-01;-7.694216e-01;1.133918e-01;3.060716e-01;6.042773e-01;1.098979e+00;2.805331e+00;3.938999e+01;3.199820e+00;-1.396882e+01;9.036272e+00;2.995491e+01;4.980982e+00;1.804077e+01;5.860964e+00;-5.353222e+00;6.350753e+00;-5.529026e+00;5.528039e+00;-1.010215e+01;7.258648e+00;7.700728e+00;8.954003e+00;1.491309e+01;6.913114e+00;-6.091859e+00;8.786315e+00;1.589151e+00;4.753875e+00;-2.522765e+00;5.763548e+00;-9.506738e+00;4.261321e+00;6.365863e-02;2.442713e-05;-7.708839e-06;8.747700e-08;6.091593e-09;3.071544e-07;-1.060873e-08;2.361454e-07;6.173934e-09;7.369797e-07;-9.814316e-09;9.318228e-06;5.182646e-07;7.829678e-02;2.423170e-03;4.624098e-02;7.943206e-04;1.001501e-02;6.554596e-04;1.573398e-03;-9.007307e-05;1.432288e-02;7.145945e-04;2.091756e-02;2.443404e-04;1.529087e-02;4.143818e-05;2.300781e-02;-2.642180e-04;2.513343e-02;-1.975458e-04;4.391130e-02;1.090915e-03;3.822576e-02;-9.385895e-04;4.925583e-02;-1.615800e-03;3.671734e-02;-1.964734e-03;5.377104e-02;3.698039e-03;4.853640e-02;1.266587e-03;7.821453e-02;-2.899378e-04;6.011149e-02;1.467110e-03;8.368114e-02;3.617253e-03;8.895025e-02;-3.763670e-04;8.576334e-02;1.704318e-03;1.088852e-01;-1.871595e-03;1.504745e-01;-9.581059e-04;1.047799e-01;2.441773e-03;1.274218e-01;4.395092e-03;1.112360e-01;1.456535e-03;8.979357e-02;1.753264e-03;4.045963e-02;7.516236e-04;4.576546e-02;2.263384e-03;2.939866e-02;7.715729e-04;2.356277e-02;1.451397e-03;1.207170e-01;-2.552382e-03;4.551899e-02;1.893936e-03;1.189627e+01;-5.311524e-01;1.974738e+01;-9.331055e-01;5.968590e+01;-1.349414e+00;1.081759e+02;-2.052832e+00;1.057876e-01;5.675284e-04;3.095668e+01;-1.206089e+00;9.983059e-02;-7.386018e-03;2.368896e+04;-6.493403e+02;4.335817e-01;1.009243e-02;2.133944e+01;1.451620e-01;1.222227e-01;-8.768530e-03;2.588705e-02;-1.177871e-03;1.366043e-01;-5.871483e-03;5.657579e-01;-4.658343e-02;1.055609e+00;1.212876e-02;1.789375e+00;-5.378837e-03;1.570251e+00;9.690806e-02;1.611429e+00;8.034258e-02;1.755847e+00;-5.515412e-03;1.861390e+00;-2.621977e-02;1.775459e+00;-4.804917e-03;2.519054e+00;9.919503e-02;2.005671e+00;9.423652e-02;1.866768e+00;2.060174e-01;1.565895e+00;-5.616197e-02;1.393821e+00;1.080950e-02;1.412741e+00;-2.015572e-02
218.000000;1.539911e+01;8.227477e+01;2.436012e-02;7.924119e-01;4.571833e-02;4.232780e-02;4.532005e-02;4.637144e-02;1.259667e-01;1.268015e-01;3.210317e+00;1.078064e+01;2.479484e-01;1.876098e+00;1.626174e-01;1.015398e+00;4.094167e-02;1.513947e-01;9.413182e-03;1.730537e-02;5.037378e-02;1.494095e-01;5.742471e-02;2.762737e-01;4.117908e-02;4.124286e-01;7.685361e-02;5.485882e-01;8.146049e-02;6.783185e-01;1.987738e-01;8.007903e-01;1.615675e-01;8.352001e-01;1.306582e-01;8.819711e-01;9.701420e-02;9.327919e-01;2.781084e-01;1.141755e+00;1.559729e-01;1.158200e+00;2.275044e-01;1.162408e+00;2.128564e-01;1.255503e+00;3.416025e-01;1.352453e+00;3.153188e-01;1.335248e+00;3.627155e-01;1.439667e+00;3.406884e-01;1.399816e+00;5.133556e-01;1.493872e+00;5.100732e-01;1.567676e+00;6.489754e-01;1.584017e+00;3.562947e-01;1.375761e+00;3.029859e-01;1.268250e+00;1.047850e-01;1.080152e+00;1.339902e-01;9.055425e-01;9.335402e-02;7.578715e-01;9.325443e-02;6.063792e-01;4.022843e-01;1.049901e+00;1.180369e-01;3.428670e-01;5.682499e+01;8.656348e+01;8.391002e+01;1.322139e+02;2.310918e+02;2.354297e+02;4.367791e+02;4.909570e+02;2.119537e-01;8.405972e-01;1.489851e+02;2.491642e+02;5.717421e-01;2.734293e+00;1.010016e+05;1.602885e+05;2.233361e+00;5.412221e+00;1.194196e+02;8.807819e+01;4.954634e-01;-1.172582e+00;1.287195e-01;2.293721e-01;4.946293e-01;7.427951e-01;2.621123e+00;3.894708e+01;4.029627e+00;-1.280069e+01;7.070479e+00;3.079163e+01;7.151921e+00;2.208952e+01;8.864704e+00;-2.792504e-01;5.543620e+00;-4.725469e+00;5.070708e+00;-1.159055e+01;6.718022e+00;9.412266e+00;8.839859e+00;1.755006e+01;6.303489e+00;-1.177946e+00;1.066420e+01;1.050845e+01;4.293301e+00;-1.750430e+00;6.023230e+00;-9.740282e+00;5.125942e+00;3.394039e-01;2.122222e-05;-6.912391e-06;6.761321e-08;4.598499e-09;2.073668e-07;1.269419e-08;1.977164e-07;-1.835750e-10;5.940514e-07;-3.536910e-09;8.141746e-06;6.085036e-07;7.129466e-02;-2.566634e-04;4.211526e-02;-2.833358e-04;7.818778e-03;2.948821e-04;1.479560e-03;-4.396573e-05;1.028897e-02;-4.784297e-04;1.622294e-02;-6.305524e-04;1.343504e-02;1.095223e-04;2.274668e-02;4.596389e-04;2.175694e-02;4.454931e-04;5.826504e-02;9.526733e-04;4.914978e-02;-2.116831e-04;4.297751e-02;4.873572e-04;3.510521e-02;-3.758388e-04;7.550693e-02;2.728367e-03;4.801599e-02;-1.017808e-03;5.994424e-02;-2.984847e-03;5.549437e-02;-1.033039e-03;7.693093e-02;2.736837e-03;8.276083e-02;1.487910e-03;9.998546e-02;1.337227e-03;9.388862e-02;-2.216550e-03;1.252491e-01;-2.858004e-04;1.170087e-01;1.850169e-03;1.509204e-01;2.749062e-03;7.615279e-02;-3.625414e-03;7.351281e-02;-2.160714e-03;3.232595e-02;-9.042248e-04;3.335522e-02;-2.472974e-03;2.147920e-02;-2.328397e-03;2.068932e-02;-1.984738e-03;1.243145e-01;-1.188779e-03;4.069366e-02;-4.185408e-04;8.968434e+00;-4.306641e-01;1.710471e+01;-4.306641e-01;5.808140e+01;-8.182617e-01;8.557990e+01;-1.478613e+00;6.923040e-02;-3.446806e-04;2.849101e+01;-7.727129e-01;9.348899e-02;-2.613250e-03;2.291729e+04;-5.246117e+02;5.592059e-01;5.862232e-03;3.665497e+01;3.303936e-02;9.462902e-02;-4.347097e-03;2.333541e-02;-7.344598e-04;1.075861e-01;-1.474319e-02;5.850428e-01;3.163166e-02;1.083537e+00;-5.795182e-02;1.428817e+00;2.215541e-02;1.626998e+00;5.373244e-03;1.857620e+00;3.258984e-02;1.503889e+00;-1.130765e-02;1.710368e+00;-5.858682e-02;1.785803e+00;1.587975e-03;2.427640e+00;-4.974301e-02;2.020648e+00;4.261412e-02;2.159288e+00;2.895264e-01;1.161109e+00;1.207094e-02;1.837432e+00;-1.038070e-01;1.686410e+00;3.786206e-02
218.500000;7.711447e-01;7.223439e+01;3.904772e-03;8.090526e-01;2.986140e-02;2.344509e-02;2.056909e-02;2.548119e-02;6.321961e-02;8.754693e-02;1.528311e+00;1.356727e+01;2.769269e-01;1.884039e+00;1.923434e-01;1.021356e+00;4.058396e-03;1.755813e-01;3.311404e-03;1.092215e-02;1.521488e-02;1.396720e-01;1.175823e-02;2.715975e-01;2.953770e-02;4.130198e-01;7.923701e-02;5.513107e-01;6.465829e-02;6.755010e-01;1.832439e-01;7.736364e-01;2.131497e-01;8.576458e-01;1.330904e-01;9.277718e-01;1.518806e-01;9.873559e-01;2.209015e-01;1.080228e+00;1.767028e-01;1.166383e+00;2.575762e-01;1.212393e+00;2.747053e-01;1.311699e+00;4.095138e-01;1.309831e+00;5.310698e-01;1.397345e+00;3.789320e-01;1.390126e+00;4.510509e-01;1.444534e+00;7.098056e-01;1.525054e+00;5.630443e-01;1.545273e+00;6.234644e-01;1.555122e+00;4.083133e-01;1.391794e+00;3.468593e-01;1.282954e+00;1.168775e-01;1.096897e+00;1.366517e-01;9.074745e-01;6.811398e-02;7.384733e-01;4.687170e-02;6.021516e-01;2.996885e-01;9.422598e-01;1.873079e-01;3.933714e-01;8.064656e+00;4.852148e+01;0;8.613281e+01;1.594104e+01;1.095322e+02;7.476912e+01;2.777783e+02;1.196220e-01;7.938420e-01;3.422534e+01;1.676986e+02;1.963378e-01;2.340254e+00;6.054271e+04;1.141445e+05;2.292851e+00;6.570475e+00;1.475683e+02;1.373316e+02;7.512521e-02;-1.473626e+00;2.509724e-02;1.554059e-01;1.893439e-01;5.353324e-01;2.371475e+00;3.920552e+01;4.084964e+00;-1.205197e+01;6.262835e+00;3.020095e+01;8.048052e+00;2.620926e+01;7.487164e+00;5.238199e+00;4.065640e+00;-4.597850e+00;5.845613e+00;-1.430921e+01;5.748955e+00;1.183882e+01;7.351506e+00;2.015430e+01;4.643228e+00;1.951705e+00;6.777917e+00;1.628344e+01;4.712862e+00;-2.689909e-01;7.282991e+00;-8.552430e+00;4.538202e+00;3.970479e+00;2.363964e-06;4.175918e-07;1.833838e-08;9.299681e-10;8.311832e-08;-1.167788e-09;9.134646e-08;-1.164787e-08;3.176938e-07;3.532102e-09;5.954579e-06;6.611024e-07;7.552630e-02;3.873797e-03;4.824813e-02;2.341292e-03;1.227198e-03;1.800242e-05;7.465497e-04;3.754095e-05;1.165064e-03;-7.070951e-04;1.757231e-03;-2.667567e-04;1.052876e-02;-1.895673e-04;2.491620e-02;1.181224e-03;1.460378e-02;2.358578e-05;5.243924e-02;3.809457e-04;5.653835e-02;4.382146e-03;3.762231e-02;5.412869e-03;3.394728e-02;6.549561e-03;6.656055e-02;-1.584985e-03;4.438153e-02;-1.071892e-03;6.872709e-02;9.720812e-04;7.249426e-02;2.831045e-03;9.903882e-02;2.624405e-03;1.313968e-01;8.728546e-03;1.001224e-01;6.293965e-04;1.244816e-01;4.463984e-03;1.815034e-01;6.062762e-03;1.283940e-01;6.240532e-03;1.461828e-01;4.311692e-03;8.345178e-02;5.740919e-03;7.585798e-02;3.600495e-03;3.398313e-02;2.231460e-04;3.383259e-02;1.275435e-03;1.674438e-02;-2.126817e-04;1.408353e-02;-7.281906e-04;8.632798e-02;6.268898e-04;5.425522e-02;3.216034e-03;2.037061e+00;-1.148437e-01;0;0;3.892927e+00;-2.727539e-01;2.382545e+01;9.043945e-01;3.644216e-02;-3.185993e-03;9.793109e+00;5.342483e-01;5.553750e-02;1.564219e-03;1.606408e+04;1.027612e+03;7.362097e-01;-1.272441e-02;4.835075e+01;-1.728625e-01;2.187880e-02;-2.774517e-04;7.361883e-03;3.622847e-04;6.143980e-02;2.346075e-03;5.115279e-01;-1.437096e-02;1.178132e+00;-4.322023e-02;1.522648e+00;-3.255602e-02;1.769459e+00;-7.256850e-02;1.903543e+00;4.395442e-02;1.364028e+00;3.231060e-03;1.610243e+00;4.711651e-02;1.703785e+00;7.398200e-02;1.926745e+00;-2.650969e-02;1.546756e+00;-1.552573e-01;1.780390e+00;-8.320804e-02;1.231697e+00;7.577340e-02;1.998161e+00;1.103146e-01;1.367533e+00;1.046838e-01
219.000000;4.897041e+01;8.506008e+01;1.384040e-02;8.035687e-01;7.113764e-02;2.493698e-02;1.122819e-01;4.200162e-02;8.809315e-02;1.120411e-01;8.298526e+00;1.176934e+01;3.035824e-01;2.002444e+00;1.868602e-01;1.041472e+00;2.831981e-02;1.671129e-01;8.815298e-03;1.515747e-02;3.334612e-02;1.274715e-01;4.720732e-02;2.744467e-01;4.581960e-02;4.290774e-01;7.813109e-02;5.730079e-01;5.517880e-02;6.776192e-01;1.593807e-01;8.070298e-01;1.990241e-01;8.903508e-01;2.060249e-01;9.782405e-01;2.162766e-01;1.012067e+00;2.027514e-01;1.036801e+00;1.860580e-01;1.120941e+00;2.777049e-01;1.191947e+00;2.718570e-01;1.235189e+00;3.741482e-01;1.382261e+00;4.876947e-01;1.474210e+00;3.163999e-01;1.483898e+00;4.223480e-01;1.484349e+00;6.385887e-01;1.587830e+00;5.625928e-01;1.630254e+00;6.344038e-01;1.669963e+00;3.972673e-01;1.413738e+00;3.714242e-01;1.288109e+00;1.352440e-01;1.069554e+00;1.707896e-01;9.167870e-01;9.143172e-02;7.216142e-01;6.604235e-02;6.015138e-01;3.306415e-01;9.926550e-01;2.082064e-01;4.738994e-01;5.475798e+01;6.474316e+01;6.748231e+01;1.102500e+02;2.004684e+02;1.765723e+02;4.694593e+02;4.625332e+02;2.197763e-01;7.682250e-01;1.429175e+02;2.306867e+02;5.196452e-01;2.535140e+00;1.252274e+05;1.813154e+05;2.614763e+00;5.623526e+00;1.257711e+02;9.945911e+01;3.724855e-01;-1.372431e+00;1.183462e-01;2.054916e-01;3.164413e-01;6.536143e-01;2.562506e+00;3.822113e+01;4.608459e+00;-1.497981e+01;6.417397e+00;3.334285e+01;9.695130e+00;2.071238e+01;6.805285e+00;2.405579e+00;5.337732e+00;-5.280840e+00;7.923788e+00;-1.403189e+01;6.548085e+00;1.602468e+01;1.081659e+01;1.424802e+01;6.684940e+00;-1.764246e-01;6.865600e+00;1.698177e+01;8.848217e+00;-1.726548e+00;8.973036e+00;-9.464531e+00;3.882972e+00;6.955530e+00;1.932700e-04;9.877343e-06;5.636910e-08;-1.918513e-10;3.012000e-07;-2.955401e-08;5.663838e-07;-2.890611e-08;4.437099e-07;1.552084e-09;3.954573e-05;-3.638194e-08;8.464359e-02;5.017704e-04;4.894361e-02;-1.225056e-03;7.102056e-03;6.069219e-06;1.500633e-03;7.684556e-06;8.495732e-03;6.324585e-04;1.439517e-02;6.235304e-04;1.514994e-02;-3.720423e-04;2.601664e-02;-1.624068e-03;1.362175e-02;1.964730e-04;4.350720e-02;-2.159879e-03;4.935003e-02;-2.217450e-03;4.572970e-02;9.236164e-04;3.754254e-02;2.038334e-03;6.081238e-02;-1.426052e-03;4.428360e-02;1.683630e-03;7.508466e-02;4.009431e-03;6.861389e-02;3.932333e-03;9.231520e-02;-4.990838e-03;1.205604e-01;-5.088482e-03;8.275210e-02;-4.064745e-03;1.191526e-01;-1.278934e-03;1.722267e-01;-8.221115e-03;1.420644e-01;-7.102540e-03;1.606260e-01;-8.825690e-03;9.063063e-02;-3.262630e-03;9.166393e-02;-2.997884e-03;3.494414e-02;2.043312e-03;4.350868e-02;2.119188e-03;2.176172e-02;2.188032e-03;1.740423e-02;1.390557e-03;1.107256e-01;-1.463825e-03;6.183409e-02;1.014037e-03;1.151551e+01;2.153320e-01;1.540791e+01;0;5.304508e+01;3.014649e-01;1.078409e+02;1.722656e-01;7.197393e-02;2.455316e-03;3.344588e+01;1.447023e-01;1.137265e-01;1.184704e-03;3.096832e+04;1.082047e+02;7.623689e-01;-3.660004e-03;3.822435e+01;2.063339e-02;1.018752e-01;7.787326e-05;2.711297e-02;1.285334e-04;1.167159e-01;2.303858e-04;6.513957e-01;-3.915345e-03;1.222567e+00;1.417459e-02;1.577410e+00;-8.162931e-02;1.906979e+00;6.212841e-02;1.649284e+00;1.884733e-02;1.587346e+00;-6.981637e-03;1.813923e+00;4.089625e-02;1.868220e+00;3.307698e-02;2.138870e+00;-2.538421e-03;1.520704e+00;-7.357360e-02;1.754487e+00;-4.541498e-02;1.487546e+00;-4.339082e-02;1.857074e+00;1.129899e-01;1.260986e+00;6.806670e-02
219.500000;4.861163e+01;9.196467e+01;2.805161e-02;7.834842e-01;1.348623e-01;8.092652e-02;1.595106e-01;9.564444e-02;7.996627e-02;1.184633e-01;8.171430e+00;8.796853e+00;3.291102e-01;1.963868e+00;1.821948e-01;1.014998e+00;5.001196e-02;1.370700e-01;1.191207e-02;2.271479e-02;6.446207e-02;1.276978e-01;8.318072e-02;2.800964e-01;4.864486e-02;4.327919e-01;6.592625e-02;5.616284e-01;8.348044e-02;6.689005e-01;1.521982e-01;7.731300e-01;1.186520e-01;8.776376e-01;2.012058e-01;1.022482e+00;2.346222e-01;1.071191e+00;1.816278e-01;1.061375e+00;2.182037e-01;1.066814e+00;2.419938e-01;1.118321e+00;1.954871e-01;1.156591e+00;3.453437e-01;1.304260e+00;6.365929e-01;1.482294e+00;6.256002e-01;1.581743e+00;4.388060e-01;1.440314e+00;4.956943e-01;1.438638e+00;5.609794e-01;1.516808e+00;6.202340e-01;1.517255e+00;3.415313e-01;1.358411e+00;3.347156e-01;1.239877e+00;1.482430e-01;1.062076e+00;2.035878e-01;9.038451e-01;1.258855e-01;7.298282e-01;8.748666e-02;5.959323e-01;3.409855e-01;1.010208e+00;2.844571e-01;4.474614e-01;8.259711e+01;1.158486e+02;2.809574e+02;2.140400e+02;3.704608e+02;3.410859e+02;5.798575e+02;7.223672e+02;3.223867e-01;8.054461e-01;2.266853e+02;3.403770e+02;6.656909e-01;3.013308e+00;1.638857e+05;2.395725e+05;2.109309e+00;4.397952e+00;6.909279e+01;5.482885e+01;6.091869e-01;-1.019380e+00;1.759508e-01;3.009971e-01;4.500330e-01;7.089222e-01;2.789265e+00;3.872406e+01;3.573027e+00;-1.630644e+01;1.104280e+01;2.928188e+01;7.485670e+00;1.569092e+01;6.934803e+00;-3.086444e+00;5.461342e+00;-4.778812e+00;1.022122e+01;-7.554920e+00;9.357619e+00;1.346612e+01;1.196719e+01;2.974361e+00;9.511033e+00;-6.821033e+00;9.025887e+00;1.434581e+01;9.508504e+00;-6.062073e+00;8.227131e+00;-9.420469e+00;4.263615e+00;8.924617e+00;1.936856e-04;1.553050e-05;1.038904e-07;-4.776722e-09;6.158267e-07;-4.206047e-08;7.749356e-07;-3.153439e-08;4.365079e-07;1.666238e-08;3.991144e-05;-1.253948e-06;7.554779e-02;-1.066299e-03;4.146504e-02;2.241745e-04;1.023521e-02;-3.137871e-04;2.629923e-03;7.193246e-05;1.484651e-02;1.510944e-03;2.044195e-02;1.879565e-03;1.518278e-02;4.816909e-04;2.195530e-02;-2.744184e-04;2.336212e-02;5.504434e-04;4.246582e-02;4.042350e-04;3.159814e-02;-2.036499e-03;4.261072e-02;-5.306616e-03;5.050925e-02;-5.687719e-03;6.185743e-02;5.278143e-04;4.389467e-02;2.839124e-03;5.967441e-02;6.312029e-04;4.365369e-02;-9.983602e-04;7.098392e-02;9.542097e-04;1.383590e-01;-3.329683e-04;1.456820e-01;4.473226e-03;9.899023e-02;1.011631e-03;1.121779e-01;5.854902e-03;1.303856e-01;4.369401e-03;1.444522e-01;2.582315e-03;7.725376e-02;-9.212472e-04;8.355056e-02;-7.372292e-04;4.363986e-02;-1.431777e-03;6.144740e-02;-3.347141e-03;3.166624e-02;-5.855518e-05;2.752702e-02;-1.109633e-03;1.179983e-01;4.591512e-06;6.657129e-02;-1.558587e-04;1.543797e+01;4.306641e-01;9.893251e+01;4.306641e-01;1.206872e+02;1.234570e+00;1.543999e+02;5.971875e+00;1.052915e-01;-1.800660e-04;6.737296e+01;1.163967e+00;1.322956e-01;4.380331e-03;4.903744e+04;1.113880e+03;6.107711e-01;-1.163074e-02;2.201357e+01;-1.804257e-01;1.444506e-01;5.210185e-03;4.729727e-02;9.824270e-04;1.338790e-01;7.104239e-03;7.851133e-01;3.328107e-02;1.216810e+00;-1.782274e-02;1.646723e+00;8.452377e-02;1.903484e+00;-1.144660e-02;1.599859e+00;-7.751469e-02;1.564225e+00;4.013953e-02;2.053916e+00;6.807870e-02;2.103188e+00;-2.933018e-02;2.288887e+00;-1.747531e-01;1.832523e+00;8.182792e-02;2.081046e+00;7.432859e-03;1.557948e+00;-1.816681e-01;1.772155e+00;-1.143021e-01;1.425327e+00;1.560014e-02
220.000000;1.638539e+01;9.941977e+01;2.324590e-02;7.771541e-01;1.163877e-01;8.440177e-02;1.193520e-01;8.758456e-02;7.128435e-02;1.144780e-01;2.304762e+00;9.024303e+00;2.946747e-01;1.841238e+00;1.818410e-01;9.878918e-01;3.939659e-02;1.296985e-01;1.156237e-02;1.953011e-02;6.145431e-02;1.468556e-01;7.652154e-02;2.954584e-01;3.329396e-02;4.253165e-01;5.282009e-02;5.431295e-01;8.598222e-02;6.654820e-01;1.268368e-01;7.534332e-01;1.276964e-01;8.525245e-01;1.780363e-01;9.332833e-01;1.920957e-01;1.050900e+00;1.590992e-01;1.038175e+00;1.919976e-01;1.060571e+00;2.805143e-01;1.179462e+00;1.881024e-01;1.173302e+00;3.329235e-01;1.206632e+00;6.469324e-01;1.379379e+00;6.639443e-01;1.382428e+00;4.692139e-01;1.420634e+00;5.867693e-01;1.450406e+00;5.390392e-01;1.410004e+00;5.034992e-01;1.337600e+00;3.719260e-01;1.372946e+00;3.380065e-01;1.234760e+00;1.371795e-01;1.092501e+00;1.775800e-01;9.262768e-01;1.121721e-01;7.560126e-01;8.281599e-02;5.977150e-01;2.513896e-01;9.742847e-01;2.710534e-01;3.464735e-01;6.488211e+01;1.169971e+02;2.745602e+02;2.114561e+02;3.321463e+02;3.067764e+02;4.469003e+02;5.857031e+02;2.799089e-01;7.595210e-01;2.008886e+02;3.103784e+02;5.620363e-01;2.935898e+00;1.500343e+05;1.933393e+05;2.375962e+00;5.004825e+00;1.305418e+02;8.236655e+01;4.519186e-01;-8.803701e-01;1.495042e-01;2.827886e-01;6.051068e-01;1.105871e+00;2.648513e+00;4.017084e+01;4.393991e+00;-1.267096e+01;9.834967e+00;2.651592e+01;7.815362e+00;1.838330e+01;6.938162e+00;-3.245638e+00;5.097353e+00;-1.902416e+00;7.390494e+00;-2.024579e+00;7.821090e+00;1.095283e+01;1.173279e+01;4.301316e+00;7.901278e+00;-8.964959e+00;7.779129e+00;1.164799e+01;5.595748e+00;-8.037244e+00;5.977335e+00;-9.865663e+00;5.117063e+00;6.986486e+00;1.790819e-05;7.046066e-06;9.150006e-08;-5.800754e-09;5.534666e-07;-1.578009e-08;5.407377e-07;-2.000532e-08;4.386359e-07;1.522189e-08;8.314314e-06;-5.161937e-07;6.765220e-02;2.738362e-03;4.270874e-02;4.894795e-03;7.775943e-03;-3.100647e-04;2.371098e-03;9.057696e-05;1.291592e-02;-6.350369e-04;1.587951e-02;-6.225961e-04;1.043391e-02;6.609876e-05;1.845742e-02;1.800690e-03;2.565457e-02;1.892394e-04;3.478752e-02;2.222149e-03;3.839876e-02;3.656505e-03;3.622281e-02;1.767870e-03;5.130268e-02;1.414733e-03;4.701826e-02;3.679794e-03;4.095969e-02;-8.148859e-04;6.782324e-02;-3.907981e-03;5.196710e-02;2.192515e-03;8.113573e-02;8.989634e-03;1.479989e-01;7.980475e-03;1.586859e-01;6.189547e-03;1.199510e-01;1.288218e-02;1.396897e-01;1.926342e-02;1.199945e-01;1.693664e-02;1.136697e-01;1.760682e-02;8.718523e-02;1.539092e-02;7.589161e-02;1.274487e-02;4.417840e-02;3.683042e-04;5.892150e-02;1.657774e-04;3.194993e-02;-1.293733e-03;2.683514e-02;-9.692292e-04;8.443911e-02;3.607107e-03;6.329118e-02;6.795850e-04;1.042404e+01;2.153320e-01;9.772532e+01;4.306641e-01;1.086271e+02;7.751953e-01;1.178040e+02;2.799316e+00;8.729723e-02;-1.185844e-04;5.998273e+01;1.377474e+00;9.456601e-02;3.887337e-03;4.356361e+04;1.729963e+03;7.294474e-01;-1.487482e-02;4.681774e+01;-3.054031e-01;1.087601e-01;5.155399e-03;3.998446e-02;1.122480e-03;1.111797e-01;1.431125e-02;6.892874e-01;-2.594154e-02;1.237704e+00;-2.347128e-02;1.746926e+00;9.946543e-02;1.659254e+00;-2.060521e-01;1.696807e+00;-2.155910e-02;1.361467e+00;2.147889e-02;1.893220e+00;1.210100e-01;1.921260e+00;2.717405e-02;2.095472e+00;-9.028818e-02;1.687716e+00;-6.271949e-02;1.854714e+00;-9.524389e-02;1.445051e+00;8.413763e-02;1.443772e+00;-8.607829e-02;1.319988e+00;-1.279586e-01
220.500000;4.089466e+00;1.129173e+02;1.028408e-02;7.777645e-01;3.868409e-02;5.259083e-02;3.139249e-02;4.661523e-02;7.408660e-02;1.286262e-01;1.076653e+00;9.414442e+00;2.755244e-01;1.929182e+00;1.874752e-01;1.009238e+00;6.863741e-03;1.433169e-01;4.769154e-03;1.591207e-02;2.808131e-02;1.454270e-01;3.477394e-02;2.932729e-01;2.409524e-02;4.292316e-01;5.596917e-02;5.513936e-01;7.255542e-02;6.638299e-01;1.202322e-01;7.901513e-01;1.737599e-01;8.628125e-01;1.385634e-01;8.770887e-01;1.091517e-01;9.593892e-01;1.772858e-01;1.033678e+00;1.421099e-01;1.118862e+00;2.848965e-01;1.272762e+00;2.305780e-01;1.256465e+00;3.426760e-01;1.301074e+00;3.801474e-01;1.318731e+00;3.417079e-01;1.271792e+00;5.131776e-01;1.483105e+00;6.689967e-01;1.617587e+00;5.721375e-01;1.533017e+00;5.827936e-01;1.486692e+00;4.471790e-01;1.428192e+00;3.784017e-01;1.271054e+00;1.134136e-01;1.063985e+00;1.596666e-01;8.892131e-01;7.844561e-02;7.282676e-01;7.334939e-02;5.931042e-01;2.236701e-01;1.108998e+00;1.749618e-01;3.620960e-01;6.540803e+00;8.871680e+01;5.407650e+00;1.304912e+02;3.103538e+01;1.982490e+02;2.607087e+02;4.590879e+02;1.749800e-01;7.611568e-01;5.303881e+01;2.465520e+02;2.312720e-01;2.720184e+00;8.475408e+04;1.641378e+05;2.227883e+00;5.384079e+00;1.356052e+02;9.059599e+01;1.030538e-01;-9.813007e-01;3.839933e-02;2.311181e-01;2.974540e-01;1.547075e+00;2.963509e+00;4.062392e+01;4.436548e+00;-1.160113e+01;6.523948e+00;3.151109e+01;7.533085e+00;1.935230e+01;7.087777e+00;7.011698e-01;4.209457e+00;-7.959313e-01;5.387158e+00;-3.973382e+00;5.876462e+00;1.592678e+01;4.684732e+00;1.039274e+01;3.985780e+00;-7.297033e+00;6.709331e+00;8.284329e+00;5.298963e+00;-4.893068e+00;4.204148e+00;-1.336585e+01;4.864604e+00;3.633974e+00;1.628177e-05;-1.729748e-06;3.936164e-08;-1.829384e-09;2.249083e-07;5.224659e-09;1.805973e-07;-6.006140e-09;4.696300e-07;-2.560421e-09;5.898025e-06;5.493147e-08;7.335398e-02;5.791838e-04;4.872504e-02;7.666363e-04;3.219341e-03;1.767949e-06;1.169025e-03;-1.423533e-05;4.034328e-03;-1.554409e-03;6.848851e-03;-2.005253e-03;8.177259e-03;-7.998533e-04;1.690288e-02;-3.026630e-04;2.161344e-02;-1.170281e-03;3.283967e-02;-2.210497e-04;4.851219e-02;1.078181e-03;3.605695e-02;3.424886e-03;3.724062e-02;2.026675e-03;4.744378e-02;-2.987685e-03;4.494464e-02;-3.283675e-03;8.771992e-02;-1.301156e-03;6.246986e-02;3.167993e-03;1.003581e-01;7.849862e-04;1.215753e-01;8.197633e-04;1.100335e-01;-3.955101e-03;1.353031e-01;5.878265e-03;1.665862e-01;1.099938e-03;1.324317e-01;-7.336806e-04;1.334303e-01;1.284779e-03;1.103731e-01;5.386198e-03;9.148053e-02;5.897091e-03;3.588060e-02;1.551266e-03;4.677314e-02;4.647869e-03;2.674543e-02;3.353722e-04;2.109767e-02;8.640829e-04;6.274963e-02;1.546100e-03;5.278696e-02;-3.032245e-04;2.607800e+00;0;2.129260e+00;0;9.876511e+00;2.727539e-01;8.649644e+01;2.440430e-01;5.425788e-02;1.888990e-03;1.630844e+01;-1.003710e-02;6.842724e-02;7.075407e-04;2.470315e+04;-2.154190e+02;7.628036e-01;2.208614e-03;4.947682e+01;2.691230e-02;4.733263e-02;-4.710840e-04;1.197768e-02;3.571859e-05;1.103629e-01;2.651219e-03;6.962661e-01;-2.151542e-02;1.298920e+00;3.574498e-02;1.756945e+00;-1.944314e-02;1.770581e+00;-2.782138e-02;2.264014e+00;3.412693e-02;1.282713e+00;-8.446539e-02;1.845427e+00;-1.959159e-02;1.751979e+00;9.858499e-02;1.564407e+00;1.351102e-01;1.395468e+00;-1.073153e-01;1.543908e+00;-1.141255e-01;1.417975e+00;1.313253e-01;1.175928e+00;2.843859e-02;1.329477e+00;-1.109037e-01
221.000000;3.562760e+01;1.168370e+02;1.173543e-02;7.667686e-01;5.683115e-02;8.353762e-02;5.676971e-02;6.367775e-02;9.421859e-02;1.303245e-01;6.497716e+00;7.061034e+00;2.809956e-01;2.016476e+00;1.965542e-01;1.035572e+00;2.305361e-02;1.341875e-01;3.829252e-03;1.978836e-02;2.673902e-02;1.188499e-01;3.004261e-02;2.612195e-01;2.816834e-02;4.266851e-01;6.096269e-02;5.698471e-01;8.007246e-02;6.647105e-01;1.336348e-01;7.793843e-01;1.728768e-01;8.962163e-01;1.212361e-01;9.655452e-01;1.113066e-01;1.010108e+00;1.575453e-01;1.075185e+00;1.466603e-01;1.132550e+00;2.459559e-01;1.203318e+00;2.151406e-01;1.268899e+00;3.671210e-01;1.329282e+00;4.135481e-01;1.419944e+00;2.892362e-01;1.444898e+00;5.429903e-01;1.559524e+00;6.660689e-01;1.605482e+00;5.819650e-01;1.573211e+00;6.103991e-01;1.556475e+00;4.915420e-01;1.446249e+00;4.285816e-01;1.293532e+00;1.150257e-01;1.074509e+00;1.954403e-01;9.181206e-01;8.119827e-02;7.306408e-01;7.303134e-02;6.004883e-01;2.763771e-01;1.303885e+00;1.802853e-01;4.095622e-01;4.254744e+01;1.099629e+02;4.256100e+01;1.507324e+02;6.222727e+01;2.426074e+02;3.048262e+02;6.248936e+02;2.171719e-01;8.491796e-01;6.726849e+01;2.948227e+02;2.288364e-01;2.962286e+00;7.200208e+04;2.000786e+05;1.248348e+00;4.378700e+00;5.200992e+01;4.989256e+01;2.736540e-01;-8.906624e-01;5.928508e-02;2.743833e-01;4.257389e-01;1.407604e+00;2.897318e+00;3.984454e+01;3.564310e+00;-1.372331e+01;7.874113e+00;3.061742e+01;6.765666e+00;1.573804e+01;7.982962e+00;-9.071172e-01;4.196174e+00;-2.406697e+00;5.017701e+00;-5.735599e+00;1.046001e+01;1.500290e+01;6.463152e+00;8.290275e+00;5.551343e+00;-1.036750e+01;5.078848e+00;2.811271e+00;6.437951e+00;-5.285046e+00;3.242651e+00;-1.298218e+01;4.339880e+00;3.021672e+00;1.508681e-04;6.318961e-06;6.193612e-08;2.980911e-10;2.537247e-07;1.758360e-08;2.743976e-07;1.982848e-08;4.140730e-07;-2.766762e-09;3.669863e-05;-2.478888e-09;8.075762e-02;2.588105e-03;4.912597e-02;-1.175405e-03;6.597756e-03;3.821870e-04;1.099066e-03;-3.237592e-05;1.063565e-02;1.082649e-03;1.053366e-02;1.023225e-03;9.338727e-03;2.699463e-04;1.730290e-02;-8.886906e-04;2.334715e-02;-5.282373e-04;3.365397e-02;-1.499581e-03;4.503554e-02;-1.160746e-03;4.008156e-02;7.688253e-04;3.422044e-02;2.805611e-04;4.335834e-02;4.027000e-04;5.117130e-02;1.081746e-03;8.375969e-02;6.833446e-04;6.131088e-02;-5.094144e-04;1.023673e-01;-3.173200e-03;1.118168e-01;-3.066369e-03;9.119409e-02;-2.418887e-03;1.234805e-01;-6.872136e-03;1.587175e-01;-6.231673e-03;1.279518e-01;-4.589891e-03;1.320081e-01;-4.256665e-03;1.215776e-01;-2.266241e-03;1.065705e-01;-5.764848e-04;3.987841e-02;-2.866506e-04;5.812135e-02;-1.169172e-03;3.055224e-02;2.510273e-03;2.317316e-02;8.302101e-04;8.343805e-02;7.332799e-04;5.886338e-02;2.301109e-03;8.655050e+00;1.435547e-01;9.170650e+00;-1.435547e-02;1.653837e+01;-4.880859e-01;1.060173e+02;-5.885742e-01;8.102267e-02;5.343577e-03;1.857035e+01;-5.210024e-01;6.606256e-02;-1.255463e-03;2.148842e+04;-6.851378e+02;4.120351e-01;8.975325e-03;1.740809e+01;2.088163e-01;8.622313e-02;-7.402879e-03;1.542372e-02;-4.086416e-04;1.258875e-01;-1.774292e-03;7.033869e-01;-4.609871e-03;1.085361e+00;-3.492250e-04;1.906268e+00;-3.097545e-02;1.601639e+00;3.865428e-02;2.389701e+00;5.588286e-02;1.343076e+00;5.297476e-02;2.041308e+00;3.067946e-02;2.475540e+00;1.397193e-02;1.698265e+00;-3.850429e-02;1.704324e+00;5.198280e-03;1.638459e+00;-7.171655e-02;1.746024e+00;-2.803036e-02;1.016691e+00;2.829563e-02;1.267728e+00;3.029761e-02
221.500000;6.421792e+01;1.321563e+02;1.871005e-02;7.629005e-01;1.043918e-01;1.205472e-01;9.199472e-02;1.005002e-01;1.162816e-01;1.615325e-01;1.283940e+01;3.673069e+00;2.625639e-01;2.053930e+00;1.747890e-01;1.028883e+00;3.071872e-02;1.218288e-01;7.369653e-03;2.383598e-02;5.876989e-02;1.257142e-01;5.155899e-02;2.608382e-01;5.665278e-02;4.195080e-01;5.182904e-02;5.645460e-01;7.286483e-02;6.761612e-01;1.282278e-01;7.748845e-01;1.313644e-01;8.773727e-01;1.298299e-01;9.863031e-01;1.500021e-01;1.000303e+00;1.688747e-01;1.085036e+00;1.621242e-01;1.170589e+00;3.002144e-01;1.217560e+00;2.185888e-01;1.288614e+00;3.289700e-01;1.326001e+00;3.467513e-01;1.381334e+00;2.301476e-01;1.454926e+00;4.495223e-01;1.500314e+00;5.951366e-01;1.560203e+00;5.278018e-01;1.540663e+00;5.600063e-01;1.533744e+00;5.008323e-01;1.420889e+00;4.407665e-01;1.278460e+00;1.230695e-01;1.058758e+00;2.028638e-01;9.266314e-01;8.415428e-02;7.262054e-01;8.671824e-02;5.953876e-01;3.257842e-01;1.298411e+00;2.159479e-01;4.692124e-01;5.921070e+01;1.398223e+02;7.613475e+01;1.902100e+02;2.555482e+02;3.700840e+02;3.868399e+02;8.288848e+02;2.952210e-01;8.726980e-01;1.258443e+02;3.700797e+02;3.202672e-01;3.155437e+00;6.505882e+04;2.423335e+05;1.036442e+00;3.518260e+00;1.480139e+01;2.853149e+01;3.777781e-01;-7.608638e-01;1.099805e-01;3.389905e-01;5.057356e-01;1.284871e+00;1.905644e+00;3.957846e+01;3.741791e+00;-1.728036e+01;1.023154e+01;2.832779e+01;4.826456e+00;1.288120e+01;6.606981e+00;-2.644830e+00;5.428153e+00;-3.745629e+00;8.361708e+00;-7.938302e+00;1.169403e+01;1.255444e+01;6.330091e+00;6.575206e+00;7.417140e+00;-1.211950e+01;6.886962e+00;-1.342061e+00;8.193032e+00;-7.478786e+00;3.369445e+00;-1.168143e+01;2.932550e+00;3.341590e+00;1.960472e-04;1.846867e-05;9.457820e-08;2.366322e-09;3.370228e-07;2.529654e-09;3.835854e-07;-9.264332e-09;4.857330e-07;3.278582e-09;7.606975e-05;-2.564161e-07;8.303013e-02;1.314536e-03;4.517797e-02;-3.070437e-03;9.292444e-03;5.995143e-04;1.353385e-03;-7.168052e-05;1.584631e-02;1.442671e-03;1.395943e-02;1.289256e-03;1.578612e-02;3.959312e-04;1.557708e-02;3.219045e-05;2.287161e-02;7.667689e-04;3.484260e-02;-1.091351e-03;3.504764e-02;-2.344031e-03;4.240501e-02;-2.498063e-04;4.300953e-02;-8.394697e-04;3.993355e-02;4.234836e-03;4.774240e-02;2.343113e-03;9.366383e-02;-8.586963e-04;6.084777e-02;-4.644444e-03;8.591998e-02;-5.652022e-03;7.372199e-02;-1.060596e-02;8.445276e-02;-2.060435e-03;8.712327e-02;-1.219663e-02;1.271394e-01;-1.322737e-02;1.171959e-01;-8.661010e-03;1.240029e-01;-7.474565e-03;1.208302e-01;-6.026575e-03;1.075366e-01;-6.359334e-03;4.422219e-02;-1.407443e-03;5.949600e-02;-5.264227e-03;3.120513e-02;-2.413376e-04;2.697169e-02;-1.131429e-03;9.940577e-02;3.447844e-03;6.918500e-02;-8.915400e-05;1.249354e+01;-1.291992e-01;1.857366e+01;-1.291992e-01;6.147705e+01;-1.019238e+00;9.464347e+01;-5.785254e+00;9.532825e-02;1.146623e-02;2.875375e+01;-1.349783e+00;8.656543e-02;-3.634411e-03;1.753523e+04;-1.866644e+03;2.576549e-01;1.860807e-02;4.357347e+00;3.172911e-01;1.227845e-01;-1.010012e-02;2.450657e-02;-1.020430e-03;1.581291e-01;5.185455e-05;6.141972e-01;4.067938e-02;8.686476e-01;-2.587678e-02;1.829817e+00;-7.908262e-02;1.272542e+00;-1.210786e-02;1.710930e+00;1.058894e-01;1.478765e+00;7.495593e-02;2.416753e+00;-4.121853e-02;2.544599e+00;-6.054071e-02;1.853777e+00;-2.911469e-02;2.137769e+00;1.001125e-01;2.228702e+00;3.319750e-02;2.035599e+00;-3.302882e-02;1.163580e+00;4.087002e-02;1.052367e+00;2.755931e-02
222.000000;6.339434e+01;1.081760e+02;2.247154e-02;7.787002e-01;1.119965e-01;7.791713e-02;9.047907e-02;8.432345e-02;9.846023e-02;1.725568e-01;1.195127e+01;6.394772e+00;2.503762e-01;2.098541e+00;1.725079e-01;1.022126e+00;3.776902e-02;1.481500e-01;9.945855e-03;1.963215e-02;7.336290e-02;1.668541e-01;4.769649e-02;2.788855e-01;5.530085e-02;4.126493e-01;5.734362e-02;5.517280e-01;6.270348e-02;6.964004e-01;1.404244e-01;7.703405e-01;1.082370e-01;8.295379e-01;1.957671e-01;9.532578e-01;2.750681e-01;9.557248e-01;1.805075e-01;1.092910e+00;1.515705e-01;1.213188e+00;2.850760e-01;1.205795e+00;2.032422e-01;1.285195e+00;3.165393e-01;1.342018e+00;2.284500e-01;1.332851e+00;2.598979e-01;1.447013e+00;4.082174e-01;1.439216e+00;5.583764e-01;1.505898e+00;4.879039e-01;1.505240e+00;5.766264e-01;1.520007e+00;4.911846e-01;1.416029e+00;4.041817e-01;1.287969e+00;1.758602e-01;1.079572e+00;2.003033e-01;9.219050e-01;1.081466e-01;7.666823e-01;9.410708e-02;5.984136e-01;3.646076e-01;1.209850e+00;1.860279e-01;4.921785e-01;6.407365e+01;1.045078e+02;8.840859e+01;1.485791e+02;2.818954e+02;3.074941e+02;4.491476e+02;6.428379e+02;3.175968e-01;9.655501e-01;1.574462e+02;3.014711e+02;4.467160e-01;2.899751e+00;8.836337e+04;1.987622e+05;1.495082e+00;4.199138e+00;3.050234e+01;4.444020e+01;4.980816e-01;-1.112963e+00;1.379218e-01;2.748720e-01;5.231984e-01;1.016237e+00;1.866781e+00;4.036376e+01;3.281204e+00;-1.770944e+01;8.567023e+00;2.679119e+01;9.068317e+00;1.678774e+01;6.245562e+00;1.143474e+00;6.694563e+00;-1.603650e+00;9.063706e+00;-7.192637e+00;8.325547e+00;1.250273e+01;6.578217e+00;1.002333e+01;9.417825e+00;-7.486281e+00;9.969302e+00;4.142642e+00;8.187901e+00;-6.569874e+00;4.651083e+00;-7.530314e+00;4.714492e+00;5.757594e+00;1.269031e-04;9.061742e-06;8.017648e-08;3.150871e-09;2.963527e-07;-1.197049e-09;3.211261e-07;-3.808658e-08;4.940163e-07;-4.683338e-08;6.691866e-05;3.964435e-07;6.953487e-02;-4.199646e-03;3.831836e-02;-4.003875e-03;7.102500e-03;-1.828682e-05;1.270587e-03;-3.187200e-05;1.471301e-02;-1.021303e-03;1.096671e-02;-8.554911e-04;1.534749e-02;2.212758e-04;1.656906e-02;-1.200294e-03;1.837447e-02;-1.764200e-04;3.926546e-02;-2.121081e-03;3.547452e-02;-2.229977e-03;4.492377e-02;-3.510249e-03;5.555287e-02;-4.483751e-03;4.235902e-02;-3.314794e-03;4.478431e-02;-1.473144e-03;8.094966e-02;-1.259108e-03;4.706028e-02;-5.792381e-03;6.948337e-02;-7.570918e-03;6.123839e-02;-8.852437e-04;8.636819e-02;1.307656e-03;7.722673e-02;-1.061728e-02;1.033703e-01;-1.370723e-02;1.002632e-01;-1.085675e-02;1.197705e-01;-1.208563e-02;1.042048e-01;-9.136433e-03;8.668334e-02;-9.221484e-03;4.483381e-02;-1.377177e-03;5.075128e-02;8.483655e-04;2.606749e-02;-3.011128e-03;2.667706e-02;-5.707535e-04;1.108856e-01;-3.781088e-03;6.185891e-02;-1.952846e-03;9.615753e+00;-5.024414e-01;1.642845e+01;-4.163086e-01;5.991935e+01;-4.163086e-01;6.700996e+01;-1.248926e+00;8.930968e-02;-6.302390e-03;2.586839e+01;-7.450882e-01;8.105306e-02;-2.677424e-03;1.589590e+04;-7.717134e+02;2.475335e-01;9.386073e-03;5.282738e+00;2.624432e-01;9.837523e-02;1.346365e-03;2.161786e-02;-6.541404e-04;1.432597e-01;-1.015943e-02;5.931095e-01;2.565345e-02;7.508663e-01;1.844114e-02;1.387844e+00;-9.613166e-02;1.653268e+00;1.231191e-01;1.377650e+00;1.642124e-02;1.360707e+00;-4.127025e-02;2.382117e+00;-8.367227e-03;1.901524e+00;-1.096688e-01;1.734130e+00;3.182250e-02;2.072333e+00;1.405478e-01;1.971241e+00;1.236792e-01;2.100319e+00;-1.453225e-01;1.254039e+00;3.216476e-02;1.465181e+00;9.125193e-02
222.500000;9.434173e-01;7.247393e+01;5.654319e-03;7.967340e-01;2.148942e-02;1.515491e-02;3.720390e-02;3.260488e-02;8.297834e-02;1.222915e-01;1.203058e+00;1.101481e+01;2.237212e-01;2.157895e+00;1.604397e-01;1.034872e+00;7.361247e-03;1.780626e-01;4.014931e-03;1.376921e-02;5.563379e-02;1.617350e-01;2.371083e-02;2.744830e-01;3.023173e-02;4.113179e-01;6.215197e-02;5.605038e-01;4.564110e-02;7.062359e-01;1.605612e-01;7.826787e-01;1.294411e-01;8.648896e-01;1.932776e-01;9.886072e-01;3.545871e-01;1.075838e+00;1.733610e-01;1.077560e+00;1.401929e-01;1.154931e+00;1.590087e-01;1.143072e+00;1.342634e-01;1.227446e+00;3.264436e-01;1.350548e+00;1.902043e-01;1.350496e+00;2.651053e-01;1.464958e+00;3.989521e-01;1.487257e+00;5.445340e-01;1.504067e+00;4.822700e-01;1.525547e+00;6.202956e-01;1.556019e+00;4.235186e-01;1.435036e+00;3.276892e-01;1.298643e+00;1.627185e-01;1.133148e+00;1.814103e-01;9.650751e-01;8.791777e-02;7.841989e-01;8.069226e-02;6.223787e-01;3.521157e-01;1.190716e+00;1.197269e-01;4.724135e-01;1.093657e+01;5.541211e+01;1.428351e+00;8.627637e+01;3.100615e+01;1.373818e+02;8.626621e+01;3.333340e+02;2.422259e-01;9.587499e-01;2.459801e+01;1.911757e+02;1.776983e-01;2.560738e+00;3.683723e+04;1.375114e+05;8.175627e-01;5.215621e+00;3.498796e+01;6.600780e+01;1.352003e-01;-1.511717e+00;1.988018e-02;1.763605e-01;2.577120e-01;7.581116e-01;2.313082e+00;4.016624e+01;1.983844e+00;-1.556573e+01;6.652534e+00;2.549644e+01;8.014542e+00;1.983270e+01;5.211646e+00;2.591846e+00;4.976105e+00;1.537814e+00;6.381008e+00;-1.984766e+00;6.324285e+00;1.358475e+01;5.971211e+00;1.222278e+01;7.031328e+00;-4.272349e+00;4.075626e+00;1.274992e+01;5.670392e+00;-5.126532e+00;6.019972e+00;-3.371201e+00;5.900290e+00;8.520022e+00;3.842095e-06;1.154685e-07;2.721628e-08;2.615618e-09;5.189607e-08;4.361876e-09;1.065256e-07;-1.280605e-08;3.672633e-07;-4.036778e-08;5.710014e-06;1.031655e-06;6.409539e-02;-2.457269e-03;3.771592e-02;-2.615555e-03;2.006157e-03;-2.856892e-04;9.030544e-04;2.733686e-05;8.671114e-03;-1.380119e-03;4.845290e-03;-1.210598e-03;9.641761e-03;-1.250572e-03;1.956666e-02;-2.103101e-03;1.485816e-02;-7.458116e-04;4.371480e-02;-3.106640e-03;4.336524e-02;-2.169738e-04;4.487287e-02;-1.778666e-03;6.664445e-02;-7.030973e-04;5.120524e-02;-3.613218e-03;3.843813e-02;-1.049971e-03;4.284235e-02;3.338115e-03;3.923909e-02;-1.597616e-04;7.229066e-02;-6.058965e-03;5.942717e-02;-2.934799e-03;8.638242e-02;-6.605938e-03;9.727744e-02;-3.965374e-03;1.202751e-01;-4.409099e-03;1.110161e-01;-4.462798e-03;1.354765e-01;-8.321512e-03;1.025941e-01;-6.150336e-03;7.716934e-02;-5.319102e-03;4.170554e-02;-1.851592e-03;4.862857e-02;-1.909929e-03;2.144050e-02;-1.583153e-03;2.418121e-02;-4.514238e-04;1.114107e-01;-1.079472e-02;5.046826e-02;1.671004e-03;3.514335e+00;-1.866211e-01;2.132113e+00;-3.014649e-01;8.441406e+00;-4.593750e-01;4.640916e+01;3.761133e+00;6.934724e-02;-1.086958e-02;9.146795e+00;1.702145e-01;4.995625e-02;-2.908184e-03;1.427442e+04;7.996186e+02;2.543836e-01;5.871711e-04;9.512983e+00;5.319986e-01;3.630898e-02;5.104463e-03;7.056893e-03;-2.110957e-05;8.513116e-02;-1.190939e-02;6.302634e-01;8.365936e-04;8.065216e-01;-2.600681e-02;1.226155e+00;-1.031240e-01;1.932412e+00;4.838925e-02;1.350953e+00;4.815861e-02;1.322575e+00;5.779364e-02;1.792323e+00;2.260339e-02;2.048131e+00;6.438642e-02;1.743594e+00;1.088978e-01;1.723142e+00;9.624016e-04;1.359309e+00;1.702105e-02;1.847890e+00;2.423808e-02;1.389531e+00;7.916293e-02;1.743980e+00;1.319311e-01
223.000000;1.423644e+01;7.697857e+01;1.639614e-02;7.965453e-01;7.633261e-02;3.188470e-02;3.212333e-02;2.107164e-02;7.118085e-02;1.102728e-01;3.092731e+00;1.151368e+01;2.491453e-01;2.273134e+00;1.560697e-01;1.054332e+00;2.257640e-02;1.713459e-01;7.191877e-03;1.715546e-02;2.025568e-02;1.247800e-01;1.598861e-02;2.626719e-01;4.833612e-02;4.237491e-01;5.974461e-02;5.710574e-01;7.342625e-02;6.808777e-01;1.707804e-01;8.329022e-01;1.277668e-01;9.009466e-01;1.630822e-01;9.281460e-01;2.885888e-01;1.029853e+00;2.105636e-01;1.077738e+00;1.110988e-01;1.071387e+00;2.171523e-01;1.145358e+00;1.697612e-01;1.251186e+00;3.090641e-01;1.402117e+00;3.117729e-01;1.436500e+00;2.587063e-01;1.468101e+00;4.013375e-01;1.516179e+00;6.811001e-01;1.691017e+00;6.212134e-01;1.731378e+00;6.976913e-01;1.769598e+00;3.720813e-01;1.462273e+00;3.138210e-01;1.308843e+00;1.144835e-01;1.070374e+00;1.788829e-01;9.149889e-01;6.658581e-02;7.384779e-01;8.384793e-02;6.021332e-01;3.852157e-01;1.141588e+00;2.456126e-01;6.060597e-01;5.097202e+01;6.531738e+01;5.756525e+01;1.033594e+02;1.500640e+02;1.699688e+02;4.580253e+02;5.630215e+02;1.719951e-01;8.324524e-01;1.213961e+02;2.468665e+02;4.123156e-01;2.661867e+00;1.084983e+05;2.086255e+05;1.448313e+00;4.554198e+00;4.355181e+01;5.105089e+01;3.011940e-01;-1.420112e+00;1.010828e-01;2.182858e-01;2.307542e-01;8.074020e-01;2.393055e+00;3.876363e+01;4.746626e+00;-1.822086e+01;7.560038e+00;2.881863e+01;6.342209e+00;1.512834e+01;7.283839e+00;5.374562e-01;7.506187e+00;7.561051e-01;8.227671e+00;-4.323312e+00;8.483454e+00;1.948685e+01;6.312542e+00;9.944674e+00;4.965479e+00;-5.364434e+00;6.104085e+00;1.670525e+01;7.242719e+00;-5.137016e+00;7.799503e+00;-6.438928e+00;5.526029e+00;8.451530e+00;5.886243e-05;1.489169e-06;3.632026e-08;-5.324101e-09;1.931874e-07;6.214453e-08;2.093323e-07;3.531607e-08;3.107220e-07;2.908022e-08;8.913893e-06;-7.683644e-07;7.726200e-02;-9.025529e-04;4.661589e-02;-7.559861e-04;3.949277e-03;-8.128730e-04;1.268200e-03;1.340388e-04;3.629805e-03;-7.920230e-04;4.789073e-03;-4.700743e-04;1.086622e-02;3.501431e-06;2.030312e-02;1.389295e-03;1.938719e-02;9.435382e-04;4.878337e-02;2.374499e-03;3.975283e-02;-3.799745e-04;3.694547e-02;-6.246064e-04;5.340968e-02;4.853421e-04;7.183763e-02;-2.236466e-03;2.859236e-02;-6.898238e-04;4.885489e-02;7.155685e-04;5.797279e-02;2.100137e-03;8.695356e-02;3.574885e-03;9.142315e-02;-3.026506e-03;8.402251e-02;-4.022601e-03;1.095900e-01;-8.506601e-04;1.755054e-01;-9.544618e-06;1.667831e-01;-6.406820e-04;1.875862e-01;1.450985e-04;1.068631e-01;-5.311375e-03;8.767511e-02;-4.770354e-03;3.400827e-02;-2.649381e-03;4.197783e-02;-2.486882e-03;1.854983e-02;-8.102486e-04;2.065621e-02;-1.616322e-03;1.007705e-01;3.237488e-03;6.541481e-02;-7.338559e-04;9.359182e+00;1.536035e+00;1.035801e+01;1.837500e+00;2.698941e+01;4.995703e+00;8.963726e+01;1.401094e+01;6.088965e-02;3.598960e-04;2.192259e+01;3.984215e+00;7.478084e-02;1.416570e-02;2.306436e+04;2.829105e+03;3.682333e-01;-3.245129e-02;1.331782e+01;-5.494543e-01;5.417715e-02;1.042419e-02;1.793811e-02;3.357096e-03;7.018741e-02;2.693347e-03;7.130290e-01;1.283402e-02;1.089979e+00;-7.009631e-02;1.448204e+00;-5.507198e-03;1.917243e+00;-1.038212e-01;1.739270e+00;-1.852231e-01;1.566021e+00;-1.306825e-01;2.095100e+00;-1.537542e-01;2.420869e+00;1.452299e-01;1.967559e+00;-6.066032e-02;1.618289e+00;-2.453032e-01;1.623611e+00;8.464853e-02;1.547609e+00;-7.308802e-02;1.620814e+00;-6.362166e-02;1.505783e+00;-5.652475e-02
223.500000;1.561450e+01;8.122335e+01;2.831140e-02;7.793973e-01;1.193166e-01;8.871327e-02;6.572361e-02;4.882980e-02;1.069974e-01;1.604765e-01;3.997731e+00;9.467671e+00;2.882507e-01;2.191900e+00;1.436515e-01;9.952731e-01;3.899114e-02;1.482597e-01;7.905136e-03;2.019904e-02;3.902294e-02;1.183874e-01;3.544333e-02;2.749489e-01;4.671472e-02;4.352381e-01;5.706120e-02;5.563895e-01;8.412979e-02;6.569802e-01;1.481874e-01;8.013030e-01;1.240475e-01;8.478289e-01;2.167082e-01;8.977959e-01;2.677857e-01;1.008481e+00;2.074562e-01;1.083944e+00;1.207909e-01;1.067778e+00;2.449469e-01;1.194097e+00;1.648217e-01;1.245165e+00;2.757603e-01;1.280747e+00;3.372450e-01;1.326573e+00;2.506163e-01;1.368917e+00;3.378075e-01;1.407792e+00;6.304417e-01;1.496060e+00;6.113675e-01;1.527543e+00;6.500949e-01;1.546678e+00;2.971410e-01;1.354273e+00;2.710949e-01;1.206198e+00;1.402096e-01;1.033282e+00;2.006286e-01;8.645546e-01;9.275327e-02;7.056659e-01;9.291948e-02;5.704780e-01;3.949481e-01;1.176269e+00;2.642921e-01;5.564063e-01;6.997462e+01;1.033594e+02;8.139893e+01;1.467129e+02;1.986859e+02;2.629922e+02;5.133493e+02;8.102227e+02;3.106627e-01;9.533772e-01;1.431003e+02;3.159121e+02;5.685961e-01;3.020953e+00;1.092744e+05;2.336986e+05;1.520277e+00;3.900194e+00;3.460619e+01;3.902523e+01;5.085717e-01;-1.120289e+00;1.257423e-01;2.839116e-01;3.441224e-01;8.300428e-01;3.085285e+00;4.015633e+01;4.959091e+00;-1.924091e+01;7.866462e+00;2.584061e+01;5.165375e+00;1.384063e+01;6.675923e+00;-6.741299e-02;8.566453e+00;-2.325572e+00;7.279727e+00;-7.348789e+00;1.098399e+01;1.866169e+01;8.275473e+00;7.136694e+00;7.014978e+00;-9.439163e+00;9.738684e+00;1.292713e+01;8.386311e+00;-8.043337e+00;7.437530e+00;-6.265059e+00;6.117002e+00;4.978064e+00;6.202868e-05;3.806891e-06;8.161802e-08;-9.725801e-09;3.467548e-07;6.029872e-09;2.709895e-07;7.191924e-09;4.706682e-07;1.672097e-08;1.020399e-05;-1.497550e-06;6.554935e-02;-3.123073e-03;3.895769e-02;6.748644e-04;6.839345e-03;-8.732615e-04;1.435420e-03;7.873519e-05;7.872316e-03;-3.234020e-04;1.110931e-02;-3.970884e-05;1.115373e-02;7.195761e-04;1.952696e-02;7.811565e-04;2.368084e-02;8.555665e-05;3.759973e-02;-2.862380e-05;3.308759e-02;-1.944675e-03;4.647444e-02;-1.306592e-03;5.415224e-02;3.281246e-04;6.491952e-02;1.067818e-03;3.639247e-02;7.844779e-04;5.783259e-02;-1.638970e-03;5.870261e-02;7.960481e-04;7.321710e-02;2.151959e-03;8.680947e-02;3.487271e-03;7.228146e-02;6.501145e-03;1.022274e-01;6.457987e-03;1.498152e-01;-4.267268e-04;1.418437e-01;-4.699176e-03;1.574690e-01;-1.394266e-03;8.724334e-02;7.892399e-04;7.440418e-02;1.376857e-03;4.224607e-02;5.200095e-04;4.400123e-02;2.336939e-03;2.217890e-02;6.323965e-04;2.122064e-02;5.320433e-04;1.092785e-01;3.147606e-03;5.578812e-02;-3.901065e-03;1.244892e+01;1.306348e+00;1.452458e+01;1.449902e+00;4.530812e+01;5.928809e+00;1.230429e+02;6.976758e+00;1.092534e-01;1.906546e-03;3.174519e+01;2.908669e+00;1.114530e-01;1.470342e-02;2.845370e+04;1.464595e+03;4.002872e-01;-2.888038e-02;1.173629e+01;-8.966858e-01;9.200637e-02;1.073103e-02;2.610367e-02;2.592980e-03;1.195516e-01;3.457572e-04;7.460215e-01;7.179285e-03;1.185970e+00;-2.659339e-02;1.308702e+00;-3.434547e-02;1.517836e+00;7.116695e-02;1.795104e+00;-1.356080e-01;1.677076e+00;-1.264411e-01;2.449055e+00;2.614655e-02;2.207431e+00;-3.750773e-01;2.008991e+00;-2.141411e-01;2.089551e+00;2.930050e-02;1.724390e+00;-1.829245e-01;1.724303e+00;-1.302732e-01;1.792027e+00;5.262665e-02;1.309070e+00;-1.741191e-01
224.000000;1.312071e+01;9.104352e+01;2.178596e-02;7.695865e-01;9.789144e-02;9.263930e-02;5.704551e-02;6.459747e-02;1.029370e-01;1.753822e-01;1.818367e+00;7.571445e+00;2.610325e-01;2.165963e+00;1.525781e-01;9.984586e-01;3.282315e-02;1.440119e-01;4.982068e-03;1.962333e-02;4.953711e-02;1.427874e-01;4.141660e-02;2.986335e-01;2.744102e-02;4.372987e-01;7.288333e-02;5.561547e-01;1.736849e-01;6.834469e-01;1.402774e-01;7.551779e-01;1.777945e-01;8.634220e-01;2.708393e-01;9.984053e-01;2.639365e-01;1.070550e+00;1.553663e-01;1.064806e+00;1.374238e-01;1.114838e+00;2.266275e-01;1.259369e+00;1.178164e-01;1.226848e+00;1.652963e-01;1.188577e+00;2.527184e-01;1.264572e+00;2.267964e-01;1.302331e+00;3.548039e-01;1.451806e+00;5.302750e-01;1.465265e+00;5.323296e-01;1.400679e+00;4.155499e-01;1.346548e+00;3.954836e-01;1.470378e+00;4.020683e-01;1.270378e+00;1.519030e-01;1.078905e+00;1.883264e-01;9.239443e-01;1.182926e-01;7.315005e-01;9.072890e-02;5.933014e-01;5.497136e-01;1.539955e+00;1.204773e-01;4.425103e-01;4.730775e+01;1.177148e+02;5.874106e+01;1.662363e+02;1.514134e+02;2.948613e+02;3.939945e+02;7.058584e+02;2.982232e-01;1.063922e+00;1.052649e+02;3.103349e+02;4.147620e-01;3.209644e+00;7.436312e+04;1.804025e+05;1.083921e+00;4.017146e+00;2.331973e+01;4.133210e+01;4.291364e-01;-1.046840e+00;9.165449e-02;2.920705e-01;6.581907e-01;1.292540e+00;1.922796e+00;4.233525e+01;3.527892e+00;-1.642704e+01;5.332587e+00;2.245315e+01;7.025710e+00;1.350391e+01;5.530974e+00;3.293861e+00;5.050472e+00;-2.981679e+00;5.408674e+00;-5.256608e+00;9.620355e+00;1.319316e+01;7.454843e+00;6.994053e+00;6.928902e+00;-9.528046e+00;7.748265e+00;3.598117e+00;6.498073e+00;-8.739590e+00;7.840620e+00;-3.448080e+00;5.803464e+00;9.327377e-02;2.055745e-05;4.545561e-06;9.152193e-08;2.915523e-09;3.212989e-07;-6.507401e-08;2.032826e-07;-3.471892e-08;5.139735e-07;-2.835515e-08;7.596721e-06;3.960734e-07;5.659992e-02;-3.263018e-03;2.920759e-02;-4.184065e-04;7.708239e-03;5.095636e-04;1.063837e-03;-1.271101e-04;1.034261e-02;7.823001e-04;1.323521e-02;2.184433e-04;9.255788e-03;-3.536915e-04;2.305209e-02;-1.111729e-03;4.645004e-02;-1.794135e-03;3.263562e-02;-2.403488e-03;4.156389e-02;3.025672e-05;7.172443e-02;2.949622e-03;6.994090e-02;1.768049e-04;3.889143e-02;-5.762418e-04;4.599273e-02;-1.462382e-03;7.074498e-02;1.316047e-04;5.061245e-02;-3.346551e-03;4.147148e-02;-4.177107e-03;4.601111e-02;-3.479351e-03;6.857061e-02;-3.004682e-03;8.475652e-02;-4.728474e-06;9.326657e-02;-1.991105e-03;1.053796e-01;-2.274603e-03;8.186600e-02;-4.746110e-04;7.793400e-02;4.317269e-03;7.313496e-02;1.551433e-03;4.410214e-02;1.940439e-03;4.537132e-02;6.726972e-04;3.290093e-02;1.323195e-03;2.413385e-02;1.481774e-03;1.583285e-01;-1.102449e-03;4.722556e-02;-3.123495e-03;1.013130e+01;-1.177148e+00;1.262625e+01;-1.406836e+00;4.310002e+01;-4.478906e+00;1.067157e+02;-1.533164e+01;1.097706e-01;-1.584940e-03;2.746698e+01;-4.000586e+00;1.012747e-01;-1.426884e-02;2.420320e+04;-3.734581e+03;3.198603e-01;4.334292e-02;7.388567e+00;1.166634e+00;1.108922e-01;-5.470683e-03;2.236545e-02;-3.161066e-03;1.825330e-01;1.470575e-03;6.403944e-01;4.215172e-02;1.010834e+00;1.391158e-01;1.075825e+00;-6.637070e-02;1.511923e+00;3.171095e-02;1.189100e+00;2.469098e-01;1.460995e+00;1.266945e-01;2.066079e+00;1.354914e-01;2.061995e+00;-6.446648e-02;1.784269e+00;5.808260e-02;2.218613e+00;1.398183e-01;1.818916e+00;-3.039819e-01;1.901109e+00;5.518740e-02;1.806620e+00;2.348206e-01;1.363886e+00;-1.401176e-02
224.500000;8.038449e+00;1.047134e+02;1.770684e-02;7.717822e-01;4.727913e-02;6.920546e-02;3.462889e-02;5.609120e-02;8.718826e-02;1.496759e-01;1.128410e+00;7.854515e+00;2.305363e-01;2.296872e+00;1.570422e-01;1.045261e+00;1.387858e-02;1.551833e-01;2.195270e-03;1.877677e-02;3.276370e-02;1.483983e-01;3.445125e-02;2.921681e-01;3.230311e-02;4.309058e-01;7.000203e-02;5.626978e-01;1.652852e-01;6.954324e-01;1.648249e-01;7.907649e-01;1.770640e-01;9.004931e-01;2.176679e-01;9.965892e-01;1.757381e-01;1.032039e+00;1.405266e-01;1.041336e+00;1.482411e-01;1.109094e+00;2.558219e-01;1.205769e+00;1.547162e-01;1.228577e+00;2.526950e-01;1.310495e+00;3.226385e-01;1.414439e+00;2.402669e-01;1.395577e+00;3.898994e-01;1.529539e+00;5.487046e-01;1.666350e+00;6.032767e-01;1.598473e+00;4.511262e-01;1.518395e+00;3.713173e-01;1.529204e+00;4.236172e-01;1.371395e+00;1.330183e-01;1.107733e+00;1.183873e-01;9.302936e-01;1.048411e-01;7.613754e-01;8.500017e-02;6.092591e-01;4.847510e-01;1.720351e+00;1.722717e-01;5.105133e-01;1.646567e+01;1.059434e+02;2.589203e+01;1.525986e+02;8.399802e+01;2.538047e+02;2.521018e+02;6.159932e+02;2.371929e-01;9.949743e-01;5.368372e+01;2.874498e+02;2.460822e-01;3.110762e+00;6.431272e+04;1.740605e+05;8.577546e-01;4.195191e+00;2.496667e+01;4.222602e+01;1.980785e-01;-1.158977e+00;4.206890e-02;2.722288e-01;4.398687e-01;1.737552e+00;1.883153e+00;4.199414e+01;3.214403e+00;-1.560778e+01;5.583687e+00;2.695742e+01;6.788008e+00;1.101881e+01;5.072418e+00;6.102874e+00;3.168944e+00;-1.634559e+00;5.465128e+00;-1.936776e+00;7.672992e+00;1.591066e+01;4.629748e+00;7.597129e+00;4.652042e+00;-7.619513e+00;6.401685e+00;-7.520824e-02;5.146497e+00;-6.091104e+00;7.410826e+00;-5.335517e+00;4.026804e+00;-2.351727e+00;2.276630e-05;2.097566e-06;6.498912e-08;5.220992e-09;2.640724e-07;-1.673984e-09;1.922569e-07;-7.837865e-10;4.933796e-07;-6.282010e-09;5.151766e-06;6.165781e-07;6.641402e-02;2.389015e-04;3.523762e-02;-6.968817e-04;6.342731e-03;6.171424e-04;6.594468e-04;-9.737969e-05;7.877303e-03;3.369494e-04;9.601255e-03;2.079956e-06;7.868917e-03;4.765769e-04;2.006713e-02;5.070285e-04;4.448870e-02;4.128216e-04;3.596152e-02;1.401722e-03;3.851785e-02;1.226947e-03;6.597064e-02;1.679373e-03;5.805546e-02;-6.525106e-04;3.715292e-02;-1.416874e-03;4.745362e-02;-1.587632e-03;8.974779e-02;4.752061e-04;5.849151e-02;-3.372637e-03;6.442295e-02;-2.789852e-04;7.665438e-02;-2.972480e-03;7.346257e-02;-5.662982e-03;7.598788e-02;-6.178785e-03;1.151242e-01;-9.393431e-04;1.312151e-01;-6.414546e-05;9.434226e-02;5.232439e-04;7.015362e-02;-1.437837e-03;8.546263e-02;-2.274038e-03;3.845041e-02;1.691037e-03;3.187592e-02;4.559020e-04;3.291264e-02;-1.838484e-04;2.255570e-02;-2.857066e-04;1.446427e-01;7.578731e-03;6.706575e-02;-1.061168e-03;6.849891e+00;-7.751953e-01;8.168199e+00;-8.900391e-01;2.293479e+01;-4.909570e+00;8.069553e+01;-1.103936e+01;6.224058e-02;-1.102172e-04;1.717017e+01;-2.889574e+00;6.760795e-02;-1.004893e-02;1.885575e+04;-2.738774e+03;3.165011e-01;2.391148e-02;8.461221e+00;3.292631e-01;8.952153e-02;-6.566343e-03;1.357930e-02;-2.264486e-03;1.757138e-01;7.814489e-03;4.832780e-01;4.052578e-02;1.032563e+00;1.261523e-01;1.184885e+00;1.345352e-02;1.570828e+00;-4.318730e-02;1.213031e+00;1.140536e-01;1.047986e+00;-4.178948e-03;1.866532e+00;4.227587e-03;1.737904e+00;2.249183e-01;1.652996e+00;1.418120e-01;1.593497e+00;-9.655808e-02;1.700029e+00;3.667364e-02;1.806838e+00;3.737704e-02;1.900452e+00;-4.759488e-02;1.389991e+00;6.137340e-02
225.000000;8.206384e+00;1.049603e+02;1.698265e-02;7.720611e-01;5.525108e-02;8.229163e-02;3.521213e-02;5.829977e-02;1.062765e-01;1.565972e-01;1.146081e+00;7.567684e+00;2.169554e-01;2.308402e+00;1.258087e-01;1.030363e+00;1.657523e-02;1.472058e-01;4.692975e-03;2.081003e-02;1.611134e-02;1.253863e-01;2.298724e-02;2.668040e-01;3.666909e-02;4.149565e-01;3.514298e-02;5.580258e-01;3.645346e-02;6.713849e-01;1.409248e-01;8.089473e-01;1.192891e-01;8.940249e-01;1.094368e-01;9.589469e-01;1.667973e-01;1.059329e+00;1.501234e-01;1.074464e+00;1.427425e-01;1.116887e+00;2.605712e-01;1.185750e+00;2.429413e-01;1.236067e+00;2.530113e-01;1.336220e+00;3.509322e-01;1.405465e+00;2.133016e-01;1.401095e+00;3.485353e-01;1.497442e+00;4.460389e-01;1.542841e+00;5.631152e-01;1.599740e+00;4.244486e-01;1.527542e+00;1.858866e-01;1.405273e+00;3.208759e-01;1.293746e+00;1.238744e-01;1.135826e+00;9.150167e-02;9.269840e-01;7.498507e-02;7.445455e-01;7.786284e-02;6.017345e-01;3.611602e-01;1.563025e+00;1.993575e-01;5.403817e-01;3.337639e+01;1.131211e+02;6.000174e+01;1.622168e+02;1.174396e+02;2.757686e+02;3.174987e+02;7.377275e+02;2.064054e-01;9.632196e-01;7.971491e+01;3.138261e+02;3.214116e-01;3.194736e+00;6.825847e+04;1.966595e+05;1.050463e+00;3.884698e+00;2.607505e+01;3.666583e+01;2.121903e-01;-1.040366e+00;6.987115e-02;2.940414e-01;3.489556e-01;1.578291e+00;2.176750e+00;4.119701e+01;3.809081e+00;-1.616198e+01;7.504617e+00;2.557327e+01;5.338108e+00;9.213834e+00;5.061093e+00;6.763219e+00;4.501789e+00;-2.314504e+00;5.811700e+00;7.897559e-01;6.757246e+00;1.569591e+01;4.650236e+00;7.120041e+00;4.549622e+00;-1.070395e+01;5.053081e+00;7.435840e-01;4.516934e+00;-5.968007e+00;6.398893e+00;-7.039504e+00;3.918628e+00;-2.430436e+00;2.414995e-05;-1.649464e-06;5.631510e-08;-4.498808e-09;3.034155e-07;2.109718e-08;1.912200e-07;-7.487598e-09;6.256041e-07;2.346639e-08;4.503858e-06;-6.660677e-07;5.972151e-02;4.516646e-03;3.174288e-02;1.089895e-03;5.251652e-03;-5.175528e-04;1.041632e-03;1.271101e-04;4.100993e-03;-9.596231e-04;6.463135e-03;-8.559078e-04;7.913824e-03;-2.958529e-04;1.127198e-02;7.471170e-04;1.205923e-02;1.133754e-03;2.842445e-02;3.779359e-03;2.658756e-02;2.190515e-03;3.521587e-02;-2.283496e-03;5.036983e-02;2.710972e-03;4.075290e-02;3.047207e-03;4.669018e-02;2.097132e-03;9.223259e-02;-1.294659e-03;8.306790e-02;3.513129e-03;6.388112e-02;2.552977e-03;8.975570e-02;1.793036e-03;6.413340e-02;3.738104e-04;8.505286e-02;2.539170e-03;1.104715e-01;2.083489e-03;1.292111e-01;3.070054e-03;9.270513e-02;1.158117e-03;4.308746e-02;-2.511774e-03;7.949470e-02;5.077355e-04;3.543689e-02;5.689848e-04;2.622036e-02;1.917863e-03;2.334437e-02;1.123516e-04;1.937122e-02;6.418020e-04;8.717833e-02;9.508912e-03;6.974081e-02;1.916221e-03;7.862866e+00;1.636523e+00;1.239777e+01;2.770606e+00;2.740177e+01;4.120019e+00;9.533994e+01;9.503321e+00;5.781029e-02;3.973987e-03;1.970211e+01;3.453619e+00;8.287410e-02;1.338515e-02;2.023095e+04;1.550095e+03;3.419248e-01;-3.551954e-02;8.351745e+00;-1.021877e+00;5.666778e-02;5.790667e-03;1.620019e-02;3.184925e-03;1.235249e-01;-7.827996e-04;5.557429e-01;-5.086949e-02;1.131026e+00;-1.168179e-01;1.491734e+00;-1.398555e-01;1.379908e+00;-1.800115e-01;1.345193e+00;-1.946160e-01;1.324949e+00;-1.470398e-01;2.023205e+00;-7.939675e-02;1.366994e+00;-1.614035e-01;1.683100e+00;-6.821066e-02;1.370726e+00;-1.614354e-01;1.334837e+00;6.991100e-02;1.583973e+00;-7.926544e-03;1.820267e+00;-2.189017e-01;1.347332e+00;-1.317509e-01
225.500000;5.239098e+01;1.291368e+02;1.700497e-02;7.671937e-01;7.752294e-02;1.108483e-01;6.253130e-02;8.736995e-02;9.041224e-02;1.639246e-01;2.550644e+00;5.883761e+00;2.298946e-01;2.397970e+00;1.062739e-01;1.033851e+00;2.217633e-02;1.345769e-01;7.139794e-03;2.599773e-02;5.293017e-02;1.251048e-01;4.479874e-02;2.591646e-01;5.956703e-02;4.212815e-01;3.308231e-02;5.629895e-01;5.445094e-02;6.906676e-01;1.680667e-01;8.021705e-01;1.392736e-01;8.704990e-01;7.491767e-02;9.303455e-01;1.351124e-01;1.043346e+00;1.339145e-01;1.101052e+00;1.454750e-01;1.134937e+00;2.504552e-01;1.230275e+00;2.786537e-01;1.271966e+00;1.853271e-01;1.326250e+00;2.782089e-01;1.395947e+00;2.007292e-01;1.451616e+00;3.057576e-01;1.485221e+00;4.180012e-01;1.532044e+00;4.474920e-01;1.615670e+00;3.490427e-01;1.550495e+00;1.531490e-01;1.427441e+00;2.819743e-01;1.284700e+00;1.109574e-01;1.104190e+00;1.060493e-01;9.199593e-01;6.804244e-02;7.377485e-01;5.374151e-02;6.050352e-01;5.582486e-01;1.657169e+00;2.610146e-01;6.358976e-01;6.533804e+01;1.490098e+02;1.059581e+02;2.150449e+02;2.637620e+02;4.148730e+02;4.037316e+02;1.013927e+03;2.245977e-01;9.825956e-01;1.409414e+02;4.054657e+02;4.468203e-01;3.474776e+00;7.975596e+04;2.502270e+05;1.090500e+00;3.237910e+00;2.046293e+01;2.670046e+01;2.856612e-01;-8.762257e-01;1.235324e-01;3.723477e-01;3.788549e-01;1.516330e+00;2.100165e+00;3.944362e+01;4.820587e+00;-1.867625e+01;7.450770e+00;2.216276e+01;6.139856e+00;5.639604e+00;6.478651e+00;5.582592e+00;6.756906e+00;-3.797500e+00;7.749559e+00;-9.616133e-01;7.685870e+00;9.515716e+00;7.686819e+00;1.855739e+00;5.459619e+00;-1.528553e+01;5.680142e+00;2.787091e+00;7.480868e+00;-6.377851e+00;6.566516e+00;-6.281207e+00;4.282770e+00;-1.578075e+00;9.294775e-05;1.352818e-05;6.621409e-08;-4.731764e-09;4.353502e-07;7.671862e-09;2.900876e-07;7.227409e-09;5.778967e-07;4.508433e-09;8.135236e-06;-8.766970e-07;6.016003e-02;4.295215e-03;2.779512e-02;9.315311e-04;6.519691e-03;-4.860419e-04;1.393973e-03;2.600151e-04;1.213304e-02;-3.498865e-04;1.066193e-02;-6.095291e-05;1.452385e-02;1.573253e-04;9.925054e-03;2.913843e-05;1.403739e-02;-1.125926e-04;3.307607e-02;4.411053e-04;2.744087e-02;-2.699384e-04;2.138174e-02;-7.566705e-04;4.289514e-02;9.879095e-04;3.808418e-02;4.773001e-04;5.133970e-02;3.720302e-04;7.934825e-02;6.164726e-04;1.003240e-01;4.166729e-03;4.596369e-02;6.911766e-04;6.625517e-02;5.093280e-04;5.420010e-02;5.530822e-03;7.987163e-02;2.980936e-04;1.114829e-01;-4.898047e-04;1.081768e-01;5.626929e-03;8.418097e-02;2.194966e-03;4.250423e-02;3.133199e-03;7.549061e-02;1.468773e-03;2.534929e-02;-2.215550e-03;2.273330e-02;-1.173579e-03;2.245775e-02;1.008022e-03;1.816466e-02;1.939467e-03;1.238578e-01;1.440625e-03;8.273866e-02;3.331220e-03;1.320029e+01;1.550391e+00;2.384199e+01;2.325586e+00;5.568608e+01;4.737305e+00;1.024786e+02;1.065176e+01;7.992320e-02;4.945317e-04;2.959348e+01;3.663823e+00;1.081309e-01;1.187417e-02;2.110020e+04;2.170127e+03;2.991176e-01;-2.320999e-02;6.593915e+00;-2.947254e-01;8.269696e-02;5.828167e-03;2.501305e-02;3.147746e-03;1.311674e-01;-3.534984e-03;5.774427e-01;-7.162732e-02;1.065128e+00;-1.253814e-01;1.594077e+00;-6.305026e-02;1.630741e+00;-1.495321e-01;1.468670e+00;-1.072394e-01;1.663221e+00;-8.549884e-03;1.908151e+00;-1.488058e-01;2.088193e+00;-2.491049e-03;2.024434e+00;-2.691616e-01;1.701595e+00;-1.781858e-02;1.371998e+00;8.822759e-03;1.788466e+00;3.726876e-03;1.598318e+00;9.527314e-04;1.375334e+00;-4.014235e-02
226.000000;6.157693e+01;1.189678e+02;1.965845e-02;7.674561e-01;1.446155e-01;1.187229e-01;1.454652e-01;1.308040e-01;7.719290e-02;1.414269e-01;3.046578e+00;5.912199e+00;2.596753e-01;2.554280e+00;1.041371e-01;1.024569e+00;3.268284e-02;1.455044e-01;8.175215e-03;2.554296e-02;7.187887e-02;1.561507e-01;5.211549e-02;2.728337e-01;6.059138e-02;4.167646e-01;5.697910e-02;5.613936e-01;6.901792e-02;6.998502e-01;1.845327e-01;7.883082e-01;1.340466e-01;8.405340e-01;9.269758e-02;9.263647e-01;1.054229e-01;1.008641e+00;1.882105e-01;1.090691e+00;1.498530e-01;1.147099e+00;2.355515e-01;1.169959e+00;2.245716e-01;1.267363e+00;2.080364e-01;1.318040e+00;2.437977e-01;1.357235e+00;2.329477e-01;1.496607e+00;2.269396e-01;1.452631e+00;3.546430e-01;1.511562e+00;3.243327e-01;1.525170e+00;3.199133e-01;1.495821e+00;2.018916e-01;1.385096e+00;2.574597e-01;1.309044e+00;1.621959e-01;1.089818e+00;1.606774e-01;9.253422e-01;1.281612e-01;7.941846e-01;7.275067e-02;6.322980e-01;5.723268e-01;1.724537e+00;2.933266e-01;7.634135e-01;7.642437e+01;1.422627e+02;1.194958e+02;1.995410e+02;2.802886e+02;4.286543e+02;3.883011e+02;1.040197e+03;3.399895e-01;1.171510e+00;1.520633e+02;4.066730e+02;4.677508e-01;3.536441e+00;7.650155e+04;2.705914e+05;9.052764e-01;3.143187e+00;1.642568e+01;2.542232e+01;4.480430e-01;-1.054456e+00;1.347774e-01;3.683708e-01;4.863388e-01;1.342200e+00;1.658816e+00;3.788888e+01;4.201710e+00;-1.929531e+01;6.392356e+00;2.112202e+01;6.606957e+00;5.598264e+00;5.616906e+00;3.329592e+00;7.053571e+00;-1.535537e+00;7.968804e+00;-2.049069e+00;7.889393e+00;9.173667e+00;8.594985e+00;-2.450249e+00;8.974334e+00;-1.097866e+01;8.482993e+00;6.764578e+00;8.096047e+00;-2.638788e+00;5.545164e+00;-1.916934e+00;4.531617e+00;2.398744e-02;1.215435e-04;-4.104207e-06;7.109166e-08;7.069578e-09;6.242145e-07;1.212594e-08;5.080452e-07;2.486158e-08;3.879697e-07;-1.502351e-08;9.228243e-06;6.666543e-07;7.136892e-02;1.936757e-03;2.778954e-02;-4.602535e-04;7.593321e-03;7.538773e-04;1.265624e-03;-1.635173e-04;1.521634e-02;1.044988e-03;1.389689e-02;1.176604e-03;1.612246e-02;4.730259e-04;1.447656e-02;-5.207020e-04;1.599487e-02;-1.211287e-03;4.717990e-02;-3.700575e-03;3.018484e-02;-1.716741e-03;2.950353e-02;8.666186e-04;4.686528e-02;-1.977437e-03;5.231406e-02;-2.227337e-03;4.597808e-02;-1.082680e-03;6.636171e-02;4.117050e-04;8.282350e-02;-3.115929e-03;5.894025e-02;6.001606e-04;7.239042e-02;2.029659e-03;7.385820e-02;1.976249e-03;5.538757e-02;9.773563e-04;8.521465e-02;7.021037e-04;6.672779e-02;-3.887764e-03;6.988949e-02;-3.390014e-03;4.498009e-02;-1.067130e-03;6.832083e-02;-9.111749e-04;5.112004e-02;2.119474e-03;4.365850e-02;6.497076e-04;3.383594e-02;3.104056e-04;2.122132e-02;-4.958618e-04;1.408094e-01;-1.028421e-02;9.474210e-02;2.077059e-03;1.345023e+01;-1.737012e+00;2.306085e+01;-3.201270e+00;5.669647e+01;-4.292285e+00;8.996500e+01;-7.005469e+00;1.113631e-01;1.509962e-03;2.789672e+01;-3.167787e+00;1.039798e-01;-9.888494e-03;1.949283e+04;-7.029242e+02;2.248584e-01;1.329293e-02;4.857468e+00;9.080190e-02;1.048610e-01;-9.962944e-03;2.367161e-02;-3.070703e-03;1.422897e-01;1.450708e-04;4.888790e-01;3.133656e-03;9.596097e-01;4.968524e-02;1.387712e+00;8.484588e-02;1.381934e+00;2.074842e-01;1.610699e+00;7.073380e-02;1.465196e+00;2.557674e-01;1.824219e+00;2.591938e-01;2.145035e+00;1.791483e-02;2.274812e+00;3.611477e-02;2.110274e+00;1.270085e-01;1.876590e+00;8.989542e-02;1.807472e+00;1.580087e-01;1.474533e+00;1.709278e-01;1.426669e+00;1.315001e-01
226.500000;2.052629e+01;7.638022e+01;1.427835e-02;7.799268e-01;1.360842e-01;7.515270e-02;1.480703e-01;8.846803e-02;7.121235e-02;1.318759e-01;2.106226e+00;8.322824e+00;2.274970e-01;2.629541e+00;1.029580e-01;1.028385e+00;2.393904e-02;1.699002e-01;5.990975e-03;1.980978e-02;4.964908e-02;1.590370e-01;3.168507e-02;2.781353e-01;3.141756e-02;4.057653e-01;6.610485e-02;5.534517e-01;5.925869e-02;6.767932e-01;1.397337e-01;7.725512e-01;8.467533e-02;8.329195e-01;8.787727e-02;9.299037e-01;1.574131e-01;9.897996e-01;1.846153e-01;1.073636e+00;1.089323e-01;1.141271e+00;2.291704e-01;1.171487e+00;1.579855e-01;1.238298e+00;2.245356e-01;1.315893e+00;2.264530e-01;1.325073e+00;2.379892e-01;1.409928e+00;1.865336e-01;1.467900e+00;2.749857e-01;1.472564e+00;4.200096e-01;1.513499e+00;4.512981e-01;1.510692e+00;2.753515e-01;1.428195e+00;2.647490e-01;1.376561e+00;1.574136e-01;1.172442e+00;1.731211e-01;1.030887e+00;1.361959e-01;8.373593e-01;7.434497e-02;6.539775e-01;4.213801e-01;1.521686e+00;2.468571e-01;8.257232e-01;5.043328e+01;8.957812e+01;7.613259e+01;1.178584e+02;1.717780e+02;2.697393e+02;2.902640e+02;7.901250e+02;2.947861e-01;1.207703e+00;1.012050e+02;3.023312e+02;4.005791e-01;3.236407e+00;6.444631e+04;2.328194e+05;6.389788e-01;3.661177e+00;1.151739e+01;3.123138e+01;3.204760e-01;-1.400694e+00;8.898649e-02;2.731264e-01;3.244351e-01;9.955545e-01;2.705608e+00;3.630251e+01;3.441542e+00;-1.553816e+01;5.150464e+00;1.936520e+01;6.507998e+00;1.006229e+01;4.229882e+00;5.275568e+00;4.913704e+00;1.896578e+00;6.342920e+00;2.070433e+00;5.795806e+00;1.021159e+01;9.782079e+00;3.276384e+00;6.392723e+00;-5.700905e+00;7.651924e+00;1.253301e+01;4.473676e+00;1.102419e+00;4.541923e+00;1.987995e+00;4.571515e+00;1.554721e+00;7.538408e-05;-1.997131e-05;4.997576e-08;7.294027e-09;5.018368e-07;1.865329e-08;4.410563e-07;1.459050e-09;3.742941e-07;9.103203e-10;5.690580e-06;1.050127e-06;6.452869e-02;-7.961305e-04;2.545826e-02;-8.087706e-04;5.511285e-03;8.482792e-04;7.850932e-04;-2.646763e-04;1.000806e-02;3.442291e-04;1.133151e-02;4.798737e-04;1.197478e-02;-4.012953e-05;1.714343e-02;-8.687421e-04;1.506648e-02;-7.124855e-04;4.211403e-02;-6.218471e-05;2.617872e-02;9.200534e-05;3.066743e-02;-7.945768e-04;7.147583e-02;-2.089062e-03;5.573884e-02;-1.231359e-03;3.260439e-02;-5.638827e-05;6.143539e-02;6.306937e-04;5.290385e-02;-2.295282e-03;6.355626e-02;3.480130e-04;7.675063e-02;2.999877e-03;7.178975e-02;-8.843658e-04;3.982910e-02;-8.858254e-04;5.818669e-02;1.054023e-03;8.585946e-02;-5.677759e-03;9.476628e-02;-3.542111e-03;5.468445e-02;-4.530363e-03;6.176069e-02;9.392222e-04;5.198889e-02;3.396150e-04;5.054260e-02;-6.958469e-04;3.438535e-02;-2.053113e-03;2.122483e-02;-1.835994e-03;1.256285e-01;-6.850764e-03;7.997335e-02;-3.187783e-04;7.846495e+00;-1.981055e+00;1.078763e+01;-2.885449e+00;2.964633e+01;-5.081836e+00;7.309874e+01;-1.059434e+01;9.715374e-02;2.167448e-03;1.488897e+01;-3.897292e+00;6.742967e-02;-1.311539e-02;1.584862e+04;-1.721825e+03;1.966053e-01;2.325194e-02;4.079096e+00;3.299647e-01;7.794315e-02;-1.180731e-02;1.249776e-02;-3.511452e-03;1.093301e-01;-8.849825e-04;5.367239e-01;9.093951e-03;8.287045e-01;9.855567e-02;1.280428e+00;6.539888e-02;1.283821e+00;2.166890e-01;1.405108e+00;8.529259e-02;1.297558e+00;2.065089e-02;1.671313e+00;2.026463e-01;1.581076e+00;-1.363818e-02;2.183748e+00;3.326975e-01;2.002850e+00;1.112569e-01;1.930881e+00;4.811364e-02;1.615264e+00;3.727693e-02;1.598699e+00;-4.075568e-02;1.464508e+00;3.811109e-02
227.000000;1.015906e+00;7.182206e+01;7.029674e-03;7.881814e-01;3.826640e-02;2.992637e-02;2.434313e-02;2.165342e-02;6.534725e-02;1.477626e-01;8.453240e-01;9.527208e+00;2.818546e-01;2.559140e+00;1.442441e-01;1.008501e+00;6.787711e-03;1.788096e-01;4.045471e-03;1.893172e-02;4.255470e-03;1.319931e-01;2.800575e-02;2.731045e-01;4.209933e-02;4.251772e-01;6.714245e-02;5.489087e-01;7.074090e-02;6.513367e-01;9.695381e-02;7.403712e-01;8.337288e-02;8.403201e-01;7.862542e-02;9.131198e-01;2.037170e-01;1.029660e+00;1.257871e-01;1.064502e+00;8.049498e-02;1.090540e+00;1.981627e-01;1.206955e+00;1.633060e-01;1.236072e+00;2.963607e-01;1.319840e+00;3.693777e-01;1.387801e+00;1.813052e-01;1.340458e+00;2.659912e-01;1.432812e+00;4.293860e-01;1.522807e+00;5.973914e-01;1.600090e+00;5.685551e-01;1.584000e+00;3.280110e-01;1.394226e+00;3.205094e-01;1.266681e+00;2.171837e-01;1.042503e+00;2.531416e-01;8.831748e-01;1.592896e-01;7.133456e-01;1.008262e-01;5.812261e-01;3.411160e-01;1.245699e+00;3.198892e-01;8.825088e-01;1.218102e+01;6.890625e+01;4.897719e+00;8.699414e+01;4.412410e+01;1.959521e+02;2.978072e+02;7.260996e+02;1.690921e-01;1.005123e+00;4.989503e+01;2.605424e+02;2.094648e-01;2.980696e+00;7.445555e+04;2.150731e+05;8.055357e-01;3.859849e+00;2.113952e+01;3.638989e+01;1.199035e-01;-1.520952e+00;3.695068e-02;2.336594e-01;3.052625e-01;9.995469e-01;4.280079e+00;3.816327e+01;4.828412e+00;-1.690113e+01;5.757264e+00;2.067601e+01;6.049104e+00;1.275121e+01;4.721089e+00;9.716840e+00;6.265656e+00;2.667900e+00;5.626351e+00;1.054182e+00;7.857603e+00;1.370000e+01;8.146839e+00;4.945871e+00;7.209426e+00;-5.511693e+00;7.685589e+00;1.117043e+01;4.261545e+00;1.583320e+00;5.243296e+00;1.296962e+00;4.238591e+00;2.484898e+00;4.024419e-06;-1.982758e-07;3.269115e-08;-1.277173e-09;7.267079e-08;-8.459173e-10;1.262132e-07;9.325269e-09;3.854078e-07;1.290417e-10;4.158296e-06;-3.649697e-08;7.250278e-02;2.978891e-03;3.457645e-02;1.510357e-03;1.915961e-03;9.186135e-05;8.787242e-04;1.138826e-04;5.317099e-04;-1.661197e-04;8.400897e-03;-1.200309e-04;1.350972e-02;5.088722e-04;1.927140e-02;1.389883e-03;1.431420e-02;-6.559723e-04;2.729403e-02;2.091830e-03;2.443572e-02;3.430430e-04;2.213795e-02;8.661903e-04;6.457611e-02;2.478310e-03;3.807486e-02;2.064037e-03;2.834504e-02;9.742858e-04;6.390344e-02;3.831865e-03;4.700416e-02;2.313605e-03;7.749268e-02;2.279789e-03;9.709604e-02;-7.714738e-04;5.597645e-02;-2.955791e-04;6.664567e-02;8.967716e-04;1.250365e-01;3.809909e-03;1.420107e-01;7.646463e-03;1.290924e-01;7.685996e-03;7.349692e-02;3.040088e-03;7.861627e-02;2.492770e-03;3.434649e-02;-2.270116e-03;3.699058e-02;-1.362675e-03;2.596945e-02;-4.342127e-05;2.001259e-02;2.409699e-04;1.088679e-01;3.884601e-03;9.185363e-02;6.555588e-03;4.245216e+00;1.004883e-01;1.904468e+00;0;1.502394e+01;7.034180e-01;9.030571e+01;5.311523e+00;4.884312e-02;-3.586348e-03;1.374796e+01;6.986942e-01;6.022783e-02;2.512550e-03;2.005158e+04;8.404783e+02;2.492874e-01;-1.077288e-02;6.595385e+00;-1.499200e-01;3.504353e-02;-1.802574e-03;1.028744e-02;5.408227e-04;1.011017e-01;4.541589e-03;8.197955e-01;7.055132e-03;9.108213e-01;-6.706823e-02;1.401246e+00;8.179127e-02;1.649595e+00;-6.230316e-02;1.289674e+00;1.635511e-01;1.497583e+00;2.996661e-04;1.425491e+00;-2.382392e-01;1.722549e+00;1.814917e-01;2.085710e+00;-7.893577e-02;1.583345e+00;-9.839869e-02;1.746878e+00;-2.945789e-02;1.497031e+00;-4.241628e-04;1.646658e+00;-1.904473e-02;1.467614e+00;2.742395e-02
227.500000;9.004970e+00;7.451096e+01;2.935592e-02;7.764494e-01;5.941289e-02;3.805925e-02;6.977799e-02;4.994792e-02;7.076060e-02;1.490293e-01;2.598185e+00;8.463381e+00;3.138652e-01;2.419736e+00;1.438284e-01;9.542246e-01;3.298854e-02;1.604264e-01;7.152524e-03;2.350844e-02;3.105273e-02;1.217332e-01;4.182785e-02;2.692864e-01;4.764603e-02;4.301909e-01;6.637692e-02;5.547652e-01;1.425547e-01;6.863781e-01;9.549130e-02;7.523993e-01;9.612380e-02;8.258038e-01;1.067432e-01;9.086133e-01;1.865385e-01;1.020287e+00;1.248372e-01;1.038212e+00;7.670839e-02;1.107619e+00;2.109940e-01;1.158051e+00;1.771117e-01;1.216302e+00;2.840934e-01;1.253238e+00;3.648246e-01;1.333915e+00;1.683148e-01;1.350958e+00;2.667708e-01;1.345630e+00;4.251440e-01;1.416192e+00;5.711623e-01;1.430841e+00;5.289564e-01;1.395172e+00;3.034695e-01;1.203863e+00;2.492553e-01;1.069257e+00;1.816864e-01;9.472355e-01;2.292385e-01;7.948124e-01;1.133737e-01;6.423975e-01;7.535841e-02;5.366856e-01;3.766010e-01;1.280692e+00;3.542563e-01;7.984483e-01;5.858298e+01;1.016367e+02;9.956726e+01;1.405400e+02;2.366438e+02;3.182607e+02;4.353490e+02;8.577393e+02;1.889183e-01;9.873474e-01;1.409869e+02;3.241987e+02;5.599079e-01;3.278969e+00;8.972655e+04;2.211800e+05;1.127746e+00;3.388865e+00;2.331378e+01;3.119051e+01;4.496720e-01;-1.271297e+00;1.248197e-01;2.942530e-01;3.795287e-01;1.110980e+00;3.373333e+00;4.242168e+01;4.337089e+00;-2.075257e+01;6.267864e+00;1.964542e+01;6.698354e+00;1.286982e+01;7.007393e+00;8.472224e+00;6.533413e+00;2.549087e+00;6.009799e+00;-3.093528e+00;9.973221e+00;1.253053e+01;7.632097e+00;-7.113156e-01;8.406159e+00;-8.546215e+00;6.904366e+00;9.760699e+00;4.639869e+00;-3.216464e-01;4.492048e+00;5.520640e-01;4.894945e+00;2.802330e+00;3.773326e-05;4.683129e-06;8.217958e-08;-1.138710e-08;2.057637e-07;-1.856529e-09;2.406356e-07;1.288376e-08;3.666475e-07;1.846748e-09;8.415763e-06;-8.071523e-07;7.128262e-02;-2.918027e-03;3.375820e-02;2.395393e-04;6.129167e-03;-9.130248e-04;1.385448e-03;1.977828e-04;7.317394e-03;-4.979980e-04;1.166959e-02;-4.688937e-04;1.350490e-02;-3.484431e-05;1.976118e-02;1.181075e-03;3.764916e-02;2.302890e-03;2.666903e-02;1.508431e-05;2.776216e-02;-1.489331e-03;2.200355e-02;-8.616870e-04;3.571020e-02;5.575559e-04;2.924529e-02;1.335036e-03;2.157288e-02;4.436227e-04;7.019009e-02;1.858163e-03;4.712556e-02;4.584803e-03;6.680103e-02;8.285179e-05;9.070580e-02;-4.372560e-03;5.503630e-02;-3.272298e-03;7.606093e-02;2.531004e-03;1.206792e-01;-1.361703e-03;1.296608e-01;3.233702e-04;1.103827e-01;-7.389782e-04;7.476396e-02;2.632594e-04;7.394212e-02;-1.473275e-03;4.015986e-02;6.433895e-04;4.180768e-02;1.467452e-03;2.734040e-02;1.621124e-03;2.111898e-02;1.588898e-03;1.083579e-01;6.310938e-03;8.706551e-02;-1.637335e-04;1.186568e+01;1.636523e+00;2.210117e+01;1.851856e+00;5.788524e+01;3.502734e+00;1.077565e+02;1.088144e+01;6.171915e-02;-5.049953e-03;3.181189e+01;3.136303e+00;1.194284e-01;1.209232e-02;2.194445e+04;1.216793e+03;2.765056e-01;-2.552042e-02;6.354472e+00;-3.284850e-01;8.808423e-02;1.240915e-02;2.729525e-02;2.923355e-03;1.081246e-01;2.733052e-04;8.118747e-01;6.509199e-02;1.091121e+00;-6.942216e-02;1.344789e+00;-1.315095e-01;1.619675e+00;2.261999e-03;1.601741e+00;-1.133651e-01;1.802061e+00;-9.849644e-02;1.622866e+00;-2.793600e-01;1.910310e+00;-1.484658e-01;1.720084e+00;-1.619181e-01;1.734700e+00;-7.385550e-02;1.851685e+00;-3.711937e-02;1.259663e+00;8.351521e-02;1.387845e+00;7.196271e-02;1.425761e+00;-5.224955e-02
228.000000;1.385109e+01;8.767359e+01;3.084819e-02;7.674367e-01;9.012320e-02;8.589569e-02;8.018260e-02;8.351010e-02;8.770441e-02;1.518378e-01;2.528283e+00;7.167503e+00;2.833566e-01;2.362517e+00;1.717386e-01;1.020204e+00;3.423327e-02;1.380745e-01;6.224171e-03;2.587428e-02;4.989988e-02;1.344893e-01;5.630555e-02;2.846881e-01;3.832519e-02;4.174694e-01;7.135449e-02;5.735062e-01;1.690860e-01;7.194670e-01;1.156070e-01;8.027542e-01;1.591769e-01;8.710184e-01;2.496616e-01;9.426462e-01;1.698654e-01;9.570816e-01;8.649021e-02;1.017242e+00;9.883726e-02;1.101719e+00;2.109409e-01;1.176888e+00;1.672225e-01;1.220969e+00;2.174413e-01;1.279847e+00;2.955090e-01;1.362846e+00;2.108342e-01;1.367277e+00;3.963338e-01;1.494207e+00;5.888956e-01;1.533153e+00;6.407838e-01;1.546146e+00;5.436287e-01;1.469624e+00;5.254384e-01;1.440001e+00;4.067270e-01;1.278439e+00;2.840730e-01;1.157101e+00;2.592681e-01;9.972824e-01;1.396621e-01;7.603872e-01;1.088162e-01;6.190487e-01;4.991134e-01;1.523218e+00;2.180848e-01;6.680773e-01;6.889713e+01;1.391045e+02;1.078286e+02;1.981055e+02;2.390904e+02;4.167393e+02;3.992157e+02;9.961260e+02;2.488489e-01;9.511749e-01;1.379036e+02;3.929924e+02;5.182751e-01;3.566021e+00;6.696655e+04;2.358927e+05;9.052907e-01;2.934852e+00;1.223056e+01;2.248701e+01;4.486547e-01;-9.502545e-01;1.245152e-01;3.623657e-01;5.646614e-01;1.355066e+00;3.624117e+00;4.218872e+01;4.031388e+00;-1.949634e+01;8.060209e+00;1.714804e+01;6.977012e+00;1.290669e+01;5.981061e+00;3.894974e+00;7.962049e+00;-1.823800e+00;8.144649e+00;-3.631967e+00;8.820634e+00;5.877270e+00;7.556194e+00;1.947025e+00;6.011311e+00;-1.135690e+01;7.773764e+00;7.787773e+00;4.476378e+00;-4.348269e-01;5.329249e+00;6.128364e-01;5.870375e+00;2.582943e+00;3.814737e-05;4.126520e-06;9.559465e-08;1.425398e-09;4.252643e-07;-2.162475e-08;4.153262e-07;-5.795027e-09;4.978029e-07;1.074718e-08;8.716092e-06;-1.158776e-07;6.079326e-02;-1.481155e-03;3.221685e-02;-1.542860e-04;8.070687e-03;-2.151601e-04;1.322975e-03;4.661125e-06;1.051354e-02;1.894563e-04;1.439322e-02;1.515062e-04;1.092699e-02;-7.580334e-04;2.097805e-02;-1.116342e-03;4.926930e-02;2.991067e-03;2.644817e-02;1.997709e-03;4.573816e-02;8.340721e-04;6.333917e-02;-1.615951e-03;4.608114e-02;-1.133321e-03;2.563946e-02;8.664435e-04;1.785238e-02;1.025287e-03;7.679170e-02;-5.930726e-03;4.713482e-02;-1.268791e-03;4.496488e-02;-2.626547e-03;5.445572e-02;1.590208e-04;5.557479e-02;2.545376e-03;7.207117e-02;-2.180014e-03;9.838307e-02;-3.539871e-03;1.122121e-01;-2.536547e-03;9.225837e-02;-3.386583e-03;1.148918e-01;2.757350e-03;6.899059e-02;4.570945e-04;6.360690e-02;4.194618e-03;6.302520e-02;3.536010e-03;3.795385e-02;-8.033093e-05;3.061669e-02;4.566195e-04;1.741825e-01;7.688989e-03;6.443569e-02;-6.599740e-03;1.642554e+01;2.871094e-02;2.702584e+01;4.880859e-01;6.671915e+01;1.091016e+00;1.012681e+02;-4.665527e+00;8.353600e-02;-1.193445e-05;3.391465e+01;-1.482394e-02;1.299300e-01;7.662053e-04;1.860021e+04;-7.596415e+02;2.284223e-01;1.344397e-02;3.567765e+00;3.911624e-01;1.176283e-01;3.312420e-03;3.014885e-02;1.998826e-04;1.382995e-01;7.318930e-03;6.608968e-01;-4.884826e-03;9.431074e-01;1.032095e-01;1.672730e+00;-6.419050e-02;1.654695e+00;-2.431393e-02;1.632304e+00;-1.650320e-01;1.751131e+00;-1.352112e-01;2.086874e+00;1.330732e-01;1.709026e+00;-1.402206e-01;1.388384e+00;1.349877e-01;1.552649e+00;1.723478e-01;1.646151e+00;1.695478e-01;1.326669e+00;5.259395e-02;1.500592e+00;-7.970012e-02;1.375227e+00;-8.812467e-02
228.500000;1.124742e+00;9.870925e+01;1.886889e-02;7.751395e-01;7.776693e-02;1.098077e-01;6.558400e-02;8.571946e-02;7.971836e-02;1.377834e-01;1.508787e+00;7.365825e+00;2.749530e-01;2.426100e+00;1.640074e-01;1.052929e+00;2.413551e-02;1.433090e-01;4.162002e-03;2.358907e-02;3.655089e-02;1.433527e-01;4.403755e-02;2.935085e-01;2.803358e-02;4.190532e-01;6.621733e-02;5.699583e-01;1.412063e-01;6.984573e-01;1.415340e-01;8.188404e-01;1.589555e-01;8.892871e-01;2.529682e-01;8.960059e-01;1.960117e-01;9.961678e-01;8.039800e-02;1.042658e+00;1.415203e-01;1.077046e+00;2.243908e-01;1.203225e+00;1.318708e-01;1.224297e+00;2.266789e-01;1.311024e+00;3.392796e-01;1.414570e+00;2.221694e-01;1.353161e+00;4.053214e-01;1.545042e+00;6.218336e-01;1.667017e+00;6.115240e-01;1.683637e+00;4.797138e-01;1.602363e+00;4.308478e-01;1.586519e+00;3.718556e-01;1.390801e+00;2.832366e-01;1.150511e+00;2.310036e-01;9.989442e-01;1.224215e-01;7.683157e-01;1.026119e-01;6.324030e-01;5.187436e-01;1.708230e+00;2.469392e-01;7.074705e-01;5.561239e+01;1.213037e+02;7.585341e+01;1.751367e+02;1.476033e+02;3.588867e+02;3.392290e+02;9.381299e+02;2.028091e-01;8.575484e-01;9.029551e+01;3.652924e+02;3.733467e-01;3.430117e+00;5.598034e+04;2.295080e+05;8.463453e-01;3.179435e+00;1.976768e+01;2.635799e+01;3.144439e-01;-1.000572e+00;8.339859e-02;3.393770e-01;5.222010e-01;1.674459e+00;2.707489e+00;4.087889e+01;2.942027e+00;-1.682220e+01;8.387219e+00;2.085924e+01;6.317088e+00;1.137751e+01;5.028614e+00;5.423588e+00;6.085056e+00;-4.805874e+00;7.006403e+00;-5.196099e+00;7.725258e+00;8.935459e+00;5.172469e+00;7.066464e+00;7.399644e+00;-5.159039e+00;7.149068e+00;7.789148e+00;5.007817e+00;1.984423e+00;5.705662e+00;-1.944629e+00;6.265312e+00;-1.708432e+00;5.757398e-06;-2.446157e-07;6.268826e-08;7.126502e-09;4.401009e-07;-5.083047e-09;4.030838e-07;4.664054e-09;4.252527e-07;-1.613665e-08;5.363918e-06;5.859273e-07;7.297169e-02;3.689826e-03;3.646727e-02;6.233293e-04;6.094336e-03;5.629357e-04;9.185393e-04;-9.863944e-05;7.972305e-03;5.613336e-04;1.207543e-02;3.311053e-04;8.677539e-03;-2.302504e-04;1.923905e-02;-7.699440e-04;3.860611e-02;-7.031533e-04;3.596924e-02;4.083889e-04;4.683624e-02;2.750756e-04;6.335999e-02;1.610898e-03;5.923041e-02;2.708382e-04;2.673167e-02;-1.683294e-03;2.888700e-02;1.169442e-03;9.427093e-02;5.235626e-03;4.455705e-02;-2.895245e-03;6.258831e-02;-1.131462e-03;7.903873e-02;2.978106e-03;5.632331e-02;2.199693e-03;7.561187e-02;-9.096340e-04;1.308405e-01;2.645820e-03;1.186722e-01;3.175420e-03;9.340001e-02;3.206254e-03;1.108857e-01;3.776504e-04;7.568755e-02;-2.763149e-03;6.611811e-02;1.873275e-04;6.059163e-02;2.429822e-03;3.649004e-02;8.224832e-04;3.017596e-02;-5.925959e-04;1.768060e-01;-2.175939e-03;8.987941e-02;4.888829e-03;1.264207e+01;-1.320703e+00;1.788055e+01;-1.191504e+00;4.457523e+01;-2.225098e+00;1.098844e+02;-6.890625e-01;7.315178e-02;7.447653e-05;2.478029e+01;-1.586700e+00;1.097870e-01;-7.351895e-03;2.105861e+04;-1.461048e+02;2.930358e-01;4.022330e-03;7.643329e+00;-1.698643e-02;9.672592e-02;-7.014987e-03;2.186360e-02;-1.547071e-03;1.699795e-01;1.079919e-02;5.799618e-01;-4.624837e-02;1.055127e+00;5.237887e-02;1.662776e+00;1.545063e-01;1.602817e+00;-2.837319e-02;1.524376e+00;7.717491e-02;1.375261e+00;7.754453e-02;1.891621e+00;4.992174e-02;1.445271e+00;2.008681e-01;1.606576e+00;2.293677e-01;1.324763e+00;2.262770e-02;1.394985e+00;1.383840e-01;1.652369e+00;-1.224226e-01;1.755263e+00;5.342718e-02;1.265417e+00;4.000849e-02
229.000000;7.733980e+00;1.019995e+02;1.118220e-02;7.735078e-01;5.789056e-02;8.376005e-02;4.685127e-02;7.375728e-02;5.903603e-02;1.273262e-01;8.450456e-01;7.498718e+00;2.303903e-01;2.464183e+00;1.112362e-01;1.002152e+00;1.035535e-02;1.491675e-01;3.505344e-03;2.326657e-02;8.947870e-03;1.299611e-01;1.685774e-02;2.747125e-01;2.546103e-02;4.271068e-01;3.876003e-02;5.549760e-01;8.772529e-02;6.605132e-01;1.273972e-01;7.447457e-01;1.017396e-01;8.443571e-01;1.445029e-01;9.289577e-01;1.957914e-01;1.094857e+00;1.494268e-01;1.113475e+00;1.725788e-01;1.106233e+00;2.964543e-01;1.205649e+00;1.384323e-01;1.177632e+00;2.019244e-01;1.267180e+00;3.004739e-01;1.361699e+00;1.878286e-01;1.349857e+00;2.956444e-01;1.453882e+00;4.339896e-01;1.524013e+00;3.501482e-01;1.519109e+00;2.742083e-01;1.470119e+00;1.785876e-01;1.363951e+00;3.382720e-01;1.269562e+00;1.167646e-01;1.024202e+00;1.578266e-01;8.765321e-01;8.713679e-02;7.321537e-01;6.331745e-02;5.805174e-01;3.936604e-01;1.632871e+00;2.824751e-01;8.195404e-01;1.554373e+01;1.042207e+02;3.006982e+01;1.553262e+02;1.168584e+02;3.363486e+02;3.234978e+02;9.315264e+02;1.563747e-01;8.838684e-01;6.716761e+01;3.440100e+02;2.768654e-01;3.363151e+00;6.945540e+04;2.231507e+05;9.326406e-01;3.370714e+00;2.490548e+01;3.225173e+01;1.738955e-01;-1.069199e+00;5.444046e-02;3.194891e-01;3.388743e-01;1.761398e+00;1.803650e+00;4.092137e+01;3.754912e+00;-1.647437e+01;4.892761e+00;2.186304e+01;5.236217e+00;9.764559e+00;4.613950e+00;9.842856e+00;8.522845e+00;2.505475e+00;5.198602e+00;-6.305783e+00;5.283113e+00;9.048416e+00;8.161330e+00;2.941242e+00;8.172600e+00;-7.044826e+00;5.100862e+00;1.137581e+01;5.391550e+00;2.396707e+00;4.436750e+00;-2.022823e+00;3.510363e+00;-4.104531e+00;2.418576e-05;5.618516e-07;4.898842e-08;-4.071095e-09;2.929298e-07;8.247937e-09;2.314656e-07;2.205231e-09;2.802169e-07;-1.612783e-08;4.515323e-06;2.051195e-08;6.485321e-02;-2.124986e-03;2.893142e-02;-1.048458e-03;4.790525e-03;-1.858215e-04;9.901719e-04;-2.443941e-05;4.338567e-03;-1.607758e-04;8.046397e-03;-3.173280e-04;7.213589e-03;1.054796e-04;1.034954e-02;-1.932772e-04;2.163014e-02;-1.857815e-03;2.920202e-02;-2.832584e-03;2.339025e-02;-9.588781e-04;2.004939e-02;8.689558e-06;5.793628e-02;2.853449e-04;3.683421e-02;-7.281295e-04;3.717101e-02;-3.663739e-03;9.976413e-02;4.647199e-03;4.466315e-02;1.005545e-03;6.055302e-02;-1.679790e-03;8.935689e-02;-1.292000e-03;5.760256e-02;1.014450e-03;7.072516e-02;2.077056e-03;1.153264e-01;-7.232995e-04;7.885710e-02;-1.455372e-03;6.108199e-02;-2.289400e-03;4.917308e-02;-4.928318e-03;8.205658e-02;-2.537816e-03;3.782862e-02;-4.311117e-03;3.748526e-02;-3.976186e-03;2.466290e-02;-9.759178e-04;1.867162e-02;-1.521960e-03;9.727447e-02;-1.027057e-02;9.452627e-02;2.333457e-03;7.487929e+00;7.177734e-02;1.379557e+01;3.158203e-01;4.838023e+01;1.579102e-01;1.160521e+02;4.134375e+00;4.618871e-02;-7.230966e-04;2.701549e+01;6.039464e-01;1.150602e-01;1.321796e-03;2.439498e+04;4.537531e+02;3.772840e-01;-1.512349e-02;9.795444e+00;-3.596032e-01;8.327259e-02;4.303192e-03;2.254705e-02;4.871374e-04;1.457464e-01;-8.152943e-03;5.565872e-01;3.539084e-02;1.205143e+00;-7.987934e-02;1.277196e+00;3.304745e-02;1.131861e+00;-8.213087e-03;1.310614e+00;9.212967e-02;1.450803e+00;1.579655e-01;1.659683e+00;-7.054047e-02;1.325371e+00;-6.343304e-02;1.887404e+00;-1.178405e-01;1.274387e+00;-1.574888e-01;1.448501e+00;-1.168469e-01;1.546059e+00;5.512083e-03;1.500909e+00;1.493968e-01;1.130517e+00;1.405375e-02
229.500000;4.384261e+01;1.229397e+02;1.637926e-02;7.712949e-01;8.291508e-02;9.807183e-02;8.858948e-02;8.732200e-02;6.961486e-02;1.498099e-01;1.658628e+00;6.631579e+00;2.311644e-01;2.430022e+00;1.244601e-01;1.008720e+00;2.150259e-02;1.397232e-01;5.705711e-03;2.532376e-02;4.422525e-02;1.300408e-01;4.420422e-02;2.695265e-01;3.108583e-02;4.248514e-01;3.976068e-02;5.548542e-01;8.388301e-02;6.652792e-01;1.250374e-01;7.608768e-01;1.214323e-01;8.692870e-01;1.370236e-01;9.895535e-01;1.988788e-01;1.021178e+00;1.722556e-01;1.067659e+00;1.640093e-01;1.083860e+00;2.594395e-01;1.180900e+00;1.559698e-01;1.176836e+00;2.201637e-01;1.282723e+00;3.328418e-01;1.375603e+00;2.442685e-01;1.385422e+00;3.154151e-01;1.467068e+00;4.517105e-01;1.541627e+00;4.114080e-01;1.516885e+00;3.243901e-01;1.489937e+00;2.306508e-01;1.416319e+00;3.590250e-01;1.281005e+00;9.622701e-02;1.047781e+00;1.223893e-01;8.581738e-01;9.319317e-02;7.617782e-01;8.697248e-02;6.076991e-01;4.827153e-01;1.675131e+00;2.702668e-01;7.678523e-01;5.475816e+01;1.335059e+02;7.974149e+01;1.955215e+02;2.136941e+02;4.091309e+02;2.879552e+02;9.885176e+02;2.505162e-01;9.863660e-01;1.033351e+02;3.855824e+02;3.216910e-01;3.480838e+00;7.165842e+04;2.303128e+05;9.184664e-01;3.211662e+00;1.890181e+01;2.890831e+01;3.067010e-01;-9.494017e-01;9.076963e-02;3.590618e-01;3.882451e-01;1.733079e+00;2.170808e+00;4.086069e+01;3.766788e+00;-1.708169e+01;6.425478e+00;1.967067e+01;6.246057e+00;5.548978e+00;5.683053e+00;7.761117e+00;8.729361e+00;5.353769e+00;7.995785e+00;-7.453305e+00;8.158716e+00;8.601747e+00;6.677857e+00;-4.095686e+00;3.900427e+00;-1.151222e+01;6.630225e+00;8.272429e+00;5.844093e+00;1.429977e+00;4.381602e+00;-4.720648e-01;3.925548e+00;-4.052035e+00;1.305292e-04;-8.664879e-09;8.380438e-08;1.327154e-09;3.622060e-07;-3.785086e-09;4.060450e-07;-5.432781e-09;3.330578e-07;5.244546e-09;8.443502e-06;-3.471964e-07;6.013676e-02;4.897133e-04;2.997722e-02;4.485861e-04;6.860922e-03;-4.464602e-04;1.105869e-03;1.592341e-04;1.075353e-02;-6.911074e-04;1.158133e-02;-5.291408e-04;8.727025e-03;-1.405082e-04;1.286850e-02;3.491128e-04;1.664162e-02;-1.303927e-03;1.879017e-02;-5.344557e-04;2.149350e-02;3.218788e-04;2.604336e-02;-1.126471e-03;4.818513e-02;5.180815e-04;3.945021e-02;8.073429e-04;4.140451e-02;8.166582e-04;7.767795e-02;-2.278237e-03;4.381436e-02;4.163436e-03;5.730182e-02;8.486276e-04;8.904130e-02;8.783115e-04;7.295190e-02;7.197297e-03;7.449666e-02;1.410915e-03;1.026722e-01;-6.329022e-04;9.377989e-02;1.787019e-03;7.410788e-02;6.958530e-04;5.270902e-02;6.538443e-04;8.391911e-02;2.148204e-03;2.724938e-02;6.931943e-04;2.670504e-02;-2.603648e-03;2.534331e-02;-1.214544e-03;1.684417e-02;-5.715641e-04;1.063532e-01;-7.089633e-04;8.336171e-02;-1.268054e-03;1.312172e+01;1.291992e+00;2.076706e+01;1.880566e+00;6.164737e+01;7.766309e+00;9.044857e+01;1.148438e+00;9.085032e-02;-2.248525e-04;2.937512e+01;2.758997e+00;1.039027e-01;9.067285e-03;2.129612e+04;1.146422e+03;3.123916e-01;-8.051552e-03;6.885141e+00;-4.793814e-02;1.056432e-01;6.480018e-03;2.505821e-02;2.361352e-03;1.239425e-01;-1.018318e-02;5.748478e-01;-1.953937e-02;9.580280e-01;-9.154918e-02;1.603196e+00;-4.713663e-02;9.403109e-01;-1.415945e-01;1.214260e+00;-4.993078e-02;1.928360e+00;2.827984e-02;2.059325e+00;1.270393e-02;1.653604e+00;-9.522168e-02;1.677335e+00;-3.111565e-01;1.125286e+00;-1.682361e-02;1.509163e+00;-1.857982e-01;1.671943e+00;6.556417e-03;1.147705e+00;-4.240530e-02;1.200654e+00;-2.585356e-02
230.000000;5.035182e+01;1.108157e+02;2.002545e-02;7.709001e-01;9.209005e-02;1.205029e-01;9.383377e-02;9.887655e-02;7.900514e-02;1.503127e-01;1.958447e+00;6.100394e+00;2.816806e-01;2.420445e+00;1.514145e-01;1.018274e+00;3.402935e-02;1.390453e-01;7.219307e-03;2.581759e-02;6.702917e-02;1.455388e-01;5.211564e-02;2.700333e-01;3.323979e-02;4.198419e-01;5.407353e-02;5.686365e-01;8.761180e-02;7.121735e-01;1.640358e-01;8.378797e-01;1.770962e-01;8.643400e-01;1.644408e-01;9.246725e-01;1.102901e-01;8.868080e-01;1.143988e-01;9.881042e-01;1.482225e-01;1.123803e+00;2.252548e-01;1.144842e+00;2.135648e-01;1.224037e+00;2.727054e-01;1.318726e+00;3.175912e-01;1.348499e+00;3.271336e-01;1.492285e+00;3.107919e-01;1.425145e+00;4.793273e-01;1.505415e+00;5.158709e-01;1.529479e+00;4.246472e-01;1.512803e+00;2.164722e-01;1.430046e+00;2.946801e-01;1.308870e+00;2.182297e-01;1.164180e+00;1.924379e-01;9.522785e-01;1.237261e-01;7.619467e-01;7.989085e-02;6.147320e-01;5.674609e-01;2.014915e+00;2.256278e-01;6.282771e-01;6.880209e+01;1.487227e+02;9.654253e+01;2.060010e+02;2.561370e+02;4.582266e+02;3.367719e+02;8.964990e+02;2.932899e-01;1.052554e+00;1.310486e+02;3.930471e+02;3.413845e-01;3.555342e+00;7.193128e+04;2.233308e+05;1.050524e+00;3.411106e+00;1.875481e+01;3.109159e+01;4.760822e-01;-9.683857e-01;1.157694e-01;3.676303e-01;4.937283e-01;1.437089e+00;2.525881e+00;3.943855e+01;4.084322e+00;-1.587273e+01;7.205248e+00;1.977085e+01;3.853447e+00;3.042875e+00;3.934659e+00;3.422757e+00;8.350136e+00;-3.254917e+00;8.732134e+00;-7.628156e+00;9.486163e+00;8.376479e+00;9.573947e+00;-3.358042e+00;5.541377e+00;-6.228310e+00;9.259923e+00;6.812544e+00;6.350499e+00;-1.711231e+00;5.123475e+00;-1.726061e+00;5.579063e+00;-2.684309e+00;1.297197e-04;-4.667153e-06;9.799386e-08;3.887320e-09;4.216855e-07;-6.907694e-09;4.394439e-07;-4.654205e-09;3.651716e-07;-3.069174e-09;9.728761e-06;1.900545e-07;7.088452e-02;6.262882e-04;3.565961e-02;1.768628e-04;8.088542e-03;2.542405e-04;1.095713e-03;-4.182413e-05;1.419371e-02;2.203254e-04;1.333867e-02;-7.784951e-05;9.794955e-03;-3.324748e-04;2.019748e-02;4.473429e-04;2.249241e-02;3.765739e-04;3.125697e-02;2.343573e-06;3.270760e-02;-2.007838e-03;3.754789e-02;-1.261236e-04;4.173494e-02;7.072829e-04;3.961828e-02;-1.584482e-03;4.099238e-02;1.611257e-03;6.206362e-02;4.202843e-04;6.009005e-02;2.833523e-03;7.076418e-02;4.925363e-04;8.165028e-02;-2.670913e-05;8.858794e-02;-3.814082e-03;7.605440e-02;-4.313936e-04;1.085705e-01;8.064729e-04;1.220967e-01;-7.497407e-04;9.982575e-02;-8.769113e-04;5.263633e-02;1.248938e-03;6.798961e-02;3.201171e-03;5.880103e-02;5.495811e-04;4.691553e-02;3.749508e-04;3.148695e-02;6.687655e-04;1.803665e-02;6.646899e-04;1.444379e-01;3.748032e-03;7.376226e-02;-2.660620e-03;1.353379e+01;-2.871094e-01;1.982770e+01;-7.034180e-01;6.057250e+01;-1.205859e+00;7.069991e+01;-4.981348e+00;1.084329e-01;3.093557e-03;2.676990e+01;-1.129827e+00;8.561546e-02;-2.977417e-03;1.744266e+04;-4.422181e+02;2.478130e-01;1.457202e-02;5.235106e+00;2.694350e-01;1.183185e-01;-4.294135e-03;2.304676e-02;-1.065401e-03;1.171912e-01;-6.075579e-03;4.998536e-01;-5.078043e-02;9.845503e-01;6.038584e-02;1.748261e+00;-9.608878e-04;1.037422e+00;2.653551e-02;1.317361e+00;-3.190465e-02;1.856953e+00;-1.846952e-01;1.944715e+00;2.343362e-02;2.057052e+00;4.695971e-02;2.030904e+00;1.007730e-01;1.442865e+00;1.494546e-01;1.833365e+00;-2.890550e-02;1.806591e+00;3.904621e-02;1.419171e+00;1.202531e-02;1.375467e+00;6.386377e-02
230.500000;1.027044e+01;7.597216e+01;1.646769e-02;7.764374e-01;8.318284e-02;6.121511e-02;5.909825e-02;4.505626e-02;7.763627e-02;1.386074e-01;2.030625e+00;7.626067e+00;2.631036e-01;2.428527e+00;1.345632e-01;1.014286e+00;3.191496e-02;1.604436e-01;6.336558e-03;2.153817e-02;5.039147e-02;1.482079e-01;3.470427e-02;2.700424e-01;3.800860e-02;4.201607e-01;6.355146e-02;5.705029e-01;6.898428e-02;6.944391e-01;1.565973e-01;7.981392e-01;1.582090e-01;8.105146e-01;1.410939e-01;8.725901e-01;1.438297e-01;9.238417e-01;1.410520e-01;1.048792e+00;1.193470e-01;1.127618e+00;2.166410e-01;1.134530e+00;2.190756e-01;1.250459e+00;2.954997e-01;1.347057e+00;2.491784e-01;1.332739e+00;2.931050e-01;1.504179e+00;2.823478e-01;1.452423e+00;4.262490e-01;1.496816e+00;4.881621e-01;1.547714e+00;4.777653e-01;1.526491e+00;1.604475e-01;1.303085e+00;2.237065e-01;1.297503e+00;2.183671e-01;1.159771e+00;1.785239e-01;9.827560e-01;1.038879e-01;7.597468e-01;4.307824e-02;5.913146e-01;5.198715e-01;2.108334e+00;1.873776e-01;5.707676e-01;5.840047e+01;1.076660e+02;7.799658e+01;1.378125e+02;2.128517e+02;3.382148e+02;3.202095e+02;6.523125e+02;2.389507e-01;1.098049e+00;1.192813e+02;3.039777e+02;3.734768e-01;3.286983e+00;6.761380e+04;1.908561e+05;9.949455e-01;4.103160e+00;2.069024e+01;4.165760e+01;4.410471e-01;-1.270798e+00;1.061025e-01;2.842418e-01;3.171424e-01;1.056047e+00;1.763785e+00;3.798333e+01;3.545798e+00;-1.359961e+01;7.278907e+00;2.322848e+01;4.524515e+00;7.307414e+00;4.039307e+00;3.218571e+00;3.975301e+00;-7.200240e+00;6.855303e+00;-4.055693e+00;6.873936e+00;5.457664e+00;1.094502e+01;5.008307e+00;4.401541e+00;-2.052293e+00;1.106287e+01;1.451713e+01;6.086716e+00;2.837412e-01;5.157763e+00;-1.907113e+00;4.535293e+00;2.044948e-02;1.959829e-05;-4.155033e-06;6.820390e-08;1.929899e-09;2.951824e-07;-1.539638e-08;2.087775e-07;-6.024132e-09;3.723362e-07;8.257388e-09;6.904437e-06;5.907652e-07;6.345299e-02;2.853468e-04;3.213725e-02;-1.822346e-04;5.841101e-03;7.188624e-04;7.047682e-04;-2.160494e-04;9.852252e-03;6.467261e-04;1.110640e-02;1.329918e-04;1.267936e-02;1.138546e-04;2.085226e-02;8.590861e-06;2.082535e-02;-5.450862e-04;3.146494e-02;-1.105838e-03;3.114870e-02;6.522156e-05;3.621294e-02;1.455155e-03;4.285675e-02;1.646037e-03;4.303633e-02;8.357595e-04;3.149103e-02;-1.812065e-03;5.174430e-02;-5.393597e-03;5.829317e-02;-4.752012e-03;7.357330e-02;1.819807e-03;6.496416e-02;4.908401e-04;7.492925e-02;-5.238647e-03;6.986029e-02;1.032765e-03;9.944730e-02;6.343966e-04;1.165674e-01;-2.571407e-03;1.130489e-01;-1.374867e-03;4.545721e-02;1.970768e-03;5.815553e-02;1.265303e-03;6.146741e-02;2.100070e-03;4.955399e-02;2.443135e-03;2.777040e-02;9.200585e-04;1.454375e-02;4.739254e-04;1.501905e-01;5.826784e-03;5.432212e-02;-2.810376e-03;6.477149e+00;-1.593457e+00;8.387465e+00;-2.540918e+00;3.712990e+01;-8.641993e+00;5.065878e+01;-1.089580e+01;7.299814e-02;3.992724e-03;1.567282e+01;-4.024039e+00;6.160396e-02;-1.200571e-02;1.586673e+04;-1.793761e+03;2.346882e-01;2.395834e-02;6.120453e+00;2.089897e-01;8.637781e-02;-1.020361e-02;1.289205e-02;-3.512292e-03;9.926032e-02;-2.764613e-04;5.327545e-01;-2.233831e-02;9.569821e-01;9.923906e-02;1.530486e+00;8.229464e-02;1.129297e+00;1.232715e-01;1.054269e+00;3.152505e-02;1.270201e+00;-2.665619e-02;1.484450e+00;1.776372e-01;1.787768e+00;-8.627997e-02;2.086779e+00;1.481305e-01;1.616101e+00;4.155651e-02;1.902674e+00;2.578040e-01;1.331002e+00;1.200337e-01;1.575747e+00;-1.119982e-03;1.215882e+00;5.862109e-02
231.000000;1.117868e+00;7.170699e+01;8.684566e-03;7.892115e-01;2.832133e-02;1.704344e-02;1.457771e-02;1.399369e-02;6.975711e-02;1.260763e-01;1.187045e+00;9.546944e+00;2.591118e-01;2.375382e+00;1.273027e-01;9.967573e-01;5.910736e-03;1.767195e-01;3.077088e-03;1.791509e-02;5.684043e-03;1.340049e-01;2.108681e-02;2.728422e-01;3.572437e-02;4.259863e-01;5.693800e-02;5.467227e-01;7.087489e-02;6.433865e-01;9.234218e-02;7.417298e-01;1.441656e-01;8.608966e-01;1.507219e-01;9.208087e-01;1.855871e-01;1.009074e+00;1.459245e-01;1.041106e+00;9.281041e-02;1.080770e+00;1.676768e-01;1.152009e+00;1.896691e-01;1.244883e+00;3.348160e-01;1.305851e+00;3.678707e-01;1.389904e+00;1.814876e-01;1.379313e+00;2.803765e-01;1.464235e+00;4.659414e-01;1.527472e+00;4.849672e-01;1.544585e+00;4.984856e-01;1.514714e+00;1.920648e-01;1.321821e+00;2.099009e-01;1.212795e+00;1.479555e-01;1.013240e+00;1.461090e-01;8.482972e-01;9.664129e-02;7.242719e-01;5.557429e-02;5.949728e-01;4.635302e-01;1.842371e+00;1.847248e-01;5.286693e-01;1.124502e+01;7.292578e+01;8.578519e+00;9.000879e+01;3.670596e+01;2.097334e+02;1.232795e+02;4.572217e+02;1.627977e-01;1.114086e+00;3.925393e+01;2.280423e+02;2.141216e-01;2.947605e+00;6.089487e+04;1.617513e+05;1.392098e+00;4.900346e+00;5.745953e+01;6.244126e+01;1.124351e-01;-1.487424e+00;3.056798e-02;2.122071e-01;2.671865e-01;9.732410e-01;2.352695e+00;3.902264e+01;3.909467e+00;-1.381389e+01;6.131657e+00;2.661702e+01;5.605730e+00;1.042619e+01;3.913891e+00;3.601819e+00;6.522179e+00;-1.486358e+00;4.382047e+00;-2.606257e+00;8.659029e+00;9.390327e+00;7.814345e+00;6.093988e+00;4.882882e+00;-1.830094e+00;8.012774e+00;1.531238e+01;4.984003e+00;2.177030e+00;6.145948e+00;-7.518592e-01;3.911016e+00;1.655894e+00;2.924640e-06;2.244860e-07;3.267875e-08;1.704305e-10;8.125584e-08;-2.462466e-09;5.176528e-08;1.713482e-10;3.159314e-07;3.151306e-08;5.168670e-06;7.491155e-08;6.243939e-02;-3.837087e-03;3.026038e-02;-1.001190e-03;1.786154e-03;6.345124e-05;6.961279e-04;-2.595112e-05;5.243917e-04;-2.449190e-04;7.636168e-03;1.864193e-04;1.279581e-02;2.113567e-04;1.477290e-02;-8.925213e-04;1.944108e-02;-1.461257e-03;2.662920e-02;-9.489895e-04;3.327510e-02;2.172441e-03;3.789076e-02;1.344471e-04;4.613886e-02;-2.557442e-03;4.133309e-02;-1.654502e-04;2.352673e-02;-1.368998e-03;3.957582e-02;-5.886775e-03;4.538890e-02;-7.798990e-03;8.134852e-02;-2.660952e-03;9.073082e-02;-3.493999e-03;4.122696e-02;1.477258e-03;7.266673e-02;-1.456800e-03;1.165452e-01;-2.745930e-03;1.125389e-01;-1.233814e-03;1.158849e-01;-4.679232e-05;4.331567e-02;9.706795e-04;5.879420e-02;-2.110906e-03;3.753095e-02;1.084417e-03;3.134237e-02;1.263450e-03;2.401017e-02;1.015511e-03;1.322484e-02;5.276285e-04;1.252816e-01;-3.353121e-03;4.900375e-02;-3.112356e-03;3.558622e+00;-1.004883e-01;3.293978e+00;-1.004883e-01;1.045191e+01;-7.321289e-01;2.948901e+01;-1.708301e+00;5.263025e-02;6.490791e-04;9.768278e+00;-6.415574e-01;5.195571e-02;-4.712397e-03;1.598202e+04;-5.397366e+02;3.476660e-01;4.939533e-02;1.504600e+01;2.071680e+00;3.100925e-02;-1.645043e-03;7.336549e-03;-5.756005e-04;9.228403e-02;2.027529e-03;5.701785e-01;-3.479596e-04;1.021620e+00;4.817570e-02;1.218079e+00;6.876780e-02;1.232089e+00;-6.140779e-02;1.018005e+00;-3.630800e-02;1.442467e+00;1.769829e-01;1.253171e+00;5.622862e-02;2.017523e+00;8.649352e-02;1.674701e+00;-1.214133e-01;1.630293e+00;-4.952533e-03;1.844660e+00;3.866361e-02;1.371073e+00;-1.396756e-01;2.052943e+00;-1.301517e-01;9.293608e-01;-3.534671e-02
231.500000;4.425830e+01;8.654096e+01;2.291454e-02;7.799245e-01;9.752723e-02;4.861308e-02;1.299494e-01;6.258182e-02;9.248608e-02;1.370869e-01;2.562363e+00;8.485345e+00;2.491193e-01;2.398941e+00;1.207752e-01;1.004131e+00;2.567125e-02;1.645493e-01;7.066373e-03;2.087427e-02;3.872599e-02;1.311662e-01;2.952149e-02;2.729513e-01;2.710398e-02;4.241197e-01;4.881865e-02;5.426703e-01;1.326462e-01;6.607364e-01;9.421003e-02;7.481363e-01;1.416896e-01;8.850611e-01;1.341240e-01;1.000817e+00;1.740315e-01;1.070970e+00;1.779703e-01;1.055716e+00;1.683468e-01;1.147415e+00;2.598064e-01;1.227521e+00;2.251516e-01;1.250519e+00;3.081633e-01;1.290749e+00;3.603821e-01;1.349024e+00;2.071220e-01;1.373952e+00;2.534095e-01;1.424479e+00;4.168268e-01;1.440652e+00;4.752003e-01;1.487333e+00;4.866622e-01;1.475562e+00;2.124915e-01;1.402016e+00;2.199824e-01;1.210326e+00;1.562129e-01;1.056291e+00;1.582288e-01;8.682483e-01;1.044634e-01;7.261053e-01;5.245182e-02;5.848615e-01;3.945734e-01;1.711790e+00;1.769199e-01;5.467120e-01;5.740464e+01;9.532031e+01;7.439665e+01;1.236006e+02;1.607405e+02;2.718926e+02;4.315074e+02;6.669551e+02;2.229354e-01;1.120659e+00;1.283264e+02;2.868298e+02;4.228755e-01;3.098517e+00;1.055055e+05;2.077908e+05;1.730353e+00;4.447613e+00;6.359895e+01;5.521756e+01;3.619263e-01;-1.312487e+00;1.104711e-01;2.617808e-01;3.010082e-01;1.120978e+00;2.420705e+00;3.927696e+01;4.385324e+00;-1.661835e+01;5.966304e+00;2.610637e+01;8.071159e+00;6.587574e+00;6.180973e+00;3.733119e+00;4.966059e+00;3.160775e+00;4.837422e+00;-1.883832e+00;8.932061e+00;1.159493e+01;1.008019e+01;-2.596844e+00;8.515642e+00;-6.484643e+00;6.353226e+00;1.101723e+01;4.954003e+00;-1.247100e+00;7.691806e+00;-4.922052e-02;3.826127e+00;2.139063e+00;1.620419e-04;4.108042e-06;6.636453e-08;-9.359055e-09;4.943673e-07;8.705838e-08;7.448050e-07;4.820931e-08;4.246359e-07;-7.447258e-09;7.264486e-06;-6.837398e-07;6.439514e-02;-1.787616e-03;2.992972e-02;-5.016654e-04;5.565566e-03;-6.945916e-04;1.343293e-03;8.793147e-05;8.350200e-03;-3.899935e-04;8.714844e-03;-2.774453e-05;1.079825e-02;1.406029e-04;1.509981e-02;1.357214e-04;3.041563e-02;2.121002e-03;2.753057e-02;1.068250e-03;4.023064e-02;8.505689e-04;3.686249e-02;1.738194e-04;4.221339e-02;-5.933566e-04;5.822058e-02;8.935591e-04;3.204170e-02;1.867731e-04;5.664270e-02;-8.693557e-04;5.333102e-02;-8.985199e-04;8.087529e-02;-3.711144e-03;9.233169e-02;-2.137549e-03;4.264541e-02;-3.329542e-03;7.253879e-02;-1.894584e-03;1.095246e-01;-1.847483e-03;1.090387e-01;8.039644e-04;1.087246e-01;2.947072e-04;6.125245e-02;-1.779836e-03;6.314430e-02;-9.440636e-04;3.479240e-02;-1.533729e-04;2.821218e-02;-2.207322e-04;2.749794e-02;-1.076814e-03;1.420890e-02;1.618162e-04;1.360585e-01;-1.200625e-05;5.020404e-02;-3.056167e-03;1.209678e+01;1.177148e+00;1.600270e+01;1.737012e+00;3.037477e+01;2.383008e+00;7.937737e+01;5.842676e+00;9.692774e-02;-3.568802e-03;2.315559e+01;1.775191e+00;8.239686e-02;9.058051e-03;2.178525e+04;2.150861e+02;4.340225e-01;-5.353061e-03;1.897096e+01;8.808327e-02;7.930785e-02;9.307388e-03;2.009412e-02;1.821506e-03;1.032018e-01;4.322988e-03;5.649155e-01;2.448364e-02;1.074688e+00;-1.278571e-02;1.088876e+00;-1.210835e-01;1.434158e+00;-1.760656e-01;1.519932e+00;-6.287847e-03;1.564523e+00;2.096734e-02;1.372542e+00;-7.944682e-02;2.277116e+00;-4.860516e-03;1.871177e+00;-1.150558e-01;2.046516e+00;-1.061289e-01;2.040544e+00;-1.382904e-01;1.522861e+00;-9.191429e-02;2.228731e+00;1.918717e-03;1.329777e+00;7.282985e-03
232.000000;5.949091e+01;1.217049e+02;2.459919e-02;7.593516e-01;1.557972e-01;1.497370e-01;1.652879e-01;1.457001e-01;1.364809e-01;2.058546e-01;2.731162e+00;6.143293e+00;2.041915e-01;2.423184e+00;1.097298e-01;1.012749e+00;3.042109e-02;1.406062e-01;7.008328e-03;2.497103e-02;5.752629e-02;1.353242e-01;5.200485e-02;2.819496e-01;3.177692e-02;4.231954e-01;6.108580e-02;5.551942e-01;1.478596e-01;6.751147e-01;1.425624e-01;7.636006e-01;1.167451e-01;8.627596e-01;1.311368e-01;9.773406e-01;1.537736e-01;1.029609e+00;1.801711e-01;1.070416e+00;1.961319e-01;1.127598e+00;2.511957e-01;1.214169e+00;2.361620e-01;1.243998e+00;3.018949e-01;1.315974e+00;3.124184e-01;1.363428e+00;2.302482e-01;1.374167e+00;2.649124e-01;1.462337e+00;3.663929e-01;1.486696e+00;4.036201e-01;1.483805e+00;4.049024e-01;1.452673e+00;2.688825e-01;1.392980e+00;2.383116e-01;1.265743e+00;1.453325e-01;1.113089e+00;1.116913e-01;9.408959e-01;7.660767e-02;7.360882e-01;4.437951e-02;5.833275e-01;4.317422e-01;1.842072e+00;1.751480e-01;5.427035e-01;7.123712e+01;1.445596e+02;8.973477e+01;1.910713e+02;1.784648e+02;3.784102e+02;4.001830e+02;9.401396e+02;2.671303e-01;1.089524e+00;1.254842e+02;3.793155e+02;4.187420e-01;3.446846e+00;9.443620e+04;2.439434e+05;1.004753e+00;3.496939e+00;2.747050e+01;3.114455e+01;4.127809e-01;-9.815465e-01;1.124747e-01;3.502006e-01;3.951920e-01;1.395319e+00;2.340403e+00;3.875563e+01;3.048900e+00;-1.778594e+01;7.225989e+00;2.262893e+01;6.114873e+00;3.316578e+00;6.803931e+00;3.778183e+00;5.690541e+00;1.356171e+00;6.318364e+00;-4.723043e-02;9.659535e+00;6.081622e+00;9.403346e+00;-5.955903e+00;7.358187e+00;-1.299553e+01;7.746061e+00;6.693962e+00;5.608897e+00;-3.258271e+00;8.384121e+00;1.407142e+00;5.148090e+00;1.957277e+00;2.310841e-04;5.794270e-06;8.515430e-08;-7.189975e-10;8.302981e-07;5.159870e-08;9.950879e-07;1.862507e-08;6.539906e-07;-2.472670e-08;9.636185e-06;-8.942160e-08;6.347936e-02;3.102127e-03;3.057547e-02;6.881087e-04;7.295658e-03;-2.263698e-04;1.498388e-03;6.500377e-05;1.184133e-02;2.768035e-04;1.407902e-02;2.952238e-04;1.023369e-02;3.010232e-04;2.075318e-02;-1.657766e-04;3.447492e-02;-7.679578e-04;2.562893e-02;5.909992e-03;3.928800e-02;3.403496e-03;4.762822e-02;-1.152072e-04;3.615641e-02;3.364479e-04;6.110724e-02;-6.409626e-04;3.972790e-02;1.128792e-03;5.757553e-02;2.760727e-03;6.084858e-02;3.345310e-03;7.518229e-02;4.359283e-03;7.781687e-02;5.522422e-03;5.967655e-02;-5.011123e-03;7.504283e-02;6.340597e-04;8.311383e-02;3.726328e-03;9.634037e-02;1.729902e-03;9.472810e-02;1.315154e-03;8.418549e-02;-2.219379e-03;6.961618e-02;-9.085625e-04;3.971217e-02;-2.945529e-03;3.058232e-02;-2.092548e-03;2.769467e-02;-1.585810e-03;1.475436e-02;-7.012971e-04;1.631305e-01;5.655888e-03;5.118940e-02;1.310600e-03;1.466038e+01;5.311524e-01;1.996321e+01;8.039063e-01;3.742004e+01;8.900391e-01;9.544469e+01;2.756250e+00;1.110729e-01;-3.315232e-03;2.795741e+01;1.132537e+00;1.048016e-01;5.204711e-03;2.325636e+04;4.681867e+02;3.642207e-01;-5.378647e-02;1.266010e+01;-2.261000e+00;1.049965e-01;3.877904e-03;2.449900e-02;1.119919e-03;1.330009e-01;5.310785e-03;5.958545e-01;3.919861e-02;1.005429e+00;-6.710742e-02;1.270150e+00;-6.168187e-02;1.532169e+00;3.740573e-03;1.663395e+00;7.820354e-03;1.459351e+00;-5.478510e-02;1.858083e+00;1.882829e-02;2.057199e+00;6.048821e-02;1.894470e+00;1.727225e-01;2.097709e+00;-1.495725e-01;1.731937e+00;-8.087934e-02;1.587530e+00;-4.452879e-02;1.798741e+00;-1.043917e-01;1.626714e+00;-6.168065e-02
232.500000;4.100667e+01;1.251360e+02;2.050019e-02;7.613081e-01;1.314866e-01;1.477554e-01;1.248266e-01;1.263739e-01;1.347046e-01;1.744563e-01;2.331690e+00;6.530941e+00;2.545950e-01;2.491066e+00;1.193943e-01;1.026023e+00;2.262611e-02;1.402039e-01;5.062868e-03;2.494583e-02;4.283380e-02;1.368157e-01;4.483543e-02;2.866339e-01;4.672988e-02;4.137042e-01;5.867402e-02;5.522954e-01;1.580072e-01;6.897144e-01;2.012552e-01;8.079189e-01;1.229269e-01;8.926896e-01;1.252213e-01;9.455866e-01;1.510059e-01;1.017177e+00;1.385478e-01;1.035092e+00;1.316139e-01;1.057236e+00;1.930977e-01;1.163293e+00;2.628002e-01;1.253098e+00;2.979995e-01;1.319035e+00;3.286494e-01;1.415563e+00;2.161726e-01;1.404119e+00;2.458858e-01;1.501977e+00;3.682213e-01;1.583506e+00;3.710736e-01;1.546594e+00;3.668661e-01;1.496077e+00;3.042604e-01;1.441339e+00;2.637523e-01;1.317124e+00;1.614429e-01;1.115367e+00;1.485937e-01;9.259497e-01;7.669814e-02;7.501240e-01;7.487947e-02;6.085793e-01;5.914149e-01;1.927606e+00;2.193134e-01;5.377105e-01;5.439112e+01;1.380996e+02;6.414566e+01;1.929375e+02;1.286477e+02;3.733857e+02;2.743548e+02;9.402832e+02;2.169492e-01;9.662670e-01;7.929789e+01;3.774527e+02;2.942446e-01;3.495020e+00;7.980530e+04;2.324163e+05;7.724565e-01;3.433415e+00;1.755213e+01;3.019591e+01;3.038167e-01;-9.644105e-01;7.135345e-02;3.531312e-01;4.554851e-01;1.796602e+00;2.352414e+00;3.880103e+01;3.320940e+00;-1.613715e+01;6.341473e+00;2.148651e+01;4.362961e+00;3.176077e+00;4.317334e+00;3.366388e+00;5.328075e+00;2.077676e+00;7.737228e+00;5.266893e+00;9.662218e+00;6.823642e+00;8.177217e+00;-4.880628e-01;5.367761e+00;-1.290425e+01;4.335443e+00;2.789267e+00;7.476118e+00;-1.849936e+00;6.809574e+00;1.135319e+00;5.859109e+00;-3.880943e-02;1.654230e-04;1.373732e-06;6.725242e-08;8.297877e-09;6.899326e-07;-2.764402e-08;6.822942e-07;-3.957891e-08;5.922219e-07;1.108049e-09;8.343502e-06;5.838256e-07;7.243657e-02;2.611746e-03;3.370265e-02;3.894950e-04;5.814740e-03;3.351886e-04;1.115983e-03;-2.897456e-05;8.748402e-03;4.354989e-04;1.237074e-02;3.740197e-04;8.952034e-03;-8.072061e-04;1.784859e-02;-1.275300e-04;4.835875e-02;-1.967068e-03;3.184736e-02;1.569274e-03;3.216409e-02;1.230026e-03;4.923642e-02;-1.255418e-03;3.929838e-02;-6.186059e-04;4.501404e-02;-1.555968e-03;3.595487e-02;-1.113985e-03;6.962144e-02;2.001622e-03;7.447752e-02;7.167935e-04;7.451639e-02;2.276391e-03;8.128056e-02;1.127962e-03;6.690104e-02;3.284913e-03;6.802741e-02;2.155289e-03;8.492800e-02;3.795232e-03;9.504643e-02;8.653936e-04;9.636527e-02;3.558659e-03;8.868787e-02;5.310320e-05;6.790998e-02;-5.853523e-04;4.505490e-02;-3.059552e-03;3.615543e-02;-1.517706e-03;2.846558e-02;-1.313324e-04;2.289875e-02;-5.775787e-04;1.724536e-01;-6.939059e-03;6.747176e-02;1.281425e-03;9.511991e+00;-9.474609e-01;1.277733e+01;-1.306348e+00;3.448870e+01;-1.291992e+00;8.314370e+01;-2.440430e+00;8.274207e-02;-1.433829e-03;2.151110e+01;-7.056285e-01;9.308435e-02;-5.425123e-03;2.155908e+04;6.369056e+02;2.887250e-01;-1.000776e-03;6.188227e+00;-1.738952e-01;8.918320e-02;-3.379250e-03;1.820280e-02;-8.497708e-04;1.403409e-01;8.065340e-04;6.321234e-01;-1.878502e-02;9.787548e-01;-1.798330e-02;1.274887e+00;1.493536e-01;1.252352e+00;-2.895147e-03;1.276648e+00;-3.337943e-02;1.491180e+00;7.100928e-02;1.759537e+00;1.558952e-01;1.987473e+00;1.869264e-01;1.700808e+00;1.351253e-01;1.888760e+00;9.886064e-02;1.281503e+00;1.213989e-03;1.562021e+00;4.310925e-02;1.604003e+00;1.237815e-02;1.521325e+00;-9.880854e-02
233.000000;6.029697e+00;1.099766e+02;1.189061e-02;7.725555e-01;4.835422e-02;7.956409e-02;4.082911e-02;5.806291e-02;7.132486e-02;1.349733e-01;1.113255e+00;7.834963e+00;2.437148e-01;2.500144e+00;1.051648e-01;1.008843e+00;1.159425e-02;1.466812e-01;4.671615e-03;2.248929e-02;7.328274e-03;1.315212e-01;1.462519e-02;2.752561e-01;6.056613e-02;4.234909e-01;4.080165e-02;5.516007e-01;1.462722e-01;6.800294e-01;1.729563e-01;7.972188e-01;1.393558e-01;8.545722e-01;1.160294e-01;8.879604e-01;1.614076e-01;9.860141e-01;1.208681e-01;1.003673e+00;1.116343e-01;1.062854e+00;2.581038e-01;1.182062e+00;2.502443e-01;1.245280e+00;2.258938e-01;1.279841e+00;2.258901e-01;1.343945e+00;1.979642e-01;1.446617e+00;2.640057e-01;1.472238e+00;3.637196e-01;1.516417e+00;3.948663e-01;1.529049e+00;3.547641e-01;1.500531e+00;2.761594e-01;1.394447e+00;2.356329e-01;1.261920e+00;1.284560e-01;1.087045e+00;1.703634e-01;9.437780e-01;7.462891e-02;7.577023e-01;7.190894e-02;6.148464e-01;6.112978e-01;1.862131e+00;2.303534e-01;5.423320e-01;1.338912e+01;1.075225e+02;2.392846e+01;1.584844e+02;8.232520e+01;3.122314e+02;2.791635e+02;8.212764e+02;1.638798e-01;9.084369e-01;5.363226e+01;3.385538e+02;2.218121e-01;3.354159e+00;8.385495e+04;2.314899e+05;9.066908e-01;3.716621e+00;2.357920e+01;3.380667e+01;1.725278e-01;-1.033126e+00;4.016256e-02;3.144102e-01;3.890672e-01;1.866349e+00;2.278235e+00;3.805935e+01;3.450321e+00;-1.441737e+01;6.016378e+00;2.444669e+01;5.629201e+00;5.525144e+00;4.386091e+00;1.948476e+00;3.451682e+00;3.773769e+00;5.524115e+00;7.764383e+00;6.580544e+00;1.038240e+01;6.422455e+00;3.701817e+00;5.962869e+00;-1.085489e+01;4.909731e+00;2.743843e+00;6.690529e+00;-2.151139e+00;4.943870e+00;1.406094e+00;4.335020e+00;-2.584639e+00;1.582561e-05;-2.340735e-07;4.518727e-08;-2.382805e-09;2.657019e-07;-4.420474e-10;2.065927e-07;1.975617e-09;3.928814e-07;1.018192e-10;6.003136e-06;-3.435569e-07;6.734664e-02;-2.954623e-06;2.782019e-02;9.694478e-04;4.208671e-03;-2.201396e-04;1.071932e-03;5.416973e-06;3.006493e-03;-2.933473e-04;5.736416e-03;-3.646462e-04;1.060275e-02;-7.026845e-04;1.203059e-02;5.803427e-04;4.868255e-02;2.085758e-03;2.941466e-02;-3.372386e-03;2.258715e-02;-1.515076e-03;3.650784e-02;-1.350116e-03;4.182137e-02;-1.099884e-03;4.216306e-02;2.563551e-03;4.145485e-02;-8.666789e-05;9.071180e-02;-1.375663e-03;6.841335e-02;2.931024e-04;6.186147e-02;1.581987e-03;6.406815e-02;2.291915e-03;5.521911e-02;6.054177e-03;5.688126e-02;3.031605e-03;8.300187e-02;1.709821e-03;9.934666e-02;2.469260e-03;9.065816e-02;2.283309e-03;7.104653e-02;1.078219e-03;5.997084e-02;9.417620e-04;3.820218e-02;3.231561e-03;4.217645e-02;3.233858e-03;2.407007e-02;1.440340e-03;2.217534e-02;4.955526e-04;1.522206e-01;-7.122773e-03;7.886681e-02;2.953543e-04;5.565388e+00;-1.435547e-02;6.859150e+00;-1.435547e-01;2.998472e+01;2.871094e-01;8.232304e+01;1.105371e+00;5.822486e-02;-4.755228e-04;1.713584e+01;4.694597e-01;7.186045e-02;1.769931e-03;2.158160e+04;1.223108e+03;2.839558e-01;-2.268828e-03;7.339136e+00;-3.975806e-02;6.475006e-02;3.121030e-03;1.341162e-02;2.371006e-04;1.358627e-01;-3.243154e-03;5.540532e-01;-7.494038e-02;1.014646e+00;2.557168e-02;1.211253e+00;6.874861e-02;1.196293e+00;3.180359e-02;1.378923e+00;-1.274917e-01;1.319528e+00;1.161354e-03;1.825177e+00;1.815836e-02;1.870720e+00;-1.082864e-01;1.810391e+00;-1.634376e-02;1.884764e+00;3.647697e-02;1.599430e+00;9.018808e-02;1.408178e+00;6.906862e-03;1.679788e+00;9.008547e-02;1.503705e+00;-4.406153e-03
233.500000;6.503717e+00;1.070201e+02;1.522655e-02;7.690756e-01;4.883184e-02;7.340591e-02;3.771082e-02;5.912101e-02;7.745397e-02;1.383715e-01;1.415628e+00;7.524425e+00;2.947904e-01;2.547699e+00;1.106211e-01;1.029731e+00;1.742733e-02;1.417517e-01;7.534768e-03;2.616402e-02;3.096143e-02;1.311798e-01;3.015419e-02;2.732806e-01;5.660935e-02;4.232650e-01;5.546737e-02;5.563280e-01;7.769266e-02;6.471909e-01;9.942453e-02;7.519840e-01;1.205208e-01;8.417865e-01;1.885539e-01;9.464322e-01;1.989376e-01;1.008883e+00;1.585759e-01;1.054667e+00;1.411471e-01;1.140183e+00;2.651456e-01;1.230701e+00;2.234182e-01;1.248365e+00;2.839619e-01;1.299360e+00;2.350498e-01;1.373933e+00;1.964785e-01;1.444993e+00;2.484264e-01;1.511100e+00;3.282084e-01;1.547410e+00;4.623760e-01;1.524768e+00;3.555812e-01;1.520362e+00;3.186812e-01;1.434545e+00;2.609471e-01;1.278597e+00;1.382680e-01;1.126327e+00;1.662789e-01;1.007985e+00;9.002791e-02;7.964044e-01;8.379985e-02;6.529849e-01;4.660862e-01;1.499065e+00;2.975931e-01;6.345217e-01;3.591278e+01;1.154180e+02;6.839880e+01;1.735576e+02;1.913912e+02;3.730986e+02;3.649022e+02;9.768896e+02;2.254162e-01;9.436314e-01;1.020466e+02;3.824464e+02;3.146544e-01;3.406116e+00;1.044960e+05;2.906884e+05;1.014507e+00;3.458044e+00;2.404969e+01;2.918784e+01;2.465303e-01;-9.678378e-01;8.144973e-02;3.446146e-01;4.574635e-01;1.687997e+00;3.686366e+00;3.531064e+01;3.044209e+00;-1.443802e+01;5.915211e+00;2.339814e+01;4.704074e+00;8.348365e+00;5.526733e+00;-4.217413e-01;5.077115e+00;6.918802e+00;5.762553e+00;8.424811e+00;1.012359e+01;6.117719e+00;7.268848e+00;5.192014e+00;6.215424e+00;-1.267332e+01;7.295014e+00;-3.536321e-01;4.953887e+00;-5.299809e+00;6.760390e+00;5.659858e+00;4.484123e+00;-1.842779e+00;2.712766e-05;7.940162e-07;6.183865e-08;-9.025888e-10;2.565932e-07;-1.271592e-09;1.816579e-07;1.764588e-08;3.852678e-07;2.418653e-09;6.502956e-06;-1.839905e-07;6.178675e-02;4.111812e-03;2.435987e-02;6.399621e-04;5.961951e-03;5.371811e-05;1.509008e-03;1.277400e-04;9.009534e-03;1.501005e-04;9.946921e-03;-6.900380e-05;1.220617e-02;4.936049e-04;1.599379e-02;1.021247e-05;2.687296e-02;8.473165e-04;2.357874e-02;5.754382e-05;2.155574e-02;-4.166914e-04;3.706343e-02;2.275744e-03;3.879614e-02;1.570526e-03;4.713600e-02;-1.890967e-03;4.592909e-02;1.758063e-04;8.397615e-02;7.363498e-04;5.566603e-02;1.566938e-03;7.510034e-02;1.989905e-03;7.473258e-02;1.239470e-03;4.182061e-02;-2.712571e-03;5.006790e-02;-1.604947e-04;7.349850e-02;8.069813e-04;1.064737e-01;1.855985e-03;7.312413e-02;8.304380e-04;5.443082e-02;1.119233e-03;5.786960e-02;3.967542e-03;3.200860e-02;1.895792e-04;3.907775e-02;-3.530415e-04;2.212009e-02;1.168714e-03;1.663027e-02;1.189803e-03;9.919053e-02;-1.246988e-03;8.024783e-02;4.358794e-03;9.747891e+00;4.306640e-02;1.735884e+01;0;5.360440e+01;2.555274e+00;8.206786e+01;6.589160e+00;7.900333e-02;3.032452e-04;2.567923e+01;1.181654e+00;8.659920e-02;2.547189e-03;2.292366e+04;1.531356e+03;2.795520e-01;-8.309465e-03;7.256438e+00;-6.875430e-02;9.001925e-02;-1.115295e-03;2.079587e-02;8.564271e-04;1.608791e-01;5.088862e-03;4.906237e-01;-5.898983e-02;1.007120e+00;2.284052e-02;1.136755e+00;-7.472443e-02;1.298079e+00;6.778724e-02;1.572948e+00;-3.315686e-03;1.399964e+00;7.498863e-02;1.879505e+00;2.828874e-02;2.181543e+00;2.943011e-02;2.000283e+00;-2.147584e-02;1.829247e+00;-1.138777e-01;2.105675e+00;-1.153783e-01;1.304289e+00;1.639152e-02;1.729876e+00;5.092031e-02;1.323501e+00;8.010791e-02
234.000000;8.144636e+01;1.426812e+02;2.150370e-02;7.691602e-01;6.640097e-02;7.260238e-02;1.035729e-01;9.129606e-02;1.022827e-01;1.360907e-01;2.668310e+00;5.769761e+00;2.506313e-01;2.767853e+00;8.505746e-02;1.044442e+00;2.967525e-02;1.375836e-01;9.908517e-03;3.305744e-02;8.082779e-02;1.431200e-01;5.690480e-02;2.665631e-01;4.195550e-02;4.193529e-01;7.044464e-02;5.702033e-01;7.894713e-02;6.726965e-01;1.571486e-01;8.088804e-01;1.065188e-01;8.730485e-01;1.646890e-01;1.006458e+00;1.776591e-01;1.061415e+00;1.815478e-01;1.134317e+00;1.070034e-01;1.184460e+00;2.198624e-01;1.220752e+00;2.145299e-01;1.241685e+00;3.214059e-01;1.322287e+00;2.575372e-01;1.345710e+00;1.952469e-01;1.402138e+00;1.752639e-01;1.449546e+00;1.806343e-01;1.502762e+00;3.962750e-01;1.539653e+00;2.810150e-01;1.528452e+00;3.916710e-01;1.555790e+00;2.667598e-01;1.360767e+00;1.659536e-01;1.154419e+00;1.852916e-01;9.560559e-01;1.520246e-01;7.937992e-01;1.418509e-01;6.411661e-01;5.175192e-01;1.468209e+00;2.666202e-01;7.374526e-01;9.184180e+01;1.670977e+02;2.129368e+02;2.905547e+02;3.101450e+02;5.861338e+02;3.512821e+02;1.230120e+03;2.902098e-01;9.763138e-01;1.893652e+02;5.089034e+02;3.885178e-01;3.674053e+00;1.021165e+05;3.615132e+05;7.042304e-01;3.056670e+00;1.269998e+01;2.228738e+01;4.157032e-01;-9.264749e-01;1.617317e-01;4.516543e-01;4.331217e-01;1.645833e+00;4.860742e+00;3.124894e+01;2.761503e+00;-1.512063e+01;6.744318e+00;1.709501e+01;7.913543e+00;1.545073e+00;8.056242e+00;4.064116e-01;5.516222e+00;7.231689e+00;6.235264e+00;7.507032e+00;1.116906e+01;3.654320e+00;1.130932e+01;-3.365202e-01;5.395216e+00;-1.349375e+01;1.166333e+01;-5.877557e+00;5.299256e+00;-5.576360e+00;7.102991e+00;6.310051e+00;4.855520e+00;-2.478721e+00;1.772623e-04;-5.449195e-06;9.784866e-08;3.359066e-09;3.655401e-07;-8.344410e-09;5.451062e-07;-1.740689e-08;5.011095e-07;1.978319e-08;1.141099e-05;1.764939e-07;6.316013e-02;2.633665e-03;2.104393e-02;-1.717456e-03;7.382656e-03;5.273449e-04;1.624067e-03;-5.265809e-05;1.829452e-02;8.296064e-04;1.507280e-02;1.989449e-04;1.151271e-02;5.978761e-04;1.836311e-02;8.558642e-04;2.613974e-02;6.583666e-04;3.086785e-02;1.406295e-03;2.244505e-02;-9.562288e-04;2.436400e-02;9.459293e-04;2.410479e-02;7.718470e-05;6.747254e-02;-3.838730e-03;3.661726e-02;9.708795e-04;7.298308e-02;2.037602e-04;6.363074e-02;-4.427471e-04;8.271651e-02;-2.098057e-04;7.969256e-02;-3.618054e-03;4.822054e-02;-4.009821e-03;2.663369e-02;-5.354863e-03;3.418187e-02;-3.794566e-03;9.643573e-02;-2.583290e-03;5.032382e-02;-3.742768e-03;5.471235e-02;-4.764520e-03;4.470391e-02;-3.901805e-03;3.320279e-02;-4.682711e-03;2.873161e-02;-5.281217e-03;2.524829e-02;-2.484008e-03;1.694688e-02;-1.733428e-03;1.346411e-01;2.092258e-02;7.953049e-02;3.675710e-04;1.776685e+01;-2.296875e-01;3.955400e+01;-3.445312e-01;6.648293e+01;-1.148437e-01;7.792088e+01;-1.622168e+00;1.015181e-01;4.972782e-03;3.472315e+01;-8.001030e-01;8.869924e-02;-1.925593e-04;2.052561e+04;-1.352777e+03;1.986513e-01;9.631563e-03;4.139527e+00;2.930908e-01;1.122036e-01;-8.185239e-03;2.905803e-02;-5.479341e-04;1.479004e-01;5.445432e-03;5.814131e-01;5.847983e-02;9.564265e-01;-3.160234e-03;1.399205e+00;-5.133872e-02;1.455474e+00;-6.189414e-02;1.447096e+00;6.715421e-02;1.550810e+00;-6.033776e-03;1.585725e+00;-8.632029e-02;2.677621e+00;3.365044e-02;2.149256e+00;-5.730862e-02;1.766231e+00;1.067033e-02;2.573065e+00;-5.797049e-02;1.453229e+00;1.824761e-02;1.761573e+00;4.511832e-02;1.500852e+00;1.191944e-01
234.500000;8.969466e+01;1.279450e+02;1.998620e-02;7.866817e-01;6.716520e-02;4.658073e-02;1.090362e-01;6.250788e-02;1.159405e-01;1.475872e-01;3.897832e+00;7.701929e+00;3.623310e-01;2.555168e+00;1.053695e-01;9.624639e-01;3.185638e-02;1.539342e-01;1.376161e-02;2.439153e-02;7.559668e-02;1.527684e-01;5.025562e-02;2.653080e-01;4.995661e-02;4.257521e-01;7.972778e-02;5.767374e-01;8.226798e-02;6.914648e-01;1.918709e-01;8.103356e-01;1.395913e-01;8.326859e-01;1.818500e-01;8.527781e-01;1.842847e-01;9.070836e-01;2.245604e-01;1.037127e+00;9.876315e-02;1.134273e+00;1.518296e-01;1.147001e+00;1.614577e-01;1.192694e+00;3.257532e-01;1.320491e+00;2.253592e-01;1.268724e+00;1.962875e-01;1.281400e+00;2.095566e-01;1.304354e+00;3.052323e-01;1.377038e+00;3.698374e-01;1.483763e+00;2.917398e-01;1.421029e+00;4.204597e-01;1.313717e+00;3.047222e-01;1.203241e+00;1.892834e-01;9.856466e-01;1.436865e-01;8.061879e-01;1.491336e-01;6.809919e-01;1.216785e-01;5.514678e-01;6.902150e-01;1.712600e+00;2.344912e-01;5.868610e-01;1.032671e+02;1.385303e+02;2.318246e+02;2.398799e+02;3.521307e+02;4.501875e+02;4.997039e+02;8.505615e+02;2.457115e-01;9.641957e-01;2.425179e+02;3.977015e+02;5.997137e-01;3.317491e+00;1.438065e+05;2.567359e+05;1.181082e+00;3.987266e+00;2.872888e+01;4.079362e+01;4.486233e-01;-1.166789e+00;2.073782e-01;3.596836e-01;4.881577e-01;1.299758e+00;6.637147e+00;3.472213e+01;3.019484e+00;-1.483165e+01;8.647862e+00;1.938452e+01;9.546509e+00;2.996508e+00;7.813214e+00;4.663432e+00;5.342141e+00;2.324136e+00;7.676344e+00;-7.072843e-01;9.273850e+00;8.872352e+00;1.152948e+01;-2.075274e-01;7.552602e+00;-9.199361e+00;1.501781e+01;1.167635e+00;5.642038e+00;-2.422942e+00;7.919960e+00;3.257299e+00;6.660923e+00;5.200983e-01;1.752947e-04;-6.205483e-06;8.350946e-08;3.817467e-09;3.224696e-07;-8.834507e-09;5.245872e-07;-2.129109e-08;5.637270e-07;-9.062441e-09;1.141352e-05;4.392692e-07;6.177713e-02;-6.326164e-03;2.257355e-02;-4.214500e-04;5.307957e-03;2.973173e-04;1.138945e-03;-2.488032e-04;1.610487e-02;-1.800393e-04;1.261878e-02;-7.218622e-06;1.697635e-02;5.061992e-04;2.281950e-02;4.525872e-04;2.565609e-02;-4.448026e-04;4.095040e-02;-1.024846e-03;2.753022e-02;5.108206e-04;2.888803e-02;-1.152512e-03;2.909139e-02;-1.436573e-03;7.332105e-02;3.023960e-03;2.856323e-02;1.403350e-03;5.620702e-02;-1.362745e-03;5.768096e-02;-2.320771e-03;7.410011e-02;1.265642e-03;6.501195e-02;-7.112816e-05;5.780828e-02;1.322192e-03;5.150523e-02;7.333833e-05;6.344397e-02;7.580957e-06;9.343266e-02;-1.292189e-03;5.451047e-02;-1.125992e-03;5.638786e-02;-1.589975e-03;5.723380e-02;-2.699221e-03;3.025533e-02;-4.504707e-04;2.824236e-02;-1.137456e-03;2.194051e-02;-1.614599e-03;1.295752e-02;-1.612807e-03;2.193547e-01;2.594618e-03;6.059416e-02;-3.237089e-03;1.557998e+01;-3.588867e-01;3.600419e+01;-4.306641e-01;4.379961e+01;-4.134375e+00;5.619401e+01;-9.948339e+00;8.067740e-02;7.416770e-04;2.667532e+01;-2.437819e+00;7.075576e-02;-8.641228e-03;1.339893e+04;-2.489172e+03;2.058896e-01;1.686114e-02;6.402605e+00;2.274278e-01;8.113839e-02;-4.467949e-03;2.262931e-02;-2.009414e-03;1.135624e-01;-1.176440e-02;6.287520e-01;9.125517e-02;9.043497e-01;-3.859859e-02;1.582851e+00;9.471692e-02;1.451803e+00;3.292149e-02;1.483763e+00;7.515434e-02;1.452532e+00;-1.180678e-01;1.614863e+00;-2.102650e-01;2.331637e+00;1.930966e-02;2.041923e+00;3.556490e-02;1.864230e+00;1.393902e-01;2.365422e+00;1.991509e-01;1.650051e+00;-3.013236e-02;1.935351e+00;-1.439699e-01;1.736820e+00;3.157097e-02
235.000000;8.225888e-01;7.257693e+01;8.000555e-03;8.029320e-01;1.736125e-02;1.864968e-02;1.553855e-02;1.808747e-02;9.005760e-02;1.080732e-01;2.095077e+00;1.216099e+01;2.514986e-01;2.251041e+00;1.562406e-01;9.687634e-01;5.443031e-03;1.748441e-01;5.032121e-03;1.677627e-02;1.793565e-02;1.425142e-01;1.573394e-02;2.724746e-01;4.776157e-02;4.169677e-01;8.278029e-02;5.526959e-01;9.961776e-02;6.711192e-01;1.512718e-01;7.442318e-01;1.216956e-01;8.340873e-01;1.730270e-01;8.342393e-01;1.773816e-01;8.975458e-01;2.017036e-01;1.018757e+00;9.359135e-02;1.100994e+00;1.514581e-01;1.166437e+00;2.124643e-01;1.285114e+00;3.282749e-01;1.334196e+00;3.613755e-01;1.379365e+00;2.028370e-01;1.302335e+00;3.727294e-01;1.391079e+00;6.715999e-01;1.496794e+00;6.052566e-01;1.509979e+00;5.517364e-01;1.440758e+00;2.956110e-01;1.232038e+00;3.568044e-01;1.173136e+00;1.413897e-01;9.706291e-01;1.002412e-01;8.084242e-01;7.596561e-02;6.650053e-01;5.552188e-02;5.469341e-01;6.737798e-01;1.454524e+00;2.146724e-01;5.498826e-01;1.361879e+01;6.029297e+01;1.198574e+01;8.943457e+01;5.062496e+01;1.714043e+02;1.811098e+02;4.467422e+02;1.699125e-01;9.014325e-01;3.941770e+01;2.168519e+02;2.561090e-01;2.731689e+00;6.578005e+04;1.596432e+05;9.359025e-01;4.633643e+00;2.964778e+01;5.306210e+01;9.961082e-02;-1.459289e+00;3.160161e-02;1.994514e-01;3.376486e-01;9.206392e-01;2.534696e+00;4.037116e+01;3.770142e+00;-1.632294e+01;7.414336e+00;2.621363e+01;7.352314e+00;1.426258e+01;5.061372e+00;7.887911e+00;4.704056e+00;-3.253556e-01;6.451015e+00;-5.218164e+00;5.395683e+00;1.520946e+01;6.075868e+00;9.028423e+00;6.480988e+00;-4.952929e+00;8.230876e+00;8.866906e+00;5.845014e+00;-1.316161e+00;8.540480e+00;-1.773781e-01;4.603091e+00;4.784201e+00;2.629539e-06;7.802630e-08;2.822352e-08;3.231725e-09;5.871611e-08;2.895013e-10;6.244246e-08;-3.895184e-09;3.866919e-07;-2.454384e-08;6.824845e-06;1.239898e-06;6.288069e-02;-1.327988e-03;3.457534e-02;2.694985e-03;1.823550e-03;-2.208621e-05;9.195260e-04;4.220205e-05;1.361726e-03;-8.053613e-04;4.485982e-03;-1.384415e-04;1.664465e-02;-2.471423e-04;2.386319e-02;3.018139e-05;2.677265e-02;-1.073542e-03;3.717212e-02;-1.770062e-03;2.769421e-02;-5.297258e-04;4.041699e-02;-3.823964e-04;4.287110e-02;4.798710e-05;6.466714e-02;4.286258e-03;2.441554e-02;-7.630545e-04;4.034209e-02;4.555344e-03;5.710309e-02;2.193401e-03;7.721502e-02;9.439736e-04;8.139332e-02;5.765675e-03;5.266311e-02;1.600625e-03;9.958567e-02;7.769730e-03;1.728043e-01;1.115569e-02;1.307711e-01;8.633000e-03;1.150847e-01;9.682852e-03;6.098751e-02;5.680430e-03;8.039480e-02;6.689315e-03;2.897303e-02;2.755872e-03;2.482351e-02;2.116522e-03;2.147628e-02;1.059510e-03;1.435430e-02;8.129838e-04;1.995393e-01;-2.092507e-02;4.951531e-02;4.632347e-03;3.931407e+00;-2.871094e-01;3.161985e+00;-3.158203e-01;1.454001e+01;-1.177148e+00;5.521969e+01;1.004883e+00;5.196078e-02;-6.859087e-03;9.935719e+00;-1.699831e-02;6.357636e-02;-5.567163e-03;1.566553e+04;1.083021e+03;2.510452e-01;-1.058628e-02;7.986785e+00;-3.381369e-01;3.303144e-02;6.774548e-04;7.762944e-03;-2.908001e-04;9.628856e-02;-9.368817e-03;6.877964e-01;-1.281374e-02;8.832493e-01;-1.009664e-01;1.793536e+00;1.600604e-01;1.463462e+00;9.194989e-02;1.390677e+00;1.291101e-01;1.508850e+00;-1.073067e-01;1.622976e+00;-1.570692e-01;1.522804e+00;9.498885e-02;1.614857e+00;1.054612e-01;1.831337e+00;6.457779e-02;2.131889e+00;6.896707e-02;1.606891e+00;4.704224e-02;2.081748e+00;-1.336108e-01;1.447087e+00;-4.891061e-03
235.500000;1.086307e+01;7.557500e+01;1.647690e-02;8.031265e-01;9.553844e-02;5.616855e-02;9.003913e-02;5.431798e-02;5.596722e-02;8.278507e-02;2.952262e+00;1.295562e+01;2.730328e-01;2.135447e+00;1.544556e-01;9.865485e-01;2.522424e-02;1.683295e-01;7.075153e-03;2.032124e-02;2.726557e-02;1.290548e-01;3.738802e-02;2.764125e-01;3.393240e-02;4.218756e-01;6.649233e-02;5.501357e-01;1.102623e-01;6.641181e-01;1.329220e-01;7.625604e-01;9.729432e-02;8.289876e-01;1.403022e-01;8.697370e-01;1.486009e-01;9.240267e-01;2.068400e-01;1.029791e+00;1.614780e-01;1.101527e+00;2.272242e-01;1.180408e+00;2.655142e-01;1.237610e+00;3.036680e-01;1.312641e+00;3.796317e-01;1.366125e+00;2.041931e-01;1.367934e+00;3.385193e-01;1.400549e+00;6.279870e-01;1.495203e+00;6.368831e-01;1.546824e+00;6.250352e-01;1.525172e+00;2.902990e-01;1.286080e+00;3.640855e-01;1.215502e+00;1.178210e-01;1.023762e+00;1.127196e-01;8.465866e-01;9.421534e-02;7.140338e-01;6.944092e-02;5.736058e-01;3.426991e-01;1.195498e+00;2.333946e-01;5.589432e-01;4.943453e+01;7.120312e+01;5.783152e+01;1.072354e+02;1.041811e+02;1.772900e+02;4.471255e+02;5.278506e+02;2.269499e-01;8.323427e-01;1.054894e+02;2.380443e+02;3.903927e-01;2.695572e+00;9.666605e+04;1.834235e+05;2.074594e+00;4.839131e+00;8.904175e+01;6.746868e+01;3.410415e-01;-1.379377e+00;9.023605e-02;2.146892e-01;2.927906e-01;8.092644e-01;2.646671e+00;4.085649e+01;4.360863e+00;-1.800661e+01;7.664315e+00;3.112114e+01;7.456630e+00;1.626983e+01;5.842714e+00;6.682336e+00;5.537888e+00;-3.289580e+00;8.199831e+00;-9.484222e+00;5.322108e+00;1.767319e+01;8.382655e+00;9.508766e+00;4.361528e+00;-3.901456e+00;8.689000e+00;1.107249e+01;6.871524e+00;-4.805120e+00;8.342204e+00;-7.052584e+00;3.992321e+00;4.186629e+00;5.060148e-05;2.288593e-07;6.220778e-08;1.142096e-09;3.967639e-07;3.002099e-09;3.372854e-07;1.782219e-09;2.443271e-07;-1.144641e-08;1.045767e-05;1.523130e-07;7.516014e-02;-4.366904e-03;4.134724e-02;-8.440386e-04;6.706255e-03;-1.099850e-04;1.581178e-03;-6.172849e-06;6.891395e-03;2.809769e-04;1.231347e-02;2.696276e-04;8.925548e-03;-8.353773e-04;1.930311e-02;-1.024181e-03;2.861181e-02;1.761690e-03;3.498672e-02;-8.130749e-04;2.433410e-02;-2.691117e-03;4.055126e-02;1.542667e-03;4.475030e-02;1.791419e-03;6.645819e-02;-2.988531e-03;3.706867e-02;6.185519e-04;5.629336e-02;2.271744e-04;6.248587e-02;1.394610e-03;8.059722e-02;-4.494091e-03;8.669040e-02;-3.671838e-03;4.684614e-02;-3.351103e-03;9.769594e-02;-3.331805e-03;1.737154e-01;-3.810815e-03;1.532844e-01;-3.666574e-03;1.530415e-01;-4.029932e-03;7.900966e-02;-1.556032e-03;9.451151e-02;-2.047547e-03;3.835949e-02;1.646788e-03;3.075887e-02;3.191232e-03;3.148230e-02;2.239899e-03;2.258515e-02;1.402343e-03;1.096258e-01;-6.387295e-03;6.292461e-02;-2.433989e-03;1.072149e+01;2.871094e-02;1.237738e+01;0;2.355145e+01;-4.450195e-01;1.130843e+02;-1.636523e+00;7.707455e-02;1.118705e-03;2.496963e+01;-5.063641e-01;9.361994e-02;-2.202541e-03;2.473797e+04;-7.379660e+02;6.008018e-01;1.314682e-02;2.717881e+01;4.210353e-01;9.768442e-02;1.337473e-03;2.097843e-02;-3.970911e-04;9.225287e-02;-5.307742e-03;7.479006e-01;2.071040e-02;1.185555e+00;4.868333e-02;1.682771e+00;-5.386739e-02;1.654747e+00;1.313637e-01;1.483302e+00;-2.242953e-03;1.844177e+00;3.991612e-03;1.984798e+00;-6.349222e-02;1.768605e+00;4.591235e-03;1.892287e+00;7.493392e-02;1.593368e+00;-6.175057e-02;2.113540e+00;6.336047e-02;1.632722e+00;-1.841547e-02;2.116157e+00;7.452325e-02;1.276149e+00;5.077837e-02
236.000000;1.505647e+01;8.440457e+01;2.301404e-02;7.860202e-01;1.061380e-01;6.710889e-02;9.885354e-02;7.015630e-02;1.591061e-01;1.137388e-01;4.055498e+00;1.009606e+01;4.106500e-01;2.088707e+00;2.532224e-01;1.025914e+00;3.938831e-02;1.461094e-01;8.383702e-03;2.202066e-02;4.267039e-02;1.284809e-01;6.745361e-02;2.819887e-01;3.806103e-02;4.193636e-01;8.587899e-02;5.842882e-01;1.736409e-01;7.428231e-01;1.555665e-01;7.904503e-01;2.168681e-01;8.626049e-01;2.898920e-01;1.017329e+00;1.867560e-01;1.013668e+00;2.326550e-01;1.061541e+00;1.807299e-01;1.104885e+00;2.377343e-01;1.195160e+00;3.312997e-01;1.224231e+00;3.612966e-01;1.290884e+00;4.186611e-01;1.337454e+00;4.051440e-01;1.455402e+00;7.619148e-01;1.558074e+00;8.127840e-01;1.551035e+00;5.594780e-01;1.483823e+00;7.442113e-01;1.533693e+00;6.514931e-01;1.434937e+00;4.546130e-01;1.251760e+00;2.879609e-01;1.084128e+00;2.119033e-01;9.050930e-01;1.674381e-01;7.649269e-01;1.089951e-01;5.957417e-01;7.092127e-01;1.474189e+00;2.901632e-01;4.889272e-01;6.697392e+01;1.106807e+02;9.967400e+01;1.718350e+02;1.560906e+02;2.706006e+02;5.205947e+02;7.520830e+02;2.959322e-01;8.358609e-01;1.403946e+02;3.069998e+02;6.269730e-01;3.087179e+00;1.065049e+05;1.954505e+05;2.452125e+00;4.531851e+00;1.070820e+02;7.222716e+01;5.280504e-01;-1.086834e+00;1.271506e-01;2.843307e-01;7.667748e-01;9.888812e-01;3.357469e+00;4.263204e+01;4.740492e+00;-1.814422e+01;9.461060e+00;2.795234e+01;7.537332e+00;1.412722e+01;6.593453e+00;1.767390e+00;5.607744e+00;-4.268782e+00;7.801305e+00;-1.156261e+01;9.655008e+00;1.233977e+01;9.706259e+00;7.081518e+00;4.040570e+00;-5.873168e+00;8.879041e+00;1.103992e+01;6.802570e+00;-5.179090e+00;1.163444e+01;-1.926262e+00;4.559715e+00;4.846604e+00;5.701862e-05;5.269997e-06;8.703976e-08;-5.505318e-09;4.306024e-07;-4.035657e-08;4.043228e-07;-6.958123e-09;7.681914e-07;-2.110765e-11;1.347751e-05;-1.111042e-06;9.744287e-02;3.447573e-03;5.843846e-02;2.296419e-03;9.578196e-03;-3.369084e-04;1.787961e-03;1.449988e-04;1.012220e-02;3.808840e-04;1.899505e-02;8.417570e-04;9.499889e-03;-3.645098e-04;2.584436e-02;-9.989695e-04;4.866568e-02;8.035889e-04;4.355356e-02;1.332347e-03;4.974338e-02;2.914574e-03;6.897942e-02;3.311486e-03;3.992228e-02;3.148120e-03;7.116409e-02;-1.973313e-03;4.532821e-02;2.778594e-04;6.134044e-02;-5.237488e-04;7.567554e-02;3.486206e-03;8.090466e-02;2.605159e-03;9.405170e-02;2.281904e-03;9.175553e-02;6.812601e-03;1.642636e-01;9.465264e-03;1.810195e-01;5.058261e-03;1.467922e-01;-7.306832e-04;1.759421e-01;3.653635e-03;1.484987e-01;7.288747e-03;1.091776e-01;2.311150e-03;6.867987e-02;2.590503e-03;4.580016e-02;2.171989e-03;4.096545e-02;1.576106e-03;2.660612e-02;1.985978e-03;1.916439e-01;1.484619e-03;6.783099e-02;1.756426e-03;1.442972e+01;3.875977e-01;2.367088e+01;5.167969e-01;3.502483e+01;3.100781e+00;1.266647e+02;7.278223e+00;1.096107e-01;-1.811300e-06;3.221763e+01;1.872368e+00;1.261304e-01;8.165268e-03;2.606311e+04;1.395465e+03;7.271433e-01;-1.061503e-02;3.649517e+01;-7.912321e-02;1.397953e-01;4.622276e-03;2.804199e-02;1.601537e-03;1.630318e-01;1.091492e-02;6.993154e-01;3.218418e-03;1.378896e+00;-7.716028e-03;1.578031e+00;-6.535966e-02;2.113419e+00;-4.599544e-02;1.855870e+00;-1.500136e-01;1.777061e+00;7.371314e-02;2.170700e+00;1.287185e-01;1.920422e+00;-3.448511e-02;2.052482e+00;-1.157074e-02;1.196580e+00;-1.667468e-04;1.827887e+00;-1.668227e-01;1.592368e+00;3.179879e-02;1.958320e+00;2.135422e-01;1.255813e+00;-5.460420e-02
236.500000;1.324243e+01;9.874938e+01;1.511616e-02;7.735577e-01;6.772329e-02;6.520496e-02;5.974507e-02;5.552192e-02;1.587835e-01;1.350805e-01;2.282976e+00;8.167341e+00;4.320017e-01;2.226647e+00;2.530450e-01;1.053296e+00;3.069653e-02;1.402283e-01;6.782302e-03;2.183547e-02;3.446122e-02;1.353148e-01;6.005927e-02;2.917179e-01;3.505117e-02;4.213221e-01;1.100550e-01;5.553099e-01;2.038775e-01;6.957037e-01;1.516791e-01;7.646549e-01;2.147238e-01;8.787016e-01;2.905374e-01;1.004468e+00;1.860062e-01;1.062513e+00;2.020240e-01;1.109999e+00;1.408207e-01;1.074521e+00;2.062503e-01;1.182348e+00;3.105323e-01;1.289111e+00;3.687629e-01;1.285828e+00;4.524367e-01;1.419512e+00;3.988047e-01;1.469256e+00;7.729572e-01;1.665025e+00;8.451182e-01;1.678909e+00;5.804461e-01;1.549541e+00;6.850707e-01;1.545572e+00;6.180481e-01;1.592707e+00;4.744704e-01;1.341839e+00;2.904855e-01;1.106100e+00;2.229698e-01;9.192635e-01;1.628573e-01;7.458190e-01;1.039917e-01;6.006357e-01;7.320905e-01;1.395141e+00;3.188479e-01;5.791291e-01;4.828562e+01;1.136953e+02;8.221198e+01;1.761416e+02;1.445928e+02;2.983066e+02;4.250944e+02;8.438145e+02;2.496003e-01;8.279070e-01;1.105078e+02;3.339550e+02;5.218649e-01;3.195245e+00;1.061982e+05;2.243099e+05;1.745101e+00;3.870649e+00;7.452829e+01;4.959128e+01;4.111942e-01;-9.781474e-01;9.754515e-02;3.075537e-01;7.801245e-01;1.481359e+00;3.312629e+00;4.263710e+01;5.019861e+00;-1.989590e+01;9.171166e+00;2.753014e+01;6.439872e+00;1.327937e+01;6.430226e+00;2.557444e+00;5.566172e+00;1.388479e-01;5.872650e+00;-7.153412e+00;8.238252e+00;9.876884e+00;8.094821e+00;7.960068e+00;6.146143e+00;-3.988390e+00;8.063928e+00;3.534371e+00;5.975391e+00;-2.669073e+00;7.217118e+00;3.927790e+00;8.272750e+00;-6.119635e-01;3.519943e-05;5.865865e-06;6.883235e-08;-6.078287e-09;2.542940e-07;-3.390216e-08;2.693119e-07;1.318772e-09;7.962350e-07;1.612437e-08;1.104017e-05;-3.651592e-07;9.560801e-02;3.059938e-03;5.795883e-02;1.421923e-03;8.368077e-03;-1.813268e-04;1.501884e-03;9.964727e-05;8.465955e-03;-2.362084e-04;1.609635e-02;-9.778638e-05;9.209719e-03;4.665052e-04;2.653400e-02;1.534658e-03;5.311606e-02;-1.689969e-03;4.086070e-02;-1.031711e-03;5.147087e-02;3.941751e-04;6.452136e-02;-2.543658e-03;4.770744e-02;-1.533310e-03;5.869715e-02;3.329322e-03;3.801288e-02;-2.277508e-03;5.855032e-02;-3.786927e-03;7.779909e-02;-1.202707e-03;8.375595e-02;3.339252e-03;1.081542e-01;6.158646e-03;9.275711e-02;2.421593e-03;1.657052e-01;2.060917e-03;1.915804e-01;5.450294e-03;1.415688e-01;1.076874e-02;1.502741e-01;7.170166e-03;1.455166e-01;4.376417e-03;1.099714e-01;6.758101e-03;6.936258e-02;-5.093573e-04;5.168210e-02;-1.857792e-03;3.756850e-02;-4.047752e-04;2.681700e-02;-8.709215e-05;1.935132e-01;3.071165e-03;7.117893e-02;9.090475e-04;1.060723e+01;3.301758e-01;2.056493e+01;5.742188e-01;4.559233e+01;7.464844e-01;1.337435e+02;1.320703e+00;9.077542e-02;4.382053e-04;3.136906e+01;9.852939e-01;1.377930e-01;2.864033e-03;2.902508e+04;1.090329e+03;5.809399e-01;-1.212745e-02;2.796179e+01;-4.294838e-01;1.284473e-01;3.186295e-03;2.633361e-02;8.466936e-04;1.796296e-01;1.509731e-02;5.842016e-01;-3.147985e-02;1.470423e+00;-5.801932e-02;1.693169e+00;1.374689e-01;1.956884e+00;-1.213370e-01;1.678623e+00;4.492887e-02;1.514633e+00;5.717255e-02;1.801350e+00;3.687217e-02;1.586784e+00;-6.060914e-02;1.659639e+00;-2.187445e-01;1.204883e+00;2.223569e-02;1.741390e+00;-1.016396e-01;1.477232e+00;8.431762e-02;1.958891e+00;-5.803540e-02;1.155029e+00;-1.110802e-01
237.000000;7.362298e+00;1.095433e+02;8.902738e-03;7.734401e-01;5.082776e-02;8.048509e-02;3.920044e-02;5.855430e-02;8.276640e-02;1.444459e-01;1.250846e+00;8.716383e+00;3.014258e-01;2.184585e+00;1.569028e-01;1.000207e+00;1.368055e-02;1.472247e-01;5.247146e-03;1.901487e-02;1.283296e-02;1.348642e-01;2.388938e-02;2.850241e-01;2.960876e-02;4.252203e-01;7.635657e-02;5.337710e-01;1.068522e-01;6.315138e-01;1.358036e-01;7.884719e-01;1.858640e-01;8.666623e-01;1.060809e-01;8.429213e-01;1.872036e-01;9.542220e-01;2.112583e-01;1.056538e+00;1.240729e-01;1.069590e+00;1.962021e-01;1.142750e+00;2.032392e-01;1.210030e+00;3.075897e-01;1.291344e+00;3.906342e-01;1.397557e+00;2.300076e-01;1.325561e+00;4.169365e-01;1.435750e+00;5.418963e-01;1.563061e+00;5.150701e-01;1.580006e+00;4.258641e-01;1.483779e+00;4.074025e-01;1.423955e+00;4.069726e-01;1.316026e+00;1.381397e-01;1.050436e+00;1.448244e-01;8.787597e-01;7.428323e-02;7.187511e-01;6.545706e-02;5.988086e-01;3.183867e-01;1.164416e+00;2.408930e-01;5.222223e-01;1.052854e+01;9.488965e+01;1.139068e+01;1.360898e+02;1.073962e+02;2.362910e+02;3.771492e+02;6.379570e+02;1.658699e-01;8.377655e-01;8.074055e+01;2.865456e+02;3.463337e-01;2.901566e+00;9.966793e+04;2.103360e+05;1.996211e+00;4.552357e+00;1.165247e+02;7.043384e+01;2.093754e-01;-1.043427e+00;6.191443e-02;2.621554e-01;4.419495e-01;1.535896e+00;2.452586e+00;4.155299e+01;5.820479e+00;-1.879012e+01;6.139911e+00;3.377216e+01;5.904377e+00;1.387927e+01;5.143557e+00;5.559932e+00;4.218393e+00;1.768841e+00;5.023998e+00;-7.179938e+00;5.830436e+00;1.519478e+01;7.463540e+00;8.193411e+00;5.200117e+00;-2.017004e+00;6.404081e+00;3.172469e+00;6.596030e+00;-4.070660e-01;7.819777e+00;-3.540856e+00;6.318157e+00;-4.438475e+00;3.155959e-05;-1.611213e-06;4.142732e-08;-1.881244e-09;2.748268e-07;8.807085e-09;1.922184e-07;2.155447e-08;4.678430e-07;2.373397e-08;7.784020e-06;-1.867421e-07;7.173230e-02;-4.554579e-03;3.909996e-02;-9.166359e-04;7.187162e-03;-9.307142e-05;1.349349e-03;-9.952130e-05;5.647596e-03;-3.650922e-04;8.310087e-03;-8.174134e-04;8.005240e-03;4.466856e-04;1.499935e-02;1.206175e-03;2.789375e-02;-6.906452e-04;3.203931e-02;1.795891e-04;3.247551e-02;2.333647e-04;2.455827e-02;1.149057e-03;5.340949e-02;3.065607e-03;3.806761e-02;2.357726e-03;3.182117e-02;1.659963e-03;6.834202e-02;-4.117383e-04;6.132383e-02;-3.782514e-03;8.595359e-02;-1.642680e-03;1.077243e-01;-1.756878e-03;5.566959e-02;-4.318738e-03;9.422714e-02;-8.830770e-03;1.411850e-01;-7.150232e-03;1.267813e-01;3.886008e-04;9.958600e-02;-3.486968e-03;9.252705e-02;-2.322173e-03;9.586756e-02;1.578272e-03;3.685630e-02;1.353886e-04;4.043385e-02;4.857228e-04;2.518624e-02;-2.055433e-04;2.429386e-02;-9.373192e-04;8.747088e-02;2.498571e-03;5.772728e-02;-6.709351e-03;5.001063e+00;8.613281e-02;5.083215e+00;5.742187e-02;4.104795e+01;-1.708301e+00;1.254862e+02;-7.120313e+00;4.390396e-02;2.710768e-03;2.808684e+01;-1.134449e+00;1.396160e-01;-2.494294e-03;3.089235e+04;-1.541293e+03;6.861941e-01;1.153614e-02;3.943893e+01;1.040202e-01;1.097810e-01;1.650815e-03;2.246325e-02;-7.604763e-04;1.604411e-01;-8.437595e-04;5.852837e-01;1.447480e-02;1.616815e+00;5.584555e-02;1.813248e+00;6.596083e-03;1.438092e+00;-8.015151e-02;1.413052e+00;6.175315e-02;1.420981e+00;-1.232948e-02;1.491528e+00;1.318423e-02;1.499048e+00;1.613150e-02;1.544188e+00;-1.104045e-01;1.339051e+00;-3.891040e-02;1.553846e+00;5.795163e-02;1.559246e+00;-3.676248e-03;1.926272e+00;-1.973407e-01;1.395589e+00;-2.040356e-02
237.500000;9.780218e+00;1.045449e+02;1.943601e-02;7.674692e-01;7.976784e-02;1.129071e-01;5.845913e-02;7.313605e-02;8.037522e-02;1.464069e-01;1.678148e+00;7.881888e+00;2.618778e-01;2.122711e+00;1.633378e-01;1.009549e+00;1.919723e-02;1.414288e-01;4.717601e-03;1.964475e-02;2.743271e-02;1.263918e-01;2.225111e-02;2.680345e-01;3.396865e-02;4.262990e-01;4.603587e-02;5.667517e-01;5.981599e-02;6.848249e-01;1.226360e-01;7.895291e-01;1.777931e-01;9.025731e-01;1.804466e-01;9.971678e-01;2.309982e-01;1.089277e+00;2.136105e-01;1.081918e+00;1.347213e-01;1.086264e+00;1.959540e-01;1.181980e+00;1.985023e-01;1.208469e+00;2.979131e-01;1.284314e+00;3.755008e-01;1.370301e+00;2.594791e-01;1.333790e+00;4.059556e-01;1.392954e+00;5.527889e-01;1.497176e+00;4.862666e-01;1.512719e+00;4.557122e-01;1.444558e+00;4.252526e-01;1.351113e+00;4.140421e-01;1.282612e+00;1.400598e-01;1.101074e+00;1.091006e-01;9.177009e-01;8.203185e-02;7.412328e-01;6.359835e-02;6.092414e-01;3.186251e-01;1.397648e+00;1.595260e-01;3.990956e-01;3.320430e+01;1.076660e+02;3.507291e+01;1.503018e+02;8.601310e+01;2.555273e+02;2.651819e+02;5.862773e+02;2.264886e-01;9.622435e-01;6.718398e+01;2.898860e+02;3.284411e-01;3.021266e+00;6.922970e+04;1.796274e+05;1.733003e+00;4.570205e+00;1.112900e+02;6.906967e+01;2.770180e-01;-9.754348e-01;6.064162e-02;2.736368e-01;4.167705e-01;1.373700e+00;2.631720e+00;4.275070e+01;4.422807e+00;-1.672846e+01;9.393880e+00;2.958969e+01;7.289587e+00;1.015239e+01;5.855564e+00;3.712772e+00;4.222120e+00;1.217810e+00;6.261699e+00;-5.748585e+00;6.998078e+00;1.618797e+01;6.273579e+00;4.068388e+00;7.104372e+00;-9.375303e+00;5.692491e+00;2.891124e+00;6.458202e+00;1.130164e+00;6.452443e+00;-5.903996e+00;5.277297e+00;-4.401770e-01;3.302420e-05;-2.059720e-06;6.681343e-08;1.532858e-09;3.261146e-07;-1.295776e-09;2.616300e-07;-1.994681e-10;4.796381e-07;-3.342293e-09;7.998272e-06;-2.315272e-07;6.682910e-02;4.264006e-03;3.925188e-02;2.617525e-03;8.236875e-03;5.550380e-05;1.175732e-03;-3.565130e-05;9.111057e-03;3.592203e-04;9.281999e-03;2.832696e-05;9.002128e-03;-2.257477e-04;1.084199e-02;-6.411466e-04;1.337094e-02;-2.904021e-04;2.822619e-02;3.087184e-03;3.023783e-02;2.471831e-03;4.165858e-02;2.450374e-03;4.952709e-02;2.206743e-03;4.170577e-02;2.338141e-03;4.232241e-02;1.774423e-03;7.524101e-02;3.329415e-03;5.698890e-02;3.225021e-03;8.110334e-02;3.754969e-03;1.048846e-01;3.459339e-03;6.654990e-02;5.329317e-03;1.035058e-01;8.224891e-03;1.430502e-01;7.212751e-03;1.173554e-01;1.956811e-03;1.064482e-01;5.148026e-03;9.550779e-02;6.451010e-03;9.048831e-02;4.384518e-03;3.648829e-02;2.423451e-03;3.269697e-02;1.092317e-03;2.796902e-02;-6.751514e-04;2.291610e-02;-8.199827e-04;6.468967e-02;2.851292e-03;4.979885e-02;1.849214e-03;9.033686e+00;0;1.038045e+01;-7.177734e-02;2.914795e+01;6.890625e-01;9.270781e+01;5.469434e+00;7.373098e-02;-1.937488e-04;2.445236e+01;7.264527e-01;1.227236e-01;5.156979e-03;2.414190e+04;4.935245e+02;6.203229e-01;-1.108371e-02;3.759198e+01;-1.657131e-01;1.257478e-01;-1.052056e-03;2.113443e-02;6.460228e-04;1.507826e-01;3.860394e-03;6.204333e-01;1.662569e-02;1.408704e+00;-9.295701e-03;2.143178e+00;-1.033081e-01;1.457374e+00;-1.118522e-01;1.546802e+00;-1.092820e-02;1.376505e+00;2.585931e-02;1.578494e+00;1.803624e-01;1.841681e+00;8.854546e-03;1.647073e+00;4.469166e-02;1.349169e+00;-1.084156e-01;1.503281e+00;-6.097015e-02;1.518786e+00;2.033977e-02;1.739594e+00;3.042480e-03;1.352807e+00;1.095189e-02
238.000000;4.394257e+01;1.114074e+02;2.433807e-02;7.590740e-01;9.163555e-02;1.207691e-01;8.140846e-02;9.657239e-02;7.610628e-02;1.351723e-01;6.777738e+00;5.120428e+00;2.533369e-01;2.342496e+00;1.440070e-01;1.063088e+00;2.299256e-02;1.336207e-01;4.180822e-03;2.441799e-02;4.220301e-02;1.262707e-01;3.156374e-02;2.653899e-01;4.218777e-02;4.322802e-01;4.450755e-02;5.589783e-01;5.414475e-02;6.802481e-01;1.047046e-01;7.726179e-01;9.706818e-02;8.848116e-01;1.680461e-01;1.040615e+00;1.914492e-01;1.134737e+00;1.533042e-01;1.098497e+00;1.466100e-01;1.114094e+00;2.197252e-01;1.186673e+00;1.750945e-01;1.239883e+00;2.723124e-01;1.308597e+00;2.919869e-01;1.352135e+00;2.255881e-01;1.505546e+00;3.055414e-01;1.527585e+00;4.226833e-01;1.553208e+00;4.587178e-01;1.558215e+00;4.104735e-01;1.562273e+00;3.432913e-01;1.535353e+00;6.096016e-01;1.449403e+00;3.820502e-01;1.280192e+00;2.955967e-01;1.043681e+00;1.644067e-01;8.005716e-01;8.602455e-02;6.284404e-01;3.815363e-01;1.625138e+00;1.810464e-01;4.637671e-01;5.631206e+01;1.428369e+02;7.478304e+01;1.963828e+02;1.603485e+02;3.715195e+02;3.149995e+02;8.649170e+02;2.422796e-01;1.028885e+00;1.011362e+02;3.736469e+02;3.465259e-01;3.394312e+00;7.469204e+04;2.262607e+05;8.527436e-01;3.564644e+00;1.557849e+01;3.059706e+01;3.180974e-01;-8.782346e-01;9.110326e-02;3.497019e-01;4.173671e-01;1.467469e+00;4.746137e+00;4.042102e+01;4.360749e+00;-1.737798e+01;7.363499e+00;2.366224e+01;5.387959e+00;2.052772e+00;5.441132e+00;3.120142e+00;5.613536e+00;1.296457e+00;7.517984e+00;2.369236e+00;9.651461e+00;9.579193e+00;5.998113e+00;1.448728e+00;5.312428e+00;-1.614047e+01;8.207135e+00;-2.943017e+00;6.262782e+00;-3.769614e-01;6.219748e+00;-2.488428e+00;4.103710e+00;-1.777788e+00;1.249862e-04;2.823633e-06;9.393377e-08;4.922259e-09;4.140319e-07;5.676789e-09;3.471624e-07;-8.758672e-09;3.828897e-07;-6.406617e-09;3.659499e-05;2.453493e-07;5.949752e-02;1.244026e-03;3.715542e-02;-1.253311e-03;7.993102e-03;1.641080e-04;9.686997e-04;-2.494331e-05;1.077651e-02;1.022025e-03;1.120792e-02;-2.014879e-04;1.160566e-02;-4.909894e-04;1.276212e-02;-1.523800e-03;1.297097e-02;-3.958825e-04;2.689444e-02;-2.235574e-03;2.501956e-02;-2.338619e-03;4.188941e-02;-4.103144e-03;4.075665e-02;-6.050427e-03;3.909069e-02;-8.812918e-04;4.318884e-02;-1.078807e-03;6.893623e-02;-4.519780e-03;4.966699e-02;-1.721593e-03;7.302109e-02;1.994362e-03;7.895223e-02;-3.733946e-03;5.678940e-02;-2.942411e-03;7.118201e-02;-3.799979e-03;9.876507e-02;-2.824479e-03;1.157136e-01;-1.746990e-03;9.907702e-02;-1.590653e-03;8.922004e-02;-4.386012e-03;1.486764e-01;3.064118e-03;1.074507e-01;2.988843e-03;8.347989e-02;2.154975e-03;4.337394e-02;1.578058e-03;2.475220e-02;1.177411e-03;1.234579e-01;-3.688581e-03;5.465573e-02;3.641949e-04;1.228690e+01;-3.301758e-01;1.879363e+01;-5.167969e-01;4.006293e+01;-9.474609e-01;8.683379e+01;-4.450195e-01;8.803868e-02;2.051177e-03;2.571039e+01;-6.248863e-01;1.089660e-01;-2.175985e-03;2.304564e+04;8.380014e+01;2.600124e-01;5.389777e-03;5.012317e+00;4.833803e-02;1.189889e-01;-2.385551e-03;2.260940e-02;-6.631255e-04;1.288098e-01;-9.338417e-03;8.236434e-01;-1.027935e-01;9.937903e-01;8.131415e-02;1.683551e+00;-6.553407e-02;1.328526e+00;1.677014e-02;1.431570e+00;7.508403e-02;1.729632e+00;-1.056693e-03;1.566794e+00;1.874804e-01;2.148655e+00;-1.448667e-01;1.931773e+00;4.730470e-02;1.632384e+00;-6.366400e-02;1.963667e+00;-1.108344e-02;1.303712e+00;6.513461e-02;2.097029e+00;9.840149e-03;1.036719e+00;1.180441e-02
238.500000;4.896223e+01;9.948989e+01;2.683897e-02;7.780017e-01;7.267420e-02;5.871455e-02;7.833164e-02;6.014255e-02;8.072937e-02;1.120856e-01;7.414501e+00;6.926929e+00;1.624226e-01;2.458487e+00;1.115475e-01;1.049665e+00;2.606895e-02;1.494764e-01;6.432926e-03;2.235954e-02;4.008241e-02;1.446310e-01;2.652097e-02;2.709408e-01;4.793475e-02;4.123533e-01;4.136661e-02;5.414131e-01;1.171888e-01;6.903839e-01;9.980342e-02;7.621270e-01;1.120395e-01;8.549827e-01;1.467276e-01;9.457915e-01;1.660902e-01;1.005193e+00;2.244652e-01;1.073500e+00;2.025363e-01;1.193146e+00;2.057750e-01;1.183683e+00;1.411976e-01;1.257832e+00;2.376684e-01;1.346429e+00;2.085335e-01;1.369171e+00;2.214031e-01;1.483745e+00;2.313743e-01;1.478233e+00;2.958230e-01;1.520310e+00;3.506660e-01;1.579697e+00;3.336820e-01;1.554499e+00;3.240679e-01;1.470613e+00;6.056025e-01;1.433130e+00;3.967512e-01;1.241974e+00;3.026625e-01;1.018982e+00;1.528811e-01;8.220438e-01;7.673112e-02;6.364826e-01;4.841709e-01;1.444715e+00;1.684413e-01;5.392340e-01;6.310139e+01;1.188633e+02;9.309341e+01;1.567617e+02;1.790177e+02;3.232852e+02;3.240007e+02;7.983076e+02;2.179394e-01;1.068136e+00;1.193442e+02;3.356242e+02;4.028410e-01;3.276166e+00;6.716858e+04;2.292236e+05;8.476114e-01;3.736393e+00;1.308198e+01;3.038568e+01;3.603362e-01;-1.095857e+00;1.105461e-01;3.088470e-01;4.699917e-01;1.181958e+00;3.729373e+00;3.645454e+01;4.665201e+00;-1.536007e+01;4.661642e+00;2.282993e+01;7.052605e+00;3.615593e+00;5.348190e+00;6.746034e+00;6.357664e+00;2.131411e-01;5.892760e+00;7.212533e+00;7.169500e+00;7.531300e+00;7.321369e+00;4.942691e+00;7.279316e+00;-1.398847e+01;1.072274e+01;4.840329e-01;6.679057e+00;8.022585e-01;6.544686e+00;-1.086044e+00;5.987845e+00;5.200346e-01;1.223690e-04;2.752632e-06;7.535421e-08;4.052368e-09;3.299645e-07;5.396842e-09;2.687420e-07;5.730290e-10;3.350721e-07;1.318116e-08;3.632007e-05;4.513192e-07;5.336238e-02;1.613270e-03;3.006295e-02;-1.249132e-03;5.269289e-03;2.879786e-04;9.284743e-04;3.464350e-05;7.323722e-03;-4.043266e-04;8.303769e-03;-2.248658e-04;1.300382e-02;1.125577e-03;1.733145e-02;5.437006e-04;3.885754e-02;1.540297e-03;3.007775e-02;1.017215e-03;3.332260e-02;1.044707e-03;3.199155e-02;-1.497259e-03;4.296644e-02;-2.930870e-03;8.037870e-02;2.512874e-03;6.104859e-02;-2.518993e-03;6.075665e-02;-2.391322e-03;4.930375e-02;-2.483272e-03;6.819206e-02;-9.617801e-04;5.777965e-02;-1.854642e-03;6.841251e-02;2.813436e-04;4.328979e-02;-3.835870e-03;5.732526e-02;-5.417062e-03;9.968875e-02;-2.425457e-03;9.080508e-02;-1.464335e-03;8.706153e-02;-2.594009e-03;1.425649e-01;-7.336244e-03;1.061014e-01;-2.577432e-03;8.358327e-02;-6.228824e-04;4.191050e-02;5.418301e-04;2.110236e-02;4.556669e-04;1.387355e-01;2.154936e-03;5.484526e-02;2.576813e-03;9.354777e+00;-1.004883e-01;1.599250e+01;-5.024414e-01;3.446543e+01;-3.158203e-01;6.645715e+01;-2.354297e+00;7.336357e-02;2.573193e-03;2.000650e+01;-5.304843e-01;8.642702e-02;-1.052022e-03;2.073402e+04;5.584208e+01;1.854071e-01;2.817313e-03;3.606097e+00;2.434238e-02;7.005306e-02;-4.874375e-03;1.691198e-02;-5.637909e-04;1.017464e-01;-1.017427e-02;8.257048e-01;-5.158403e-02;8.757675e-01;5.348644e-02;1.091121e+00;-7.060513e-03;1.623598e+00;3.654774e-02;1.354231e+00;-5.430986e-02;1.860711e+00;-4.041427e-02;1.497119e+00;-1.244065e-02;1.908230e+00;8.502605e-03;2.066622e+00;-6.120185e-03;2.479141e+00;4.287988e-02;2.354733e+00;1.409144e-01;1.651417e+00;-5.118502e-02;2.055596e+00;-3.048462e-02;1.394960e+00;-1.127273e-02
239.000000;4.899963e-01;7.317992e+01;5.269957e-03;7.992984e-01;2.410257e-02;2.172661e-02;1.900896e-02;1.946378e-02;6.013558e-02;9.406881e-02;1.154211e+00;1.089162e+01;1.873792e-01;2.498517e+00;7.210311e-02;1.009275e+00;9.177197e-03;1.740243e-01;4.102035e-03;1.822499e-02;2.199969e-02;1.460656e-01;1.523318e-02;2.686919e-01;5.303163e-02;4.055783e-01;6.256706e-02;5.533578e-01;1.434613e-01;7.041279e-01;9.163394e-02;7.597492e-01;1.251870e-01;8.200142e-01;1.426111e-01;9.156955e-01;1.578193e-01;9.820051e-01;3.105646e-01;1.100352e+00;2.097937e-01;1.184092e+00;1.508706e-01;1.208422e+00;1.353744e-01;1.274055e+00;2.296988e-01;1.328266e+00;2.219277e-01;1.377330e+00;2.306233e-01;1.375253e+00;1.899575e-01;1.375782e+00;2.377669e-01;1.420014e+00;2.903519e-01;1.483953e+00;2.719010e-01;1.483277e+00;3.175277e-01;1.440168e+00;2.841131e-01;1.236380e+00;1.473486e-01;1.068305e+00;1.319755e-01;9.235013e-01;6.773849e-02;7.606066e-01;6.911880e-02;6.461101e-01;3.625317e-01;1.256321e+00;1.879977e-01;6.426002e-01;1.218440e+01;6.976758e+01;0;8.613281e+01;3.849300e+01;1.909277e+02;1.830232e+02;6.109688e+02;1.776875e-01;1.081978e+00;3.185195e+01;2.476420e+02;1.822320e-01;2.944269e+00;4.941691e+04;1.998883e+05;6.191289e-01;4.174866e+00;1.301167e+01;3.713998e+01;1.633738e-01;-1.442320e+00;2.391972e-02;2.243925e-01;2.684819e-01;9.675889e-01;2.193864e+00;3.504345e+01;2.975951e+00;-1.336014e+01;5.027105e+00;2.213222e+01;5.182928e+00;9.805138e+00;4.664548e+00;1.056362e+01;5.256454e+00;5.343419e-01;5.516009e+00;6.191416e+00;6.191445e+00;1.335408e+01;6.592759e+00;4.687967e+00;8.098610e+00;-8.304786e+00;7.549354e+00;6.960975e+00;5.806887e+00;2.742597e+00;8.027664e+00;2.742403e+00;5.000958e+00;4.798247e+00;2.811595e-06;5.621179e-08;2.537601e-08;1.470304e-09;7.913680e-08;-8.446556e-10;7.633496e-08;-7.372674e-10;2.897113e-07;-1.305220e-08;4.616189e-06;9.124672e-07;4.990312e-02;3.872547e-03;2.111153e-02;-1.115605e-05;1.740346e-03;2.782462e-04;9.057554e-04;-1.448729e-05;1.853081e-03;-1.023150e-03;3.043712e-03;-2.788264e-05;1.263953e-02;-9.015762e-04;1.892897e-02;-8.792648e-05;4.530129e-02;2.192558e-03;3.058693e-02;2.108376e-03;3.900393e-02;1.402798e-03;3.583470e-02;3.475472e-03;4.738482e-02;3.505388e-03;1.058946e-01;1.127952e-03;6.248357e-02;-3.050181e-05;5.328101e-02;1.421051e-03;4.961032e-02;3.258440e-03;6.103227e-02;-2.824474e-04;7.100616e-02;7.472906e-03;7.435516e-02;1.159425e-03;5.081990e-02;5.172095e-04;5.767792e-02;-6.724548e-04;7.935941e-02;2.885736e-03;7.185277e-02;-3.795864e-04;7.740615e-02;-1.543295e-03;5.511493e-02;-8.129657e-03;3.900390e-02;-7.027165e-03;4.033083e-02;-5.316515e-03;2.299646e-02;-3.288880e-03;1.894897e-02;-2.106339e-03;1.171882e-01;-2.139311e-03;5.208239e-02;6.419553e-03;3.175480e+00;-1.866211e-01;5.713404e-01;-5.742187e-02;1.287810e+01;-8.613281e-02;5.649674e+01;4.335351e+00;5.414914e-02;-4.269235e-03;9.987560e+00;5.766237e-01;5.265391e-02;-1.167228e-03;1.478867e+04;7.860523e+02;1.966445e-01;-1.405331e-02;4.254574e+00;-1.502777e-01;3.123605e-02;-4.056054e-03;7.684675e-03;3.912857e-04;7.889690e-02;2.417652e-03;5.846164e-01;4.093787e-02;8.575475e-01;-9.814690e-02;1.169863e+00;-7.097647e-02;1.566168e+00;2.793192e-02;1.464726e+00;-3.500331e-02;1.432095e+00;2.321769e-02;1.608526e+00;-8.528080e-02;1.661330e+00;2.609335e-01;1.960638e+00;-1.272231e-01;2.476442e+00;1.227708e-01;2.423415e+00;2.159457e-01;1.699852e+00;4.712200e-02;1.898046e+00;1.729702e-01;1.635584e+00;9.227408e-02
239.500000;5.987168e+01;9.546696e+01;1.959628e-02;7.959301e-01;1.160204e-01;4.996705e-02;1.037386e-01;4.553811e-02;6.432796e-02;1.111497e-01;4.650300e+00;1.102428e+01;2.086398e-01;2.603872e+00;9.402594e-02;1.021178e+00;2.704984e-02;1.679756e-01;8.035717e-03;2.234190e-02;3.159673e-02;1.210626e-01;4.750959e-02;2.573346e-01;6.154697e-02;4.294491e-01;7.897805e-02;5.865870e-01;1.308325e-01;6.909636e-01;1.207620e-01;8.069232e-01;1.249651e-01;8.451404e-01;2.080941e-01;9.583389e-01;2.280153e-01;1.022084e+00;2.433610e-01;1.094301e+00;1.776969e-01;1.130952e+00;1.640668e-01;1.173097e+00;1.692972e-01;1.211110e+00;2.527659e-01;1.338557e+00;3.022030e-01;1.392523e+00;2.001273e-01;1.403194e+00;2.083130e-01;1.472003e+00;2.937708e-01;1.522728e+00;3.585216e-01;1.538281e+00;3.028735e-01;1.537959e+00;3.012407e-01;1.457436e+00;2.200509e-01;1.257496e+00;1.648890e-01;1.029066e+00;1.689695e-01;9.065562e-01;1.008087e-01;7.475213e-01;9.801084e-02;6.199641e-01;4.500992e-01;1.479048e+00;1.954385e-01;7.780516e-01;7.653970e+01;9.402832e+01;1.248265e+02;1.365205e+02;2.535374e+02;2.919902e+02;4.647309e+02;8.723818e+02;2.596983e-01;9.147537e-01;1.632725e+02;3.263690e+02;5.149732e-01;3.113027e+00;1.039246e+05;2.576668e+05;8.940495e-01;3.606588e+00;1.585152e+01;2.999094e+01;3.747560e-01;-1.367309e+00;1.389891e-01;2.896762e-01;3.589682e-01;1.195238e+00;2.694869e+00;3.460634e+01;4.294256e+00;-1.613059e+01;4.260001e+00;2.082503e+01;8.949336e+00;7.926205e+00;8.413269e+00;7.944132e+00;4.718869e+00;-1.443040e-01;9.474380e+00;-1.731808e+00;8.974916e+00;1.516616e+01;8.953176e+00;-7.630908e-01;8.057710e+00;-6.267890e+00;7.712319e+00;7.771900e+00;6.123657e+00;1.695092e+00;7.416745e+00;3.938133e+00;5.035540e+00;3.883910e+00;1.911832e-04;1.088396e-07;7.663147e-08;2.393456e-10;4.538190e-07;1.282829e-09;5.198783e-07;2.366066e-08;2.640633e-07;5.074068e-09;1.195066e-05;-1.288241e-07;5.169486e-02;6.950508e-04;2.249897e-02;-1.992481e-03;5.831695e-03;2.071371e-04;1.234241e-03;1.184177e-05;1.031496e-02;1.217007e-03;1.512698e-02;2.400748e-03;1.488177e-02;-3.201337e-04;2.093525e-02;-6.878237e-04;2.927466e-02;-5.031775e-05;3.123529e-02;-2.446585e-03;3.102143e-02;-2.182406e-03;4.996888e-02;2.404165e-03;5.235134e-02;3.485064e-03;7.740558e-02;-5.179459e-03;4.356015e-02;-2.409476e-04;4.884184e-02;2.127203e-03;4.726738e-02;2.037710e-03;6.019003e-02;-4.602740e-03;7.575933e-02;-6.251002e-03;5.020691e-02;-4.298865e-03;5.773048e-02;-3.364895e-03;7.939159e-02;-6.492205e-03;8.602007e-02;-9.062859e-03;7.262494e-02;-9.372866e-03;6.255975e-02;-6.602260e-03;5.104777e-02;-2.821924e-03;3.746962e-02;-2.713964e-04;4.169568e-02;5.335149e-04;2.173560e-02;-1.084976e-03;2.088151e-02;-6.762427e-04;1.583235e-01;1.103933e-02;4.661490e-02;-1.194314e-03;1.445264e+01;-5.742187e-02;2.819398e+01;1.004883e-01;5.354827e+01;1.148437e-01;9.299203e+01;-1.004883e-01;7.032698e-02;2.270607e-03;3.279926e+01;-2.307199e-01;9.620352e-02;1.432825e-04;2.343871e+04;-9.272905e+02;2.105816e-01;3.775152e-03;4.451000e+00;1.607846e-01;8.624198e-02;-3.942521e-03;2.678942e-02;-4.355266e-05;1.014950e-01;1.004055e-02;6.608749e-01;4.045736e-02;9.830629e-01;-2.211453e-03;1.144465e+00;-6.559779e-02;1.690944e+00;4.629732e-02;1.831752e+00;2.663832e-02;1.421934e+00;2.273641e-02;2.083381e+00;-5.953518e-02;2.356411e+00;-4.360120e-02;2.391567e+00;-4.929213e-02;1.687018e+00;-1.219998e-02;2.296425e+00;-1.088843e-01;1.492765e+00;5.905843e-02;2.207611e+00;2.374461e-01;1.500376e+00;2.389706e-02
240.000000;5.835376e+01;1.021765e+02;2.641814e-02;7.844019e-01;1.180796e-01;5.515262e-02;1.064563e-01;4.769054e-02;8.220159e-02;1.185637e-01;5.200973e+00;9.463597e+00;2.399889e-01;2.587739e+00;1.004533e-01;9.942609e-01;3.557957e-02;1.460978e-01;8.682505e-03;2.767196e-02;5.683338e-02;1.246887e-01;6.761447e-02;2.722239e-01;5.495404e-02;4.333872e-01;7.437858e-02;5.869375e-01;1.486488e-01;6.891243e-01;1.161435e-01;7.962210e-01;1.393039e-01;8.784056e-01;2.448114e-01;9.689925e-01;2.744416e-01;1.026016e+00;1.205944e-01;1.065683e+00;2.845935e-01;1.151323e+00;2.388802e-01;1.184725e+00;2.467155e-01;1.209780e+00;2.405356e-01;1.249193e+00;2.889830e-01;1.313619e+00;1.832152e-01;1.380334e+00;2.184471e-01;1.426926e+00;3.104151e-01;1.441433e+00;3.496217e-01;1.439595e+00;3.356695e-01;1.401445e+00;2.500571e-01;1.289203e+00;2.686896e-01;1.201815e+00;2.099667e-01;1.083430e+00;1.584394e-01;9.129244e-01;1.180650e-01;7.382963e-01;8.258113e-02;5.850626e-01;5.425508e-01;1.732292e+00;3.006484e-01;8.389812e-01;1.007565e+02;1.494404e+02;1.635387e+02;2.299746e+02;3.479381e+02;5.050254e+02;4.515999e+02;1.119870e+03;2.538431e-01;9.062459e-01;1.897607e+02;4.401171e+02;6.604608e-01;3.556551e+00;9.829033e+04;2.822663e+05;1.038393e+00;2.995856e+00;1.746478e+01;2.518152e+01;4.966536e-01;-1.061220e+00;1.692612e-01;3.975139e-01;3.785787e-01;1.314255e+00;2.937357e+00;3.535417e+01;4.314370e+00;-1.743553e+01;7.637789e+00;1.608784e+01;9.052999e+00;6.205418e+00;1.038911e+01;5.458591e+00;5.306341e+00;-2.684355e+00;6.988601e+00;-6.785356e+00;1.198432e+01;7.208623e+00;9.649907e+00;-3.074030e-01;8.391546e+00;-7.920833e+00;7.191543e+00;5.073727e+00;6.979528e+00;-6.274598e-01;8.523417e+00;4.547074e+00;4.486332e+00;2.689989e+00;1.918400e-04;3.543364e-06;9.421652e-08;-2.935427e-09;4.612708e-07;4.999315e-09;5.756500e-07;6.562069e-09;3.818838e-07;4.135682e-08;1.296705e-05;-1.050352e-06;6.117592e-02;-3.378304e-03;2.722673e-02;-6.668624e-04;7.577417e-03;-1.181238e-04;1.500564e-03;1.713279e-05;1.286788e-02;6.972784e-04;1.876378e-02;1.500191e-03;1.738464e-02;2.361914e-03;2.413416e-02;1.652393e-03;3.099913e-02;-1.389729e-03;2.825435e-02;-2.902776e-03;2.914657e-02;-7.413602e-04;5.897672e-02;-3.071853e-03;6.568018e-02;-4.244553e-03;3.982159e-02;-2.795809e-03;8.681349e-02;-2.403853e-03;5.594845e-02;-1.353701e-03;5.645656e-02;-5.374649e-03;5.170362e-02;-7.357545e-03;6.126135e-02;-1.207796e-02;4.866221e-02;-3.368897e-03;6.658268e-02;-2.154178e-03;8.440514e-02;-3.342251e-03;8.966474e-02;-4.571627e-03;8.813413e-02;-3.226658e-03;6.905200e-02;5.363909e-03;1.002977e-01;1.399544e-02;6.511077e-02;1.056594e-02;4.509784e-02;4.756553e-03;2.629794e-02;1.879300e-03;1.822156e-02;2.660535e-04;2.141482e-01;1.253923e-02;7.887165e-02;-7.607466e-03;1.748237e+01;6.603516e-01;3.360192e+01;7.177734e-01;7.575954e+01;9.905273e-01;1.088853e+02;-5.096191e+00;8.017711e-02;8.664330e-03;3.928541e+01;-5.186488e-01;1.238126e-01;2.995832e-03;2.466413e+04;-1.811562e+03;2.701797e-01;3.324966e-02;5.054564e+00;5.708590e-01;1.090559e-01;1.518732e-03;3.290067e-02;-8.524729e-05;1.303488e-01;-3.027817e-03;7.989312e-01;-1.922401e-02;1.056811e+00;1.830198e-01;1.430532e+00;-1.120477e-02;1.976745e+00;-7.784616e-02;2.182719e+00;8.764938e-02;1.563522e+00;-1.224428e-01;2.420917e+00;3.219240e-02;2.365880e+00;-3.497457e-01;2.621924e+00;1.683754e-01;2.236265e+00;-7.970149e-02;2.038815e+00;-2.600743e-01;1.557866e+00;-1.336359e-01;2.372180e+00;-1.355004e-01;1.488509e+00;-7.049906e-03
240.500000;1.053117e+01;9.262026e+01;2.114573e-02;7.814461e-01;4.220747e-02;3.855419e-02;3.745509e-02;3.117556e-02;8.128908e-02;1.224461e-01;2.238369e+00;8.109452e+00;2.111168e-01;2.477513e+00;8.749010e-02;9.811561e-01;2.574930e-02;1.424500e-01;6.182699e-03;2.633661e-02;5.277652e-02;1.515900e-01;5.826812e-02;3.072504e-01;4.299990e-02;4.303909e-01;8.080303e-02;5.403262e-01;1.432943e-01;6.671352e-01;7.900958e-02;7.253827e-01;1.689531e-01;8.518091e-01;1.884647e-01;9.171724e-01;2.521129e-01;9.762261e-01;1.302476e-01;1.044791e+00;2.755335e-01;1.138293e+00;2.459989e-01;1.226130e+00;2.787797e-01;1.260136e+00;1.520162e-01;1.208653e+00;1.778584e-01;1.279703e+00;1.678913e-01;1.364884e+00;2.040333e-01;1.364069e+00;1.903463e-01;1.325664e+00;3.072592e-01;1.404823e+00;2.279572e-01;1.370443e+00;3.097613e-01;1.327685e+00;5.635841e-01;1.263166e+00;2.824575e-01;1.137966e+00;1.517908e-01;9.321470e-01;8.445029e-02;7.120890e-01;6.298322e-02;5.821319e-01;6.320324e-01;1.722118e+00;3.193462e-01;7.443275e-01;7.372327e+01;1.462822e+02;1.229468e+02;2.226533e+02;2.988585e+02;4.500439e+02;3.400889e+02;9.846416e+02;1.629701e-01;1.031333e+00;1.462113e+02;4.011565e+02;5.121989e-01;3.575684e+00;6.411213e+04;2.278645e+05;1.240274e+00;3.458778e+00;2.410924e+01;3.555777e+01;3.659044e-01;-9.929875e-01;1.314940e-01;3.735583e-01;3.634135e-01;1.376081e+00;2.219749e+00;3.642462e+01;4.890344e+00;-1.359799e+01;6.377199e+00;1.500221e+01;6.954089e+00;9.905422e+00;8.871142e+00;1.010919e+01;6.753648e+00;-4.195623e+00;6.142574e+00;-2.049709e+00;8.482503e+00;8.715623e-01;7.863879e+00;4.186744e+00;6.975073e+00;-9.055328e+00;4.729303e+00;2.187509e+00;6.806848e+00;-5.979646e+00;9.675688e+00;3.103440e+00;6.493911e+00;5.764838e+00;1.601150e-05;3.710717e-06;6.358825e-08;-4.847480e-09;1.795742e-07;-4.668410e-09;2.877549e-07;-2.251879e-08;4.219637e-07;-7.278104e-09;7.129621e-06;-1.926380e-07;5.100204e-02;-5.350137e-03;2.505824e-02;2.264315e-04;6.028559e-03;-4.454138e-04;1.250875e-03;-1.927437e-05;9.826108e-03;-1.188949e-03;1.331202e-02;-2.410765e-03;1.445893e-02;-5.804768e-04;1.971381e-02;-5.256382e-04;3.046542e-02;-1.375473e-03;2.533478e-02;-1.122846e-03;3.818355e-02;-8.160530e-04;5.082262e-02;-3.281931e-03;6.254920e-02;-7.987828e-04;3.921907e-02;2.745336e-03;8.996075e-02;7.700329e-04;6.245613e-02;-2.043009e-03;6.347102e-02;-4.215463e-03;4.426230e-02;1.434468e-03;4.998262e-02;1.284545e-04;5.463606e-02;-2.829369e-04;6.548701e-02;4.156401e-04;6.686971e-02;1.917605e-03;7.902589e-02;2.161400e-03;6.839544e-02;3.297124e-03;7.870580e-02;8.706545e-03;1.184266e-01;-5.160816e-04;7.178614e-02;-5.085527e-04;4.036564e-02;8.679293e-04;2.452445e-02;2.087039e-03;1.460332e-02;1.022579e-03;1.837368e-01;-1.656876e-02;9.090799e-02;-2.181609e-03;1.111725e+01;1.148437e-01;2.057781e+01;3.301758e-01;6.148066e+01;-4.019531e-01;9.978215e+01;-9.761719e-01;6.631879e-02;-3.401613e-03;2.749756e+01;3.755719e-02;1.057084e-01;-2.309001e-03;1.919858e+04;-3.329185e+01;3.400562e-01;5.706032e-03;7.241388e+00;8.006893e-02;8.694858e-02;8.946320e-03;2.362139e-02;5.184724e-05;1.421748e-01;-1.295065e-02;6.775303e-01;-4.021969e-02;1.018293e+00;5.035745e-02;1.238017e+00;-4.629048e-02;1.656835e+00;6.770125e-02;1.768848e+00;1.182267e-01;1.523172e+00;2.640322e-02;2.010439e+00;-1.392927e-02;1.841931e+00;-4.091417e-02;2.318275e+00;-8.454319e-04;2.264492e+00;3.931795e-02;1.592275e+00;8.545268e-02;1.365192e+00;-2.115195e-01;2.002815e+00;-7.051920e-02;1.451421e+00;-5.746011e-02
241.000000;2.665082e-01;9.860217e+01;1.423159e-02;7.805306e-01;3.474560e-02;4.806375e-02;3.219637e-02;3.729584e-02;9.564198e-02;1.480036e-01;1.055543e+00;7.619799e+00;2.519245e-01;2.585820e+00;1.197804e-01;1.035198e+00;1.072463e-02;1.532582e-01;3.663399e-03;2.500630e-02;2.817377e-02;1.477559e-01;4.319445e-02;2.977697e-01;3.144743e-02;4.245721e-01;8.641730e-02;5.488134e-01;1.082131e-01;6.806080e-01;9.814440e-02;7.517282e-01;1.524454e-01;8.723514e-01;2.042745e-01;9.635861e-01;2.030002e-01;9.978631e-01;1.836108e-01;1.061582e+00;2.356842e-01;1.135828e+00;1.986643e-01;1.200603e+00;2.269029e-01;1.256034e+00;1.886706e-01;1.338090e+00;2.642908e-01;1.398543e+00;1.445440e-01;1.358986e+00;2.569502e-01;1.509313e+00;4.236828e-01;1.595376e+00;3.705806e-01;1.551069e+00;2.840764e-01;1.498902e+00;3.964484e-01;1.516534e+00;5.522113e-01;1.378375e+00;3.052413e-01;1.133206e+00;1.629187e-01;9.192901e-01;1.458627e-01;7.515866e-01;9.547246e-02;6.267726e-01;5.461506e-01;1.511613e+00;3.602085e-01;8.170179e-01;1.563297e+01;1.106807e+02;3.345132e+01;1.649443e+02;1.445740e+02;3.291709e+02;3.278347e+02;9.536338e+02;1.530597e-01;1.045726e+00;6.665285e+01;3.495681e+02;2.953188e-01;3.420832e+00;8.393547e+04;2.447078e+05;9.455348e-01;3.658373e+00;2.179615e+01;3.451657e+01;1.878344e-01;-1.127250e+00;5.146690e-02;3.215585e-01;4.902222e-01;1.576720e+00;2.600171e+00;3.528253e+01;3.456039e+00;-1.217511e+01;3.586509e+00;1.929225e+01;5.596423e+00;1.191927e+01;4.741868e+00;1.333259e+01;7.765188e+00;1.111135e-01;7.820952e+00;-1.743760e+00;8.617672e+00;6.537166e+00;8.070441e+00;3.267277e+00;5.111003e+00;-6.903311e+00;7.385336e+00;1.869657e+00;6.822081e+00;-4.497674e+00;6.119829e+00;-8.016846e-01;7.778767e+00;3.866481e+00;7.074072e-07;9.883362e-08;4.139688e-08;-3.333623e-09;1.959697e-07;3.989974e-09;1.933066e-07;2.061429e-09;3.630343e-07;-3.914717e-08;5.606517e-06;-2.974474e-07;5.315228e-02;-5.618019e-04;2.395277e-02;-1.559684e-03;4.796054e-03;-1.199634e-04;1.078636e-03;8.818330e-06;6.877188e-03;-7.254979e-04;9.585235e-03;-1.449466e-03;7.726155e-03;-7.843485e-04;1.493103e-02;-1.432074e-03;2.251826e-02;-6.326440e-04;2.724970e-02;6.295529e-04;3.699600e-02;-2.195795e-03;5.391762e-02;9.370389e-04;4.760346e-02;2.546507e-03;3.621420e-02;1.201220e-03;6.402664e-02;6.217781e-03;6.931047e-02;4.547365e-03;5.709209e-02;2.532373e-03;5.008734e-02;-7.782484e-04;5.912484e-02;-1.090249e-03;4.697170e-02;-5.107633e-05;5.955689e-02;3.359354e-04;8.587242e-02;-1.408190e-03;7.460093e-02;-8.007623e-03;4.748683e-02;-3.746210e-03;5.574508e-02;-7.768004e-03;8.633047e-02;-1.576724e-02;5.001001e-02;-7.564280e-03;3.016266e-02;-2.942873e-03;2.383063e-02;-2.690672e-03;1.564326e-02;-4.650511e-04;9.962977e-02;-9.779335e-03;9.819070e-02;4.703461e-03;6.593194e+00;-2.727539e-01;1.253787e+01;-2.009766e-01;5.923701e+01;-3.732422e-01;1.074108e+02;4.895215e+00;5.294595e-02;-6.933789e-03;2.547993e+01;4.067900e-01;1.083496e-01;4.597571e-05;2.494178e+04;5.265645e+02;3.112022e-01;-2.632542e-02;6.675398e+00;-3.991364e-01;8.578523e-02;2.427695e-03;2.052015e-02;2.549655e-04;1.966515e-01;4.973459e-03;4.319536e-01;4.114693e-02;9.208437e-01;-7.894140e-02;7.639605e-01;-6.820549e-02;1.432861e+00;1.575610e-01;1.154325e+00;4.354551e-02;1.386821e+00;1.439941e-01;1.585074e+00;-1.062493e-01;1.632128e+00;-3.562724e-02;1.803688e+00;4.366448e-02;1.517105e+00;7.896800e-02;1.441530e+00;-9.214487e-02;1.316017e+00;3.260450e-02;1.478464e+00;1.079920e-01;1.336695e+00;-7.773742e-02
241.500000;1.436458e+00;9.888292e+01;2.173613e-02;7.646556e-01;7.412355e-02;9.562868e-02;4.629135e-02;6.024085e-02;9.623639e-02;1.622950e-01;1.188014e+00;6.833652e+00;1.899632e-01;2.738396e+00;1.066926e-01;1.036530e+00;1.876889e-02;1.473289e-01;3.793578e-03;2.809776e-02;2.037658e-02;1.238304e-01;2.588658e-02;2.622857e-01;1.801744e-02;4.189093e-01;6.681628e-02;5.753922e-01;8.035038e-02;6.822101e-01;9.450897e-02;7.958975e-01;1.051342e-01;8.950584e-01;1.958029e-01;9.762931e-01;1.280911e-01;1.055351e+00;1.784333e-01;1.066750e+00;2.463356e-01;1.131407e+00;1.664641e-01;1.168425e+00;1.563874e-01;1.223086e+00;2.149928e-01;1.322855e+00;3.010624e-01;1.405188e+00;1.920580e-01;1.384564e+00;2.538560e-01;1.513962e+00;3.987234e-01;1.643543e+00;3.759044e-01;1.571612e+00;2.918071e-01;1.490367e+00;3.637318e-01;1.447919e+00;2.280364e-01;1.264340e+00;2.015301e-01;1.175045e+00;1.341910e-01;9.441460e-01;1.422336e-01;7.841001e-01;1.044462e-01;6.272354e-01;3.886152e-01;1.541019e+00;3.212449e-01;8.883766e-01;3.578977e+01;1.202988e+02;5.203318e+01;1.810225e+02;1.909622e+02;4.207588e+02;2.835226e+02;1.127479e+03;1.502160e-01;9.762675e-01;8.770583e+01;4.078384e+02;3.293727e-01;3.650793e+00;7.038091e+04;3.026414e+05;5.970073e-01;3.109358e+00;8.915651e+00;2.294205e+01;2.688244e-01;-1.055114e+00;7.570281e-02;3.681104e-01;4.646333e-01;1.642954e+00;1.860513e+00;3.392794e+01;2.775299e+00;-1.351126e+01;4.987638e+00;1.814148e+01;4.960686e+00;8.514933e+00;6.328441e+00;9.811030e+00;4.720853e+00;3.163627e+00;8.623949e+00;-1.213380e+00;7.743753e+00;5.770467e+00;7.395943e+00;3.827599e+00;9.276898e+00;-1.263406e+01;9.471609e+00;3.778697e+00;6.278160e+00;-1.057581e+00;4.880116e+00;-1.566975e+00;5.036559e+00;1.215018e+00;8.561587e-06;-5.404482e-07;5.275337e-08;-9.353484e-09;3.142152e-07;1.516591e-08;2.255688e-07;2.262423e-08;3.652768e-07;-7.054294e-09;5.640768e-06;-6.422520e-07;6.031579e-02;4.560107e-04;2.283226e-02;-1.155316e-03;4.372044e-03;-6.635282e-04;1.016008e-03;1.276140e-04;4.756659e-03;-7.842057e-04;8.429298e-03;-6.722038e-04;5.766985e-03;1.760908e-04;1.572312e-02;-4.497628e-04;2.081663e-02;-6.733097e-04;2.330173e-02;4.286380e-04;2.946211e-02;1.394672e-03;4.896633e-02;7.013576e-04;4.138715e-02;-2.391236e-03;2.743207e-02;-4.879367e-03;5.811391e-02;2.972971e-03;6.612037e-02;-1.601281e-04;4.838873e-02;2.363572e-03;5.220475e-02;-1.677619e-03;6.931487e-02;-1.519981e-03;4.648465e-02;-1.876713e-03;6.442825e-02;-5.755308e-03;8.119503e-02;-4.613820e-03;9.353650e-02;9.451795e-04;5.593127e-02;-1.487564e-03;3.632269e-02;-6.196714e-03;5.393050e-02;8.169263e-05;4.204424e-02;-8.731003e-04;3.220779e-02;-2.551001e-03;2.766571e-02;-1.956525e-03;1.888589e-02;-5.837962e-04;9.450884e-02;-9.395510e-05;9.316859e-02;-9.035641e-04;7.938406e+00;1.406836e+00;1.561434e+01;1.693945e+00;6.174524e+01;6.330762e+00;1.072357e+02;7.608398e+00;5.019543e-02;-2.617686e-03;2.723612e+01;3.232690e+00;1.181333e-01;1.108483e-02;2.548944e+04;1.694135e+03;2.180939e-01;-1.934277e-02;3.250071e+00;-2.877228e-01;8.253870e-02;7.114728e-03;2.211664e-02;2.854930e-03;1.843786e-01;-7.500516e-04;4.373652e-01;-3.743491e-02;8.615645e-01;-6.137881e-02;9.171201e-01;-9.766110e-02;1.398063e+00;-1.546962e-01;1.226380e+00;-1.543264e-01;1.331841e+00;-5.794684e-02;1.772434e+00;-6.856887e-02;1.807322e+00;-1.814554e-02;1.554738e+00;-2.167506e-02;1.432452e+00;-2.223905e-01;1.988962e+00;-1.450564e-01;1.538072e+00;-4.437926e-02;1.481698e+00;-1.563909e-01;1.293259e+00;5.297114e-02
242.000000;7.163595e+00;1.000564e+02;2.142275e-02;7.578854e-01;7.892893e-02;1.190419e-01;6.188091e-02;9.459916e-02;8.638329e-02;1.652015e-01;1.582952e+00;6.033318e+00;1.614387e-01;2.692146e+00;5.486108e-02;9.911132e-01;2.364301e-02;1.329275e-01;4.873336e-03;3.022424e-02;4.482759e-02;1.228043e-01;4.549815e-02;2.642164e-01;2.189035e-02;4.201257e-01;6.211919e-02;5.695352e-01;9.977760e-02;6.932054e-01;1.041640e-01;8.075653e-01;7.154318e-02;8.750356e-01;1.041394e-01;9.100587e-01;1.190236e-01;1.019665e+00;1.380554e-01;1.043419e+00;1.646073e-01;1.087834e+00;1.764989e-01;1.151504e+00;1.412159e-01;1.211384e+00;1.732229e-01;1.285168e+00;2.545098e-01;1.380265e+00;1.693810e-01;1.397863e+00;2.164124e-01;1.427288e+00;1.776510e-01;1.460825e+00;2.969679e-01;1.532080e+00;1.892636e-01;1.455296e+00;1.658031e-01;1.317210e+00;1.567862e-01;1.195651e+00;1.922142e-01;1.014254e+00;1.393515e-01;8.518742e-01;8.904804e-02;7.174956e-01;6.237352e-02;5.573189e-01;4.492892e-01;1.752952e+00;1.802250e-01;7.391933e-01;6.146069e+01;1.577666e+02;9.692865e+01;2.397363e+02;1.993752e+02;5.163662e+02;2.667531e+02;1.204424e+03;1.949430e-01;9.840682e-01;1.083774e+02;4.688410e+02;3.627934e-01;3.895013e+00;4.821388e+04;3.137599e+05;4.923216e-01;2.890136e+00;6.736102e+00;2.026490e+01;3.184156e-01;-8.751584e-01;9.804777e-02;4.256749e-01;3.667861e-01;1.495301e+00;2.271505e+00;3.551171e+01;3.494773e+00;-1.614958e+01;4.808437e+00;1.762466e+01;5.951004e+00;2.411664e+00;6.528459e+00;3.290658e+00;6.194254e+00;1.484104e+00;7.575706e+00;-1.678075e+00;7.865624e+00;5.396231e+00;8.243211e+00;2.124803e+00;6.814129e+00;-1.866833e+01;8.667837e+00;5.295830e+00;5.668191e+00;-2.604575e+00;5.191777e+00;-4.196108e+00;4.851136e+00;4.566650e-01;3.907440e-05;-5.734239e-08;7.221055e-08;1.631810e-09;4.016538e-07;-8.781048e-09;2.991021e-07;-3.831099e-09;4.536087e-07;9.907767e-09;6.673471e-06;-5.051047e-08;5.123127e-02;-1.930303e-03;1.654016e-02;-2.668899e-04;6.034738e-03;-5.383470e-04;9.941813e-04;3.716303e-05;1.063235e-02;-5.440703e-05;1.206680e-02;1.246030e-04;6.599076e-03;-3.240305e-04;1.599715e-02;3.694035e-04;1.792400e-02;9.765866e-04;2.282284e-02;-1.320994e-03;2.136025e-02;-7.391557e-04;2.650046e-02;4.436979e-04;3.353933e-02;4.080502e-04;3.158559e-02;-3.881238e-04;3.618469e-02;-3.481695e-03;6.072243e-02;-3.345111e-03;4.493731e-02;-7.763921e-04;5.053227e-02;4.580183e-04;7.519982e-02;1.758411e-03;4.321490e-02;3.300997e-03;7.232473e-02;-3.257030e-03;5.185750e-02;-2.609038e-03;8.156632e-02;-4.650573e-04;4.892920e-02;1.953923e-04;3.651203e-02;5.269582e-03;4.505788e-02;-2.886627e-04;3.085176e-02;-2.149110e-03;2.673798e-02;-1.815809e-03;2.562841e-02;5.794027e-04;1.586454e-02;1.913337e-04;1.011930e-01;1.420167e-03;6.168785e-02;-4.754584e-03;1.229434e+01;1.019238e+00;2.224253e+01;1.693945e+00;5.169776e+01;3.675000e+00;9.694460e+01;-2.871094e-01;7.359255e-02;2.498030e-03;2.817355e+01;1.669226e+00;1.033681e-01;8.228398e-03;1.968078e+04;2.849188e+02;1.755078e-01;-5.031819e-03;2.572428e+00;-8.262300e-02;9.112677e-02;6.470726e-03;2.374076e-02;1.651085e-03;1.033785e-01;-4.859512e-03;4.221307e-01;1.727552e-02;7.248888e-01;-6.781654e-02;1.170342e+00;1.818085e-02;1.239072e+00;-1.570155e-01;1.480076e+00;-1.402417e-01;1.551025e+00;-7.567397e-02;1.728563e+00;-2.636404e-02;1.853968e+00;6.590245e-02;1.724072e+00;-3.347490e-01;1.499327e+00;-4.656950e-02;2.158199e+00;7.078163e-02;1.529918e+00;-2.579040e-02;1.519534e+00;3.728626e-02;1.230864e+00;-3.023594e-02
242.500000;1.537788e+01;8.778674e+01;1.958399e-02;7.733480e-01;7.211054e-02;5.766650e-02;7.118008e-02;6.717887e-02;1.097723e-01;1.469246e-01;2.507980e+00;7.162420e+00;1.960600e-01;2.570444e+00;9.471999e-02;9.881322e-01;2.672283e-02;1.422107e-01;7.237411e-03;2.545352e-02;5.504168e-02;1.519321e-01;4.068343e-02;2.743716e-01;3.654223e-02;4.166340e-01;6.074116e-02;5.554227e-01;1.333502e-01;7.091683e-01;1.036060e-01;7.744080e-01;8.730801e-02;8.259155e-01;9.882712e-02;8.810890e-01;1.220381e-01;9.454055e-01;1.357253e-01;1.041103e+00;1.717591e-01;1.099539e+00;2.562300e-01;1.158114e+00;1.599520e-01;1.235473e+00;2.209078e-01;1.261517e+00;2.263187e-01;1.288010e+00;1.411978e-01;1.388176e+00;2.053558e-01;1.399774e+00;2.174133e-01;1.386710e+00;3.205968e-01;1.438805e+00;3.047531e-01;1.448554e+00;2.155132e-01;1.407690e+00;5.600705e-01;1.370146e+00;4.181097e-01;1.068145e+00;2.681832e-01;8.773101e-01;1.260601e-01;7.138147e-01;5.612595e-02;5.742108e-01;5.180765e-01;1.658711e+00;1.757106e-01;6.126445e-01;7.193150e+01;1.370947e+02;1.246150e+02;1.982490e+02;2.211534e+02;4.305205e+02;4.006573e+02;9.636826e+02;2.665694e-01;1.079927e+00;1.505117e+02;3.976818e+02;5.527961e-01;3.615014e+00;8.462914e+04;2.683665e+05;9.241043e-01;3.483914e+00;1.663397e+01;2.921113e+01;3.649938e-01;-9.943530e-01;1.350110e-01;3.629289e-01;3.983916e-01;1.182582e+00;3.435716e+00;3.548063e+01;4.420462e+00;-1.489439e+01;4.582177e+00;1.995277e+01;6.220550e+00;2.633134e-01;8.225822e+00;6.394097e+00;6.649730e+00;-2.099895e+00;9.061647e+00;-1.971977e-01;5.979309e+00;8.614009e+00;7.597729e+00;-8.123282e-01;9.657920e+00;-1.108926e+01;8.264002e+00;5.574668e+00;6.528365e+00;1.330781e+00;7.437822e+00;-1.237044e+00;4.299973e+00;-3.496576e-01;4.138031e-05;-3.157303e-06;6.988991e-08;1.316990e-08;3.199977e-07;-1.574433e-08;2.781563e-07;-2.413562e-08;5.260533e-07;-5.464122e-09;6.996384e-06;8.280672e-07;5.537442e-02;-1.148759e-03;2.658375e-02;6.901692e-05;6.016701e-03;7.548298e-04;9.170168e-04;-1.950114e-04;1.222480e-02;8.139126e-04;1.088605e-02;8.908887e-04;1.282622e-02;-8.798569e-05;1.939234e-02;6.445140e-04;2.966195e-02;8.391198e-04;2.288198e-02;1.416338e-04;1.961332e-02;-1.951716e-03;2.982369e-02;4.887843e-04;3.398427e-02;1.759063e-03;3.849486e-02;2.757304e-03;5.750117e-02;1.289755e-03;6.384582e-02;2.308560e-03;4.526009e-02;4.246518e-05;5.439926e-02;-2.494835e-03;6.580406e-02;8.312648e-04;3.815539e-02;1.208146e-03;7.213546e-02;1.896013e-03;5.974065e-02;1.666432e-03;7.326528e-02;-4.233429e-03;6.119359e-02;-3.561297e-03;4.129349e-02;-2.776465e-03;1.362714e-01;-1.368089e-03;8.914248e-02;4.705336e-04;6.138027e-02;1.078432e-03;3.479198e-02;-1.474201e-04;1.435871e-02;-7.111460e-04;1.503150e-01;5.591247e-04;5.619594e-02;2.835494e-04;1.247089e+01;-1.650879e+00;2.191643e+01;-2.009766e+00;4.741756e+01;-6.818848e+00;8.460184e+01;-9.087011e+00;8.848315e-02;6.653964e-03;2.695658e+01;-3.792955e+00;9.727338e-02;-1.205906e-02;1.997971e+04;-2.100277e+03;1.742150e-01;1.817380e-02;3.640406e+00;2.939805e-01;8.898615e-02;-9.530417e-03;2.290866e-02;-3.380500e-03;1.046516e-01;-2.970908e-03;6.574271e-01;7.019919e-02;7.527376e-01;3.887812e-02;1.170372e+00;8.202580e-02;1.147886e+00;1.178999e-01;1.576672e+00;1.648554e-01;1.609111e+00;-1.167805e-02;1.803559e+00;1.086247e-01;1.654691e+00;-4.108889e-02;2.008745e+00;1.184138e-01;1.833440e+00;3.162648e-01;2.015497e+00;5.724655e-02;1.556824e+00;1.527192e-01;1.617172e+00;1.666796e-01;1.298554e+00;4.621411e-02
243.000000;4.190586e+00;7.341203e+01;1.168180e-02;7.873586e-01;3.232079e-02;1.541360e-02;3.271018e-02;2.298097e-02;9.386077e-02;1.020127e-01;1.650073e+00;9.302810e+00;1.917357e-01;2.453742e+00;1.086481e-01;9.912275e-01;1.774231e-02;1.661541e-01;3.115885e-03;1.928949e-02;3.562066e-02;1.546312e-01;1.677356e-02;2.744232e-01;3.885898e-02;4.224856e-01;7.087950e-02;5.529668e-01;1.378173e-01;6.594399e-01;8.336467e-02;7.422913e-01;8.721608e-02;8.129005e-01;1.514548e-01;9.084556e-01;1.626832e-01;9.634861e-01;1.303731e-01;1.015554e+00;1.993930e-01;1.119729e+00;2.277142e-01;1.161270e+00;1.344692e-01;1.220731e+00;2.963994e-01;1.292479e+00;2.026234e-01;1.283803e+00;1.695514e-01;1.418821e+00;2.208847e-01;1.393435e+00;3.015088e-01;1.434270e+00;3.887629e-01;1.459364e+00;3.992672e-01;1.440071e+00;2.664932e-01;1.305936e+00;5.737900e-01;1.314854e+00;3.852317e-01;1.138495e+00;2.411074e-01;9.528345e-01;1.250360e-01;7.444538e-01;6.085372e-02;5.847368e-01;4.627234e-01;1.501975e+00;1.333312e-01;5.314706e-01;3.452363e+01;8.010352e+01;6.004826e+01;1.043643e+02;1.331961e+02;2.507900e+02;2.445405e+02;5.739316e+02;2.396672e-01;1.121842e+00;8.706506e+01;2.628056e+02;3.699512e-01;3.085916e+00;7.663446e+04;1.952170e+05;7.004083e-01;4.370314e+00;1.920463e+01;4.392874e+01;2.664163e-01;-1.319255e+00;7.627364e-02;2.417529e-01;2.380921e-01;9.332692e-01;3.778492e+00;3.584349e+01;2.642447e+00;-1.264779e+01;4.590958e+00;2.225181e+01;6.995066e+00;5.161166e+00;5.585849e+00;1.043373e+01;5.645491e+00;-1.388335e+00;6.456065e+00;4.350295e+00;4.746944e+00;7.767895e+00;7.284513e+00;4.726671e+00;7.720041e+00;-8.080046e+00;7.673226e+00;8.822175e+00;5.669324e+00;2.995338e+00;6.489593e+00;3.393517e+00;3.972680e+00;3.294479e+00;1.656362e-05;-3.621776e-06;4.494377e-08;3.936120e-09;1.553126e-07;5.418349e-09;1.555600e-07;1.458393e-09;4.174084e-07;1.757354e-08;4.766104e-06;6.526448e-07;5.547979e-02;-1.507123e-03;2.835103e-02;-2.697420e-05;3.142774e-03;7.834631e-04;6.433043e-04;-1.520534e-04;7.221683e-03;1.050993e-04;3.865534e-03;5.382524e-05;1.380634e-02;2.031837e-04;2.285126e-02;6.465070e-05;3.583365e-02;-1.746305e-03;2.438169e-02;7.866171e-04;2.142728e-02;9.695109e-04;4.860114e-02;1.352513e-03;5.537134e-02;1.040890e-03;3.586594e-02;-2.022566e-03;6.538626e-02;-3.014999e-03;5.211747e-02;9.731406e-04;3.782258e-02;6.130689e-04;6.439988e-02;8.393716e-04;5.025785e-02;1.490449e-03;4.654820e-02;-9.275093e-04;6.776875e-02;1.409056e-03;6.994217e-02;1.335275e-03;8.850211e-02;8.241881e-04;7.878530e-02;-2.199582e-03;5.412829e-02;-5.317770e-03;1.342503e-01;-9.172623e-05;8.839224e-02;9.850095e-04;6.253171e-02;7.266571e-04;3.744052e-02;3.774196e-04;1.821537e-02;4.692101e-04;1.681738e-01;7.290966e-04;4.364530e-02;-6.376113e-04;7.385746e+00;-1.291992e+00;1.271165e+01;-2.182031e+00;2.876867e+01;-4.823438e+00;6.215052e+01;-6.962402e+00;6.961052e-02;-5.711131e-04;1.737811e+01;-3.050144e+00;8.066990e-02;-1.428300e-02;1.698955e+04;-1.381007e+03;1.841224e-01;2.719330e-02;4.766915e+00;6.334135e-01;4.673995e-02;-1.096399e-02;1.481620e-02;-2.885423e-03;9.467196e-02;-6.896248e-04;7.042297e-01;2.612661e-02;7.836387e-01;6.144021e-02;1.087026e+00;4.590012e-02;1.139622e+00;1.824234e-01;1.423544e+00;-2.329796e-02;1.544487e+00;7.300755e-02;1.634033e+00;1.594327e-01;1.481075e+00;5.642300e-02;1.985476e+00;2.336363e-01;1.971747e+00;-1.279130e-01;1.868338e+00;6.230669e-02;1.634192e+00;6.365394e-02;1.863554e+00;2.722747e-02;1.265342e+00;1.281826e-01
243.500000;3.418640e+01;7.998672e+01;1.660879e-02;7.923368e-01;8.656781e-02;2.387558e-02;8.931093e-02;3.210028e-02;5.943386e-02;9.351444e-02;2.568078e+00;1.054684e+01;2.540227e-01;2.440714e+00;1.220539e-01;1.007249e+00;1.533447e-02;1.746659e-01;6.657726e-03;2.063492e-02;1.402689e-02;1.296510e-01;1.556677e-02;2.700214e-01;2.943820e-02;4.276606e-01;7.960350e-02;5.701662e-01;1.244142e-01;6.617317e-01;1.242434e-01;7.875362e-01;1.110449e-01;8.349329e-01;1.721644e-01;8.847628e-01;1.461816e-01;9.775708e-01;1.971559e-01;1.087585e+00;1.828774e-01;1.089983e+00;1.315258e-01;1.145520e+00;1.692913e-01;1.192850e+00;3.443543e-01;1.396420e+00;3.440983e-01;1.446646e+00;1.724448e-01;1.426507e+00;2.551719e-01;1.451605e+00;3.622900e-01;1.495666e+00;4.744962e-01;1.596408e+00;5.201741e-01;1.566231e+00;2.984258e-01;1.338196e+00;1.710643e-01;1.169929e+00;1.146117e-01;1.038014e+00;9.610322e-02;8.933831e-01;7.477102e-02;7.233096e-01;5.550579e-02;5.861846e-01;5.469585e-01;1.675886e+00;2.189244e-01;6.007524e-01;3.848631e+01;7.393066e+01;4.499105e+01;9.704297e+01;1.076636e+02;2.160498e+02;2.849599e+02;5.330186e+02;1.660594e-01;1.062410e+00;8.561998e+01;2.483368e+02;2.949997e-01;2.943838e+00;7.962191e+04;1.904214e+05;1.170879e+00;4.523719e+00;3.766727e+01;5.107144e+01;2.193251e-01;-1.459644e+00;7.067111e-02;2.261059e-01;2.749552e-01;9.987972e-01;2.491175e+00;3.756936e+01;2.999638e+00;-1.469684e+01;5.159567e+00;2.497163e+01;4.893555e+00;8.981800e+00;6.072569e+00;6.610514e+00;5.811351e+00;9.879743e-01;6.509451e+00;9.088210e-01;6.002821e+00;8.972318e+00;7.929794e+00;4.212004e+00;6.186153e+00;-1.061585e+01;1.042917e+01;1.514441e+01;4.989773e+00;-5.601038e-01;6.834818e+00;1.944149e+00;5.305254e+00;3.941869e+00;1.172962e-04;2.925722e-05;3.559341e-08;-7.495847e-09;4.108337e-07;2.501016e-08;3.921616e-07;2.424444e-08;2.476430e-07;2.486702e-08;7.232133e-06;-1.065526e-06;7.546390e-02;1.324753e-03;3.187072e-02;8.905547e-04;3.782657e-03;-6.756670e-04;1.306822e-03;2.495591e-04;3.826369e-03;-1.032461e-03;4.264091e-03;-6.913315e-04;1.173625e-02;-3.614672e-05;2.664315e-02;6.006814e-04;3.142267e-02;1.554820e-03;3.537677e-02;1.506286e-03;2.694437e-02;2.240989e-04;5.174746e-02;-2.950060e-03;5.379317e-02;-2.238977e-03;5.298414e-02;-8.060656e-05;5.207647e-02;-2.520018e-03;4.418489e-02;5.626607e-04;4.118422e-02;-1.654927e-03;9.342604e-02;5.109498e-03;9.418955e-02;2.650095e-03;5.282032e-02;2.373567e-03;7.176349e-02;3.220611e-03;9.778709e-02;9.032487e-04;1.123473e-01;2.860349e-03;1.206690e-01;3.683241e-03;6.493255e-02;5.242513e-03;4.821105e-02;2.629863e-03;3.160739e-02;1.885798e-03;3.209766e-02;-7.092655e-04;2.492776e-02;1.873750e-04;1.656903e-02;-1.264865e-04;1.853802e-01;1.033622e-02;6.582930e-02;2.167185e-03;1.066969e+01;2.282520e+00;1.132369e+01;2.469141e+00;3.042580e+01;6.474317e+00;7.516210e+01;1.339365e+01;5.013951e-02;-4.127833e-03;2.090013e+01;4.634818e+00;8.103229e-02;1.178560e-02;1.948658e+04;2.991841e+03;3.547921e-01;-2.468209e-02;1.153546e+01;-3.839280e-01;5.276241e-02;8.831310e-03;1.742272e-02;3.866693e-03;9.868643e-02;3.149707e-03;5.543858e-01;-5.909535e-02;9.210734e-01;-9.779155e-02;1.328109e+00;6.468125e-02;1.394566e+00;-1.076789e-01;1.574783e+00;-2.580411e-01;1.587459e+00;-2.274221e-01;1.725111e+00;-1.890342e-01;1.849948e+00;-1.192404e-01;2.149941e+00;-2.113759e-01;1.750760e+00;-6.413554e-02;2.171566e+00;1.509652e-01;1.522035e+00;-1.037205e-01;1.977648e+00;-1.978383e-01;1.302908e+00;-1.650723e-01
244.000000;6.065313e+01;8.527004e+01;3.791778e-02;7.673586e-01;9.046149e-02;3.808936e-02;9.407796e-02;4.071600e-02;8.875909e-02;1.199484e-01;2.493011e+01;-6.102490e-02;2.382929e-01;2.505648e+00;1.077568e-01;1.025643e+00;3.237950e-02;1.564420e-01;8.784979e-03;2.647140e-02;4.697823e-02;1.206909e-01;4.114791e-02;2.655591e-01;3.351329e-02;4.252620e-01;6.792841e-02;5.639302e-01;9.769239e-02;6.989920e-01;1.139231e-01;7.898805e-01;1.182100e-01;8.235740e-01;1.735632e-01;9.085951e-01;1.473129e-01;1.006207e+00;1.751396e-01;1.114400e+00;2.153191e-01;1.157021e+00;2.553576e-01;1.219831e+00;2.979361e-01;1.252943e+00;3.283347e-01;1.318306e+00;3.518174e-01;1.376059e+00;1.957019e-01;1.412657e+00;2.471830e-01;1.513479e+00;3.211329e-01;1.518664e+00;4.354142e-01;1.512521e+00;4.818504e-01;1.523091e+00;2.939267e-01;1.459841e+00;1.797472e-01;1.293455e+00;1.389612e-01;1.084867e+00;1.106874e-01;9.291886e-01;7.908163e-02;7.622327e-01;5.140657e-02;6.154592e-01;6.074988e-01;2.001861e+00;2.472379e-01;7.600471e-01;8.329575e+01;1.270459e+02;1.141796e+02;1.709736e+02;2.785618e+02;3.830039e+02;4.881174e+02;9.111416e+02;2.303608e-01;1.120605e+00;1.689159e+02;3.666239e+02;5.157061e-01;3.315004e+00;1.034571e+05;2.592539e+05;1.440488e+00;3.676704e+00;3.922128e+01;3.712806e+01;4.743041e-01;-1.220977e+00;1.467329e-01;3.293555e-01;3.002336e-01;1.196535e+00;2.589087e+00;3.620127e+01;3.139204e+00;-1.631265e+01;6.544385e+00;2.293127e+01;5.738431e+00;8.445863e+00;7.309596e+00;4.088119e+00;8.183749e+00;-3.662371e+00;8.376943e+00;-4.465201e+00;1.161399e+01;6.723031e-01;9.859156e+00;1.013357e+00;7.749779e+00;-6.698717e+00;1.262367e+01;1.156248e+01;5.113985e+00;-2.102391e+00;8.052937e+00;1.755254e+00;7.700523e+00;-2.027830e+00;1.720907e-04;8.572240e-06;6.616985e-08;-1.108715e-08;4.308154e-07;-3.307635e-09;4.238065e-07;8.603704e-09;2.474285e-07;-9.845623e-09;1.139845e-04;-4.931626e-06;7.009512e-02;2.660694e-03;2.954794e-02;7.492519e-04;6.238260e-03;-7.960207e-04;1.586784e-03;2.213404e-04;9.755266e-03;-5.962091e-04;1.140446e-02;-2.728748e-04;1.386872e-02;-1.600844e-04;2.485637e-02;5.106364e-04;2.389991e-02;1.218050e-03;3.161260e-02;7.077320e-04;3.315900e-02;-8.242931e-04;4.715183e-02;-2.359418e-03;4.215460e-02;-1.265548e-03;5.392288e-02;2.622367e-03;4.718040e-02;2.088485e-03;6.416480e-02;1.040278e-03;6.624280e-02;-1.054526e-03;8.643687e-02;-1.565391e-04;8.876543e-02;-8.249617e-04;6.071046e-02;-1.690660e-03;6.940620e-02;1.212912e-03;9.905695e-02;2.094424e-03;1.006283e-01;4.195019e-03;1.129126e-01;6.300198e-03;5.628680e-02;4.170392e-03;5.012528e-02;7.989784e-04;3.502772e-02;-1.314422e-04;3.484538e-02;1.439668e-03;2.007716e-02;3.463782e-04;1.428277e-02;7.160063e-05;2.112720e-01;6.531145e-03;7.045632e-02;3.737414e-03;1.468173e+01;1.823145e+00;2.187511e+01;2.024121e+00;7.894360e+01;5.498145e+00;1.089739e+02;1.068047e+01;6.886338e-02;1.239084e-03;3.498544e+01;3.952711e+00;1.021677e-01;1.292300e-02;2.722239e+04;2.344136e+03;3.756562e-01;-3.077606e-02;1.122601e+01;-6.977655e-01;1.038007e-01;1.116618e-02;2.824296e-02;3.529355e-03;1.018310e-01;2.358196e-03;5.409929e-01;-8.792815e-02;9.430411e-01;-7.480875e-02;1.346731e+00;-4.995926e-02;1.434092e+00;-1.434656e-01;1.886045e+00;-3.284652e-02;1.818775e+00;-1.420027e-01;2.215966e+00;-3.474350e-01;1.902169e+00;-2.522927e-01;2.369127e+00;-1.265050e-01;1.767917e+00;1.222390e-01;2.392670e+00;-4.671392e-02;1.252203e+00;-1.249668e-01;1.719984e+00;-9.192628e-02;1.400518e+00;-2.103321e-01
244.500000;5.674512e+01;9.261072e+01;2.521954e-02;7.493485e-01;5.152387e-02;5.430182e-02;4.847570e-02;5.018829e-02;9.089204e-02;1.253937e-01;2.742947e+01;-5.658114e+00;1.120421e-01;2.572836e+00;5.940048e-02;1.027635e+00;2.803499e-02;1.392428e-01;6.657203e-03;2.874402e-02;7.003834e-02;1.457612e-01;5.413002e-02;2.886149e-01;4.229968e-02;4.290130e-01;5.347280e-02;5.610511e-01;6.602582e-02;6.775838e-01;6.620897e-02;7.748005e-01;1.148314e-01;8.775594e-01;1.526210e-01;9.654139e-01;1.521546e-01;1.023626e+00;1.224538e-01;1.052319e+00;1.999057e-01;1.145977e+00;3.461509e-01;1.219808e+00;2.769157e-01;1.248687e+00;1.996652e-01;1.238104e+00;2.027974e-01;1.341255e+00;1.858810e-01;1.380047e+00;2.122275e-01;1.462368e+00;1.958171e-01;1.521809e+00;3.664442e-01;1.494327e+00;3.052539e-01;1.453053e+00;2.223419e-01;1.473024e+00;3.039364e-01;1.368815e+00;2.552017e-01;1.174326e+00;1.081748e-01;9.725990e-01;9.010144e-02;7.841698e-01;6.218996e-02;6.443933e-01;6.150621e-01;2.041811e+00;1.867791e-01;7.411973e-01;7.330727e+01;1.546084e+02;9.756007e+01;2.111689e+02;2.588835e+02;4.496133e+02;4.063379e+02;1.078239e+03;2.719108e-01;1.123318e+00;1.418651e+02;4.286753e+02;3.641289e-01;3.578325e+00;8.780090e+04;3.043829e+05;8.799775e-01;3.305976e+00;1.268588e+01;2.493534e+01;4.095173e-01;-9.593238e-01;1.218263e-01;3.861871e-01;4.809564e-01;1.531313e+00;2.848186e+00;3.308833e+01;4.830253e+00;-1.389143e+01;5.676103e+00;2.071827e+01;6.098555e+00;5.628633e+00;8.020020e+00;4.951079e+00;7.064046e+00;-3.890370e+00;1.017120e+01;-3.271464e+00;8.315536e+00;-4.141414e+00;9.270880e+00;-8.266594e-01;6.873923e+00;-6.116321e+00;8.818024e+00;5.945305e+00;5.735373e+00;-1.689766e+00;8.348296e+00;-1.240602e+00;5.401549e+00;-4.430310e+00;1.297656e-04;-2.487649e-05;6.878339e-08;2.620361e-09;2.243559e-07;-2.152312e-08;2.363944e-07;-3.939749e-09;2.421220e-07;-2.888855e-09;1.354865e-04;5.106881e-07;3.617801e-02;5.171753e-04;1.400455e-02;-8.355586e-04;6.664298e-03;5.423448e-04;1.243899e-03;-1.921139e-04;1.436787e-02;1.030120e-03;1.396465e-02;5.628524e-04;1.366085e-02;2.342530e-04;1.775785e-02;3.535703e-05;1.789205e-02;-1.444252e-03;1.870718e-02;-7.981185e-04;3.660850e-02;8.583396e-04;4.801366e-02;1.825788e-03;4.314549e-02;1.167124e-03;3.796880e-02;-2.418992e-04;3.692140e-02;-8.524889e-04;8.685565e-02;1.443288e-03;6.684112e-02;2.472144e-03;4.971284e-02;-2.798307e-03;4.744728e-02;-1.602428e-03;5.705951e-02;-3.724223e-03;5.721658e-02;-3.086671e-03;6.555355e-02;-1.078630e-03;5.974394e-02;-4.401671e-03;4.851545e-02;-4.091300e-03;4.075270e-02;-5.595398e-03;6.119718e-02;-1.645633e-03;6.427178e-02;-1.826279e-03;3.948780e-02;-1.208648e-04;2.551198e-02;-3.209471e-05;1.636882e-02;1.986464e-03;1.868481e-01;2.744905e-03;4.757419e-02;-1.883020e-03;1.303314e+01;-1.851856e+00;2.244973e+01;-1.909277e+00;8.145189e+01;-5.569922e+00;1.152349e+02;-1.264717e+01;9.247682e-02;6.294240e-04;3.546108e+01;-3.902251e+00;1.107382e-01;-8.578941e-03;2.657341e+04;-2.579562e+03;2.584915e-01;2.948895e-02;3.631264e+00;4.818536e-01;1.062356e-01;-7.062471e-03;2.860942e-02;-3.139107e-03;1.054145e-01;1.426605e-02;4.686690e-01;2.474616e-02;9.204835e-01;1.513460e-01;1.205601e+00;-3.741242e-02;1.267739e+00;1.644250e-01;2.191431e+00;1.082297e-01;1.532873e+00;2.106463e-01;2.279870e+00;1.283386e-01;1.614772e+00;1.368229e-01;2.269518e+00;1.450129e-01;1.472600e+00;5.219107e-02;2.341742e+00;-1.458697e-01;1.313224e+00;1.035222e-01;1.609358e+00;5.968392e-02;1.357224e+00;1.108313e-01
245.000000;2.376051e+01;1.016406e+02;1.335511e-02;7.612484e-01;5.744022e-02;7.391197e-02;5.103889e-02;6.328728e-02;8.003801e-02;1.369136e-01;1.566897e+01;3.672633e+00;1.603586e-01;2.580631e+00;7.832262e-02;1.014167e+00;1.677356e-02;1.456217e-01;5.251595e-03;2.557571e-02;4.971588e-02;1.543324e-01;3.389229e-02;2.949542e-01;4.542518e-02;4.180131e-01;5.421460e-02;5.428277e-01;5.413419e-02;6.602380e-01;7.649223e-02;7.692679e-01;1.003123e-01;8.762598e-01;1.740058e-01;9.606110e-01;1.412841e-01;1.016879e+00;1.366788e-01;1.038880e+00;1.221987e-01;1.071469e+00;2.912258e-01;1.167382e+00;2.134047e-01;1.216938e+00;2.854712e-01;1.322761e+00;2.941065e-01;1.423187e+00;1.589658e-01;1.360594e+00;1.704285e-01;1.385481e+00;2.128172e-01;1.467008e+00;3.893701e-01;1.586836e+00;2.934922e-01;1.525672e+00;2.046546e-01;1.437097e+00;3.246759e-01;1.249004e+00;2.731375e-01;1.116547e+00;1.411363e-01;9.251703e-01;1.126419e-01;7.651517e-01;9.462021e-02;6.157885e-01;5.859119e-01;1.776453e+00;1.942452e-01;6.626204e-01;4.499105e+01;1.182891e+02;5.039485e+01;1.662363e+02;1.378049e+02;3.228545e+02;3.516009e+02;9.091318e+02;2.389824e-01;9.681487e-01;9.367358e+01;3.616239e+02;2.721952e-01;3.396895e+00;9.034669e+04;2.775310e+05;1.047294e+00;3.889512e+00;2.157928e+01;3.389470e+01;2.213506e-01;-1.013920e+00;7.720459e-02;3.287688e-01;4.731102e-01;1.786426e+00;2.316638e+00;3.272957e+01;4.369565e+00;-1.041826e+01;5.320662e+00;2.207043e+01;4.578825e+00;5.788465e+00;6.478678e+00;7.345856e+00;4.948782e+00;1.759884e+00;8.036092e+00;6.597456e-02;9.061172e+00;5.361004e+00;5.887709e+00;-3.557616e+00;6.251503e+00;-7.629569e+00;8.183085e+00;1.125370e+01;5.750079e+00;-1.885403e+00;5.950018e+00;-2.263703e+00;4.531301e+00;-3.258287e+00;4.962722e-05;-4.093649e-06;4.776182e-08;7.686584e-09;2.916401e-07;-1.360119e-08;2.662914e-07;-4.211020e-09;3.185959e-07;5.679564e-09;7.335781e-05;4.524807e-06;5.128649e-02;-3.439753e-05;1.917459e-02;-1.409929e-04;4.423128e-03;4.435375e-04;1.020706e-03;-1.557067e-04;1.134322e-02;5.734607e-04;9.727069e-03;2.750801e-04;1.188710e-02;-3.808617e-04;1.452347e-02;-1.217369e-03;1.747861e-02;2.976570e-04;2.815440e-02;2.864921e-04;3.170276e-02;3.950245e-04;4.710957e-02;2.670460e-03;4.087425e-02;7.136430e-04;4.633420e-02;-6.973587e-04;3.706649e-02;1.219202e-03;9.132260e-02;-2.424165e-03;6.484093e-02;1.700288e-03;7.114625e-02;9.058753e-04;7.453039e-02;-3.861458e-04;5.282673e-02;3.206235e-04;5.230024e-02;1.405379e-03;6.045530e-02;-3.340134e-03;7.951710e-02;-2.568483e-03;4.725562e-02;-4.847678e-03;5.236885e-02;-4.092355e-03;6.001185e-02;9.587463e-04;6.558501e-02;1.707555e-03;3.653771e-02;1.243939e-03;3.064161e-02;6.689175e-04;1.830372e-02;9.463927e-04;1.529236e-01;-1.059270e-02;6.342889e-02;-1.965354e-03;8.889455e+00;-1.607813e+00;1.326876e+01;-1.622168e+00;3.932290e+01;-4.694238e+00;1.073892e+02;-6.101074e+00;9.188554e-02;-2.869925e-03;2.421841e+01;-2.843652e+00;9.512741e-02;-8.136479e-03;2.290256e+04;-1.347002e+03;2.768370e-01;1.843116e-02;5.067837e+00;3.065382e-01;6.547626e-02;-5.286220e-03;1.963491e-02;-2.528264e-03;1.393471e-01;3.987382e-03;3.326899e-01;1.771244e-02;1.077538e+00;9.771287e-02;1.193660e+00;8.638181e-03;1.264322e+00;1.060760e-01;2.351919e+00;7.915965e-02;1.241720e+00;1.642152e-01;1.851719e+00;3.103146e-01;1.801812e+00;2.526063e-01;1.879847e+00;4.953245e-02;1.314132e+00;-7.889626e-03;2.092674e+00;2.110346e-01;1.519530e+00;7.972372e-02;1.549391e+00;1.778610e-02;1.313114e+00;7.534391e-02
245.500000;5.316510e+00;1.043192e+02;1.162547e-02;7.712538e-01;5.211405e-02;8.014597e-02;4.918401e-02;6.405962e-02;7.233379e-02;1.597625e-01;1.023015e+00;7.763738e+00;2.126533e-01;2.501261e+00;8.204079e-02;9.877880e-01;6.859172e-03;1.513049e-01;4.448246e-03;2.463341e-02;5.677656e-03;1.304384e-01;1.232764e-02;2.768270e-01;4.864984e-02;4.255978e-01;5.965616e-02;5.457677e-01;1.014328e-01;6.696277e-01;6.380378e-02;7.641954e-01;7.992925e-02;8.642546e-01;1.930452e-01;9.726729e-01;1.685105e-01;1.005514e+00;1.129270e-01;1.015465e+00;1.234484e-01;1.072950e+00;2.873236e-01;1.218471e+00;2.101738e-01;1.262651e+00;2.894228e-01;1.327645e+00;3.282129e-01;1.387047e+00;1.671020e-01;1.349026e+00;1.556587e-01;1.399326e+00;2.863497e-01;1.439194e+00;3.283250e-01;1.465987e+00;2.818088e-01;1.444858e+00;2.248092e-01;1.267000e+00;1.202766e-01;1.151314e+00;1.447917e-01;1.033046e+00;1.439553e-01;8.878916e-01;1.231550e-01;7.201813e-01;9.702908e-02;5.855391e-01;4.548908e-01;1.615207e+00;2.347309e-01;6.340085e-01;1.544731e+01;1.060869e+02;2.399511e+01;1.534600e+02;6.382794e+01;2.660068e+02;2.962914e+02;8.298896e+02;1.944117e-01;9.249288e-01;5.161960e+01;3.235936e+02;2.194124e-01;3.257643e+00;7.384343e+04;2.351988e+05;1.123578e+00;4.035229e+00;2.576748e+01;3.825022e+01;1.159426e-01;-1.081502e+00;3.930379e-02;2.983153e-01;3.890815e-01;1.734407e+00;1.916451e+00;3.533379e+01;3.976138e+00;-1.074553e+01;5.586788e+00;2.182784e+01;3.124339e+00;9.467657e+00;5.023260e+00;6.630631e+00;4.037264e+00;2.998883e+00;5.503209e+00;2.053541e+00;6.595710e+00;1.076490e+01;6.015880e+00;-1.082583e+00;9.996250e+00;-1.088988e+01;6.688005e+00;1.314245e+01;4.756070e+00;-4.279547e+00;7.260238e+00;-1.734322e+00;5.053397e+00;-2.352747e+00;1.235796e-05;1.954804e-06;4.202686e-08;8.385268e-10;2.851621e-07;-1.015857e-08;2.655125e-07;-1.154704e-08;3.548163e-07;-4.510649e-09;4.993842e-06;2.291585e-07;5.625150e-02;-4.853310e-06;2.133024e-02;4.795112e-04;2.472425e-03;-2.281120e-05;8.932442e-04;3.262787e-05;1.560745e-03;-1.484009e-04;5.634564e-03;-1.635314e-04;1.004339e-02;-2.034445e-04;1.483070e-02;-6.134228e-04;2.608906e-02;1.717377e-03;2.556214e-02;-4.429232e-04;2.111250e-02;2.006871e-04;4.926378e-02;3.233173e-03;4.067136e-02;2.356100e-03;4.162262e-02;-1.632437e-03;3.952594e-02;-1.468993e-04;9.396102e-02;1.164720e-03;6.429915e-02;-1.377221e-03;6.975270e-02;-1.034382e-03;8.067203e-02;-5.361649e-04;5.495014e-02;1.366514e-03;4.830189e-02;1.792635e-03;6.701026e-02;2.952527e-04;7.878015e-02;6.654279e-04;6.185380e-02;2.026633e-03;5.409749e-02;3.207685e-03;3.873736e-02;9.054663e-06;3.929077e-02;7.276572e-04;3.373261e-02;3.524336e-04;2.688929e-02;1.079407e-03;2.153653e-02;-1.428651e-03;1.119490e-01;-5.723348e-03;7.321460e-02;5.015864e-04;5.196818e+00;1.004883e-01;6.289776e+00;3.301758e-01;2.006264e+01;4.593750e-01;9.537847e+01;3.718066e+00;6.638087e-02;-8.678077e-04;1.551856e+01;5.457611e-01;6.280932e-02;2.179638e-03;1.966141e+04;3.598881e+02;2.956178e-01;-1.596075e-02;6.810378e+00;-3.370772e-01;4.688996e-02;1.248697e-03;1.198133e-02;4.587215e-04;1.344102e-01;-8.030952e-03;4.476142e-01;2.911028e-02;9.942380e-01;-3.904632e-02;1.203529e+00;-1.721505e-02;1.113104e+00;-2.498223e-02;1.797931e+00;8.642316e-03;1.268763e+00;1.047596e-02;1.533330e+00;7.631980e-02;1.800556e+00;7.302646e-02;1.615120e+00;2.407843e-02;1.752293e+00;-1.949251e-01;1.642492e+00;-5.187553e-03;1.292025e+00;-5.861748e-02;1.623812e+00;1.349308e-01;1.291964e+00;7.666372e-03
246.000000;4.344286e+01;1.129332e+02;2.655363e-02;7.566922e-01;9.389187e-02;1.056560e-01;1.614541e-01;1.358341e-01;7.430752e-02;1.538976e-01;6.682040e+00;6.012139e+00;2.212815e-01;2.413651e+00;9.815556e-02;9.784287e-01;2.505439e-02;1.394895e-01;6.612577e-03;2.729277e-02;5.144506e-02;1.249999e-01;4.041112e-02;2.628496e-01;4.579427e-02;4.240028e-01;4.826465e-02;5.606378e-01;1.178866e-01;6.768974e-01;6.522916e-02;7.688202e-01;8.248677e-02;8.740694e-01;1.702694e-01;9.057981e-01;1.698747e-01;9.394835e-01;1.354938e-01;1.042677e+00;1.288900e-01;1.092449e+00;3.432628e-01;1.203362e+00;1.614340e-01;1.260593e+00;2.229708e-01;1.305735e+00;3.280056e-01;1.386668e+00;2.030297e-01;1.357585e+00;1.771988e-01;1.393875e+00;3.308284e-01;1.439304e+00;3.849538e-01;1.470398e+00;3.000261e-01;1.431040e+00;1.988031e-01;1.269207e+00;1.523947e-01;1.171863e+00;1.469586e-01;1.003521e+00;1.353332e-01;8.349466e-01;8.725318e-02;6.795032e-01;9.439227e-02;5.588587e-01;3.379230e-01;1.640418e+00;2.298793e-01;6.167388e-01;5.315092e+01;1.369512e+02;8.317554e+01;1.958086e+02;2.552457e+02;3.745342e+02;3.994787e+02;9.800479e+02;2.460233e-01;9.453914e-01;1.314874e+02;3.868986e+02;3.476980e-01;3.376172e+00;9.171520e+04;2.595315e+05;1.158224e+00;3.463650e+00;2.215703e+01;2.996313e+01;3.116584e-01;-9.489671e-01;1.095241e-01;3.529359e-01;4.708098e-01;1.570421e+00;1.844195e+00;3.742928e+01;5.583786e+00;-1.491464e+01;6.330892e+00;2.120709e+01;5.039502e+00;8.175734e+00;6.283364e+00;3.513699e+00;8.634925e+00;-2.090649e+00;8.810351e+00;-8.099200e-01;7.050449e+00;1.000866e+01;6.431897e+00;-1.667773e+00;8.759370e+00;-1.775584e+01;8.485807e+00;1.180159e+01;6.696120e+00;-7.552966e+00;7.481333e+00;-5.481336e+00;4.826005e+00;-2.101600e+00;1.099987e-04;1.418142e-05;6.166334e-08;-7.539711e-09;4.649098e-07;2.695766e-08;6.319090e-07;3.204889e-08;3.246843e-07;-1.699861e-08;3.401014e-05;-7.065095e-07;6.293640e-02;-7.501283e-04;2.654068e-02;1.110020e-04;6.220074e-03;-4.409775e-04;1.029529e-03;2.110103e-04;1.214872e-02;-4.993015e-04;1.077754e-02;-3.185164e-04;9.183103e-03;7.209301e-04;1.353383e-02;5.994023e-04;3.491379e-02;-1.508290e-03;1.871368e-02;-5.789813e-05;2.258989e-02;5.665132e-04;4.868614e-02;-2.626123e-03;4.649772e-02;-1.518277e-03;3.172683e-02;-4.799031e-04;3.693581e-02;-7.112679e-04;9.394678e-02;9.950419e-03;5.206006e-02;9.579346e-04;6.217180e-02;-6.255612e-04;8.424705e-02;1.003761e-03;6.170225e-02;1.926092e-03;5.535639e-02;-2.323364e-03;7.947633e-02;1.401281e-03;9.549551e-02;7.140029e-04;7.305995e-02;5.481102e-04;5.573742e-02;5.335230e-03;4.900683e-02;-3.044251e-03;3.572602e-02;-2.224248e-03;3.285888e-02;-2.612892e-03;2.044273e-02;-1.136867e-03;2.111217e-02;-1.150886e-03;7.159395e-02;5.387447e-03;7.139273e-02;3.751287e-03;1.096550e+01;1.363770e+00;1.871668e+01;2.167676e+00;4.538767e+01;7.622754e+00;9.866888e+01;8.297461e+00;9.068991e-02;6.282094e-04;2.421428e+01;3.548200e+00;7.713626e-02;6.684027e-03;2.037308e+04;1.928599e+03;2.806667e-01;-2.787234e-02;6.342149e+00;-3.758699e-01;8.082891e-02;5.179470e-03;2.046014e-02;2.933457e-03;1.192371e-01;-9.777959e-04;5.149980e-01;4.344365e-02;8.691905e-01;-1.626884e-01;1.479121e+00;1.362621e-02;1.464663e+00;-5.068605e-02;1.760333e+00;-7.605593e-02;2.117781e+00;-1.900930e-01;1.924611e+00;-2.585244e-01;1.744939e+00;5.154633e-02;1.912464e+00;-9.694894e-02;1.902647e+00;-9.819457e-02;1.947386e+00;-2.041317e-01;1.386455e+00;-2.087095e-01;2.014000e+00;-8.210208e-02;1.175172e+00;-6.232220e-03
246.500000;5.976439e+01;1.031334e+02;3.287180e-02;7.510961e-01;1.098606e-01;8.959781e-02;1.684073e-01;1.245863e-01;8.414227e-02;1.685864e-01;9.463757e+00;4.715901e+00;2.332773e-01;2.319090e+00;1.271946e-01;1.000433e+00;3.060170e-02;1.339830e-01;8.156716e-03;2.587931e-02;8.681311e-02;1.561906e-01;4.332154e-02;2.609377e-01;3.557511e-02;4.021477e-01;3.592666e-02;5.470890e-01;1.033694e-01;6.629793e-01;8.808766e-02;7.623577e-01;9.792285e-02;8.340691e-01;1.715693e-01;8.941051e-01;1.791588e-01;9.408616e-01;1.491285e-01;1.041581e+00;1.574722e-01;1.128953e+00;3.376096e-01;1.171635e+00;2.082906e-01;1.213602e+00;2.286004e-01;1.288686e+00;2.953890e-01;1.317334e+00;2.284728e-01;1.420823e+00;2.496044e-01;1.397292e+00;3.525553e-01;1.480158e+00;4.207952e-01;1.527550e+00;3.799739e-01;1.499532e+00;2.006798e-01;1.413702e+00;6.501753e-01;1.381972e+00;4.210195e-01;1.095434e+00;2.175529e-01;8.537042e-01;1.142120e-01;7.349640e-01;9.869619e-02;5.835947e-01;4.485125e-01;1.441765e+00;2.445700e-01;5.729965e-01;7.741631e+01;1.401094e+02;1.078029e+02;1.956650e+02;2.928416e+02;4.051113e+02;4.804853e+02;9.728701e+02;2.790615e-01;9.591941e-01;1.651243e+02;3.931435e+02;4.929416e-01;3.305758e+00;9.456881e+04;2.617863e+05;1.333215e+00;3.500940e+00;1.919167e+01;2.968794e+01;3.864495e-01;-8.951557e-01;1.446610e-01;3.560063e-01;5.634425e-01;1.208359e+00;3.200863e+00;3.689637e+01;5.319929e+00;-1.685090e+01;7.320221e+00;2.196737e+01;5.012716e+00;5.332161e+00;8.134514e+00;4.462428e+00;8.848459e+00;-6.417533e+00;9.264643e+00;-4.432728e+00;7.565819e+00;1.159833e+01;9.009231e+00;-3.777058e+00;1.040087e+01;-1.372894e+01;1.021339e+01;9.189485e+00;7.595723e+00;-8.091170e+00;7.676721e+00;-5.689323e+00;5.761809e+00;-1.263241e+00;1.464312e-04;-5.370982e-06;7.649756e-08;3.176711e-09;4.469594e-07;2.795921e-08;6.275121e-07;2.034581e-08;3.552267e-07;1.657034e-08;4.719022e-05;5.586842e-07;7.457396e-02;-1.125134e-03;3.657752e-02;6.369735e-04;6.992319e-03;1.607555e-04;1.122744e-03;-9.574200e-05;1.767858e-02;3.648011e-04;1.190076e-02;1.544393e-04;9.448420e-03;-4.688511e-04;1.312393e-02;-4.766852e-04;3.924438e-02;-1.657520e-04;3.017230e-02;-4.187085e-04;3.559830e-02;-4.673287e-04;5.725533e-02;-1.924149e-04;6.165358e-02;-6.906630e-04;4.107429e-02;2.327385e-04;4.705612e-02;5.391347e-03;8.446600e-02;3.498844e-03;6.325139e-02;6.851872e-03;6.791188e-02;-1.446567e-03;7.335506e-02;5.859797e-04;6.540291e-02;1.290143e-03;7.435071e-02;2.706013e-03;9.319994e-02;1.145304e-03;1.091901e-01;1.442620e-03;8.511955e-02;-1.306901e-03;6.478686e-02;7.524546e-04;1.349036e-01;-1.373581e-03;1.007115e-01;-5.953372e-04;5.362840e-02;-1.287051e-03;3.128900e-02;-2.610391e-05;2.117691e-02;1.060720e-03;9.035562e-02;-9.670735e-03;6.711830e-02;1.422039e-03;1.317024e+01;-6.747071e-01;2.065243e+01;-1.004883e+00;5.136530e+01;-1.406836e+00;9.207146e+01;-3.416602e+00;1.061080e-01;-3.643350e-03;2.635965e+01;-1.104517e+00;8.490967e-02;-6.590515e-03;1.953305e+04;-2.860171e+02;2.402971e-01;5.332263e-03;4.602916e+00;1.012860e-01;8.803821e-02;-2.776040e-03;2.273395e-02;-1.114028e-03;1.234897e-01;-7.293763e-03;6.592905e-01;-1.902362e-04;9.141887e-01;-5.589930e-02;1.564445e+00;3.705350e-02;1.497274e+00;8.884832e-03;1.922319e+00;5.973110e-02;2.289340e+00;7.553111e-03;2.137540e+00;-1.402975e-01;1.753332e+00;8.765132e-02;2.414495e+00;4.865239e-02;2.474720e+00;3.214803e-01;2.625675e+00;1.067609e-02;1.608172e+00;5.620774e-02;2.334813e+00;2.210744e-02;1.263873e+00;2.914174e-02
247.000000;3.953649e+01;8.019067e+01;2.901300e-02;7.819902e-01;5.981685e-02;3.115550e-02;4.226943e-02;2.789254e-02;7.720265e-02;1.501348e-01;7.570574e+00;8.393583e+00;2.831930e-01;2.351918e+00;1.347657e-01;1.033776e+00;2.899104e-02;1.587132e-01;6.704064e-03;2.044722e-02;6.676991e-02;1.643866e-01;1.967496e-02;2.728370e-01;3.996299e-02;4.125634e-01;7.058339e-02;5.625805e-01;1.548793e-01;6.967352e-01;1.471517e-01;7.846403e-01;1.130935e-01;8.419570e-01;1.607960e-01;9.775595e-01;1.811474e-01;1.034647e+00;2.199249e-01;1.054330e+00;1.896095e-01;1.127904e+00;2.872182e-01;1.173516e+00;2.174656e-01;1.202529e+00;4.030261e-01;1.375499e+00;2.717605e-01;1.334242e+00;2.605395e-01;1.485336e+00;2.858234e-01;1.436675e+00;4.071543e-01;1.521703e+00;4.930582e-01;1.569011e+00;4.554217e-01;1.570054e+00;2.150444e-01;1.415901e+00;6.593783e-01;1.388595e+00;4.083592e-01;1.146948e+00;2.293588e-01;9.210615e-01;1.019684e-01;7.726241e-01;6.284597e-02;6.343334e-01;4.441941e-01;1.241242e+00;2.684080e-01;6.083786e-01;6.560056e+01;8.957812e+01;8.013078e+01;1.246055e+02;1.889181e+02;2.410283e+02;3.726972e+02;6.897803e+02;2.008272e-01;9.138336e-01;1.229226e+02;2.880129e+02;4.219192e-01;2.944164e+00;7.668352e+04;2.185270e+05;1.237927e+00;4.115408e+00;2.820658e+01;4.065445e+01;3.920278e-01;-1.231619e+00;1.118846e-01;2.601181e-01;3.915645e-01;9.473362e-01;3.247717e+00;3.658926e+01;4.252303e+00;-1.539906e+01;6.816010e+00;2.364536e+01;4.918371e+00;7.071167e+00;7.970323e+00;7.123862e+00;7.615893e+00;-1.938608e+00;7.904953e+00;-1.897025e+00;7.622462e+00;1.878352e+01;9.659328e+00;-3.537207e+00;9.527850e+00;-4.493218e+00;1.078752e+01;1.152607e+01;6.322225e+00;-3.527141e+00;1.016170e+01;-2.442529e-01;5.280818e+00;4.404445e+00;9.441724e-05;-1.760282e-05;5.271542e-08;1.066339e-08;1.210787e-07;1.563664e-09;1.564245e-07;-1.044148e-08;3.372156e-07;2.386911e-08;3.293027e-05;1.263600e-06;7.843002e-02;3.187249e-03;3.833236e-02;1.065524e-03;3.923865e-03;7.771267e-04;9.220008e-04;-1.457546e-04;1.288354e-02;4.705177e-04;6.612931e-03;4.652691e-04;1.036488e-02;3.230017e-04;2.250563e-02;5.279907e-04;4.155868e-02;2.979235e-03;4.546976e-02;5.367778e-05;3.633232e-02;7.496258e-04;5.349702e-02;3.722657e-03;6.123881e-02;4.313613e-03;8.540995e-02;-2.328644e-03;5.403346e-02;8.538239e-05;7.048339e-02;-4.747466e-03;6.373182e-02;2.962145e-03;9.522332e-02;6.447445e-04;6.380031e-02;8.774985e-04;7.392887e-02;8.337485e-04;7.970998e-02;2.879303e-03;9.938807e-02;2.917088e-03;1.150995e-01;-7.039381e-05;9.493568e-02;-7.970626e-04;6.871680e-02;-2.493402e-03;1.372221e-01;3.560530e-03;1.016755e-01;3.104897e-03;5.687239e-02;4.654229e-03;3.123495e-02;2.202764e-03;1.969112e-02;-1.873087e-04;1.291840e-01;-2.699310e-03;6.261509e-02;-9.915311e-04;8.088272e+00;-1.536035e+00;9.402240e+00;-2.540918e+00;2.615944e+01;-7.665820e+00;7.793791e+01;-8.139551e+00;7.333340e-02;1.315358e-03;1.674551e+01;-3.776466e+00;7.576374e-02;-7.979459e-03;1.770433e+04;-1.692019e+03;2.628818e-01;2.060198e-02;7.095026e+00;2.469676e-01;5.011236e-02;-1.072893e-02;1.422564e-02;-3.259511e-03;1.127597e-01;-8.945366e-04;6.715012e-01;-2.016669e-02;8.928097e-01;8.994641e-02;1.277976e+00;5.951274e-02;1.126590e+00;5.010699e-02;1.937423e+00;6.888105e-02;1.513653e+00;1.324580e-01;1.801412e+00;2.211495e-01;1.632530e+00;6.879862e-02;2.461226e+00;1.556367e-01;2.403004e+00;2.260595e-02;2.947531e+00;1.082885e-01;1.578387e+00;2.021242e-01;2.492167e+00;1.514068e-01;1.373194e+00;1.276858e-01
247.500000;9.213405e-01;7.271470e+01;8.664480e-03;8.038084e-01;1.162178e-02;7.772943e-03;1.408005e-02;1.147867e-02;5.985152e-02;9.877281e-02;1.835419e+00;1.249248e+01;3.443465e-01;2.503963e+00;1.433863e-01;1.017660e+00;6.460696e-03;1.787904e-01;5.605624e-03;2.113379e-02;8.035047e-03;1.340273e-01;7.049942e-03;2.748455e-01;3.345188e-02;4.208513e-01;7.418957e-02;5.719548e-01;1.822521e-01;7.441672e-01;1.628145e-01;7.823334e-01;1.054475e-01;8.654035e-01;1.444843e-01;9.787045e-01;1.662823e-01;1.059865e+00;2.549852e-01;1.093397e+00;1.968788e-01;1.100726e+00;2.350404e-01;1.169271e+00;2.289941e-01;1.253008e+00;4.243597e-01;1.354869e+00;3.768168e-01;1.415696e+00;2.632994e-01;1.389462e+00;3.310845e-01;1.467366e+00;4.874764e-01;1.517183e+00;5.254622e-01;1.498723e+00;4.386634e-01;1.444313e+00;2.388387e-01;1.358602e+00;2.565191e-01;1.214067e+00;1.511907e-01;1.086389e+00;1.452739e-01;9.272608e-01;6.961890e-02;7.371146e-01;5.359738e-02;5.995480e-01;4.223469e-01;1.347701e+00;3.698640e-01;7.717368e-01;1.422496e+01;6.589160e+01;6.818470e+00;8.785547e+01;7.391380e+01;1.958086e+02;3.448139e+02;7.016953e+02;1.417270e-01;9.079332e-01;6.578915e+01;2.586591e+02;2.815460e-01;2.884254e+00;9.760470e+04;2.222167e+05;1.267040e+00;4.103089e+00;3.685400e+01;4.567088e+01;1.153008e-01;-1.515107e+00;4.894447e-02;2.300784e-01;3.607091e-01;1.073925e+00;2.137333e+00;3.772105e+01;3.931727e+00;-1.544658e+01;5.022881e+00;2.309688e+01;5.208406e+00;1.033141e+01;7.293943e+00;5.931708e+00;5.036898e+00;1.131128e+00;7.250179e+00;2.414954e+00;7.031133e+00;2.013959e+01;6.861426e+00;-2.391039e+00;8.403224e+00;-5.504419e+00;8.913662e+00;1.529337e+01;5.640370e+00;1.503338e+00;7.133621e+00;4.634223e+00;3.426534e+00;6.804324e+00;3.681625e-06;1.403002e-07;1.965437e-08;9.583488e-10;3.790756e-08;1.053552e-09;5.197558e-08;-1.914013e-09;2.953431e-07;-2.533879e-08;4.864908e-06;-4.985629e-08;9.506196e-02;4.216325e-03;3.790299e-02;-2.905729e-04;1.751102e-03;8.858256e-05;9.829688e-04;1.262283e-04;5.708901e-04;-3.362689e-04;2.386205e-03;2.071645e-05;1.054210e-02;3.924099e-04;2.347277e-02;4.828506e-04;5.530503e-02;-1.012714e-03;5.002053e-02;1.613940e-03;3.165301e-02;-2.413214e-05;5.448797e-02;-3.001700e-03;6.460835e-02;-1.813479e-03;9.405819e-02;5.435878e-03;4.912340e-02;-6.799484e-03;5.216657e-02;-1.026351e-02;5.272704e-02;-8.269977e-03;9.904424e-02;1.277543e-03;9.692842e-02;-1.122426e-03;8.082268e-02;5.079566e-03;9.226351e-02;-2.361282e-03;1.310029e-01;3.726919e-04;1.308994e-01;5.165461e-03;1.016532e-01;6.032208e-03;6.746200e-02;-3.525846e-03;7.441714e-02;3.219361e-03;3.919797e-02;2.331714e-03;3.606835e-02;1.715241e-03;2.213622e-02;-7.722788e-04;1.531741e-02;-1.391391e-03;1.391784e-01;7.488239e-03;9.972918e-02;1.919682e-03;3.353500e+00;3.301758e-01;2.914690e+00;3.445312e-01;1.971515e+01;5.167969e-01;1.039602e+02;3.043359e+00;4.469274e-02;5.856211e-03;1.866702e+01;6.827589e-01;8.040521e-02;3.586803e-03;2.721393e+04;1.002094e+03;3.579287e-01;4.388761e-03;1.014854e+01;1.914970e-01;3.143228e-02;-1.960309e-03;1.396363e-02;5.390405e-04;1.057738e-01;6.891677e-03;6.303244e-01;-1.255913e-02;1.114896e+00;-3.008644e-03;1.263080e+00;6.243381e-02;1.401303e+00;-1.397081e-01;2.173727e+00;-6.593057e-02;1.663565e+00;8.058783e-02;1.843446e+00;1.953016e-01;2.006262e+00;-6.276215e-02;2.047892e+00;-1.483006e-01;1.864214e+00;-2.233446e-01;2.664145e+00;2.452313e-01;1.793319e+00;3.570224e-02;2.453343e+00;-1.653589e-01;1.421692e+00;7.642440e-04
248.000000;3.006600e+01;8.250836e+01;2.463502e-02;7.952209e-01;8.654083e-02;3.597648e-02;8.771694e-02;4.419629e-02;6.092643e-02;9.054273e-02;3.952048e+00;1.084664e+01;2.909931e-01;2.579639e+00;1.228470e-01;1.001849e+00;2.395591e-02;1.685300e-01;6.636669e-03;2.634669e-02;2.519901e-02;1.266804e-01;2.547993e-02;2.731618e-01;3.293831e-02;4.205045e-01;5.491941e-02;5.510134e-01;1.670506e-01;7.150444e-01;1.388283e-01;7.975166e-01;8.870755e-02;8.476871e-01;1.646820e-01;9.167428e-01;1.856222e-01;9.926950e-01;2.738931e-01;1.066529e+00;1.878418e-01;1.142904e+00;3.144186e-01;1.264447e+00;2.860602e-01;1.307636e+00;2.528397e-01;1.253061e+00;3.299094e-01;1.341535e+00;2.630746e-01;1.395405e+00;3.008805e-01;1.441638e+00;4.035169e-01;1.437964e+00;5.093755e-01;1.465292e+00;5.033160e-01;1.426504e+00;2.059584e-01;1.303817e+00;2.143676e-01;1.224906e+00;1.336948e-01;1.102215e+00;1.081262e-01;9.255069e-01;7.124734e-02;7.265404e-01;4.985755e-02;5.811357e-01;4.381739e-01;1.529223e+00;3.469062e-01;8.600642e-01;4.861907e+01;9.130078e+01;8.792991e+01;1.276201e+02;1.928610e+02;3.066328e+02;4.378506e+02;9.644004e+02;2.331542e-01;9.806806e-01;1.304180e+02;3.317526e+02;4.561841e-01;3.205490e+00;1.111181e+05;2.691106e+05;1.264589e+00;3.429519e+00;3.184892e+01;3.239672e+01;3.374536e-01;-1.368937e+00;1.088655e-01;2.938469e-01;3.564797e-01;1.279664e+00;2.295886e+00;3.783073e+01;3.998020e+00;-1.666904e+01;4.727108e+00;2.195427e+01;6.929637e+00;1.032811e+01;5.813364e+00;2.941855e+00;6.700265e+00;-2.678068e+00;6.732338e+00;2.659003e+00;7.147321e+00;1.593958e+01;9.046108e+00;1.554922e+00;6.029158e+00;-8.435170e+00;1.113993e+01;1.877464e+01;8.161045e+00;-1.280877e+00;8.249835e+00;2.784299e+00;4.498626e+00;5.951246e+00;1.065467e-04;1.292037e-05;7.217773e-08;-9.116446e-09;4.349180e-07;-8.749685e-09;3.709774e-07;-1.571030e-08;2.873097e-07;-1.661792e-08;1.039777e-05;-1.124619e-06;8.255136e-02;-2.468901e-03;3.318406e-02;-4.317970e-04;6.346229e-03;-8.066265e-04;1.520888e-03;8.591586e-05;6.849177e-03;-6.722546e-04;9.489940e-03;-3.806691e-04;1.139023e-02;2.241948e-05;1.841659e-02;-4.540456e-04;5.835089e-02;-1.633925e-03;3.863254e-02;-5.887717e-04;2.842127e-02;-7.544393e-04;6.142133e-02;-2.959827e-03;6.968030e-02;-3.283234e-03;7.327587e-02;5.652605e-03;4.054487e-02;-2.626533e-04;5.912194e-02;-2.314560e-03;6.250159e-02;-3.441459e-03;6.302793e-02;-8.090371e-04;8.336552e-02;9.361012e-04;6.421585e-02;5.646393e-04;9.481896e-02;2.078438e-03;1.156199e-01;1.111101e-04;1.229552e-01;-8.360569e-04;1.131827e-01;-3.625299e-04;6.392232e-02;1.499424e-03;6.469426e-02;6.810089e-04;4.276611e-02;-4.064060e-04;4.147582e-02;-2.619286e-03;2.585603e-02;-1.019376e-03;1.648623e-02;2.605208e-05;1.418514e-01;-1.567091e-03;9.694576e-02;6.309567e-04;1.230955e+01;1.363770e+00;2.047597e+01;2.210742e+00;4.826022e+01;7.321289e+00;1.237969e+02;7.263867e+00;8.797427e-02;-1.623861e-03;3.222154e+01;3.524307e+00;1.008384e-01;1.116122e-02;3.047799e+04;1.802521e+03;3.202841e-01;-2.013475e-02;8.283586e+00;-2.655797e-01;8.889610e-02;1.111851e-02;2.598578e-02;3.039507e-03;1.122932e-01;-8.661607e-04;7.668957e-01;-1.409919e-02;1.096003e+00;-5.650419e-02;1.328069e+00;-5.332045e-02;1.539725e+00;-3.071463e-03;1.804660e+00;-8.026018e-02;1.993204e+00;-1.165334e-01;1.792423e+00;-1.228855e-01;2.164684e+00;-2.725935e-01;2.065643e+00;1.242679e-03;1.957634e+00;7.489159e-02;2.180349e+00;-8.475358e-02;2.139219e+00;-1.249801e-01;2.486354e+00;-7.999863e-02;1.727657e+00;-1.530524e-01
248.500000;4.582967e+01;1.102900e+02;2.492814e-02;7.752331e-01;1.072713e-01;9.206340e-02;1.054506e-01;9.109651e-02;6.754053e-02;1.069146e-01;3.136033e+00;7.030430e+00;2.206792e-01;2.514797e+00;1.221472e-01;1.033097e+00;3.440307e-02;1.372699e-01;6.875978e-03;2.829302e-02;4.370222e-02;1.298809e-01;3.866732e-02;2.806512e-01;4.273031e-02;4.175298e-01;6.647222e-02;5.517778e-01;1.574035e-01;6.831800e-01;1.359529e-01;7.596629e-01;1.146664e-01;8.555087e-01;1.542071e-01;9.469813e-01;1.739831e-01;9.878867e-01;2.457478e-01;1.089248e+00;1.522664e-01;1.153984e+00;2.896183e-01;1.215954e+00;2.496942e-01;1.231883e+00;2.560193e-01;1.264273e+00;2.135772e-01;1.317595e+00;2.413980e-01;1.419857e+00;2.244266e-01;1.499074e+00;2.807696e-01;1.492398e+00;5.288679e-01;1.573504e+00;4.919207e-01;1.516792e+00;2.930503e-01;1.436820e+00;6.764609e-01;1.475133e+00;3.319251e-01;1.185744e+00;1.954101e-01;9.801661e-01;1.116743e-01;7.841051e-01;7.982895e-02;6.109401e-01;4.910916e-01;1.399420e+00;2.485433e-01;7.196707e-01;6.071871e+01;1.335059e+02;1.209936e+02;2.065752e+02;2.537527e+02;4.616719e+02;3.521399e+02;1.138102e+03;2.564306e-01;9.510527e-01;1.364965e+02;4.229695e+02;4.900057e-01;3.617054e+00;8.664364e+04;2.992832e+05;7.484671e-01;2.898257e+00;7.963522e+00;1.953469e+01;4.469502e-01;-9.452409e-01;1.198009e-01;3.809288e-01;3.789836e-01;1.289564e+00;3.895836e+00;3.576973e+01;4.227581e+00;-1.583099e+01;6.762044e+00;1.847077e+01;6.738452e+00;7.216458e+00;5.828365e+00;4.255182e+00;6.804789e+00;-4.067969e+00;8.123490e+00;3.037807e+00;1.120291e+01;6.266527e+00;8.579771e+00;3.324388e+00;5.338205e+00;-9.046773e+00;1.382457e+01;1.298584e+01;7.040163e+00;-4.458536e+00;9.024755e+00;2.858724e+00;6.100681e+00;3.970886e+00;1.544113e-04;5.205894e-06;1.005222e-07;-1.789981e-09;5.556174e-07;-1.232187e-08;5.023559e-07;-1.223130e-08;3.242681e-07;7.197947e-10;1.105847e-05;-2.955159e-07;5.667001e-02;-1.908065e-04;3.209358e-02;4.053689e-05;7.608490e-03;-2.431100e-04;1.640049e-03;-3.880070e-05;9.578346e-03;3.094593e-04;1.166251e-02;3.530515e-04;1.146350e-02;5.052030e-04;2.280299e-02;3.805035e-05;5.448337e-02;-7.071038e-04;2.695327e-02;-3.847200e-04;3.700114e-02;1.743658e-04;4.944710e-02;2.397380e-03;5.520429e-02;2.582067e-03;6.338634e-02;-5.842193e-03;4.845349e-02;2.936605e-03;6.060733e-02;6.500834e-03;5.479147e-02;3.097549e-03;5.046679e-02;1.729015e-03;5.196008e-02;2.437883e-03;4.090427e-02;-5.245544e-03;7.767814e-02;8.056668e-04;6.578564e-02;1.006647e-03;1.124708e-01;-2.079555e-03;1.008336e-01;-3.686092e-03;8.296005e-02;5.348080e-04;1.464030e-01;-3.428586e-03;8.934083e-02;-2.061711e-03;5.690723e-02;-1.454643e-03;3.422070e-02;3.046445e-05;2.055708e-02;5.050626e-04;1.497162e-01;-1.121212e-03;5.631375e-02;2.546957e-04;1.572019e+01;3.301758e-01;3.183154e+01;4.593750e-01;5.942675e+01;1.995410e+00;1.082122e+02;4.033887e+00;9.601119e-02;-3.238952e-03;3.636279e+01;9.620683e-01;1.187864e-01;4.498696e-03;2.654177e+04;-3.770195e+01;1.955311e-01;-1.471831e-02;3.255283e+00;-3.303838e-01;1.016310e-01;4.477520e-03;3.003088e-02;9.702148e-04;1.199955e-01;6.670722e-03;8.536990e-01;-1.528973e-02;8.443642e-01;2.140246e-02;1.357402e+00;-9.312011e-02;1.457914e+00;8.748455e-02;1.495646e+00;5.714434e-02;2.053480e+00;-4.322868e-02;1.556187e+00;-3.908841e-02;1.725180e+00;-8.103146e-02;1.756507e+00;1.641327e-01;1.823366e+00;-3.058220e-02;2.075529e+00;-3.366164e-01;1.954293e+00;-5.876264e-02;2.280453e+00;9.772515e-02;1.648699e+00;3.810106e-02
249.000000;6.360899e+01;1.511736e+02;1.956820e-02;7.707130e-01;8.850054e-02;1.204273e-01;9.375571e-02;1.079624e-01;8.828026e-02;1.476307e-01;3.484935e+00;5.352687e+00;2.544094e-01;2.531562e+00;1.226711e-01;1.034893e+00;2.608219e-02;1.252322e-01;9.960694e-03;2.958554e-02;4.633308e-02;1.217076e-01;5.119643e-02;2.719837e-01;6.301326e-02;4.328014e-01;7.781871e-02;5.801356e-01;1.573794e-01;6.788577e-01;1.243193e-01;7.597067e-01;1.270703e-01;8.907167e-01;1.493304e-01;9.680209e-01;2.266325e-01;1.032787e+00;1.681509e-01;1.106660e+00;1.664046e-01;1.115377e+00;1.860936e-01;1.131783e+00;2.000450e-01;1.204336e+00;2.788126e-01;1.286584e+00;2.818531e-01;1.378687e+00;1.248887e-01;1.383843e+00;1.571677e-01;1.552942e+00;2.618906e-01;1.582743e+00;4.614304e-01;1.591395e+00;3.219525e-01;1.503540e+00;2.656081e-01;1.487855e+00;6.885896e-01;1.450123e+00;3.617496e-01;1.125814e+00;2.267579e-01;9.121814e-01;1.314426e-01;7.447897e-01;8.736091e-02;6.118507e-01;5.898320e-01;1.542677e+00;2.210745e-01;5.996115e-01;8.142715e+01;1.749932e+02;1.549808e+02;2.764863e+02;3.167502e+02;5.575664e+02;4.835146e+02;1.164946e+03;1.849356e-01;9.308184e-01;1.846286e+02;4.772546e+02;5.332574e-01;3.788266e+00;1.120407e+05;2.961755e+05;1.208147e+00;3.159935e+00;1.888096e+01;2.596364e+01;3.214462e-01;-7.725596e-01;1.528532e-01;4.328989e-01;4.756526e-01;1.470087e+00;3.256670e+00;3.451191e+01;6.634967e+00;-1.567918e+01;5.692069e+00;1.801293e+01;7.724706e+00;2.294770e+00;6.989794e+00;3.495907e+00;6.832423e+00;-2.488002e+00;8.947624e+00;2.918112e+00;6.614813e+00;-8.251011e-02;7.535053e+00;-2.214631e-01;7.640078e+00;-8.790577e+00;7.733222e+00;-3.101773e-02;6.100893e+00;-2.747874e+00;7.352936e+00;1.608104e+00;5.153501e+00;1.554442e+00;1.669167e-04;-9.334790e-06;8.595020e-08;1.912687e-09;4.793756e-07;4.500524e-08;4.928801e-07;4.749348e-08;3.580645e-07;1.949332e-08;1.079689e-05;1.477911e-07;6.088381e-02;3.889896e-03;3.065831e-02;-4.604293e-04;5.972090e-03;5.219815e-04;1.587536e-03;-5.568153e-05;8.794778e-03;6.691032e-04;1.034916e-02;3.839679e-04;1.232568e-02;6.148603e-05;2.183020e-02;9.298361e-04;5.368849e-02;-2.877234e-04;2.843864e-02;2.150141e-04;4.437567e-02;1.679163e-04;4.213668e-02;-4.240074e-04;6.006026e-02;-1.315256e-03;4.859377e-02;-1.122636e-03;6.033714e-02;-1.523491e-03;6.325564e-02;-2.354776e-03;5.192126e-02;-2.781994e-03;6.501479e-02;1.046543e-04;7.189303e-02;-1.471701e-03;3.700596e-02;-6.786977e-04;5.166215e-02;-3.858173e-03;6.615714e-02;-1.165740e-03;1.043421e-01;2.350628e-03;7.333769e-02;2.256745e-03;7.398659e-02;-1.955462e-03;1.455176e-01;-6.365523e-04;8.919716e-02;4.564811e-04;5.074760e-02;-3.781922e-04;3.189668e-02;1.179777e-04;2.115708e-02;2.694287e-04;1.309303e-01;1.125297e-02;6.062115e-02;-1.077872e-03;1.742919e+01;-3.588867e-01;3.376820e+01;-1.019238e+00;6.561909e+01;-5.713477e+00;1.056396e+02;-6.258985e+00;7.753216e-02;7.885741e-03;3.681739e+01;-2.172736e+00;1.215736e-01;-5.887701e-03;2.743941e+04;-1.455741e+03;2.568685e-01;2.055043e-02;4.804944e+00;2.446237e-01;8.289054e-02;-7.500528e-03;2.988032e-02;-1.681860e-03;1.091664e-01;2.962016e-03;7.533251e-01;-1.270238e-02;1.090487e+00;6.563054e-02;1.137276e+00;2.652171e-02;1.463399e+00;-1.304103e-01;1.757286e+00;1.874470e-02;2.118896e+00;7.760447e-02;2.072974e+00;1.367985e-01;1.565136e+00;2.910470e-02;1.690933e+00;-9.091114e-02;2.059790e+00;-4.587516e-02;2.279716e+00;-1.717757e-03;1.771378e+00;7.004460e-02;2.043694e+00;-6.988846e-02;1.145300e+00;1.107686e-01
249.500000;6.126824e+01;1.404294e+02;1.319170e-02;7.724950e-01;1.118635e-01;1.358265e-01;1.318309e-01;1.270553e-01;8.918156e-02;1.530341e-01;3.214642e+00;5.888018e+00;2.501269e-01;2.688921e+00;1.010936e-01;1.012983e+00;2.315225e-02;1.441054e-01;1.021111e-02;3.009952e-02;5.772746e-02;1.444798e-01;5.673517e-02;2.832561e-01;5.874626e-02;4.307829e-01;7.904031e-02;5.696368e-01;1.379017e-01;6.738956e-01;1.002305e-01;8.043432e-01;1.055401e-01;8.642415e-01;1.856135e-01;9.176537e-01;2.212792e-01;9.849646e-01;1.717777e-01;1.039701e+00;1.968817e-01;1.130503e+00;2.207475e-01;1.189561e+00;2.224631e-01;1.292824e+00;2.493526e-01;1.346696e+00;2.936890e-01;1.415869e+00;1.780022e-01;1.414856e+00;1.498925e-01;1.463248e+00;2.673291e-01;1.533413e+00;4.124345e-01;1.535006e+00;3.160494e-01;1.518571e+00;1.789007e-01;1.387675e+00;2.050109e-01;1.164759e+00;3.242284e-01;1.039648e+00;2.679840e-01;9.014333e-01;1.185013e-01;7.083333e-01;6.701943e-02;5.822001e-01;5.188668e-01;1.810729e+00;2.931809e-01;7.520120e-01;8.319933e+01;1.510195e+02;1.496423e+02;2.344248e+02;3.098349e+02;4.671270e+02;5.175699e+02;1.146428e+03;2.448773e-01;1.016438e+00;1.823827e+02;4.424992e+02;5.007683e-01;3.626002e+00;1.282032e+05;3.008917e+05;1.155308e+00;3.222323e+00;1.935414e+01;2.640758e+01;3.213558e-01;-1.006172e+00;1.486422e-01;3.974522e-01;4.425009e-01;1.954688e+00;1.972250e+00;3.566142e+01;6.119163e+00;-1.652042e+01;5.697150e+00;2.205794e+01;7.977882e+00;3.698604e+00;6.368040e+00;2.624609e+00;6.592061e+00;-2.502584e+00;8.526258e+00;3.593385e+00;7.626145e+00;5.660853e+00;8.953511e+00;1.341466e+00;7.799236e+00;-9.806280e+00;8.821787e+00;1.006668e+00;4.380750e+00;-4.413414e+00;7.214178e+00;1.386946e+00;5.220376e+00;1.952137e+00;1.530478e-04;1.196084e-05;5.832315e-08;-6.029598e-09;5.146659e-07;3.328957e-08;5.309076e-07;3.879895e-08;3.407161e-07;1.635485e-08;1.053890e-05;-8.283733e-07;7.004776e-02;-6.076113e-04;2.778135e-02;-3.439626e-04;6.299609e-03;-4.875403e-04;1.715406e-03;2.257496e-04;1.334585e-02;-6.689272e-04;1.147238e-02;-8.816238e-04;1.218462e-02;-7.711356e-04;1.802528e-02;-4.650147e-04;3.987845e-02;5.149674e-04;2.604497e-02;-5.065945e-04;3.526770e-02;-5.895845e-04;4.658334e-02;-2.627403e-03;5.755445e-02;-2.486442e-03;4.638936e-02;-8.846097e-05;6.403530e-02;-3.311935e-03;7.319327e-02;-3.094198e-03;7.035856e-02;-1.442047e-03;7.547569e-02;1.573112e-03;8.596747e-02;2.693735e-03;4.633393e-02;3.592181e-03;3.101755e-02;-1.026878e-03;5.469996e-02;-3.396515e-04;9.706050e-02;-1.219769e-03;7.414366e-02;2.148355e-03;6.137626e-02;3.628320e-04;5.290895e-02;2.406388e-03;7.740515e-02;-6.795575e-04;5.276972e-02;-6.551719e-04;2.892198e-02;-5.261821e-04;1.774300e-02;-8.540031e-04;1.153465e-01;-4.003561e-03;8.908866e-02;8.909425e-04;1.701542e+01;1.119727e+00;2.972821e+01;2.368652e+00;8.190733e+01;1.030723e+01;1.332965e+02;7.924219e+00;8.752082e-02;-7.542860e-04;3.952420e+01;4.214486e+00;1.157293e-01;7.469939e-03;3.120436e+04;3.527825e+03;2.839232e-01;-1.495961e-02;4.988512e+00;-1.359097e-01;9.447793e-02;5.679372e-03;3.110272e-02;2.971715e-03;1.233915e-01;-8.955556e-03;5.452594e-01;-2.099228e-02;1.115551e+00;-1.039688e-01;9.223955e-01;1.001021e-01;1.370369e+00;-9.056181e-02;1.786448e+00;-1.739956e-01;1.984796e+00;-1.761212e-01;2.245010e+00;-2.329366e-02;1.998699e+00;2.672282e-02;2.146906e+00;-1.381166e-01;1.899599e+00;-2.587349e-03;2.078441e+00;9.364769e-02;1.621936e+00;-4.255987e-02;2.364966e+00;-6.998578e-02;1.470866e+00;-3.105967e-02
250.000000;3.651963e+01;1.144120e+02;2.356174e-02;7.596432e-01;1.081246e-01;1.394510e-01;1.328515e-01;1.336553e-01;1.229154e-01;1.844765e-01;2.040144e+00;5.977645e+00;2.425057e-01;2.754843e+00;9.196747e-02;1.016500e+00;2.875324e-02;1.399394e-01;8.037299e-03;3.394810e-02;7.761983e-02;1.611159e-01;5.725341e-02;2.926876e-01;3.952339e-02;4.191715e-01;5.670990e-02;5.347115e-01;1.005533e-01;6.506138e-01;8.350047e-02;7.723315e-01;8.722646e-02;8.377396e-01;1.872038e-01;9.469668e-01;2.067722e-01;1.027537e+00;1.990109e-01;1.058122e+00;2.440658e-01;1.159187e+00;2.057088e-01;1.228202e+00;1.895343e-01;1.255525e+00;2.207645e-01;1.309302e+00;2.745634e-01;1.376291e+00;2.318552e-01;1.405406e+00;1.611474e-01;1.410396e+00;2.828102e-01;1.514546e+00;3.818893e-01;1.527138e+00;2.578297e-01;1.498106e+00;2.452201e-01;1.380518e+00;2.056773e-01;1.223066e+00;3.159585e-01;1.104842e+00;2.598392e-01;9.594744e-01;1.161186e-01;7.628524e-01;7.333390e-02;6.131645e-01;4.658428e-01;1.549370e+00;2.766591e-01;9.037935e-01;6.719463e+01;1.510195e+02;1.252633e+02;2.325586e+02;3.819162e+02;6.111123e+02;4.294664e+02;1.346974e+03;2.783449e-01;1.034513e+00;1.745332e+02;5.009799e+02;4.303089e-01;3.738363e+00;1.228385e+05;3.675369e+05;8.486664e-01;2.590146e+00;1.029786e+01;1.675286e+01;3.850484e-01;-9.565563e-01;1.377683e-01;4.383923e-01;5.662028e-01;1.798066e+00;2.157922e+00;3.471896e+01;4.810200e+00;-1.859390e+01;5.838669e+00;2.147143e+01;4.973923e+00;4.910213e+00;6.875206e+00;2.913965e+00;8.555209e+00;-1.736847e+00;9.229030e+00;2.153958e+00;9.564167e+00;6.114471e+00;7.230204e+00;1.802764e+00;6.559450e+00;-1.338711e+01;9.490172e+00;1.858524e+00;5.738240e+00;-8.485069e+00;6.980612e+00;8.901818e-01;6.042710e+00;2.247503e+00;1.672085e-04;1.352152e-05;5.496560e-08;2.962749e-09;4.690052e-07;-4.207197e-08;5.284978e-07;-4.404527e-08;4.901719e-07;4.445128e-09;8.335455e-06;-3.161497e-07;6.812650e-02;-1.612031e-03;2.601521e-02;-3.186018e-04;7.320676e-03;-5.303486e-04;1.383865e-03;1.169060e-04;1.849936e-02;-6.457458e-04;1.219167e-02;-7.082762e-04;1.059793e-02;-7.995929e-04;1.506101e-02;-1.039479e-03;2.320906e-02;-2.154837e-04;2.462582e-02;-5.256690e-05;2.618358e-02;-3.784803e-05;5.353007e-02;-1.614372e-03;6.456310e-02;-1.499058e-03;4.498270e-02;-3.816431e-03;7.230067e-02;2.306506e-03;6.157511e-02;3.029765e-03;6.359862e-02;1.095223e-03;7.882409e-02;7.367365e-04;9.287797e-02;-1.686192e-04;4.816592e-02;-3.523144e-03;3.369751e-02;4.124793e-04;5.074072e-02;4.831882e-04;9.326512e-02;-9.334036e-05;6.322493e-02;-1.124353e-03;6.695788e-02;9.703119e-04;5.464319e-02;-2.845522e-03;8.017372e-02;-1.229902e-03;5.465879e-02;7.841949e-05;3.143245e-02;1.292420e-03;1.905491e-02;7.250279e-04;1.002900e-01;-1.173313e-02;9.275443e-02;1.318674e-03;1.409014e+01;4.593750e-01;2.779190e+01;1.564746e+00;9.060350e+01;6.861914e+00;1.269412e+02;7.766309e+00;9.481454e-02;-9.499405e-03;3.906806e+01;2.973750e+00;9.757461e-02;8.315284e-03;3.330693e+04;2.282149e+03;2.160418e-01;-1.930308e-02;2.644421e+00;-2.276605e-01;1.034692e-01;7.560159e-03;2.945034e-02;2.273101e-03;1.352656e-01;-3.032838e-03;5.899528e-01;-2.617424e-02;8.944706e-01;-4.371464e-02;1.088044e+00;-3.732279e-02;1.364524e+00;4.568359e-02;1.707916e+00;-5.860621e-02;2.049231e+00;1.695566e-02;2.166140e+00;-2.198278e-01;2.603403e+00;9.544318e-02;1.840045e+00;1.018011e-01;1.864732e+00;-4.183391e-02;2.354044e+00;-3.020941e-02;1.437312e+00;-1.150366e-01;2.415521e+00;4.450856e-03;1.563649e+00;-2.823052e-02
250.500000;8.161185e+01;1.434370e+02;2.839639e-02;7.569201e-01;8.239891e-02;9.305149e-02;8.849894e-02;9.046920e-02;1.310922e-01;1.906558e-01;7.074429e+00;3.681512e+00;1.839208e-01;2.789475e+00;6.624278e-02;1.022834e+00;3.091740e-02;1.302598e-01;9.026948e-03;3.616780e-02;9.850425e-02;1.526757e-01;6.203181e-02;2.714226e-01;4.480589e-02;4.268371e-01;6.353512e-02;5.621165e-01;1.185608e-01;6.639063e-01;7.614331e-02;7.657619e-01;1.083675e-01;8.339758e-01;1.371301e-01;9.596171e-01;1.949807e-01;1.064756e+00;2.328541e-01;1.095422e+00;2.491304e-01;1.131600e+00;2.103414e-01;1.192104e+00;1.748644e-01;1.209426e+00;2.266211e-01;1.289769e+00;2.108756e-01;1.310085e+00;1.993281e-01;1.398678e+00;1.379402e-01;1.441867e+00;2.024850e-01;1.497020e+00;2.889255e-01;1.511267e+00;3.034520e-01;1.457709e+00;2.692261e-01;1.406859e+00;2.465004e-01;1.372317e+00;2.264090e-01;1.164946e+00;1.744290e-01;9.865121e-01;1.158358e-01;7.949903e-01;6.896214e-02;6.320416e-01;3.863645e-01;1.523630e+00;2.597834e-01;9.279762e-01;8.063379e+01;1.937988e+02;1.625959e+02;3.079248e+02;3.899591e+02;7.894072e+02;3.885803e+02;1.437987e+03;2.485045e-01;1.060378e+00;1.853798e+02;5.850279e+02;4.289778e-01;3.946710e+00;8.949381e+04;3.990928e+05;8.702320e-01;2.372292e+00;7.595335e+00;1.453791e+01;4.173410e-01;-8.308616e-01;1.548900e-01;5.100221e-01;4.401036e-01;1.414398e+00;2.417900e+00;3.207387e+01;4.947766e+00;-1.907061e+01;6.138796e+00;1.747868e+01;4.377723e+00;2.331818e+00;9.225615e+00;-1.630326e-01;8.415158e+00;-5.894083e-01;1.033757e+01;-1.697337e+00;1.007461e+01;4.817773e-01;5.431821e+00;-6.348171e-01;7.868081e+00;-1.763478e+01;1.021910e+01;-1.999864e+00;8.000592e+00;-6.645236e+00;5.487568e+00;-8.705007e-02;5.450679e+00;7.861561e-01;2.166072e-04;-7.990373e-06;9.405875e-08;7.085210e-09;3.398533e-07;-3.928866e-08;3.990203e-07;-2.974805e-08;5.057015e-07;-2.594636e-08;3.388685e-05;9.536823e-07;5.474319e-02;1.523604e-03;1.701811e-02;3.098226e-04;6.977859e-03;6.216759e-04;1.173673e-03;-2.283951e-04;1.973863e-02;1.044587e-03;1.413173e-02;7.348900e-04;1.464485e-02;2.504556e-04;2.027336e-02;5.823003e-04;3.412781e-02;-4.193615e-04;2.816652e-02;-2.814063e-04;2.868639e-02;-3.226430e-04;4.894916e-02;9.394113e-07;6.725433e-02;-1.231207e-03;4.919472e-02;1.243348e-03;6.612768e-02;6.236864e-03;5.320502e-02;-7.550385e-04;5.757013e-02;1.008878e-03;7.444346e-02;-1.506072e-03;7.607533e-02;-3.885778e-03;5.052575e-02;-4.026375e-03;3.153972e-02;-2.708688e-04;3.965264e-02;-1.842066e-03;6.907427e-02;7.182912e-04;6.767412e-02;-9.526733e-04;4.967461e-02;3.147187e-03;5.045302e-02;-1.394628e-04;5.290996e-02;3.355474e-03;3.143737e-02;4.001561e-03;2.443383e-02;-6.529739e-04;2.079494e-02;2.016511e-03;1.310260e-01;5.590649e-04;9.132741e-02;-2.012855e-03;1.565899e+01;-1.536035e+00;3.072825e+01;-2.971582e+00;7.761541e+01;-1.236006e+01;9.648720e+01;-1.227393e+01;9.424897e-02;1.779662e-03;3.528685e+01;-5.099507e+00;8.560943e-02;-1.006088e-02;2.809754e+04;-3.432297e+03;1.859823e-01;2.374805e-02;2.058853e+00;2.016437e-01;9.949263e-02;-8.129298e-03;2.723758e-02;-3.865292e-03;1.291014e-01;-3.728864e-03;5.716985e-01;-3.325823e-02;9.314125e-01;1.246596e-01;1.279868e+00;-7.719830e-02;1.566259e+00;8.352609e-02;1.568754e+00;2.083324e-01;2.038403e+00;1.522269e-01;2.297794e+00;7.687812e-02;2.655220e+00;-5.026286e-02;1.472439e+00;1.576394e-01;2.117095e+00;2.946465e-02;2.550478e+00;2.287713e-02;1.548364e+00;1.088528e-01;1.944105e+00;4.026754e-02;1.412546e+00;-5.643441e-04
251.000000;8.147156e+01;1.298398e+02;2.894606e-02;7.697940e-01;1.087368e-01;5.279622e-02;1.530973e-01;8.179771e-02;9.774300e-02;1.257171e-01;7.874908e+00;5.578250e+00;1.733244e-01;2.871540e+00;5.844196e-02;1.024719e+00;3.128911e-02;1.416123e-01;1.154817e-02;3.402998e-02;8.136025e-02;1.438109e-01;4.827977e-02;2.599873e-01;4.045187e-02;4.209270e-01;7.697967e-02;5.770570e-01;1.559697e-01;7.187204e-01;1.207949e-01;7.696697e-01;1.061495e-01;8.369894e-01;1.349259e-01;9.445424e-01;1.619519e-01;1.009715e+00;1.904884e-01;1.049590e+00;2.513650e-01;1.143898e+00;1.993131e-01;1.146834e+00;1.716209e-01;1.214603e+00;2.563176e-01;1.335808e+00;1.809079e-01;1.317285e+00;1.572582e-01;1.386723e+00;1.059680e-01;1.451872e+00;1.455758e-01;1.464371e+00;1.723936e-01;1.468459e+00;3.104132e-01;1.520010e+00;1.983523e-01;1.506770e+00;2.574690e-01;1.338328e+00;2.151641e-01;1.170107e+00;1.771804e-01;9.781061e-01;1.513014e-01;7.932431e-01;8.898922e-02;6.752683e-01;4.868200e-01;1.630316e+00;2.517946e-01;9.062385e-01;1.017619e+02;1.794434e+02;2.116980e+02;2.945742e+02;4.021242e+02;6.721230e+02;4.602107e+02;1.291562e+03;2.365364e-01;1.041208e+00;2.217584e+02;5.346339e+02;5.627995e-01;3.861031e+00;1.192585e+05;3.781342e+05;1.038333e+00;2.939344e+00;1.211431e+01;2.201318e+01;4.384789e-01;-9.842806e-01;1.863569e-01;4.686117e-01;3.334452e-01;1.419370e+00;2.426599e+00;2.955865e+01;4.136699e+00;-1.481740e+01;5.787764e+00;1.551487e+01;4.834366e+00;2.776839e+00;1.122392e+01;3.366425e+00;7.136678e+00;5.961811e-01;1.039733e+01;-2.041209e-01;8.068711e+00;1.998405e+00;9.899630e+00;-2.289861e+00;8.153285e+00;-1.490444e+01;8.475697e+00;-7.704443e-01;6.786252e+00;1.030680e+00;6.155851e+00;4.159127e+00;5.768720e+00;2.821291e+00;1.741163e-04;-1.620231e-06;1.012838e-07;-6.630660e-09;4.669882e-07;-4.646703e-08;6.778411e-07;6.910374e-09;3.629447e-07;-1.942798e-08;3.367156e-05;2.641408e-07;5.355124e-02;2.501370e-03;1.706560e-02;2.935889e-04;5.060045e-03;7.039954e-05;1.490790e-03;-1.511704e-06;1.431828e-02;2.566327e-04;1.183517e-02;3.120851e-04;1.652692e-02;5.976174e-04;3.108271e-02;1.368371e-03;4.376672e-02;3.591968e-04;3.706602e-02;5.886218e-04;2.898284e-02;1.023708e-03;5.221098e-02;5.539533e-04;6.387488e-02;4.970922e-04;4.593632e-02;2.838516e-03;6.215185e-02;5.808069e-04;5.548533e-02;-2.865110e-03;5.428430e-02;-8.720197e-04;6.437951e-02;1.471812e-03;5.601953e-02;1.259345e-03;5.433106e-02;2.426571e-03;3.130189e-02;-6.361523e-04;3.621528e-02;-8.085786e-04;4.897517e-02;8.512953e-04;6.688543e-02;9.305501e-04;3.893308e-02;-5.686693e-04;4.493498e-02;2.584592e-03;4.280906e-02;-2.559186e-03;2.820245e-02;6.802318e-04;2.379851e-02;-1.488987e-03;1.746539e-02;-1.748972e-03;2.071158e-01;6.204648e-03;9.002578e-02;-5.030661e-04;1.733244e+01;5.455078e-01;4.316316e+01;6.603516e-01;7.286643e+01;-1.909277e+00;8.562665e+01;1.622168e+00;6.916004e-02;8.503327e-04;3.484292e+01;2.317448e-01;9.565272e-02;1.391743e-03;2.501896e+04;3.126711e+01;2.217430e-01;5.615767e-03;2.904697e+00;6.494784e-02;7.461239e-02;-8.375508e-04;2.773517e-02;2.893292e-04;1.137560e-01;-1.317547e-04;4.538257e-01;-3.785156e-02;9.711044e-01;3.524578e-02;1.385383e+00;-3.018188e-02;1.454944e+00;-7.477044e-02;1.911528e+00;3.047010e-02;2.268101e+00;-2.543208e-02;2.065184e+00;1.025735e-01;1.996335e+00;-6.398983e-02;1.820402e+00;-2.104563e-01;1.929835e+00;1.279738e-02;2.001832e+00;9.168603e-02;1.404289e+00;1.282952e-01;1.904940e+00;5.413856e-02;1.338989e+00;-1.441792e-02
251.500000;2.500744e+01;8.670507e+01;3.097991e-02;7.821544e-01;1.978515e-01;7.469701e-02;2.062685e-01;9.860336e-02;9.171847e-02;1.196933e-01;4.115723e+00;1.006033e+01;2.072148e-01;2.931927e+00;6.952047e-02;9.992414e-01;2.935905e-02;1.570013e-01;1.071424e-02;3.074704e-02;5.401140e-02;1.471022e-01;4.786577e-02;2.685601e-01;3.963575e-02;4.202104e-01;7.081454e-02;5.697423e-01;1.431458e-01;7.039077e-01;1.233262e-01;7.750994e-01;9.303547e-02;8.603557e-01;2.006705e-01;9.361302e-01;2.248641e-01;1.011296e+00;1.700756e-01;1.084861e+00;2.169022e-01;1.172307e+00;1.603660e-01;1.211787e+00;1.474366e-01;1.272508e+00;2.896788e-01;1.323197e+00;2.992608e-01;1.413918e+00;1.379997e-01;1.331822e+00;1.325803e-01;1.386902e+00;2.223356e-01;1.459904e+00;1.776718e-01;1.493411e+00;2.322442e-01;1.488532e+00;2.440504e-01;1.321847e+00;1.547319e-01;1.147611e+00;1.258046e-01;1.006013e+00;1.726422e-01;8.649446e-01;1.409025e-01;7.128693e-01;1.475668e-01;5.954379e-01;5.702459e-01;1.738292e+00;3.296207e-01;1.024430e+00;9.360503e+01;1.396787e+02;1.960397e+02;2.149014e+02;3.430340e+02;5.360332e+02;4.821817e+02;1.281656e+03;2.038743e-01;9.994763e-01;2.032907e+02;4.663778e+02;5.518752e-01;3.703622e+00;1.339665e+05;3.672258e+05;9.132724e-01;3.040577e+00;1.307695e+01;2.328698e+01;4.168770e-01;-1.201991e+00;1.677015e-01;4.068442e-01;3.315269e-01;1.526017e+00;3.682118e+00;3.114614e+01;4.019654e+00;-1.561152e+01;4.949670e+00;1.805059e+01;5.942555e+00;4.965489e+00;8.670200e+00;8.443368e+00;7.996777e+00;2.364102e+00;7.485054e+00;-2.430120e+00;6.389877e+00;5.931193e+00;1.088242e+01;-1.719053e+00;7.444727e+00;-1.351394e+01;9.515084e+00;7.146163e+00;5.579326e+00;2.109528e+00;6.192118e+00;5.834490e+00;4.765935e+00;5.282996e+00;7.388296e-05;2.613930e-07;7.910389e-08;-6.352090e-09;7.976747e-07;-1.292662e-08;8.963610e-07;-1.650623e-08;3.846842e-07;1.449984e-08;9.206608e-06;-3.531840e-07;6.338785e-02;-3.870004e-03;1.718140e-02;-1.520132e-03;5.925766e-03;-6.995465e-04;1.497536e-03;1.269841e-04;9.833578e-03;-1.071887e-03;1.214150e-02;-1.037593e-03;1.417042e-02;-6.117097e-04;2.899830e-02;-3.471971e-04;3.562163e-02;4.108293e-04;3.512245e-02;1.121484e-03;2.291409e-02;2.570825e-03;7.227217e-02;-2.053167e-03;8.532168e-02;-2.530140e-03;5.230494e-02;-3.002382e-03;6.039543e-02;-4.753497e-03;4.847376e-02;5.042291e-04;4.020575e-02;-1.362679e-03;6.788917e-02;-9.371371e-04;7.330373e-02;-7.427626e-05;4.103543e-02;-9.224942e-04;3.734661e-02;-3.458223e-03;5.574849e-02;-2.809200e-03;5.401459e-02;-1.960964e-03;5.356836e-02;-2.365200e-03;2.539983e-02;-5.760198e-03;3.069054e-02;-1.734789e-03;2.612400e-02;-2.809588e-03;3.453130e-02;-2.782377e-03;2.500559e-02;2.643062e-05;1.122204e-02;-1.772531e-03;2.358993e-01;1.336271e-03;8.519063e-02;-3.667824e-04;1.585923e+01;1.177148e+00;4.197514e+01;2.512207e+00;7.396664e+01;8.240039e+00;9.539683e+01;9.575098e+00;4.970410e-02;-1.159097e-03;3.518220e+01;3.568845e+00;1.085128e-01;1.124625e-02;2.662993e+04;2.019994e+03;2.021298e-01;-1.812480e-02;3.090315e+00;-1.548980e-01;8.656178e-02;8.629271e-03;2.858633e-02;2.944714e-03;1.265479e-01;8.295942e-04;4.765235e-01;4.217875e-02;8.578528e-01;-8.170690e-02;1.321259e+00;-3.327009e-03;1.242829e+00;-2.128541e-02;2.069252e+00;-1.906710e-01;2.629081e+00;-1.466892e-01;2.061235e+00;-2.536167e-01;1.921539e+00;4.836178e-02;2.118653e+00;7.116310e-04;2.087488e+00;-5.665639e-02;1.707610e+00;1.376624e-01;1.500148e+00;-1.380962e-01;1.971218e+00;-3.848720e-02;1.179978e+00;6.006579e-02
252.000000;1.503813e+01;7.454955e+01;2.549212e-02;7.850148e-01;1.827479e-01;6.569414e-02;1.636929e-01;8.316378e-02;9.401666e-02;1.291915e-01;3.651185e+00;1.022219e+01;3.452071e-01;2.667353e+00;8.628677e-02;9.484099e-01;3.044822e-02;1.588218e-01;6.201082e-03;2.470900e-02;4.982643e-02;1.532318e-01;6.454578e-02;2.898150e-01;5.791600e-02;4.215081e-01;5.916343e-02;5.592600e-01;1.164751e-01;6.724644e-01;7.681627e-02;7.624701e-01;1.119572e-01;8.604189e-01;2.252362e-01;8.585691e-01;2.534747e-01;9.258707e-01;2.222636e-01;1.052384e+00;2.145601e-01;1.082934e+00;3.134791e-01;1.221498e+00;3.194832e-01;1.272328e+00;2.425190e-01;1.252732e+00;3.166633e-01;1.318864e+00;1.703469e-01;1.348045e+00;2.160001e-01;1.305829e+00;2.396456e-01;1.341992e+00;2.665158e-01;1.418638e+00;2.941966e-01;1.368058e+00;1.153293e-01;1.123788e+00;1.594829e-01;1.082116e+00;8.593079e-02;9.570253e-01;1.491117e-01;8.333156e-01;8.223557e-02;6.629294e-01;6.584051e-02;5.125741e-01;5.388362e-01;1.775316e+00;4.110951e-01;8.723701e-01;5.890625e+01;1.132646e+02;1.076652e+02;1.583408e+02;2.263433e+02;3.878848e+02;4.445840e+02;1.088145e+03;2.804508e-01;1.092643e+00;1.355687e+02;3.802449e+02;4.446099e-01;3.472577e+00;1.107264e+05;2.944402e+05;9.035488e-01;3.284197e+00;1.628884e+01;2.687732e+01;4.186880e-01;-1.240772e+00;1.141335e-01;3.391686e-01;4.932173e-01;1.471617e+00;3.582556e+00;3.621528e+01;3.786170e+00;-1.664653e+01;5.119946e+00;2.198713e+01;7.646764e+00;7.961213e+00;7.089994e+00;5.193568e+00;7.566123e+00;1.013278e+00;7.592542e+00;-4.885646e+00;7.536676e+00;8.421046e+00;9.567790e+00;3.237541e+00;8.147956e+00;-1.551850e+01;9.523239e+00;1.796140e+01;6.709588e+00;-3.921323e+00;7.271810e+00;3.344638e+00;4.558340e+00;6.561386e+00;5.532942e-05;-6.159581e-06;8.199137e-08;7.119209e-09;7.155998e-07;-1.655179e-09;6.753389e-07;-8.944188e-09;3.979960e-07;-1.445546e-08;1.096918e-05;8.093831e-07;7.640072e-02;-5.301378e-03;2.362543e-02;-4.686492e-04;9.121442e-03;6.408031e-04;1.413453e-03;-2.224742e-04;1.257092e-02;5.920185e-04;1.976068e-02;1.900493e-04;1.593249e-02;-9.720881e-04;2.043068e-02;-1.394411e-03;2.895457e-02;-3.789342e-04;2.357039e-02;-1.114027e-04;2.843899e-02;-3.782341e-04;6.903062e-02;-7.302945e-04;7.808700e-02;-8.637675e-04;6.722786e-02;-1.097070e-03;5.785709e-02;2.173875e-03;7.309856e-02;4.585537e-03;6.149279e-02;5.103217e-03;6.242223e-02;-1.299882e-03;7.298603e-02;-7.771832e-04;4.630795e-02;-1.445978e-04;5.806837e-02;-2.774786e-03;5.243137e-02;-1.344034e-03;6.540620e-02;-3.859380e-03;7.187726e-02;-2.004635e-03;3.916375e-02;-2.350722e-03;4.138431e-02;-1.540903e-03;2.482474e-02;5.291626e-04;3.066438e-02;-3.686797e-03;2.226748e-02;-5.110267e-04;1.104134e-02;8.614213e-04;2.030240e-01;-1.551482e-03;9.103952e-02;4.992788e-04;1.480288e+01;-1.952344e+00;2.704410e+01;-3.474023e+00;5.987880e+01;-6.517383e+00;1.215778e+02;-1.098193e+01;1.052134e-01;1.852460e-03;3.498541e+01;-4.641849e+00;1.275847e-01;-1.493928e-02;2.961855e+04;-2.968937e+03;2.830887e-01;1.077089e-02;5.773680e+00;1.464810e-01;1.285136e-01;-8.518440e-03;2.932025e-02;-3.952784e-03;1.522430e-01;-1.287968e-03;6.190583e-01;1.518555e-01;9.687024e-01;-2.854382e-02;1.205299e+00;9.796721e-02;1.281789e+00;2.623889e-01;1.682417e+00;9.396280e-02;2.428615e+00;-4.355307e-02;2.281089e+00;-1.118765e-01;1.959595e+00;1.927851e-01;2.381099e+00;3.045110e-01;2.433407e+00;1.677704e-01;1.790133e+00;8.001935e-02;1.726859e+00;-8.103238e-02;2.183843e+00;-2.735576e-02;1.296959e+00;1.251045e-01
252.500000;1.921648e+01;8.351000e+01;2.441812e-02;7.699281e-01;8.876032e-02;6.563456e-02;9.726082e-02;8.566941e-02;9.547631e-02;1.376186e-01;2.573177e+00;7.478812e+00;3.501830e-01;2.422387e+00;2.351386e-01;1.015810e+00;3.130637e-02;1.395988e-01;5.880139e-03;2.595364e-02;4.073704e-02;1.315244e-01;5.473145e-02;2.891310e-01;5.913058e-02;4.188296e-01;5.401774e-02;5.384166e-01;1.163861e-01;6.912146e-01;1.111762e-01;7.777207e-01;1.281488e-01;8.945606e-01;3.095857e-01;9.800755e-01;3.027706e-01;9.747234e-01;1.994656e-01;1.036952e+00;2.155016e-01;1.078289e+00;3.178825e-01;1.173074e+00;3.224568e-01;1.202518e+00;3.844323e-01;1.286288e+00;4.783100e-01;1.344569e+00;2.190768e-01;1.359283e+00;4.950850e-01;1.442585e+00;5.886052e-01;1.461936e+00;6.790631e-01;1.523612e+00;5.300764e-01;1.466571e+00;5.928078e-01;1.425261e+00;9.493807e-01;1.469982e+00;5.834874e-01;1.187376e+00;4.031371e-01;9.376600e-01;2.258442e-01;7.445133e-01;8.568349e-02;5.743989e-01;4.283964e-01;1.547574e+00;3.094583e-01;6.366191e-01;5.407193e+01;1.317832e+02;8.817332e+01;1.968135e+02;2.133149e+02;4.355449e+02;4.160203e+02;1.067760e+03;3.048867e-01;1.078350e+00;1.142870e+02;3.947683e+02;4.292749e-01;3.572442e+00;1.138610e+05;2.672823e+05;9.628536e-01;3.228944e+00;1.811046e+01;2.854689e+01;4.347851e-01;-9.733085e-01;9.709398e-02;3.608618e-01;5.328866e-01;1.384703e+00;4.694272e+00;3.901127e+01;3.810924e+00;-1.585748e+01;7.241354e+00;1.997477e+01;8.579266e+00;6.991745e+00;6.113919e+00;3.731431e+00;7.280284e+00;-3.781513e+00;1.114054e+01;-2.640486e+00;7.391533e+00;9.598422e+00;9.814268e+00;5.129371e+00;8.069459e+00;-1.337546e+01;1.275009e+01;1.387708e+01;6.985519e+00;-7.938921e+00;8.238688e+00;-4.067186e-01;3.684360e+00;7.258292e+00;4.470156e-05;5.014297e-06;7.734172e-08;6.134583e-09;3.970984e-07;-3.113068e-08;4.033701e-07;-2.687881e-09;4.608193e-07;-1.578925e-08;9.433327e-06;8.788479e-08;7.652442e-02;4.486453e-03;4.398223e-02;2.619692e-03;8.673991e-03;5.297971e-04;1.379983e-03;-8.276646e-05;9.912158e-03;7.508858e-04;1.679179e-02;1.142231e-03;1.536338e-02;7.253211e-04;1.909193e-02;-2.723869e-04;3.139361e-02;-1.021320e-04;2.522598e-02;1.167244e-03;4.515953e-02;-9.694966e-04;7.357059e-02;2.605944e-03;6.613103e-02;-1.505744e-05;6.019290e-02;4.411181e-03;5.418486e-02;1.044078e-03;7.175148e-02;8.964188e-04;6.227102e-02;-5.438798e-04;6.628472e-02;4.495016e-03;7.912429e-02;6.440420e-03;6.318231e-02;4.597377e-04;9.279338e-02;7.953668e-03;8.866175e-02;9.786894e-03;1.079200e-01;8.309464e-03;8.916046e-02;6.174251e-03;1.262299e-01;4.791752e-03;2.075032e-01;6.192350e-03;1.415417e-01;6.611148e-04;8.365900e-02;1.155915e-03;5.223342e-02;4.627444e-04;2.346063e-02;3.883375e-04;1.450603e-01;2.797547e-03;7.727540e-02;2.995447e-03;1.333668e+01;-7.321289e-01;2.316652e+01;-1.794434e+00;6.209213e+01;-5.526855e+00;1.207027e+02;-9.187500e-01;1.167448e-01;-1.959654e-03;3.317659e+01;-1.946252e+00;1.258105e-01;-7.259336e-03;3.032456e+04;-6.522042e+02;3.171397e-01;5.061413e-03;6.288527e+00;-5.435161e-04;1.252333e-01;-5.678964e-03;2.732625e-02;-1.617801e-03;1.268452e-01;9.970253e-03;9.491504e-01;1.347164e-02;1.076269e+00;3.061537e-02;1.246957e+00;8.661836e-02;1.576381e+00;-6.311490e-02;1.479626e+00;1.169807e-01;1.988349e+00;4.408891e-02;2.336575e+00;1.786224e-01;1.740406e+00;7.806025e-02;2.337695e+00;6.450967e-02;2.103292e+00;6.331844e-02;2.254963e+00;-4.967136e-02;1.753045e+00;4.147419e-02;2.220764e+00;-1.421189e-01;1.210414e+00;-3.982239e-02
253.000000;1.177716e+01;9.931343e+01;2.012880e-02;7.670327e-01;8.286826e-02;7.814682e-02;7.539733e-02;6.633190e-02;1.017257e-01;1.569861e-01;1.741109e+00;6.608636e+00;3.679735e-01;2.468674e+00;2.423288e-01;1.042533e+00;2.220915e-02;1.355433e-01;7.167089e-03;2.814311e-02;3.752947e-02;1.245283e-01;3.200128e-02;2.797412e-01;4.377679e-02;4.320965e-01;6.095420e-02;5.603331e-01;1.051351e-01;6.831696e-01;1.188219e-01;7.984074e-01;1.260484e-01;8.819987e-01;2.830538e-01;9.845509e-01;2.611727e-01;1.026448e+00;1.358097e-01;1.086594e+00;1.112930e-01;1.096954e+00;1.490612e-01;1.135334e+00;2.132405e-01;1.209427e+00;4.313731e-01;1.345599e+00;5.067161e-01;1.471630e+00;2.187292e-01;1.318685e+00;4.954637e-01;1.519418e+00;6.031550e-01;1.619677e+00;7.249057e-01;1.654095e+00;5.803719e-01;1.538986e+00;5.918343e-01;1.500147e+00;9.521567e-01;1.493783e+00;6.096009e-01;1.135837e+00;4.228514e-01;8.988228e-01;2.282730e-01;7.404945e-01;9.242062e-02;5.691088e-01;4.164505e-01;1.633503e+00;3.095580e-01;6.811414e-01;5.212814e+01;1.477178e+02;8.006903e+01;2.222227e+02;2.209000e+02;4.800469e+02;4.896225e+02;1.155759e+03;2.348715e-01;1.027996e+00;1.273758e+02;4.304975e+02;4.163904e-01;3.644744e+00;1.357554e+05;2.904962e+05;1.080580e+00;3.018623e+00;2.658961e+01;2.683226e+01;3.073662e-01;-8.912542e-01;1.010617e-01;3.904012e-01;4.564211e-01;1.536179e+00;5.186261e+00;4.020550e+01;4.717994e+00;-1.737951e+01;7.472530e+00;2.120269e+01;7.259302e+00;4.217123e+00;5.401979e+00;6.025867e+00;5.491865e+00;-6.251924e+00;1.149180e+01;-2.602319e+00;7.756583e+00;1.100886e+01;8.583758e+00;5.510457e+00;6.991103e+00;-1.342733e+01;8.901615e+00;8.870888e+00;6.631164e+00;-6.288703e+00;8.981146e+00;-8.360932e+00;4.265800e+00;4.082773e+00;3.036583e-05;3.382378e-06;5.329408e-08;-1.755442e-10;3.997382e-07;-9.301997e-09;3.097571e-07;-1.272406e-08;4.669349e-07;2.324962e-09;7.006077e-06;-7.153392e-07;7.647951e-02;2.255847e-03;4.775521e-02;1.380057e-03;5.351915e-03;-5.980990e-04;1.407929e-03;1.369363e-04;6.281633e-03;-7.743876e-04;7.401511e-03;-4.110307e-04;9.361353e-03;6.267572e-04;1.650041e-02;1.381863e-03;3.377424e-02;5.756675e-04;2.595719e-02;2.345481e-04;4.346524e-02;-2.028138e-04;6.590976e-02;2.017034e-03;6.221303e-02;3.332324e-03;3.940783e-02;3.855004e-04;3.352119e-02;-4.131778e-03;4.594897e-02;-2.405593e-03;5.912405e-02;-1.967080e-03;8.295567e-02;1.842008e-03;9.592600e-02;1.751059e-03;6.310000e-02;1.728271e-03;9.686249e-02;5.419992e-03;1.141154e-01;4.580894e-03;1.315317e-01;7.055863e-03;1.093148e-01;6.546805e-03;1.309339e-01;2.607731e-03;2.115488e-01;8.800868e-04;1.423524e-01;8.104000e-04;8.432497e-02;2.162993e-03;5.367410e-02;7.426310e-04;2.512854e-02;1.091748e-03;1.057733e-01;8.780570e-03;6.904131e-02;-1.513373e-03;9.687592e+00;1.636523e+00;1.745872e+01;2.655762e+00;5.975342e+01;4.450195e+00;1.090394e+02;8.943457e+00;6.985109e-02;1.929456e-03;2.901008e+01;3.344402e+00;1.134186e-01;9.985089e-03;2.901472e+04;2.191531e+03;3.278232e-01;-9.286404e-03;9.265286e+00;-1.590301e-01;8.684613e-02;7.713577e-03;2.304124e-02;2.875288e-03;1.246677e-01;1.543001e-03;9.604574e-01;-5.062013e-02;1.166079e+00;-5.404448e-02;1.186807e+00;3.105320e-02;1.631453e+00;-2.748181e-01;1.252579e+00;-1.382823e-01;1.611049e+00;-1.254919e-02;2.227801e+00;-4.653370e-02;1.858605e+00;-7.220614e-02;1.824910e+00;-2.510568e-01;1.642245e+00;-2.606533e-01;2.135856e+00;-6.193143e-02;1.542403e+00;4.628855e-02;1.723220e+00;-1.694631e-01;9.390113e-01;-1.507498e-01
253.500000;5.864573e+00;1.023830e+02;1.128377e-02;7.707985e-01;7.716754e-02;8.118375e-02;5.365396e-02;5.354052e-02;8.755205e-02;1.742851e-01;1.432194e+00;7.043430e+00;2.637640e-01;2.518651e+00;1.445645e-01;1.004212e+00;2.310964e-02;1.458201e-01;7.029642e-03;2.619426e-02;5.675228e-02;1.429917e-01;3.568013e-02;2.798574e-01;3.314186e-02;4.364053e-01;7.165433e-02;5.752490e-01;1.199825e-01;6.814156e-01;1.129051e-01;7.790229e-01;9.469224e-02;8.371719e-01;2.539054e-01;9.319422e-01;1.335473e-01;9.858234e-01;2.039373e-01;1.040217e+00;1.558243e-01;1.067495e+00;2.005011e-01;1.163457e+00;2.190023e-01;1.234308e+00;2.727345e-01;1.313863e+00;3.317948e-01;1.373783e+00;2.370054e-01;1.375526e+00;2.566938e-01;1.455865e+00;3.910548e-01;1.500036e+00;5.149555e-01;1.532677e+00;4.923547e-01;1.483486e+00;2.601130e-01;1.342058e+00;2.574984e-01;1.173842e+00;5.132245e-01;1.088209e+00;4.830926e-01;9.482540e-01;1.974899e-01;7.543759e-01;1.370808e-01;6.121935e-01;5.990641e-01;2.137327e+00;2.409033e-01;6.618604e-01;5.498332e+01;1.434111e+02;8.449947e+01;2.127480e+02;1.917845e+02;4.043936e+02;4.666402e+02;1.036608e+03;2.727402e-01;1.065710e+00;1.343488e+02;4.035639e+02;4.112218e-01;3.526318e+00;1.192522e+05;2.713886e+05;1.040568e+00;3.336807e+00;2.702842e+01;2.893479e+01;3.378412e-01;-1.033863e+00;1.081666e-01;3.682627e-01;5.863711e-01;1.800624e+00;3.147220e+00;3.993079e+01;6.062668e+00;-1.630744e+01;4.781661e+00;2.438527e+01;7.674120e+00;4.329912e+00;7.516007e+00;1.117987e+00;6.780766e+00;-6.345294e+00;1.071112e+01;-3.091009e+00;5.627026e+00;1.318781e+01;9.251043e+00;4.724068e+00;7.691336e+00;-1.851598e+01;6.281963e+00;9.933982e+00;5.150763e+00;-4.789508e+00;1.129463e+01;-8.171419e+00;5.791554e+00;3.172383e+00;1.098505e-05;1.177224e-07;5.625639e-08;-1.964378e-09;3.440600e-07;1.800209e-08;2.196330e-07;9.689624e-09;4.115026e-07;1.343593e-08;6.582135e-06;2.821375e-08;7.781147e-02;-2.768402e-03;3.882864e-02;-6.470885e-04;6.507040e-03;1.246566e-04;1.399631e-03;-3.791886e-05;1.278104e-02;-1.192429e-04;9.431235e-03;-2.032246e-04;8.887171e-03;-7.918381e-05;1.650292e-02;4.615554e-04;3.935107e-02;-2.622122e-04;2.703683e-02;3.347304e-04;2.541226e-02;1.108281e-03;6.276353e-02;-8.475173e-04;4.349371e-02;4.412553e-03;4.079033e-02;-5.011886e-04;4.034749e-02;-1.508980e-04;6.890945e-02;-2.020899e-03;6.561019e-02;6.452582e-05;7.454508e-02;-3.810850e-03;8.768249e-02;-4.015064e-03;6.784678e-02;1.192296e-03;6.721088e-02;-3.301492e-03;1.010912e-01;-2.362373e-03;1.202012e-01;-1.268293e-03;1.163972e-01;7.246591e-04;6.723186e-02;-1.065987e-03;7.017779e-02;-2.826021e-03;1.202483e-01;-1.377370e-03;1.027908e-01;-1.649991e-03;4.499938e-02;8.435455e-04;3.324345e-02;-1.046374e-04;1.428366e-01;5.224913e-03;7.005624e-02;-5.052795e-03;9.395367e+00;-2.296875e-01;1.638600e+01;-4.306641e-01;3.991744e+01;-1.593457e+00;1.028057e+02;-9.733007e+00;9.610540e-02;2.618407e-03;2.671702e+01;-1.487600e+00;1.039252e-01;-4.167368e-03;2.686906e+04;-1.934854e+03;3.129931e-01;1.435542e-02;9.562376e+00;1.628354e-01;1.085643e-01;-1.891057e-03;2.140221e-02;-1.063681e-03;2.011403e-01;3.401305e-04;6.779330e-01;4.191945e-02;1.279892e+00;3.198584e-02;1.324401e+00;6.023115e-03;1.627726e+00;2.052929e-03;1.535302e+00;-6.472127e-02;1.416077e+00;1.079301e-01;2.438316e+00;-4.413936e-02;1.839076e+00;5.151594e-02;1.769776e+00;-1.105406e-01;1.544252e+00;-7.115898e-02;1.807241e+00;9.415916e-04;1.549756e+00;3.000706e-02;2.051863e+00;9.689133e-02;1.413020e+00;-6.604882e-02
254.000000;1.085975e+01;1.072638e+02;1.918831e-02;7.642564e-01;7.278869e-02;1.092812e-01;6.204313e-02;8.088544e-02;8.801509e-02;1.644803e-01;1.503813e+00;7.044252e+00;2.679595e-01;2.490842e+00;1.432116e-01;1.010687e+00;2.493686e-02;1.486905e-01;4.603067e-03;2.487654e-02;5.787984e-02;1.466603e-01;3.829827e-02;2.760240e-01;2.760796e-02;4.234427e-01;7.060845e-02;5.700424e-01;1.103518e-01;6.694574e-01;1.300679e-01;7.491167e-01;1.081187e-01;8.315476e-01;2.490520e-01;9.634787e-01;1.187637e-01;1.008995e+00;1.896278e-01;1.027075e+00;1.776062e-01;1.106012e+00;2.763343e-01;1.218761e+00;1.808159e-01;1.242373e+00;2.588663e-01;1.289098e+00;3.085072e-01;1.352100e+00;2.475730e-01;1.431634e+00;2.634916e-01;1.430695e+00;4.159326e-01;1.469688e+00;4.907002e-01;1.497477e+00;4.750030e-01;1.467665e+00;2.868759e-01;1.359596e+00;3.257609e-01;1.227729e+00;4.932523e-01;1.139301e+00;4.682201e-01;9.791355e-01;1.933276e-01;7.643751e-01;1.279232e-01;6.363786e-01;5.660354e-01;2.228517e+00;2.562717e-01;6.600977e-01;5.141483e+01;1.327881e+02;6.899756e+01;1.913584e+02;1.405795e+02;3.573076e+02;3.375134e+02;9.463125e+02;3.152155e-01;1.022115e+00;9.656180e+01;3.760891e+02;3.086031e-01;3.438857e+00;8.073218e+04;2.447764e+05;6.769850e-01;3.387103e+00;1.472854e+01;2.728926e+01;3.567091e-01;-1.072934e+00;8.249537e-02;3.482353e-01;6.253372e-01;1.980886e+00;2.562263e+00;4.009370e+01;5.057734e+00;-1.572962e+01;6.431647e+00;2.367042e+01;7.543582e+00;7.849337e+00;6.313798e+00;-7.833215e-01;6.966195e+00;-4.192649e+00;1.013480e+01;-4.569078e+00;7.211822e+00;1.346333e+01;9.216256e+00;2.705213e+00;6.553184e+00;-1.931444e+01;7.148932e+00;7.881866e+00;5.732115e+00;-4.845555e+00;9.893524e+00;-3.591755e+00;6.427793e+00;6.542441e+00;4.177011e-05;2.079390e-07;7.098522e-08;-1.941107e-09;3.587118e-07;9.520114e-09;2.857406e-07;4.670588e-09;4.722056e-07;-4.622913e-09;5.748799e-06;3.140485e-07;8.131012e-02;1.781402e-03;3.957466e-02;7.969929e-04;7.594011e-03;4.505502e-04;1.264247e-03;-7.722347e-05;1.450347e-02;1.084800e-03;1.100655e-02;7.662003e-04;9.932188e-03;4.476859e-06;1.784546e-02;-5.393187e-04;3.196853e-02;-3.490562e-04;4.091594e-02;-5.809307e-04;3.706592e-02;8.671120e-05;6.194317e-02;2.679935e-03;3.893221e-02;2.564846e-03;4.052615e-02;-1.815665e-03;4.776543e-02;1.212287e-03;9.120152e-02;2.693426e-04;6.023071e-02;-2.109118e-04;7.493270e-02;1.311462e-03;8.597501e-02;1.568286e-03;6.978335e-02;1.351296e-03;6.928398e-02;1.701656e-03;1.021067e-01;2.134110e-03;1.209692e-01;8.955722e-04;1.166966e-01;1.020627e-03;7.146557e-02;3.183311e-03;7.895523e-02;4.079802e-03;1.209196e-01;1.752237e-04;1.027255e-01;-5.046325e-04;4.417649e-02;-2.530291e-04;3.386317e-02;-1.114606e-03;1.611463e-01;-1.248616e-03;8.537433e-02;1.825806e-03;1.076867e+01;-1.119727e+00;1.711660e+01;-1.794434e+00;4.356684e+01;-2.713184e+00;9.868679e+01;-5.110547e+00;1.149463e-01;-5.149131e-04;2.544880e+01;-1.975147e+00;9.181736e-02;-4.626879e-03;2.338733e+04;-1.100720e+03;2.039395e-01;3.527300e-03;4.511508e+00;2.132101e-02;1.198488e-01;-5.574526e-03;2.108390e-02;-1.676043e-03;2.123650e-01;1.191563e-02;6.050338e-01;3.244407e-02;1.071629e+00;3.529621e-02;1.734031e+00;4.827375e-02;1.787331e+00;1.143104e-01;1.775954e+00;8.217345e-02;1.278540e+00;1.071327e-01;2.516167e+00;1.603108e-01;2.294665e+00;1.384042e-01;2.096758e+00;6.849348e-02;1.394910e+00;7.832357e-02;1.958940e+00;-8.959115e-02;1.646553e+00;5.564710e-02;2.229421e+00;1.950577e-01;1.682911e+00;1.787102e-01
254.500000;1.757345e+01;1.041272e+02;2.441984e-02;7.579107e-01;1.550902e-01;1.401106e-01;1.496075e-01;1.121985e-01;8.763364e-02;1.380077e-01;2.107885e+00;6.585781e+00;2.680516e-01;2.472882e+00;1.644743e-01;1.021196e+00;2.593506e-02;1.404787e-01;5.471235e-03;2.554296e-02;5.354244e-02;1.321180e-01;3.936427e-02;2.664256e-01;3.986062e-02;4.120708e-01;5.297830e-02;5.491968e-01;1.412759e-01;6.770279e-01;1.674855e-01;7.871585e-01;1.667022e-01;8.472679e-01;1.330304e-01;9.316670e-01;1.281136e-01;1.042633e+00;2.043820e-01;1.064769e+00;1.392723e-01;1.128468e+00;2.989465e-01;1.171871e+00;1.608497e-01;1.214797e+00;2.758582e-01;1.274002e+00;2.869126e-01;1.310391e+00;2.144790e-01;1.457830e+00;2.815482e-01;1.419684e+00;3.995928e-01;1.493165e+00;4.916050e-01;1.512516e+00;5.475753e-01;1.510343e+00;3.895559e-01;1.438346e+00;8.078833e-01;1.439231e+00;3.981837e-01;1.159846e+00;2.244914e-01;9.333610e-01;1.613303e-01;7.696551e-01;6.619484e-02;6.072643e-01;4.925210e-01;2.039376e+00;2.669928e-01;6.427226e-01;6.625325e+01;1.521680e+02;1.006895e+02;2.144707e+02;2.091183e+02;4.247783e+02;3.266597e+02;9.852158e+02;2.590017e-01;1.034450e+00;1.133209e+02;4.058126e+02;3.928806e-01;3.541597e+00;6.732983e+04;2.480724e+05;7.587494e-01;3.234486e+00;9.533607e+00;2.477749e+01;3.398821e-01;-9.550421e-01;1.032643e-01;3.766213e-01;5.778879e-01;1.771661e+00;3.945531e+00;3.982050e+01;3.530414e+00;-1.683165e+01;7.552676e+00;2.142940e+01;7.319990e+00;6.406849e+00;7.586759e+00;-4.012213e-01;5.033186e+00;-2.740482e+00;9.112345e+00;-3.551812e+00;1.132831e+01;1.147725e+01;6.819640e+00;3.840911e-01;6.029467e+00;-1.711026e+01;7.776015e+00;5.743899e+00;6.846782e+00;-4.196846e+00;7.612199e+00;-1.964515e+00;6.037621e+00;6.942417e+00;7.613403e-05;-5.411194e-06;7.705517e-08;3.770019e-09;6.218244e-07;-3.734891e-09;5.464390e-07;-6.587543e-09;4.320832e-07;-1.167786e-09;6.584110e-06;3.788940e-07;8.502127e-02;-2.015117e-03;4.548055e-02;2.109506e-04;6.655786e-03;-4.422821e-05;1.212762e-03;-6.916100e-05;1.240528e-02;8.631718e-04;1.226785e-02;-5.798783e-05;1.377302e-02;-5.884700e-04;1.431510e-02;-3.685126e-04;4.462514e-02;-7.585409e-05;4.716644e-02;-2.585132e-03;4.762595e-02;-3.193362e-03;2.890295e-02;1.737409e-03;4.224945e-02;3.129842e-04;4.710033e-02;5.446544e-04;4.682782e-02;-2.605346e-03;8.504267e-02;-1.225994e-03;5.484430e-02;-1.168352e-03;7.578073e-02;1.442453e-03;7.632127e-02;-2.435082e-03;6.759477e-02;-1.231141e-03;7.560695e-02;1.623343e-04;1.024376e-01;-1.273255e-03;1.307265e-01;-2.917897e-03;1.302504e-01;2.755795e-04;1.044003e-01;1.488118e-03;1.869225e-01;1.097763e-02;9.845091e-02;4.983027e-03;5.271491e-02;1.929022e-03;3.745161e-02;1.707767e-04;2.113698e-02;3.239570e-04;1.674996e-01;-7.479440e-03;8.813317e-02;-2.473499e-03;1.720427e+01;-2.153320e-01;2.563557e+01;-4.593750e-01;5.671864e+01;-1.004883e+00;1.014144e+02;-1.622168e+00;9.134113e-02;-1.157174e-03;3.117911e+01;-7.874556e-01;1.040123e-01;-2.231931e-03;2.401712e+04;-4.875980e+02;1.928070e-01;8.182257e-03;2.986560e+00;8.240575e-02;9.048330e-02;4.681847e-04;2.675710e-02;-7.207654e-04;1.493801e-01;-1.183843e-02;8.210689e-01;-5.681500e-02;8.009138e-01;5.257609e-02;1.700877e+00;-4.093827e-02;1.962989e+00;-3.703282e-02;1.997650e+00;1.105464e-01;1.770990e+00;-6.289781e-02;2.074152e+00;1.705658e-01;2.426385e+00;-1.691787e-01;2.089650e+00;-6.893454e-02;1.583988e+00;7.886345e-02;1.785260e+00;-2.124678e-02;1.637115e+00;2.080601e-01;2.070280e+00;7.023209e-02;1.369657e+00;7.948693e-02
255.000000;1.852678e+01;8.614234e+01;3.128441e-02;7.740042e-01;1.797895e-01;1.116209e-01;1.583464e-01;7.847302e-02;6.492801e-02;1.184387e-01;3.382048e+00;8.151452e+00;2.457921e-01;2.434988e+00;1.531818e-01;1.021325e+00;2.727787e-02;1.463183e-01;1.076104e-02;2.445578e-02;5.295235e-02;1.435672e-01;3.127823e-02;2.652243e-01;4.043066e-02;4.073366e-01;4.802031e-02;5.330239e-01;1.692566e-01;6.996996e-01;1.453951e-01;8.058086e-01;1.701548e-01;8.649046e-01;1.176544e-01;9.229999e-01;1.401322e-01;9.964489e-01;2.626687e-01;1.106446e+00;1.391299e-01;1.118994e+00;2.642176e-01;1.172876e+00;1.626426e-01;1.225581e+00;3.086841e-01;1.315956e+00;2.635271e-01;1.308849e+00;2.105234e-01;1.438002e+00;2.457686e-01;1.424567e+00;3.836325e-01;1.481114e+00;4.944912e-01;1.517827e+00;5.726745e-01;1.545433e+00;3.425373e-01;1.424007e+00;8.186054e-01;1.423712e+00;4.173521e-01;1.130798e+00;2.308647e-01;9.153535e-01;1.527131e-01;7.663872e-01;6.421579e-02;5.995280e-01;5.351430e-01;1.771726e+00;2.699151e-01;5.715483e-01;7.768099e+01;1.332188e+02;1.283266e+02;1.940859e+02;3.271375e+02;4.310947e+02;4.700761e+02;8.673574e+02;1.861537e-01;1.028944e+00;1.770953e+02;3.747041e+02;5.729496e-01;3.433894e+00;1.187464e+05;2.347262e+05;1.234293e+00;3.674390e+00;2.311418e+01;3.496658e+01;3.703899e-01;-1.044842e+00;1.522235e-01;3.439692e-01;4.989278e-01;1.279652e+00;3.985388e+00;3.855239e+01;5.102092e+00;-1.573392e+01;6.085725e+00;2.061533e+01;7.263224e+00;5.205276e+00;8.315563e+00;1.820215e+00;5.252276e+00;-3.148869e+00;8.500185e+00;7.042582e-01;1.072027e+01;1.116722e+01;5.801403e+00;-1.164968e-02;1.007879e+01;-1.138739e+01;8.707475e+00;8.044519e+00;7.740918e+00;-1.094024e-01;7.573543e+00;5.710444e-01;5.659086e+00;5.999292e+00;7.206320e-05;1.553391e-06;7.127480e-08;-6.062596e-09;6.169479e-07;5.634960e-08;5.433624e-07;1.976447e-09;3.072134e-07;1.307360e-08;8.579867e-06;-4.554524e-07;7.551259e-02;-6.010155e-04;4.275342e-02;2.053357e-04;5.306383e-03;-5.115282e-04;1.942253e-03;2.242378e-04;1.026083e-02;-1.240614e-03;9.876679e-03;-9.439348e-04;1.462186e-02;-1.661466e-04;1.773847e-02;-2.153692e-04;5.685250e-02;3.278549e-04;3.555056e-02;1.567189e-03;4.108367e-02;-7.015304e-04;3.263634e-02;-2.850340e-03;4.337183e-02;-3.421156e-03;6.801710e-02;3.746579e-03;4.489400e-02;7.932235e-04;6.611119e-02;-1.466519e-03;4.753179e-02;-6.787131e-04;7.614470e-02;6.080614e-03;7.259107e-02;1.892650e-03;7.302696e-02;-4.037587e-04;6.711324e-02;8.015404e-04;9.571009e-02;2.592173e-03;1.271114e-01;4.469183e-03;1.337202e-01;5.038766e-03;9.668002e-02;-2.887809e-03;1.831085e-01;-3.020632e-03;9.823035e-02;-1.432907e-03;5.196627e-02;-1.034400e-03;3.477640e-02;-9.499619e-04;1.893370e-02;-5.572157e-04;1.705625e-01;-7.208148e-03;7.257739e-02;2.671641e-03;1.681355e+01;1.593457e+00;2.686314e+01;2.727539e+00;6.821393e+01;9.819140e+00;9.411737e+01;8.412305e+00;7.575373e-02;-1.995292e-03;3.429277e+01;4.323842e+00;1.124075e-01;9.097873e-03;2.696312e+04;2.756662e+03;2.285548e-01;-1.582703e-02;5.331635e+00;-1.103870e-01;7.017896e-02;6.713436e-03;2.854552e-02;3.295114e-03;1.096066e-01;-1.170560e-02;8.705090e-01;-3.901878e-02;9.725465e-01;-7.979637e-02;1.331405e+00;-3.290911e-02;1.780594e+00;-7.836059e-02;1.710878e+00;-7.217614e-02;1.879338e+00;-1.025090e-01;1.935953e+00;-1.563430e-01;1.810750e+00;-5.977375e-02;1.918719e+00;-8.460166e-02;1.863787e+00;8.110098e-02;2.009069e+00;1.725145e-01;1.586195e+00;-1.588177e-02;2.091867e+00;-1.318258e-01;1.372398e+00;-1.311238e-01
255.500000;5.728849e+01;9.520464e+01;2.760785e-02;7.862168e-01;1.427857e-01;8.251853e-02;1.388057e-01;7.980254e-02;9.004085e-02;1.240220e-01;3.991720e+00;9.160278e+00;2.452295e-01;2.465910e+00;1.285830e-01;1.004750e+00;2.864659e-02;1.552834e-01;1.229089e-02;2.649156e-02;5.562109e-02;1.523791e-01;3.347225e-02;2.699962e-01;3.537069e-02;4.131162e-01;5.685437e-02;5.510464e-01;1.327307e-01;6.812109e-01;1.080953e-01;7.652075e-01;1.613665e-01;8.413621e-01;1.467047e-01;8.916104e-01;1.810821e-01;9.606162e-01;2.135100e-01;1.093449e+00;1.220086e-01;1.173124e+00;2.019849e-01;1.243210e+00;1.877670e-01;1.301883e+00;3.552265e-01;1.352152e+00;3.180320e-01;1.394912e+00;2.119785e-01;1.380384e+00;3.100194e-01;1.434006e+00;4.166744e-01;1.490116e+00;4.751280e-01;1.501172e+00;5.055035e-01;1.497094e+00;2.555670e-01;1.343511e+00;3.576718e-01;1.205013e+00;2.553478e-01;1.023711e+00;2.779946e-01;8.544585e-01;1.553926e-01;7.149523e-01;7.005594e-02;5.937942e-01;4.017765e-01;1.452517e+00;3.088676e-01;7.504802e-01;7.792045e+01;1.113984e+02;1.320613e+02;1.645137e+02;4.340844e+02;4.343965e+02;6.010142e+02;9.685635e+02;2.193864e-01;9.784735e-01;2.243451e+02;3.749577e+02;6.358244e-01;3.313816e+00;1.604143e+05;2.731655e+05;1.375622e+00;3.389337e+00;2.469101e+01;3.201472e+01;4.003226e-01;-1.178581e+00;1.800493e-01;3.291771e-01;3.959601e-01;1.103972e+00;3.108614e+00;3.909927e+01;6.132159e+00;-1.875921e+01;5.075637e+00;2.192183e+01;8.463117e+00;9.211349e+00;6.553482e+00;5.114171e+00;5.420528e+00;-2.076747e+00;8.648889e+00;-4.025186e+00;6.333256e+00;1.393962e+01;8.781461e+00;-5.815800e-01;7.135851e+00;-5.607478e+00;6.856371e+00;1.178736e+01;7.364063e+00;2.676389e+00;9.288301e+00;-1.157216e+00;5.165221e+00;5.538194e+00;1.595134e-04;1.701290e-07;6.205241e-08;3.515806e-10;4.987241e-07;-1.457872e-10;5.790154e-07;4.561131e-10;4.506431e-07;-1.219366e-08;8.821889e-06;4.108911e-07;6.786174e-02;4.001147e-03;3.500325e-02;1.599778e-03;5.538196e-03;2.204998e-04;1.995047e-03;1.025447e-04;1.003320e-02;-8.742650e-04;9.741164e-03;-1.291840e-04;1.315696e-02;2.399366e-04;2.129395e-02;9.301019e-04;4.444842e-02;1.944612e-03;3.184318e-02;1.261051e-03;4.690208e-02;4.633440e-03;3.657196e-02;-1.714733e-03;5.022193e-02;-2.378877e-03;7.084696e-02;4.945823e-04;3.850847e-02;1.360255e-03;5.710968e-02;5.977867e-04;4.835942e-02;3.835390e-03;7.932892e-02;2.089662e-03;8.257262e-02;6.880350e-03;6.462917e-02;1.759520e-03;8.572050e-02;7.499140e-03;9.863544e-02;9.726099e-03;1.201036e-01;4.213057e-03;1.221871e-01;1.253532e-03;6.416974e-02;3.818080e-03;7.261013e-02;-6.810244e-03;5.625888e-02;-1.813487e-03;7.667083e-02;1.218189e-03;4.683676e-02;1.009909e-03;2.122927e-02;5.503101e-04;1.426293e-01;7.237056e-04;6.176787e-02;7.506467e-03;1.166685e+01;1.435547e-02;1.840971e+01;-2.871094e-02;7.072484e+01;0;9.418489e+01;3.560156e+00;8.820131e-02;-6.366075e-04;3.328561e+01;6.378877e-01;1.039926e-01;8.123413e-05;2.719142e+04;1.279814e+03;2.062041e-01;-1.389791e-02;4.999350e+00;-1.514959e-01;8.518584e-02;-3.581969e-03;2.620126e-02;3.613445e-04;1.472890e-01;2.670278e-03;7.357559e-01;2.563984e-02;1.041439e+00;-1.132457e-01;1.366100e+00;4.466053e-02;1.747310e+00;1.203766e-01;1.444123e+00;-8.162647e-02;1.550356e+00;3.536567e-02;1.772442e+00;-2.422135e-01;1.947786e+00;1.460951e-01;1.927843e+00;8.550344e-02;1.941882e+00;7.189438e-02;2.067244e+00;3.171416e-02;1.920824e+00;-4.910576e-02;2.271364e+00;-3.699330e-02;1.569287e+00;-8.022846e-02
256.000000;5.962701e+01;9.277267e+01;2.621522e-02;7.742381e-01;1.492149e-01;1.011049e-01;1.695168e-01;1.280946e-01;9.803686e-02;1.456862e-01;3.905647e+00;8.139565e+00;2.342556e-01;2.553579e+00;1.160945e-01;1.022504e+00;3.369604e-02;1.476580e-01;1.000160e-02;3.080877e-02;5.752824e-02;1.381975e-01;4.872603e-02;2.821922e-01;3.534963e-02;4.231879e-01;5.401665e-02;5.547136e-01;1.084985e-01;6.465934e-01;1.286808e-01;7.902729e-01;1.578746e-01;8.621916e-01;1.717547e-01;9.024823e-01;2.169616e-01;9.766808e-01;1.701974e-01;1.023405e+00;1.670526e-01;1.142901e+00;2.419140e-01;1.194004e+00;2.450962e-01;1.240275e+00;3.381894e-01;1.390655e+00;3.129355e-01;1.428973e+00;2.431274e-01;1.442653e+00;2.940700e-01;1.462694e+00;3.613701e-01;1.501787e+00;4.446906e-01;1.570408e+00;5.190686e-01;1.581931e+00;2.525402e-01;1.378666e+00;2.473638e-01;1.233859e+00;2.090241e-01;1.111534e+00;2.698484e-01;9.675961e-01;1.569951e-01;7.420173e-01;7.221479e-02;5.952365e-01;3.521961e-01;1.321557e+00;2.782867e-01;9.442559e-01;7.759539e+01;1.325010e+02;1.302112e+02;1.982490e+02;4.520257e+02;5.422061e+02;5.366389e+02;1.314100e+03;3.508810e-01;1.091925e+00;2.098812e+02;4.573159e+02;6.124512e-01;3.529750e+00;1.433225e+05;3.551031e+05;1.461749e+00;2.716339e+00;4.819416e+01;2.526077e+01;4.681822e-01;-1.081831e+00;1.693270e-01;3.935117e-01;5.382028e-01;1.343016e+00;2.678810e+00;3.823588e+01;4.535055e+00;-2.077286e+01;6.625872e+00;2.329767e+01;7.720924e+00;9.682977e+00;6.649329e+00;3.314782e+00;5.898028e+00;-2.502445e+00;7.223777e+00;-4.444112e+00;7.226269e+00;1.647464e+01;9.148832e+00;-3.241879e-01;7.218240e+00;-8.465916e+00;9.439178e+00;1.461323e+01;1.008029e+01;-3.056761e+00;9.425168e+00;-5.000477e+00;4.820078e+00;3.763348e+00;1.670263e-04;-5.146658e-06;8.003816e-08;1.023100e-08;5.677579e-07;-5.486994e-08;7.030946e-07;-1.133338e-08;4.834473e-07;-1.264774e-08;1.033290e-05;8.457640e-07;7.612110e-02;-7.390797e-04;3.559418e-02;-1.675400e-03;8.566234e-03;8.166115e-04;2.123983e-03;-2.906274e-04;1.244058e-02;1.448893e-03;1.420295e-02;1.131102e-03;1.227828e-02;7.066621e-04;1.926785e-02;-3.574301e-04;3.110927e-02;-1.562110e-03;3.646467e-02;-2.142943e-03;4.616693e-02;2.067183e-04;4.528435e-02;1.343591e-03;6.173123e-02;2.065137e-03;5.822885e-02;-2.673954e-03;3.954076e-02;3.129481e-03;5.586268e-02;8.196793e-03;5.460593e-02;6.999661e-03;7.768854e-02;-1.123919e-02;8.129436e-02;-8.151600e-03;6.528309e-02;-4.409113e-03;9.478541e-02;-1.349977e-03;1.034909e-01;-9.169753e-03;1.129396e-01;-1.213031e-02;1.232297e-01;-1.289503e-02;6.453267e-02;-2.815016e-03;7.248554e-02;-2.977791e-03;5.602401e-02;1.034215e-03;8.263542e-02;6.534420e-04;4.734878e-02;3.318469e-04;2.359052e-02;1.066259e-03;1.122622e-01;-4.866283e-03;7.629631e-02;1.823500e-03;1.607597e+01;-2.067188e+00;2.688040e+01;-3.445312e+00;1.019458e+02;-1.136953e+01;1.311226e+02;-7.464844e+00;1.189757e-01;3.574421e-03;4.622708e+01;-5.114344e+00;1.412049e-01;-1.311365e-02;3.428411e+04;-3.199008e+03;4.654898e-01;1.324983e-02;1.763929e+01;9.516877e-02;1.275743e-01;-1.092948e-02;3.676838e-02;-4.056888e-03;1.691087e-01;-5.050868e-04;7.941241e-01;3.746559e-02;1.156285e+00;6.556566e-02;1.622591e+00;-7.397747e-02;1.756224e+00;2.251675e-01;1.678231e+00;1.936294e-01;1.549350e+00;1.314159e-01;1.393161e+00;1.385842e-01;2.214833e+00;9.852520e-03;2.164876e+00;2.628170e-01;2.046862e+00;-1.840791e-02;2.203771e+00;-1.425774e-01;2.028268e+00;-6.218867e-02;2.207713e+00;1.622688e-01;1.396361e+00;5.146137e-02
256.500000;2.710703e+01;8.175724e+01;2.581571e-02;7.627965e-01;1.381690e-01;9.906851e-02;1.651505e-01;1.241912e-01;7.876107e-02;1.510358e-01;3.348069e+00;7.330083e+00;2.354696e-01;2.462250e+00;8.900166e-02;9.880102e-01;3.381360e-02;1.392842e-01;8.676955e-03;2.912446e-02;3.817559e-02;1.235594e-01;4.457318e-02;2.759444e-01;2.914350e-02;4.333110e-01;6.264224e-02;5.690470e-01;1.143729e-01;6.585972e-01;1.075043e-01;7.808256e-01;1.016463e-01;8.630795e-01;1.795473e-01;9.403231e-01;2.272873e-01;1.032605e+00;1.741372e-01;1.043597e+00;2.203676e-01;1.112850e+00;2.808538e-01;1.177536e+00;2.672710e-01;1.182513e+00;3.166066e-01;1.250834e+00;2.601931e-01;1.304157e+00;2.314481e-01;1.410875e+00;2.125568e-01;1.377715e+00;2.764421e-01;1.389260e+00;4.014461e-01;1.431676e+00;4.948356e-01;1.410244e+00;1.844214e-01;1.342833e+00;2.152500e-01;1.203566e+00;8.835807e-02;1.102517e+00;1.154906e-01;9.529643e-01;9.134420e-02;7.398782e-01;5.866918e-02;5.779577e-01;3.903629e-01;1.385725e+00;3.443892e-01;8.691827e-01;6.196692e+01;1.382432e+02;1.060709e+02;2.064316e+02;3.538757e+02;5.090449e+02;4.153470e+02;1.291705e+03;3.047256e-01;1.182937e+00;1.547158e+02;4.442932e+02;5.170466e-01;3.649529e+00;1.211825e+05;3.145309e+05;1.395427e+00;2.722898e+00;4.795369e+01;2.590760e+01;4.600129e-01;-9.714720e-01;1.273338e-01;3.941584e-01;4.608430e-01;1.293297e+00;2.641868e+00;3.894740e+01;3.704317e+00;-1.911192e+01;8.859781e+00;1.972086e+01;6.241627e+00;1.155569e+01;5.076701e+00;3.895223e+00;5.690289e+00;-4.379848e+00;5.974593e+00;-1.182240e+00;1.282941e+01;1.100299e+01;8.942083e+00;3.869314e+00;7.078899e+00;-9.483522e+00;9.997804e+00;1.267200e+01;7.228606e+00;-9.956112e+00;7.295400e+00;-3.195253e+00;3.933655e+00;3.342897e+00;7.467001e-05;3.382469e-06;7.945135e-08;-5.408491e-09;4.640664e-07;2.489216e-08;5.785919e-07;2.274384e-08;3.777208e-07;2.890377e-08;9.757903e-06;-1.139238e-06;7.102256e-02;-1.447307e-04;3.102993e-02;2.853511e-04;8.855405e-03;3.818602e-05;2.082405e-03;8.818294e-07;1.020515e-02;5.002125e-04;1.313643e-02;1.200513e-03;1.185427e-02;1.068518e-03;2.066250e-02;9.108584e-04;3.100200e-02;-2.351257e-04;2.664311e-02;-2.575504e-03;2.330394e-02;-3.626995e-03;5.327102e-02;5.467698e-04;7.024692e-02;4.358500e-04;5.189492e-02;-2.666889e-03;3.767681e-02;-1.667397e-03;4.952877e-02;-6.086522e-04;5.586175e-02;-8.026073e-04;7.365192e-02;-3.584868e-04;7.336337e-02;-1.964999e-03;5.735189e-02;-8.498185e-04;8.043715e-02;-1.509784e-03;1.037913e-01;9.668171e-04;1.062762e-01;5.554701e-03;1.198463e-01;3.414819e-03;5.676248e-02;1.239288e-03;7.423735e-02;5.076856e-03;3.568981e-02;5.437020e-05;3.772223e-02;-8.888685e-04;2.527399e-02;3.087107e-03;1.849249e-02;1.117582e-03;1.476915e-01;6.275676e-03;7.685273e-02;-1.434944e-03;1.585594e+01;3.301758e-01;2.737953e+01;5.885742e-01;1.000353e+02;2.440430e-01;1.211413e+02;-1.406836e+00;1.043551e-01;1.057038e-02;4.391918e+01;2.885133e-01;1.435214e-01;1.542234e-03;3.205304e+04;-1.988098e+02;4.721466e-01;5.001003e-03;1.772139e+01;5.816961e-02;1.282818e-01;-1.118413e-03;3.537521e-02;3.551928e-04;1.267347e-01;8.663365e-03;7.239166e-01;-1.672785e-02;1.084247e+00;6.021765e-02;1.764331e+00;4.811770e-02;1.303512e+00;6.906736e-03;1.322496e+00;2.952562e-02;1.828587e+00;1.216418e-02;1.553479e+00;7.225019e-02;2.063396e+00;-1.039565e-01;2.077881e+00;-1.340391e-01;1.968615e+00;-1.955910e-01;2.126732e+00;-5.385150e-02;1.678454e+00;-5.506426e-02;1.654731e+00;4.047348e-02;1.181178e+00;1.616919e-02
257.000000;1.986032e+01;9.596631e+01;2.208897e-02;7.627232e-01;1.110838e-01;1.194438e-01;1.302295e-01;1.140162e-01;7.823988e-02;1.428106e-01;2.532564e+00;6.979937e+00;2.581537e-01;2.451085e+00;1.330230e-01;9.962956e-01;2.840567e-02;1.465583e-01;5.982973e-03;2.576468e-02;3.802500e-02;1.408206e-01;3.889251e-02;2.857276e-01;3.119659e-02;4.295858e-01;8.019833e-02;5.688377e-01;1.403844e-01;7.041583e-01;1.276423e-01;7.333600e-01;9.550444e-02;8.345616e-01;1.677999e-01;9.704966e-01;2.087251e-01;1.012308e+00;1.635400e-01;1.056918e+00;1.953573e-01;1.080439e+00;2.418443e-01;1.193147e+00;2.232148e-01;1.225314e+00;2.657008e-01;1.195896e+00;3.302111e-01;1.292064e+00;1.426002e-01;1.294767e+00;2.988837e-01;1.436111e+00;4.641237e-01;1.485136e+00;5.941421e-01;1.477759e+00;6.061766e-01;1.426924e+00;3.052896e-01;1.390366e+00;3.218743e-01;1.242949e+00;1.612709e-01;1.092630e+00;1.402915e-01;9.265521e-01;1.231791e-01;7.737864e-01;9.746227e-02;6.330742e-01;5.295354e-01;1.626129e+00;2.859106e-01;7.466301e-01;4.899297e+01;1.270459e+02;7.865434e+01;1.837500e+02;1.821434e+02;3.682178e+02;3.368400e+02;1.035029e+03;2.351239e-01;1.183983e+00;1.007489e+02;3.767666e+02;4.560767e-01;3.472493e+00;6.870021e+04;2.464689e+05;1.307753e+00;3.253701e+00;4.315555e+01;3.137459e+01;3.846458e-01;-1.057474e+00;9.133641e-02;3.460129e-01;4.860692e-01;1.504275e+00;2.896991e+00;3.905244e+01;4.432564e+00;-1.647877e+01;7.729918e+00;1.900038e+01;4.960090e+00;1.420735e+01;5.252510e+00;5.845027e+00;7.350054e+00;-7.483671e-01;5.390700e+00;-2.239411e+00;1.039643e+01;7.077332e+00;8.816921e+00;3.956429e+00;9.378936e+00;-1.430714e+01;6.627882e+00;8.278258e+00;6.775244e+00;-6.988630e+00;4.458209e+00;1.385177e+00;5.498093e+00;5.893838e+00;4.538158e-05;3.429130e-06;6.183630e-08;-3.294159e-09;4.007811e-07;-5.853895e-09;4.572882e-07;-3.778106e-09;3.872282e-07;3.446356e-10;5.823529e-06;-1.995671e-07;7.825001e-02;4.634442e-03;3.702635e-02;3.169680e-03;5.962820e-03;-2.739054e-04;1.387687e-03;2.427564e-04;7.419679e-03;-6.739622e-04;9.371492e-03;-6.025987e-04;1.003401e-02;-8.999924e-04;2.006677e-02;2.178761e-04;4.373764e-02;4.550752e-03;4.038285e-02;6.173965e-03;2.457925e-02;-7.431865e-04;4.736658e-02;-3.207715e-03;5.620095e-02;-2.722911e-03;4.553602e-02;1.418432e-03;3.133521e-02;-5.639578e-03;5.856358e-02;-1.023677e-02;4.778523e-02;-6.737245e-03;6.628463e-02;6.179230e-03;8.109267e-02;5.382151e-03;4.995942e-02;5.580776e-03;7.474407e-02;6.827010e-04;1.090430e-01;8.947704e-03;1.208660e-01;9.709476e-03;1.273606e-01;1.188015e-02;9.528705e-02;1.826957e-02;8.339399e-02;1.056083e-02;6.383278e-02;8.987918e-03;5.211856e-02;7.284440e-03;3.861047e-02;5.117551e-03;2.698806e-02;2.932092e-03;1.843407e-01;1.886494e-02;8.137193e-02;-9.678034e-04;9.907676e+00;5.311524e-01;1.697290e+01;1.952344e+00;4.361583e+01;2.440430e+00;1.193224e+02;4.062598e+00;8.126738e-02;-3.207595e-04;2.801868e+01;2.056471e+00;1.112128e-01;7.004088e-03;2.648154e+04;2.023059e+03;4.548338e-01;4.893848e-03;1.630275e+01;1.253696e-01;9.819320e-02;4.359152e-03;2.299970e-02;1.692736e-03;9.751862e-02;4.579405e-03;7.371981e-01;-1.199690e-01;1.155416e+00;1.119379e-01;1.428281e+00;7.255290e-02;1.270120e+00;-1.548695e-01;1.167470e+00;-1.568041e-01;1.833383e+00;-1.558600e-01;1.605998e+00;-2.708214e-02;1.891182e+00;-7.531613e-02;1.724986e+00;-8.464602e-02;1.591809e+00;6.937420e-02;2.121906e+00;2.170190e-01;1.694236e+00;1.689409e-01;1.413329e+00;-6.051186e-02;1.272797e+00;-1.360770e-01
257.500000;9.996632e+00;1.037031e+02;1.612581e-02;7.655039e-01;8.401733e-02;1.074525e-01;8.080693e-02;9.102073e-02;7.345931e-02;1.185026e-01;1.920342e+00;6.906829e+00;2.678879e-01;2.614678e+00;1.659249e-01;1.050151e+00;2.586552e-02;1.481404e-01;8.627526e-03;2.837365e-02;4.686645e-02;1.470215e-01;6.684675e-02;2.908737e-01;3.185669e-02;4.238575e-01;7.787278e-02;5.553228e-01;1.530096e-01;7.110672e-01;1.903633e-01;7.815028e-01;1.117197e-01;8.712386e-01;1.763056e-01;9.408023e-01;1.484379e-01;9.880605e-01;1.417097e-01;1.074125e+00;1.327174e-01;1.098164e+00;2.576869e-01;1.212910e+00;1.769661e-01;1.239245e+00;2.798371e-01;1.332371e+00;3.783299e-01;1.424577e+00;2.918654e-01;1.398993e+00;3.289329e-01;1.531276e+00;4.849600e-01;1.613207e+00;6.021240e-01;1.652177e+00;6.000686e-01;1.653936e+00;4.447352e-01;1.511986e+00;3.845747e-01;1.360755e+00;3.030013e-01;1.140122e+00;2.177173e-01;9.323189e-01;1.242264e-01;7.858183e-01;1.095819e-01;6.322081e-01;4.984324e-01;1.835941e+00;3.138948e-01;8.353035e-01;6.027160e+01;1.399658e+02;9.239069e+01;2.057139e+02;3.039633e+02;4.536328e+02;5.333492e+02;1.151021e+03;2.622515e-01;1.167896e+00;1.698399e+02;4.272744e+02;5.389009e-01;3.547509e+00;1.468871e+05;311882;1.451542e+00;3.268524e+00;4.591449e+01;3.245603e+01;3.751316e-01;-1.069417e+00;1.336171e-01;3.801762e-01;3.656406e-01;1.717992e+00;3.652347e+00;3.589043e+01;4.657876e+00;-1.566875e+01;4.559971e+00;2.262189e+01;6.347630e+00;1.001825e+01;6.733817e+00;4.820428e+00;7.512299e+00;-1.380289e-01;6.179136e+00;-4.634091e+00;6.454557e+00;8.495383e+00;7.806876e+00;5.300606e-01;8.195073e+00;-1.406488e+01;7.099412e+00;9.522774e+00;6.021449e+00;-4.203342e+00;4.799120e+00;-2.101026e-01;6.268420e+00;3.932280e+00;4.285171e-05;1.567261e-06;6.161768e-08;1.832809e-10;3.378459e-07;-3.937155e-08;3.443544e-07;-3.869458e-08;3.660986e-07;-1.829595e-08;6.079727e-06;2.892383e-07;8.293469e-02;9.423564e-04;3.850949e-02;-2.666739e-03;7.615273e-03;-2.952471e-04;1.561677e-03;8.062484e-06;1.125325e-02;-6.002042e-04;1.462608e-02;-9.737604e-04;8.889452e-03;-7.844180e-04;1.369974e-02;-1.911240e-03;4.125901e-02;1.714941e-04;4.927027e-02;3.294109e-03;3.006776e-02;2.493588e-03;4.419342e-02;3.761871e-03;3.989492e-02;2.222767e-03;3.319998e-02;1.575939e-03;3.696363e-02;2.003462e-03;8.590540e-02;-1.457273e-03;5.251592e-02;-2.580109e-03;6.489497e-02;-3.772860e-03;9.041225e-02;-6.191647e-03;6.490151e-02;-3.277095e-03;6.971727e-02;-7.692126e-03;1.009539e-01;-1.351012e-02;1.102038e-01;-1.302348e-02;1.142762e-01;-1.032524e-02;1.084092e-01;-5.603225e-03;8.296747e-02;-7.218221e-03;7.636555e-02;-7.597321e-04;6.185371e-02;8.449695e-05;3.904730e-02;-3.711880e-03;2.958137e-02;-1.550291e-03;1.585484e-01;4.022391e-03;1.037572e-01;-1.838788e-03;1.399236e+01;1.004883e-01;2.230424e+01;4.019531e-01;7.767383e+01;2.583984e+00;1.428071e+02;7.034180e-01;1.004035e-01;-7.854039e-03;4.067535e+01;6.330441e-01;1.351986e-01;5.420000e-03;3.432543e+04;-2.796074e+02;5.028297e-01;-4.499280e-03;1.722246e+01;3.347632e-02;1.258544e-01;4.532246e-03;3.226203e-02;7.353793e-04;1.154518e-01;3.813198e-03;7.397169e-01;1.829465e-02;1.365941e+00;2.136503e-02;1.010380e+00;-1.537630e-01;1.576286e+00;-1.172794e-01;1.605062e+00;-2.751299e-02;1.525399e+00;-2.428755e-02;1.698986e+00;8.734865e-02;1.833951e+00;6.579547e-02;1.987826e+00;1.475530e-01;1.380857e+00;9.274509e-02;2.111005e+00;-3.711987e-03;1.692676e+00;-5.080214e-02;1.422622e+00;-6.409584e-02;1.143450e+00;-5.228303e-02
258.000000;9.470007e+00;1.083004e+02;1.815485e-02;7.641042e-01;6.947606e-02;1.008684e-01;6.223653e-02;7.380658e-02;6.137102e-02;9.861784e-02;1.891497e+00;6.887199e+00;2.503925e-01;2.721637e+00;1.448760e-01;1.027112e+00;2.722585e-02;1.453500e-01;7.302300e-03;2.957546e-02;4.472201e-02;1.321437e-01;6.113964e-02;2.765398e-01;5.037937e-02;4.258443e-01;6.229353e-02;5.569323e-01;1.322779e-01;6.969208e-01;2.014718e-01;8.213266e-01;1.558647e-01;9.009968e-01;1.763766e-01;9.423087e-01;1.166917e-01;1.031587e+00;1.012184e-01;1.085470e+00;1.094950e-01;1.126080e+00;2.620933e-01;1.213111e+00;1.573194e-01;1.237820e+00;2.345089e-01;1.315993e+00;3.049874e-01;1.404360e+00;3.110806e-01;1.405636e+00;2.632163e-01;1.458009e+00;3.493481e-01;1.490849e+00;3.999152e-01;1.538005e+00;3.862958e-01;1.520748e+00;3.856947e-01;1.470368e+00;3.428490e-01;1.308008e+00;3.216042e-01;1.118907e+00;2.337634e-01;9.032280e-01;1.072148e-01;7.338073e-01;1.010509e-01;5.899071e-01;4.128051e-01;1.949299e+00;3.042128e-01;8.999707e-01;6.033722e+01;1.477178e+02;8.910793e+01;2.154756e+02;2.796783e+02;5.180889e+02;4.656021e+02;1.233135e+03;2.141594e-01;1.044675e+00;1.528026e+02;4.593143e+02;4.485307e-01;3.702012e+00;1.331411e+05;327607;8.698552e-01;2.815840e+00;1.791241e+01;2.076956e+01;3.824795e-01;-1.029360e+00;1.190521e-01;4.097868e-01;4.674440e-01;1.780830e+00;3.596426e+00;3.578847e+01;3.604794e+00;-1.612636e+01;3.873118e+00;2.072422e+01;5.568502e+00;4.901341e+00;5.841473e+00;4.377498e+00;5.409759e+00;-3.844478e+00;9.964299e+00;-2.149780e+00;7.954060e+00;1.154420e+01;9.311585e+00;3.202713e+00;4.110173e+00;-9.290867e+00;7.038737e+00;9.191940e+00;5.906934e+00;-5.054715e+00;4.941449e+00;-3.558154e+00;3.722589e+00;4.063854e-01;4.384435e-05;-2.054935e-08;6.036652e-08;-2.324817e-09;2.906869e-07;1.665052e-08;2.826593e-07;1.149237e-08;3.237632e-07;8.488454e-09;6.256916e-06;-6.220151e-07;6.413268e-02;-7.248451e-03;2.691571e-02;-4.815745e-03;8.330063e-03;-4.196243e-04;1.226149e-03;-1.300076e-04;1.110036e-02;-8.008336e-04;1.419025e-02;-4.880288e-04;1.420346e-02;4.363291e-04;1.411451e-02;-1.946152e-04;3.344710e-02;-1.746408e-03;3.837132e-02;-5.973749e-03;3.050837e-02;-3.728332e-04;4.671231e-02;1.999312e-03;4.373168e-02;2.785616e-04;2.943840e-02;-4.182456e-04;3.907801e-02;8.726593e-04;8.894233e-02;2.442033e-03;5.331112e-02;-1.303514e-03;5.239651e-02;-7.829526e-03;7.900102e-02;-8.239252e-03;6.967937e-02;-5.776900e-03;5.476656e-02;-6.370619e-03;7.603951e-02;-1.030101e-02;7.958925e-02;-8.791755e-03;6.961024e-02;-1.181795e-02;6.806979e-02;-1.958305e-02;6.210708e-02;-1.090900e-02;5.257411e-02;-1.150771e-02;4.142554e-02;-8.531339e-03;2.584872e-02;-6.041241e-03;2.155870e-02;-4.240662e-03;1.423360e-01;-6.705721e-03;1.030501e-01;-7.060451e-03;1.416816e+01;1.076660e+00;2.155289e+01;3.158203e-01;8.021770e+01;8.326172e-01;1.204325e+02;-6.273340e+00;8.462907e-02;-2.475427e-03;3.806513e+01;-4.573323e-01;1.280345e-01;-5.334696e-05;2.824339e+04;-2.554185e+03;2.879466e-01;2.439809e-03;6.140298e+00;2.794374e-02;1.239667e-01;5.246213e-03;3.059072e-02;8.447951e-05;1.347919e-01;-2.823830e-03;5.352671e-01;1.047500e-01;1.099185e+00;-3.766766e-02;1.281138e+00;-1.497961e-01;1.589924e+00;-9.568892e-02;1.517011e+00;1.292070e-02;1.433267e+00;5.340130e-02;2.275645e+00;-1.018653e-01;1.776287e+00;-8.298177e-02;1.924531e+00;-8.545128e-02;1.519113e+00;-7.030395e-02;1.578317e+00;-2.595127e-01;1.691391e+00;-1.260508e-01;1.266046e+00;1.489058e-02;9.314558e-01;1.134271e-02
258.500000;8.066708e+00;1.041288e+02;1.723550e-02;7.603328e-01;6.944257e-02;9.229681e-02;6.162167e-02;7.851981e-02;8.500340e-02;1.435309e-01;1.604159e+00;6.633048e+00;2.987067e-01;2.696131e+00;1.264343e-01;1.002146e+00;2.955933e-02;1.406882e-01;5.779985e-03;2.907659e-02;3.468600e-02;1.246415e-01;4.061782e-02;2.586159e-01;5.480220e-02;4.140250e-01;5.986507e-02;5.602701e-01;1.340458e-01;6.933669e-01;1.783210e-01;8.047593e-01;1.637157e-01;8.778515e-01;1.351608e-01;9.243043e-01;1.047988e-01;9.831596e-01;1.077480e-01;1.049789e+00;1.196887e-01;1.110387e+00;2.255087e-01;1.178513e+00;1.598999e-01;1.252282e+00;2.350797e-01;1.299594e+00;3.025103e-01;1.375841e+00;2.550348e-01;1.380422e+00;2.581133e-01;1.429431e+00;3.682300e-01;1.468633e+00;3.828440e-01;1.486877e+00;3.263290e-01;1.455137e+00;2.393378e-01;1.375711e+00;3.136282e-01;1.250180e+00;2.429472e-01;1.083259e+00;2.230570e-01;9.138826e-01;8.885210e-02;7.132389e-01;9.755375e-02;5.916347e-01;5.453820e-01;1.908375e+00;2.841022e-01;8.428467e-01;7.196243e+01;1.583408e+02;1.246745e+02;2.398799e+02;2.842851e+02;5.522549e+02;3.447046e+02;1.177436e+03;2.451453e-01;9.807166e-01;1.380658e+02;4.692734e+02;4.402295e-01;3.760936e+00;7.638729e+04;3.107882e+05;6.836980e-01;2.728588e+00;7.120636e+00;1.792176e+01;4.065316e-01;-9.659930e-01;1.182826e-01;4.234957e-01;5.515749e-01;1.792405e+00;2.622276e+00;3.641091e+01;3.419519e+00;-1.668490e+01;6.174197e+00;1.982932e+01;5.163364e+00;2.567989e+00;4.198625e+00;2.993945e+00;6.262222e+00;-5.401225e+00;9.900126e+00;-1.079204e+00;8.142944e+00;1.392936e+01;7.778607e+00;4.742752e+00;5.341112e+00;-8.503882e+00;6.887339e+00;9.420352e+00;5.242379e+00;-4.152198e+00;6.322944e+00;-3.949631e+00;3.648233e+00;1.880525e-01;3.286435e-05;-4.614845e-06;6.668440e-08;-3.119471e-09;2.935551e-07;1.941336e-08;2.794582e-07;2.823958e-08;3.511703e-07;1.028519e-08;5.789880e-06;-6.643007e-07;8.143714e-02;-7.275426e-03;3.284875e-02;-1.763797e-03;7.794976e-03;-2.643796e-04;1.325496e-03;-1.070798e-05;9.242844e-03;-1.045010e-05;1.112764e-02;2.230555e-04;1.531246e-02;1.426701e-04;1.824268e-02;-3.687685e-04;3.887698e-02;-1.855036e-03;3.869348e-02;-3.233822e-03;3.406342e-02;-2.830740e-03;4.308960e-02;-3.633525e-03;3.950959e-02;-2.202064e-03;3.394404e-02;-1.113782e-03;3.522565e-02;1.044221e-03;7.738218e-02;3.071319e-04;5.315426e-02;-9.379382e-04;7.255490e-02;-2.294458e-03;9.425281e-02;-1.779210e-03;7.074150e-02;7.744225e-04;5.764423e-02;-3.322779e-03;8.360346e-02;-5.060419e-03;8.427696e-02;-5.573539e-03;7.663948e-02;-6.878257e-03;6.785620e-02;-4.381689e-03;7.469440e-02;-2.052065e-03;5.445289e-02;1.246355e-04;5.316419e-02;-4.791645e-04;2.768201e-02;-5.536946e-04;2.325584e-02;8.652917e-05;1.688794e-01;-1.137554e-02;1.051009e-01;-3.283669e-03;1.570278e+01;3.158203e-01;2.983409e+01;2.153320e-01;7.920129e+01;-8.900391e-01;1.199613e+02;4.163086e-01;9.308704e-02;2.174749e-03;3.650240e+01;-2.312666e-01;1.257490e-01;-1.049498e-03;2.450716e+04;-5.455854e+02;2.173785e-01;5.570799e-03;2.648762e+00;1.285183e-01;1.171594e-01;3.251752e-03;3.035168e-02;-1.494215e-04;1.440328e-01;-8.853679e-03;6.302201e-01;1.588100e-02;9.347475e-01;2.042252e-02;1.481356e+00;-8.005226e-02;1.539251e+00;1.548338e-01;1.322912e+00;4.459953e-02;1.575764e+00;-8.006694e-02;2.448664e+00;3.097209e-03;1.770802e+00;-1.678475e-01;1.509661e+00;-7.247041e-02;1.796501e+00;3.852997e-02;1.994802e+00;-5.612288e-02;1.700143e+00;-5.046386e-02;1.493554e+00;-7.654868e-03;1.081399e+00;1.542914e-02
259.000000;1.543726e+01;8.595913e+01;2.052462e-02;7.732717e-01;5.390655e-02;4.045665e-02;6.955203e-02;6.582933e-02;1.111106e-01;1.733039e-01;2.488747e+00;7.613578e+00;2.661587e-01;2.596599e+00;1.176087e-01;1.003949e+00;3.453965e-02;1.518844e-01;6.736103e-03;2.740615e-02;4.734775e-02;1.457807e-01;5.613868e-02;2.715788e-01;4.371636e-02;4.181330e-01;5.485041e-02;5.555594e-01;1.216052e-01;6.717373e-01;1.968459e-01;7.993200e-01;1.424847e-01;8.548518e-01;9.924767e-02;9.099574e-01;9.400307e-02;9.674053e-01;1.549118e-01;1.043450e+00;1.277525e-01;1.149290e+00;2.302860e-01;1.158088e+00;2.024356e-01;1.249612e+00;2.562774e-01;1.296873e+00;3.025232e-01;1.322849e+00;3.464594e-01;1.470232e+00;2.556531e-01;1.439000e+00;3.742834e-01;1.473875e+00;3.834360e-01;1.461583e+00;3.151253e-01;1.426613e+00;2.140951e-01;1.358302e+00;2.925715e-01;1.268095e+00;1.818399e-01;1.099321e+00;1.777492e-01;9.258828e-01;9.377278e-02;7.550212e-01;8.342201e-02;6.102730e-01;5.898919e-01;1.791388e+00;2.813497e-01;7.900316e-01;8.095721e+01;1.375254e+02;1.458940e+02;2.026992e+02;3.291588e+02;4.674141e+02;4.349085e+02;1.005601e+03;3.274527e-01;1.120519e+00;1.752542e+02;4.080612e+02;5.598434e-01;3.558255e+00;9.783011e+04;2.755758e+05;9.961166e-01;3.147624e+00;1.775894e+01;2.621927e+01;4.894356e-01;-1.139050e+00;1.519284e-01;3.675708e-01;5.188120e-01;1.402908e+00;2.267147e+00;3.673046e+01;3.751952e+00;-1.635414e+01;6.416233e+00;1.988384e+01;6.984254e+00;6.743040e+00;5.942232e+00;2.593809e+00;6.521583e+00;-4.718400e+00;8.402998e+00;-1.066792e-01;7.385551e+00;1.174651e+01;6.058587e+00;4.479803e+00;7.591177e+00;-3.107006e+00;8.062254e+00;1.031944e+01;5.039789e+00;-3.688469e+00;6.577185e+00;-1.953657e+00;3.469049e+00;1.153616e-01;3.181267e-05;-3.485711e-06;6.197550e-08;5.169908e-09;2.379002e-07;-1.859094e-08;2.455224e-07;-7.860789e-09;5.891562e-07;3.445043e-08;7.023974e-06;9.805927e-07;9.521198e-02;-4.159972e-04;3.821737e-02;1.517895e-03;7.962485e-03;5.889874e-04;1.386834e-03;-4.736711e-05;1.050218e-02;8.208394e-04;1.413404e-02;4.594509e-04;1.405210e-02;-2.058474e-04;1.795594e-02;8.885913e-05;3.364640e-02;-2.342666e-03;5.937475e-02;5.399893e-04;4.313454e-02;2.807910e-03;3.781336e-02;2.034394e-04;3.601683e-02;1.693613e-04;4.834909e-02;-2.572205e-03;4.036775e-02;4.710744e-03;6.679775e-02;2.415069e-03;6.212649e-02;2.248832e-03;8.177140e-02;3.582105e-04;1.005197e-01;1.623397e-03;1.034666e-01;5.134088e-04;6.980024e-02;2.597443e-03;1.009818e-01;4.060091e-03;1.092672e-01;1.927105e-03;9.242932e-02;3.804100e-03;6.832084e-02;3.690628e-03;7.726894e-02;2.675773e-03;5.416949e-02;2.967736e-03;5.241420e-02;1.610218e-03;3.231218e-02;2.684436e-03;2.280510e-02;1.608931e-03;1.823237e-01;-1.346993e-02;1.066419e-01;2.354303e-03;1.456833e+01;-1.650879e+00;2.883357e+01;-2.383008e+00;7.480774e+01;-3.775488e+00;9.649676e+01;-3.215625e+00;1.166868e-01;2.489282e-03;3.232644e+01;-2.361674e+00;1.081600e-01;-1.018772e-02;2.292850e+04;-3.547105e+02;2.144661e-01;8.608898e-03;4.136510e+00;2.062900e-01;1.221911e-01;-8.405768e-03;2.677595e-02;-2.364384e-03;1.563296e-01;-2.826083e-03;6.170165e-01;-1.185609e-02;9.596508e-01;2.551725e-02;1.573157e+00;2.044296e-02;1.441527e+00;1.848818e-01;1.848163e+00;1.508322e-01;1.415311e+00;1.145263e-01;2.316724e+00;1.314283e-01;1.921908e+00;1.542737e-01;1.905716e+00;1.665405e-01;1.936346e+00;1.450265e-01;2.570176e+00;-5.773583e-02;1.450458e+00;-4.983039e-02;1.847174e+00;9.552883e-02;1.237499e+00;1.218732e-01
259.500000;2.685217e+01;7.900961e+01;2.980469e-02;7.761867e-01;8.258410e-02;4.175908e-02;5.564692e-02;4.252533e-02;1.250659e-01;1.603962e-01;1.603092e+01;5.159500e+00;2.376928e-01;2.648350e+00;1.157934e-01;1.019925e+00;2.690262e-02;1.643337e-01;9.290023e-03;2.761149e-02;5.693291e-02;1.541418e-01;5.057866e-02;2.881981e-01;3.463970e-02;4.323730e-01;6.237364e-02;5.749503e-01;7.194684e-02;6.688616e-01;2.387628e-01;7.973085e-01;1.527790e-01;8.268995e-01;1.312838e-01;9.324286e-01;1.892491e-01;1.005215e+00;1.905652e-01;1.034582e+00;1.834517e-01;1.146119e+00;2.357059e-01;1.172263e+00;2.122597e-01;1.246805e+00;2.681598e-01;1.321341e+00;3.200096e-01;1.359317e+00;3.605824e-01;1.482803e+00;1.938806e-01;1.460897e+00;3.308156e-01;1.504764e+00;4.567395e-01;1.523999e+00;4.067830e-01;1.532719e+00;1.685518e-01;1.408077e+00;2.472822e-01;1.254005e+00;2.093079e-01;1.081395e+00;2.115744e-01;9.390677e-01;1.167256e-01;7.536651e-01;1.099918e-01;6.158530e-01;6.582864e-01;1.976986e+00;2.996697e-01;8.422108e-01;6.717010e+01;1.159922e+02;1.275154e+02;1.688203e+02;2.927060e+02;3.956367e+02;5.104838e+02;9.575098e+02;2.181583e-01;1.227415e+00;1.828490e+02;3.720704e+02;5.491233e-01;3.447059e+00;1.343884e+05;2.694006e+05;1.080553e+00;3.437640e+00;2.117498e+01;3.116226e+01;3.893606e-01;-1.311903e+00;1.501087e-01;3.327546e-01;4.830061e-01;1.389090e+00;3.846428e+00;3.618668e+01;3.356812e+00;-1.559660e+01;5.231752e+00;2.032220e+01;6.263008e+00;9.608873e+00;7.194993e+00;3.458940e+00;4.405736e+00;-3.409498e+00;7.147629e+00;-4.342122e-01;8.522825e+00;1.032639e+01;9.662166e+00;1.482995e+00;1.021468e+01;-3.395159e+00;8.078311e+00;1.111184e+01;6.044535e+00;-5.890817e+00;9.140824e+00;3.047031e-01;3.894360e+00;9.330265e-01;4.416030e-05;-7.115646e-06;7.726209e-08;8.484300e-09;2.954223e-07;-7.023887e-08;1.762968e-07;-4.738188e-08;6.062152e-07;6.378660e-09;7.567037e-05;1.541129e-06;7.854596e-02;1.358721e-03;3.104521e-02;1.018926e-03;6.685668e-03;4.398163e-04;1.504849e-03;-7.482995e-05;1.133933e-02;2.353666e-04;1.505005e-02;-2.961031e-04;1.446019e-02;1.753739e-04;2.070333e-02;1.288635e-03;2.337145e-02;4.316425e-04;7.033712e-02;-1.209429e-03;4.114061e-02;-1.647789e-03;4.461245e-02;-1.028608e-03;5.746580e-02;-1.187109e-03;5.330472e-02;-5.929534e-04;7.242810e-02;-2.051273e-03;7.226576e-02;4.655225e-04;6.202843e-02;4.781758e-04;7.171554e-02;5.799324e-04;1.025234e-01;8.238253e-04;1.134381e-01;-1.199910e-03;6.603685e-02;4.703854e-03;9.049226e-02;7.078551e-03;1.181192e-01;4.083937e-03;9.661205e-02;8.309267e-03;5.495820e-02;6.453017e-03;5.542562e-02;1.543572e-03;4.372238e-02;-6.523434e-04;3.791658e-02;3.082468e-04;2.655276e-02;-2.424845e-04;2.099749e-02;-3.588327e-04;2.514246e-01;8.940976e-03;1.013518e-01;-1.392405e-03;1.133719e+01;-7.177734e-01;2.474120e+01;-1.205859e+00;5.094880e+01;-1.837500e+00;9.708979e+01;-5.225390e+00;8.599751e-02;-2.623260e-03;2.922696e+01;-1.645447e+00;9.931292e-02;-6.643942e-03;2.547437e+04;-7.791113e+02;2.946976e-01;2.721201e-02;6.300241e+00;5.613891e-01;1.000406e-01;-5.577562e-03;2.393376e-02;-1.533341e-03;1.601274e-01;-4.387248e-03;6.767831e-01;-3.526836e-02;1.015177e+00;3.164450e-02;1.523800e+00;1.758868e-01;1.740625e+00;-7.083701e-02;2.322049e+00;2.844879e-02;1.441750e+00;9.170116e-02;2.275861e+00;-8.016715e-02;2.333513e+00;-3.704490e-03;2.638158e+00;-7.916353e-02;2.256147e+00;5.343119e-04;2.586549e+00;2.418832e-02;1.482003e+00;7.546538e-02;2.211825e+00;2.461421e-01;1.512486e+00;1.022127e-02
260.000000;2.850700e+01;7.594483e+01;3.256529e-02;7.714828e-01;1.065684e-01;5.969437e-02;7.325939e-02;4.562594e-02;1.037024e-01;1.277037e-01;1.618577e+01;5.481732e+00;2.366538e-01;2.806068e+00;1.233376e-01;1.039296e+00;2.827468e-02;1.543555e-01;9.405074e-03;3.035525e-02;5.289917e-02;1.360747e-01;4.095769e-02;2.775533e-01;3.352135e-02;4.195018e-01;6.402238e-02;5.723553e-01;5.833080e-02;6.737174e-01;2.007155e-01;7.709047e-01;1.452217e-01;8.625649e-01;1.599088e-01;9.407146e-01;2.118569e-01;1.030432e+00;2.231954e-01;1.098329e+00;2.149041e-01;1.150552e+00;1.985550e-01;1.170825e+00;1.782280e-01;1.215125e+00;2.683866e-01;1.370948e+00;3.176533e-01;1.431278e+00;2.577317e-01;1.433340e+00;2.230510e-01;1.475425e+00;3.553607e-01;1.584505e+00;4.518871e-01;1.654472e+00;3.931772e-01;1.628488e+00;2.917488e-01;1.408042e+00;3.195827e-01;1.311761e+00;2.586770e-01;1.114873e+00;2.388481e-01;9.289386e-01;1.301463e-01;7.475420e-01;1.381178e-01;6.134458e-01;6.251233e-01;2.024844e+00;3.119019e-01;9.837075e-01;6.796355e+01;1.336494e+02;1.326911e+02;2.055703e+02;2.829644e+02;4.764580e+02;4.619175e+02;1.255242e+03;2.103788e-01;1.214668e+00;1.694391e+02;4.454403e+02;5.018190e-01;3.718315e+00;1.222560e+05;3.466698e+05;1.086976e+00;3.009678e+00;1.999414e+01;2.305070e+01;4.017141e-01;-1.159534e+00;1.407396e-01;3.910103e-01;4.184230e-01;1.507111e+00;3.719227e+00;3.411561e+01;3.561685e+00;-1.664650e+01;5.577944e+00;2.207002e+01;6.432887e+00;5.681219e+00;6.525615e+00;4.658742e+00;5.492757e+00;-1.931075e+00;6.024592e+00;-3.220289e+00;8.702791e+00;8.676270e+00;8.866838e+00;-3.919848e+00;8.869516e+00;-8.479371e+00;7.685230e+00;1.147428e+01;6.287415e+00;-6.034776e+00;1.024803e+01;-6.241237e-01;4.722369e+00;3.356123e+00;4.894927e-05;-6.109101e-06;8.685695e-08;-9.564271e-09;3.309686e-07;-3.975521e-08;2.553079e-07;-7.053320e-10;3.966989e-07;8.649503e-09;7.576619e-05;-9.807449e-07;7.508752e-02;4.053082e-03;2.844678e-02;-4.824333e-04;6.708298e-03;-6.282458e-04;1.849151e-03;1.686823e-04;1.121976e-02;-2.988966e-04;1.346781e-02;-5.266410e-04;1.209411e-02;-5.027717e-04;2.050079e-02;-2.033556e-04;1.747704e-02;1.151536e-03;6.034551e-02;1.251617e-03;3.748042e-02;-2.415067e-03;5.219163e-02;-1.992652e-04;6.625735e-02;7.860098e-04;6.468252e-02;6.496481e-03;8.495412e-02;-6.393836e-03;6.699194e-02;-3.429372e-03;5.033373e-02;-2.836764e-03;7.020667e-02;5.654449e-03;1.025721e-01;4.111634e-03;8.394302e-02;1.514737e-03;5.774831e-02;-1.521305e-04;7.494144e-02;-3.389345e-03;1.053303e-01;-4.684982e-04;8.564441e-02;-1.871458e-04;5.635764e-02;-2.655966e-03;6.671913e-02;-3.678979e-03;5.335670e-02;-2.250816e-03;4.080357e-02;-1.140592e-03;2.911161e-02;-1.881170e-03;2.508759e-02;-8.990967e-04;2.467654e-01;4.014067e-03;1.030387e-01;4.232088e-03;1.508076e+01;1.435547e+00;3.488408e+01;4.306641e+00;6.884284e+01;9.646875e+00;1.205612e+02;1.149873e+01;7.104736e-02;-1.987130e-03;3.805540e+01;5.072143e+00;1.178704e-01;1.585576e-02;3.074869e+04;3.411952e+03;3.200403e-01;-2.758201e-02;6.378076e+00;-4.369271e-01;9.769410e-02;8.927351e-03;3.101717e-02;4.009196e-03;1.527238e-01;1.860172e-03;7.130186e-01;-3.534504e-02;1.021973e+00;-1.219363e-01;1.410169e+00;3.175567e-02;1.797426e+00;-1.122671e-01;2.173527e+00;-1.841087e-01;1.609597e+00;-3.099936e-02;2.318522e+00;-3.269846e-02;2.474253e+00;-7.130989e-02;2.502294e+00;-2.596230e-01;2.374246e+00;-9.133062e-02;2.417639e+00;3.264156e-01;1.441813e+00;1.011922e-01;2.420680e+00;-1.364860e-01;1.556080e+00;-5.672843e-02
260.500000;1.543221e+01;7.474125e+01;2.779795e-02;7.668501e-01;1.211194e-01;7.410395e-02;1.029160e-01;7.074655e-02;1.265915e-01;1.572489e-01;3.231479e+00;8.128258e+00;2.340751e-01;2.801150e+00;1.017252e-01;1.013995e+00;2.990334e-02;1.497306e-01;6.387790e-03;2.951499e-02;4.531120e-02;1.241713e-01;3.670111e-02;2.743058e-01;4.004942e-02;4.190735e-01;4.887291e-02;5.525281e-01;9.191245e-02;6.765531e-01;1.342708e-01;7.791457e-01;1.293196e-01;9.342101e-01;1.474739e-01;9.337976e-01;1.650735e-01;1.017911e+00;2.444883e-01;1.095587e+00;2.330793e-01;1.129279e+00;1.989869e-01;1.174192e+00;1.977533e-01;1.210010e+00;2.681704e-01;1.232695e+00;2.547035e-01;1.283293e+00;1.995426e-01;1.373759e+00;2.460371e-01;1.511372e+00;3.228375e-01;1.538936e+00;3.709196e-01;1.496997e+00;3.543788e-01;1.409769e+00;2.965755e-01;1.386832e+00;3.368470e-01;1.315402e+00;2.452760e-01;1.136301e+00;1.986306e-01;9.362963e-01;1.489472e-01;7.886721e-01;1.157151e-01;6.327695e-01;4.398873e-01;1.824905e+00;3.395720e-01;9.819682e-01;6.802493e+01;1.412578e+02;1.286958e+02;2.110254e+02;2.390542e+02;4.819131e+02;3.058086e+02;1.263281e+03;2.458184e-01;1.176850e+00;1.299876e+02;4.452431e+02;4.144582e-01;3.771292e+00;8.218067e+04;3.272924e+05;7.722450e-01;2.935245e+00;1.308878e+01;2.098272e+01;4.219266e-01;-1.099262e+00;1.147350e-01;3.976035e-01;3.846255e-01;1.431065e+00;2.954025e+00;3.444741e+01;3.804096e+00;-1.649048e+01;6.833519e+00;1.866300e+01;5.707845e+00;4.152867e+00;7.143577e+00;2.060445e+00;5.803976e+00;7.103819e-01;8.056069e+00;-4.253460e+00;1.126023e+01;5.233342e+00;1.053108e+01;1.519310e+00;9.448514e+00;-5.774244e+00;1.310763e+01;2.202564e+00;7.730977e+00;-2.982679e+00;8.158019e+00;-1.634552e+00;7.614236e+00;1.397289e+00;4.786870e-05;4.035236e-06;7.494952e-08;-1.212400e-08;4.076263e-07;-4.256377e-08;3.644977e-07;2.318624e-09;4.321822e-07;4.826637e-09;8.247408e-06;-1.293274e-06;7.213128e-02;2.427788e-03;2.479856e-02;4.938834e-04;6.615433e-03;-6.419771e-04;1.739782e-03;1.492819e-04;1.010960e-02;-7.912975e-04;1.267840e-02;-5.027137e-06;1.116212e-02;-6.089676e-05;1.608940e-02;-1.348407e-04;2.453148e-02;7.071476e-04;3.861543e-02;2.082720e-03;4.261613e-02;3.759146e-03;5.319461e-02;2.922187e-03;6.059374e-02;3.724358e-03;7.361452e-02;1.686301e-03;9.684453e-02;-3.195274e-04;5.494343e-02;1.945788e-03;6.102404e-02;2.100362e-03;6.402797e-02;7.595370e-04;7.252764e-02;3.105922e-03;6.845415e-02;4.239200e-03;5.662959e-02;-8.288868e-04;6.987294e-02;-3.011536e-03;8.496407e-02;1.513157e-03;8.067886e-02;-3.064940e-04;5.751181e-02;-4.079599e-03;7.570454e-02;-4.962620e-03;5.698066e-02;-1.562681e-03;3.852941e-02;2.884703e-04;3.983457e-02;2.664287e-04;2.458576e-02;-1.963514e-04;1.590177e-01;-5.187080e-03;1.035634e-01;2.173630e-03;1.603310e+01;1.492969e+00;3.372226e+01;2.469141e+00;7.052779e+01;4.191797e+00;1.045603e+02;8.441015e+00;7.787815e-02;-1.495596e-03;3.572791e+01;3.277850e+00;1.028805e-01;1.155536e-02;2.523008e+04;1.387639e+03;2.261267e-01;-3.417850e-02;3.972858e+00;-6.951259e-01;1.004100e-01;8.503526e-03;2.955016e-02;3.030318e-03;1.395290e-01;2.087684e-03;6.495990e-01;-4.738283e-04;1.047606e+00;-8.553211e-02;1.150301e+00;-1.939861e-01;1.558597e+00;-6.456650e-02;1.828340e+00;-2.332949e-01;2.026708e+00;-3.654898e-02;2.706982e+00;-7.085390e-02;2.507978e+00;-6.187211e-02;2.056898e+00;5.082063e-02;2.390019e+00;-9.059244e-02;2.422006e+00;-1.952498e-01;1.891121e+00;-1.870292e-01;2.474804e+00;-1.035360e-01;1.666660e+00;-7.075097e-02
261.000000;1.585249e+01;9.463686e+01;2.508118e-02;7.649574e-01;1.016616e-01;8.310750e-02;8.738797e-02;8.097690e-02;1.199448e-01;1.827537e-01;2.048204e+00;6.506102e+00;2.380408e-01;2.632817e+00;7.619173e-02;9.643530e-01;2.719503e-02;1.473799e-01;5.967599e-03;2.719451e-02;6.694923e-02;1.465611e-01;3.869619e-02;2.812379e-01;3.844532e-02;4.238257e-01;6.399429e-02;5.584585e-01;1.162744e-01;6.845164e-01;9.229821e-02;7.810758e-01;1.347092e-01;8.628163e-01;1.763043e-01;9.400908e-01;1.496837e-01;9.695203e-01;1.980875e-01;1.042254e+00;2.320655e-01;1.109432e+00;2.063187e-01;1.200194e+00;2.101840e-01;1.230533e+00;3.133526e-01;1.239702e+00;3.565598e-01;1.341706e+00;1.906536e-01;1.272803e+00;2.545691e-01;1.376075e+00;2.505983e-01;1.357426e+00;3.055887e-01;1.292014e+00;3.366636e-01;1.250004e+00;2.424884e-01;1.254325e+00;2.490189e-01;1.168057e+00;2.174555e-01;1.050724e+00;1.785358e-01;9.105747e-01;1.445641e-01;7.484578e-01;9.372040e-02;5.807948e-01;5.194573e-01;1.951793e+00;3.121551e-01;8.612801e-01;6.434245e+01;1.439854e+02;1.127922e+02;2.108818e+02;2.253715e+02;4.519102e+02;2.988609e+02;1.103074e+03;2.526344e-01;1.084080e+00;1.259509e+02;4.157513e+02;4.104486e-01;3.682741e+00;7.224462e+04;2.624638e+05;6.730199e-01;3.052939e+00;1.480437e+01;2.487264e+01;3.868642e-01;-1.070502e+00;1.090376e-01;3.823268e-01;4.805156e-01;1.633166e+00;4.416494e+00;3.825314e+01;3.417777e+00;-1.556779e+01;5.040924e+00;1.428626e+01;9.184220e+00;1.034849e+01;5.383934e+00;-1.325023e+00;6.400812e+00;-1.570507e+00;8.201609e+00;-4.216038e+00;1.034886e+01;3.161747e+00;8.089146e+00;7.306068e+00;9.675645e+00;-7.320150e+00;1.336688e+01;2.304861e+00;7.572933e+00;-4.635488e+00;7.556864e+00;-2.805524e+00;7.805578e+00;-2.766131e-01;4.377334e-05;4.476909e-06;7.075144e-08;8.575170e-09;3.953105e-07;-5.442937e-08;3.266776e-07;-2.840238e-08;4.846449e-07;-2.960793e-08;6.063073e-06;7.378139e-07;6.011267e-02;-5.439894e-03;1.870271e-02;2.079646e-04;6.546875e-03;4.696155e-04;1.228951e-03;-2.790375e-04;1.479978e-02;4.037777e-04;1.182569e-02;8.259391e-04;1.153125e-02;9.666150e-04;1.660653e-02;-8.312774e-04;2.904621e-02;-1.338061e-03;1.680538e-02;-6.668665e-04;3.708386e-02;3.041404e-04;6.068306e-02;-3.084014e-04;5.371997e-02;-8.817110e-04;5.840551e-02;-3.560403e-03;9.163539e-02;1.216579e-03;5.344738e-02;-3.420372e-04;6.123738e-02;-6.561269e-04;6.601673e-02;-3.810804e-03;7.120939e-02;-1.654805e-03;6.218556e-02;1.693708e-03;4.656000e-02;1.040073e-03;5.879744e-02;1.268205e-03;6.962552e-02;-7.106316e-04;7.928840e-02;-1.989595e-03;5.317536e-02;3.302293e-03;6.248604e-02;3.363292e-03;5.000769e-02;3.063105e-03;3.539360e-02;2.061478e-03;3.657652e-02;1.591084e-03;2.191699e-02;1.057509e-03;1.706742e-01;1.757822e-04;8.978448e-02;-7.368384e-03;1.345538e+01;-1.248926e+00;2.407193e+01;-3.904687e+00;5.212772e+01;-9.273633e+00;8.253549e+01;-1.310654e+01;8.554133e-02;-2.997487e-03;2.667762e+01;-5.008999e+00;8.492010e-02;-1.452245e-02;1.552025e+04;-3.742531e+03;1.874522e-01;3.551623e-02;4.220546e+00;6.710343e-01;1.015262e-01;-5.732540e-03;2.301478e-02;-3.841184e-03;1.394438e-01;3.666073e-03;5.985907e-01;7.907654e-02;1.020656e+00;1.365154e-01;1.334012e+00;-2.702694e-02;1.479126e+00;2.054129e-01;1.593595e+00;3.623950e-02;1.999605e+00;1.587758e-02;2.391983e+00;1.422571e-01;2.369251e+00;-9.719658e-02;1.809754e+00;2.460886e-01;2.115928e+00;6.654433e-02;2.369378e+00;-1.897182e-01;2.040081e+00;-1.030927e-01;2.261858e+00;-2.244457e-02;1.674045e+00;-2.858305e-02
261.500000;1.181551e+01;1.057392e+02;2.241563e-02;7.636209e-01;8.342163e-02;7.806407e-02;9.947936e-02;8.760178e-02;7.769821e-02;1.410278e-01;1.926804e+00;6.448149e+00;2.701303e-01;2.609192e+00;1.510883e-01;1.006068e+00;2.104239e-02;1.480053e-01;9.482829e-03;2.794155e-02;6.587026e-02;1.567957e-01;3.659545e-02;2.872156e-01;3.373450e-02;4.311660e-01;6.752686e-02;5.535657e-01;1.010196e-01;6.621866e-01;1.007096e-01;7.773038e-01;9.313671e-02;8.240585e-01;1.915496e-01;9.404410e-01;2.111534e-01;1.003754e+00;1.384088e-01;1.065169e+00;1.820252e-01;1.105143e+00;2.076158e-01;1.203160e+00;1.904558e-01;1.223728e+00;3.208733e-01;1.362506e+00;3.668530e-01;1.451226e+00;2.823430e-01;1.367544e+00;2.567616e-01;1.364946e+00;3.565413e-01;1.411226e+00;6.465336e-01;1.615606e+00;6.529385e-01;1.593992e+00;4.331988e-01;1.359612e+00;2.818087e-01;1.204878e+00;2.061813e-01;1.051388e+00;1.399415e-01;8.784935e-01;7.579201e-02;6.860645e-01;9.533354e-02;5.765936e-01;5.155661e-01;2.005960e+00;3.142498e-01;8.504406e-01;5.228919e+01;1.399658e+02;9.693195e+01;2.100205e+02;2.884806e+02;4.722949e+02;4.363255e+02;1.099772e+03;2.616544e-01;1.089263e+00;1.504712e+02;4.203606e+02;4.747291e-01;3.657702e+00;1.125402e+05;2.681289e+05;9.776551e-01;3.052018e+00;2.194729e+01;2.697598e+01;3.100023e-01;-1.063033e+00;1.218542e-01;3.834532e-01;3.657741e-01;1.782640e+00;3.996905e+00;3.949950e+01;3.788602e+00;-1.609699e+01;5.127796e+00;1.668305e+01;8.873096e+00;1.165502e+01;5.193185e+00;2.246546e+00;5.735081e+00;-2.655255e+00;6.139596e+00;-3.156042e+00;6.175457e+00;6.027388e+00;8.480564e+00;2.793974e+00;6.873353e+00;-1.193722e+01;8.005457e+00;1.021823e+01;5.084227e+00;-8.337450e+00;6.399076e+00;-6.268528e+00;5.439519e+00;1.133003e+00;4.401751e-05;-6.407997e-07;7.182668e-08;6.273545e-09;4.563767e-07;2.670229e-09;5.046364e-07;-4.343285e-09;4.267607e-07;-1.175132e-09;5.556774e-06;2.545356e-07;7.467407e-02;-1.261321e-03;3.545038e-02;-6.394698e-04;6.325725e-03;5.426631e-04;1.520531e-03;-1.560847e-04;1.542716e-02;8.448915e-04;1.060311e-02;3.938959e-05;9.701828e-03;-1.189685e-04;1.364669e-02;-7.508434e-04;2.530197e-02;-1.565837e-03;3.233160e-02;1.476262e-04;2.816360e-02;-3.311033e-04;7.305630e-02;-1.178888e-03;7.275018e-02;-2.207354e-03;4.602398e-02;-2.415847e-03;6.184574e-02;-3.627790e-05;7.310083e-02;3.760617e-04;4.769409e-02;-2.404425e-03;7.251399e-02;4.663829e-04;8.677913e-02;-1.205068e-03;6.317065e-02;-3.205372e-03;4.230753e-02;-1.553348e-04;8.594643e-02;-5.508989e-05;1.466113e-01;-7.885156e-05;1.449682e-01;-2.778566e-03;9.782994e-02;-1.644996e-03;6.518909e-02;1.810388e-03;4.910941e-02;5.038510e-04;4.110847e-02;-1.230222e-03;2.737686e-02;5.515330e-04;2.559328e-02;-3.294757e-06;1.546835e-01;1.400591e-03;1.003770e-01;-5.059451e-04;1.148900e+01;-1.119727e+00;2.244566e+01;-1.808789e+00;5.441601e+01;-3.861621e+00;9.983286e+01;-5.756543e+00;9.270367e-02;4.801058e-03;2.877556e+01;-2.478481e+00;1.014015e-01;-9.550084e-03;2.275775e+04;-1.045372e+03;2.323828e-01;1.810964e-02;6.115722e+00;4.070353e-01;8.967300e-02;-7.366395e-03;2.355412e-02;-2.268239e-03;1.310419e-01;5.624376e-03;7.367792e-01;5.474512e-02;9.090112e-01;3.707082e-02;1.448517e+00;1.139570e-01;1.762497e+00;1.073177e-01;1.463032e+00;1.623257e-01;1.727777e+00;8.798341e-02;1.788046e+00;1.069722e-01;1.810220e+00;2.077133e-01;2.315292e+00;6.791133e-02;2.421005e+00;3.996672e-02;2.182366e+00;1.571423e-01;1.657437e+00;1.519852e-02;1.962598e+00;-1.102513e-01;1.340620e+00;1.149344e-01
262.000000;2.088250e+01;1.090954e+02;1.680918e-02;7.549052e-01;1.042105e-01;1.059163e-01;1.094743e-01;1.159158e-01;1.182742e-01;1.549501e-01;2.012365e+00;5.829520e+00;3.004467e-01;2.629471e+00;1.655066e-01;1.018528e+00;2.541537e-02;1.397938e-01;9.060147e-03;3.065634e-02;5.072429e-02;1.251643e-01;4.550691e-02;2.594855e-01;3.289610e-02;4.223083e-01;5.947670e-02;5.570331e-01;1.103999e-01;6.797161e-01;1.254605e-01;7.723124e-01;1.138925e-01;8.526936e-01;1.526429e-01;9.574400e-01;1.997479e-01;1.069769e+00;1.604530e-01;1.041966e+00;1.568281e-01;1.060526e+00;2.468935e-01;1.170071e+00;1.883962e-01;1.230548e+00;2.543571e-01;1.292159e+00;2.694304e-01;1.355326e+00;2.489989e-01;1.434266e+00;2.567101e-01;1.462636e+00;3.765002e-01;1.514851e+00;6.229860e-01;1.636560e+00;6.553322e-01;1.606059e+00;4.507436e-01;1.481069e+00;3.388505e-01;1.273196e+00;2.349275e-01;1.061946e+00;1.908804e-01;8.632709e-01;1.259576e-01;7.051484e-01;1.021913e-01;5.962070e-01;4.449437e-01;1.953408e+00;3.292898e-01;7.554096e-01;6.285975e+01;1.623604e+02;1.098448e+02;2.509336e+02;2.926501e+02;5.577100e+02;4.448697e+02;1.153749e+03;2.126913e-01;1.121472e+00;1.597856e+02;4.670535e+02;4.754393e-01;3.792783e+00;1.125827e+05;2.817123e+05;1.021159e+00;2.898583e+00;1.981365e+01;2.492667e+01;3.558469e-01;-9.587146e-01;1.314449e-01;4.259825e-01;4.503849e-01;1.717049e+00;3.617029e+00;3.886516e+01;4.908844e+00;-1.768390e+01;4.702982e+00;1.716880e+01;6.067605e+00;4.946383e+00;6.149632e+00;1.599417e+00;6.582407e+00;-7.738183e-01;6.947403e+00;-2.297673e+00;7.931761e+00;8.989825e+00;1.009435e+01;-3.143705e+00;7.121605e+00;-1.367019e+01;6.855887e+00;6.381228e+00;6.404657e+00;-6.522997e+00;6.590411e+00;-4.466841e+00;4.318653e+00;6.840472e-01;7.669367e-05;1.454359e-05;6.770428e-08;-2.274827e-09;5.262424e-07;7.569904e-09;5.932050e-07;1.263657e-08;5.124589e-07;1.214671e-08;5.764120e-06;-9.138902e-07;7.521828e-02;2.124554e-04;3.827255e-02;-1.483359e-03;4.873283e-03;-5.614504e-04;1.613794e-03;1.363064e-04;9.925408e-03;-8.822388e-04;1.054513e-02;-8.181260e-04;9.162291e-03;-1.341161e-04;1.273176e-02;8.062139e-04;3.456083e-02;1.818735e-03;3.346525e-02;-1.764788e-03;2.779497e-02;4.175192e-04;6.613852e-02;2.418458e-04;7.778932e-02;4.336193e-04;5.440130e-02;2.040084e-04;5.467390e-02;8.100193e-04;7.945737e-02;1.498820e-03;5.005572e-02;5.504588e-04;5.859373e-02;4.439861e-05;7.507917e-02;5.034429e-05;6.741208e-02;-3.597467e-03;5.500478e-02;-4.628569e-03;9.395992e-02;-2.761802e-03;1.506510e-01;-5.064949e-03;1.479728e-01;-4.530358e-03;1.144568e-01;-6.503495e-03;7.755391e-02;-3.760273e-03;5.278669e-02;-3.372629e-03;4.594608e-02;-2.805924e-03;2.694897e-02;-2.643381e-03;2.675014e-02;-2.175197e-03;1.133064e-01;4.923422e-03;9.382840e-02;-5.837791e-04;1.241674e+01;1.550391e+00;2.371591e+01;2.569629e+00;6.101050e+01;4.852149e+00;9.821813e+01;5.957520e+00;7.548327e-02;2.140572e-03;3.176534e+01;3.019617e+00;1.049904e-01;8.179053e-03;2.536880e+04;5.621065e+02;2.197441e-01;-2.597611e-02;5.295579e+00;-5.082365e-01;7.014883e-02;6.471731e-03;2.555792e-02;2.910537e-03;1.151889e-01;-1.687994e-03;8.552197e-01;3.809401e-02;9.828502e-01;-1.417552e-01;1.384803e+00;-1.517891e-01;1.682974e+00;-1.931039e-01;1.461869e+00;-1.375410e-01;1.948555e+00;-1.049486e-01;2.120710e+00;-1.276397e-01;1.916177e+00;-8.944642e-02;2.496998e+00;-2.983564e-01;2.461781e+00;-2.426739e-01;1.706661e+00;-1.375696e-01;1.490126e+00;2.958439e-02;2.121007e+00;5.716212e-03;1.243362e+00;4.012397e-02
262.500000;4.381350e+01;1.243163e+02;1.464423e-02;7.557791e-01;8.912547e-02;1.235443e-01;7.708474e-02;1.084376e-01;1.402598e-01;1.813124e-01;1.125229e+01;3.073121e+00;2.698101e-01;2.528906e+00;1.406626e-01;9.954297e-01;2.758611e-02;1.340093e-01;5.903140e-03;2.936634e-02;8.470549e-02;1.385546e-01;6.437476e-02;2.596316e-01;3.385190e-02;4.140241e-01;4.896942e-02;5.654854e-01;9.406878e-02;7.114202e-01;1.246979e-01;7.816865e-01;1.212370e-01;8.571674e-01;1.281078e-01;9.229781e-01;1.627078e-01;9.750764e-01;1.479578e-01;1.039855e+00;1.378021e-01;1.078537e+00;3.386146e-01;1.190393e+00;1.953832e-01;1.248466e+00;2.350421e-01;1.293442e+00;2.690658e-01;1.358953e+00;1.859250e-01;1.354999e+00;2.541793e-01;1.393440e+00;3.417507e-01;1.472635e+00;4.978170e-01;1.485403e+00;5.370700e-01;1.475038e+00;3.582372e-01;1.372407e+00;3.133076e-01;1.230352e+00;1.949616e-01;1.055129e+00;2.199409e-01;9.047468e-01;1.423093e-01;7.250083e-01;1.003184e-01;5.763420e-01;5.209128e-01;2.247994e+00;2.264750e-01;6.191570e-01;7.596892e+01;1.804482e+02;1.091661e+02;2.650020e+02;2.519414e+02;5.523984e+02;3.107026e+02;1.064745e+03;2.193671e-01;1.092356e+00;1.326957e+02;4.661710e+02;3.372619e-01;3.753988e+00;6.481093e+04;2.514067e+05;8.560002e-01;2.899115e+00;1.396637e+01;2.432503e+01;3.748735e-01;-8.892415e-01;1.165105e-01;4.338523e-01;5.265583e-01;1.805980e+00;2.504325e+00;4.048471e+01;4.857909e+00;-1.827663e+01;7.704338e+00;1.607394e+01;3.755646e+00;2.184137e+00;5.687822e+00;-2.585887e+00;9.360415e+00;-4.477694e+00;8.501893e+00;-3.802568e+00;1.026135e+01;9.488932e+00;9.261037e+00;-4.694181e+00;5.366877e+00;-1.606144e+01;1.065722e+01;7.399985e+00;6.849494e+00;-5.127285e+00;6.089523e+00;-3.718521e+00;4.192413e+00;8.623167e-01;9.247254e-05;1.733597e-05;6.401224e-08;-9.688627e-10;3.956085e-07;-1.584363e-08;3.882329e-07;6.494109e-09;5.940990e-07;-7.416329e-09;5.772745e-05;-4.123023e-07;6.262870e-02;-9.137046e-04;3.041144e-02;2.295472e-04;5.684153e-03;-4.861124e-04;1.134240e-03;9.561601e-05;1.853993e-02;-6.505378e-04;1.264555e-02;-6.314347e-04;9.037707e-03;4.451304e-04;1.249982e-02;1.173049e-03;3.150107e-02;9.534062e-04;2.319367e-02;-2.188280e-04;3.431058e-02;-2.108864e-03;4.089657e-02;-2.030112e-05;5.316231e-02;1.498454e-03;5.248655e-02;1.348003e-03;4.267704e-02;1.625094e-03;8.142549e-02;4.657869e-03;6.009844e-02;2.182727e-03;6.153889e-02;-4.446144e-04;7.530988e-02;1.401484e-04;6.280337e-02;2.772304e-04;5.663264e-02;-2.519342e-03;7.170045e-02;-7.045351e-04;1.153818e-01;-3.426014e-03;1.106617e-01;-1.690132e-03;8.713696e-02;-2.870882e-04;6.898750e-02;9.045564e-04;4.502609e-02;1.099327e-03;4.349175e-02;2.362271e-03;2.905438e-02;-2.341922e-04;2.420736e-02;2.368477e-04;1.145510e-01;1.194441e-02;7.505792e-02;2.248265e-03;1.415815e+01;1.449902e+00;2.110793e+01;1.636523e+00;5.790199e+01;2.799316e+00;7.229333e+01;6.804492e+00;7.905693e-02;-4.647255e-03;2.586143e+01;2.386581e+00;7.891434e-02;6.121529e-03;1.780506e+04;7.550557e+02;1.850911e-01;-2.449673e-02;3.711279e+00;-4.922080e-01;8.096759e-02;6.948709e-03;2.205125e-02;2.218719e-03;1.097020e-01;-3.164601e-03;6.509000e-01;1.386276e-02;1.094187e+00;-5.856925e-02;1.734773e+00;-1.142595e-01;1.412055e+00;-3.728072e-02;1.287561e+00;-8.095696e-02;1.674167e+00;-2.752573e-01;2.150394e+00;-1.802788e-01;2.202243e+00;-1.881721e-01;1.999292e+00;-4.197071e-02;1.527770e+00;-7.397328e-02;2.190501e+00;1.564046e-04;1.555487e+00;4.782353e-02;1.988220e+00;3.359741e-02;1.148133e+00;9.310945e-03
263.000000;4.967025e+01;1.114263e+02;2.515394e-02;7.689046e-01;1.369878e-01;1.159689e-01;6.739188e-02;6.962404e-02;1.140339e-01;1.560451e-01;1.174099e+01;4.313874e+00;2.355953e-01;2.472754e+00;1.445016e-01;1.032375e+00;3.035762e-02;1.436792e-01;5.823486e-03;2.574956e-02;9.032315e-02;1.711033e-01;6.835895e-02;2.886184e-01;4.408537e-02;4.110388e-01;5.322340e-02;5.518626e-01;8.500454e-02;6.817899e-01;1.610389e-01;8.114489e-01;1.034020e-01;8.505391e-01;1.422237e-01;8.755996e-01;1.344857e-01;8.994488e-01;1.485713e-01;1.068320e+00;1.661355e-01;1.127074e+00;3.762041e-01;1.210253e+00;2.688949e-01;1.256353e+00;3.388389e-01;1.355968e+00;2.866825e-01;1.347953e+00;3.432606e-01;1.469558e+00;2.702571e-01;1.437133e+00;3.564173e-01;1.509492e+00;5.814831e-01;1.629954e+00;5.824643e-01;1.631052e+00;3.807194e-01;1.436108e+00;4.467604e-01;1.335220e+00;2.029586e-01;1.129128e+00;1.646783e-01;9.634403e-01;1.364047e-01;7.816353e-01;9.368063e-02;6.116647e-01;6.094268e-01;2.276877e+00;2.329808e-01;6.632903e-01;8.681202e+01;1.593457e+02;1.257017e+02;2.180596e+02;2.526700e+02;4.582266e+02;3.118210e+02;9.333926e+02;2.438510e-01;1.081926e+00;1.338091e+02;4.091412e+02;3.686424e-01;3.532174e+00;5.415409e+04;2.372823e+05;7.723559e-01;3.179806e+00;1.095138e+01;2.553684e+01;4.175906e-01;-1.020037e+00;1.255702e-01;3.809265e-01;5.521347e-01;1.541964e+00;2.741791e+00;3.959771e+01;3.722291e+00;-1.708655e+01;9.568606e+00;1.940196e+01;6.310107e+00;3.835249e+00;5.603514e+00;-1.935834e+00;8.046306e+00;-8.064947e+00;7.518073e+00;-6.194158e+00;1.209847e+01;9.925720e+00;9.111690e+00;-2.648930e-01;1.097190e+01;-9.318698e+00;1.230931e+01;1.500249e+01;6.443782e+00;-6.013279e+00;6.409001e+00;-5.067307e+00;4.495230e+00;1.377506e+00;7.791211e-05;-8.653410e-06;7.545344e-08;5.469350e-09;4.383097e-07;-7.205717e-10;2.673409e-07;-6.985926e-09;4.615852e-07;-2.654118e-08;5.781758e-05;1.204864e-06;6.822424e-02;2.149703e-03;3.447768e-02;1.423276e-03;6.666026e-03;7.218061e-04;8.877041e-04;-7.432604e-05;2.082366e-02;9.232969e-04;1.629643e-02;8.051509e-04;1.167529e-02;-7.074922e-04;1.448565e-02;2.469089e-04;2.967934e-02;3.969807e-04;4.149415e-02;-1.316904e-03;3.559556e-02;-5.793767e-04;3.541311e-02;8.195966e-04;5.013550e-02;-5.417310e-04;4.644486e-02;-1.562492e-03;4.240570e-02;3.310564e-03;8.880531e-02;3.548851e-03;7.369768e-02;5.188380e-03;7.809797e-02;2.780008e-03;8.297411e-02;-4.140835e-04;8.773340e-02;-9.425176e-04;5.719267e-02;2.900833e-03;7.335768e-02;1.242657e-03;1.300339e-01;2.728079e-03;1.177344e-01;2.656094e-03;9.707072e-02;4.490452e-03;1.082492e-01;3.188496e-03;6.509270e-02;2.432386e-03;4.439340e-02;2.344260e-03;3.734696e-02;1.506655e-03;2.203245e-02;1.560134e-03;1.688471e-01;-4.443626e-03;7.732169e-02;3.866009e-03;1.656549e+01;-1.722656e+00;2.327455e+01;-3.000293e+00;5.188495e+01;-4.852149e+00;7.084626e+01;-5.340234e+00;9.271722e-02;1.124505e-03;2.380537e+01;-2.946467e+00;7.654250e-02;-7.307776e-03;1.504683e+04;-4.481154e+01;1.776643e-01;1.168410e-02;3.157160e+00;2.104934e-02;9.497046e-02;-1.030323e-02;2.176695e-02;-2.964792e-03;1.453570e-01;-5.497314e-03;6.287167e-01;-5.754555e-02;9.907368e-01;1.033559e-01;1.762015e+00;1.992348e-01;1.710621e+00;1.640317e-01;1.466724e+00;2.043980e-01;1.702544e+00;-3.394163e-02;2.008151e+00;1.540236e-02;2.073884e+00;2.633589e-01;2.446232e+00;2.724257e-01;2.023807e+00;1.873080e-01;2.444497e+00;2.073484e-01;1.810929e+00;8.756828e-02;1.667593e+00;1.504355e-01;1.086330e+00;7.550945e-02
263.500000;3.045329e+01;9.129437e+01;3.136875e-02;7.736244e-01;1.504467e-01;8.889401e-02;1.342323e-01;9.041892e-02;1.128223e-01;1.713939e-01;3.628305e+00;7.665013e+00;2.553051e-01;2.537858e+00;1.301885e-01;1.035877e+00;3.040214e-02;1.508523e-01;1.083237e-02;2.701940e-02;6.225751e-02;1.549321e-01;4.972301e-02;2.850550e-01;4.781656e-02;4.116042e-01;6.598700e-02;5.428373e-01;1.057125e-01;6.523904e-01;1.801512e-01;7.956842e-01;1.033454e-01;8.246921e-01;1.948043e-01;9.089788e-01;2.543329e-01;9.944986e-01;2.685046e-01;1.092799e+00;1.672188e-01;1.143636e+00;2.718196e-01;1.186253e+00;2.414786e-01;1.258223e+00;3.222188e-01;1.387955e+00;2.549315e-01;1.359450e+00;3.649246e-01;1.499338e+00;2.521051e-01;1.486566e+00;3.507093e-01;1.537450e+00;5.102741e-01;1.607034e+00;5.064099e-01;1.584539e+00;3.466010e-01;1.413873e+00;4.284856e-01;1.359486e+00;1.871348e-01;1.115707e+00;1.301535e-01;9.229459e-01;1.273248e-01;7.812466e-01;9.422954e-02;6.256318e-01;7.233229e-01;1.767932e+00;2.841148e-01;8.350905e-01;7.544424e+01;1.294863e+02;1.432284e+02;1.968135e+02;3.750229e+02;4.754531e+02;5.352974e+02;1.028426e+03;2.401714e-01;1.048694e+00;1.876145e+02;4.078001e+02;5.950794e-01;3.492563e+00;1.366230e+05;2.926932e+05;9.414400e-01;3.053555e+00;1.080150e+01;2.293843e+01;4.296647e-01;-1.118369e+00;1.551100e-01;3.624241e-01;4.865281e-01;1.232745e+00;2.728274e+00;3.749885e+01;3.956995e+00;-1.779130e+01;6.471135e+00;2.203239e+01;7.410342e+00;8.585064e+00;5.475753e+00;1.817666e+00;7.969548e+00;-4.438230e+00;6.377709e+00;-4.561037e+00;9.516539e+00;1.265737e+01;1.002844e+01;3.092072e+00;1.008756e+01;-5.500361e+00;9.508332e+00;1.849664e+01;5.623868e+00;-3.483094e+00;9.466559e+00;-3.484505e+00;5.146424e+00;2.399547e+00;7.314127e-05;-9.800070e-06;8.776320e-08;5.613853e-09;4.702579e-07;-5.411929e-09;5.003758e-07;-1.148895e-08;4.541006e-07;-1.208062e-08;9.082702e-06;9.310092e-07;6.902245e-02;1.384797e-03;3.212411e-02;3.859994e-05;6.710463e-03;5.402624e-04;1.476911e-03;-9.674980e-05;1.232190e-02;8.594993e-04;1.465820e-02;5.419506e-04;1.582343e-02;-4.185842e-04;2.054676e-02;-5.645717e-04;3.803967e-02;-8.557191e-04;4.693569e-02;-1.760771e-03;3.105136e-02;-1.254954e-03;4.393629e-02;1.440057e-03;5.879740e-02;7.318283e-04;8.426847e-02;-3.778638e-03;4.511878e-02;-1.208620e-03;6.507596e-02;-2.773151e-03;6.409398e-02;8.526751e-04;6.976386e-02;-3.806206e-04;6.712239e-02;-1.124398e-03;9.512692e-02;3.326139e-04;5.903726e-02;4.854372e-03;7.229889e-02;2.288111e-03;1.156225e-01;-1.677860e-05;1.020972e-01;3.617671e-04;9.040090e-02;4.014695e-03;1.119866e-01;3.490538e-04;6.178534e-02;-1.354613e-03;4.001004e-02;9.236371e-04;3.773202e-02;-1.312291e-03;2.707770e-02;2.570345e-04;2.143164e-01;-2.093915e-02;6.462972e-02;2.480314e-04;1.631688e+01;-1.966699e+00;2.929219e+01;-2.296875e+00;7.436642e+01;-3.660645e+00;9.667908e+01;-5.469434e+00;8.375681e-02;-2.641703e-03;3.243047e+01;-2.690705e+00;1.101674e-01;-8.711418e-03;2.410351e+04;-1.724814e+02;1.772650e-01;9.940439e-03;2.462596e+00;3.895657e-02;1.045216e-01;-6.943696e-03;2.694753e-02;-2.688983e-03;1.666909e-01;-6.909402e-03;6.794470e-01;-5.049965e-02;9.085909e-01;1.548211e-02;1.362227e+00;1.275696e-01;1.695659e+00;9.125557e-02;1.514773e+00;1.402372e-01;1.797846e+00;2.274921e-01;1.673163e+00;1.817404e-01;2.019534e+00;1.752103e-01;2.769869e+00;6.552728e-02;2.489256e+00;3.199382e-02;2.439265e+00;5.320977e-02;1.674540e+00;1.668577e-01;2.081313e+00;1.473891e-01;1.465386e+00;3.927736e-03
264.000000;2.711530e+01;8.304102e+01;3.055432e-02;7.745396e-01;9.973910e-02;4.814465e-02;1.426042e-01;9.697320e-02;1.089568e-01;1.681885e-01;3.619128e+00;8.583733e+00;2.876353e-01;2.697875e+00;1.189149e-01;1.033303e+00;2.996759e-02;1.580201e-01;1.112371e-02;2.831570e-02;4.166457e-02;1.329779e-01;4.092088e-02;2.737597e-01;4.239375e-02;4.407525e-01;9.157994e-02;5.947170e-01;1.272920e-01;6.706237e-01;1.879209e-01;7.886404e-01;1.576420e-01;8.889540e-01;2.000989e-01;9.755166e-01;2.734709e-01;1.054511e+00;2.776331e-01;1.101786e+00;1.466301e-01;1.089648e+00;1.905407e-01;1.136450e+00;1.621147e-01;1.219570e+00;2.636345e-01;1.286220e+00;2.812781e-01;1.376779e+00;2.547701e-01;1.422108e+00;1.984279e-01;1.522598e+00;2.956894e-01;1.538279e+00;3.983044e-01;1.529782e+00;3.939558e-01;1.509668e+00;2.771928e-01;1.448938e+00;2.733006e-01;1.336884e+00;2.578210e-01;1.151655e+00;2.095268e-01;9.727812e-01;1.640993e-01;7.693684e-01;1.155023e-01;6.329205e-01;1.042872e+00;2.139071e+00;3.289468e-01;9.122633e-01;6.591818e+01;1.230264e+02;1.292550e+02;1.966699e+02;3.765735e+02;4.761709e+02;5.514280e+02;1.087283e+03;2.774520e-01;1.097872e+00;1.859182e+02;4.116229e+02;5.924886e-01;3.551119e+00;1.365570e+05;3.088800e+05;1.141040e+00;3.136786e+00;1.762640e+01;2.477890e+01;4.388722e-01;-1.222481e+00;1.502926e-01;3.634950e-01;5.902418e-01;1.478291e+00;2.506815e+00;3.577032e+01;5.314467e+00;-1.662515e+01;3.708525e+00;2.134216e+01;7.237056e+00;8.484550e+00;6.819826e+00;2.588093e+00;7.061149e+00;-2.646269e+00;5.978671e+00;-1.048452e+00;6.935059e+00;9.880980e+00;8.560288e+00;1.431984e+00;7.726642e+00;-1.104052e+01;9.829600e+00;1.286292e+01;6.778927e+00;-9.536916e-01;1.032766e+01;-5.447653e-02;6.122526e+00;4.239552e+00;6.417489e-05;-2.278889e-06;7.836123e-08;-4.767678e-09;3.902691e-07;-1.200334e-08;5.156152e-07;-9.085453e-09;4.795889e-07;-6.016797e-09;9.064794e-06;-6.706347e-07;6.572436e-02;4.121146e-03;2.656319e-02;1.258033e-03;6.638838e-03;-9.058129e-05;1.791787e-03;1.034266e-04;8.854318e-03;7.012414e-05;1.214894e-02;5.740485e-04;1.509847e-02;2.436756e-05;2.294856e-02;-6.678787e-04;3.550351e-02;-1.660436e-03;4.206738e-02;5.557979e-03;3.389147e-02;1.848998e-03;4.027006e-02;-1.990455e-03;5.274671e-02;4.915786e-04;8.619539e-02;-1.198293e-04;3.563370e-02;-4.549402e-03;4.503182e-02;-5.947907e-03;3.838760e-02;-5.662774e-03;6.604066e-02;1.702016e-03;7.030419e-02;1.808910e-03;7.354174e-02;6.917540e-03;5.461125e-02;2.905387e-03;6.767787e-02;6.126981e-03;8.887573e-02;9.230439e-03;9.267391e-02;1.020037e-02;6.229974e-02;5.526372e-03;6.460264e-02;1.944893e-04;6.596871e-02;-1.090689e-03;6.549063e-02;7.087356e-04;4.163143e-02;4.283566e-04;3.242284e-02;8.154118e-05;2.156409e-01;1.615577e-02;7.545928e-02;-1.022614e-03;1.540138e+01;3.445312e-01;2.668297e+01;7.751953e-01;7.501543e+01;1.062305e+00;1.165237e+02;1.421191e+00;7.150311e-02;7.530139e-03;3.363221e+01;8.816137e-01;1.129361e-01;4.839326e-03;2.724593e+04;8.155612e+02;2.447680e-01;3.403939e-03;5.082601e+00;3.026234e-03;1.038071e-01;1.742716e-03;2.696331e-02;8.111669e-04;1.405109e-01;1.355691e-02;6.982064e-01;-6.674297e-02;1.128350e+00;2.756254e-02;1.087299e+00;1.042204e-01;1.527664e+00;-1.955195e-01;1.429855e+00;-1.161638e-01;1.460520e+00;1.399446e-01;1.606358e+00;6.027854e-02;2.300573e+00;-2.461273e-02;2.323616e+00;-1.142707e-01;2.231162e+00;-2.083090e-02;2.735855e+00;3.103981e-02;1.396398e+00;-1.344277e-01;1.993944e+00;-1.464658e-01;1.561176e+00;-1.444323e-01
264.500000;1.352410e+01;6.881734e+01;2.762314e-02;7.708603e-01;1.128118e-01;5.522871e-02;1.112751e-01;6.379811e-02;6.929386e-02;1.009368e-01;1.186401e+01;6.056683e+00;2.841334e-01;2.698921e+00;1.224123e-01;9.938303e-01;2.752587e-02;1.602903e-01;6.924263e-03;2.652053e-02;3.702736e-02;1.354645e-01;3.997311e-02;2.750796e-01;4.899930e-02;4.240035e-01;9.273191e-02;5.766367e-01;1.172585e-01;6.814797e-01;1.608948e-01;7.857183e-01;1.547024e-01;8.995006e-01;1.515913e-01;9.575675e-01;1.949094e-01;1.001153e+00;1.854017e-01;1.027179e+00;1.808812e-01;1.144229e+00;2.983266e-01;1.210755e+00;2.870778e-01;1.250016e+00;2.437227e-01;1.197156e+00;2.676509e-01;1.279729e+00;2.743959e-01;1.382278e+00;2.739522e-01;1.432636e+00;2.766499e-01;1.424619e+00;3.257670e-01;1.393350e+00;3.466015e-01;1.385858e+00;3.858324e-01;1.378763e+00;2.845779e-01;1.228026e+00;2.920886e-01;1.088195e+00;2.702673e-01;9.170020e-01;2.019086e-01;7.524030e-01;1.269109e-01;6.107896e-01;8.960087e-01;2.338772e+00;2.918190e-01;8.236820e-01;5.632962e+01;1.181455e+02;8.375724e+01;1.682461e+02;1.604158e+02;3.680742e+02;3.580893e+02;1.003160e+03;3.461935e-01;1.229167e+00;1.057222e+02;3.692720e+02;3.821020e-01;3.546240e+00;9.666819e+04;2.728155e+05;8.220149e-01;3.338286e+00;1.525071e+01;2.649453e+01;3.872697e-01;-1.258940e+00;8.977338e-02;3.355501e-01;5.379235e-01;1.518375e+00;4.623015e+00;3.582452e+01;3.864607e+00;-1.408042e+01;5.070857e+00;1.991413e+01;6.328119e+00;7.195939e+00;7.398285e+00;6.204741e-01;5.790097e+00;-2.343706e+00;6.146093e+00;-5.791498e-01;8.195702e+00;8.371047e+00;1.089855e+01;4.832697e+00;6.797867e+00;-8.943829e+00;7.786031e+00;6.081868e+00;9.007403e+00;-5.032139e+00;7.185772e+00;1.489178e+00;7.253856e+00;3.574964e+00;2.904106e-05;7.383615e-07;6.848538e-08;-1.002970e-08;4.476955e-07;1.481402e-08;3.784623e-07;4.536972e-08;3.720289e-07;3.629067e-09;5.722454e-05;-8.874384e-07;5.781553e-02;-2.521628e-03;2.243754e-02;-5.714049e-04;6.865177e-03;-6.503314e-04;1.559391e-03;5.832702e-05;8.825306e-03;-1.358397e-03;1.155952e-02;-2.806330e-04;1.242379e-02;6.891885e-04;1.976983e-02;3.962137e-04;2.851930e-02;2.088684e-03;3.756438e-02;1.725560e-03;2.882212e-02;9.492008e-04;2.744765e-02;-1.598938e-03;4.328065e-02;-1.464039e-04;5.049602e-02;5.574228e-03;3.396313e-02;3.192491e-04;5.913329e-02;-3.429398e-03;5.776436e-02;-2.450175e-03;5.905366e-02;-1.362595e-03;6.934310e-02;1.387932e-03;6.322329e-02;1.493788e-03;5.652468e-02;-2.578589e-03;6.024425e-02;-1.433411e-03;5.812760e-02;2.073793e-03;6.599978e-02;-4.753751e-04;5.840095e-02;-6.773739e-03;4.887716e-02;-2.627736e-03;6.498358e-02;-1.456577e-03;6.563447e-02;-4.011334e-03;4.127847e-02;-4.808405e-04;2.834091e-02;-1.090189e-03;2.000354e-01;1.152964e-02;6.706988e-02;-2.749350e-03;1.475265e+01;1.579102e+00;2.169382e+01;2.110254e+00;4.778774e+01;2.914160e+00;1.104025e+02;3.316113e+00;1.216399e-01;1.288965e-03;2.871383e+01;1.990621e+00;9.937368e-02;1.135275e-02;2.493162e+04;-2.530630e+02;2.292942e-01;-3.924435e-03;4.935897e+00;5.633589e-02;9.746628e-02;7.924840e-03;2.362384e-02;2.136637e-03;1.449449e-01;7.333709e-04;7.709597e-01;6.403826e-02;1.023840e+00;-2.169690e-02;9.319695e-01;-1.102264e-01;1.354764e+00;-7.989156e-02;1.483114e+00;-2.065055e-01;1.401094e+00;-6.971420e-02;1.562219e+00;-1.796470e-01;2.306212e+00;-2.410439e-01;2.282673e+00;-3.888308e-02;1.792959e+00;1.477445e-02;2.405056e+00;-9.456724e-02;1.400529e+00;-1.716102e-01;1.594148e+00;-1.774392e-01;1.357202e+00;-3.064487e-02
265.000000;1.976734e+01;8.323201e+01;2.092156e-02;7.532952e-01;1.048736e-01;9.779653e-02;9.949241e-02;8.217770e-02;1.359104e-01;1.755902e-01;1.138431e+01;4.489431e+00;3.177307e-01;2.564479e+00;1.694507e-01;1.001568e+00;2.921590e-02;1.469240e-01;5.478110e-03;2.747795e-02;5.711890e-02;1.421012e-01;3.838685e-02;2.890690e-01;4.608970e-02;4.144713e-01;6.525214e-02;5.284877e-01;1.126308e-01;6.757321e-01;1.205299e-01;7.811198e-01;1.449739e-01;8.524200e-01;1.098443e-01;9.034609e-01;1.716903e-01;9.774120e-01;2.068831e-01;1.054428e+00;2.430297e-01;1.162776e+00;2.863061e-01;1.235743e+00;2.883672e-01;1.247732e+00;3.759803e-01;1.327348e+00;4.146562e-01;1.408150e+00;2.452139e-01;1.345236e+00;3.128441e-01;1.400425e+00;4.271969e-01;1.487481e+00;6.856465e-01;1.557125e+00;5.483594e-01;1.489039e+00;4.733624e-01;1.371304e+00;3.364042e-01;1.219389e+00;1.819058e-01;1.012555e+00;2.588401e-01;8.660744e-01;2.414263e-01;7.230275e-01;1.127842e-01;5.686572e-01;5.521172e-01;1.877009e+00;3.252875e-01;7.724817e-01;5.470375e+01;1.388174e+02;8.191981e+01;1.915020e+02;1.470703e+02;3.931963e+02;2.999771e+02;1.053548e+03;3.650606e-01;1.228199e+00;9.172712e+01;3.949864e+02;3.532728e-01;3.605508e+00;1.042142e+05;2.714823e+05;5.370948e-01;3.124240e+00;8.466571e+00;2.302012e+01;4.041405e-01;-1.065948e+00;7.933059e-02;3.620631e-01;5.799583e-01;1.475399e+00;4.956859e+00;3.787418e+01;3.184175e+00;-1.555035e+01;7.668463e+00;1.948799e+01;4.461232e+00;7.724514e+00;7.115746e+00;7.535788e-02;6.173027e+00;-2.861653e+00;5.983819e+00;-4.132007e+00;1.285489e+01;8.564175e+00;1.145893e+01;5.572865e+00;6.993084e+00;-8.270895e+00;8.866222e+00;6.780911e+00;5.919043e+00;-8.812191e+00;9.498287e+00;-3.678951e+00;6.042291e+00;6.588343e-01;2.600797e-05;3.139746e-06;7.275881e-08;-2.608535e-09;4.450818e-07;-1.324695e-08;3.874521e-07;5.490050e-09;5.052912e-07;2.240561e-08;5.718577e-05;-3.455920e-08;7.162849e-02;-2.596808e-03;3.538102e-02;-8.050656e-04;7.071160e-03;-4.741654e-05;1.271763e-03;-6.563365e-05;1.203330e-02;-1.283647e-04;1.013046e-02;-6.453021e-04;1.231439e-02;4.793837e-04;1.814792e-02;2.398073e-03;2.998955e-02;4.190555e-03;2.994741e-02;-2.050932e-03;2.440904e-02;-1.462803e-04;3.583046e-02;3.642100e-03;4.517784e-02;-1.790423e-03;4.770346e-02;-1.555738e-03;5.037205e-02;1.292387e-03;6.103202e-02;7.454024e-03;6.532668e-02;3.512677e-03;7.926498e-02;-3.896951e-03;8.744205e-02;-1.045812e-03;5.453864e-02;-2.181323e-03;6.693392e-02;-1.545020e-03;7.930688e-02;-4.489728e-03;1.350786e-01;-6.015393e-03;9.541515e-02;-9.694033e-03;7.817556e-02;-5.926041e-03;7.287133e-02;-9.329722e-04;4.076329e-02;7.680481e-04;5.981733e-02;-1.689007e-03;5.591402e-02;-6.437448e-04;2.736875e-02;-2.918871e-04;1.847051e-01;-5.425579e-03;7.818738e-02;6.456277e-04;1.174810e+01;1.866211e-01;2.057332e+01;5.024414e-01;4.744378e+01;2.296875e-01;9.983521e+01;1.349414e+00;1.423172e-01;-1.638328e-03;2.629568e+01;1.674350e-02;9.663914e-02;-2.665402e-04;2.434363e+04;-7.626862e+02;1.945156e-01;-2.809406e-03;2.870978e+00;9.520446e-02;1.054150e-01;4.610141e-05;2.150820e-02;1.382008e-04;1.421207e-01;-4.329932e-04;6.920213e-01;8.936302e-02;8.790862e-01;-2.432976e-02;1.014729e+00;-6.525909e-02;1.179390e+00;1.098347e-01;1.382517e+00;1.684593e-02;1.544896e+00;-1.358827e-01;1.514617e+00;-9.153393e-02;2.304826e+00;4.838148e-03;2.259319e+00;1.847297e-01;1.444258e+00;3.060003e-02;2.133173e+00;-1.040728e-01;1.441332e+00;3.882039e-02;1.935986e+00;1.604407e-02;1.400905e+00;1.607713e-01
265.500000;1.290133e+01;9.590125e+01;1.781695e-02;7.436339e-01;7.239977e-02;1.031113e-01;6.403515e-02;8.458478e-02;1.196281e-01;2.421955e-01;6.679879e+00;4.826617e+00;3.204886e-01;2.529419e+00;1.846237e-01;1.040718e+00;2.621037e-02;1.446312e-01;5.394419e-03;2.752331e-02;5.568000e-02;1.324072e-01;3.532079e-02;2.860670e-01;3.501735e-02;4.350168e-01;7.933545e-02;5.528395e-01;1.242423e-01;6.732898e-01;1.199107e-01;7.547141e-01;1.356297e-01;8.372248e-01;9.909260e-02;9.248440e-01;1.726471e-01;1.017296e+00;1.904129e-01;1.088865e+00;2.207650e-01;1.083868e+00;2.340985e-01;1.165113e+00;1.835678e-01;1.196673e+00;3.743938e-01;1.367261e+00;4.247732e-01;1.468441e+00;2.698928e-01;1.396913e+00;2.703402e-01;1.463602e+00;4.696139e-01;1.581773e+00;7.228160e-01;1.690359e+00;5.672007e-01;1.616963e+00;4.810584e-01;1.566341e+00;3.573986e-01;1.341566e+00;2.901045e-01;1.097045e+00;2.880428e-01;9.353116e-01;2.305026e-01;7.735775e-01;1.211875e-01;6.113074e-01;5.045232e-01;1.791661e+00;3.789478e-01;7.360523e-01;4.284452e+01;1.528857e+02;5.711528e+01;2.084414e+02;1.293838e+02;3.907559e+02;3.978610e+02;1.042351e+03;3.257084e-01;1.282477e+00;9.317978e+01;4.062822e+02;3.258448e-01;3.557747e+00;1.152385e+05;2.704496e+05;1.032207e+00;3.363888e+00;2.952484e+01;3.018122e+01;3.759656e-01;-1.016133e+00;7.596211e-02;3.729392e-01;5.294102e-01;1.644226e+00;4.058604e+00;3.830668e+01;3.585644e+00;-1.590830e+01;6.928957e+00;2.177094e+01;5.214767e+00;6.591604e+00;6.716528e+00;2.958197e+00;5.695236e+00;-4.300818e+00;5.843856e+00;-4.807689e+00;1.185341e+01;9.894094e+00;9.235363e+00;-6.485237e-01;5.563510e+00;-1.109132e+01;9.548766e+00;7.392289e+00;3.591668e+00;-8.225693e+00;8.295572e+00;-7.978930e+00;4.306713e+00;-7.266800e-01;2.383582e-05;-3.928889e-06;6.762466e-08;2.388285e-09;3.317462e-07;-1.443601e-09;3.003757e-07;-4.371270e-08;5.747316e-07;9.323753e-09;3.120807e-05;1.817749e-08;8.664926e-02;4.895546e-03;4.526074e-02;2.003917e-03;5.968443e-03;8.845704e-04;1.303885e-03;-5.857898e-05;1.136225e-02;1.347300e-03;7.249012e-03;4.966314e-04;9.748715e-03;-2.597626e-04;1.965388e-02;4.604601e-04;3.300619e-02;-2.471484e-03;2.939417e-02;-1.083536e-03;2.798299e-02;3.078057e-04;3.535688e-02;1.534152e-04;4.043138e-02;-8.149726e-04;4.266678e-02;-1.886978e-03;4.777882e-02;3.270490e-03;7.343804e-02;7.963674e-03;6.127370e-02;4.895910e-03;9.230282e-02;2.066388e-03;1.016214e-01;-1.560201e-04;7.497850e-02;3.950988e-03;7.163231e-02;3.587207e-03;1.053005e-01;6.691481e-03;1.637247e-01;3.469335e-03;1.240520e-01;2.807238e-03;1.077369e-01;5.153794e-03;8.448771e-02;4.771523e-03;6.604624e-02;1.134511e-03;7.585967e-02;1.200840e-03;6.147108e-02;2.879105e-03;3.586905e-02;2.166481e-03;1.680006e-01;1.690988e-03;1.112072e-01;6.277748e-03;6.971779e+00;-1.134082e+00;1.277617e+01;-1.363770e+00;4.157927e+01;-1.823145e+00;1.177154e+02;-4.651172e+00;1.240862e-01;1.212728e-02;2.414931e+01;-1.427017e+00;8.349898e-02;-9.384524e-03;2.894290e+04;1.675991e+02;2.905403e-01;6.079871e-03;7.514404e+00;-1.723945e-02;9.440172e-02;-1.148897e-02;1.844998e-02;-1.555210e-03;1.169410e-01;6.153795e-03;7.976509e-01;-5.687892e-02;1.065088e+00;2.220272e-02;1.096411e+00;1.620853e-01;1.482195e+00;6.726625e-02;1.248617e+00;2.193457e-01;1.447951e+00;1.400182e-01;1.517739e+00;5.710138e-02;1.989161e+00;2.060826e-01;1.901532e+00;-2.689215e-02;1.251746e+00;9.155084e-02;2.262160e+00;-7.183370e-02;1.282161e+00;5.641690e-02;1.807039e+00;5.752477e-02;1.349018e+00;1.902716e-02
266.000000;2.267346e+01;7.424249e+01;1.285275e-02;7.405933e-01;6.901654e-02;6.028815e-02;5.002523e-02;4.553353e-02;1.041601e-01;1.941910e-01;6.570203e+00;4.781658e+00;2.441533e-01;2.546019e+00;1.326535e-01;1.013800e+00;1.803432e-02;1.523179e-01;6.326384e-03;2.497103e-02;3.553763e-02;1.362341e-01;2.209316e-02;2.725343e-01;3.448709e-02;4.219464e-01;6.331849e-02;5.654479e-01;1.136505e-01;6.716383e-01;1.254949e-01;7.544824e-01;1.073341e-01;8.396611e-01;9.253741e-02;9.374025e-01;1.425563e-01;1.037636e+00;1.894010e-01;1.082417e+00;1.607824e-01;1.119813e+00;2.459488e-01;1.149514e+00;1.675657e-01;1.238577e+00;2.595472e-01;1.292093e+00;3.179949e-01;1.343768e+00;2.624162e-01;1.433441e+00;1.991986e-01;1.479231e+00;3.423130e-01;1.481876e+00;4.884542e-01;1.489754e+00;4.255531e-01;1.466855e+00;3.802333e-01;1.438631e+00;2.543762e-01;1.243443e+00;2.625098e-01;1.126866e+00;2.368832e-01;9.514053e-01;1.445326e-01;7.660150e-01;1.198301e-01;6.181059e-01;3.995163e-01;1.732856e+00;3.114046e-01;7.163631e-01;3.253850e+01;1.337930e+02;4.572955e+01;1.887744e+02;1.380464e+02;3.498428e+02;4.213513e+02;9.148740e+02;2.615752e-01;1.423961e+00;1.032571e+02;3.696426e+02;3.279576e-01;3.439595e+00;1.108678e+05;2.486423e+05;1.139696e+00;3.695963e+00;3.081317e+01;3.664304e+01;2.692618e-01;-1.113331e+00;8.109120e-02;3.397141e-01;3.815914e-01;1.721761e+00;3.360776e+00;3.803100e+01;3.931522e+00;-1.510522e+01;4.158010e+00;2.223352e+01;6.518016e+00;8.642015e+00;4.189623e+00;4.853507e+00;6.961048e+00;4.460604e-01;6.606344e+00;-1.283902e+00;5.204617e+00;1.047938e+01;8.041741e+00;-9.204391e-02;4.267304e+00;-9.178482e+00;9.320139e+00;5.659901e+00;4.989614e+00;-8.184977e+00;6.422184e+00;-6.102045e+00;4.013183e+00;-2.575525e+00;2.282012e-05;-3.983751e-06;5.429354e-08;-1.809303e-09;2.272786e-07;1.548497e-08;1.740146e-07;-5.696257e-09;4.178905e-07;-2.539524e-08;3.106744e-05;6.148161e-08;7.246894e-02;1.474670e-03;3.512673e-02;2.571494e-04;4.831150e-03;3.321517e-05;1.278593e-03;1.662887e-05;7.913760e-03;-1.476304e-04;5.722618e-03;-2.418811e-04;7.943457e-03;-1.662055e-04;1.822543e-02;-5.144302e-04;2.553225e-02;-5.126527e-04;3.196284e-02;-2.418093e-03;3.027101e-02;-2.187829e-03;2.803520e-02;6.518988e-04;4.220668e-02;1.195016e-03;4.665529e-02;4.633868e-03;4.281613e-02;2.241960e-03;8.711042e-02;-7.623530e-04;5.780320e-02;-1.635819e-03;6.602745e-02;1.215011e-03;7.862558e-02;1.483040e-03;7.300366e-02;-1.851507e-03;5.791715e-02;7.665750e-04;8.393355e-02;1.935443e-03;1.171236e-01;-9.819062e-04;1.000149e-01;1.546229e-03;8.829858e-02;7.102850e-04;6.082619e-02;2.062038e-04;6.000615e-02;6.359198e-04;5.909003e-02;9.553740e-04;3.735170e-02;-1.769588e-04;3.141644e-02;1.062879e-04;1.458343e-01;-3.778400e-03;1.035814e-01;2.682172e-03;6.685704e+00;-1.435547e-01;1.249842e+01;-2.440430e-01;4.026114e+01;1.435547e-02;1.101406e+02;2.583984e+00;1.136686e-01;-8.796600e-04;2.433536e+01;2.759462e-01;8.518207e-02;5.373956e-04;2.688201e+04;5.203561e+02;2.953996e-01;-6.962225e-03;7.891431e+00;-1.564294e-01;7.179550e-02;7.152203e-04;1.888042e-02;1.532426e-04;1.156309e-01;-1.422405e-03;7.225075e-01;-1.239913e-02;9.191114e-01;-4.087647e-02;1.005964e+00;-1.583181e-02;1.511372e+00;2.924715e-02;1.257920e+00;6.271927e-02;1.353932e+00;1.199743e-01;1.520679e+00;2.680150e-02;1.438645e+00;-1.787675e-01;1.770844e+00;-1.042650e-01;1.307191e+00;-3.417508e-02;2.255889e+00;1.062334e-02;1.254371e+00;8.691017e-02;1.614488e+00;8.301426e-02;1.316591e+00;-2.032704e-02
266.500000;1.172387e+01;6.140994e+01;1.321311e-02;7.410780e-01;9.927912e-02;5.148485e-02;7.083169e-02;3.555776e-02;8.947495e-02;1.387790e-01;1.366960e+00;6.299086e+00;2.590292e-01;2.493922e+00;1.194931e-01;1.000181e+00;2.218593e-02;1.473346e-01;5.599186e-03;2.528723e-02;4.547209e-02;1.459471e-01;3.299901e-02;2.749357e-01;3.138321e-02;4.165609e-01;5.314121e-02;5.566916e-01;1.284489e-01;6.826194e-01;1.617378e-01;7.699795e-01;1.515257e-01;8.438292e-01;1.136688e-01;9.163917e-01;1.291585e-01;9.921225e-01;2.507879e-01;1.061105e+00;2.104208e-01;1.091759e+00;2.589381e-01;1.152985e+00;1.899948e-01;1.224677e+00;2.937552e-01;1.302156e+00;3.620608e-01;1.369952e+00;1.695527e-01;1.380260e+00;1.650121e-01;1.454979e+00;2.579629e-01;1.461152e+00;5.343042e-01;1.523168e+00;4.530643e-01;1.479031e+00;2.351167e-01;1.351424e+00;1.801862e-01;1.217574e+00;1.598810e-01;1.089130e+00;1.812094e-01;9.092293e-01;1.010888e-01;7.302105e-01;9.042057e-02;6.068474e-01;4.501393e-01;1.726094e+00;2.894168e-01;6.593891e-01;4.182840e+01;1.335059e+02;6.783562e+01;1.935117e+02;1.533594e+02;3.508477e+02;3.287202e+02;8.870244e+02;2.847078e-01;1.358289e+00;9.327882e+01;3.655306e+02;3.240822e-01;3.445487e+00;7.779228e+04;2.387556e+05;8.217565e-01;3.650014e+00;1.611508e+01;3.194854e+01;3.121399e-01;-1.055513e+00;7.966574e-02;3.380966e-01;4.475859e-01;1.615793e+00;2.117883e+00;3.767632e+01;3.390439e+00;-1.473170e+01;6.666386e+00;2.207656e+01;5.661849e+00;9.380322e+00;6.264422e+00;2.990034e+00;6.894969e+00;1.428493e+00;4.994028e+00;2.047494e-01;8.314506e+00;7.111441e+00;6.520387e+00;-4.821430e-01;5.198014e+00;-9.387918e+00;1.041916e+01;5.048571e+00;5.329953e+00;-4.821377e+00;6.344658e+00;-3.653939e+00;5.175110e+00;-1.779221e+00;3.359433e-05;2.766641e-06;5.501687e-08;-1.738797e-09;3.042402e-07;-2.372644e-08;3.226675e-07;6.491137e-09;3.079657e-07;-9.911453e-09;5.592557e-06;2.547317e-07;6.943086e-02;-1.261769e-03;2.971464e-02;-1.048342e-03;5.108455e-03;-6.306561e-04;1.132365e-03;1.654069e-04;9.678329e-03;-6.158071e-04;8.221084e-03;-4.719586e-04;9.105625e-03;-1.105027e-03;1.718623e-02;-9.715564e-04;3.241170e-02;7.621639e-04;4.343727e-02;3.146913e-03;4.804348e-02;1.736568e-03;3.126437e-02;1.497824e-03;3.918104e-02;4.812936e-05;5.744649e-02;-1.211558e-03;5.501053e-02;-1.406447e-03;8.777644e-02;-2.944824e-03;5.494870e-02;-2.440298e-03;7.305469e-02;-3.897270e-04;8.792409e-02;5.595270e-04;5.548583e-02;-1.676136e-03;4.431086e-02;-2.507472e-03;5.667287e-02;-4.813247e-03;1.158842e-01;-1.681366e-03;9.014943e-02;-7.182501e-04;5.509853e-02;-1.397149e-03;4.194909e-02;-2.635215e-03;3.495739e-02;-8.023789e-04;3.940627e-02;-2.724700e-03;2.190695e-02;-2.322380e-03;2.234458e-02;-2.172526e-03;1.568873e-01;-8.053118e-03;8.880785e-02;-5.222464e-04;1.048244e+01;5.742188e-01;1.713841e+01;7.177734e-01;4.704174e+01;3.832910e+00;1.114772e+02;7.149024e+00;1.022153e-01;-5.992243e-03;2.844262e+01;2.065261e+00;9.657925e-02;6.664529e-03;2.434741e+04;1.473328e+03;2.678348e-01;-1.516929e-02;4.645858e+00;-1.344457e-01;8.262765e-02;8.972781e-03;2.292325e-02;1.720713e-03;1.205440e-01;1.614302e-03;4.934690e-01;2.364950e-02;9.143217e-01;-6.048326e-02;1.215079e+00;-8.170100e-03;1.425556e+00;-7.886639e-02;1.678432e+00;-1.181740e-01;1.656592e+00;-1.133867e-01;1.578736e+00;2.719791e-03;1.721468e+00;4.522605e-02;1.773220e+00;9.087428e-03;1.460513e+00;2.820103e-02;2.701798e+00;7.778648e-03;1.438501e+00;-5.672268e-02;1.694283e+00;-1.578899e-02;1.474923e+00;4.195971e-02
267.000000;1.178729e+01;7.133670e+01;2.551885e-02;7.482579e-01;1.178456e-01;6.758437e-02;1.277431e-01;8.705812e-02;8.486069e-02;1.319233e-01;1.731256e+00;6.311762e+00;3.036992e-01;2.460821e+00;1.649147e-01;1.009421e+00;3.160192e-02;1.387921e-01;6.049647e-03;2.704963e-02;5.439601e-02;1.385264e-01;4.049015e-02;2.683385e-01;3.152098e-02;4.183018e-01;4.878744e-02;5.521201e-01;1.361070e-01;6.933152e-01;1.934042e-01;8.133802e-01;1.591301e-01;8.570171e-01;1.021855e-01;8.709542e-01;1.408156e-01;9.277546e-01;2.825831e-01;1.072001e+00;1.923712e-01;1.080234e+00;3.252599e-01;1.185895e+00;1.905713e-01;1.201188e+00;3.552138e-01;1.351630e+00;3.365180e-01;1.369930e+00;3.428799e-01;1.446380e+00;2.084706e-01;1.379952e+00;3.691605e-01;1.482480e+00;6.386085e-01;1.620748e+00;5.450277e-01;1.583163e+00;3.115053e-01;1.360745e+00;4.305581e-01;1.305149e+00;3.225782e-01;1.070646e+00;2.116317e-01;8.768182e-01;1.314308e-01;7.291568e-01;9.992003e-02;5.891179e-01;6.443454e-01;1.834702e+00;2.965445e-01;6.861582e-01;5.534661e+01;1.484355e+02;9.257430e+01;2.194951e+02;1.871444e+02;4.302334e+02;3.863695e+02;1.017085e+03;3.292455e-01;1.193201e+00;1.158225e+02;4.137068e+02;4.009258e-01;3.607600e+00;7.483564e+04;2.706009e+05;7.874482e-01;3.208142e+00;1.074932e+01;2.438209e+01;4.418314e-01;-9.555346e-01;1.031060e-01;3.785960e-01;5.853769e-01;1.368425e+00;3.105107e+00;3.808290e+01;3.488118e+00;-1.663992e+01;8.562575e+00;2.431480e+01;5.551995e+00;5.914144e+00;6.250744e+00;5.367108e-01;6.607890e+00;-4.866546e+00;5.689771e+00;-4.079538e+00;1.024959e+01;1.032736e+01;6.707682e+00;-2.167617e+00;7.464601e+00;-6.268059e+00;1.363255e+01;7.604308e+00;6.586143e+00;-6.540398e+00;7.309151e+00;-6.532263e+00;5.220044e+00;-1.307883e+00;3.959262e-05;2.414159e-06;7.293646e-08;7.376502e-09;3.492857e-07;-4.399172e-08;4.739428e-07;-1.916304e-08;4.044503e-07;6.518851e-09;5.781772e-06;1.629456e-07;8.904454e-02;-1.289555e-03;4.279691e-02;-5.235331e-04;6.384233e-03;1.039217e-04;1.281513e-03;-4.220206e-05;1.018823e-02;3.966927e-04;1.193454e-02;2.559472e-04;1.285802e-02;2.165196e-04;1.804230e-02;-8.340959e-04;4.056754e-02;-4.733802e-03;4.915247e-02;-1.378516e-03;4.493322e-02;-1.108153e-03;3.571818e-02;-1.963999e-03;4.413722e-02;2.537918e-04;6.916953e-02;-1.965579e-03;4.943342e-02;-3.002922e-03;8.727040e-02;-5.567826e-03;6.211179e-02;5.622756e-04;8.674482e-02;8.526394e-04;9.764902e-02;-1.102298e-03;1.039028e-01;-2.866805e-04;5.454972e-02;-1.510943e-03;8.619282e-02;-6.811499e-04;1.511378e-01;1.524521e-03;1.177564e-01;1.695745e-03;8.351877e-02;8.373117e-04;1.076270e-01;-7.333689e-04;8.535624e-02;1.184838e-03;4.759587e-02;1.427379e-03;3.915388e-02;9.951364e-04;2.936418e-02;1.054716e-03;2.053908e-01;-1.468863e-03;9.695659e-02;-1.066443e-03;1.255768e+01;-4.019531e-01;2.299240e+01;-7.895508e-01;5.169804e+01;-1.234570e+00;1.268256e+02;-5.110547e+00;1.054050e-01;-3.743216e-03;3.270975e+01;-9.949187e-01;1.030995e-01;-4.460754e-03;2.866423e+04;-8.705796e+01;2.559474e-01;1.202165e-02;3.841205e+00;1.597053e-01;1.017383e-01;-2.869219e-03;2.610526e-02;-1.003801e-03;1.751498e-01;-1.077930e-02;7.803151e-01;-5.640573e-02;9.559991e-01;2.883309e-02;1.475262e+00;1.047648e-01;1.489654e+00;-3.146847e-04;1.918229e+00;2.443649e-02;1.902160e+00;-1.517191e-02;1.516890e+00;4.357277e-02;2.182925e+00;1.162408e-01;2.023689e+00;-9.239179e-02;1.442992e+00;-5.250850e-02;2.885082e+00;1.060696e-01;1.813273e+00;-6.025363e-02;1.755435e+00;-5.114054e-02;1.564854e+00;7.333737e-04
267.500000;9.567053e+00;7.388289e+01;2.876482e-02;7.613169e-01;1.058677e-01;7.126018e-02;1.187488e-01;8.648934e-02;9.179538e-02;1.619242e-01;2.102004e+00;7.192223e+00;2.683353e-01;2.475121e+00;1.490995e-01;1.007505e+00;3.520964e-02;1.434165e-01;9.875089e-03;2.802973e-02;4.640475e-02;1.305734e-01;3.375379e-02;2.650805e-01;3.941252e-02;4.200040e-01;6.341477e-02;5.653087e-01;1.051022e-01;6.719443e-01;1.798671e-01;8.026017e-01;1.334718e-01;8.629745e-01;1.459198e-01;9.095226e-01;1.746279e-01;9.584260e-01;2.708297e-01;1.091550e+00;1.519839e-01;1.131826e+00;3.424335e-01;1.211365e+00;2.200328e-01;1.243386e+00;3.182802e-01;1.377454e+00;2.578841e-01;1.340343e+00;3.678522e-01;1.453098e+00;2.375581e-01;1.374787e+00;4.061157e-01;1.481283e+00;5.581173e-01;1.568049e+00;5.212343e-01;1.549818e+00;2.696759e-01;1.293082e+00;4.415905e-01;1.243266e+00;3.480300e-01;1.066610e+00;2.055734e-01;8.989884e-01;1.330215e-01;7.259411e-01;1.002667e-01;5.578566e-01;6.196327e-01;1.809499e+00;2.488114e-01;7.804934e-01;5.877613e+01;1.352285e+02;9.464991e+01;2.041348e+02;2.320961e+02;4.488955e+02;5.575184e+02;1.145423e+03;2.934013e-01;1.121094e+00;1.497692e+02;4.232342e+02;4.802617e-01;3.623355e+00;1.197324e+05;3.047257e+05;9.020419e-01;2.930808e+00;1.289899e+01;2.155230e+01;4.912872e-01;-1.027704e+00;1.260129e-01;3.782194e-01;5.479649e-01;1.164456e+00;2.857548e+00;3.931231e+01;3.676395e+00;-1.895986e+01;7.207062e+00;2.614263e+01;7.150247e+00;7.200592e+00;5.095273e+00;8.255132e-01;5.271783e+00;-7.938738e+00;6.086230e+00;-6.355078e+00;6.731651e+00;1.481007e+01;1.037370e+01;1.165924e+00;9.154283e+00;-7.082214e+00;1.235281e+01;1.328802e+01;5.866253e+00;-1.091509e+01;8.560307e+00;-6.712692e+00;6.791646e+00;1.448262e-01;3.460886e-05;1.293962e-07;6.765455e-08;3.478312e-09;2.931081e-07;-2.931849e-08;3.846554e-07;-4.214762e-08;4.319696e-07;3.328122e-08;6.007894e-06;-2.607896e-08;8.591408e-02;-2.112435e-03;4.193028e-02;-5.702816e-04;5.908924e-03;-1.261470e-04;1.385322e-03;-4.459561e-05;7.302753e-03;-2.495917e-04;1.220326e-02;8.628040e-05;1.438632e-02;6.505092e-04;2.027026e-02;7.676885e-05;3.481545e-02;1.527222e-04;4.251885e-02;-1.281980e-03;3.595450e-02;-1.654374e-03;3.807026e-02;-3.598480e-03;4.526061e-02;-1.566212e-03;7.770860e-02;3.189427e-03;4.674689e-02;-1.133393e-03;8.409068e-02;-3.790910e-03;6.360500e-02;-1.846799e-03;7.537574e-02;2.051702e-03;8.000883e-02;-2.562495e-04;1.108525e-01;-3.116280e-03;6.244297e-02;-8.801097e-04;9.394658e-02;-5.793455e-04;1.401443e-01;-1.272794e-03;1.255565e-01;-1.097332e-04;8.065683e-02;-6.593427e-04;1.120798e-01;-2.054422e-03;1.000244e-01;8.399202e-04;5.067042e-02;1.067296e-03;3.846206e-02;8.350401e-05;2.867909e-02;1.024579e-03;2.001691e-01;1.372294e-03;9.294172e-02;-1.666130e-03;1.144843e+01;2.871094e-01;2.017022e+01;5.598633e-01;5.191843e+01;-1.291992e-01;1.053514e+02;5.239746e+00;8.839314e-02;-2.262042e-03;2.815042e+01;4.888833e-01;9.811475e-02;1.476782e-03;2.653238e+04;4.013034e+02;2.100850e-01;-2.175567e-03;4.030838e+00;-4.965113e-02;8.747289e-02;1.576106e-03;2.235575e-02;3.819132e-04;1.705735e-01;-2.446693e-03;7.936375e-01;8.459779e-03;7.689231e-01;-1.296375e-02;1.647175e+00;1.165584e-02;1.548705e+00;1.361547e-02;1.790408e+00;8.350929e-04;1.753788e+00;-3.819130e-02;1.321514e+00;-7.539397e-02;2.040041e+00;-3.522351e-02;2.122454e+00;-8.825576e-02;1.722976e+00;-9.848020e-02;2.490365e+00;2.567170e-01;1.942160e+00;7.318085e-03;1.819512e+00;-1.429666e-01;1.637516e+00;-1.050711e-01
268.000000;8.706745e+00;7.248291e+01;2.671324e-02;7.727919e-01;8.550194e-02;5.526016e-02;7.227229e-02;4.414254e-02;1.185971e-01;1.638223e-01;2.667108e+00;8.291970e+00;2.938025e-01;2.514287e+00;1.556770e-01;1.017777e+00;3.435156e-02;1.549107e-01;1.185792e-02;2.768959e-02;4.518875e-02;1.340973e-01;4.012189e-02;2.672281e-01;3.827933e-02;4.194389e-01;8.651179e-02;5.745170e-01;9.483835e-02;6.731547e-01;1.112827e-01;7.491744e-01;1.694928e-01;8.663357e-01;2.593246e-01;9.759061e-01;1.743650e-01;1.011274e+00;2.646632e-01;1.079179e+00;1.534649e-01;1.188045e+00;2.882553e-01;1.253938e+00;2.475145e-01;1.301143e+00;2.613421e-01;1.297187e+00;3.712985e-01;1.397050e+00;2.693102e-01;1.348054e+00;2.766539e-01;1.427641e+00;4.585423e-01;1.483947e+00;5.670684e-01;1.559320e+00;6.233391e-01;1.531033e+00;3.393621e-01;1.360539e+00;3.122213e-01;1.234579e+00;3.097240e-01;1.115389e+00;1.970421e-01;9.006931e-01;1.071805e-01;7.254166e-01;9.879313e-02;5.879251e-01;4.482982e-01;1.672850e+00;2.927615e-01;8.997830e-01;5.423708e+01;1.171406e+02;8.886070e+01;1.714043e+02;2.686405e+02;4.174570e+02;5.818996e+02;1.184470e+03;2.602899e-01;1.161509e+00;1.615960e+02;3.992644e+02;4.813316e-01;3.529857e+00;1.409680e+05;3.108825e+05;9.267763e-01;2.919281e+00;1.757774e+01;2.305230e+01;4.855958e-01;-1.189397e+00;1.294536e-01;3.510090e-01;4.204198e-01;1.156475e+00;2.875464e+00;4.030391e+01;4.364247e+00;-1.983669e+01;5.619348e+00;2.505234e+01;9.303088e+00;1.201020e+01;6.239550e+00;4.052054e+00;4.313358e+00;-8.908375e+00;6.201166e+00;-7.762547e+00;5.342470e+00;1.455131e+01;1.254981e+01;5.300445e+00;1.006549e+01;-8.058883e+00;7.514099e+00;1.547066e+01;5.026636e+00;-9.383238e+00;7.451726e+00;-5.093180e+00;7.093134e+00;5.142007e+00;2.993744e-05;-2.497419e-06;6.290433e-08;-3.520001e-09;2.489605e-07;2.335909e-10;2.381971e-07;7.322347e-09;4.965744e-07;5.431768e-08;7.918852e-06;-6.782086e-07;7.972243e-02;-6.148627e-03;4.136875e-02;-1.973249e-03;8.235798e-03;-2.533292e-04;2.216027e-03;-2.443941e-05;8.750675e-03;-7.787721e-04;1.362539e-02;-4.335289e-06;1.176961e-02;-2.212245e-04;2.123494e-02;-1.580255e-03;2.467421e-02;6.795299e-05;2.941547e-02;1.110874e-03;4.844053e-02;4.690714e-04;6.153278e-02;-2.298101e-03;4.325644e-02;-9.714524e-04;6.907081e-02;-2.847658e-03;4.591162e-02;-5.190470e-04;7.691634e-02;-1.380242e-03;6.640182e-02;-3.682770e-03;6.657889e-02;-4.819035e-03;9.627572e-02;-4.849645e-03;7.416918e-02;-2.558535e-03;8.756663e-02;-7.691000e-04;1.303140e-01;-1.391540e-03;1.378847e-01;-4.078056e-03;1.491956e-01;-4.344450e-03;8.829316e-02;-3.175331e-03;8.107956e-02;-6.616222e-04;8.754387e-02;-3.698732e-03;4.861626e-02;-4.269698e-03;3.168896e-02;-2.035083e-03;2.282267e-02;-2.017708e-03;1.467691e-01;-9.662659e-03;8.590411e-02;-5.889578e-03;1.284579e+01;5.311524e-01;2.024190e+01;6.029297e-01;7.321466e+01;1.722656e-01;1.336182e+02;-1.291992e-01;9.237865e-02;4.673746e-03;3.715779e+01;9.836202e-03;1.246152e-01;-1.370268e-03;3.271654e+04;-9.533781e+02;3.088531e-01;2.076687e-02;8.090764e+00;9.790663e-01;1.206789e-01;3.240200e-03;2.945295e-02;1.969864e-04;1.644267e-01;8.945029e-03;7.613812e-01;6.927960e-02;1.053270e+00;9.016527e-03;1.764527e+00;-9.741274e-02;1.903275e+00;-3.157521e-02;2.042275e+00;6.308774e-02;1.700711e+00;3.211160e-02;1.413583e+00;-9.174652e-02;1.727650e+00;-1.344295e-02;2.567984e+00;7.860386e-02;2.040032e+00;6.538587e-02;2.437432e+00;-1.462695e-01;1.837848e+00;-2.644899e-02;2.053765e+00;-4.287770e-02;1.697715e+00;-4.772754e-02
268.500000;9.134311e+00;7.029467e+01;1.881094e-02;7.762704e-01;1.522773e-01;7.790457e-02;8.101609e-02;5.431709e-02;1.164195e-01;1.339224e-01;2.540501e+00;8.418548e+00;3.615854e-01;2.680319e+00;1.973569e-01;1.047191e+00;2.695117e-02;1.653808e-01;1.011321e-02;2.785210e-02;4.247899e-02;1.492119e-01;5.181692e-02;2.766769e-01;2.717794e-02;4.158259e-01;8.114735e-02;5.656907e-01;9.983221e-02;6.868621e-01;1.357131e-01;7.878385e-01;1.891995e-01;9.279944e-01;2.480734e-01;9.571432e-01;1.643908e-01;1.041037e+00;2.817386e-01;1.079941e+00;2.089238e-01;1.184316e+00;2.916411e-01;1.257701e+00;2.340073e-01;1.300812e+00;3.061196e-01;1.255840e+00;3.993590e-01;1.343703e+00;3.917217e-01;1.433484e+00;4.547237e-01;1.536655e+00;4.936789e-01;1.503807e+00;5.645182e-01;1.497347e+00;6.242878e-01;1.494778e+00;4.886619e-01;1.472635e+00;4.234821e-01;1.341085e+00;4.204442e-01;1.209441e+00;3.901803e-01;1.004541e+00;2.876566e-01;8.203909e-01;2.238186e-01;6.822187e-01;4.328151e-01;1.675781e+00;3.274333e-01;1.053576e+00;5.278656e+01;1.101064e+02;9.810112e+01;1.576230e+02;2.643436e+02;4.039629e+02;4.616289e+02;1.168104e+03;3.132536e-01;1.262063e+00;1.483902e+02;3.893483e+02;4.450571e-01;3.489702e+00;1.363071e+05;3.138235e+05;1.039307e+00;3.022643e+00;3.008590e+01;2.657466e+01;3.935574e-01;-1.319002e+00;1.176881e-01;3.422373e-01;5.045497e-01;1.500123e+00;6.747190e+00;3.813142e+01;4.940259e+00;-1.764170e+01;5.824777e+00;2.214550e+01;8.391268e+00;1.206565e+01;7.626331e+00;3.792802e+00;6.914025e+00;-4.303450e+00;8.663386e+00;-4.882778e+00;5.716636e+00;1.315891e+01;1.072633e+01;6.972512e+00;8.138091e+00;-3.672090e+00;8.637346e+00;1.251400e+01;4.146250e+00;-7.652412e+00;8.076947e+00;-5.116695e+00;7.655747e+00;4.020176e+00;3.057512e-05;-1.178685e-06;6.650505e-08;-2.091686e-09;3.259300e-07;-6.578350e-08;3.170881e-07;1.422129e-08;5.242788e-07;-3.167285e-08;9.230342e-06;3.489478e-07;8.240926e-02;-2.626578e-03;4.420280e-02;-2.026457e-03;9.292647e-03;3.342273e-04;2.282720e-03;-1.511712e-06;1.181649e-02;4.029971e-04;1.677145e-02;-1.382586e-04;9.167462e-03;-4.684851e-04;1.915808e-02;-2.339499e-04;2.107754e-02;-1.158473e-03;2.927786e-02;-1.795264e-03;4.570546e-02;-1.106534e-03;6.292527e-02;2.261712e-03;5.009884e-02;4.005379e-04;7.683168e-02;-3.855810e-03;5.848006e-02;2.155817e-03;6.928537e-02;1.137138e-03;6.030668e-02;3.356076e-04;8.631825e-02;-3.295931e-03;9.575678e-02;-3.869399e-03;7.580104e-02;-4.731209e-03;9.980686e-02;-5.716209e-03;1.349914e-01;-4.873982e-03;1.260453e-01;-2.896994e-03;1.386068e-01;-2.880691e-03;1.099396e-01;-5.552836e-03;9.419422e-02;-3.852633e-03;9.432512e-02;-4.434356e-03;7.474570e-02;-3.528999e-03;5.253300e-02;-2.408110e-03;4.052515e-02;-2.583559e-03;1.222365e-01;-6.880281e-03;1.078262e-01;-2.768915e-03;1.518004e+01;-1.277637e+00;2.736026e+01;-1.866211e+00;7.848267e+01;-3.603223e+00;1.423086e+02;-1.079531e+01;1.149021e-01;-1.998401e-03;4.141065e+01;-2.872477e+00;1.309729e-01;-8.731184e-03;3.594404e+04;-2.136534e+03;3.616968e-01;1.076413e-02;1.065641e+01;1.764103e-01;1.389678e-01;-4.109387e-03;3.279289e-02;-2.384507e-03;1.781202e-01;-5.986491e-03;1.126078e+00;7.710773e-02;1.142643e+00;1.548451e-02;1.523136e+00;-1.356643e-01;1.803242e+00;7.902046e-02;2.054696e+00;9.914794e-02;1.626132e+00;1.324190e-01;2.104268e+00;8.909305e-02;1.847396e+00;1.270451e-01;2.759990e+00;1.065339e-01;2.414143e+00;1.822937e-02;2.452541e+00;-9.980996e-02;1.687182e+00;5.119116e-02;2.349259e+00;2.132211e-01;1.643427e+00;1.782707e-01
269.000000;1.990855e+01;7.642289e+01;2.234686e-02;7.545831e-01;1.560637e-01;1.337762e-01;1.055813e-01;1.024894e-01;1.144329e-01;1.678388e-01;2.358956e+00;6.589615e+00;4.020208e-01;2.591052e+00;2.196117e-01;1.034808e+00;3.541412e-02;1.454031e-01;6.970202e-03;3.162383e-02;5.153751e-02;1.406377e-01;6.373861e-02;2.893405e-01;5.501489e-02;4.300611e-01;6.496275e-02;5.561250e-01;1.001113e-01;6.848797e-01;1.547946e-01;7.785673e-01;1.982340e-01;8.621107e-01;1.253898e-01;9.492266e-01;1.380343e-01;1.060803e+00;2.406774e-01;1.076439e+00;2.238612e-01;1.107314e+00;2.620840e-01;1.182896e+00;2.340111e-01;1.229241e+00;3.514316e-01;1.301044e+00;4.079588e-01;1.369640e+00;3.872609e-01;1.394763e+00;5.310157e-01;1.508958e+00;5.037729e-01;1.539498e+00;7.309225e-01;1.553650e+00;7.239201e-01;1.527816e+00;4.941339e-01;1.442301e+00;4.095781e-01;1.305006e+00;4.273617e-01;1.147641e+00;4.372968e-01;9.997332e-01;3.414006e-01;8.045102e-01;2.787483e-01;6.628004e-01;5.019760e-01;1.620167e+00;3.650227e-01;9.120865e-01;6.759277e+01;1.421191e+02;1.211944e+02;2.126045e+02;2.628139e+02;4.730127e+02;3.294721e+02;1.219497e+03;3.587384e-01;1.207449e+00;1.355078e+02;4.382148e+02;4.821445e-01;3.708577e+00;1.128615e+05;3.070696e+05;1.009245e+00;2.733504e+00;2.800030e+01;2.225218e+01;4.681275e-01;-1.051938e+00;1.166916e-01;3.934123e-01;5.598281e-01;1.465808e+00;7.392938e+00;3.912404e+01;5.073567e+00;-1.858500e+01;6.942494e+00;1.873375e+01;5.478060e+00;8.639412e+00;7.015027e+00;3.846246e+00;8.314102e+00;-2.897854e+00;7.690632e+00;-1.978146e+00;1.033363e+01;8.026744e+00;1.090321e+01;1.611365e+00;7.707874e+00;-9.247073e+00;9.991841e+00;9.278924e+00;5.579212e+00;-4.324419e+00;8.504788e+00;-3.500635e+00;7.753412e+00;4.230282e+00;5.317029e-05;8.692134e-08;7.037643e-08;-1.794474e-09;4.242038e-07;-7.376153e-08;4.189889e-07;9.052930e-09;4.806709e-07;-5.184314e-08;8.428942e-06;6.187804e-07;7.169199e-02;4.864112e-03;4.296894e-02;2.130684e-03;7.847580e-03;4.767346e-05;1.718970e-03;6.424792e-05;1.213351e-02;7.087133e-04;1.438297e-02;2.775268e-04;1.245718e-02;-1.180281e-04;1.854330e-02;7.454669e-04;2.653130e-02;4.641332e-05;2.987747e-02;2.266020e-03;3.699572e-02;2.291847e-03;3.881996e-02;1.921489e-03;5.291394e-02;2.670300e-03;7.684159e-02;2.855722e-03;6.532399e-02;2.557475e-03;5.749867e-02;3.318585e-03;5.150407e-02;1.500469e-03;8.585653e-02;4.379409e-03;8.011845e-02;7.748333e-03;7.330578e-02;-2.236695e-04;9.137809e-02;4.184984e-04;1.086119e-01;1.554285e-03;1.565947e-01;5.502364e-03;1.484649e-01;5.676898e-03;9.993523e-02;1.865634e-03;9.036070e-02;-3.368031e-04;1.018937e-01;2.100371e-03;9.755443e-02;3.739659e-03;5.985156e-02;7.256766e-04;5.160360e-02;1.205113e-03;1.182354e-01;1.411784e-03;1.012689e-01;3.677092e-03;1.464401e+01;-2.009766e-01;2.962767e+01;-3.158203e-01;7.071210e+01;3.014649e-01;1.062850e+02;2.842383e+00;1.201485e-01;-3.924611e-03;3.523851e+01;5.295915e-01;1.209499e-01;2.948451e-03;2.936685e+04;8.935712e+02;2.724738e-01;-2.988187e-02;7.709767e+00;-1.154448e+00;1.116014e-01;1.023290e-03;2.853136e-02;3.704440e-04;1.368555e-01;-1.330168e-03;1.194247e+00;4.138676e-03;1.052396e+00;-4.310497e-02;1.359993e+00;-1.472987e-02;1.602145e+00;-8.690630e-03;1.829656e+00;-2.172744e-02;1.961263e+00;2.641645e-02;2.277261e+00;6.519923e-02;2.140815e+00;7.244501e-02;2.493103e+00;-3.045985e-02;2.290402e+00;-9.903786e-02;2.243258e+00;2.240887e-01;1.531965e+00;2.812010e-03;2.020774e+00;-7.368252e-02;1.623726e+00;2.476047e-02
269.500000;4.085038e+01;9.163979e+01;1.296224e-02;7.407482e-01;1.272619e-01;1.140688e-01;1.810171e-01;1.254362e-01;1.183820e-01;1.659847e-01;2.011280e+00;5.320685e+00;3.797418e-01;2.509715e+00;2.203289e-01;1.037816e+00;2.975540e-02;1.348374e-01;1.031891e-02;3.271605e-02;5.049200e-02;1.274814e-01;5.459569e-02;2.848984e-01;5.884524e-02;4.262353e-01;5.669194e-02;5.469087e-01;1.050261e-01;6.866926e-01;1.347084e-01;7.745888e-01;1.550090e-01;8.275291e-01;1.239395e-01;9.422719e-01;1.626403e-01;1.011171e+00;1.778778e-01;1.089938e+00;1.637140e-01;1.112731e+00;1.986950e-01;1.155953e+00;2.000038e-01;1.203968e+00;3.623714e-01;1.354463e+00;4.578312e-01;1.498336e+00;2.954440e-01;1.363690e+00;4.048004e-01;1.479185e+00;5.346525e-01;1.595358e+00;8.662609e-01;1.708074e+00;8.037767e-01;1.636115e+00;4.762310e-01;1.467189e+00;3.579696e-01;1.290669e+00;3.097086e-01;1.107563e+00;3.078102e-01;9.458660e-01;2.272366e-01;7.421404e-01;1.895745e-01;6.041954e-01;4.473841e-01;1.605421e+00;4.344724e-01;8.772903e-01;5.727526e+01;1.573359e+02;1.156993e+02;2.545225e+02;3.745678e+02;5.834062e+02;4.571790e+02;1.257970e+03;3.420346e-01;1.216514e+00;1.733423e+02;4.812747e+02;5.068282e-01;3.827297e+00;1.474052e+05;3.104862e+05;8.414670e-01;2.473638e+00;1.082168e+01;1.705850e+01;3.820905e-01;-8.958647e-01;1.360655e-01;4.308101e-01;5.880870e-01;1.557451e+00;4.621854e+00;4.198883e+01;4.115785e+00;-2.111946e+01;6.419827e+00;1.874101e+01;6.835413e+00;8.372628e+00;4.706009e+00;5.855379e+00;7.551000e+00;-4.568836e+00;5.747676e+00;-4.640107e+00;9.666372e+00;7.393140e+00;9.209637e+00;-7.103500e-01;4.681011e+00;-1.279344e+01;1.085888e+01;1.059058e+01;5.623020e+00;-4.731808e+00;8.051789e+00;-6.018704e+00;6.864944e+00;5.412867e+00;7.852601e-05;1.154799e-05;6.040467e-08;-1.179726e-09;5.870564e-07;2.280080e-08;7.959094e-07;1.774973e-08;4.477120e-07;1.890717e-09;7.465775e-06;-4.833177e-07;8.231378e-02;5.960315e-03;4.943359e-02;2.848725e-03;5.752726e-03;-3.399866e-04;1.849388e-03;1.665407e-04;9.020909e-03;-4.412083e-04;8.012819e-03;1.013849e-04;1.205991e-02;1.376185e-04;1.773301e-02;2.297469e-04;3.166666e-02;1.332611e-03;3.048082e-02;3.082714e-03;3.474673e-02;2.885940e-03;3.482128e-02;-1.573797e-03;4.612949e-02;8.931087e-05;5.564613e-02;9.651801e-04;5.384964e-02;-2.844732e-03;6.324928e-02;-1.960523e-03;5.760424e-02;-6.371368e-04;8.120668e-02;4.614807e-03;1.015723e-01;6.682420e-03;7.597809e-02;6.682014e-03;8.259086e-02;7.725963e-03;1.203023e-01;8.387126e-03;1.992577e-01;6.766078e-03;1.736289e-01;5.810077e-03;1.021749e-01;8.943677e-03;8.586574e-02;5.268434e-03;8.997130e-02;4.442797e-03;8.559395e-02;2.977473e-03;5.159772e-02;2.389454e-03;4.158754e-02;2.009422e-03;1.102407e-01;6.781717e-03;1.057351e-01;4.387388e-03;1.072206e+01;1.263281e+00;2.688412e+01;1.823145e+00;8.032792e+01;5.053125e+00;9.810429e+01;1.188633e+01;1.132083e-01;1.074300e-03;3.510720e+01;3.568643e+00;1.161127e-01;1.047800e-02;2.906894e+04;3.202312e+03;2.040243e-01;-1.228142e-02;2.969235e+00;-1.847208e-01;7.646482e-02;3.815194e-03;2.774241e-02;2.824472e-03;1.223952e-01;6.479996e-03;9.729742e-01;-1.061343e-01;1.065589e+00;-2.235159e-02;1.184855e+00;1.362419e-01;1.501466e+00;-1.643666e-01;1.708734e+00;-1.140132e-01;1.913581e+00;-1.064786e-01;1.825071e+00;-1.930944e-04;1.912467e+00;-9.062225e-02;2.207454e+00;-8.624433e-02;1.605295e+00;3.971145e-02;2.456669e+00;3.705173e-02;1.368412e+00;-5.439338e-02;1.727682e+00;-2.874824e-01;1.733958e+00;-1.942969e-01
270.000000;4.077108e+01;9.525561e+01;1.060376e-02;7.425445e-01;1.583961e-01;1.234358e-01;1.752969e-01;1.048155e-01;1.184094e-01;1.630824e-01;1.782866e+00;5.615483e+00;2.950317e-01;2.650640e+00;1.641137e-01;1.030510e+00;1.926389e-02;1.522012e-01;1.061735e-02;2.985009e-02;3.645566e-02;1.379549e-01;2.405805e-02;2.815408e-01;3.800251e-02;4.253021e-01;4.839479e-02;5.463358e-01;1.046985e-01;6.625538e-01;1.114386e-01;7.805233e-01;9.948000e-02;8.705482e-01;1.353287e-01;9.595999e-01;1.725202e-01;9.854224e-01;1.556844e-01;1.058359e+00;1.600332e-01;1.137779e+00;2.018664e-01;1.185185e+00;1.754877e-01;1.221617e+00;3.003307e-01;1.312865e+00;3.705267e-01;1.386411e+00;2.526248e-01;1.433641e+00;2.683853e-01;1.482052e+00;4.229642e-01;1.520336e+00;6.650904e-01;1.583476e+00;5.555454e-01;1.536890e+00;3.809478e-01;1.462915e+00;3.232321e-01;1.289324e+00;2.424726e-01;1.140308e+00;2.255439e-01;9.846640e-01;1.133926e-01;7.741446e-01;7.909607e-02;6.335170e-01;3.063169e-01;1.621791e+00;3.979119e-01;9.723478e-01;3.538878e+01;1.330752e+02;9.692397e+01;2.136094e+02;3.775477e+02;5.066045e+02;5.225045e+02;1.182029e+03;3.111855e-01;1.431729e+00;1.782016e+02;4.388748e+02;4.732261e-01;3.633370e+00;157337;3.066373e+05;1.022124e+00;2.844925e+00;2.019971e+01;2.238037e+01;2.991887e-01;-1.116798e+00;1.341607e-01;3.898618e-01;4.099080e-01;1.884087e+00;4.020555e+00;4.050776e+01;4.351033e+00;-1.930914e+01;3.693933e+00;2.044460e+01;6.738960e+00;1.022709e+01;4.647687e+00;6.436139e+00;5.782892e+00;4.045182e-01;5.461795e+00;-3.225487e+00;4.995593e+00;1.265731e+01;7.323466e+00;-6.801753e-01;4.229094e+00;-1.070226e+01;8.829040e+00;9.943186e+00;3.368757e+00;-8.607084e+00;7.181859e+00;-7.970134e+00;5.573494e+00;2.436116e+00;9.295715e-05;5.638100e-06;4.044706e-08;-1.062230e-09;6.821435e-07;2.546243e-09;8.042853e-07;1.143966e-08;4.464400e-07;9.829204e-09;6.587823e-06;-2.033518e-07;8.831219e-02;2.367015e-03;4.221959e-02;2.974204e-04;4.614362e-03;4.888070e-05;1.904960e-03;2.557318e-05;7.386468e-03;-2.180199e-04;5.998392e-03;-3.839572e-04;8.232568e-03;2.286624e-05;1.537133e-02;2.072630e-04;2.823309e-02;1.182051e-03;3.103449e-02;-9.224445e-04;3.429689e-02;-1.275920e-04;3.757970e-02;-1.950150e-03;3.646969e-02;-3.708540e-03;4.958286e-02;1.910478e-03;6.307381e-02;-1.287939e-03;7.035186e-02;-2.440034e-03;6.644771e-02;1.173977e-03;7.732576e-02;2.078235e-03;8.875316e-02;9.719522e-04;7.814246e-02;5.376091e-03;6.614124e-02;3.014169e-03;9.945371e-02;3.732769e-04;1.582636e-01;-5.334858e-05;1.256054e-01;-1.095626e-03;8.447772e-02;2.360950e-04;6.842817e-02;1.965231e-03;5.371104e-02;7.750368e-04;5.131310e-02;-1.632110e-04;3.454792e-02;1.351486e-03;2.419923e-02;-5.543947e-04;9.746135e-02;9.246607e-04;1.183307e-01;3.023230e-03;7.404904e+00;7.177734e-02;2.129478e+01;1.004883e-01;7.816428e+01;6.459961e-01;1.112748e+02;1.349414e+00;1.056064e-01;5.051138e-03;3.444543e+01;4.145474e-01;1.084906e-01;1.230956e-03;3.028813e+04;6.434247e+02;2.822510e-01;-2.304321e-03;6.844409e+00;-1.065130e-02;8.154045e-02;-1.734443e-03;2.648098e-02;2.812521e-04;1.403754e-01;3.762888e-04;7.445880e-01;-4.299217e-02;1.049796e+00;5.309787e-03;9.373721e-01;2.540053e-02;1.381496e+00;3.271670e-02;1.458143e+00;-5.550188e-02;1.212646e+00;-1.908195e-02;1.564343e+00;7.745921e-02;1.440319e+00;-7.005237e-02;1.832862e+00;-1.481592e-02;1.486010e+00;8.030050e-02;2.320244e+00;-4.963043e-02;1.084342e+00;-3.993026e-02;1.908592e+00;-7.753110e-03;1.447322e+00;-7.099479e-02
270.500000;2.322413e+01;8.363416e+01;1.219014e-02;7.424610e-01;1.527208e-01;1.507376e-01;1.986995e-01;1.487801e-01;1.116171e-01;1.786944e-01;1.323525e+00;5.952949e+00;2.431356e-01;2.654082e+00;1.116258e-01;1.009217e+00;2.166577e-02;1.536781e-01;5.620041e-03;2.823633e-02;3.941113e-02;1.423928e-01;2.765749e-02;2.756081e-01;3.095741e-02;4.249747e-01;4.503602e-02;5.546020e-01;9.427959e-02;6.671413e-01;8.810934e-02;7.865383e-01;8.834282e-02;8.679120e-01;1.435705e-01;9.299399e-01;1.327358e-01;9.898316e-01;1.512097e-01;1.032461e+00;1.779711e-01;1.119541e+00;2.357489e-01;1.182925e+00;1.911852e-01;1.248904e+00;2.763768e-01;1.282508e+00;3.234467e-01;1.338978e+00;1.413012e-01;1.418093e+00;1.804123e-01;1.435401e+00;2.975841e-01;1.464556e+00;4.798018e-01;1.500845e+00;4.021403e-01;1.462790e+00;2.414849e-01;1.401830e+00;2.083751e-01;1.281066e+00;1.619162e-01;1.112307e+00;1.900469e-01;9.355384e-01;8.152907e-02;7.608970e-01;6.831411e-02;6.220549e-01;3.638185e-01;1.689215e+00;3.105217e-01;9.191146e-01;3.034238e+01;1.313525e+02;7.399182e+01;1.929375e+02;2.200687e+02;4.198975e+02;3.567459e+02;1.108386e+03;3.143981e-01;1.411510e+00;1.123648e+02;4.072255e+02;3.246027e-01;3.593892e+00;9.484445e+04;2.792379e+05;8.531306e-01;2.975628e+00;1.858005e+01;2.309887e+01;3.231918e-01;-1.149182e+00;8.834734e-02;3.682969e-01;4.796907e-01;1.793774e+00;2.561348e+00;3.913603e+01;3.451423e+00;-1.758274e+01;4.488542e+00;2.001470e+01;4.384828e+00;1.050564e+01;4.347693e+00;6.144801e+00;5.953526e+00;-3.812775e-01;5.284893e+00;-3.342948e-01;7.752265e+00;1.148565e+01;7.282191e+00;3.072459e-01;4.461339e+00;-7.858240e+00;8.823627e+00;7.037059e+00;3.887451e+00;-8.937633e+00;7.084045e+00;-6.548485e+00;4.078812e+00;9.343953e-01;8.221587e-05;-6.780807e-06;4.157646e-08;-6.580839e-10;5.854926e-07;-4.420691e-08;7.169464e-07;1.579001e-08;4.114765e-07;-1.091759e-08;6.026598e-06;3.287859e-07;7.071076e-02;3.832857e-03;2.905888e-02;6.134877e-04;6.101144e-03;5.371150e-04;1.563516e-03;-1.588561e-04;9.732250e-03;6.461500e-04;7.159802e-03;3.503049e-04;7.720151e-03;1.869834e-04;1.484124e-02;2.384621e-04;2.431482e-02;1.088408e-04;2.248186e-02;6.874528e-04;3.013939e-02;1.023951e-03;3.355015e-02;2.809166e-03;3.844154e-02;1.358033e-03;4.767754e-02;8.345409e-04;6.945612e-02;2.432215e-03;8.107284e-02;2.939851e-03;6.126925e-02;1.664359e-03;7.900412e-02;5.444789e-04;8.379516e-02;5.740363e-04;5.473395e-02;-8.660342e-04;4.678880e-02;-1.755549e-03;6.569643e-02;-1.169278e-03;1.216876e-01;-2.416938e-04;1.013540e-01;-3.128488e-05;6.577888e-02;-1.170784e-03;4.835358e-02;1.191714e-03;3.294892e-02;1.143351e-03;4.290356e-02;-1.887698e-05;2.676747e-02;1.217699e-03;2.027897e-02;1.252585e-03;1.086771e-01;8.758915e-03;9.630878e-02;3.057549e-03;8.498570e+00;-6.459961e-01;2.484906e+01;-7.177734e-01;6.480779e+01;-2.497852e+00;1.073533e+02;-6.244629e+00;1.147472e-01;1.220584e-03;3.294241e+01;-1.902840e+00;9.830048e-02;-2.628038e-03;2.651550e+04;-1.871557e+03;2.818667e-01;6.269980e-03;6.685297e+00;6.161834e-02;1.035083e-01;-7.196134e-03;2.548341e-02;-1.379852e-03;1.366366e-01;1.121698e-02;6.608254e-01;1.806614e-02;9.351168e-01;5.267262e-02;1.260182e+00;-8.079705e-02;1.141492e+00;7.436758e-02;1.595559e+00;6.060812e-02;1.384055e+00;3.265766e-02;1.514991e+00;6.543459e-02;2.084736e+00;9.864308e-02;1.819528e+00;7.854959e-02;1.461893e+00;6.221740e-02;2.486623e+00;-6.613176e-02;1.249670e+00;2.732629e-02;1.871826e+00;1.077285e-01;1.298572e+00;1.071573e-01
271.000000;2.102558e+01;7.637365e+01;2.306677e-02;7.385982e-01;1.234651e-01;1.025826e-01;1.983274e-01;1.275959e-01;1.395831e-01;1.606220e-01;1.528323e+01;2.761581e+00;2.393427e-01;2.676214e+00;1.089093e-01;1.014989e+00;2.757205e-02;1.435863e-01;7.561038e-03;3.209373e-02;5.448821e-02;1.361091e-01;3.279096e-02;2.631405e-01;2.759199e-02;4.085101e-01;3.910864e-02;5.530471e-01;7.054459e-02;7.030557e-01;1.678454e-01;8.061925e-01;1.125302e-01;8.590190e-01;1.539862e-01;9.031719e-01;1.381159e-01;9.906710e-01;1.718714e-01;1.061507e+00;1.641892e-01;1.127201e+00;2.803436e-01;1.193006e+00;1.920761e-01;1.211841e+00;2.858594e-01;1.297982e+00;3.223048e-01;1.348817e+00;2.073224e-01;1.432043e+00;1.723496e-01;1.412448e+00;3.545785e-01;1.488759e+00;5.041527e-01;1.562672e+00;4.457059e-01;1.533319e+00;2.365887e-01;1.434413e+00;2.927421e-01;1.318111e+00;1.436074e-01;1.092600e+00;1.707915e-01;9.062453e-01;9.978256e-02;7.492072e-01;6.349271e-02;5.966157e-01;4.363580e-01;1.767258e+00;3.005846e-01;9.548101e-01;5.043736e+01;1.484355e+02;1.327497e+02;2.421768e+02;3.193367e+02;5.829756e+02;3.579049e+02;1.240743e+03;2.672143e-01;1.232285e+00;1.508371e+02;4.722947e+02;3.800406e-01;3.799678e+00;8.868510e+04;3.106308e+05;7.969168e-01;2.616030e+00;8.913682e+00;1.803579e+01;3.745820e-01;-1.006269e+00;1.228591e-01;4.229259e-01;4.902841e-01;1.592405e+00;2.036903e+00;3.752076e+01;2.988732e+00;-1.754489e+01;6.632348e+00;1.805326e+01;5.295893e+00;7.195817e+00;4.448259e+00;4.779373e+00;6.924453e+00;-5.642080e+00;6.287627e+00;-5.571730e-01;9.068384e+00;9.584058e+00;7.429317e+00;5.134444e-01;8.006693e+00;-5.594786e+00;1.077946e+01;8.780329e+00;5.214828e+00;-9.749098e+00;7.278011e+00;-6.166261e+00;3.910362e+00;2.005123e+00;5.049658e-05;-1.929945e-06;6.293275e-08;4.225154e-09;4.149927e-07;-3.280426e-08;6.986838e-07;-3.158319e-08;5.491281e-07;-3.464124e-08;7.178459e-05;3.206768e-07;6.474677e-02;-1.597046e-03;2.866242e-02;-3.196468e-04;6.815921e-03;5.545937e-05;1.284910e-03;-5.668934e-05;1.140102e-02;4.051363e-04;1.084276e-02;-5.148346e-04;1.019781e-02;4.455780e-04;1.477521e-02;1.299410e-03;2.193602e-02;1.110759e-03;4.306047e-02;-1.425841e-03;2.646779e-02;-2.092194e-03;4.259899e-02;3.227746e-03;5.184609e-02;6.181164e-03;5.655810e-02;-5.714091e-04;7.107117e-02;-1.558749e-03;8.360481e-02;-1.880107e-03;5.166357e-02;-1.331730e-03;8.168523e-02;-1.284075e-03;8.074603e-02;-3.906971e-03;6.539456e-02;-1.233977e-03;5.523092e-02;-2.458513e-03;8.092533e-02;3.080895e-04;1.233367e-01;1.851923e-03;1.058235e-01;4.193238e-03;6.875584e-02;-6.533677e-04;7.562488e-02;-7.533212e-04;3.995512e-02;-3.701937e-03;4.370125e-02;-2.224491e-03;3.229759e-02;-1.168160e-03;1.939553e-02;-5.741895e-04;1.389854e-01;5.889380e-03;9.045079e-02;-4.611971e-03;1.141598e+01;-2.871094e-01;3.592889e+01;-4.019531e-01;8.050005e+01;-8.326172e-01;9.006235e+01;-2.727539e+00;1.032535e-01;-6.437013e-03;3.725011e+01;-8.850018e-01;9.508631e-02;-1.487047e-03;2.443276e+04;-8.465875e+02;2.106180e-01;1.180629e-02;2.865859e+00;1.998726e-01;9.782635e-02;6.271047e-04;2.917735e-02;-6.960892e-04;1.351847e-01;-7.669014e-03;6.325973e-01;1.502596e-05;8.904716e-01;2.574636e-02;1.548053e+00;2.451299e-02;1.060489e+00;-1.496813e-01;1.666816e+00;3.468289e-02;1.945903e+00;3.021492e-02;1.782065e+00;-5.600034e-02;2.383481e+00;7.058164e-02;1.989420e+00;-1.678275e-01;1.998359e+00;-4.839199e-02;2.651464e+00;5.563045e-02;1.507240e+00;1.633339e-01;2.023647e+00;1.994511e-01;1.334403e+00;9.082836e-02
271.500000;1.725521e+01;7.609062e+01;3.201415e-02;7.506257e-01;6.523108e-02;5.208418e-02;5.023175e-02;4.355391e-02;1.346025e-01;1.462830e-01;1.554317e+01;3.626462e+00;2.240693e-01;2.613907e+00;1.097959e-01;9.927381e-01;2.804441e-02;1.477182e-01;9.244999e-03;3.083396e-02;5.230179e-02;1.371660e-01;3.262731e-02;2.640373e-01;3.551631e-02;4.178486e-01;5.029349e-02;5.499954e-01;7.321332e-02;6.857789e-01;1.940384e-01;7.752088e-01;1.371816e-01;8.417261e-01;1.704308e-01;9.796141e-01;2.015032e-01;1.041825e+00;1.979744e-01;1.064723e+00;2.418477e-01;1.119833e+00;3.039489e-01;1.176459e+00;2.297409e-01;1.201545e+00;3.187374e-01;1.295128e+00;2.771339e-01;1.289828e+00;3.111425e-01;1.390820e+00;2.310916e-01;1.355086e+00;3.878183e-01;1.441615e+00;4.993791e-01;1.533968e+00;5.012750e-01;1.529312e+00;1.857595e-01;1.302421e+00;3.296538e-01;1.232077e+00;1.686215e-01;1.032364e+00;1.232082e-01;8.759512e-01;8.230226e-02;7.145581e-01;5.271442e-02;5.623021e-01;4.670699e-01;1.660346e+00;2.674346e-01;8.463526e-01;6.195495e+01;1.333623e+02;1.518763e+02;2.222227e+02;3.523820e+02;5.529727e+02;4.345447e+02;1.152170e+03;2.208735e-01;1.160006e+00;1.822599e+02;4.406908e+02;5.234866e-01;3.685163e+00;1.066633e+05;2.861570e+05;8.928026e-01;2.760742e+00;1.245061e+01;2.145894e+01;3.815597e-01;-1.065783e+00;1.513461e-01;3.956677e-01;4.001912e-01;1.356375e+00;3.052186e+00;3.910142e+01;3.604150e+00;-1.821092e+01;6.754907e+00;1.694848e+01;6.904411e+00;4.267280e+00;6.193659e+00;6.627300e+00;7.750908e+00;-3.332334e+00;5.955263e+00;-9.784500e-01;7.660270e+00;1.359626e+01;1.016780e+01;-1.934487e+00;9.605304e+00;-8.776208e+00;9.835582e+00;1.317365e+01;7.159721e+00;-7.378022e+00;8.536823e+00;-1.966624e+00;4.703442e+00;5.976873e+00;2.690336e-05;-2.362897e-07;7.023889e-08;3.304337e-10;2.182545e-07;9.728828e-09;3.171372e-07;-3.133138e-08;5.422572e-07;-2.303831e-08;7.170804e-05;-2.825345e-07;6.702977e-02;-5.657590e-03;3.058438e-02;-5.184686e-04;6.050403e-03;-5.660636e-04;1.397761e-03;9.649782e-05;9.410379e-03;-8.146890e-04;1.149348e-02;-8.577202e-05;1.329214e-02;7.487960e-04;1.981824e-02;3.408578e-04;2.070942e-02;9.681651e-04;4.792946e-02;-1.367522e-03;3.085312e-02;-2.524001e-03;4.876508e-02;-2.933433e-03;5.844193e-02;-2.068519e-03;7.308163e-02;8.160021e-04;7.675619e-02;-4.273007e-03;7.278833e-02;-3.936265e-03;5.841682e-02;-3.043504e-03;9.088228e-02;1.755848e-03;7.304747e-02;1.974211e-04;8.998076e-02;3.433099e-03;6.752263e-02;2.596818e-03;9.483052e-02;1.075117e-03;1.168933e-01;1.742086e-03;1.184045e-01;3.271893e-03;4.336346e-02;-3.624618e-03;8.330111e-02;-1.548684e-03;5.416586e-02;-1.458759e-03;3.342459e-02;5.991326e-04;2.468777e-02;-1.365785e-03;1.493187e-02;-1.980830e-03;1.571912e-01;-6.866125e-03;8.646612e-02;-6.399507e-03;1.073377e+01;7.895508e-01;3.436010e+01;9.905273e-01;8.062022e+01;5.598633e-01;8.925579e+01;3.646289e+00;7.619841e-02;-1.326140e-03;3.669596e+01;1.319807e+00;1.043752e-01;3.373750e-03;2.472985e+04;9.243549e+02;1.966799e-01;-2.619767e-03;3.265960e+00;-4.720407e-02;8.338504e-02;7.801211e-03;2.922670e-02;1.081339e-03;1.325355e-01;-1.175055e-02;6.863897e-01;1.369235e-02;1.114795e+00;-4.761890e-02;1.475344e+00;6.976250e-02;1.561878e+00;-7.629743e-02;1.557421e+00;-1.031546e-01;1.851813e+00;-3.672034e-02;1.840024e+00;-8.242665e-02;1.976629e+00;-1.331281e-01;2.737404e+00;-7.417991e-02;2.260495e+00;-1.909652e-01;2.453146e+00;1.881412e-01;1.591223e+00;-8.980291e-02;2.068197e+00;-6.994193e-03;1.370338e+00;-2.452668e-02
272.000000;7.113360e+00;7.458946e+01;2.485929e-02;7.659264e-01;4.327278e-02;3.283054e-02;3.725626e-02;3.110501e-02;6.984682e-02;1.174802e-01;2.084299e+00;7.787023e+00;2.559655e-01;2.574941e+00;1.394742e-01;1.004221e+00;2.451949e-02;1.591708e-01;8.174540e-03;2.576972e-02;4.127747e-02;1.427404e-01;2.810140e-02;2.745011e-01;3.748024e-02;4.206248e-01;6.804092e-02;5.611870e-01;8.796804e-02;6.800976e-01;1.567293e-01;7.793717e-01;1.198097e-01;8.661510e-01;1.880679e-01;9.377284e-01;2.226815e-01;1.026614e+00;2.700576e-01;1.059466e+00;2.343809e-01;1.120352e+00;3.018673e-01;1.191302e+00;2.530479e-01;1.287971e+00;3.519347e-01;1.315068e+00;4.001415e-01;1.381136e+00;3.418655e-01;1.397390e+00;3.286181e-01;1.457991e+00;4.878143e-01;1.488012e+00;5.047775e-01;1.514027e+00;5.427693e-01;1.482868e+00;3.404111e-01;1.294253e+00;3.329540e-01;1.212840e+00;2.239536e-01;1.045118e+00;9.952617e-02;8.766078e-01;1.033122e-01;7.140408e-01;1.128556e-01;5.822807e-01;4.962381e-01;1.719256e+00;2.896339e-01;7.782947e-01;5.314607e+01;1.106807e+02;1.063076e+02;1.576230e+02;2.336151e+02;3.874541e+02;3.977727e+02;9.794736e+02;1.892608e-01;1.128474e+00;1.409113e+02;3.618017e+02;4.672718e-01;3.473932e+00;1.020776e+05;2.470044e+05;8.195851e-01;3.167522e+00;1.767641e+01;2.842070e+01;3.486610e-01;-1.222223e+00;1.191654e-01;3.293561e-01;3.205605e-01;1.245705e+00;2.649108e+00;4.134745e+01;4.236063e+00;-1.863978e+01;6.369246e+00;1.889044e+01;8.137788e+00;5.593327e+00;6.466596e+00;5.783539e+00;4.970278e+00;-9.786947e-01;6.002396e+00;-2.317337e+00;4.835517e+00;1.572724e+01;1.270211e+01;8.966421e-01;1.170246e+01;-8.377977e+00;8.712372e+00;1.645392e+01;6.250965e+00;-5.613702e+00;8.571182e+00;-7.399642e-01;4.977680e+00;7.344053e+00;2.666849e-05;2.341458e-07;6.425753e-08;-4.875856e-09;1.508292e-07;4.868428e-09;1.472436e-07;8.605470e-09;3.362817e-07;-2.268568e-08;4.853804e-06;3.606539e-08;7.416342e-02;2.977745e-03;3.738812e-02;1.297645e-03;5.020898e-03;3.184902e-05;1.682763e-03;1.056942e-04;7.235517e-03;-4.798280e-04;9.369033e-03;4.913910e-04;1.254953e-02;9.231091e-05;2.136186e-02;1.219194e-04;2.980676e-02;-1.429083e-03;4.139442e-02;1.382309e-03;3.545082e-02;1.700768e-03;4.837032e-02;-4.791812e-03;5.419195e-02;-6.750044e-03;8.369501e-02;2.129021e-03;6.220780e-02;2.265649e-03;7.222580e-02;3.403309e-03;6.362732e-02;2.916388e-03;9.397517e-02;1.704250e-03;1.031904e-01;5.307973e-03;9.747267e-02;-1.982802e-03;7.999516e-02;3.866573e-03;1.028242e-01;9.360882e-03;1.225908e-01;2.928973e-03;1.304184e-01;1.797636e-03;9.202015e-02;3.826009e-03;9.706473e-02;1.866956e-03;7.079133e-02;2.709995e-03;3.424848e-02;3.271179e-04;3.285787e-02;1.567383e-04;2.734325e-02;8.161723e-04;1.505300e-01;1.441205e-03;9.058078e-02;6.068657e-03;8.663606e+00;1.291992e-01;2.108474e+01;1.722656e-01;5.519580e+01;9.187500e-01;9.869711e+01;3.416602e+00;6.485294e-02;-2.068613e-04;2.933142e+01;7.717316e-01;9.484034e-02;3.141312e-03;2.613450e+04;1.053949e+03;2.247978e-01;-1.093067e-02;4.984611e+00;-1.701046e-01;7.920080e-02;-1.338215e-03;2.331444e-02;5.386470e-04;1.061826e-01;3.950137e-03;7.939367e-01;1.241909e-02;1.310098e+00;-6.736509e-02;1.402841e+00;4.142242e-02;1.724521e+00;1.051333e-01;1.553105e+00;-2.893477e-03;1.423684e+00;-5.067510e-02;1.774931e+00;-1.474503e-01;1.638754e+00;1.191578e-03;3.090206e+00;1.702860e-01;2.652890e+00;5.421581e-02;2.364542e+00;-2.968393e-02;1.517544e+00;-9.202024e-02;1.960540e+00;-1.904099e-01;1.629934e+00;-4.343344e-02
272.500000;1.032810e+01;7.069017e+01;2.431306e-02;7.633454e-01;6.335922e-02;3.750728e-02;7.202985e-02;5.056229e-02;8.263849e-02;1.352341e-01;2.179889e+00;7.419220e+00;2.985999e-01;2.518487e+00;1.478807e-01;1.018476e+00;2.885024e-02;1.532348e-01;6.960795e-03;2.459310e-02;4.324013e-02;1.411987e-01;3.561302e-02;2.829652e-01;4.121210e-02;4.202781e-01;7.140663e-02;5.602374e-01;1.004239e-01;6.594418e-01;1.338501e-01;7.752733e-01;1.150647e-01;8.478405e-01;1.668492e-01;8.563470e-01;1.870893e-01;9.178567e-01;2.493552e-01;1.096365e+00;1.884829e-01;1.099108e+00;4.465009e-01;1.220606e+00;3.814904e-01;1.274259e+00;2.863137e-01;1.318155e+00;3.874138e-01;1.395653e+00;2.517942e-01;1.420852e+00;3.687800e-01;1.512644e+00;4.224168e-01;1.506641e+00;4.276159e-01;1.482343e+00;4.379162e-01;1.469409e+00;4.528840e-01;1.444683e+00;6.534886e-01;1.399349e+00;3.428791e-01;1.137432e+00;1.257426e-01;8.884575e-01;1.379759e-01;7.399608e-01;1.182148e-01;6.130196e-01;4.688249e-01;1.721260e+00;3.930403e-01;7.905892e-01;5.179042e+01;1.202988e+02;7.989421e+01;1.623604e+02;1.903483e+02;3.748213e+02;4.387171e+02;1.010194e+03;2.483296e-01;1.217307e+00;1.195775e+02;3.679661e+02;4.129229e-01;3.506136e+00;9.889149e+04;2.581981e+05;1.000690e+00;3.321296e+00;2.586779e+01;3.108958e+01;3.996904e-01;-1.153532e+00;1.004791e-01;3.344982e-01;4.109421e-01;1.310444e+00;2.699095e+00;4.077846e+01;4.479565e+00;-1.852794e+01;6.085779e+00;2.265805e+01;6.768506e+00;7.025592e+00;6.230715e+00;4.757549e+00;8.519868e+00;-2.075200e+00;7.343347e+00;-4.273744e+00;5.456703e+00;1.354667e+01;1.363836e+01;-2.136976e-01;1.326029e+01;-4.808398e+00;1.153909e+01;1.660947e+01;5.915688e+00;-5.999764e+00;8.413930e+00;-7.278776e+00;5.456218e+00;3.799471e+00;3.199128e-05;-2.554161e-06;6.467528e-08;8.658112e-09;2.451903e-07;-2.862765e-08;2.798512e-07;-3.827397e-09;3.604221e-07;6.124993e-09;7.157508e-06;8.141575e-07;7.999279e-02;-2.117793e-04;3.974254e-02;5.576673e-04;7.629789e-03;6.160341e-04;1.769263e-03;-1.694381e-04;9.895809e-03;8.196401e-04;1.270754e-02;-1.041020e-04;1.171164e-02;-1.276144e-03;1.936907e-02;-1.381309e-03;3.253242e-02;-1.625578e-03;4.071882e-02;-8.843520e-04;3.914413e-02;1.353990e-03;4.904710e-02;-8.080673e-04;5.485394e-02;-2.113884e-03;7.033227e-02;-8.449691e-04;4.489153e-02;5.489241e-03;9.384531e-02;1.265372e-02;7.831173e-02;1.087568e-02;7.435267e-02;-5.305013e-03;9.777245e-02;-4.682985e-03;7.402768e-02;-5.107462e-03;9.639241e-02;-1.237547e-05;1.041763e-01;-3.427910e-03;1.040753e-01;-9.227833e-03;1.043016e-01;-1.079038e-02;1.243778e-01;6.249421e-03;1.700043e-01;9.213365e-03;8.683775e-02;6.605094e-03;3.123969e-02;4.337088e-03;4.439799e-02;2.259710e-03;3.274902e-02;2.234759e-03;1.328961e-01;-9.250419e-03;9.409165e-02;6.881109e-03;1.179017e+01;-1.320703e+00;1.725824e+01;-2.153320e+00;5.046484e+01;-3.043359e+00;1.153629e+02;-5.024414e+00;9.085673e-02;2.021816e-03;2.988821e+01;-2.466508e+00;9.800687e-02;-1.053538e-02;2.722041e+04;-1.390022e+03;2.651545e-01;3.570050e-03;7.623103e+00;6.387581e-02;1.096282e-01;-8.412624e-03;2.399859e-02;-2.173585e-03;1.565534e-01;-3.710709e-03;6.964392e-01;-3.294526e-02;1.317903e+00;6.169007e-02;1.573388e+00;-8.316396e-02;1.494271e+00;2.314671e-01;1.626657e+00;2.436824e-01;1.928593e+00;-1.024858e-01;1.932986e+00;1.407589e-01;1.602243e+00;-1.017760e-02;2.985480e+00;3.316187e-01;3.136245e+00;3.628854e-01;2.630593e+00;-3.507071e-01;1.797078e+00;1.940679e-01;2.319157e+00;1.635424e-02;1.591866e+00;-7.974380e-02
273.000000;2.876541e+01;8.416541e+01;2.656911e-02;7.632058e-01;1.130588e-01;8.094274e-02;1.152976e-01;1.064806e-01;7.868089e-02;1.602235e-01;3.086811e+00;6.759470e+00;2.813489e-01;2.537987e+00;1.252516e-01;1.030745e+00;3.046426e-02;1.440576e-01;5.791135e-03;2.688587e-02;3.730691e-02;1.268905e-01;4.209822e-02;2.739208e-01;5.414995e-02;4.281610e-01;7.208128e-02;5.654049e-01;1.553324e-01;6.946030e-01;9.844156e-02;7.935253e-01;1.213138e-01;8.832396e-01;2.279125e-01;9.843670e-01;2.224309e-01;1.015178e+00;1.398044e-01;1.074754e+00;2.329762e-01;1.106249e+00;4.561086e-01;1.255267e+00;3.949486e-01;1.243762e+00;2.260113e-01;1.278023e+00;2.831802e-01;1.323948e+00;1.458297e-01;1.400077e+00;2.728193e-01;1.470304e+00;2.197660e-01;1.509831e+00;3.639173e-01;1.459989e+00;3.966841e-01;1.432853e+00;3.782137e-01;1.512391e+00;6.443868e-01;1.393987e+00;3.672265e-01;1.161645e+00;1.946614e-01;9.673707e-01;1.379831e-01;8.025364e-01;9.399556e-02;6.410949e-01;6.051968e-01;1.836420e+00;3.727521e-01;8.154344e-01;4.986847e+01;1.356592e+02;1.281007e+02;2.362910e+02;2.097803e+02;4.629639e+02;3.759459e+02;1.119296e+03;2.563752e-01;1.265499e+00;1.198124e+02;4.197946e+02;4.809840e-01;3.746219e+00;7.971523e+04;2.594504e+05;9.155066e-01;3.094623e+00;2.222247e+01;2.933888e+01;4.234239e-01;-1.027886e+00;1.077176e-01;3.868529e-01;4.322314e-01;1.439225e+00;2.665099e+00;3.979985e+01;3.889700e+00;-1.748861e+01;7.958795e+00;1.809912e+01;6.845537e+00;6.906704e+00;8.110281e+00;2.936712e+00;8.154828e+00;-2.589450e+00;7.110803e+00;-3.408543e+00;5.345041e+00;1.055487e+01;1.356444e+01;3.625280e+00;1.083910e+01;-1.513129e+00;1.260228e+01;8.711621e+00;5.975332e+00;-4.469867e+00;8.550823e+00;-4.760650e+00;5.626210e+00;-7.853486e-01;5.866099e-05;2.975959e-06;7.439582e-08;2.839319e-09;4.287383e-07;-3.202440e-08;3.768543e-07;-2.043964e-08;3.497900e-07;2.787213e-08;8.557024e-06;-2.069172e-07;6.755624e-02;6.507201e-04;3.222441e-02;6.900758e-05;8.376959e-03;-3.992395e-05;1.374478e-03;-2.947847e-05;9.094116e-03;4.676525e-04;1.282856e-02;4.620427e-04;1.385979e-02;5.014038e-04;2.059520e-02;-2.492833e-04;3.541603e-02;7.133667e-04;2.879366e-02;-7.619694e-04;3.325231e-02;-6.996534e-04;5.945385e-02;4.977684e-03;6.421652e-02;2.142651e-03;4.252431e-02;-3.706469e-03;4.524608e-02;-1.452241e-03;9.164776e-02;-2.510059e-03;7.478161e-02;-9.355708e-04;5.983581e-02;3.417814e-04;6.582355e-02;1.507646e-03;3.584226e-02;1.796820e-03;7.419226e-02;-2.211306e-03;7.543883e-02;-8.114113e-03;7.455425e-02;-6.437234e-04;8.210369e-02;1.768532e-04;1.020791e-01;-1.724984e-03;1.618714e-01;1.170445e-03;8.770859e-02;5.068956e-03;5.253544e-02;3.121809e-03;4.209264e-02;9.547230e-04;2.721349e-02;1.399724e-03;1.555476e-01;3.895403e-03;7.454299e-02;-2.867990e-03;1.275196e+01;2.583984e-01;2.600242e+01;7.034180e-01;5.458463e+01;3.732422e-01;1.076436e+02;-1.234570e+00;9.795215e-02;-1.160433e-03;3.106662e+01;2.896201e-01;1.019225e-01;1.893303e-03;2.431738e+04;-3.447837e+02;2.374652e-01;2.113563e-03;6.795512e+00;3.944460e-02;1.218264e-01;1.589631e-03;2.559110e-02;4.059507e-04;1.500227e-01;2.622517e-03;6.106555e-01;-4.086486e-02;1.101144e+00;1.041065e-01;1.365116e+00;-1.039974e-01;1.325503e+00;-3.299103e-02;1.613111e+00;-8.668292e-02;1.888374e+00;2.272459e-03;1.862258e+00;2.179965e-01;1.760712e+00;-9.062944e-02;2.630236e+00;-4.542227e-02;2.586953e+00;-4.007406e-02;2.581751e+00;-9.193300e-02;1.740495e+00;1.216415e-02;2.232278e+00;6.283169e-02;1.384830e+00;1.521898e-02
273.500000;2.206548e+01;1.012261e+02;2.313364e-02;7.576172e-01;1.014106e-01;1.127754e-01;1.029355e-01;9.612460e-02;6.746358e-02;1.611682e-01;2.657775e+00;6.358517e+00;2.603771e-01;2.623396e+00;1.203132e-01;1.018510e+00;2.434996e-02;1.482257e-01;5.019216e-03;2.743134e-02;3.006464e-02;1.332855e-01;3.503893e-02;2.769123e-01;5.462930e-02;4.331520e-01;6.585608e-02;5.715375e-01;1.480720e-01;6.993506e-01;1.036406e-01;7.776455e-01;1.225455e-01;8.643011e-01;2.448575e-01;9.727230e-01;1.985891e-01;1.044867e+00;1.510966e-01;1.040972e+00;2.005311e-01;1.106946e+00;2.763946e-01;1.203205e+00;2.186832e-01;1.211977e+00;2.435117e-01;1.268603e+00;3.198825e-01;1.380130e+00;1.973139e-01;1.373143e+00;1.831802e-01;1.443920e+00;2.346284e-01;1.483575e+00;4.894086e-01;1.537924e+00;4.941587e-01;1.480107e+00;2.567649e-01;1.407472e+00;2.908947e-01;1.234630e+00;2.729364e-01;1.125254e+00;1.991574e-01;9.883339e-01;1.202222e-01;7.926248e-01;8.893481e-02;6.286666e-01;5.937442e-01;2.078859e+00;2.703341e-01;8.040987e-01;4.198355e+01;1.310654e+02;1.191365e+02;2.395928e+02;1.739333e+02;4.553555e+02;2.771772e+02;1.070631e+03;2.219500e-01;1.228572e+00;1.024168e+02;4.143924e+02;4.516930e-01;3.741046e+00;6.878572e+04;2.492046e+05;9.305125e-01;3.226526e+00;2.325236e+01;3.297264e+01;3.426230e-01;-1.063596e+00;9.376340e-02;3.849331e-01;4.127384e-01;1.705472e+00;2.641441e+00;3.859425e+01;4.126109e+00;-1.484974e+01;5.417282e+00;1.508859e+01;6.862405e+00;8.352343e+00;6.715951e+00;2.060864e+00;3.379875e+00;-2.447575e+00;7.612381e+00;4.131590e-01;5.333467e+00;7.180634e+00;9.411146e+00;6.611323e+00;9.121253e+00;-3.771768e+00;7.412607e+00;5.682106e+00;5.402743e+00;-5.119771e+00;5.815058e+00;-5.111828e-01;5.258442e+00;-6.139389e-01;6.322037e-05;5.178691e-06;7.002400e-08;-6.441588e-09;4.371247e-07;2.865814e-08;3.554367e-07;1.730350e-08;3.476474e-07;-1.384892e-08;6.618666e-06;-9.632914e-07;6.085563e-02;2.677615e-03;2.767580e-02;5.988834e-04;5.987078e-03;-4.588576e-04;8.898329e-04;1.306374e-04;6.729955e-03;-8.669439e-04;8.575440e-03;-5.398238e-04;1.392760e-02;1.061749e-03;1.915249e-02;1.705154e-03;3.194189e-02;-2.178604e-04;2.174043e-02;1.552666e-03;2.442979e-02;8.931528e-04;5.575383e-02;3.050517e-03;5.579898e-02;4.068418e-03;5.029093e-02;-5.731247e-05;4.334458e-02;-3.735051e-03;6.267112e-02;-9.815389e-03;4.633803e-02;-7.556859e-03;5.510103e-02;4.712644e-03;7.609795e-02;6.217346e-03;5.066518e-02;5.619722e-03;4.250943e-02;6.713775e-04;5.283896e-02;3.828750e-03;1.077142e-01;1.295094e-02;9.718234e-02;1.336370e-02;5.540402e-02;-1.913466e-03;7.383676e-02;-6.690992e-03;6.980359e-02;-5.058931e-03;5.593456e-02;-4.269455e-03;3.624041e-02;-1.899066e-03;2.132403e-02;-1.504041e-03;1.705288e-01;2.066888e-02;6.931137e-02;-4.996419e-03;1.059915e+01;1.162793e+00;2.358084e+01;1.737012e+00;4.854287e+01;2.655762e+00;8.526657e+01;4.120019e+00;8.704010e-02;5.024673e-05;2.497866e+01;2.071180e+00;9.517669e-02;9.039105e-03;2.053937e+04;1.179552e+03;2.520301e-01;-2.554483e-03;6.117705e+00;-6.920815e-02;9.548635e-02;6.343911e-03;2.096954e-02;1.860155e-03;1.235475e-01;7.241540e-03;5.963165e-01;-5.085280e-03;1.061285e+00;-1.702990e-02;1.109979e+00;7.254224e-02;1.289802e+00;-2.242971e-01;1.310245e+00;-2.421689e-01;1.284810e+00;9.659143e-02;1.866731e+00;-6.777861e-02;1.650158e+00;-1.104948e-02;1.915194e+00;-3.389375e-01;1.823014e+00;-3.143538e-01;2.120950e+00;2.288834e-01;1.432456e+00;-1.723816e-01;1.637066e+00;-1.295568e-02;1.189066e+00;5.281002e-02
274.000000;6.392831e+01;1.280362e+02;1.377301e-02;7.520083e-01;1.091996e-01;1.174717e-01;1.220619e-01;8.176801e-02;7.365964e-02;1.554448e-01;6.828485e+00;4.479496e+00;2.460531e-01;2.591684e+00;1.139555e-01;1.003672e+00;1.814009e-02;1.483612e-01;6.506808e-03;2.762661e-02;3.858143e-02;1.407346e-01;4.897415e-02;2.847463e-01;4.133870e-02;4.285210e-01;6.687115e-02;5.522841e-01;9.689670e-02;6.740101e-01;1.174685e-01;7.327803e-01;1.411318e-01;8.079170e-01;1.468798e-01;8.951634e-01;1.395779e-01;9.766132e-01;1.893014e-01;1.046535e+00;1.501908e-01;1.096684e+00;3.476131e-01;1.209357e+00;1.827762e-01;1.228848e+00;2.924866e-01;1.307031e+00;3.942912e-01;1.389848e+00;2.175266e-01;1.386885e+00;2.197842e-01;1.418296e+00;2.381164e-01;1.431177e+00;5.313244e-01;1.546909e+00;5.003863e-01;1.536236e+00;2.612413e-01;1.371898e+00;1.604850e-01;1.258019e+00;1.649114e-01;1.125280e+00;1.520587e-01;9.209732e-01;8.878670e-02;7.276084e-01;7.851756e-02;6.011159e-01;5.642108e-01;2.151236e+00;2.956676e-01;7.744242e-01;5.961842e+01;1.414014e+02;1.056558e+02;2.157627e+02;1.563297e+02;4.091309e+02;4.107321e+02;1.074650e+03;2.570065e-01;1.196400e+00;1.166964e+02;4.055996e+02;3.668292e-01;3.580961e+00;9.875775e+04;2.629153e+05;1.012586e+00;3.334827e+00;2.517408e+01;3.219367e+01;2.731628e-01;-1.059714e+00;9.633827e-02;3.719046e-01;3.585338e-01;1.840539e+00;2.283629e+00;3.729913e+01;4.152586e+00;-1.343477e+01;3.935497e+00;1.853501e+01;6.794050e+00;8.713735e+00;8.646099e+00;2.696748e+00;4.872731e+00;-4.395709e+00;7.134715e+00;2.292719e+00;6.227327e+00;4.690135e+00;8.821171e+00;2.220446e+00;6.478904e+00;-9.078332e+00;9.034052e+00;8.061667e+00;5.805242e+00;-6.048850e+00;7.128820e+00;-2.246104e+00;4.283973e+00;2.086107e+00;1.851288e-04;9.156618e-06;6.617299e-08;-2.190854e-09;5.190118e-07;-1.542062e-08;5.492112e-07;-2.795856e-08;3.310012e-07;-1.930681e-08;3.036475e-05;3.381437e-08;6.297476e-02;1.301150e-03;2.726240e-02;1.293665e-03;5.122167e-03;-1.163635e-04;1.233508e-03;4.837491e-05;9.059086e-03;-3.142963e-04;1.115837e-02;-3.841009e-04;1.345524e-02;-1.717229e-03;1.283797e-02;-1.559852e-03;2.813320e-02;-4.803952e-05;2.342634e-02;1.834201e-03;2.861565e-02;3.631202e-03;3.075565e-02;-9.461591e-04;4.253216e-02;2.553980e-03;5.275932e-02;4.388063e-03;4.495290e-02;3.350366e-03;8.780814e-02;-6.368655e-05;5.008214e-02;3.293146e-03;7.062866e-02;3.674175e-03;1.002918e-01;4.224694e-03;5.214467e-02;-1.707331e-03;5.470062e-02;1.330486e-03;5.917051e-02;3.483540e-03;1.325737e-01;8.252991e-03;1.119450e-01;5.166430e-03;4.779758e-02;3.901146e-03;4.069922e-02;1.482192e-04;4.622918e-02;-4.414205e-03;3.809996e-02;-3.447420e-03;2.815676e-02;1.409147e-04;1.876022e-02;-1.135946e-03;1.414594e-01;-1.312789e-02;9.478678e-02;4.653546e-03;1.353574e+01;-1.722656e-01;2.892689e+01;-5.742188e-01;4.703482e+01;1.263281e+00;1.253393e+02;6.962402e+00;1.004418e-01;6.088661e-04;3.017208e+01;8.211406e-01;9.385803e-02;-1.253139e-03;2.578284e+04;1.548431e+03;2.910745e-01;-1.008838e-02;6.795015e+00;-1.422889e-01;9.013084e-02;9.315647e-04;2.411181e-02;4.590370e-04;1.365331e-01;3.911701e-03;5.840582e-01;-1.037993e-02;1.176299e+00;-7.697440e-02;1.150918e+00;3.141402e-02;1.444092e+00;-2.929336e-02;1.464109e+00;1.259952e-01;1.387000e+00;5.574973e-03;2.100696e+00;-2.557415e-02;1.631077e+00;1.744382e-01;2.085877e+00;-1.774823e-03;1.894559e+00;2.347866e-02;2.493741e+00;7.843474e-02;1.665443e+00;1.903035e-02;1.849046e+00;-1.821365e-02;1.103705e+00;-4.090273e-02
274.500000;6.505791e+01;1.259888e+02;2.036616e-02;7.465598e-01;1.089414e-01;1.093763e-01;1.244727e-01;7.768615e-02;8.166344e-02;1.506011e-01;6.827780e+00;4.259271e+00;3.004123e-01;2.529551e+00;1.302402e-01;9.837269e-01;2.703682e-02;1.384234e-01;6.003643e-03;2.868733e-02;4.837091e-02;1.266030e-01;5.548099e-02;2.709764e-01;3.934319e-02;4.200700e-01;5.867374e-02;5.389589e-01;1.276035e-01;6.734147e-01;1.429645e-01;7.810078e-01;1.576849e-01;8.822727e-01;1.099187e-01;9.247587e-01;1.472643e-01;9.548505e-01;2.132460e-01;1.068455e+00;1.576380e-01;1.116731e+00;3.621048e-01;1.182011e+00;1.927026e-01;1.234539e+00;3.064466e-01;1.286621e+00;4.174381e-01;1.373160e+00;2.485320e-01;1.328646e+00;2.617978e-01;1.391169e+00;3.161735e-01;1.444159e+00;5.208716e-01;1.489448e+00;4.780114e-01;1.459047e+00;3.206510e-01;1.312083e+00;2.554197e-01;1.184448e+00;2.034165e-01;1.031115e+00;1.461437e-01;8.387250e-01;1.142480e-01;6.889468e-01;1.150285e-01;5.746825e-01;5.963873e-01;2.047668e+00;3.507758e-01;7.837369e-01;6.654174e+01;1.620732e+02;1.248081e+02;2.466270e+02;1.622740e+02;4.708594e+02;3.802151e+02;1.158343e+03;2.849749e-01;1.119305e+00;1.096404e+02;4.456862e+02;3.257919e-01;3.643253e+00;9.271629e+04;2.766171e+05;6.811925e-01;2.895034e+00;1.268370e+01;2.253910e+01;3.781095e-01;-9.412022e-01;9.563737e-02;4.090992e-01;4.891643e-01;1.710778e+00;3.497958e+00;3.914365e+01;4.493835e+00;-1.690947e+01;5.298592e+00;1.891023e+01;6.237288e+00;6.125048e+00;9.573421e+00;6.855388e-01;6.654731e+00;-5.848492e+00;6.912764e+00;-2.441185e+00;9.718034e+00;9.952255e+00;8.264346e+00;2.261690e+00;5.523541e+00;-9.827009e+00;1.184508e+01;1.053848e+01;7.890244e+00;-8.201649e+00;1.007414e+01;-9.720842e+00;4.853274e+00;3.565598e-01;1.821253e-04;5.742575e-06;7.253542e-08;2.235447e-09;4.794919e-07;-6.455377e-08;5.150776e-07;-5.692135e-08;3.517824e-07;-2.726899e-09;3.044374e-05;3.549017e-07;7.876406e-02;1.218058e-03;3.604420e-02;2.891159e-03;6.638381e-03;5.110944e-04;1.369425e-03;-9.876541e-05;1.169209e-02;1.970144e-03;1.200149e-02;1.601317e-03;1.282225e-02;-1.202896e-04;1.197338e-02;-2.498066e-04;4.322055e-02;7.604252e-05;2.745568e-02;-1.996046e-03;2.765569e-02;-2.542496e-03;3.588110e-02;-1.959278e-03;4.457447e-02;-1.082681e-03;5.445874e-02;4.783256e-03;4.619695e-02;4.476756e-03;9.528449e-02;-1.986346e-03;5.844021e-02;4.269498e-03;8.597451e-02;5.296986e-03;1.099648e-01;5.444513e-03;6.366873e-02;3.808627e-03;7.714202e-02;8.166037e-03;9.120268e-02;8.205005e-03;1.385183e-01;6.496163e-03;1.213093e-01;5.344495e-03;6.231032e-02;4.197104e-03;6.148852e-02;5.940593e-03;4.886837e-02;4.724982e-03;3.519589e-02;4.559700e-03;3.069415e-02;2.683193e-03;2.657115e-02;3.062658e-03;1.455826e-01;-1.224855e-02;1.065803e-01;4.340352e-03;1.397654e+01;-9.187500e-01;3.089695e+01;-1.421191e+00;4.854306e+01;-2.957227e+00;1.261217e+02;-3.186914e+00;9.836122e-02;2.250339e-03;2.953927e+01;-1.667453e+00;8.196224e-02;-8.092973e-03;2.611698e+04;-3.584261e+02;2.255981e-01;5.355184e-03;4.190340e+00;4.479043e-02;1.063159e-01;-7.575935e-03;2.366663e-02;-1.584003e-03;1.530908e-01;7.853413e-03;8.119473e-01;2.773360e-03;1.020069e+00;-8.032595e-03;1.558921e+00;7.314429e-02;1.413764e+00;1.250248e-01;1.654232e+00;1.155950e-01;1.673024e+00;1.028507e-01;2.002821e+00;-1.927556e-02;1.757060e+00;7.626603e-02;2.076356e+00;1.000293e-01;1.703955e+00;6.520348e-02;2.887280e+00;8.468287e-02;1.710299e+00;6.809846e-02;2.284114e+00;-8.859710e-02;1.343413e+00;-3.209788e-02
275.000000;8.373603e+01;1.431797e+02;2.363635e-02;7.543703e-01;7.856157e-02;1.024834e-01;1.062015e-01;8.291186e-02;1.011538e-01;1.747653e-01;2.866894e+00;4.850129e+00;2.896648e-01;2.563098e+00;1.438572e-01;1.016677e+00;2.752986e-02;1.362217e-01;4.460261e-03;2.892794e-02;6.344760e-02;1.291166e-01;4.783073e-02;2.657915e-01;3.617689e-02;4.294264e-01;6.526440e-02;5.848538e-01;1.444829e-01;6.488143e-01;1.267738e-01;7.923992e-01;1.310447e-01;8.631633e-01;1.642671e-01;9.578294e-01;2.105701e-01;1.034955e+00;2.638760e-01;1.055282e+00;1.718127e-01;1.106644e+00;2.784636e-01;1.189289e+00;1.784752e-01;1.229089e+00;3.387351e-01;1.308018e+00;4.073626e-01;1.390417e+00;2.951312e-01;1.404295e+00;3.105304e-01;1.473561e+00;3.546845e-01;1.537153e+00;5.013437e-01;1.537817e+00;4.739398e-01;1.502261e+00;3.824095e-01;1.402035e+00;3.836552e-01;1.285093e+00;2.683376e-01;1.071992e+00;2.457064e-01;8.952875e-01;1.383613e-01;7.370727e-01;1.383108e-01;6.019505e-01;7.775826e-01;2.126203e+00;3.137179e-01;7.979291e-01;6.645760e+01;1.691074e+02;1.079862e+02;2.450479e+02;1.932728e+02;5.252666e+02;3.307835e+02;1.212606e+03;2.393120e-01;1.111096e+00;1.018943e+02;4.700778e+02;2.598461e-01;3.659354e+00;7.958133e+04;2.958417e+05;6.646388e-01;2.744271e+00;1.013445e+01;1.967261e+01;3.836766e-01;-9.130499e-01;9.266881e-02;4.293011e-01;5.653707e-01;1.745655e+00;3.578785e+00;3.920839e+01;3.402154e+00;-1.904392e+01;7.516623e+00;1.958858e+01;4.271346e+00;4.518669e+00;7.494666e+00;-6.394455e-01;6.609792e+00;-4.167785e+00;7.471526e+00;-4.061530e+00;1.224364e+01;1.346715e+01;8.356742e+00;-8.930886e-01;8.115864e+00;-1.547307e+01;1.555230e+01;6.621136e+00;8.150175e+00;-9.458799e+00;8.600169e+00;-1.153971e+01;5.066060e+00;7.489323e-01;1.713451e-04;-4.641192e-06;6.492492e-08;5.408698e-09;3.037260e-07;2.112410e-08;4.358521e-07;2.895048e-08;3.825371e-07;1.763419e-08;7.662197e-06;-1.237995e-07;7.867230e-02;-1.807396e-03;3.539887e-02;-8.142369e-04;7.203164e-03;2.703603e-04;1.216518e-03;-7.105064e-05;1.474399e-02;1.855146e-03;1.215065e-02;2.591381e-04;1.190223e-02;9.013298e-04;1.308170e-02;2.121137e-03;4.125583e-02;3.091737e-03;3.469178e-02;2.925802e-03;2.419820e-02;-1.946966e-03;3.442697e-02;-2.715949e-03;3.149788e-02;-4.038780e-03;6.736269e-02;-6.338212e-04;4.729036e-02;-4.083685e-03;8.331136e-02;-7.366099e-05;5.532534e-02;-3.943234e-03;8.942097e-02;-1.566137e-03;9.507982e-02;-8.332805e-03;7.506669e-02;4.444298e-03;8.361079e-02;-3.849984e-03;8.978139e-02;-2.656591e-03;1.174755e-01;-5.713846e-03;1.116976e-01;-1.717909e-03;8.109766e-02;-2.132712e-03;7.682525e-02;2.660701e-03;6.435516e-02;2.630469e-03;5.250857e-02;2.785917e-03;3.434756e-02;-6.289243e-04;3.146664e-02;-8.108025e-04;2.021979e-01;2.788219e-02;9.640892e-02;-5.317050e-03;1.310423e+01;-2.153320e-01;2.183610e+01;-2.296875e-01;5.032790e+01;-1.076660e+00;9.614761e+01;-1.053691e+01;8.870866e-02;-5.249946e-04;2.574772e+01;-1.396525e+00;7.395600e-02;-1.879467e-03;2.362977e+04;-1.827035e+03;1.986925e-01;1.243279e-02;3.402657e+00;1.147777e-01;1.059657e-01;-4.144670e-03;2.092843e-02;-9.677837e-04;1.792441e-01;1.669373e-03;8.667327e-01;1.869641e-02;9.449900e-01;4.909956e-02;1.641563e+00;7.201140e-02;1.262573e+00;-4.963690e-02;1.803343e+00;-1.379719e-01;1.515710e+00;-1.372575e-01;1.768745e+00;-4.490670e-02;2.247611e+00;-8.189910e-02;1.955484e+00;8.742869e-02;1.731895e+00;4.436853e-02;3.357846e+00;5.336837e-02;1.733956e+00;2.288828e-02;2.108848e+00;2.117446e-02;1.430451e+00;3.488737e-02
275.500000;9.029710e+01;1.315916e+02;2.020377e-02;7.813156e-01;8.509903e-02;5.819578e-02;1.115492e-01;6.546056e-02;1.002638e-01;1.763912e-01;4.217473e+00;6.972928e+00;2.239281e-01;2.552782e+00;1.138527e-01;1.020376e+00;2.543168e-02;1.561803e-01;7.610868e-03;2.470900e-02;6.732570e-02;1.618101e-01;4.011778e-02;2.740944e-01;3.401000e-02;4.303712e-01;5.941657e-02;6.032166e-01;1.467213e-01;6.699641e-01;1.453024e-01;7.664586e-01;9.145460e-02;7.985168e-01;2.292514e-01;9.131026e-01;2.689357e-01;1.013926e+00;2.508886e-01;1.047992e+00;1.921479e-01;1.125868e+00;3.173235e-01;1.237630e+00;1.914644e-01;1.264749e+00;3.357615e-01;1.320351e+00;3.301042e-01;1.328945e+00;2.489931e-01;1.462768e+00;2.559571e-01;1.448850e+00;3.140184e-01;1.469863e+00;4.234180e-01;1.516139e+00;4.356157e-01;1.503616e+00;3.357741e-01;1.432236e+00;3.480466e-01;1.317227e+00;2.136290e-01;1.109286e+00;2.087231e-01;9.402677e-01;1.032167e-01;7.629172e-01;1.103613e-01;6.096057e-01;9.530804e-01;2.740220e+00;2.310613e-01;7.521945e-01;6.990745e+01;1.314961e+02;1.004755e+02;1.859033e+02;2.135221e+02;4.318125e+02;4.797488e+02;9.457383e+02;1.689813e-01;1.094740e+00;1.418976e+02;3.880495e+02;3.492315e-01;3.445233e+00;1.011486e+05;2.588639e+05;1.007469e+00;3.379593e+00;1.924434e+01;3.025753e+01;3.769031e-01;-1.185995e+00;1.230316e-01;3.541531e-01;4.900954e-01;1.812542e+00;3.075236e+00;3.829399e+01;4.249560e+00;-1.635836e+01;7.718456e+00;2.345797e+01;7.915149e+00;8.310092e+00;7.225752e+00;1.025210e+00;5.952539e+00;-5.792198e+00;8.169844e+00;-4.674369e+00;1.120375e+01;1.023203e+01;9.941853e+00;-1.968958e+00;1.036713e+01;-1.271924e+01;1.551776e+01;7.311631e+00;7.514495e+00;-5.936095e+00;7.236086e+00;-4.655672e+00;3.951574e+00;3.505453e+00;1.707889e-04;-1.371407e-06;6.169534e-08;-6.277981e-09;2.594630e-07;3.258444e-08;4.371343e-07;4.489855e-08;4.194505e-07;3.392618e-08;9.114034e-06;-3.161188e-07;6.141602e-02;-1.104438e-03;2.436379e-02;-1.851360e-03;5.956977e-03;-4.521915e-04;1.435490e-03;1.525573e-04;1.287500e-02;-1.808286e-03;1.209435e-02;-1.174598e-03;1.486552e-02;-2.954475e-04;1.622398e-02;-9.512265e-04;2.500696e-02;-1.004442e-03;4.159071e-02;1.351916e-03;2.571704e-02;2.462600e-03;3.767154e-02;4.901770e-03;4.416949e-02;4.766987e-03;6.878747e-02;-1.346695e-03;4.750985e-02;-3.319544e-03;8.250350e-02;1.531978e-03;5.906579e-02;-4.502266e-03;8.028883e-02;-4.647810e-03;7.849199e-02;-5.741566e-03;7.447399e-02;-2.515137e-03;5.831209e-02;-9.144689e-03;5.698418e-02;-6.989384e-03;9.849184e-02;-4.585711e-03;1.101980e-01;-1.779217e-03;7.623589e-02;-1.567516e-03;7.030169e-02;-2.229436e-03;5.513206e-02;-2.309875e-03;4.977027e-02;-2.949351e-03;2.673689e-02;-1.515997e-03;2.403272e-02;-2.772385e-03;3.287127e-01;1.154705e-02;7.813606e-02;-2.917361e-03;1.188365e+01;9.331055e-01;2.036350e+01;1.464258e+00;3.954567e+01;3.215625e+00;1.030582e+02;2.426074e+00;7.444414e-02;-2.648448e-03;2.608254e+01;1.647969e+00;7.452890e-02;6.392732e-03;2.602865e+04;8.757568e+02;2.522587e-01;-3.118020e-03;5.404778e+00;1.947611e-03;9.266069e-02;7.122609e-03;2.070577e-02;1.442033e-03;1.897267e-01;-6.087533e-03;7.164763e-01;-1.174403e-02;1.315891e+00;-1.879163e-02;1.359201e+00;-2.852796e-02;1.451073e+00;-1.190408e-01;1.755152e+00;3.213562e-03;1.464606e+00;-1.170706e-01;1.823082e+00;-1.301693e-02;2.183537e+00;-4.282185e-02;2.588625e+00;-1.877333e-01;1.790192e+00;-8.877783e-02;3.487068e+00;-7.516894e-02;1.613339e+00;-7.058210e-02;2.080672e+00;7.003673e-02;1.187175e+00;5.369246e-02
276.000000;5.190083e+00;7.460954e+01;3.276179e-02;7.802461e-01;6.657349e-02;3.894801e-02;9.078333e-02;5.070129e-02;1.057950e-01;1.567716e-01;2.993326e+00;8.951025e+00;2.209698e-01;2.512493e+00;1.079754e-01;1.005155e+00;2.450578e-02;1.624894e-01;9.293000e-03;2.430335e-02;5.682296e-02;1.582521e-01;3.141732e-02;2.808605e-01;2.970653e-02;4.206623e-01;6.350102e-02;5.285512e-01;1.187371e-01;6.841723e-01;1.416337e-01;7.529603e-01;9.983607e-02;8.420529e-01;2.310139e-01;9.280964e-01;2.564083e-01;1.001782e+00;2.285212e-01;1.076771e+00;2.116763e-01;1.138532e+00;3.666986e-01;1.180656e+00;2.520192e-01;1.230584e+00;3.349723e-01;1.316380e+00;2.749734e-01;1.316528e+00;2.889121e-01;1.429242e+00;2.650218e-01;1.471366e+00;2.798497e-01;1.451974e+00;4.382100e-01;1.474543e+00;5.308648e-01;1.484550e+00;2.568044e-01;1.359354e+00;2.297869e-01;1.218424e+00;1.831120e-01;1.104134e+00;1.243207e-01;9.330437e-01;1.150880e-01;7.527019e-01;9.958504e-02;5.978531e-01;9.906259e-01;2.462714e+00;2.459684e-01;7.170609e-01;5.898875e+01;1.158486e+02;8.377200e+01;1.567617e+02;2.356456e+02;3.743906e+02;5.006266e+02;8.406562e+02;2.083131e-01;1.117121e+00;1.490965e+02;3.466590e+02;3.896795e-01;3.348023e+00;1.326133e+05;2.508945e+05;1.141670e+00;3.712080e+00;2.634421e+01;3.631779e+01;3.578278e-01;-1.276697e+00;1.187956e-01;3.128955e-01;4.197844e-01;1.623129e+00;2.714116e+00;3.814017e+01;5.130770e+00;-1.594874e+01;5.322791e+00;2.549743e+01;8.358467e+00;9.822622e+00;6.425740e+00;3.893922e+00;7.588805e+00;-2.743730e+00;8.563499e+00;-3.084417e+00;5.642574e+00;6.156538e+00;1.388774e+01;-1.990139e+00;8.002205e+00;-9.152519e+00;1.092939e+01;1.200081e+01;6.119208e+00;-5.123925e+00;7.214677e+00;-1.833368e+00;4.954939e+00;5.672701e-01;2.409920e-05;4.286020e-08;6.246574e-08;1.755371e-09;2.195703e-07;-1.215191e-09;3.300106e-07;-4.880481e-09;4.090377e-07;-1.581771e-08;7.801726e-06;6.385214e-07;5.928934e-02;-2.352202e-03;2.252432e-02;-2.409507e-03;5.200848e-03;-1.136668e-05;1.533619e-03;2.418747e-05;8.209253e-03;-1.857379e-03;1.121410e-02;-2.859843e-04;1.328719e-02;-1.618404e-04;1.666306e-02;-2.201114e-03;2.433743e-02;-1.433937e-03;3.510199e-02;-5.092003e-03;3.069806e-02;-9.000431e-05;4.722179e-02;3.612851e-03;5.242961e-02;3.949326e-03;6.408989e-02;-3.531865e-03;5.471800e-02;2.433174e-03;9.355298e-02;1.263760e-03;7.243928e-02;-2.389832e-03;6.614133e-02;-7.406077e-03;6.850717e-02;-4.269720e-03;6.502143e-02;-7.611959e-03;4.408836e-02;-1.518337e-03;5.189575e-02;-5.044340e-03;9.037387e-02;-1.000357e-02;1.084055e-01;-1.296629e-02;5.315140e-02;-1.226594e-03;5.745564e-02;-4.099367e-03;4.100122e-02;-1.788789e-03;2.940272e-02;-5.829702e-04;2.583925e-02;-5.901298e-04;1.901923e-02;2.458024e-04;3.211061e-01;-2.336888e-02;7.702124e-02;-5.351233e-04;9.589195e+00;0;1.676670e+01;-2.296875e-01;5.602518e+01;-1.751367e+00;9.802518e+01;9.043945e-01;7.194610e-02;6.851755e-04;2.559540e+01;-6.362556e-01;7.899203e-02;-2.214567e-03;2.640683e+04;-6.787817e+02;2.471323e-01;1.033196e-02;5.912529e+00;4.275222e-01;8.106095e-02;4.905803e-04;1.943852e-02;-5.585499e-04;1.634409e-01;-6.245104e-03;6.162609e-01;1.168346e-02;1.221952e+00;3.211330e-02;1.181073e+00;-1.315364e-01;1.595524e+00;7.078952e-02;1.741496e+00;1.434093e-01;1.440730e+00;1.773692e-01;1.783329e+00;1.018622e-01;1.371498e+00;-1.857098e-01;2.757810e+00;-8.190195e-03;1.778094e+00;-2.774759e-02;2.826629e+00;-1.478990e-01;1.415201e+00;-1.933289e-02;2.059342e+00;7.077602e-02;1.230158e+00;-1.342742e-02
276.500000;1.059689e+01;7.062217e+01;3.159603e-02;7.670626e-01;9.461458e-02;6.427973e-02;1.022733e-01;8.034230e-02;1.129137e-01;1.602139e-01;3.168510e+00;7.852866e+00;2.063247e-01;2.650417e+00;1.046156e-01;1.039621e+00;2.786377e-02;1.535712e-01;8.161930e-03;2.967498e-02;4.659266e-02;1.308733e-01;4.000883e-02;2.801673e-01;2.171867e-02;4.127201e-01;5.687461e-02;5.257855e-01;1.211220e-01;7.062809e-01;1.427836e-01;7.983938e-01;1.056360e-01;8.928006e-01;1.465926e-01;1.001310e+00;1.618892e-01;1.076192e+00;2.273804e-01;1.147570e+00;2.085768e-01;1.106824e+00;2.861434e-01;1.130706e+00;2.243152e-01;1.190325e+00;3.194169e-01;1.404103e+00;3.513334e-01;1.456205e+00;2.770393e-01;1.471088e+00;2.716835e-01;1.466685e+00;2.640446e-01;1.488945e+00;4.904181e-01;1.631192e+00;5.464774e-01;1.646922e+00;2.293146e-01;1.447048e+00;1.680400e-01;1.247981e+00;2.091954e-01;1.082340e+00;1.754778e-01;9.038172e-01;1.182095e-01;7.588037e-01;9.518000e-02;6.250627e-01;5.122690e-01;1.857869e+00;2.770784e-01;8.364575e-01;6.137882e+01;1.411143e+02;9.447643e+01;1.903535e+02;2.627169e+02;4.364062e+02;4.902744e+02;1.141403e+03;2.792639e-01;1.264251e+00;1.527482e+02;4.142535e+02;4.157698e-01;3.563941e+00;1.256868e+05;3.088652e+05;1.198139e+00;3.216214e+00;2.694902e+01;2.832602e+01;4.016442e-01;-1.144531e+00;1.239318e-01;3.683172e-01;3.382000e-01;1.589757e+00;1.827042e+00;3.747478e+01;4.939393e+00;-1.796464e+01;4.369320e+00;2.302041e+01;6.562973e+00;5.543643e+00;6.171385e+00;3.914750e+00;5.230080e+00;3.162997e+00;7.405977e+00;5.845325e-01;8.530898e+00;8.895068e+00;1.322019e+01;-9.496083e+00;6.975167e+00;-1.071506e+01;1.227848e+01;1.459752e+01;5.077795e+00;-7.746816e+00;8.042439e+00;-4.488929e+00;3.958950e+00;-2.352448e+00;3.399566e-05;-1.787638e-06;7.468903e-08;9.415961e-09;3.185534e-07;-1.357627e-08;3.895553e-07;-2.868238e-08;3.702469e-07;5.404617e-09;8.366132e-06;1.653298e-07;6.436896e-02;-2.074273e-03;2.645020e-02;-3.209322e-03;7.057992e-03;4.558346e-04;1.807027e-03;-2.237340e-04;9.587638e-03;1.913312e-04;1.322201e-02;2.831110e-04;8.212873e-03;-7.194510e-05;1.478917e-02;6.981951e-04;3.882360e-02;5.050551e-03;4.058453e-02;-3.395991e-04;3.362607e-02;-1.774671e-03;4.767586e-02;-2.919834e-03;4.834044e-02;-4.030109e-03;5.856524e-02;-2.103776e-03;4.936120e-02;-1.080606e-03;7.627885e-02;-1.851516e-03;6.182136e-02;-2.164075e-03;7.089551e-02;-4.461997e-03;8.803873e-02;-4.964351e-03;5.977100e-02;-4.962218e-03;4.330039e-02;-4.431657e-03;7.103006e-02;-6.672173e-03;1.141228e-01;-1.024859e-02;1.186158e-01;-1.203903e-02;5.170738e-02;-7.310753e-03;4.207238e-02;-7.739929e-03;3.783267e-02;-5.202559e-03;3.201547e-02;-2.434768e-03;2.611080e-02;-2.173730e-03;2.113109e-02;-6.876927e-04;1.698730e-01;-7.908882e-03;8.846653e-02;-3.756203e-03;1.384909e+01;-6.890625e-01;2.279972e+01;-1.019238e+00;7.686886e+01;-2.985938e+00;1.282919e+02;-9.244922e+00;9.122965e-02;4.690123e-03;3.757408e+01;-2.388055e+00;1.169182e-01;-6.553210e-03;3.178670e+04;-2.738982e+03;2.940974e-01;1.595388e-02;6.507324e+00;1.916902e-01;1.070286e-01;-8.026935e-03;2.997235e-02;-1.815095e-03;1.196664e-01;-1.760522e-03;5.293003e-01;7.790527e-02;1.104339e+00;5.857423e-02;1.067139e+00;-6.386966e-02;1.658612e+00;3.249953e-02;1.828984e+00;-5.912566e-02;1.692690e+00;1.488014e-01;1.941955e+00;4.013979e-02;1.855950e+00;8.908706e-02;2.099434e+00;-8.994599e-02;2.004974e+00;1.628850e-01;2.815431e+00;1.484982e-01;1.579154e+00;7.705540e-02;2.052324e+00;7.764445e-02;1.299643e+00;-3.871828e-02
277.000000;1.713691e+01;7.459967e+01;2.572092e-02;7.748461e-01;7.993971e-02;3.893120e-02;7.146043e-02;4.565605e-02;8.449611e-02;1.279093e-01;7.060397e+00;6.828120e+00;2.404339e-01;2.605167e+00;9.325580e-02;9.832615e-01;3.088193e-02;1.481177e-01;6.045055e-03;3.033006e-02;3.609149e-02;1.266774e-01;4.169017e-02;2.739116e-01;4.418360e-02;4.112420e-01;5.475442e-02;5.618230e-01;1.418201e-01;6.978123e-01;1.332482e-01;7.925131e-01;9.732076e-02;8.585247e-01;1.277773e-01;9.141521e-01;1.298167e-01;9.950104e-01;1.981465e-01;1.073873e+00;2.105276e-01;1.136129e+00;3.718242e-01;1.272897e+00;3.168844e-01;1.284832e+00;2.786857e-01;1.269778e+00;3.240328e-01;1.348311e+00;2.033477e-01;1.347217e+00;2.245028e-01;1.312129e+00;2.226981e-01;1.352930e+00;4.410455e-01;1.455493e+00;4.300641e-01;1.444246e+00;1.979371e-01;1.311543e+00;1.421340e-01;1.164626e+00;1.534068e-01;1.008784e+00;1.566509e-01;8.765296e-01;7.450385e-02;7.016961e-01;7.246580e-02;5.721191e-01;4.517791e-01;1.617027e+00;3.501689e-01;9.704040e-01;5.093158e+01;1.342236e+02;1.046571e+02;2.008330e+02;2.763307e+02;4.866504e+02;3.770594e+02;1.247347e+03;3.147669e-01;1.193192e+00;1.306699e+02;4.311865e+02;4.484274e-01;3.706849e+00;8.914269e+04;2.950476e+05;9.818075e-01;2.686582e+00;1.749540e+01;2.144147e+01;4.372629e-01;-1.086671e+00;1.113250e-01;3.877400e-01;3.843935e-01;1.445230e+00;2.666167e+00;3.995489e+01;4.041339e+00;-1.917933e+01;5.964917e+00;1.793585e+01;7.366671e+00;9.328573e+00;5.246171e+00;6.101132e+00;7.404503e+00;-4.602443e-01;6.344814e+00;-2.835471e+00;8.808514e+00;1.264588e+01;1.200985e+01;-4.583793e+00;7.543648e+00;-5.783095e+00;1.170006e+01;1.388480e+01;5.625105e+00;-9.554383e+00;8.932416e+00;-1.067467e+00;3.538978e+00;-8.306217e-01;3.051242e-05;2.072278e-06;8.533286e-08;1.683417e-10;2.505167e-07;-2.824005e-09;2.567279e-07;-1.249817e-08;3.809560e-07;1.389985e-08;3.113045e-05;-4.522693e-07;6.446891e-02;3.285632e-04;2.839520e-02;7.596253e-04;7.909548e-03;1.909096e-04;1.782787e-03;-3.754096e-05;9.598264e-03;2.196884e-04;1.268409e-02;7.609924e-04;1.014273e-02;1.325501e-03;1.905709e-02;2.185488e-03;4.748061e-02;-3.492047e-05;3.769679e-02;1.362227e-03;2.464374e-02;-4.046810e-04;5.562953e-02;2.638245e-04;4.980874e-02;-6.983211e-04;4.686240e-02;-1.046585e-03;3.669380e-02;-2.510727e-03;7.590308e-02;1.647349e-04;6.962346e-02;1.641589e-03;6.336663e-02;-5.988730e-05;8.380234e-02;7.726667e-04;5.809160e-02;2.607337e-03;7.282770e-02;1.557309e-03;8.432004e-02;3.987238e-03;1.117017e-01;1.111889e-03;1.095280e-01;1.834389e-03;6.152581e-02;9.509976e-04;5.395523e-02;1.815050e-03;3.836939e-02;-5.212650e-04;3.428657e-02;2.859169e-04;2.539358e-02;1.203886e-03;2.214846e-02;9.759073e-04;1.279281e-01;1.006191e-02;9.540740e-02;-3.128975e-04;1.468696e+01;3.158203e-01;2.941313e+01;6.172851e-01;7.863477e+01;4.163086e-01;1.270187e+02;-1.492969e+00;8.344240e-02;5.968261e-03;4.002624e+01;5.881605e-02;1.324882e-01;-2.581602e-04;3.033894e+04;-5.910092e+02;2.901799e-01;-1.884879e-03;5.558005e+00;-1.654223e-01;1.212009e-01;-4.973423e-03;3.305870e-02;1.918835e-04;1.154729e-01;-4.628373e-04;7.503609e-01;3.205005e-02;1.187664e+00;2.491611e-02;1.284648e+00;-3.819401e-02;1.630915e+00;4.519526e-02;1.601236e+00;-9.576499e-03;2.013796e+00;-7.464896e-02;1.845540e+00;-8.028083e-02;2.026329e+00;9.176376e-02;2.287211e+00;2.265595e-02;2.195116e+00;1.239711e-02;2.916717e+00;-9.322406e-02;1.525931e+00;-3.727032e-02;1.995755e+00;9.614153e-02;1.255163e+00;-1.929644e-02
277.500000;1.508198e+01;9.163903e+01;2.214039e-02;7.824370e-01;4.302661e-02;3.275035e-02;3.503742e-02;2.896910e-02;6.799139e-02;1.252792e-01;6.857350e+00;7.181343e+00;3.315248e-01;2.564847e+00;1.486310e-01;9.879201e-01;2.885633e-02;1.517790e-01;6.433115e-03;2.776770e-02;3.305352e-02;1.402213e-01;3.759839e-02;2.834120e-01;6.010481e-02;4.232550e-01;5.712390e-02;5.483887e-01;1.617444e-01;6.812194e-01;1.396299e-01;7.758061e-01;1.192724e-01;8.587143e-01;1.586854e-01;8.914926e-01;1.523035e-01;9.522382e-01;1.711261e-01;9.898676e-01;1.950844e-01;1.109105e+00;3.792658e-01;1.276499e+00;3.335625e-01;1.248584e+00;3.079721e-01;1.233610e+00;3.788466e-01;1.353640e+00;1.484212e-01;1.292450e+00;3.491839e-01;1.462169e+00;4.074207e-01;1.478263e+00;5.556469e-01;1.457087e+00;4.419056e-01;1.384717e+00;3.346635e-01;1.338963e+00;2.702562e-01;1.216531e+00;2.197968e-01;1.077711e+00;1.793360e-01;9.156435e-01;1.201925e-01;7.216966e-01;9.090330e-02;5.746382e-01;5.848665e-01;1.693710e+00;4.384086e-01;9.541677e-01;3.950520e+01;1.201553e+02;9.938910e+01;1.965264e+02;2.741338e+02;4.724385e+02;4.372587e+02;1.138532e+03;2.823957e-01;1.039480e+00;1.330326e+02;4.094062e+02;5.294680e-01;3.604325e+00;9.577624e+04;2.658247e+05;1.924786e+00;3.042731e+00;1.009266e+02;3.918301e+01;4.230021e-01;-1.143467e+00;1.122535e-01;3.721686e-01;5.327110e-01;1.531924e+00;2.481714e+00;4.104347e+01;4.796896e+00;-1.848872e+01;6.858900e+00;1.819229e+01;7.419006e+00;1.094327e+01;3.870217e+00;6.227037e+00;5.763075e+00;-2.966475e+00;5.664395e+00;-2.141679e+00;8.895762e+00;1.393667e+01;6.481144e+00;5.889096e+00;7.075561e+00;-3.979671e+00;9.261555e+00;1.191521e+01;6.261299e+00;-9.908571e+00;7.757375e+00;2.820368e-01;3.558606e+00;-4.197547e-01;1.867605e-05;2.163016e-06;7.326536e-08;-1.024632e-09;1.241880e-07;8.210425e-09;1.027972e-07;-1.893804e-09;3.804322e-07;-2.164422e-08;3.062115e-05;1.086499e-07;5.879144e-02;-8.144950e-03;2.784180e-02;-1.481426e-03;7.886452e-03;-1.484890e-04;1.365464e-03;-2.532125e-05;9.712107e-03;1.228677e-04;1.206206e-02;1.190043e-06;1.389075e-02;7.843416e-04;1.760694e-02;-5.378167e-04;4.436367e-02;-4.665316e-03;2.876767e-02;-2.822871e-03;1.915243e-02;-2.453511e-03;5.661144e-02;-3.460580e-03;5.084419e-02;-3.864549e-03;4.902171e-02;-1.377315e-03;3.766755e-02;3.777586e-06;8.913310e-02;-1.619812e-03;7.091482e-02;3.059833e-04;6.070208e-02;-4.632216e-03;7.976147e-02;-6.170628e-03;3.808223e-02;-4.817838e-03;8.095063e-02;-9.667790e-04;8.496743e-02;-2.229329e-03;8.994687e-02;-5.665907e-03;7.115460e-02;-5.626370e-03;8.800397e-02;-3.258552e-04;6.730698e-02;2.348614e-03;5.133366e-02;2.328646e-03;4.047272e-02;1.252342e-03;3.771854e-02;3.256457e-03;2.845541e-02;2.315395e-03;1.364426e-01;-3.553712e-03;1.006597e-01;-4.320067e-03;1.069512e+01;-1.722656e-01;2.923163e+01;-2.871094e-01;7.058215e+01;-8.900391e-01;1.184172e+02;-3.718066e+00;7.710966e-02;-2.473403e-03;3.579325e+01;-1.127606e+00;1.423863e-01;-6.197393e-03;2.610315e+04;-1.165765e+03;4.766179e-01;8.307280e-02;2.806262e+01;5.544061e+00;1.301076e-01;1.935348e-03;2.987101e-02;-9.177892e-04;1.842280e-01;-5.005036e-03;7.631688e-01;4.186628e-03;1.251020e+00;1.323506e-01;1.286198e+00;-7.707344e-02;1.619877e+00;2.237566e-01;1.360680e+00;1.285912e-01;1.777134e+00;-4.305328e-02;1.754694e+00;-3.408709e-02;1.818689e+00;-1.847290e-01;2.482647e+00;2.497884e-01;2.218511e+00;-6.358604e-03;2.431142e+00;-2.466610e-01;1.238580e+00;2.514255e-02;1.567186e+00;-6.390002e-02;1.354540e+00;-9.404933e-02
278.000000;3.710640e+00;9.955363e+01;1.735845e-02;7.789786e-01;5.313644e-02;4.721994e-02;4.092786e-02;3.900434e-02;9.097254e-02;1.675142e-01;1.426588e+00;8.081922e+00;3.755453e-01;2.479577e+00;1.690240e-01;1.008492e+00;2.522591e-02;1.517766e-01;8.319272e-03;2.607080e-02;4.156859e-02;1.423225e-01;2.956284e-02;2.825519e-01;4.787381e-02;4.296842e-01;4.501758e-02;5.602077e-01;1.405025e-01;6.641262e-01;1.719230e-01;8.124315e-01;1.520432e-01;8.926374e-01;1.557027e-01;8.776723e-01;1.611517e-01;9.146057e-01;2.510130e-01;1.047798e+00;1.952697e-01;1.066970e+00;2.637026e-01;1.112085e+00;1.691681e-01;1.157941e+00;3.558671e-01;1.341895e+00;4.455520e-01;1.452444e+00;2.106228e-01;1.341375e+00;3.336807e-01;1.466980e+00;4.556140e-01;1.557077e+00;6.362114e-01;1.631272e+00;5.455418e-01;1.532460e+00;3.435330e-01;1.351176e+00;2.840552e-01;1.267871e+00;2.123884e-01;1.069393e+00;1.647857e-01;8.809723e-01;1.233195e-01;7.605783e-01;9.075805e-02;6.062779e-01;5.403142e-01;1.876444e+00;4.277113e-01;7.581242e-01;3.593888e+01;1.241748e+02;6.139376e+01;1.880566e+02;2.718391e+02;4.415742e+02;5.502659e+02;1.033307e+03;3.590716e-01;1.031752e+00;1.486983e+02;3.911882e+02;4.694760e-01;3.409158e+00;1.482117e+05;2.627826e+05;2.216398e+00;3.751703e+00;1.167299e+02;5.592695e+01;3.915848e-01;-1.125260e+00;1.147586e-01;3.554912e-01;4.473414e-01;1.679890e+00;2.852648e+00;4.068795e+01;5.759013e+00;-1.646127e+01;4.667296e+00;2.273672e+01;7.498859e+00;9.255933e+00;5.421312e+00;2.083400e+00;4.352579e+00;-1.619059e+00;7.113303e+00;-3.033188e+00;6.994812e+00;1.467087e+01;1.002875e+01;3.299622e+00;5.780613e+00;-7.103001e+00;7.608668e+00;1.707725e+01;6.620485e+00;-1.258708e+01;9.449072e+00;-1.261555e+01;4.665769e+00;-2.899417e+00;1.341691e-05;1.815309e-06;5.646229e-08;-5.419499e-09;1.795516e-07;1.220677e-08;1.752836e-07;3.512127e-09;4.372708e-07;-5.832508e-09;6.088123e-06;-1.196664e-07;7.165375e-02;-8.004200e-03;3.576871e-02;-1.161875e-03;8.244605e-03;-5.490364e-04;1.773849e-03;-9.561601e-05;1.030982e-02;-6.511479e-05;1.038033e-02;-7.417442e-04;1.247370e-02;-1.199819e-03;1.215601e-02;-1.560412e-03;3.376282e-02;-1.899410e-03;3.202752e-02;-6.507046e-04;2.409647e-02;-1.174566e-03;4.433481e-02;-3.808711e-03;4.898278e-02;-3.321475e-04;5.897586e-02;2.976383e-04;4.527805e-02;-9.163145e-06;9.210260e-02;-1.367597e-03;5.398521e-02;4.730491e-04;8.579560e-02;-3.103061e-05;1.089562e-01;-1.096972e-03;5.989836e-02;5.347184e-04;6.810713e-02;-4.706185e-04;9.466980e-02;-3.704133e-03;1.336073e-01;-3.586607e-03;1.164131e-01;-3.817814e-03;8.284375e-02;-2.050157e-03;6.518811e-02;-2.817668e-03;4.688625e-02;4.153014e-04;3.553085e-02;-9.601101e-04;3.615607e-02;-6.247761e-04;2.790571e-02;3.982559e-05;1.154929e-01;-1.170291e-02;1.025916e-01;-4.761982e-03;8.721169e+00;-2.153320e-01;2.116623e+01;-8.613281e-02;8.001241e+01;-4.737305e-01;1.421441e+02;-1.291992e+00;1.036786e-01;-3.916722e-03;3.869430e+01;-4.665664e-01;1.415551e-01;-3.776656e-03;3.458214e+04;-3.174484e+02;6.703351e-01;1.706475e-02;4.025285e+01;4.113935e-01;1.368244e-01;1.038716e-02;3.077352e-02;-4.227898e-04;1.798050e-01;5.105390e-04;7.136729e-01;8.871679e-03;1.466478e+00;1.922881e-02;1.184769e+00;6.614485e-02;1.751197e+00;1.047394e-01;1.185277e+00;-1.176457e-01;1.599638e+00;2.102427e-02;1.849442e+00;3.816789e-02;1.833623e+00;-3.165707e-02;2.219717e+00;-5.648918e-03;1.791630e+00;3.304470e-02;2.339010e+00;7.016650e-02;1.415142e+00;4.731864e-02;1.760614e+00;-2.508333e-01;1.598143e+00;-1.201204e-01
278.500000;2.402729e+01;1.061835e+02;1.312658e-02;7.756655e-01;6.380684e-02;7.266227e-02;3.689890e-02;5.476857e-02;8.778900e-02;1.806377e-01;2.015447e+00;7.292397e+00;2.609555e-01;2.370276e+00;1.372568e-01;1.032314e+00;2.370523e-02;1.479430e-01;7.494137e-03;2.482489e-02;4.121018e-02;1.317887e-01;2.795311e-02;2.683369e-01;2.668424e-02;4.220322e-01;5.239029e-02;5.707747e-01;7.269047e-02;6.616629e-01;2.029148e-01;8.081844e-01;2.295797e-01;8.960445e-01;1.610241e-01;9.251804e-01;1.577876e-01;9.535584e-01;2.369406e-01;1.087684e+00;2.037355e-01;1.132714e+00;2.982499e-01;1.193167e+00;2.397368e-01;1.269330e+00;3.152232e-01;1.318394e+00;3.784249e-01;1.370183e+00;2.532330e-01;1.418273e+00;2.467056e-01;1.439695e+00;3.553222e-01;1.548431e+00;5.374753e-01;1.588571e+00;5.365340e-01;1.565039e+00;2.611255e-01;1.411010e+00;2.071398e-01;1.319182e+00;1.880960e-01;1.179602e+00;1.207047e-01;9.563972e-01;8.240048e-02;7.712162e-01;7.607134e-02;6.337011e-01;5.231236e-01;1.839831e+00;3.084612e-01;6.543344e-01;5.055571e+01;1.326445e+02;6.988091e+01;1.857598e+02;2.626166e+02;3.970723e+02;5.301683e+02;9.081270e+02;3.328005e-01;1.060865e+00;1.419811e+02;3.736541e+02;4.003515e-01;3.287490e+00;1.373820e+05;2.468992e+05;1.645063e+00;3.795148e+00;6.586645e+01;4.282784e+01;3.517084e-01;-1.063774e+00;1.133370e-01;3.418185e-01;4.091348e-01;1.664625e+00;3.169092e+00;3.896466e+01;5.280634e+00;-1.441649e+01;5.502258e+00;2.321059e+01;7.795429e+00;1.297605e+01;5.802274e+00;2.532287e+00;5.731184e+00;-2.847574e+00;6.205819e+00;-5.184929e+00;6.268137e+00;1.243154e+01;1.143947e+01;2.145954e+00;5.953506e+00;-1.050913e+01;6.690573e+00;1.483002e+01;9.346768e+00;-1.108955e+01;6.534943e+00;-1.711009e+01;5.505360e+00;-2.473473e+00;5.612173e-05;1.215392e-05;5.412896e-08;1.218117e-09;2.604042e-07;4.757895e-10;1.703612e-07;-2.536277e-09;4.186230e-07;-9.869243e-09;6.912824e-06;-4.083709e-07;7.429543e-02;6.576247e-03;3.766450e-02;2.203600e-03;7.391334e-03;-5.017847e-04;1.641112e-03;1.409675e-04;8.849008e-03;-7.409497e-04;8.538330e-03;-9.297235e-04;7.918788e-03;-1.025069e-03;1.441135e-02;-3.131221e-04;2.136570e-02;1.610519e-03;2.904308e-02;4.686946e-03;3.575599e-02;5.468051e-03;4.265141e-02;3.256725e-03;4.875379e-02;2.065936e-03;6.090819e-02;4.763701e-03;5.365729e-02;4.238948e-03;9.030837e-02;2.366731e-03;6.165220e-02;-1.121104e-03;7.993127e-02;3.087947e-03;9.865891e-02;3.248455e-03;7.667728e-02;1.272018e-03;6.584975e-02;1.900764e-03;8.925922e-02;3.043568e-03;1.384691e-01;5.575715e-03;1.371889e-01;5.795391e-03;6.264637e-02;6.463005e-03;6.226726e-02;1.095223e-03;4.526256e-02;1.832601e-03;3.093630e-02;3.018779e-03;2.859835e-02;-2.200114e-03;2.302797e-02;-1.167312e-03;9.662923e-02;9.116521e-03;8.883137e-02;3.446143e-03;1.151649e+01;1.378125e+00;1.493711e+01;2.799316e+00;7.014064e+01;4.048242e+00;1.387536e+02;7.091601e+00;9.930924e-02;-2.730820e-03;3.328285e+01;3.479538e+00;1.049565e-01;1.176629e-02;3.227969e+04;1.472943e+03;5.422608e-01;-8.970854e-02;2.838999e+01;-5.509211e+00;1.148147e-01;8.256729e-03;2.619452e-02;3.260264e-03;1.393391e-01;5.845300e-03;7.213709e-01;-8.417966e-02;1.246590e+00;-1.029429e-01;1.297695e+00;-8.099730e-02;1.592835e+00;-3.155082e-01;1.150996e+00;-1.323921e-01;1.551079e+00;-1.332300e-01;1.678487e+00;-5.320037e-02;1.886604e+00;4.424525e-03;2.248190e+00;6.810544e-02;1.440848e+00;-7.839894e-02;1.986297e+00;2.801021e-02;1.580029e+00;-1.694105e-01;1.832711e+00;-1.729215e-01;1.462838e+00;4.739528e-04
279.000000;3.027531e+01;1.106346e+02;1.766425e-02;7.761135e-01;8.325636e-02;8.467157e-02;5.545508e-02;6.271806e-02;8.528309e-02;1.769019e-01;2.492735e+00;6.583113e+00;2.562871e-01;2.457777e+00;1.119761e-01;1.037336e+00;2.789895e-02;1.409683e-01;6.514383e-03;2.710002e-02;4.590795e-02;1.245760e-01;3.816883e-02;2.626626e-01;1.966480e-02;4.195459e-01;5.410243e-02;5.576224e-01;7.453932e-02;6.838922e-01;1.919127e-01;7.634425e-01;2.284918e-01;8.480699e-01;1.556118e-01;9.508966e-01;1.602700e-01;1.027654e+00;2.601824e-01;1.100405e+00;2.103766e-01;1.150630e+00;2.998510e-01;1.261391e+00;2.257399e-01;1.284598e+00;2.596454e-01;1.317827e+00;3.397011e-01;1.372885e+00;2.513311e-01;1.432364e+00;2.076582e-01;1.474620e+00;2.715029e-01;1.540683e+00;3.700579e-01;1.541346e+00;3.847020e-01;1.543080e+00;2.117431e-01;1.564595e+00;2.131388e-01;1.289997e+00;2.457198e-01;1.121977e+00;1.715236e-01;9.564921e-01;8.385468e-02;7.572669e-01;9.950473e-02;6.222069e-01;4.695953e-01;1.901886e+00;2.635220e-01;7.309327e-01;6.112042e+01;1.514502e+02;8.558208e+01;2.105947e+02;2.638316e+02;4.527715e+02;4.035778e+02;9.710039e+02;2.743511e-01;1.001956e+00;1.271371e+02;4.144588e+02;4.095352e-01;3.483383e+00;8.389083e+04;2.627710e+05;1.090984e+00;3.258249e+00;2.054447e+01;2.636435e+01;3.852834e-01;-9.728994e-01;1.119350e-01;3.805753e-01;5.348266e-01;1.673384e+00;2.067669e+00;3.676177e+01;4.051910e+00;-1.452125e+01;6.743641e+00;2.079348e+01;7.941787e+00;1.025383e+01;4.784313e+00;3.621366e+00;6.720382e+00;-6.167695e+00;8.205845e+00;-7.254482e+00;5.795388e+00;1.097754e+01;1.103031e+01;2.770153e+00;5.629524e+00;-1.136387e+01;1.026192e+01;1.084949e+01;9.594024e+00;-1.107069e+01;6.727006e+00;-1.295677e+01;5.775620e+00;-4.239755e+00;8.239625e-05;1.048833e-06;5.819378e-08;-3.735444e-10;3.477879e-07;8.283585e-09;2.519781e-07;1.477108e-08;3.707585e-07;3.301919e-09;6.940660e-06;-3.827112e-07;6.926737e-02;3.463582e-03;3.089552e-02;6.518487e-04;6.244832e-03;-4.600948e-04;1.017891e-03;2.476694e-04;9.805875e-03;-6.786154e-04;9.142647e-03;-4.375180e-04;7.193794e-03;2.335027e-04;1.408651e-02;8.678978e-05;1.586350e-02;2.429178e-04;2.865178e-02;-2.209045e-03;3.439772e-02;-2.686870e-03;3.800571e-02;8.541448e-04;6.712433e-02;-4.002317e-04;7.551309e-02;-1.203334e-03;6.130961e-02;5.256157e-05;9.355962e-02;4.103896e-03;5.539630e-02;1.054918e-03;6.348594e-02;1.114115e-03;8.532932e-02;1.569837e-03;7.930513e-02;-9.292822e-04;5.617695e-02;1.821402e-04;6.956331e-02;1.670451e-03;9.550697e-02;2.619455e-03;9.825377e-02;3.811115e-03;6.015906e-02;4.441208e-03;5.917813e-02;5.246533e-03;4.485592e-02;-1.549964e-03;3.373421e-02;-2.201765e-03;2.913892e-02;5.063332e-04;2.234494e-02;1.454777e-03;9.891003e-02;1.016942e-03;8.725113e-02;3.861589e-03;1.168626e+01;1.421191e+00;1.740982e+01;1.722656e+00;6.123324e+01;3.646289e+00;1.120182e+02;1.174277e+01;9.302972e-02;-3.872768e-03;2.460308e+01;3.316295e+00;8.091922e-02;8.586497e-03;2.136126e+04;2.747735e+03;2.838975e-01;-3.639687e-02;5.704137e+00;-7.356868e-01;9.542117e-02;5.445724e-03;2.038617e-02;2.703590e-03;1.527971e-01;-5.571207e-03;5.499871e-01;-9.888788e-02;1.018785e+00;-1.008972e-01;1.298332e+00;-8.921618e-03;1.383107e+00;-8.843542e-02;1.232117e+00;7.034059e-02;1.555921e+00;-1.451980e-01;1.674800e+00;-2.697813e-01;1.812840e+00;-1.340834e-02;2.304619e+00;-2.990412e-01;1.581867e+00;-6.597308e-02;2.351924e+00;-1.534890e-01;1.890739e+00;1.375399e-02;1.816976e+00;9.617966e-02;1.160608e+00;5.919863e-02
279.500000;3.485932e+01;9.732163e+01;1.820822e-02;7.784297e-01;9.242260e-02;5.826800e-02;1.280426e-01;7.434668e-02;1.362504e-01;1.628314e-01;2.484163e+00;7.025494e+00;2.852024e-01;2.547306e+00;1.095167e-01;1.022721e+00;3.679633e-02;1.442710e-01;8.456864e-03;2.608466e-02;7.388289e-02;1.531893e-01;4.668541e-02;2.722710e-01;3.112053e-02;4.152981e-01;5.882796e-02;5.595493e-01;8.897480e-02;7.029774e-01;2.243775e-01;7.850283e-01;1.661810e-01;8.244798e-01;1.843011e-01;9.347403e-01;1.518939e-01;1.022901e+00;2.773103e-01;1.085570e+00;2.053683e-01;1.158717e+00;2.947260e-01;1.193692e+00;1.494628e-01;1.236600e+00;2.502815e-01;1.305677e+00;2.931013e-01;1.350830e+00;3.482625e-01;1.491096e+00;1.862693e-01;1.472668e+00;2.345137e-01;1.463544e+00;3.234489e-01;1.477536e+00;3.159976e-01;1.466238e+00;2.079016e-01;1.453244e+00;2.276366e-01;1.286816e+00;2.825466e-01;1.136111e+00;2.028643e-01;9.702814e-01;8.303786e-02;7.613416e-01;9.784096e-02;6.103616e-01;6.128604e-01;1.870262e+00;2.698681e-01;7.756692e-01;6.438615e+01;1.444160e+02;1.121465e+02;2.014072e+02;2.919795e+02;4.727256e+02;3.893196e+02;1.016080e+03;3.912872e-01;1.058526e+00;1.463996e+02;4.157274e+02;3.576142e-01;3.590688e+00;8.351935e+04;2.763171e+05;9.362585e-01;3.176839e+00;1.133212e+01;2.372500e+01;5.064130e-01;-1.045461e+00;1.269312e-01;3.778006e-01;6.163684e-01;1.325880e+00;2.300541e+00;3.527480e+01;4.166708e+00;-1.446951e+01;5.514118e+00;1.970817e+01;5.855945e+00;7.713730e+00;4.661094e+00;3.512547e+00;6.119246e+00;-7.394392e+00;1.072521e+01;-6.454016e+00;5.946239e+00;6.998968e+00;1.236123e+01;1.501374e+00;7.866757e+00;-6.459276e+00;1.183447e+01;1.293189e+01;7.126051e+00;-1.078250e+01;7.593148e+00;-7.378036e+00;6.975372e+00;-3.516641e+00;1.054121e-04;-1.549942e-05;6.714427e-08;-1.159792e-09;3.424497e-07;-4.656335e-09;5.422098e-07;-9.008150e-09;5.773362e-07;3.604956e-09;5.207527e-06;8.026020e-07;8.250698e-02;-3.965220e-04;2.993758e-02;-2.956966e-04;7.455503e-03;6.230563e-04;1.099200e-03;-1.708239e-04;1.492248e-02;9.743059e-04;1.234155e-02;9.221905e-04;1.243463e-02;4.711811e-04;1.658547e-02;8.019641e-05;1.908152e-02;-1.445460e-03;6.419779e-02;-3.560166e-03;4.214078e-02;-3.969973e-03;4.138994e-02;-1.724878e-03;6.349996e-02;3.674574e-04;7.832807e-02;-4.979542e-03;5.796527e-02;-2.150153e-03;9.002160e-02;1.597870e-03;4.797741e-02;2.534557e-03;6.544459e-02;1.676394e-03;8.294901e-02;2.200831e-03;1.051306e-01;3.273302e-03;5.325776e-02;3.178576e-03;6.354947e-02;2.397984e-03;7.885107e-02;-2.770510e-03;6.483971e-02;-2.276774e-03;4.303103e-02;-5.477425e-03;5.533418e-02;-1.865017e-03;6.474207e-02;9.405199e-04;4.090180e-02;-4.061604e-04;2.524253e-02;2.111879e-03;1.611883e-02;2.106817e-04;2.137905e-01;-1.294336e-02;9.399280e-02;1.494193e-04;8.702256e+00;-1.693945e+00;2.414142e+01;-3.373535e+00;7.200228e+01;-4.191797e+00;7.523454e+01;-6.101074e+00;1.212930e-01;-1.568977e-03;2.397887e+01;-3.246299e+00;7.126902e-02;-8.817156e-03;1.757288e+04;-4.144669e+02;1.959009e-01;1.548577e-02;2.532110e+00;8.914310e-02;1.104428e-01;-8.665812e-03;1.907805e-02;-3.243067e-03;1.774382e-01;-8.308955e-03;4.875255e-01;-2.337070e-02;9.928343e-01;4.381391e-02;1.225702e+00;1.562997e-01;1.325288e+00;2.906631e-01;1.153503e+00;5.503941e-02;1.617698e+00;9.508493e-02;2.429540e+00;1.269750e-01;1.682261e+00;-1.083839e-01;2.188062e+00;8.194540e-02;2.054753e+00;8.516738e-02;2.631761e+00;4.981889e-02;1.623503e+00;1.296999e-01;1.727860e+00;2.711376e-01;1.443280e+00;9.121259e-02
280.000000;2.788356e+01;8.266505e+01;2.093161e-02;7.702352e-01;9.240714e-02;5.315388e-02;1.395776e-01;7.519375e-02;1.181817e-01;1.257110e-01;2.031368e+00;7.576947e+00;2.583577e-01;2.541654e+00;1.098256e-01;1.021051e+00;3.559399e-02;1.540637e-01;8.645891e-03;2.344671e-02;6.984252e-02;1.598330e-01;5.204817e-02;2.811866e-01;3.864804e-02;4.217613e-01;7.461435e-02;5.738178e-01;9.573042e-02;6.828562e-01;2.234260e-01;7.932960e-01;1.614363e-01;8.285477e-01;1.801088e-01;9.464856e-01;1.214936e-01;1.008823e+00;1.865710e-01;1.065922e+00;1.825652e-01;1.139503e+00;2.785492e-01;1.172357e+00;2.128455e-01;1.257085e+00;2.898552e-01;1.334584e+00;2.431320e-01;1.325972e+00;3.276452e-01;1.489103e+00;1.942414e-01;1.503674e+00;2.489153e-01;1.491696e+00;3.859968e-01;1.530051e+00;3.999097e-01;1.507358e+00;1.566685e-01;1.346497e+00;2.166449e-01;1.286742e+00;2.711212e-01;1.148158e+00;2.172542e-01;9.050916e-01;1.223614e-01;7.393601e-01;8.778326e-02;6.075587e-01;7.085885e-01;1.844618e+00;2.376091e-01;7.467382e-01;6.812665e+01;1.251797e+02;1.142299e+02;1.768594e+02;2.418035e+02;3.712324e+02;5.255967e+02;9.649746e+02;3.504027e-01;1.190746e+00;1.553805e+02;3.695130e+02;4.936217e-01;3.450138e+00;1.136909e+05;2.720683e+05;1.020023e+00;3.551334e+00;1.469995e+01;2.829079e+01;4.916413e-01;-1.184420e+00;1.311708e-01;3.318796e-01;5.115661e-01;1.157225e+00;2.602997e+00;3.421772e+01;3.692643e+00;-1.378746e+01;4.747034e+00;2.229872e+01;7.042265e+00;1.070619e+01;6.537619e+00;4.336685e+00;5.594568e+00;-4.849063e+00;9.291125e+00;-4.565570e+00;6.819796e+00;3.439948e+00;1.340784e+01;2.814558e-01;6.842589e+00;-3.408446e+00;8.976666e+00;1.341127e+01;4.163085e+00;-4.414256e+00;6.921010e+00;-3.118668e+00;5.804218e+00;-7.723621e-02;9.028553e-05;-6.107079e-06;7.456948e-08;3.607582e-09;3.199839e-07;-3.823324e-09;5.896003e-07;-2.328755e-08;5.179377e-07;-9.053117e-09;5.726269e-06;6.419962e-07;7.502117e-02;3.423227e-03;2.947497e-02;4.609948e-04;7.795492e-03;7.787081e-04;1.548865e-03;-2.140337e-04;1.425354e-02;8.228307e-04;1.500057e-02;5.824065e-04;1.388658e-02;-6.254492e-04;2.157398e-02;-4.142176e-04;2.082525e-02;-7.204607e-04;6.650189e-02;3.214646e-03;4.628070e-02;3.754391e-03;4.428482e-02;2.353280e-03;3.548860e-02;1.723477e-03;5.999718e-02;-3.054473e-04;4.733922e-02;2.909275e-03;6.889768e-02;8.647355e-04;5.690746e-02;1.418659e-03;7.558622e-02;2.060381e-04;7.633369e-02;4.365975e-04;9.729660e-02;1.574464e-03;6.390749e-02;4.081876e-03;6.568176e-02;6.318891e-04;9.172492e-02;1.672204e-04;8.867520e-02;1.488541e-04;4.319901e-02;-2.105572e-03;4.937863e-02;-5.540146e-03;6.435660e-02;-4.946963e-04;4.090520e-02;1.225302e-03;2.851220e-02;-1.190976e-03;1.368996e-02;-2.733098e-03;2.495257e-01;1.880592e-03;7.772236e-02;8.900379e-04;1.135992e+01;-1.636523e+00;2.412650e+01;-1.995410e+00;6.292449e+01;-3.718066e+00;1.102896e+02;-1.023545e+01;1.099048e-01;4.533770e-03;2.985266e+01;-3.007916e+00;1.148525e-01;-5.755172e-03;2.612139e+04;-1.725099e+03;2.613837e-01;1.557305e-02;4.275163e+00;1.601544e-01;1.176029e-01;-1.063203e-02;2.402161e-02;-2.612441e-03;1.761968e-01;-1.061565e-03;5.601415e-01;5.746051e-02;8.484007e-01;2.966181e-03;1.134215e+00;8.354048e-02;1.386152e+00;1.457101e-02;1.527290e+00;2.780176e-02;1.559358e+00;1.287577e-01;2.552651e+00;2.164255e-01;1.867395e+00;5.365100e-02;2.208104e+00;2.894759e-01;1.917057e+00;9.198181e-02;2.351177e+00;4.687772e-02;9.207110e-01;1.682192e-03;1.874655e+00;1.225429e-01;1.621683e+00;6.584179e-02
280.500000;1.154186e+01;7.801338e+01;2.322007e-02;7.665758e-01;1.016541e-01;7.210821e-02;1.100076e-01;6.760445e-02;8.463123e-02;1.124823e-01;1.973266e+00;7.939610e+00;3.100795e-01;2.534326e+00;1.212901e-01;9.992718e-01;3.272185e-02;1.531058e-01;9.015993e-03;2.766692e-02;5.015282e-02;1.344377e-01;4.921780e-02;2.804323e-01;3.221948e-02;4.219486e-01;8.046839e-02;5.525973e-01;6.993443e-02;6.384115e-01;2.268487e-01;7.691372e-01;2.031562e-01;8.636173e-01;1.135872e-01;9.221063e-01;1.341118e-01;9.998876e-01;2.240593e-01;1.095350e+00;2.086278e-01;1.104410e+00;2.710495e-01;1.138952e+00;2.325380e-01;1.228005e+00;3.406689e-01;1.364805e+00;4.688553e-01;1.432342e+00;2.199364e-01;1.375879e+00;2.359571e-01;1.405893e+00;2.904291e-01;1.496355e+00;4.047364e-01;1.576802e+00;4.164833e-01;1.563106e+00;2.579398e-01;1.318768e+00;1.709841e-01;1.220586e+00;1.806107e-01;9.922856e-01;1.693580e-01;8.141593e-01;1.243346e-01;7.029436e-01;8.905326e-02;5.678495e-01;5.314390e-01;1.645681e+00;4.414737e-01;8.900868e-01;6.425400e+01;1.264717e+02;8.355031e+01;1.734141e+02;2.880016e+02;4.033887e+02;6.102134e+02;1.106950e+03;2.482025e-01;1.193720e+00;1.594062e+02;3.907430e+02;5.068236e-01;3.406524e+00;1.455719e+05;3.073707e+05;1.368180e+00;3.418227e+00;2.504326e+01;2.924340e+01;4.589149e-01;-1.151344e+00;1.288669e-01;3.444847e-01;4.202690e-01;1.246810e+00;2.915177e+00;3.529252e+01;4.965141e+00;-1.658584e+01;4.563524e+00;2.504273e+01;6.043934e+00;1.097267e+01;8.425447e+00;7.474398e+00;5.933727e+00;-1.915144e+00;6.604686e+00;-5.576293e+00;9.706098e+00;6.042163e+00;1.096775e+01;-4.376024e+00;7.074327e+00;-6.525599e+00;1.125686e+01;1.266768e+01;6.812958e+00;-3.946265e+00;1.045556e+01;-5.689281e+00;4.185990e+00;-5.949732e-01;3.325209e-05;-2.022462e-06;7.508197e-08;-1.200716e-09;3.440887e-07;2.406738e-08;4.508306e-07;9.931379e-09;3.525473e-07;-1.482099e-08;7.130107e-06;-1.523762e-07;9.194396e-02;2.318645e-03;3.292396e-02;7.138532e-04;7.043939e-03;-1.657307e-04;1.840496e-03;1.176619e-04;1.029018e-02;6.500351e-05;1.214250e-02;4.613798e-05;1.027787e-02;-7.868732e-05;2.210412e-02;-8.947616e-05;1.765505e-02;-2.210716e-04;5.973363e-02;4.627279e-03;5.348398e-02;3.971737e-03;3.202421e-02;-3.809028e-04;3.311367e-02;-3.253096e-05;7.021482e-02;8.690995e-04;5.112536e-02;-1.824176e-03;6.438185e-02;8.613568e-04;6.034906e-02;-8.325568e-05;9.066288e-02;2.530003e-03;1.122548e-01;9.845963e-04;6.450236e-02;1.672633e-03;7.032886e-02;-3.006694e-03;9.279389e-02;-1.800369e-03;1.031519e-01;6.770696e-03;1.051562e-01;7.267153e-03;4.956479e-02;1.736879e-03;4.323804e-02;1.103729e-03;4.486521e-02;-2.407343e-03;3.315158e-02;-1.981852e-03;2.769775e-02;-1.117641e-03;1.852690e-02;-9.221376e-04;1.695404e-01;2.314202e-03;1.116453e-01;3.190346e-03;1.228811e+01;3.158203e-01;1.621252e+01;4.163086e-01;8.209005e+01;6.747071e-01;1.514332e+02;6.244629e+00;7.856796e-02;6.289042e-03;3.806106e+01;1.479213e+00;1.332170e-01;3.914952e-03;3.772039e+04;1.653825e+03;4.272103e-01;-1.834401e-02;8.556363e+00;-2.621028e-01;1.054456e-01;2.558063e-03;2.934629e-02;1.193044e-03;1.439189e-01;7.748680e-03;5.114175e-01;3.793019e-02;1.394853e+00;-9.823659e-02;9.767349e-01;7.341889e-02;1.293936e+00;-1.567711e-01;1.905789e+00;4.339730e-02;1.584927e+00;1.540347e-02;1.999837e+00;-4.493851e-02;2.260451e+00;3.266421e-01;2.336311e+00;-1.781907e-01;1.829283e+00;-3.466802e-02;2.722629e+00;1.388196e-01;1.368151e+00;-1.074473e-01;2.460680e+00;-1.798472e-01;1.425229e+00;-2.810314e-02
281.000000;1.673513e+01;7.541836e+01;2.089279e-02;7.709013e-01;1.088467e-01;7.020371e-02;1.241738e-01;7.378388e-02;8.959796e-02;1.044732e-01;1.150844e+01;5.816066e+00;3.018246e-01;2.561266e+00;1.146380e-01;9.890578e-01;2.770700e-02;1.569333e-01;8.047276e-03;2.778912e-02;3.951578e-02;1.359544e-01;3.539308e-02;2.770455e-01;2.615513e-02;4.159780e-01;6.213165e-02;5.455122e-01;1.034326e-01;6.824248e-01;2.202522e-01;8.106760e-01;1.861612e-01;9.096375e-01;1.384262e-01;9.456167e-01;1.330425e-01;1.006515e+00;2.201688e-01;1.065504e+00;1.794497e-01;1.114561e+00;2.762602e-01;1.206514e+00;2.244783e-01;1.228521e+00;3.117528e-01;1.282143e+00;4.651743e-01;1.366364e+00;2.024396e-01;1.356544e+00;2.972589e-01;1.362731e+00;2.690056e-01;1.391080e+00;3.872255e-01;1.443308e+00;3.948295e-01;1.447475e+00;2.695169e-01;1.347475e+00;1.591771e-01;1.200857e+00;1.627393e-01;1.017687e+00;1.434305e-01;8.713863e-01;8.921609e-02;7.078522e-01;7.925481e-02;5.761400e-01;3.292624e-01;1.581348e+00;4.490621e-01;9.604323e-01;4.426957e+01;1.149873e+02;7.391101e+01;1.645137e+02;2.719320e+02;4.045371e+02;5.018262e+02;1.075368e+03;2.353955e-01;1.287580e+00;1.342286e+02;3.824782e+02;3.601233e-01;3.424414e+00;1.298440e+05;2.932043e+05;1.218824e+00;3.212099e+00;2.375523e+01;2.752346e+01;3.963180e-01;-1.200336e+00;1.059486e-01;3.392330e-01;3.783545e-01;1.349668e+00;3.246103e+00;3.842265e+01;4.434385e+00;-1.904276e+01;5.020898e+00;2.487391e+01;4.935521e+00;1.004247e+01;5.534858e+00;9.374733e+00;5.936601e+00;-2.361521e+00;4.955456e+00;-4.595451e+00;9.130180e+00;1.288993e+01;8.772058e+00;-3.884363e+00;7.611942e+00;-4.728915e+00;1.269230e+01;1.358534e+01;7.918190e+00;-7.693519e+00;1.025354e+01;-6.380022e+00;4.323256e+00;-1.315272e+00;3.767971e-05;4.692569e-06;7.826119e-08;-1.084173e-09;3.125541e-07;2.402356e-08;4.039033e-07;3.815179e-08;3.530957e-07;1.833913e-08;5.417308e-05;-2.892512e-07;8.847126e-02;-1.616868e-03;3.022813e-02;-3.796348e-04;7.025156e-03;-5.129511e-04;1.503898e-03;6.449987e-05;9.375623e-03;-9.518586e-04;9.042648e-03;-2.196056e-04;9.674988e-03;5.700099e-04;1.965687e-02;-4.308257e-04;2.228107e-02;1.257395e-05;5.840622e-02;1.295847e-03;5.212184e-02;1.817237e-03;3.538010e-02;-5.988919e-04;3.401951e-02;-8.978400e-04;6.312288e-02;5.390106e-04;4.664689e-02;-2.326780e-03;6.355301e-02;-1.353715e-03;5.982212e-02;-3.035609e-03;7.370430e-02;-2.961774e-03;1.015713e-01;-2.184368e-03;5.395492e-02;-9.622339e-04;7.000054e-02;-2.579218e-03;8.729061e-02;-2.282677e-03;8.882923e-02;7.689590e-04;8.736282e-02;-1.647636e-03;4.979591e-02;5.887240e-04;4.534045e-02;1.828016e-03;4.468756e-02;-1.237558e-04;3.169539e-02;1.060073e-03;2.590662e-02;2.038701e-03;2.028765e-02;2.167120e-03;1.231063e-01;1.996290e-04;1.124829e-01;-8.577278e-04;1.069096e+01;1.091016e+00;1.949692e+01;1.995410e+00;8.001455e+01;3.086426e+00;1.349677e+02;5.799609e+00;9.056337e-02;-1.934089e-03;3.644171e+01;1.972249e+00;1.088242e-01;6.135091e-03;3.333886e+04;1.414150e+02;3.807380e-01;-1.007626e-02;7.839833e+00;4.262457e-02;1.023519e-01;7.608957e-03;2.824149e-02;1.995400e-03;1.362993e-01;6.965803e-03;5.197245e-01;3.011014e-02;1.355061e+00;1.472517e-02;9.012436e-01;-1.648282e-01;1.328535e+00;-8.572260e-02;1.594305e+00;-7.023130e-02;1.555796e+00;-1.273128e-03;1.652598e+00;-2.512017e-02;2.197120e+00;1.173180e-01;2.242804e+00;-4.734438e-02;2.001794e+00;-1.234222e-02;2.434983e+00;-9.890366e-02;1.535171e+00;-1.746877e-01;2.255017e+00;-8.020428e-02;1.270434e+00;-1.008407e-01
281.500000;1.935425e+01;8.667057e+01;1.833577e-02;7.682025e-01;8.629550e-02;4.552048e-02;1.017081e-01;4.558888e-02;7.590695e-02;1.194662e-01;1.131866e+01;5.101968e+00;2.460610e-01;2.579741e+00;1.171853e-01;1.015591e+00;2.238714e-02;1.530471e-01;5.380097e-03;2.642857e-02;3.080505e-02;1.363414e-01;2.619309e-02;2.769235e-01;2.147660e-02;4.266716e-01;7.364277e-02;5.717514e-01;1.682960e-01;7.061777e-01;1.317955e-01;8.178968e-01;1.480328e-01;9.025096e-01;1.530736e-01;9.797798e-01;1.372422e-01;1.037327e+00;1.467143e-01;1.019103e+00;1.588296e-01;1.100546e+00;2.939337e-01;1.265007e+00;2.015314e-01;1.237092e+00;2.585817e-01;1.244914e+00;3.138746e-01;1.334378e+00;1.798730e-01;1.396203e+00;3.185634e-01;1.494552e+00;2.471452e-01;1.417893e+00;3.670660e-01;1.446617e+00;3.546432e-01;1.397212e+00;2.214662e-01;1.416682e+00;2.307204e-01;1.240527e+00;2.644673e-01;1.138049e+00;2.348666e-01;9.866426e-01;1.399808e-01;7.821625e-01;8.477878e-02;6.324118e-01;5.610673e-01;1.953808e+00;3.002605e-01;8.175487e-01;3.562239e+01;1.246055e+02;7.063474e+01;1.958086e+02;1.857677e+02;4.219072e+02;3.318252e+02;1.034168e+03;2.415335e-01;1.321861e+00;9.517401e+01;3.893358e+02;3.113488e-01;3.578892e+00;7.688570e+04;2.550844e+05;6.665872e-01;3.097611e+00;1.169075e+01;2.555366e+01;3.363273e-01;-1.122330e+00;8.131415e-02;3.573765e-01;4.621720e-01;1.626345e+00;2.848533e+00;3.924080e+01;4.269974e+00;-1.652512e+01;6.220571e+00;1.988556e+01;5.110340e+00;9.454233e+00;4.831810e+00;4.623316e+00;4.662783e+00;-2.580955e+00;6.351183e+00;-2.137171e+00;5.728337e+00;1.393830e+01;8.984758e+00;-7.943282e-01;7.272350e+00;-5.179708e+00;1.182642e+01;9.060026e+00;6.023157e+00;-1.114218e+01;7.910096e+00;-6.607997e-01;4.943197e+00;-1.301295e+00;2.912936e-05;7.155289e-06;7.515126e-08;-1.705549e-09;2.245338e-07;2.491952e-08;2.833948e-07;4.247552e-08;2.988714e-07;1.166082e-08;5.409428e-05;-2.338876e-07;5.477664e-02;-1.413575e-03;2.314106e-02;-1.001894e-03;6.475910e-03;-7.123517e-05;1.013643e-03;-6.449987e-05;8.207317e-03;-2.478422e-04;8.675132e-03;-1.942368e-04;8.066405e-03;-2.841050e-04;1.690853e-02;-1.104861e-03;3.520056e-02;1.492309e-04;3.703583e-02;-5.440096e-04;4.691264e-02;1.079466e-03;3.773685e-02;1.249254e-03;3.330958e-02;1.394098e-04;4.209848e-02;-1.306993e-03;4.823415e-02;-2.249603e-04;8.676203e-02;-1.698726e-03;5.487378e-02;-7.539126e-04;4.710711e-02;-4.841121e-03;4.922830e-02;-2.913298e-03;3.951332e-02;-7.272900e-04;6.557654e-02;2.066909e-03;5.329133e-02;-4.299913e-04;6.141223e-02;-6.131469e-03;6.193149e-02;-6.947059e-03;5.923752e-02;1.063383e-03;6.069695e-02;2.286256e-04;5.391001e-02;-2.350192e-04;4.246190e-02;-8.090038e-04;3.035807e-02;-2.039492e-03;1.801259e-02;-5.921230e-04;1.523458e-01;8.055872e-03;8.216134e-02;-4.939266e-03;1.058740e+01;1.866211e-01;2.104943e+01;6.029297e-01;6.026951e+01;1.507324e+00;1.199336e+02;-3.215625e+00;9.429102e-02;-1.083976e-03;3.025560e+01;-2.315295e-01;1.043477e-01;4.666878e-04;2.100649e+04;-1.666508e+03;2.099634e-01;1.112079e-02;2.988439e+00;3.097954e-01;9.913079e-02;5.763944e-04;2.533418e-02;1.486327e-04;1.377658e-01;3.632285e-03;6.138606e-01;2.047425e-02;7.592770e-01;6.194650e-02;9.661641e-01;-1.090840e-01;1.444242e+00;-4.870770e-02;1.507760e+00;-7.849808e-02;1.420128e+00;-6.299759e-03;1.600045e+00;1.699125e-01;1.630145e+00;-7.620652e-02;2.426816e+00;1.470539e-01;1.666739e+00;4.936491e-02;2.042376e+00;-3.387670e-01;1.316008e+00;-8.740845e-03;1.552439e+00;1.589877e-01;1.154253e+00;-4.016869e-02
282.000000;7.426186e+00;1.013195e+02;2.071412e-02;7.534383e-01;5.589796e-02;6.777079e-02;4.913297e-02;4.488658e-02;1.157255e-01;1.799195e-01;1.778980e+00;6.453457e+00;2.628452e-01;2.596990e+00;1.286590e-01;1.024680e+00;2.216418e-02;1.493752e-01;8.186547e-03;2.961955e-02;3.372393e-02;1.322661e-01;2.831694e-02;2.743377e-01;2.377899e-02;4.253613e-01;9.373683e-02;5.770182e-01;1.670177e-01;6.858064e-01;1.922609e-01;8.067062e-01;2.190901e-01;9.005670e-01;1.329678e-01;9.390749e-01;1.443430e-01;1.001059e+00;1.572340e-01;1.013223e+00;1.787389e-01;1.063188e+00;3.322841e-01;1.174489e+00;1.779089e-01;1.224087e+00;3.254343e-01;1.346088e+00;3.946559e-01;1.485140e+00;1.788051e-01;1.385235e+00;2.272111e-01;1.491202e+00;2.777532e-01;1.526525e+00;4.158410e-01;1.573183e+00;4.168221e-01;1.505617e+00;2.226910e-01;1.371740e+00;2.913058e-01;1.274209e+00;3.010338e-01;1.115381e+00;2.855508e-01;9.582884e-01;1.428531e-01;7.709769e-01;1.059580e-01;6.209044e-01;6.471822e-01;2.163346e+00;3.217797e-01;7.696746e-01;3.873317e+01;1.406836e+02;7.994282e+01;2.265293e+02;2.640031e+02;5.050254e+02;5.110167e+02;1.130924e+03;2.929883e-01;1.286125e+00;1.430743e+02;4.325548e+02;4.069377e-01;3.617160e+00;1.391387e+05;2.873186e+05;1.363966e+00;3.253370e+00;3.027982e+01;3.190878e+01;3.329553e-01;-1.057243e+00;1.095169e-01;3.920183e-01;4.169222e-01;1.837939e+00;3.233063e+00;3.774357e+01;3.931533e+00;-1.436585e+01;5.544302e+00;1.997875e+01;5.475788e+00;7.873705e+00;6.840278e+00;-1.486730e-01;4.956565e+00;-1.626695e+00;8.256495e+00;2.724181e+00;8.618003e+00;1.378247e+01;1.117936e+01;-3.199423e+00;7.236228e+00;-1.051937e+01;9.210150e+00;6.500049e+00;7.154601e+00;-9.327763e+00;7.748055e+00;-1.758338e+00;5.019753e+00;-2.355164e-01;3.750528e-05;1.098419e-06;6.538647e-08;-6.071286e-09;1.835490e-07;1.441924e-08;1.733014e-07;5.380019e-09;3.941671e-07;1.232311e-08;6.870139e-06;-2.190014e-08;6.618176e-02;-3.406956e-04;2.747676e-02;-9.299762e-04;6.923553e-03;1.657799e-04;1.513008e-03;-4.069035e-05;9.095105e-03;8.457137e-04;8.251403e-03;3.118316e-04;7.061536e-03;2.013694e-06;1.813628e-02;8.178657e-04;3.883175e-02;3.532550e-04;5.619837e-02;-8.769394e-04;6.775843e-02;-1.379547e-03;3.219777e-02;-2.255007e-03;3.297204e-02;-2.436383e-03;5.117700e-02;-4.609142e-04;6.368720e-02;9.258512e-04;1.060209e-01;4.074294e-03;5.682912e-02;2.056652e-03;6.944828e-02;1.482060e-03;8.066664e-02;7.665238e-04;5.274652e-02;-4.315036e-04;5.328961e-02;-3.720126e-03;5.878381e-02;-1.662087e-03;8.819708e-02;-3.250844e-03;8.336005e-02;-1.279927e-03;5.698591e-02;-6.195070e-03;5.978635e-02;-4.013419e-03;5.410955e-02;-1.348011e-03;4.766662e-02;-1.377890e-03;2.658395e-02;-2.571582e-03;1.861123e-02;-2.556206e-03;1.634443e-01;5.790346e-03;1.002845e-01;-4.917748e-04;1.121415e+01;-6.029297e-01;2.344105e+01;-1.521680e+00;7.298127e+01;-2.210742e+00;1.424023e+02;-4.995703e+00;1.082732e-01;-3.646861e-03;3.564239e+01;-1.186702e+00;1.220819e-01;-2.117493e-03;3.072201e+04;-1.602551e+02;3.804880e-01;5.187128e-03;9.117322e+00;-2.931936e-02;1.033809e-01;-3.141398e-03;2.852411e-02;-1.150459e-03;1.350198e-01;1.177622e-03;5.994772e-01;3.785914e-02;1.008936e+00;7.700730e-03;1.039200e+00;1.126686e-01;1.684685e+00;1.145993e-01;2.052183e+00;-7.475246e-02;1.554596e+00;-8.543243e-02;1.867477e+00;2.222599e-02;2.237114e+00;4.715385e-02;2.727869e+00;5.274336e-02;1.879227e+00;-1.430487e-01;2.233458e+00;1.582446e-01;1.720167e+00;3.710469e-02;1.865647e+00;-3.535812e-03;1.265023e+00;1.159351e-01
282.500000;3.138509e+01;1.106066e+02;1.298008e-02;7.412654e-01;1.197932e-01;1.199194e-01;1.414494e-01;1.247324e-01;1.139015e-01;1.818992e-01;2.060828e+00;5.832576e+00;2.782336e-01;2.525197e+00;1.563012e-01;1.020356e+00;2.434251e-02;1.425088e-01;1.035700e-02;2.980600e-02;3.714317e-02;1.261445e-01;3.958381e-02;2.605847e-01;4.336514e-02;4.090589e-01;7.573261e-02;5.532027e-01;1.011690e-01;6.980711e-01;1.961585e-01;7.876318e-01;2.173650e-01;8.766160e-01;1.562129e-01;9.198753e-01;1.310365e-01;9.772882e-01;2.260081e-01;1.084644e+00;2.064916e-01;1.136748e+00;3.610372e-01;1.223365e+00;2.102797e-01;1.258226e+00;3.387260e-01;1.332756e+00;4.013630e-01;1.418189e+00;2.599709e-01;1.341366e+00;2.582720e-01;1.402945e+00;4.291644e-01;1.562696e+00;6.621449e-01;1.613243e+00;5.984601e-01;1.591535e+00;3.059430e-01;1.359461e+00;3.527585e-01;1.303205e+00;3.966140e-01;1.104721e+00;2.302449e-01;8.896515e-01;1.369769e-01;7.278965e-01;9.162450e-02;5.701242e-01;5.995166e-01;1.913513e+00;3.841575e-01;7.846726e-01;6.401251e+01;1.518809e+02;1.303644e+02;2.414590e+02;3.337021e+02;5.311523e+02;5.747734e+02;1.209592e+03;3.104248e-01;1.163410e+00;1.857038e+02;4.592290e+02;5.301264e-01;3.591691e+00;1.549390e+05;3.122529e+05;1.580235e+00;3.181281e+00;4.250195e+01;3.477187e+01;3.510375e-01;-9.843500e-01;1.479426e-01;4.095892e-01;3.546072e-01;1.709484e+00;4.607857e+00;3.899327e+01;5.184935e+00;-1.676695e+01;5.719137e+00;2.161661e+01;8.104377e+00;6.937055e+00;8.414218e+00;1.445218e+00;6.505967e+00;-4.056436e+00;8.895768e+00;4.981699e-01;9.886930e+00;1.548770e+01;1.041468e+01;-2.179107e+00;6.912635e+00;-1.269370e+01;9.618636e+00;1.034646e+01;7.645526e+00;-6.026818e+00;9.596732e+00;-4.446360e+00;5.097332e+00;9.860631e-01;1.020084e-04;6.330959e-06;6.582103e-08;-5.106453e-09;5.634944e-07;3.940419e-08;6.261963e-07;4.019488e-08;4.067590e-07;2.492326e-08;7.732055e-06;-1.307045e-07;7.683101e-02;-1.088522e-03;3.794348e-02;1.113576e-03;7.041401e-03;-5.172548e-04;1.649874e-03;1.317712e-04;8.916856e-03;-5.760627e-04;8.693224e-03;-5.308818e-04;1.418351e-02;1.272318e-03;1.798913e-02;1.523610e-03;3.383307e-02;6.689791e-04;5.626487e-02;-4.169920e-03;6.317855e-02;-4.630524e-03;5.006832e-02;1.323991e-03;4.371630e-02;-4.377713e-04;5.377049e-02;-1.214168e-04;6.463143e-02;9.834473e-04;1.028983e-01;5.698468e-03;6.902143e-02;1.308243e-03;8.104020e-02;-7.493009e-04;9.345891e-02;5.655856e-04;6.957509e-02;4.348520e-03;6.283919e-02;3.381229e-04;9.832593e-02;2.429743e-03;1.577107e-01;1.324066e-03;1.398329e-01;2.851392e-03;7.356821e-02;2.985612e-03;7.340981e-02;2.498441e-03;9.397799e-02;5.805566e-03;5.498591e-02;1.986213e-03;4.134873e-02;1.671118e-03;1.935374e-02;5.854212e-04;1.475868e-01;-6.896404e-03;1.245703e-01;2.307873e-03;1.272121e+01;9.331055e-01;2.900945e+01;9.618164e-01;7.483093e+01;3.976465e+00;1.264842e+02;7.665820e+00;1.074721e-01;-4.965079e-03;3.685005e+01;2.357799e+00;1.261948e-01;6.593250e-03;3.219985e+04;1.827879e+03;4.065835e-01;-2.032531e-02;1.319889e+01;-3.642381e-01;1.017903e-01;7.203155e-03;2.912250e-02;1.884887e-03;1.176373e-01;-1.002606e-02;7.343069e-01;-3.894739e-02;1.210255e+00;-6.190620e-02;1.721475e+00;-8.631138e-03;1.695125e+00;-6.124945e-02;2.264345e+00;3.902201e-02;1.543755e+00;-1.782028e-01;2.170302e+00;-1.686931e-01;2.348736e+00;-1.786421e-01;2.651829e+00;-1.377090e-01;2.123118e+00;-1.493033e-01;2.422986e+00;2.451174e-02;2.019946e+00;4.861009e-02;2.476979e+00;4.618878e-02;1.487718e+00;1.448063e-01
283.000000;4.629431e+01;1.148828e+02;1.484701e-02;7.392857e-01;1.724501e-01;1.580388e-01;1.688732e-01;1.810451e-01;8.170232e-02;1.510145e-01;2.132962e+00;5.833504e+00;3.033645e-01;2.484821e+00;1.762675e-01;1.020430e+00;2.693674e-02;1.346468e-01;9.133711e-03;3.016125e-02;5.045136e-02;1.371468e-01;5.615776e-02;2.720718e-01;5.676088e-02;4.160448e-01;4.419521e-02;5.383899e-01;9.112038e-02;6.449912e-01;1.420256e-01;7.546393e-01;1.581591e-01;8.463275e-01;1.622433e-01;9.116430e-01;1.384138e-01;9.563389e-01;2.617841e-01;1.111032e+00;1.997081e-01;1.161026e+00;2.964276e-01;1.216444e+00;2.501394e-01;1.268854e+00;3.737369e-01;1.337350e+00;4.318214e-01;1.402478e+00;2.830722e-01;1.358894e+00;3.619839e-01;1.466139e+00;5.237134e-01;1.595422e+00;7.422936e-01;1.644787e+00;6.440667e-01;1.595144e+00;3.473299e-01;1.367038e+00;3.348656e-01;1.297602e+00;3.915020e-01;1.096857e+00;1.933591e-01;8.808641e-01;1.600857e-01;7.050521e-01;8.173827e-02;5.486151e-01;5.013775e-01;1.750880e+00;4.319621e-01;8.510301e-01;7.171990e+01;1.607812e+02;1.536324e+02;2.493545e+02;3.742749e+02;5.712041e+02;4.703744e+02;1.292997e+03;2.656969e-01;1.039392e+00;1.768350e+02;4.807747e+02;4.678015e-01;3.621899e+00;1.397978e+05;3.244146e+05;1.147127e+00;2.688775e+00;3.304686e+01;2.320801e+01;3.669079e-01;-8.890690e-01;1.422257e-01;4.276929e-01;4.960938e-01;1.646556e+00;4.007237e+00;4.023500e+01;5.661730e+00;-1.990270e+01;9.026621e+00;2.282236e+01;7.792536e+00;5.276748e+00;6.492207e+00;5.395947e+00;6.939349e+00;-6.995166e+00;6.758243e+00;-3.220554e+00;1.076130e+01;1.522153e+01;5.261510e+00;2.245131e+00;5.463181e+00;-1.368779e+01;1.027479e+01;1.053022e+01;8.834755e+00;-8.255186e+00;1.044467e+01;-7.257158e+00;4.316220e+00;1.649247e+00;1.417193e-04;2.186954e-05;5.868170e-08;7.656826e-10;7.773046e-07;-1.109706e-08;8.002430e-07;2.357985e-09;3.695393e-07;-1.062665e-08;8.190588e-06;-4.467890e-07;7.896262e-02;1.632546e-03;4.336997e-02;6.773425e-04;7.012672e-03;-2.837228e-04;1.419741e-03;2.134039e-04;1.079995e-02;-9.700739e-04;1.167413e-02;-9.871341e-04;1.625669e-02;4.259686e-04;1.535734e-02;5.546372e-05;2.630801e-02;-1.929602e-03;3.615313e-02;-2.902228e-03;3.808139e-02;-3.198626e-03;5.068544e-02;-1.804974e-03;5.054958e-02;-6.421627e-04;7.134060e-02;2.855754e-03;6.488755e-02;3.392023e-03;9.976886e-02;3.237415e-03;7.187015e-02;1.973451e-03;9.112225e-02;1.381510e-03;1.062008e-01;1.773283e-03;7.579003e-02;4.593796e-03;8.607904e-02;4.729868e-03;1.291471e-01;1.701624e-03;1.799280e-01;2.361252e-03;1.567817e-01;9.439841e-04;8.460080e-02;-2.129057e-04;7.840448e-02;-1.153583e-04;9.830741e-02;4.457415e-04;5.145600e-02;3.559650e-06;4.696723e-02;1.577821e-04;2.194768e-02;3.415073e-04;1.316638e-01;-5.891886e-03;1.321243e-01;1.190290e-02;1.360020e+01;1.205859e+00;3.881753e+01;2.641406e+00;8.937020e+01;1.086709e+01;1.196464e+02;9.130078e+00;1.001194e-01;-5.059024e-04;3.965258e+01;4.463852e+00;1.117771e-01;3.372736e-03;3.389097e+04;2.595975e+03;2.962652e-01;-2.637697e-02;1.007539e+01;-2.769161e-01;9.970063e-02;4.499567e-03;3.043897e-02;3.448891e-03;1.530095e-01;-1.861384e-03;8.786529e-01;-4.562043e-02;1.149409e+00;-1.764601e-01;2.126282e+00;3.628783e-02;1.500677e+00;2.796023e-02;2.116238e+00;1.399562e-01;1.434932e+00;2.356631e-02;2.202789e+00;-2.299159e-01;2.293083e+00;-2.507444e-01;2.019804e+00;-3.996246e-02;1.926700e+00;2.168988e-02;2.709601e+00;-4.609202e-02;2.071676e+00;-8.535407e-02;2.361921e+00;-1.196235e-01;1.367627e+00;-1.884779e-02
283.500000;6.540788e+01;1.126083e+02;3.111151e-02;7.500550e-01;1.610439e-01;1.353193e-01;1.502488e-01;1.498691e-01;7.995174e-02;1.315820e-01;2.685277e+00;6.242455e+00;3.248601e-01;2.525550e+00;1.888980e-01;1.015133e+00;3.638657e-02;1.386410e-01;8.865581e-03;3.009448e-02;6.735670e-02;1.545654e-01;5.907074e-02;2.824781e-01;5.669277e-02;4.270681e-01;7.462754e-02;5.735834e-01;1.543775e-01;6.889557e-01;1.700467e-01;7.972407e-01;1.446499e-01;8.556738e-01;2.837865e-01;9.486160e-01;1.897281e-01;9.533046e-01;2.171421e-01;1.084335e+00;2.206974e-01;1.107646e+00;3.122194e-01;1.145194e+00;2.529457e-01;1.206405e+00;3.472913e-01;1.360144e+00;3.711447e-01;1.354725e+00;3.111805e-01;1.462227e+00;3.285635e-01;1.439138e+00;4.785533e-01;1.521434e+00;6.604682e-01;1.580953e+00;6.381514e-01;1.547981e+00;4.271387e-01;1.356279e+00;4.291382e-01;1.264224e+00;4.126950e-01;1.074754e+00;2.952592e-01;8.787079e-01;1.977571e-01;7.263139e-01;1.167269e-01;6.015128e-01;6.604629e-01;1.923934e+00;4.060213e-01;9.087015e-01;7.356390e+01;1.607812e+02;1.642333e+02;2.489238e+02;3.854778e+02;6.093896e+02;4.507129e+02;1.255242e+03;2.686903e-01;1.013771e+00;1.767719e+02;4.850270e+02;3.939259e-01;3.660951e+00;1.204971e+05;3.232106e+05;9.845544e-01;2.529305e+00;9.792069e+00;1.616878e+01;4.904412e-01;-9.681488e-01;1.469123e-01;4.313242e-01;6.269678e-01;1.519271e+00;3.155938e+00;4.056841e+01;5.540613e+00;-2.181493e+01;8.561164e+00;2.438081e+01;6.380095e+00;4.475396e+00;7.042332e+00;2.632798e+00;7.465079e+00;-7.253072e+00;9.347665e+00;-4.951803e+00;1.073668e+01;1.465079e+01;5.449343e+00;2.786820e+00;7.508329e+00;-9.509744e+00;1.030636e+01;1.219074e+01;9.045211e+00;-1.009688e+01;6.890771e+00;-1.332960e+01;5.883445e+00;1.879466e+00;1.464654e-04;-9.797021e-06;6.048584e-08;1.088485e-08;6.445526e-07;-2.460665e-08;5.980699e-07;-4.756063e-08;3.169219e-07;-1.075618e-08;7.617945e-06;6.424724e-07;9.871284e-02;3.736580e-03;5.213905e-02;-1.577637e-04;7.879804e-03;7.635111e-04;1.415139e-03;-1.044344e-04;1.412075e-02;8.386653e-04;1.512536e-02;5.960367e-04;1.427680e-02;-1.134859e-03;2.310815e-02;-1.445883e-04;4.176917e-02;-1.092382e-04;5.111052e-02;8.757117e-04;3.948453e-02;1.848406e-04;6.510420e-02;-2.334589e-03;6.145594e-02;1.474365e-03;6.703118e-02;2.804196e-03;6.317184e-02;6.309102e-03;1.026609e-01;3.098811e-03;7.418907e-02;5.548622e-03;8.615217e-02;1.940902e-03;9.168763e-02;3.264522e-03;8.494060e-02;-3.020454e-03;8.123095e-02;-2.224039e-03;1.275473e-01;-2.555483e-03;1.693812e-01;6.159997e-04;1.613161e-01;-3.545465e-03;1.124564e-01;-3.020944e-03;1.008417e-01;-4.889573e-03;1.145401e-01;-6.847479e-03;8.188695e-02;-2.120712e-03;5.416777e-02;-3.653098e-04;3.167360e-02;6.590763e-04;2.228294e-01;-1.382352e-03;1.206241e-01;8.018496e-03;1.371680e+01;-1.435547e+00;3.896540e+01;-1.981055e+00;9.037685e+01;-5.239746e+00;1.172097e+02;-4.306641e-01;9.603565e-02;-1.427714e-04;3.833213e+01;-2.378876e+00;9.524384e-02;-6.568210e-03;3.087068e+04;-5.807448e+02;2.272066e-01;2.493274e-03;2.673229e+00;-1.204504e-02;1.087707e-01;-1.023539e-02;2.985558e-02;-2.237214e-03;2.062956e-01;1.673828e-03;9.000030e-01;8.127560e-02;1.024162e+00;-6.616978e-02;1.713348e+00;5.061226e-02;2.027910e+00;2.175260e-01;1.914322e+00;2.709837e-02;2.037559e+00;1.676442e-01;1.927169e+00;-9.484705e-02;2.707130e+00;1.627191e-01;1.501462e+00;7.170037e-02;1.924064e+00;2.026416e-01;2.302708e+00;1.763563e-01;1.966015e+00;5.557043e-02;1.860078e+00;-5.914222e-02;1.463530e+00;2.376346e-02
284.000000;6.047439e+01;1.072148e+02;3.150583e-02;7.684637e-01;1.119452e-01;7.030062e-02;1.637925e-01;1.003642e-01;1.006849e-01;1.457638e-01;3.510069e+00;7.366321e+00;3.148676e-01;2.552550e+00;1.855878e-01;1.039022e+00;3.603574e-02;1.465209e-01;9.821805e-03;2.888889e-02;6.065414e-02;1.384923e-01;4.806187e-02;2.735677e-01;5.666421e-02;4.228269e-01;9.469870e-02;5.704943e-01;1.476269e-01;7.308806e-01;1.729788e-01;7.987987e-01;1.421695e-01;8.475670e-01;3.108561e-01;9.910840e-01;2.566952e-01;1.051115e+00;1.894216e-01;1.100569e+00;2.357580e-01;1.174198e+00;3.670031e-01;1.210525e+00;2.829122e-01;1.227854e+00;3.113983e-01;1.303607e+00;2.294862e-01;1.293670e+00;3.327257e-01;1.516943e+00;2.800955e-01;1.424400e+00;4.494432e-01;1.476461e+00;6.274351e-01;1.532032e+00;6.807483e-01;1.561011e+00;4.272497e-01;1.423242e+00;4.582503e-01;1.296759e+00;4.071337e-01;1.180751e+00;2.985828e-01;1.001873e+00;1.735307e-01;7.994637e-01;1.076594e-01;6.663754e-01;7.276147e-01;1.776274e+00;3.294123e-01;9.509978e-01;7.797160e+01;1.411143e+02;1.633152e+02;2.358604e+02;4.113409e+02;5.746494e+02;4.974562e+02;1.151596e+03;2.128794e-01;1.024853e+00;2.006192e+02;4.570365e+02;6.385624e-01;3.637390e+00;1.188480e+05;3.067304e+05;9.566061e-01;2.652148e+00;9.506653e+00;1.816599e+01;4.903853e-01;-1.075048e+00;1.704644e-01;4.058464e-01;5.677761e-01;1.307596e+00;3.924015e+00;4.021013e+01;4.700853e+00;-2.137328e+01;6.414489e+00;2.104451e+01;9.643051e+00;9.801785e+00;6.742994e+00;1.583317e+00;7.390001e+00;-4.144128e+00;9.147149e+00;-7.494499e+00;8.078835e+00;1.270009e+01;9.024838e+00;2.643459e+00;6.893355e+00;-4.349428e+00;8.235007e+00;1.506639e+01;7.901951e+00;-8.481964e+00;1.001596e+01;-8.056742e+00;6.157675e+00;4.030308e+00;1.136662e-04;-2.605759e-05;7.345634e-08;6.161088e-09;4.676654e-07;6.251609e-08;7.201622e-07;3.921591e-08;3.795384e-07;1.756445e-08;7.107330e-06;3.187302e-07;1.038174e-01;1.534345e-03;5.156043e-02;7.197775e-05;7.619302e-03;7.459407e-04;1.592664e-03;-2.100025e-04;1.129425e-02;8.556108e-04;1.346417e-02;1.787778e-03;1.552927e-02;5.744597e-05;2.725661e-02;5.045169e-04;4.471169e-02;1.500902e-03;5.299927e-02;2.105504e-03;4.179744e-02;2.339917e-03;7.298344e-02;4.230000e-03;8.426807e-02;4.665192e-03;6.526083e-02;1.376193e-03;7.232790e-02;-5.503743e-03;8.164372e-02;-9.935267e-03;6.893036e-02;-2.985567e-03;8.034121e-02;1.914229e-04;6.533960e-02;-1.514439e-04;8.914682e-02;-4.777349e-03;6.689244e-02;-2.910762e-03;1.165901e-01;-5.820376e-04;1.610256e-01;-3.130725e-04;1.700142e-01;6.331249e-04;1.102324e-01;6.012512e-03;1.093631e-01;1.850003e-03;1.129571e-01;5.730314e-04;8.427320e-02;5.470833e-04;5.174231e-02;1.003444e-04;3.474666e-02;-2.999276e-04;2.392553e-01;1.063929e-02;1.163783e-01;-8.128052e-03;1.253209e+01;-1.291992e+00;3.157159e+01;-2.871094e+00;8.382815e+01;-1.085273e+01;1.076555e+02;-7.981641e+00;7.286508e-02;1.049012e-02;3.588968e+01;-4.676117e+00;1.283958e-01;-5.896948e-03;2.601400e+04;-2.584082e+03;1.911056e-01;2.788407e-02;2.323794e+00;2.859912e-01;1.086718e-01;-1.142754e-02;2.929214e-02;-3.699562e-03;1.997664e-01;1.193087e-02;9.034934e-01;2.542151e-02;1.073810e+00;1.482387e-01;1.494461e+00;-5.166534e-02;2.139007e+00;-5.153789e-02;1.670119e+00;1.793715e-02;2.250223e+00;7.527082e-02;2.115891e+00;1.940239e-01;2.259289e+00;7.605546e-02;2.257539e+00;-6.908981e-02;1.993749e+00;4.999304e-02;2.219110e+00;7.641139e-02;1.939208e+00;1.623625e-01;2.141055e+00;1.493951e-01;1.612840e+00;-2.465388e-02
284.500000;2.860099e+01;8.600081e+01;2.663633e-02;7.736122e-01;9.542172e-02;4.808829e-02;1.529199e-01;6.138720e-02;1.132214e-01;1.694233e-01;3.057506e+00;8.394447e+00;3.349472e-01;2.561612e+00;1.791245e-01;1.033917e+00;3.013204e-02;1.561006e-01;9.182281e-03;2.839380e-02;3.980232e-02;1.322029e-01;3.811006e-02;2.804494e-01;5.010659e-02;4.192255e-01;8.057601e-02;5.461993e-01;1.078801e-01;6.694935e-01;1.119737e-01;7.392938e-01;1.140805e-01;8.433920e-01;1.839394e-01;9.308989e-01;2.192576e-01;1.051425e+00;2.176250e-01;1.039092e+00;2.249983e-01;1.192019e+00;2.650247e-01;1.257544e+00;2.498037e-01;1.314935e+00;4.217244e-01;1.301831e+00;5.110404e-01;1.416685e+00;2.607339e-01;1.364973e+00;3.313524e-01;1.485909e+00;6.501476e-01;1.543778e+00;7.038327e-01;1.569981e+00;7.184739e-01;1.545384e+00;3.329080e-01;1.455567e+00;3.583873e-01;1.284642e+00;1.931665e-01;1.124986e+00;1.481619e-01;9.773858e-01;9.288075e-02;7.776233e-01;9.540178e-02;6.169285e-01;5.439729e-01;1.429322e+00;4.565474e-01;1.028302e+00;5.762679e+01;1.125469e+02;1.237851e+02;1.854727e+02;3.883196e+02;4.743047e+02;5.400432e+02;1.131785e+03;2.309087e-01;1.140559e+00;1.856567e+02;4.061779e+02;6.372439e-01;3.505666e+00;1.499312e+05;3.017351e+05;9.714752e-01;2.894864e+00;1.699759e+01;2.457080e+01;4.352823e-01;-1.195395e+00;1.515634e-01;3.571526e-01;5.010222e-01;1.206632e+00;4.034837e+00;3.965016e+01;4.277186e+00;-1.948789e+01;6.270324e+00;1.895385e+01;7.901713e+00;1.466600e+01;5.613132e+00;5.847455e+00;5.805461e+00;-1.875376e+00;6.286246e+00;-5.904793e+00;6.772432e+00;1.217510e+01;9.179572e+00;5.284890e+00;6.235779e+00;-5.512204e+00;9.420985e+00;1.235011e+01;6.011981e+00;-7.543299e+00;8.907309e+00;-8.044394e-01;3.786387e+00;4.493526e+00;5.943068e-05;-2.214952e-06;6.907791e-08;-4.698059e-09;4.001953e-07;3.459815e-09;6.973129e-07;3.159118e-09;4.412327e-07;7.153064e-09;7.112546e-06;-4.875510e-07;9.032287e-02;-1.183660e-03;4.169868e-02;-1.182833e-03;6.848325e-03;-2.447969e-04;1.529130e-03;4.950870e-05;7.769845e-03;-4.215635e-04;9.662669e-03;4.118544e-05;1.575394e-02;-7.602954e-05;2.589180e-02;-4.400903e-04;2.619746e-02;-2.330271e-04;2.872143e-02;-9.039466e-04;2.933208e-02;-1.194969e-03;4.549499e-02;3.341427e-03;7.042234e-02;2.344413e-03;6.954443e-02;-4.404912e-03;7.287806e-02;-8.239822e-03;6.356345e-02;-9.688718e-03;5.844999e-02;-7.942705e-03;1.086937e-01;-1.829430e-03;1.226989e-01;-5.122561e-03;6.395480e-02;-9.295650e-04;8.630832e-02;-9.393141e-04;1.530753e-01;-2.909828e-04;1.648408e-01;-1.379036e-03;1.648780e-01;1.693525e-03;7.279465e-02;-3.685931e-04;8.812258e-02;1.090040e-03;3.667524e-02;1.663972e-03;3.375695e-02;1.858941e-03;2.619445e-02;5.551283e-04;2.576924e-02;1.062987e-03;1.789873e-01;-4.900048e-03;1.284674e-01;-6.036181e-03;1.006129e+01;4.019531e-01;2.690907e+01;7.751953e-01;9.254369e+01;9.618164e-01;1.177304e+02;-4.694238e+00;8.730813e-02;5.572281e-03;3.870344e+01;3.601244e-01;1.322599e-01;1.080559e-03;3.467914e+04;-2.337765e+01;2.250223e-01;1.154590e-02;4.036757e+00;2.594171e-01;1.048508e-01;2.985225e-03;3.048384e-02;3.762199e-04;1.629070e-01;3.820371e-03;8.615062e-01;-7.418591e-02;1.229971e+00;9.532907e-02;1.833142e+00;-3.059250e-02;1.606494e+00;-7.744646e-02;1.375539e+00;5.976465e-03;1.804510e+00;8.501329e-02;2.072223e+00;1.291234e-01;1.954803e+00;1.107984e-02;2.604610e+00;-8.810803e-02;1.813085e+00;-1.653071e-01;2.778116e+00;-2.324155e-03;1.873955e+00;4.295866e-03;2.641437e+00;7.082795e-02;1.541456e+00;-2.204102e-02
285.000000;8.335455e+00;6.787395e+01;2.251835e-02;7.724013e-01;8.849472e-02;3.770604e-02;7.907914e-02;3.088745e-02;9.839220e-02;1.455295e-01;1.875623e+00;8.283118e+00;3.051333e-01;2.616961e+00;1.558046e-01;1.000765e+00;2.490408e-02;1.636024e-01;5.891290e-03;2.615772e-02;3.435106e-02;1.446950e-01;3.831950e-02;2.860471e-01;4.742186e-02;4.181795e-01;6.597191e-02;5.551866e-01;1.458863e-01;6.947022e-01;1.026734e-01;7.763681e-01;1.069613e-01;8.549998e-01;1.329464e-01;9.196298e-01;1.648470e-01;9.952741e-01;2.252524e-01;1.048716e+00;2.508455e-01;1.137365e+00;2.607214e-01;1.225251e+00;2.036240e-01;1.271763e+00;3.837116e-01;1.308644e+00;4.905557e-01;1.374611e+00;2.430114e-01;1.361881e+00;3.311666e-01;1.405315e+00;5.905135e-01;1.447314e+00;6.515986e-01;1.503065e+00;6.480816e-01;1.486966e+00;2.894974e-01;1.381715e+00;2.991774e-01;1.228433e+00;1.535452e-01;1.021971e+00;1.405951e-01;8.578921e-01;8.992744e-02;7.272925e-01;6.141884e-02;5.866255e-01;4.445451e-01;1.489195e+00;4.446574e-01;1.034645e+00;3.348242e+01;1.033594e+02;6.957576e+01;1.505889e+02;2.356413e+02;3.792715e+02;4.411602e+02;1.114846e+03;2.748988e-01;1.294980e+00;1.224266e+02;3.716765e+02;3.774543e-01;3.465537e+00;1.216959e+05;2.881195e+05;8.298087e-01;2.992570e+00;1.662197e+01;2.483265e+01;3.755581e-01;-1.298876e+00;9.822769e-02;3.299098e-01;4.993426e-01;1.330847e+00;3.773707e+00;4.021552e+01;3.674284e+00;-1.890508e+01;6.366816e+00;1.982755e+01;6.712603e+00;1.339852e+01;4.247057e+00;6.734667e+00;6.236597e+00;-6.378319e-01;6.028646e+00;-2.712751e+00;6.306655e+00;1.678585e+01;9.435251e+00;1.722292e+00;9.051319e+00;-5.338983e+00;1.130357e+01;1.444478e+01;5.801840e+00;-7.998673e+00;9.146032e+00;-1.400481e+00;4.109275e+00;3.208487e+00;1.470562e-05;1.807139e-07;6.479344e-08;-4.387595e-09;2.515919e-07;-6.811955e-08;2.833344e-07;-4.318526e-08;3.817161e-07;-2.534947e-08;6.177133e-06;1.298079e-07;8.209787e-02;-3.419436e-03;3.685302e-02;-6.369342e-04;7.183795e-03;-3.258675e-04;1.057990e-03;-1.171580e-05;8.752505e-03;-1.465988e-04;1.231604e-02;-1.154659e-03;1.465067e-02;-6.979362e-04;2.225244e-02;-5.290098e-04;2.416822e-02;4.141170e-04;2.604100e-02;-2.608733e-04;3.093769e-02;-8.549539e-04;4.385102e-02;-6.006056e-04;5.308006e-02;-1.361874e-03;6.232417e-02;-3.887771e-03;6.820697e-02;1.445124e-03;6.871113e-02;1.566486e-03;5.461032e-02;-3.089909e-04;9.933227e-02;-2.158803e-03;1.167767e-01;-2.338223e-03;5.322677e-02;-4.954616e-04;9.355434e-02;-8.799416e-04;1.387054e-01;-5.818842e-04;1.448659e-01;-1.447669e-03;1.415183e-01;-1.395773e-03;6.612908e-02;-1.873871e-03;7.411063e-02;3.956253e-04;3.401088e-02;2.323084e-04;3.665202e-02;-1.032084e-03;2.363537e-02;3.198962e-04;1.593691e-02;1.073146e-03;1.596066e-01;-1.454336e-02;1.181336e-01;-3.683935e-03;9.001051e+00;-2.296875e-01;2.065529e+01;-3.588867e-01;7.242103e+01;-8.613281e-01;1.112043e+02;-4.306641e-01;8.968318e-02;-6.331753e-03;3.126103e+01;-4.904999e-01;1.011015e-01;-5.417996e-04;2.997056e+04;-2.641501e+02;2.160933e-01;4.244902e-04;4.270816e+00;7.347000e-02;1.100500e-01;5.129854e-03;2.492945e-02;-4.544666e-04;1.650656e-01;-1.977693e-02;7.111865e-01;1.476606e-02;1.129781e+00;6.885917e-03;1.671937e+00;-6.411432e-02;1.463083e+00;1.602544e-02;1.318718e+00;-1.849017e-02;1.716750e+00;-3.649252e-03;1.604162e+00;2.790212e-02;1.920535e+00;1.447170e-01;2.358124e+00;1.072766e-02;2.074037e+00;8.745192e-02;2.788136e+00;-7.757054e-03;1.592902e+00;2.618490e-02;2.454540e+00;6.097526e-02;1.408521e+00;7.236671e-02
285.500000;1.768624e+01;7.876791e+01;2.273756e-02;7.578613e-01;1.797109e-01;1.196856e-01;1.214762e-01;8.458678e-02;9.839737e-02;1.246106e-01;2.119214e+00;6.327346e+00;3.127576e-01;2.622969e+00;1.604433e-01;1.022093e+00;2.514226e-02;1.521820e-01;3.574238e-03;2.716679e-02;2.884521e-02;1.342010e-01;3.549431e-02;2.797064e-01;4.227080e-02;4.319614e-01;5.594168e-02;5.695729e-01;1.624548e-01;7.009996e-01;9.565274e-02;8.019388e-01;9.884989e-02;8.485034e-01;1.744443e-01;9.626495e-01;1.929259e-01;1.040931e+00;2.074311e-01;1.096430e+00;2.153169e-01;1.121771e+00;2.624587e-01;1.182014e+00;1.957788e-01;1.198880e+00;2.673487e-01;1.303850e+00;3.464673e-01;1.362248e+00;2.569242e-01;1.400914e+00;3.510697e-01;1.463162e+00;4.708228e-01;1.508821e+00;6.652150e-01;1.568635e+00;5.761481e-01;1.522878e+00;2.647294e-01;1.414877e+00;2.620596e-01;1.274013e+00;2.968953e-01;1.110010e+00;2.497789e-01;9.308167e-01;1.405637e-01;7.373984e-01;7.728118e-02;6.072287e-01;4.995924e-01;1.725797e+00;2.855881e-01;9.469537e-01;3.820039e+01;1.267588e+02;6.501284e+01;1.867646e+02;1.688737e+02;4.388467e+02;2.518178e+02;1.170688e+03;2.544370e-01;1.379946e+00;8.367340e+01;4.075136e+02;3.242515e-01;3.680879e+00;7.580267e+04;2.779368e+05;4.917947e-01;2.719633e+00;7.973860e+00;1.944202e+01;3.755163e-01;-1.122929e+00;7.246057e-02;3.704491e-01;4.580537e-01;1.534876e+00;3.533358e+00;4.073026e+01;2.632492e+00;-1.859402e+01;6.175463e+00;1.769899e+01;6.553744e+00;1.050102e+01;3.757980e+00;6.777575e+00;6.382059e+00;-1.894178e+00;6.575567e+00;-3.596682e+00;8.015865e+00;1.395371e+01;6.744157e+00;-1.935357e+00;9.368463e+00;-3.425820e+00;1.235755e+01;1.218930e+01;5.073828e+00;-7.990427e+00;6.955785e+00;-2.097348e+00;5.111208e+00;1.118207e+00;3.545257e-05;5.722612e-06;6.626084e-08;-2.170797e-09;4.549339e-07;-1.125127e-07;3.919076e-07;1.055694e-08;4.348582e-07;-2.460567e-08;6.130734e-06;-2.190491e-08;7.046397e-02;1.650328e-03;3.401621e-02;1.490700e-03;7.041526e-03;3.876013e-05;9.141978e-04;-1.133796e-06;7.556749e-03;2.300791e-04;1.245912e-02;-2.198771e-04;1.170058e-02;4.859878e-05;1.843684e-02;8.875662e-04;3.378025e-02;9.244721e-04;2.622709e-02;1.177183e-03;2.921995e-02;9.899144e-04;5.201589e-02;-3.104065e-03;6.271973e-02;-3.350189e-03;5.581627e-02;4.400980e-03;6.082396e-02;2.711428e-03;6.670446e-02;3.167567e-03;4.639273e-02;7.721026e-04;6.042528e-02;3.397202e-03;7.325552e-02;6.592042e-03;6.137858e-02;-5.853534e-04;8.240377e-02;3.779402e-03;9.584732e-02;3.349910e-03;1.290090e-01;4.939689e-03;1.110508e-01;3.149596e-03;7.716511e-02;2.058159e-03;5.492276e-02;2.842457e-03;6.156773e-02;1.011707e-03;5.581058e-02;1.217583e-03;4.024330e-02;-3.547051e-04;2.580592e-02;-1.275224e-03;1.569229e-01;6.231777e-03;9.012378e-02;1.692097e-03;1.031962e+01;-8.613281e-02;1.951526e+01;1.004883e-01;6.395767e+01;2.296875e-01;9.438257e+01;1.593457e+00;9.142376e-02;-3.064582e-03;2.739345e+01;1.483417e-01;1.097894e-01;1.858710e-03;2.088168e+04;-9.544579e+01;1.970881e-01;-5.995350e-03;3.182167e+00;-1.596142e-01;1.050394e-01;9.362483e-05;2.302599e-02;1.892741e-04;1.287049e-01;1.264448e-03;6.693233e-01;1.726349e-02;9.549817e-01;-6.204107e-03;1.272001e+00;-1.466144e-03;1.419884e+00;-4.561729e-02;1.161900e+00;3.598667e-02;1.754385e+00;-7.022645e-02;1.814215e+00;-1.820926e-02;1.699988e+00;-1.441144e-01;1.841516e+00;4.518198e-02;2.007879e+00;5.038475e-02;2.413270e+00;5.400304e-02;1.531492e+00;2.933906e-02;1.990360e+00;-4.076580e-02;1.226528e+00;-3.258785e-02
286.000000;1.750643e+01;8.165503e+01;1.800545e-02;7.406064e-01;1.900342e-01;1.351560e-01;1.303965e-01;1.149226e-01;9.984855e-02;1.184157e-01;1.521362e+00;5.436390e+00;3.050376e-01;2.635104e+00;1.559689e-01;1.035378e+00;2.349226e-02;1.426908e-01;7.376668e-03;3.016125e-02;2.892474e-02;1.233394e-01;2.826672e-02;2.719576e-01;3.127084e-02;4.261107e-01;5.183398e-02;5.596890e-01;1.302842e-01;6.508753e-01;1.199798e-01;7.664800e-01;1.295301e-01;8.592137e-01;1.696360e-01;9.654959e-01;1.668275e-01;1.048628e+00;1.693446e-01;1.073375e+00;1.371255e-01;1.089996e+00;1.844913e-01;1.159044e+00;1.349412e-01;1.196945e+00;3.268923e-01;1.321472e+00;4.139270e-01;1.446179e+00;1.958189e-01;1.342478e+00;2.919720e-01;1.521833e+00;4.482403e-01;1.633261e+00;6.626423e-01;1.687158e+00;5.271788e-01;1.590790e+00;2.905369e-01;1.413138e+00;2.626320e-01;1.297240e+00;2.893334e-01;1.139538e+00;2.277859e-01;9.746602e-01;1.369313e-01;7.611117e-01;7.295438e-02;5.998189e-01;5.186222e-01;1.589931e+00;3.094935e-01;9.381969e-01;3.743559e+01;1.415449e+02;9.610662e+01;2.268164e+02;3.026136e+02;5.562744e+02;3.579747e+02;1.285532e+03;2.588751e-01;1.304647e+00;1.359604e+02;4.616413e+02;3.998847e-01;3.789038e+00;1.203340e+05;3.051802e+05;7.095321e-01;2.564513e+00;1.182952e+01;1.978481e+01;3.364100e-01;-9.806243e-01;1.032816e-01;4.149622e-01;3.956421e-01;1.636689e+00;3.259314e+00;3.916652e+01;3.865401e+00;-1.826659e+01;5.705244e+00;1.670104e+01;5.425992e+00;8.816686e+00;5.701167e+00;9.054501e+00;6.946822e+00;2.810661e-01;6.723901e+00;-3.572917e+00;6.194160e+00;7.977489e+00;5.928411e+00;-3.581631e-01;9.056458e+00;-9.126553e+00;1.151706e+01;8.016810e+00;4.639199e+00;-7.685973e+00;6.379800e+00;-1.527512e+00;4.690122e+00;1.014149e+00;4.559888e-05;7.562012e-07;6.078458e-08;-4.925582e-09;5.240569e-07;-7.215726e-08;4.761529e-07;7.881194e-09;4.964460e-07;2.235248e-08;5.517105e-06;-3.378746e-07;6.551715e-02;3.101144e-03;3.335213e-02;9.268489e-04;5.752269e-03;-3.843437e-04;1.526522e-03;1.400857e-04;6.491435e-03;-5.029747e-04;8.490240e-03;-3.938174e-04;8.519241e-03;2.525631e-04;1.621658e-02;8.690962e-04;3.242544e-02;-3.919873e-04;2.609315e-02;2.477704e-03;3.830967e-02;3.432795e-03;4.439094e-02;-1.413311e-03;4.812908e-02;-2.295104e-03;4.639463e-02;1.259080e-03;3.855075e-02;1.976129e-04;6.007137e-02;4.213130e-04;4.577463e-02;7.465108e-05;8.269041e-02;3.907152e-03;9.855177e-02;4.441014e-03;4.939669e-02;1.363806e-03;6.464387e-02;1.884834e-03;1.029847e-01;2.816506e-03;1.441017e-01;4.255041e-03;1.131054e-01;3.908668e-03;8.136494e-02;-1.409276e-03;5.839181e-02;-1.227928e-03;5.958718e-02;-8.742108e-04;5.215102e-02;6.471470e-04;3.865096e-02;2.996370e-04;2.670968e-02;9.806579e-05;1.357618e-01;6.815336e-03;1.055877e-01;2.709857e-03;1.071009e+01;1.191504e+00;3.248998e+01;2.196387e+00;9.676585e+01;5.900098e+00;9.980763e+01;9.948339e+00;8.249382e-02;-2.286938e-03;3.987162e+01;3.693264e+00;1.190367e-01;1.059774e-02;3.217995e+04;2.396278e+03;2.530360e-01;-1.704770e-02;4.500682e+00;-2.912129e-01;8.702034e-02;6.488775e-03;3.051850e-02;3.122028e-03;8.567254e-02;5.204416e-03;7.363060e-01;-5.946950e-02;1.167101e+00;-5.486073e-02;1.302123e+00;3.412708e-02;1.205569e+00;-1.264946e-01;1.075861e+00;-1.389910e-01;1.608204e+00;-2.760542e-03;1.991021e+00;-9.413960e-02;1.750118e+00;-6.139575e-02;1.579294e+00;-2.049027e-02;1.712275e+00;-1.989965e-01;2.557467e+00;7.496060e-02;1.662571e+00;-1.326723e-01;2.007417e+00;-2.315533e-01;1.123975e+00;-9.317783e-02
286.500000;1.259039e+01;6.353466e+01;1.109759e-02;7.381566e-01;1.067011e-01;4.342302e-02;9.393553e-02;6.205336e-02;8.267037e-02;1.212946e-01;1.011654e+00;5.923264e+00;1.911380e-01;2.618877e+00;8.996515e-02;9.880787e-01;2.027314e-02;1.505748e-01;8.640770e-03;2.845175e-02;3.177197e-02;1.357424e-01;2.590832e-02;2.759143e-01;3.186173e-02;4.231465e-01;5.790135e-02;5.586916e-01;1.029280e-01;6.579764e-01;1.221913e-01;7.548401e-01;1.474107e-01;8.738813e-01;1.194956e-01;9.272186e-01;1.280264e-01;9.941347e-01;1.278417e-01;1.020413e+00;1.193154e-01;1.051779e+00;2.663038e-01;1.155365e+00;1.517037e-01;1.185666e+00;3.392051e-01;1.312177e+00;3.573187e-01;1.393563e+00;1.790770e-01;1.329036e+00;1.831341e-01;1.416039e+00;2.721055e-01;1.493394e+00;4.456166e-01;1.524238e+00;3.636161e-01;1.475174e+00;1.822138e-01;1.349379e+00;2.967077e-01;1.234245e+00;1.560885e-01;1.007672e+00;1.225572e-01;8.307739e-01;7.266986e-02;7.191381e-01;5.221938e-02;5.904484e-01;5.067171e-01;1.667592e+00;3.226992e-01;8.671533e-01;3.454005e+01;1.296299e+02;9.920647e+01;2.065752e+02;3.156605e+02;4.788984e+02;4.357969e+02;1.181886e+03;3.304902e-01;1.314322e+00;1.498821e+02;4.265582e+02;4.230348e-01;3.600832e+00;1.289760e+05;2.906837e+05;9.443492e-01;2.870854e+00;2.069278e+01;2.432792e+01;3.066881e-01;-1.095047e+00;1.141629e-01;3.832927e-01;4.230309e-01;1.875727e+00;3.384301e+00;4.001532e+01;4.143632e+00;-1.828206e+01;5.493766e+00;1.971019e+01;4.989240e+00;7.865367e+00;6.522326e+00;7.586774e+00;5.291188e+00;5.947317e+00;5.837962e+00;-2.573601e+00;7.977317e+00;1.395557e+01;7.529944e+00;-4.501778e+00;6.623638e+00;-1.305640e+01;9.038711e+00;8.389731e+00;5.805072e+00;-6.682577e+00;8.431184e+00;-3.053310e+00;4.019982e+00;2.541080e+00;3.348054e-05;-5.759114e-06;4.503440e-08;1.569224e-10;2.937738e-07;3.035760e-09;3.387492e-07;-1.283173e-08;4.201140e-07;5.664903e-09;3.377475e-06;1.621922e-07;5.874712e-02;-3.306123e-03;2.506122e-02;-1.045419e-03;5.395981e-03;1.637889e-05;1.643718e-03;-3.502141e-05;8.091602e-03;1.717108e-05;7.979618e-03;1.050160e-04;8.317517e-03;-4.080808e-04;1.386196e-02;-9.234797e-04;2.504325e-02;4.030731e-04;2.521985e-02;1.196198e-03;4.110119e-02;1.899025e-03;3.671292e-02;-6.876418e-04;3.607816e-02;-5.836165e-04;4.552281e-02;-1.038599e-03;4.010388e-02;-1.346679e-03;8.744831e-02;-2.944428e-03;5.126411e-02;7.319321e-04;9.245561e-02;2.022419e-05;9.948584e-02;-1.872994e-03;5.946497e-02;-8.931123e-04;4.885226e-02;-1.205847e-03;7.385752e-02;-1.268379e-03;1.080452e-01;-2.746871e-03;8.891869e-02;-1.910585e-03;5.198591e-02;-2.478766e-03;6.719650e-02;-2.163288e-03;3.046608e-02;-2.832383e-03;2.666340e-02;-3.989301e-03;1.764421e-02;-1.352983e-03;1.706556e-02;-9.064761e-04;1.077151e-01;-2.266671e-03;1.105147e-01;-4.367794e-03;9.638497e+00;0;3.131816e+01;-4.163086e-01;8.711768e+01;-1.105371e+00;1.092732e+02;-3.588867e+00;1.194905e-01;2.561588e-03;3.915972e+01;-7.303322e-01;1.038390e-01;-3.626062e-03;3.344784e+04;-4.911109e+02;3.091255e-01;4.867924e-03;7.496394e+00;-2.019029e-02;9.251849e-02;7.008649e-05;2.952220e-02;-6.236449e-04;1.084616e-01;-1.830795e-03;6.167053e-01;5.683722e-02;1.286507e+00;-2.256250e-02;1.362710e+00;6.637205e-02;1.182258e+00;-3.217726e-02;1.247887e+00;-9.578025e-02;1.456452e+00;5.565707e-02;1.791730e+00;-1.518869e-02;1.440833e+00;2.345135e-01;1.939515e+00;-9.435252e-02;1.740453e+00;3.424902e-02;2.661346e+00;-3.291303e-02;1.836916e+00;7.113194e-02;2.261558e+00;-1.209683e-01;1.369058e+00;-4.337906e-02
287.000000;2.796836e+01;7.292312e+01;1.051814e-02;7.375547e-01;1.511367e-01;9.259979e-02;1.432838e-01;1.022339e-01;9.744819e-02;1.491793e-01;1.333048e+00;5.723106e+00;2.166858e-01;2.586869e+00;1.169033e-01;9.982729e-01;1.800620e-02;1.540705e-01;4.339416e-03;2.551776e-02;3.804081e-02;1.413557e-01;2.748825e-02;2.776335e-01;3.246833e-02;4.228437e-01;5.486632e-02;5.613078e-01;8.035427e-02;7.200884e-01;1.237588e-01;7.869885e-01;1.264801e-01;8.824465e-01;1.023319e-01;9.081346e-01;1.360957e-01;9.401332e-01;1.363185e-01;1.035509e+00;1.327727e-01;1.087192e+00;3.394654e-01;1.182776e+00;2.077135e-01;1.221408e+00;3.096668e-01;1.306290e+00;3.426804e-01;1.366032e+00;2.631841e-01;1.369644e+00;2.441869e-01;1.417055e+00;3.094389e-01;1.469230e+00;4.328834e-01;1.488550e+00;3.833821e-01;1.463116e+00;1.316723e-01;1.378119e+00;3.141011e-01;1.281443e+00;3.840752e-01;1.104123e+00;2.031913e-01;8.618792e-01;1.491988e-01;7.158591e-01;7.383529e-02;5.659373e-01;4.709814e-01;2.049091e+00;3.234523e-01;7.621241e-01;3.987721e+01;1.300605e+02;6.677670e+01;1.922197e+02;1.170001e+02;3.834346e+02;2.676199e+02;9.992842e+02;3.070457e-01;1.409358e+00;6.963789e+01;3.827108e+02;2.601894e-01;3.537717e+00;7.094099e+04;2.413011e+05;6.979955e-01;3.107411e+00;1.881047e+01;2.517011e+01;2.822610e-01;-1.152755e+00;6.413798e-02;3.554729e-01;4.064424e-01;1.976964e+00;2.634179e+00;4.222258e+01;2.939275e+00;-1.803335e+01;6.998908e+00;2.138536e+01;5.963484e+00;4.510845e+00;4.266221e+00;4.882750e+00;8.336591e+00;6.874499e-01;4.957067e+00;-3.155413e+00;6.632463e+00;1.749837e+01;8.843443e+00;-2.280596e+00;5.425837e+00;-1.000797e+01;7.776483e+00;9.957552e+00;6.698750e+00;-5.725178e+00;7.424040e+00;-5.304386e+00;4.553726e+00;1.920038e+00;6.440809e-05;-3.073793e-06;3.846309e-08;4.368571e-09;4.737279e-07;-1.842076e-08;4.902826e-07;-2.219084e-08;3.940733e-07;-2.947223e-08;4.675886e-06;3.584841e-07;6.766476e-02;-1.246332e-03;3.131783e-02;1.502222e-04;6.368468e-03;3.722547e-04;1.088308e-03;-1.000252e-04;1.013963e-02;6.434015e-04;8.039084e-03;5.325631e-04;8.347264e-03;-7.701269e-04;1.537355e-02;-9.597684e-04;2.503077e-02;5.360841e-04;2.322021e-02;-3.475491e-03;3.006174e-02;-4.348239e-03;3.797999e-02;-5.698845e-05;4.300871e-02;7.001252e-04;4.906705e-02;7.449587e-04;4.039136e-02;6.164170e-04;1.092585e-01;-1.221984e-03;6.578682e-02;4.123455e-04;8.155044e-02;7.776431e-04;8.939599e-02;8.981856e-04;8.062828e-02;5.784114e-04;6.560265e-02;8.964852e-04;9.311234e-02;1.584431e-03;1.019905e-01;8.306684e-04;8.861147e-02;3.224493e-04;3.972682e-02;2.143892e-04;7.418056e-02;3.068216e-03;1.017848e-01;1.098474e-03;5.917067e-02;7.037910e-04;4.261683e-02;-1.955224e-04;1.920769e-02;-2.251417e-04;1.291286e-01;-5.505283e-03;1.093278e-01;-5.017686e-04;1.032812e+01;-1.033594e+00;1.669254e+01;-1.952344e+00;3.666888e+01;-5.311523e+00;9.634842e+01;-6.933692e+00;1.375124e-01;5.720549e-03;2.318306e+01;-2.710783e+00;7.989959e-02;-9.337006e-03;2.101357e+04;-1.112542e+03;2.680466e-01;9.737610e-03;6.895397e+00;6.086498e-02;1.073715e-01;-4.988004e-03;1.969896e-02;-2.373188e-03;1.171344e-01;1.899241e-03;6.865745e-01;2.629494e-02;1.117236e+00;1.174791e-02;1.632211e+00;1.094775e-01;1.451723e+00;6.921773e-02;1.344667e+00;1.589240e-01;1.426688e+00;-1.690658e-02;2.112805e+00;7.272430e-02;2.055189e+00;3.093720e-02;2.063306e+00;4.784646e-02;1.787804e+00;9.294137e-02;2.426133e+00;5.339937e-02;1.768991e+00;1.940456e-01;2.096668e+00;1.091862e-01;1.455014e+00;8.315206e-02
287.500000;2.461910e+01;8.236613e+01;2.168499e-02;7.443370e-01;1.550182e-01;1.200997e-01;1.423764e-01;1.205653e-01;9.716134e-02;1.673987e-01;1.786082e+00;5.812383e+00;2.429427e-01;2.586083e+00;1.467420e-01;1.025039e+00;2.769007e-02;1.461809e-01;5.107111e-03;2.698665e-02;5.915616e-02;1.373697e-01;3.206391e-02;2.678722e-01;3.617217e-02;4.186798e-01;4.862135e-02;5.572509e-01;8.478391e-02;6.992131e-01;1.181612e-01;8.023992e-01;1.096701e-01;8.618656e-01;1.227797e-01;9.296221e-01;1.449504e-01;9.499272e-01;1.688839e-01;1.097461e+00;1.566773e-01;1.091953e+00;3.540440e-01;1.166576e+00;1.916740e-01;1.234059e+00;2.833770e-01;1.309212e+00;3.090802e-01;1.336118e+00;4.358890e-01;1.518397e+00;2.829687e-01;1.454548e+00;3.648021e-01;1.486872e+00;5.052003e-01;1.552355e+00;4.949833e-01;1.540080e+00;3.057090e-01;1.382031e+00;4.077697e-01;1.340919e+00;4.321735e-01;1.193709e+00;2.532782e-01;9.658664e-01;2.049745e-01;7.627601e-01;1.299296e-01;5.938935e-01;4.704906e-01;2.002022e+00;3.199546e-01;7.768543e-01;5.477152e+01;1.474307e+02;9.487043e+01;2.176289e+02;2.158436e+02;4.685625e+02;3.209279e+02;1.058285e+03;3.290574e-01;1.289272e+00;1.084717e+02;4.224679e+02;3.077960e-01;3.679243e+00;7.459384e+04;2.598553e+05;7.640898e-01;2.928649e+00;1.062663e+01;2.103186e+01;4.072058e-01;-1.051127e+00;9.688137e-02;3.897753e-01;5.436565e-01;1.630691e+00;3.188141e+00;4.148069e+01;4.628486e+00;-1.900406e+01;8.280897e+00;2.151710e+01;5.311794e+00;1.433385e+00;4.860343e+00;2.915233e+00;6.009570e+00;-5.922127e+00;7.008850e+00;-2.356778e+00;8.746612e+00;1.228764e+01;6.984100e+00;9.763772e-02;6.293716e+00;-1.037917e+01;8.042190e+00;1.265440e+01;7.346628e+00;-6.822576e+00;5.299117e+00;-7.137108e+00;4.512734e+00;7.762831e-01;6.618229e-05;2.171760e-06;6.123822e-08;4.491806e-09;5.317476e-07;1.715667e-08;5.184388e-07;-9.839666e-09;4.124281e-07;2.399109e-09;6.537322e-06;1.094656e-07;7.951142e-02;2.830493e-04;4.134907e-02;1.667173e-04;7.335151e-03;1.592843e-04;1.064306e-03;-3.842277e-05;1.269105e-02;4.587062e-04;1.005452e-02;-2.319061e-04;1.158564e-02;5.565471e-04;1.539740e-02;1.274446e-03;2.806235e-02;-1.225916e-03;2.648511e-02;2.724021e-04;3.028616e-02;-9.112758e-04;4.101482e-02;1.315240e-03;4.685587e-02;8.921178e-04;6.556945e-02;-1.243982e-03;4.536478e-02;-1.162849e-03;9.713510e-02;-2.693824e-03;5.858548e-02;-1.864582e-03;7.824481e-02;-3.733932e-05;8.367104e-02;-1.476631e-03;1.165614e-01;7.829748e-04;7.821484e-02;1.254465e-04;1.122726e-01;-8.083545e-04;1.297160e-01;2.102775e-03;1.206414e-01;3.741591e-03;7.644573e-02;3.316001e-05;9.961220e-02;-2.532922e-04;1.280240e-01;2.913586e-04;7.991982e-02;1.467991e-03;5.987909e-02;1.530957e-03;3.495745e-02;1.398880e-03;1.392026e-01;7.749605e-03;1.091918e-01;-1.300129e-03;1.249730e+01;-2.153320e-01;2.353607e+01;-3.445312e-01;5.501408e+01;-3.158203e-01;8.625520e+01;-1.894922e+00;1.145037e-01;-5.528422e-03;2.572921e+01;-6.579565e-01;8.124116e-02;7.881600e-05;1.963803e+04;-5.940181e+02;1.781432e-01;1.228491e-02;3.182905e+00;2.510182e-01;1.135401e-01;-2.553047e-03;2.207362e-02;-5.422226e-04;1.814280e-01;-5.407059e-03;8.777773e-01;-2.127739e-02;1.156880e+00;5.727874e-02;1.924395e+00;2.210259e-02;1.568052e+00;-6.677473e-02;1.683285e+00;-4.379199e-02;1.792690e+00;-5.081308e-03;2.123444e+00;5.065048e-02;2.562097e+00;-4.208395e-02;1.770305e+00;-1.954179e-02;2.116778e+00;-6.309079e-02;2.255527e+00;1.056339e-01;1.884226e+00;-6.136497e-02;2.096710e+00;6.499808e-02;1.364353e+00;9.093569e-03
288.000000;9.324825e+00;7.181543e+01;2.513482e-02;7.626994e-01;8.734112e-02;4.679694e-02;7.617056e-02;4.939437e-02;7.984048e-02;1.273512e-01;2.114752e+00;7.203931e+00;2.300978e-01;2.468211e+00;1.404258e-01;1.002979e+00;3.125170e-02;1.518189e-01;7.822244e-03;2.404762e-02;5.616999e-02;1.385796e-01;2.912073e-02;2.665060e-01;3.708401e-02;4.221372e-01;5.753526e-02;5.596600e-01;1.028243e-01;6.508481e-01;1.152674e-01;7.684230e-01;1.266723e-01;7.982247e-01;1.385719e-01;8.834677e-01;1.191838e-01;9.590086e-01;2.048886e-01;1.088253e+00;2.280790e-01;1.111100e+00;4.051814e-01;1.212594e+00;2.488429e-01;1.241853e+00;3.163119e-01;1.310481e+00;2.551347e-01;1.297354e+00;4.231834e-01;1.514224e+00;2.622229e-01;1.399399e+00;3.873646e-01;1.449986e+00;5.711533e-01;1.540908e+00;6.177291e-01;1.549913e+00;3.213652e-01;1.319054e+00;4.198502e-01;1.234009e+00;2.827938e-01;1.080099e+00;2.024593e-01;9.130272e-01;1.585118e-01;7.538797e-01;1.158938e-01;6.144630e-01;4.350012e-01;1.846694e+00;2.414959e-01;7.313691e-01;5.562369e+01;1.280508e+02;1.001065e+02;1.788691e+02;2.372161e+02;3.986514e+02;4.362968e+02;9.465996e+02;2.771202e-01;1.134729e+00;1.394587e+02;3.750850e+02;4.325603e-01;3.509086e+00;9.546575e+04;2.469112e+05;1.032581e+00;3.279763e+00;2.089131e+01;2.855282e+01;4.552619e-01;-1.132621e+00;1.211107e-01;3.430235e-01;4.533478e-01;1.206831e+00;3.086855e+00;4.157741e+01;5.306748e+00;-1.873852e+01;7.169322e+00;2.291177e+01;9.156681e+00;6.907250e+00;5.909665e+00;2.873403e+00;5.996270e+00;-4.813241e+00;8.538527e+00;-5.649314e+00;7.628501e+00;1.050541e+01;8.376441e+00;-1.558628e+00;1.014783e+01;-7.525355e+00;9.387667e+00;1.659309e+01;6.429700e+00;-6.363937e+00;8.448612e+00;-4.487410e+00;4.518129e+00;1.952535e+00;2.337670e-05;-2.281413e-08;5.897464e-08;-7.549477e-10;2.560629e-07;2.989235e-08;2.519746e-07;9.961453e-09;3.155048e-07;1.491505e-08;5.570992e-06;-1.451152e-07;7.450175e-02;-1.487412e-03;3.859828e-02;1.212236e-04;6.052465e-03;-2.831010e-04;1.141398e-03;3.363569e-05;1.046522e-02;-6.793774e-04;1.098617e-02;1.414697e-04;1.153711e-02;1.040369e-03;1.600437e-02;6.863897e-04;2.841865e-02;-1.023393e-04;3.393690e-02;1.676642e-03;3.647171e-02;2.315092e-03;3.906354e-02;1.633426e-03;3.907500e-02;3.434585e-04;7.528774e-02;-3.834755e-05;5.261958e-02;-1.916175e-03;9.048977e-02;-2.438883e-03;5.768997e-02;-1.999155e-03;8.720409e-02;6.872591e-04;7.723242e-02;9.257494e-05;1.161941e-01;2.956327e-03;7.096078e-02;-2.260417e-03;9.670532e-02;-7.287125e-05;1.439163e-01;1.343184e-04;1.485443e-01;2.268215e-03;7.762776e-02;4.649843e-04;9.282260e-02;-2.178567e-03;8.364086e-02;4.075008e-04;5.868255e-02;5.290036e-04;4.819474e-02;-2.076542e-04;3.594157e-02;-3.314124e-04;1.413554e-01;5.199398e-03;8.446579e-02;-2.282355e-03;9.896438e+00;6.172851e-01;1.991180e+01;1.119727e+00;5.207555e+01;9.187500e-01;8.526887e+01;2.038476e+00;8.756713e-02;-4.610487e-03;2.396834e+01;8.431772e-01;8.203223e-02;3.731262e-03;2.079070e+04;1.900050e+02;2.190066e-01;-1.590486e-03;6.457296e+00;-3.927543e-02;9.014247e-02;3.998159e-03;1.970137e-02;8.361412e-04;1.754496e-01;-2.023380e-03;7.401724e-01;1.570774e-03;1.351926e+00;1.022220e-02;1.665268e+00;4.921222e-03;1.780615e+00;-4.406478e-02;1.765147e+00;-1.604774e-01;1.748714e+00;-3.712518e-02;1.883821e+00;-3.336361e-02;2.266520e+00;-5.883639e-02;1.807150e+00;-1.860001e-01;2.102827e+00;-7.079366e-02;2.794300e+00;5.027301e-02;1.714141e+00;-1.910884e-01;2.265646e+00;-6.216069e-02;1.344201e+00;-5.999099e-02
288.500000;7.403890e+00;6.885316e+01;2.370706e-02;7.726648e-01;9.239336e-02;3.309139e-02;5.913655e-02;3.747503e-02;9.096429e-02;1.315448e-01;2.078295e+00;8.569836e+00;3.135405e-01;2.416348e+00;1.839422e-01;1.022622e+00;2.592591e-02;1.623898e-01;8.411685e-03;2.194382e-02;3.715140e-02;1.414276e-01;2.541700e-02;2.723284e-01;4.021254e-02;4.187646e-01;6.551029e-02;5.500185e-01;1.083697e-01;6.326515e-01;1.424794e-01;7.400359e-01;1.699103e-01;8.304277e-01;1.531583e-01;8.884372e-01;1.770244e-01;9.933745e-01;2.208822e-01;1.063613e+00;2.376701e-01;1.196949e+00;4.112183e-01;1.300531e+00;3.016981e-01;1.332651e+00;4.369290e-01;1.347678e+00;4.919956e-01;1.417011e+00;2.984646e-01;1.415950e+00;3.894769e-01;1.462607e+00;6.480640e-01;1.535412e+00;6.819168e-01;1.547288e+00;7.030382e-01;1.532763e+00;3.821880e-01;1.388118e+00;2.945789e-01;1.216093e+00;1.852520e-01;1.078308e+00;1.558504e-01;9.238173e-01;7.736521e-02;7.519084e-01;6.920692e-02;6.099979e-01;4.962208e-01;1.653784e+00;3.945789e-01;8.322682e-01;4.085915e+01;1.029287e+02;6.427837e+01;1.359463e+02;1.320388e+02;2.873965e+02;4.923753e+02;8.874551e+02;2.050815e-01;1.181284e+00;1.090225e+02;3.223912e+02;4.042260e-01;3.282608e+00;1.193518e+05;2.417663e+05;9.633136e-01;3.506108e+00;2.421125e+01;3.415382e+01;3.850963e-01;-1.278343e+00;8.943460e-02;2.910792e-01;3.537746e-01;1.124397e+00;3.202806e+00;4.109557e+01;4.425281e+00;-1.798065e+01;5.654913e+00;2.290525e+01;9.967556e+00;1.574256e+01;7.794076e+00;6.190636e+00;4.975009e+00;-2.244632e+00;7.143785e+00;-7.333722e+00;5.768291e+00;1.061952e+01;1.139721e+01;7.723649e-02;9.377004e+00;-4.415685e+00;9.877802e+00;1.680340e+01;4.460955e+00;-7.041862e+00;8.998070e+00;-1.461892e+00;4.396865e+00;2.920907e+00;1.572416e-05;1.654138e-06;5.826106e-08;-6.893298e-09;2.269984e-07;1.545679e-08;1.797580e-07;3.873168e-09;4.189507e-07;5.208676e-10;6.569878e-06;-4.585959e-07;8.013998e-02;2.811700e-03;4.279113e-02;1.727171e-03;5.691259e-03;-5.013851e-04;1.381387e-03;2.758881e-04;6.903806e-03;-8.418431e-04;8.940653e-03;-1.619770e-04;1.368858e-02;4.649391e-04;1.834120e-02;7.486779e-04;2.126247e-02;1.247392e-03;4.093483e-02;-1.190327e-03;3.836495e-02;1.766164e-03;3.587157e-02;2.284837e-03;4.155042e-02;2.295333e-03;7.161044e-02;-3.212246e-04;5.561566e-02;6.471521e-04;9.712941e-02;4.162067e-03;7.948209e-02;3.056534e-03;1.059396e-01;4.070086e-03;1.125194e-01;6.846547e-03;8.110856e-02;6.315699e-04;9.745310e-02;2.198634e-03;1.559932e-01;2.433554e-03;1.618280e-01;1.798264e-03;1.632900e-01;5.134408e-04;6.594167e-02;5.380628e-03;6.359348e-02;1.117227e-03;3.688779e-02;3.538401e-03;3.559016e-02;2.381640e-03;2.633144e-02;1.110011e-04;2.405461e-02;-2.722689e-04;1.434828e-01;-4.656004e-03;8.776940e-02;8.604890e-03;8.594119e+00;8.613281e-01;1.341427e+01;1.823145e+00;4.425415e+01;7.823730e+00;1.070713e+02;1.416885e+01;6.652793e-02;2.017987e-03;2.295223e+01;4.141782e+00;9.543820e-02;1.010842e-02;2.421021e+04;3.784912e+03;2.533318e-01;-3.187496e-02;7.976458e+00;-3.773958e-01;8.272647e-02;6.940260e-03;1.856306e-02;3.141282e-03;1.292810e-01;4.589837e-03;5.857999e-01;-6.015330e-02;1.256054e+00;-1.054396e-01;1.463432e+00;-6.729481e-02;1.987394e+00;1.397973e-01;1.749322e+00;5.342565e-02;1.274496e+00;-1.393168e-01;1.847805e+00;-6.532583e-02;1.776942e+00;-1.150068e-01;2.391235e+00;-8.160803e-03;2.061306e+00;-8.536829e-02;2.831645e+00;-1.212901e-01;1.241992e+00;-8.325198e-02;2.296208e+00;3.875753e-02;1.516343e+00;5.511133e-02
289.000000;1.093708e+01;6.989808e+01;2.565609e-02;7.696580e-01;1.340245e-01;6.521688e-02;1.578915e-01;1.020011e-01;1.206115e-01;1.727700e-01;2.520569e+00;7.919923e+00;3.304593e-01;2.543305e+00;1.721231e-01;1.047199e+00;2.792621e-02;1.577217e-01;8.832183e-03;2.448602e-02;4.196507e-02;1.403932e-01;4.098880e-02;2.780497e-01;4.118167e-02;4.286178e-01;7.034963e-02;5.589142e-01;1.305215e-01;6.951718e-01;1.724812e-01;8.041238e-01;1.328247e-01;9.185558e-01;1.781824e-01;9.380116e-01;2.156971e-01;1.023319e+00;1.957437e-01;1.063000e+00;2.094579e-01;1.142392e+00;4.356593e-01;1.221264e+00;3.004110e-01;1.256482e+00;3.716686e-01;1.333952e+00;4.837263e-01;1.406917e+00;2.466014e-01;1.439589e+00;3.608936e-01;1.554647e+00;6.071476e-01;1.558872e+00;5.849525e-01;1.573118e+00;5.862618e-01;1.542972e+00;3.649481e-01;1.509729e+00;2.560635e-01;1.347956e+00;1.657237e-01;1.159479e+00;1.435466e-01;9.515514e-01;7.808471e-02;7.672775e-01;7.114386e-02;6.128154e-01;6.037996e-01;1.828637e+00;4.083635e-01;8.670095e-01;5.285055e+01;1.192939e+02;8.538536e+01;1.738447e+02;2.535218e+02;3.774053e+02;5.071244e+02;9.865078e+02;2.915251e-01;1.321760e+00;1.376028e+02;3.717093e+02;4.455381e-01;3.461927e+00;1.227454e+05;2.732132e+05;9.770222e-01;3.316235e+00;1.928363e+01;2.837407e+01;4.193076e-01;-1.221062e+00;1.116686e-01;3.336701e-01;4.696100e-01;1.441410e+00;3.267674e+00;3.848977e+01;4.440451e+00;-1.733851e+01;5.352485e+00;2.352664e+01;1.159937e+01;1.110357e+01;6.903264e+00;5.744143e+00;6.232777e+00;-2.276218e+00;7.139553e+00;-2.021519e+00;5.551732e+00;8.539621e+00;1.156722e+01;-1.848423e+00;8.306541e+00;-5.504640e+00;9.622111e+00;1.422118e+01;3.517570e+00;-8.349915e+00;8.264255e+00;-4.601108e+00;5.595895e+00;-8.643475e-01;3.270429e-05;2.183561e-06;7.186350e-08;7.759731e-09;4.751659e-07;-2.679035e-08;5.505723e-07;-1.631976e-08;5.602088e-07;-4.729930e-09;7.874854e-06;6.594522e-07;8.562133e-02;2.731364e-03;4.216490e-02;-2.730479e-05;8.369203e-03;4.344276e-04;1.785250e-03;-1.296296e-04;1.088919e-02;7.107832e-04;1.353681e-02;-2.906125e-04;1.534025e-02;-5.609607e-04;2.432024e-02;-6.225702e-04;2.812003e-02;1.417171e-03;4.286728e-02;1.676928e-04;3.240171e-02;-3.140103e-04;5.513494e-02;-2.247186e-03;5.879731e-02;-1.465764e-03;6.473797e-02;-1.851081e-03;5.066834e-02;3.699374e-03;9.650131e-02;7.892522e-03;7.182098e-02;4.076590e-03;9.108169e-02;-3.354492e-03;1.103831e-01;-2.900165e-03;6.427876e-02;-1.577345e-03;9.757859e-02;1.608089e-03;1.505643e-01;-2.431900e-03;1.447402e-01;-2.014402e-03;1.388076e-01;-4.736881e-03;6.676210e-02;1.054177e-03;6.307399e-02;4.000374e-03;4.052675e-02;-2.700185e-04;3.625128e-02;-1.467577e-03;2.538083e-02;7.970134e-04;2.123279e-02;-2.879259e-05;1.838480e-01;1.431766e-03;1.008174e-01;2.011489e-03;1.323848e+01;-8.326172e-01;2.240695e+01;-1.449902e+00;6.584357e+01;-5.742188e-01;1.320039e+02;-5.067481e+00;1.046965e-01;9.087636e-04;3.435946e+01;-1.510489e+00;1.160472e-01;-3.342983e-03;2.983898e+04;-9.892300e+02;2.912539e-01;6.567876e-03;6.215941e+00;9.472200e-02;1.324717e-01;-6.872093e-03;2.800206e-02;-1.343171e-03;1.489306e-01;5.546738e-04;6.704784e-01;-2.111126e-02;1.124414e+00;2.711764e-02;1.432495e+00;-2.635279e-02;1.913430e+00;3.505460e-02;1.558997e+00;1.246907e-01;1.714225e+00;-7.005892e-02;1.717957e+00;3.528238e-02;1.928061e+00;2.956402e-02;2.878647e+00;2.806144e-01;2.080629e+00;2.808984e-01;2.490352e+00;-1.135399e-01;1.214016e+00;7.964448e-02;2.258396e+00;8.466000e-02;1.525764e+00;3.861738e-02
289.500000;1.656616e+01;8.106691e+01;2.373074e-02;7.749864e-01;1.209480e-01;5.610674e-02;1.610361e-01;7.987626e-02;1.169612e-01;1.652737e-01;2.254471e+00;7.660377e+00;2.401114e-01;2.737383e+00;7.548422e-02;1.040328e+00;2.759267e-02;1.492786e-01;8.086303e-03;2.753968e-02;5.213844e-02;1.312923e-01;4.203551e-02;2.787150e-01;3.600895e-02;4.269126e-01;7.315794e-02;5.709813e-01;1.467396e-01;7.369812e-01;1.550184e-01;8.317583e-01;8.947108e-02;8.973605e-01;1.982259e-01;1.002746e+00;2.072719e-01;1.062190e+00;1.780928e-01;1.049930e+00;1.812335e-01;1.092600e+00;3.533608e-01;1.188038e+00;2.144710e-01;1.185244e+00;2.023726e-01;1.295859e+00;2.447018e-01;1.360698e+00;1.408357e-01;1.419488e+00;1.968000e-01;1.493608e+00;2.229911e-01;1.551741e+00;3.058024e-01;1.561913e+00;3.078158e-01;1.524634e+00;2.253067e-01;1.471288e+00;2.121954e-01;1.356908e+00;1.385011e-01;1.162734e+00;1.416901e-01;9.784127e-01;1.039152e-01;7.826579e-01;8.378083e-02;6.338248e-01;5.489712e-01;2.287667e+00;2.782297e-01;8.161133e-01;5.851258e+01;1.447031e+02;8.899881e+01;2.207871e+02;2.315737e+02;4.822002e+02;4.116236e+02;1.106950e+03;3.481618e-01;1.243753e+00;1.297172e+02;4.326326e+02;3.881378e-01;3.764925e+00;9.170379e+04;2.985659e+05;8.018982e-01;3.092660e+00;1.044410e+01;2.147046e+01;4.216253e-01;-1.097760e+00;1.078169e-01;3.919496e-01;3.895060e-01;1.572200e+00;2.280864e+00;3.569762e+01;3.402374e+00;-1.628310e+01;5.520062e+00;2.217501e+01;5.835108e+00;2.701129e+00;4.968399e+00;2.251519e+00;6.587636e+00;-4.408040e+00;7.460563e+00;-1.275728e-01;1.022550e+01;6.593952e+00;9.051500e+00;-3.306057e+00;9.674187e+00;-6.618319e+00;9.399714e+00;1.213652e+01;6.698969e+00;-8.786313e+00;5.648268e+00;-6.030600e+00;5.564549e+00;-9.334635e-01;3.286551e-05;1.480817e-06;6.829882e-08;8.338980e-09;4.688185e-07;-5.093137e-08;5.424746e-07;-1.782341e-08;4.526322e-07;-4.528312e-09;7.813122e-06;4.254154e-07;7.115263e-02;2.657425e-03;2.473008e-02;-1.222068e-03;8.003309e-03;3.036387e-04;1.621896e-03;-2.282691e-04;1.178593e-02;7.148250e-04;1.326655e-02;6.331318e-04;1.303231e-02;-7.849540e-04;2.353611e-02;-1.998315e-03;3.889509e-02;2.768197e-04;3.919408e-02;1.881063e-03;2.266427e-02;3.914777e-04;5.879043e-02;-1.427856e-03;5.968166e-02;-2.819920e-03;6.010912e-02;9.236144e-04;3.610786e-02;1.167258e-03;7.510948e-02;6.830887e-05;5.065884e-02;-3.183211e-04;6.252006e-02;-3.320061e-03;6.951129e-02;-4.839740e-03;4.141860e-02;-3.518065e-03;5.957283e-02;-2.819705e-03;5.548042e-02;-2.157889e-03;8.710059e-02;-1.332793e-03;8.929876e-02;-2.026598e-03;5.409995e-02;-2.551087e-03;5.571269e-02;3.699618e-04;3.978981e-02;-3.878239e-03;3.288669e-02;-2.589468e-03;2.759046e-02;-2.023195e-03;2.235720e-02;2.059592e-04;2.061400e-01;8.148575e-03;9.705435e-02;-3.123639e-03;1.378630e+01;-5.024414e-01;2.362963e+01;-8.326172e-01;5.870800e+01;-5.196680e+00;1.149620e+02;-7.952929e+00;1.193315e-01;-2.822409e-03;3.181959e+01;-2.197754e+00;1.118151e-01;-4.104783e-03;2.562570e+04;-2.123749e+03;2.548735e-01;1.214595e-02;3.708185e+00;6.531411e-02;1.299531e-01;-4.856248e-03;2.627528e-02;-1.501442e-03;1.260736e-01;7.336773e-03;5.431380e-01;1.159344e-02;9.050534e-01;8.242691e-02;1.198885e+00;4.410821e-03;1.497471e+00;-1.097160e-01;1.483328e+00;-4.417528e-02;1.775936e+00;7.858813e-02;1.670055e+00;6.375261e-02;2.404482e+00;1.274069e-01;2.722193e+00;5.161517e-02;1.875310e+00;1.620478e-01;2.631717e+00;2.248837e-03;1.553064e+00;6.841871e-02;1.683871e+00;-1.241575e-01;1.234722e+00;-7.285453e-02
290.000000;5.596648e+01;1.140948e+02;1.892841e-02;7.837282e-01;9.515573e-02;4.935249e-02;1.131550e-01;3.824781e-02;1.241778e-01;1.545494e-01;2.995699e+00;7.216829e+00;3.081446e-01;2.701293e+00;1.161023e-01;1.000594e+00;2.667765e-02;1.459322e-01;8.964948e-03;3.002394e-02;5.070116e-02;1.295263e-01;4.115913e-02;2.668818e-01;4.577512e-02;4.203029e-01;8.392261e-02;5.723622e-01;1.346138e-01;6.550331e-01;1.654990e-01;7.706274e-01;1.826708e-01;8.553487e-01;1.987466e-01;9.449877e-01;1.958825e-01;1.013919e+00;2.254215e-01;1.058204e+00;1.791863e-01;1.117824e+00;3.142883e-01;1.211254e+00;1.446641e-01;1.221856e+00;3.230180e-01;1.284163e+00;3.454830e-01;1.391056e+00;2.372254e-01;1.330973e+00;2.253121e-01;1.413468e+00;2.603610e-01;1.486095e+00;3.678152e-01;1.484609e+00;3.205040e-01;1.421019e+00;2.661367e-01;1.347942e+00;2.441671e-01;1.227819e+00;1.894636e-01;1.085497e+00;1.955361e-01;9.425197e-01;1.337807e-01;7.437656e-01;1.138600e-01;6.183866e-01;6.623578e-01;2.521987e+00;3.151867e-01;8.308367e-01;7.062701e+01;1.569053e+02;1.108700e+02;2.466270e+02;2.777410e+02;5.226826e+02;4.453289e+02;1.147576e+03;2.704457e-01;1.072896e+00;1.596229e+02;4.548317e+02;4.486163e-01;3.765149e+00;1.114401e+05;2.977502e+05;1.127294e+00;3.114231e+00;2.511838e+01;2.615866e+01;3.891151e-01;-1.047485e+00;1.277268e-01;4.119788e-01;5.829639e-01;1.681503e+00;3.047284e+00;3.600860e+01;4.583571e+00;-1.538701e+01;4.632820e+00;1.996236e+01;6.964885e+00;4.464548e+00;6.958804e+00;1.960551e+00;5.915768e+00;-4.534823e+00;7.912230e+00;-2.275559e+00;1.131009e+01;5.519613e+00;6.506055e+00;-2.179030e+00;9.866434e+00;-9.690691e+00;9.148104e+00;8.648051e+00;7.170059e+00;-8.797201e+00;8.974392e+00;-5.953852e+00;6.594176e+00;1.742446e+00;8.389237e-05;2.669129e-05;6.202058e-08;-3.829590e-09;3.400995e-07;-4.780293e-09;4.993867e-07;3.850677e-09;4.275747e-07;3.956744e-09;7.829040e-06;-1.203198e-06;6.988850e-02;1.482790e-04;2.806086e-02;1.120415e-03;5.278354e-03;-5.713692e-04;1.669589e-03;2.137818e-04;8.600734e-03;-9.164852e-04;6.900187e-03;-8.485273e-04;1.176263e-02;8.725167e-05;1.864115e-02;5.629774e-04;3.280181e-02;-1.085672e-03;3.263516e-02;1.042698e-03;2.809381e-02;3.324917e-03;4.053326e-02;1.882084e-03;4.495670e-02;1.616917e-03;5.635147e-02;2.218870e-03;3.984739e-02;-2.453062e-03;9.200605e-02;-2.563742e-03;4.657428e-02;1.141399e-05;8.770887e-02;3.660281e-03;9.766821e-02;3.052251e-03;5.848855e-02;1.318222e-04;5.750499e-02;3.923673e-03;6.175132e-02;5.179454e-03;9.710012e-02;3.957756e-03;8.651945e-02;5.164091e-03;5.706358e-02;-1.202582e-03;5.670121e-02;-2.253714e-03;5.425179e-02;8.229057e-04;5.168719e-02;8.460893e-04;3.147592e-02;1.578326e-03;3.194141e-02;1.390819e-03;1.796828e-01;3.949323e-03;1.142087e-01;1.643291e-04;1.409659e+01;1.851856e+00;2.421575e+01;2.555274e+00;7.435391e+01;3.488379e+00;1.137871e+02;1.023545e+01;9.635855e-02;-1.641915e-03;3.628088e+01;3.394571e+00;1.028174e-01;7.096488e-03;2.972065e+04;1.796458e+03;3.182590e-01;-1.281626e-02;7.777635e+00;-1.306184e-01;8.085103e-02;8.020425e-03;2.768125e-02;2.950105e-03;1.431426e-01;7.571888e-04;7.889073e-01;-5.695632e-02;1.172060e+00;-3.812250e-02;1.068524e+00;-1.095146e-01;1.529476e+00;-7.772830e-02;1.635564e+00;-2.056781e-01;1.481512e+00;3.086511e-02;1.729287e+00;-1.189496e-01;2.142978e+00;-1.267836e-01;2.170740e+00;-1.312180e-01;2.261618e+00;-3.363846e-01;2.589740e+00;-8.764160e-02;1.580940e+00;-4.103566e-02;1.997067e+00;-1.491540e-01;1.580747e+00;-6.657582e-02
290.500000;6.562122e+01;1.329727e+02;1.870723e-02;7.749321e-01;9.873542e-02;6.655110e-02;1.444053e-01;8.202676e-02;1.147123e-01;1.494320e-01;2.936944e+00;6.549572e+00;2.675999e-01;2.591012e+00;1.212860e-01;1.001042e+00;2.654034e-02;1.459183e-01;8.378294e-03;2.885487e-02;5.734185e-02;1.479144e-01;7.245442e-02;2.830755e-01;4.210250e-02;4.229119e-01;8.685256e-02;5.532144e-01;6.225109e-02;6.274579e-01;1.362014e-01;7.392645e-01;1.869767e-01;8.944228e-01;1.100886e-01;8.578387e-01;1.767865e-01;9.595953e-01;2.321661e-01;1.041074e+00;1.574604e-01;1.092025e+00;4.260133e-01;1.243424e+00;1.710516e-01;1.243171e+00;3.329632e-01;1.299331e+00;3.725817e-01;1.355500e+00;2.444932e-01;1.392411e+00;2.218338e-01;1.479555e+00;2.959512e-01;1.466704e+00;4.306833e-01;1.492943e+00;3.682332e-01;1.448186e+00;2.585943e-01;1.361925e+00;1.867713e-01;1.210470e+00;1.746728e-01;1.092012e+00;1.728866e-01;9.289845e-01;1.322644e-01;7.659288e-01;1.167746e-01;6.277690e-01;7.803288e-01;2.225411e+00;3.461060e-01;8.203490e-01;7.662379e+01;1.536035e+02;1.134921e+02;2.262422e+02;2.944753e+02;4.619590e+02;4.863725e+02;1.142839e+03;2.234185e-01;1.039314e+00;1.678165e+02;4.360562e+02;4.390494e-01;3.563383e+00;1.222563e+05;2.917392e+05;1.246282e+00;3.233901e+00;2.644285e+01;2.846604e+01;3.821260e-01;-1.044324e+00;1.347941e-01;3.937579e-01;5.555648e-01;1.879988e+00;3.381123e+00;3.537633e+01;5.453314e+00;-1.397073e+01;5.019796e+00;2.026492e+01;8.188958e+00;9.713493e+00;8.181405e+00;3.923736e-01;7.146697e+00;-2.533786e+00;8.062722e+00;-1.757355e+00;8.254927e+00;6.033144e+00;1.005643e+01;2.796482e+00;8.134527e+00;-1.101025e+01;9.135116e+00;4.774335e+00;5.131671e+00;-9.884478e+00;9.650025e+00;-6.302823e+00;6.515461e+00;4.071480e-01;1.386582e-04;1.302980e-06;5.277090e-08;-1.240660e-09;4.114688e-07;3.238698e-11;6.268332e-07;1.821849e-11;4.377410e-07;6.182595e-09;6.853894e-06;-1.276677e-07;6.292628e-02;-5.956828e-04;2.718239e-02;1.153346e-03;6.201311e-03;5.075495e-05;1.672553e-03;-1.637693e-06;1.135366e-02;-3.133503e-04;1.473535e-02;-9.366328e-05;9.638228e-03;-3.102986e-04;1.610360e-02;3.031489e-04;1.517356e-02;-9.727367e-04;2.192043e-02;-1.256249e-03;2.787495e-02;-1.144556e-03;2.851656e-02;7.790737e-05;4.775514e-02;6.865701e-05;4.855512e-02;4.911624e-04;4.182539e-02;8.781787e-04;1.197920e-01;2.401213e-04;5.061171e-02;-4.181303e-05;8.379247e-02;2.651574e-03;9.819461e-02;3.887139e-03;5.865387e-02;3.479217e-03;4.988713e-02;3.205147e-03;6.979831e-02;6.088421e-03;1.017053e-01;3.280039e-03;8.688009e-02;2.205304e-03;4.753133e-02;2.513393e-03;4.646034e-02;-3.169593e-07;4.832169e-02;2.510780e-03;4.760716e-02;9.874577e-04;2.695042e-02;2.393139e-03;2.972581e-02;-1.140807e-03;1.315030e-01;-1.453090e-02;1.145971e-01;1.216202e-03;1.441921e+01;-1.435547e-01;2.178534e+01;-5.742188e-01;7.452476e+01;-2.512207e+00;1.187282e+02;1.306348e+00;8.225420e-02;6.620637e-04;3.756510e+01;-4.645311e-01;9.931605e-02;-5.900197e-03;3.169864e+04;6.534749e+02;3.512740e-01;1.264903e-03;8.501353e+00;2.117650e-03;1.014725e-01;-1.088585e-03;2.875527e-02;-6.150332e-04;1.564721e-01;-3.279553e-03;7.920708e-01;-6.214748e-02;1.254445e+00;1.328373e-03;1.124176e+00;5.957064e-02;1.663081e+00;9.781632e-02;1.703174e+00;1.227849e-02;1.440976e+00;6.832745e-02;1.736450e+00;5.085006e-02;1.709911e+00;-4.953525e-02;2.376886e+00;1.975573e-01;2.148231e+00;-6.985538e-02;2.183368e+00;-9.407306e-03;1.309440e+00;-9.904297e-02;2.056535e+00;7.299843e-02;1.565482e+00;-4.251276e-02
291.000000;4.331746e+01;1.175633e+02;1.523362e-02;7.645887e-01;9.057294e-02;7.046774e-02;1.092883e-01;9.276639e-02;7.893533e-02;1.373693e-01;1.930668e+00;7.040144e+00;2.735730e-01;2.774417e+00;8.365341e-02;1.044464e+00;2.335188e-02;1.534325e-01;4.357758e-03;2.771983e-02;5.350550e-02;1.488497e-01;6.310394e-02;2.922155e-01;3.409078e-02;4.216030e-01;7.060409e-02;5.497477e-01;4.392472e-02;6.618689e-01;1.236034e-01;8.088915e-01;6.897692e-02;9.283581e-01;1.069127e-01;9.389981e-01;1.733808e-01;1.002497e+00;2.308229e-01;1.066962e+00;1.850511e-01;1.123611e+00;3.532235e-01;1.220349e+00;1.858616e-01;1.230646e+00;2.168127e-01;1.357628e+00;2.795691e-01;1.382387e+00;1.258700e-01;1.458643e+00;2.159720e-01;1.479761e+00;2.538247e-01;1.544654e+00;3.528833e-01;1.559047e+00;3.541218e-01;1.520965e+00;2.231154e-01;1.531751e+00;2.142939e-01;1.398812e+00;1.499598e-01;1.131738e+00;1.607610e-01;9.439724e-01;1.007283e-01;8.068803e-01;1.014379e-01;6.452174e-01;5.756674e-01;1.929795e+00;3.559877e-01;9.299219e-01;5.972203e+01;1.342236e+02;8.000982e+01;1.926504e+02;1.519275e+02;4.296592e+02;3.737854e+02;1.169540e+03;2.255009e-01;1.055912e+00;1.035175e+02;4.287447e+02;3.286559e-01;3.556054e+00;8.399574e+04;3.178702e+05;7.632378e-01;3.052624e+00;1.206092e+01;2.101159e+01;3.455047e-01;-1.135734e+00;9.039758e-02;3.857697e-01;4.206703e-01;1.941296e+00;1.531329e+00;3.279994e+01;3.722692e+00;-1.324086e+01;5.952054e+00;2.155102e+01;7.089856e+00;8.330843e+00;6.863193e+00;-7.122431e-01;7.109426e+00;-2.599713e+00;8.224797e+00;4.406787e+00;7.903035e+00;1.197053e+01;9.629742e+00;6.691491e+00;7.458405e+00;-6.381884e+00;9.376539e+00;2.741302e+00;4.193966e+00;-1.219864e+01;7.728564e+00;-9.328396e+00;5.588009e+00;-3.728187e+00;1.061285e-04;-2.366729e-05;4.600248e-08;-6.946462e-10;3.893455e-07;-7.072269e-10;4.390309e-07;1.468045e-08;3.305853e-07;-1.163595e-08;6.169044e-06;6.525364e-07;5.772210e-02;5.225890e-03;2.076705e-02;-7.514445e-05;7.684656e-03;5.042847e-04;1.123923e-03;-9.271857e-05;1.293238e-02;8.380932e-04;1.509193e-02;1.008905e-03;1.010293e-02;-2.057776e-04;1.383901e-02;4.409802e-04;1.151789e-02;4.325160e-04;2.317591e-02;-9.377163e-04;1.540782e-02;-3.403711e-03;3.044349e-02;-9.542329e-04;5.519357e-02;-2.759691e-03;4.958823e-02;3.442899e-03;4.441002e-02;3.809368e-03;1.056386e-01;-1.140905e-03;4.754516e-02;2.043634e-03;4.710196e-02;-9.331828e-04;6.190563e-02;9.577124e-04;3.557626e-02;5.208823e-04;5.380276e-02;-6.488341e-03;7.671870e-02;-5.025413e-03;7.031567e-02;-2.053062e-04;7.663217e-02;2.185620e-03;4.497079e-02;2.408683e-03;5.119239e-02;1.662267e-03;4.269444e-02;7.043572e-04;3.106027e-02;3.230776e-03;2.432415e-02;-2.040265e-03;2.024180e-02;-1.545919e-03;1.172941e-01;8.430047e-04;1.036675e-01;6.130428e-03;1.252768e+01;-1.521680e+00;2.125158e+01;-1.622168e+00;4.619852e+01;-1.004883e+00;1.118211e+02;-3.000293e+00;7.938685e-02;1.072934e-03;2.924902e+01;-1.595948e+00;9.528712e-02;-1.499757e-03;2.360471e+04;-1.669018e+02;2.293846e-01;3.694822e-03;3.976831e+00;4.127046e-02;1.230632e-01;-7.472980e-03;2.469695e-02;-1.460745e-03;1.507134e-01;1.023297e-02;4.270280e-01;-6.247814e-03;8.792016e-01;7.273857e-02;1.413697e+00;7.270239e-02;1.333038e+00;5.557106e-02;1.713356e+00;2.344974e-01;1.564362e+00;-7.256699e-02;1.649687e+00;2.076492e-01;1.609352e+00;1.635245e-01;2.287140e+00;7.591307e-02;1.353310e+00;2.316152e-01;2.176981e+00;1.322285e-01;1.367054e+00;-1.045629e-01;1.398322e+00;-1.830885e-03;1.512617e+00;-1.907605e-03
291.500000;1.075338e+01;9.923365e+01;1.880839e-02;7.562792e-01;7.552995e-02;7.937229e-02;9.216195e-02;9.156737e-02;1.009829e-01;1.535761e-01;1.673315e+00;6.195606e+00;2.164772e-01;2.976107e+00;6.345309e-02;1.035877e+00;2.648784e-02;1.511278e-01;8.603238e-03;3.328420e-02;4.499650e-02;1.295142e-01;2.856256e-02;2.701044e-01;3.979478e-02;4.211986e-01;5.732533e-02;5.719080e-01;1.033684e-01;7.018023e-01;1.780000e-01;8.170299e-01;7.438756e-02;8.542976e-01;1.383639e-01;9.671799e-01;1.511736e-01;1.005891e+00;2.319801e-01;1.096724e+00;2.050156e-01;1.134396e+00;3.327044e-01;1.203625e+00;1.909863e-01;1.233000e+00;1.609310e-01;1.307775e+00;2.063242e-01;1.360520e+00;1.837203e-01;1.451517e+00;2.957612e-01;1.496717e+00;1.766034e-01;1.542696e+00;2.438057e-01;1.517231e+00;3.229365e-01;1.487985e+00;2.275469e-01;1.471367e+00;2.278378e-01;1.391724e+00;2.242858e-01;1.166888e+00;1.715218e-01;9.331371e-01;8.803949e-02;7.804094e-01;1.060124e-01;6.181696e-01;7.358899e-01;2.095219e+00;3.460995e-01;1.071585e+00;5.994521e+01;1.474307e+02;1.227884e+02;2.416025e+02;2.919380e+02;6.147012e+02;3.954645e+02;1.302615e+03;3.331827e-01;1.151777e+00;1.453041e+02;5.077898e+02;3.741509e-01;3.839197e+00;1.127913e+05;4.012862e+05;6.364272e-01;2.766701e+00;6.686478e+00;1.714319e+01;3.966816e-01;-1.109413e+00;1.143325e-01;4.443500e-01;5.241471e-01;1.832970e+00;3.038962e+00;3.012621e+01;2.923353e+00;-1.316843e+01;5.146359e+00;2.209671e+01;4.040250e+00;3.685910e+00;5.756650e+00;-4.163478e-01;6.817580e+00;-5.757353e+00;5.540886e+00;7.915410e+00;1.251061e+01;9.604659e+00;6.463835e+00;5.333557e+00;6.015521e+00;-5.014612e+00;1.346184e+01;-6.190743e-01;6.210637e+00;-9.902624e+00;6.307548e+00;-1.164794e+01;4.495237e+00;-5.405340e+00;2.150452e-05;-4.345655e-06;5.179806e-08;3.040373e-10;3.253619e-07;5.761280e-09;3.442603e-07;9.368656e-09;4.201945e-07;-2.686172e-09;5.259261e-06;1.764695e-07;6.858105e-02;6.296083e-04;1.956304e-02;-1.252627e-03;7.629381e-03;1.749266e-04;1.364297e-03;3.287981e-05;1.076693e-02;1.030935e-03;9.181858e-03;-2.478720e-04;1.115956e-02;8.855425e-05;1.589964e-02;5.625769e-04;2.541143e-02;1.550344e-03;4.696773e-02;-1.027458e-03;1.536040e-02;-1.500242e-03;3.663184e-02;1.655248e-03;5.182032e-02;1.374657e-03;6.152227e-02;2.863128e-03;5.200156e-02;-1.460136e-03;9.155118e-02;-3.086737e-03;4.595900e-02;6.185313e-05;3.489089e-02;-3.646173e-03;5.484933e-02;-5.313238e-03;6.179610e-02;-1.743315e-03;6.509655e-02;-3.163421e-03;6.682923e-02;-4.098865e-03;5.655246e-02;-3.839494e-03;6.605306e-02;2.022026e-04;6.053232e-02;-7.011826e-03;6.013852e-02;-2.131155e-03;4.959483e-02;-1.901043e-03;4.080106e-02;-1.345792e-03;2.710023e-02;-8.602591e-04;2.341265e-02;4.192124e-04;2.293834e-01;3.870680e-03;1.073273e-01;-8.249123e-04;1.359210e+01;-2.153320e-01;3.266910e+01;-3.732422e-01;6.088980e+01;-8.613281e-02;1.119063e+02;-2.957227e+00;1.117201e-01;2.113380e-03;3.369364e+01;-6.109636e-01;9.777372e-02;1.798990e-03;2.476491e+04;-5.638326e+02;1.803301e-01;7.685480e-03;2.010568e+00;1.249845e-01;1.159186e-01;-1.406411e-03;2.743897e-02;-4.836391e-04;1.900088e-01;-8.463157e-03;5.080824e-01;-1.590845e-03;8.737506e-01;3.046378e-02;1.268809e+00;-6.327048e-02;1.283078e+00;-5.775716e-02;1.817907e+00;5.608099e-02;1.841811e+00;-2.432841e-03;1.801817e+00;-2.397557e-02;2.115384e+00;-1.545364e-01;1.866792e+00;-4.723781e-02;1.480547e+00;1.737950e-02;2.668982e+00;-6.348022e-02;1.694406e+00;2.120199e-01;1.415859e+00;4.978961e-02;1.509005e+00;1.172007e-01
292.000000;1.389126e+01;8.207105e+01;2.131619e-02;7.641098e-01;6.346203e-02;5.138700e-02;8.655966e-02;5.626292e-02;9.360143e-02;1.429644e-01;1.924704e+00;6.866759e+00;1.694462e-01;2.969233e+00;5.185376e-02;1.009249e+00;2.751782e-02;1.587475e-01;9.089503e-03;3.401108e-02;4.637180e-02;1.434646e-01;2.363359e-02;2.641767e-01;3.371057e-02;4.156873e-01;5.347507e-02;5.676969e-01;1.156116e-01;6.986665e-01;1.828438e-01;7.490903e-01;6.889695e-02;8.055642e-01;1.442613e-01;9.129454e-01;1.426735e-01;9.754590e-01;1.866393e-01;1.061251e+00;1.849257e-01;1.145045e+00;3.151495e-01;1.206371e+00;1.632801e-01;1.252705e+00;1.533426e-01;1.241095e+00;1.538646e-01;1.296414e+00;1.943063e-01;1.427792e+00;2.423341e-01;1.530158e+00;1.526110e-01;1.522081e+00;2.084335e-01;1.471359e+00;2.603030e-01;1.460054e+00;2.208484e-01;1.360215e+00;1.645228e-01;1.256432e+00;2.120613e-01;1.162410e+00;1.353512e-01;9.485792e-01;8.020979e-02;7.585813e-01;9.267923e-02;6.071777e-01;7.639761e-01;2.167426e+00;2.841323e-01;1.025693e+00;6.609193e+01;1.283379e+02;1.339127e+02;2.025557e+02;3.419254e+02;5.196680e+02;4.454986e+02;1.155615e+03;3.080902e-01;1.256767e+00;1.746526e+02;4.519746e+02;4.436430e-01;3.711522e+00;1.255735e+05;3.912761e+05;8.946148e-01;3.217463e+00;1.101457e+01;2.256853e+01;4.137918e-01;-1.225538e+00;1.409124e-01;3.912156e-01;4.695819e-01;1.462319e+00;2.342865e+00;2.866992e+01;2.945086e+00;-1.161535e+01;3.770602e+00;2.222221e+01;5.344175e+00;5.401833e+00;5.751782e+00;4.771317e-01;6.860604e+00;-4.219436e+00;6.023723e+00;4.886542e+00;9.642453e+00;3.093776e-01;7.520661e+00;9.615113e+00;7.460460e+00;-3.816596e+00;1.215280e+01;2.812187e-01;7.698962e+00;-2.786959e+00;5.046914e+00;-7.594100e+00;4.122079e+00;-1.587318e+00;2.136928e-05;-4.064115e-06;5.178855e-08;-4.907816e-09;2.261370e-07;3.126009e-09;2.844299e-07;-2.160075e-09;4.127785e-07;1.428820e-08;4.291282e-06;-2.222663e-07;5.840408e-02;-1.125939e-03;1.577689e-02;1.327872e-04;5.978703e-03;-3.570621e-04;1.607028e-03;2.001764e-04;8.577758e-03;-5.177363e-04;7.230238e-03;-6.818008e-04;1.076421e-02;6.730636e-04;1.676598e-02;-5.018194e-04;2.663896e-02;-1.953129e-03;5.362500e-02;-5.957040e-04;2.096525e-02;1.778026e-03;2.975614e-02;1.781845e-03;4.716352e-02;2.898265e-03;5.926058e-02;-1.672362e-03;5.276464e-02;-5.430837e-03;7.449389e-02;-2.253838e-03;4.377573e-02;-3.831221e-03;5.863107e-02;-6.849926e-05;5.440939e-02;-3.320235e-03;6.558582e-02;-1.217187e-03;4.775725e-02;5.286293e-03;4.844042e-02;4.766546e-03;5.728698e-02;2.340960e-03;6.533515e-02;2.962056e-03;7.699130e-02;6.615316e-04;6.306995e-02;2.891885e-03;4.786832e-02;2.018924e-03;4.292305e-02;-2.613103e-03;2.511384e-02;-5.793086e-04;2.306818e-02;6.298714e-04;2.569821e-01;-4.345564e-03;8.758190e-02;-4.589760e-03;1.088818e+01;7.177734e-02;2.819260e+01;9.331055e-01;5.559244e+01;1.320703e+00;9.250758e+01;2.311230e+00;1.096625e-01;-2.030901e-04;2.861251e+01;1.324075e+00;9.224700e-02;4.005334e-03;2.556601e+04;2.629119e+03;1.727595e-01;1.293034e-03;2.546783e+00;2.826235e-04;8.968578e-02;5.399037e-03;2.242287e-02;8.426317e-04;1.696861e-01;-1.006856e-02;4.920820e-01;-8.090510e-02;7.785503e-01;1.901575e-02;9.589666e-01;1.870858e-02;1.570997e+00;-1.355072e-01;1.840198e+00;-7.325295e-02;1.953407e+00;1.085293e-01;1.720294e+00;-4.312941e-02;2.093675e+00;-2.176658e-01;2.086400e+00;1.007495e-01;2.035420e+00;-1.021232e-01;2.301036e+00;-2.277686e-01;1.911086e+00;2.132995e-01;1.472198e+00;5.480067e-02;1.152321e+00;2.121214e-02
292.500000;7.894936e+01;1.019630e+02;2.225632e-02;7.723520e-01;9.084066e-02;4.928777e-02;1.127940e-01;5.397198e-02;6.194158e-02;1.294199e-01;7.453477e+00;6.315543e+00;2.289699e-01;2.834364e+00;7.766160e-02;9.617338e-01;2.619925e-02;1.640899e-01;9.920045e-03;3.022550e-02;5.902956e-02;1.529082e-01;5.668152e-02;2.739998e-01;3.116125e-02;4.193746e-01;5.471487e-02;5.475344e-01;6.192909e-02;6.676079e-01;1.374133e-01;7.378365e-01;1.427752e-01;8.037648e-01;1.082189e-01;8.860357e-01;1.563269e-01;9.531257e-01;1.438103e-01;1.022723e+00;1.851307e-01;1.171383e+00;2.976246e-01;1.217875e+00;2.320239e-01;1.259581e+00;2.093080e-01;1.253600e+00;1.554697e-01;1.261267e+00;2.078102e-01;1.311755e+00;1.635361e-01;1.370565e+00;2.366839e-01;1.393166e+00;2.719509e-01;1.372795e+00;2.931459e-01;1.383685e+00;3.132409e-01;1.328113e+00;2.554038e-01;1.143355e+00;2.182918e-01;9.843170e-01;1.529782e-01;8.401140e-01;1.221217e-01;6.875140e-01;8.693235e-02;5.610823e-01;6.226039e-01;2.006505e+00;2.321332e-01;9.524159e-01;7.876889e+01;1.184326e+02;1.243163e+02;1.669541e+02;2.558256e+02;3.761133e+02;4.930716e+02;1.051825e+03;2.717634e-01;1.239960e+00;1.797807e+02;3.941323e+02;4.918264e-01;3.491525e+00;1.536073e+05;3.468186e+05;7.808024e-01;3.503947e+00;1.182822e+01;2.694190e+01;3.711811e-01;-1.301687e+00;1.462720e-01;3.432191e-01;3.368018e-01;1.278890e+00;4.746965e+00;3.027433e+01;3.395668e+00;-1.252928e+01;3.441696e+00;2.259643e+01;1.023979e+01;7.170404e+00;8.407900e+00;2.803837e+00;5.852508e+00;-3.193876e+00;6.454733e+00;-8.001312e-01;6.794767e+00;-4.607916e-01;8.842150e+00;1.105262e+01;7.813299e+00;-8.390851e-02;7.127797e+00;1.081156e+00;8.284553e+00;-3.160496e+00;7.551682e+00;-3.664145e+00;4.987059e+00;-1.260179e+00;1.745355e-04;9.287570e-06;4.435363e-08;-4.708206e-10;1.932914e-07;-3.994808e-08;3.175205e-07;-2.568595e-08;2.772116e-07;1.536624e-09;2.677851e-05;1.093939e-07;5.696693e-02;9.674253e-04;2.055469e-02;1.071405e-03;5.089017e-03;2.479080e-05;1.556336e-03;2.078608e-05;1.088787e-02;-8.756873e-04;1.375058e-02;2.793035e-05;1.001342e-02;1.351699e-04;1.558631e-02;-5.525107e-04;1.338264e-02;-1.275756e-03;3.791386e-02;8.830885e-04;2.587540e-02;2.047494e-04;2.222450e-02;-1.514821e-03;5.098822e-02;-5.559299e-04;5.027102e-02;-8.247162e-04;5.351375e-02;3.339534e-04;7.564136e-02;2.531463e-03;6.576324e-02;9.470274e-04;7.426676e-02;3.969428e-03;6.341270e-02;6.142647e-03;5.243096e-02;1.884347e-03;3.874744e-02;4.401092e-03;5.717561e-02;4.780744e-03;7.827643e-02;5.219189e-03;8.821863e-02;4.535486e-04;7.619685e-02;-8.267556e-05;6.940497e-02;2.799390e-03;5.022437e-02;-1.082648e-04;3.856921e-02;1.995474e-04;2.793790e-02;-1.081390e-03;2.336624e-02;-1.850400e-04;1.705974e-01;-5.372842e-04;9.375013e-02;6.431700e-03;1.381449e+01;-1.004883e-01;1.910244e+01;-4.306640e-02;5.235749e+01;-5.742187e-02;1.067645e+02;5.928809e+00;9.321705e-02;-1.285193e-03;2.893986e+01;6.102360e-01;8.177432e-02;-7.085659e-04;2.937924e+04;1.196449e+03;2.103221e-01;-1.077821e-02;3.197625e+00;-1.352707e-01;7.337018e-02;-4.224833e-04;2.265360e-02;3.282625e-04;9.816730e-02;1.568022e-03;7.465159e-01;2.685566e-02;8.369697e-01;-1.071869e-01;9.520985e-01;9.666271e-02;1.986212e+00;6.530091e-02;1.790756e+00;-1.557798e-03;1.720257e+00;-3.051713e-02;1.472537e+00;-1.228600e-01;1.795936e+00;1.184105e-01;2.348726e+00;3.585306e-02;2.165880e+00;6.433419e-02;2.032980e+00;6.083485e-02;1.866787e+00;-4.416167e-02;1.714531e+00;-5.518199e-02;1.368236e+00;-6.319546e-02
293.000000;8.158892e+01;9.720181e+01;2.728753e-02;7.604476e-01;9.225538e-02;5.347806e-02;1.228003e-01;7.369545e-02;5.556285e-02;1.179556e-01;1.333262e+01;3.429031e+00;2.393209e-01;2.798234e+00;1.029790e-01;9.867799e-01;2.997917e-02;1.520491e-01;9.607472e-03;3.120307e-02;6.336684e-02;1.364082e-01;6.752529e-02;2.837987e-01;3.435340e-02;4.284534e-01;5.519582e-02;5.444440e-01;5.565980e-02;6.753176e-01;1.257529e-01;8.012610e-01;1.473650e-01;8.319595e-01;1.084020e-01;9.201317e-01;1.512063e-01;1.025425e+00;1.508680e-01;1.073457e+00;1.590514e-01;1.095355e+00;2.976020e-01;1.185106e+00;2.505837e-01;1.209412e+00;2.421512e-01;1.341087e+00;3.095847e-01;1.367267e+00;2.177403e-01;1.334632e+00;2.431359e-01;1.377483e+00;3.038907e-01;1.383630e+00;4.183036e-01;1.517860e+00;4.098664e-01;1.524287e+00;3.439295e-01;1.374153e+00;2.559444e-01;1.148451e+00;2.078410e-01;9.841120e-01;1.429622e-01;8.398514e-01;1.192454e-01;6.906005e-01;7.674884e-02;5.623340e-01;5.511773e-01;1.919140e+00;3.216455e-01;1.043840e+00;8.389983e+01;1.481484e+02;1.411498e+02;2.199258e+02;3.266649e+02;4.955508e+02;5.227467e+02;1.304481e+03;3.243032e-01;1.264647e+00;1.955595e+02;4.682293e+02;5.722933e-01;3.694189e+00;1.575737e+05;3.781928e+05;8.493737e-01;2.910860e+00;1.183965e+01;2.023329e+01;4.137995e-01;-1.126922e+00;1.583211e-01;4.058433e-01;4.525474e-01;1.471118e+00;4.977479e+00;3.282265e+01;4.048414e+00;-1.693600e+01;4.184000e+00;2.307607e+01;9.972136e+00;6.229942e+00;8.457639e+00;2.890882e+00;5.038327e+00;-3.817092e+00;5.823279e+00;-4.515284e+00;9.754445e+00;5.257743e+00;9.868361e+00;5.142138e+00;7.428262e+00;-2.426398e+00;1.066103e+01;5.474048e+00;6.535233e+00;-7.000917e+00;7.816114e+00;-4.748829e+00;5.945344e+00;-4.720445e+00;1.745520e-04;9.533584e-06;7.546398e-08;5.255431e-09;1.982844e-07;-3.854377e-08;3.355918e-07;-3.330788e-08;2.091808e-07;-1.273474e-08;5.784639e-05;-1.461789e-08;6.131416e-02;-1.827622e-03;2.411112e-02;-1.636740e-03;7.599054e-03;5.018001e-04;1.680059e-03;-1.778786e-04;1.289078e-02;-2.334104e-05;1.678243e-02;4.175455e-04;9.054864e-03;1.794920e-04;1.473233e-02;-5.400873e-04;1.264126e-02;1.197816e-03;3.087142e-02;1.133393e-04;2.530205e-02;-3.103246e-03;2.736505e-02;-2.801848e-03;4.363523e-02;-7.732403e-04;4.586294e-02;-2.374707e-03;3.958584e-02;3.507454e-03;7.202484e-02;3.069426e-03;6.287742e-02;-1.699401e-04;7.045148e-02;-6.488588e-04;7.769763e-02;-1.046482e-03;5.081085e-02;-1.316311e-03;4.872899e-02;-1.222755e-03;7.222408e-02;-3.290565e-03;9.338429e-02;-7.621440e-03;1.036056e-01;-1.038424e-02;7.240937e-02;-5.104138e-03;6.093355e-02;-6.597036e-03;4.268370e-02;-3.937688e-03;2.986431e-02;-1.241233e-03;2.565196e-02;1.195350e-03;2.022132e-02;-3.849397e-05;1.337365e-01;1.966967e-03;1.068306e-01;4.741109e-03;1.887304e+01;1.291992e-01;2.915356e+01;-7.751953e-01;7.870974e+01;-3.574512e+00;1.443304e+02;-4.521973e+00;1.213766e-01;9.492101e-03;4.228988e+01;-1.810749e+00;1.217343e-01;-9.057410e-03;3.497820e+04;-3.273396e+03;2.617218e-01;9.501217e-04;3.347295e+00;1.835777e-02;1.068766e-01;-7.398975e-03;3.340632e-02;-1.244900e-03;1.107825e-01;6.334555e-03;7.599291e-01;1.154159e-01;9.532602e-01;-7.633224e-02;1.008247e+00;7.696223e-03;1.764877e+00;2.227311e-01;1.608800e+00;2.163436e-03;1.337886e+00;3.707796e-02;1.746665e+00;-1.097458e-01;2.043733e+00;1.062910e-01;2.183210e+00;-9.692099e-02;1.865140e+00;8.334181e-02;2.243389e+00;1.166747e-01;1.499215e+00;-7.144824e-02;1.730051e+00;2.327077e-02;1.558476e+00;-1.103877e-01
293.500000;1.661515e+01;7.082163e+01;2.639381e-02;7.528918e-01;5.696733e-02;3.252485e-02;9.727722e-02;6.946532e-02;7.886976e-02;1.332808e-01;1.150029e+01;4.588473e+00;2.244868e-01;2.733431e+00;7.672105e-02;1.000239e+00;3.012349e-02;1.507048e-01;5.940592e-03;3.063492e-02;4.330016e-02;1.236798e-01;4.186297e-02;2.749248e-01;4.513308e-02;4.275765e-01;5.805280e-02;5.482836e-01;7.164926e-02;6.898021e-01;9.735046e-02;8.112391e-01;7.812912e-02;8.500051e-01;1.133115e-01;9.223663e-01;1.448548e-01;1.057974e+00;1.351677e-01;1.091722e+00;1.180744e-01;1.074592e+00;2.366281e-01;1.168578e+00;2.394107e-01;1.207142e+00;2.439959e-01;1.281864e+00;3.109708e-01;1.347178e+00;1.825876e-01;1.345317e+00;2.489881e-01;1.420729e+00;2.308894e-01;1.439232e+00;3.894202e-01;1.540617e+00;4.022662e-01;1.484473e+00;2.714875e-01;1.348228e+00;1.399315e-01;1.220834e+00;1.485061e-01;1.080109e+00;1.285794e-01;9.103023e-01;6.543259e-02;7.425732e-01;4.421498e-02;5.968775e-01;4.526527e-01;1.964148e+00;3.702987e-01;1.049552e+00;6.353799e+01;1.362334e+02;1.145451e+02;2.035605e+02;2.846345e+02;4.748789e+02;3.936721e+02;1.248495e+03;3.062980e-01;1.352966e+00;1.423434e+02;4.406014e+02;4.610445e-01;3.684056e+00;1.065719e+05;3.251167e+05;7.426562e-01;2.805428e+00;9.832876e+00;1.926992e+01;4.234484e-01;-1.118631e+00;1.172643e-01;3.909009e-01;4.085529e-01;1.477961e+00;2.200749e+00;3.543939e+01;3.628147e+00;-1.804977e+01;5.694475e+00;2.077709e+01;5.449338e+00;7.326803e+00;6.027148e+00;3.519888e+00;3.647430e+00;-2.092972e+00;7.141585e+00;-6.416672e+00;9.804012e+00;7.010666e+00;9.250310e+00;5.816495e+00;8.543460e+00;-3.029872e+00;8.944056e+00;8.131248e+00;7.387103e+00;-3.238199e+00;7.068401e+00;-4.470693e+00;5.520087e+00;-7.799171e+00;2.751533e-05;2.261608e-06;7.669296e-08;-3.727017e-09;1.538115e-07;-3.753723e-09;2.652885e-07;-1.994849e-09;2.328763e-07;1.691942e-08;5.154277e-05;-6.018228e-07;6.824483e-02;2.722530e-03;2.236361e-02;8.083130e-04;7.838848e-03;-2.197239e-04;1.535571e-03;7.596372e-05;9.823165e-03;-6.427914e-04;1.147779e-02;1.829141e-04;1.030776e-02;2.883799e-04;1.550183e-02;-1.176548e-04;1.419798e-02;6.246331e-04;2.882334e-02;6.141798e-04;2.790257e-02;1.855137e-03;4.302670e-02;2.455701e-03;5.421632e-02;8.234139e-05;3.880880e-02;-6.914827e-04;3.146539e-02;-6.049042e-04;5.336095e-02;-6.556544e-04;5.646943e-02;2.798923e-03;6.624426e-02;1.478023e-04;7.625826e-02;2.012860e-03;5.698964e-02;8.683390e-04;6.518791e-02;-2.182358e-03;6.663045e-02;-4.761686e-03;7.789117e-02;-8.941846e-04;9.997902e-02;-6.911326e-04;6.842119e-02;5.146862e-03;5.112774e-02;2.465951e-03;3.356789e-02;5.528263e-03;3.273299e-02;4.569991e-03;2.009177e-02;1.876103e-03;1.737386e-02;7.396040e-04;1.591469e-01;1.812816e-02;1.114326e-01;3.215064e-03;1.490023e+01;1.550391e+00;2.858267e+01;3.316113e+00;7.191732e+01;8.900391e+00;1.360168e+02;2.311230e+00;1.153498e-01;5.383575e-03;3.871136e+01;3.259851e+00;1.249341e-01;9.609013e-03;3.037829e+04;1.192848e+02;2.555631e-01;-8.385804e-03;3.451548e+00;-5.726370e-02;1.128896e-01;3.001626e-03;3.072548e-02;2.960538e-03;1.324050e-01;1.407709e-02;4.966391e-01;-8.755576e-03;9.874011e-01;2.529364e-02;9.762408e-01;-1.515817e-01;1.265507e+00;-1.202808e-01;1.598188e+00;-1.192928e-01;1.556618e+00;-1.957942e-01;2.051152e+00;6.651556e-02;2.348257e+00;-3.674900e-02;2.085100e+00;-8.422708e-02;1.735248e+00;-1.896048e-01;2.281044e+00;-3.001533e-02;1.542681e+00;-1.167197e-01;1.930049e+00;-8.466581e-02;1.485232e+00;-6.219599e-02
294.000000;1.245279e+01;8.952998e+01;2.332211e-02;7.603848e-01;6.355149e-02;5.178215e-02;8.278236e-02;6.104283e-02;8.024161e-02;1.517873e-01;1.610499e+00;6.905031e+00;3.285464e-01;2.749059e+00;1.114459e-01;1.003032e+00;2.582137e-02;1.570353e-01;5.619082e-03;2.914210e-02;4.766002e-02;1.446937e-01;2.498760e-02;2.846236e-01;4.546481e-02;4.244823e-01;9.199088e-02;5.467215e-01;1.383799e-01;6.707463e-01;1.396226e-01;7.421277e-01;1.890515e-01;8.443750e-01;2.648077e-01;9.927990e-01;2.038910e-01;1.036981e+00;1.261124e-01;1.046565e+00;1.177172e-01;1.107716e+00;2.471828e-01;1.203662e+00;2.664413e-01;1.248020e+00;3.141303e-01;1.262190e+00;3.964784e-01;1.373612e+00;2.047280e-01;1.354689e+00;1.856858e-01;1.403555e+00;1.712173e-01;1.451304e+00;3.375411e-01;1.444077e+00;3.404709e-01;1.412560e+00;1.921727e-01;1.339372e+00;1.702463e-01;1.276132e+00;1.908301e-01;1.126129e+00;1.759067e-01;9.554417e-01;7.958417e-02;7.471701e-01;6.478360e-02;6.390997e-01;8.566159e-01;1.984117e+00;4.007761e-01;1.030111e+00;4.663628e+01;1.247490e+02;8.698170e+01;1.884873e+02;2.117456e+02;4.012354e+02;3.134768e+02;1.142408e+03;3.104664e-01;1.262162e+00;1.055031e+02;4.023631e+02;3.996208e-01;3.569717e+00;7.130133e+04;2.835876e+05;7.255185e-01;3.037936e+00;1.124100e+01;2.240805e+01;3.863051e-01;-1.205669e+00;9.203985e-02;3.647433e-01;7.742911e-01;1.761955e+00;2.337324e+00;3.552716e+01;3.183314e+00;-1.562767e+01;3.749467e+00;1.817565e+01;7.065780e+00;9.063490e+00;7.249262e+00;5.632697e+00;7.231442e+00;-3.096171e-01;8.721272e+00;-1.794788e+00;9.394798e+00;7.269152e+00;7.890547e+00;5.588538e+00;9.120103e+00;-6.233847e+00;8.036382e+00;5.859962e+00;6.576757e+00;-1.632405e+00;7.200619e+00;-4.568710e+00;6.629113e+00;-4.103979e+00;2.440887e-05;3.069493e-06;4.792126e-08;-2.862203e-09;1.846350e-07;6.779220e-09;2.631464e-07;5.653648e-09;2.961224e-07;8.135885e-09;4.983780e-06;1.508960e-07;7.377360e-02;-3.090270e-03;2.541312e-02;-3.408508e-04;6.172468e-03;-2.199340e-04;1.215281e-03;7.130259e-05;1.093453e-02;3.215275e-04;8.436304e-03;2.786167e-04;1.001852e-02;-2.992732e-04;2.131463e-02;-4.575367e-06;2.696009e-02;6.184363e-04;2.968951e-02;2.770920e-04;4.186319e-02;1.111840e-03;6.574729e-02;-4.421013e-04;7.288381e-02;1.220024e-03;3.844882e-02;-5.446827e-04;3.630581e-02;-3.527622e-03;6.106744e-02;-1.496691e-03;6.487243e-02;-8.544934e-04;7.538636e-02;-3.667200e-03;8.515635e-02;-2.434674e-03;5.956768e-02;-5.390301e-04;6.017765e-02;-1.994357e-03;5.817432e-02;1.407259e-05;6.374121e-02;6.252148e-04;8.058400e-02;-3.408343e-04;5.729307e-02;1.900210e-03;5.109242e-02;1.269016e-03;3.539129e-02;-2.117857e-04;4.224383e-02;3.984669e-04;1.927045e-02;-7.056719e-05;1.883743e-02;-4.687567e-04;1.749050e-01;-8.990989e-03;1.052599e-01;-6.130482e-03;9.288099e+00;-1.291992e-01;2.064759e+01;-1.866211e-01;5.112779e+01;2.153320e-01;1.020706e+02;-2.124609e+00;9.586281e-02;-5.455463e-03;2.593187e+01;-5.140890e-01;8.376715e-02;2.869938e-05;2.208994e+04;-4.621262e+02;2.221608e-01;8.795131e-03;3.704879e+00;1.262334e-01;1.071349e-01;4.513332e-03;2.043879e-02;-4.414478e-04;1.742688e-01;-8.746042e-03;5.609652e-01;-2.898163e-02;8.862070e-01;7.548320e-02;9.569547e-01;-5.442185e-02;1.340144e+00;-2.682676e-02;1.634294e+00;7.274410e-02;1.620753e+00;1.012633e-01;1.773345e+00;1.082500e-01;2.147106e+00;1.087154e-02;2.106595e+00;8.173132e-03;1.528816e+00;-1.193810e-01;2.211145e+00;-8.835182e-02;1.691108e+00;5.419656e-02;1.921486e+00;5.397059e-02;1.432099e+00;6.203904e-02
294.500000;2.521010e+00;9.917648e+01;1.699052e-02;7.585644e-01;6.257722e-02;6.735071e-02;5.709779e-02;6.697362e-02;8.141046e-02;1.492525e-01;1.370876e+00;6.428899e+00;3.069007e-01;2.849420e+00;1.177281e-01;1.019314e+00;2.165594e-02;1.538810e-01;8.441661e-03;3.147518e-02;5.324186e-02;1.521409e-01;3.547190e-02;2.833599e-01;3.105852e-02;4.266328e-01;8.766348e-02;5.708503e-01;1.446839e-01;6.717176e-01;1.846623e-01;7.809467e-01;2.184752e-01;8.820512e-01;2.642594e-01;9.915103e-01;1.845928e-01;1.015133e+00;1.124209e-01;1.036310e+00;1.279481e-01;1.108353e+00;2.209871e-01;1.171393e+00;2.614895e-01;1.246892e+00;3.157693e-01;1.340291e+00;4.057375e-01;1.446821e+00;1.881496e-01;1.408998e+00;1.314215e-01;1.399040e+00;2.554232e-01;1.483998e+00;3.084831e-01;1.498236e+00;2.968682e-01;1.514004e+00;1.559334e-01;1.405148e+00;1.948496e-01;1.271961e+00;1.652309e-01;1.082581e+00;1.745437e-01;9.289678e-01;8.425841e-02;7.545225e-01;6.283271e-02;6.303007e-01;8.712353e-01;2.111917e+00;3.921933e-01;1.048662e+00;5.635303e+01;1.436982e+02;1.247883e+02;2.380137e+02;3.176870e+02;5.018672e+02;4.334070e+02;1.244188e+03;2.613831e-01;1.135697e+00;1.656898e+02;4.598320e+02;4.715919e-01;3.727875e+00;1.169314e+05;3.256413e+05;1.050646e+00;2.970006e+00;1.781074e+01;2.256726e+01;3.464130e-01;-1.138695e+00;1.296606e-01;4.087193e-01;6.794862e-01;1.981253e+00;2.545973e+00;3.420866e+01;3.627955e+00;-1.483372e+01;3.175176e+00;1.845161e+01;7.106785e+00;8.303142e+00;7.276347e+00;3.972126e+00;8.190882e+00;2.066512e-01;6.943708e+00;-2.072470e-02;5.445733e+00;1.119313e+01;7.107736e+00;-8.500016e-01;6.109047e+00;-1.077656e+01;6.736108e+00;6.933923e+00;4.255988e+00;-3.567857e+00;7.506934e+00;-8.988132e+00;5.694630e+00;-2.563678e+00;7.642361e-06;8.709109e-07;4.503369e-08;-2.982974e-09;2.240266e-07;1.040499e-08;2.030013e-07;1.002843e-08;3.207568e-07;-1.707126e-08;3.896151e-06;3.937775e-07;5.851273e-02;-9.598590e-03;2.403126e-02;-2.992064e-03;6.336065e-03;2.241747e-05;1.557087e-03;-1.133787e-04;1.390211e-02;7.718528e-04;1.028848e-02;1.988720e-04;8.708311e-03;3.494931e-06;1.994485e-02;-4.627270e-04;3.277404e-02;-1.450637e-03;2.952996e-02;-3.748550e-03;3.840988e-02;-4.039313e-03;6.080166e-02;-2.430050e-03;6.328955e-02;1.010839e-03;3.394480e-02;-2.882119e-03;4.142169e-02;-1.883127e-03;6.906385e-02;-2.333080e-03;6.144309e-02;-6.542712e-03;7.565681e-02;-6.145407e-03;8.412864e-02;-1.103910e-02;5.035248e-02;-3.249583e-03;3.655276e-02;-2.132867e-03;6.118195e-02;-3.326314e-03;6.081323e-02;-8.417602e-03;6.747615e-02;-5.507324e-03;4.755388e-02;-1.889123e-03;4.601567e-02;-4.379267e-03;3.332357e-02;-4.976057e-03;3.787549e-02;-1.915364e-03;2.154748e-02;-2.630686e-04;1.523627e-02;-7.653352e-04;1.448077e-01;-1.362902e-02;9.142574e-02;-1.473003e-02;1.340192e+01;-1.349414e+00;3.118823e+01;-2.770606e+00;7.679904e+01;-8.972168e+00;1.043422e+02;-1.325010e+01;9.359993e-02;-3.221713e-03;3.824330e+01;-4.491209e+00;9.116513e-02;-1.349046e-02;2.865100e+04;-2.933395e+03;2.481623e-01;3.482819e-02;4.496457e+00;5.987318e-01;1.125576e-01;-1.210012e-03;2.905528e-02;-3.615536e-03;1.617662e-01;-8.101397e-03;7.055015e-01;3.014371e-02;8.425804e-01;1.072091e-01;1.055928e+00;4.873100e-02;1.491221e+00;1.560609e-01;1.482348e+00;1.363451e-01;1.647482e+00;2.947608e-01;1.547201e+00;5.365866e-02;1.505793e+00;-4.543250e-02;2.082922e+00;-1.460468e-01;1.616758e+00;7.342590e-02;1.742953e+00;-3.271303e-02;1.522675e+00;1.163573e-01;1.773596e+00;1.836867e-01;1.381412e+00;-1.389654e-02
295.000000;2.369889e+01;1.044850e+02;1.497929e-02;7.562729e-01;6.402364e-02;8.372126e-02;6.381869e-02;8.094480e-02;9.752972e-02;1.688436e-01;2.189203e+00;5.887857e+00;2.359384e-01;2.755374e+00;8.650963e-02;9.898560e-01;1.911271e-02;1.487091e-01;8.691714e-03;3.045981e-02;4.477824e-02;1.370767e-01;3.034018e-02;2.694548e-01;2.974518e-02;4.128712e-01;5.497593e-02;5.735539e-01;7.743268e-02;6.716310e-01;1.591225e-01;7.800847e-01;1.499895e-01;8.837137e-01;1.388240e-01;9.129019e-01;1.789755e-01;9.730048e-01;9.737132e-02;1.015485e+00;1.667458e-01;1.135658e+00;2.513816e-01;1.222595e+00;2.056315e-01;1.255009e+00;1.972679e-01;1.261369e+00;2.354098e-01;1.337141e+00;1.976179e-01;1.353938e+00;1.531420e-01;1.379214e+00;2.761760e-01;1.472074e+00;3.306464e-01;1.491233e+00;2.868225e-01;1.457233e+00;1.619287e-01;1.350491e+00;1.833991e-01;1.207410e+00;2.295490e-01;1.044308e+00;1.370398e-01;8.674401e-01;1.059734e-01;7.287002e-01;6.612010e-02;5.426637e-01;5.046142e-01;2.003671e+00;3.293919e-01;9.780085e-01;5.820802e+01;1.388174e+02;1.246088e+02;2.233711e+02;3.091120e+02;4.919619e+02;4.261796e+02;1.222512e+03;2.530560e-01;1.047129e+00;1.629750e+02;4.494185e+02;4.473247e-01;3.678809e+00;1.165579e+05;3.177400e+05;1.016695e+00;2.949679e+00;1.698504e+01;2.167416e+01;2.928474e-01;-1.058939e+00;1.271194e-01;3.999681e-01;4.033613e-01;1.879079e+00;2.898760e+00;3.515644e+01;3.662574e+00;-1.561404e+01;4.835107e+00;2.022817e+01;5.131618e+00;7.641301e+00;7.737894e+00;6.748190e+00;6.661891e+00;-4.622174e-01;5.303782e+00;-4.752755e+00;4.752238e+00;1.196432e+01;8.758509e+00;5.991159e-01;6.368268e+00;-1.066970e+01;6.283723e+00;6.972806e+00;5.545253e+00;-7.058702e+00;8.419851e+00;-7.982681e+00;5.961040e+00;-3.163077e+00;7.234418e-05;1.769720e-05;5.069049e-08;4.783359e-09;2.793562e-07;9.125624e-09;2.744049e-07;5.545878e-09;3.920871e-07;2.179104e-08;8.296543e-06;-7.328210e-07;6.031428e-02;-2.110324e-03;2.291992e-02;-4.513989e-04;5.846116e-03;-4.579487e-04;1.629191e-03;1.801459e-05;1.130608e-02;-3.641089e-04;9.678020e-03;-5.892838e-04;8.856661e-03;-4.655785e-04;1.120218e-02;-1.187254e-03;2.429928e-02;-1.064102e-03;2.821813e-02;-2.146940e-03;2.782376e-02;4.113695e-04;5.463466e-02;4.777034e-03;6.043264e-02;-7.458300e-05;3.053050e-02;-6.097629e-04;5.392252e-02;3.575711e-03;7.340530e-02;9.877984e-04;5.918086e-02;8.075222e-04;5.726010e-02;9.129231e-04;6.778752e-02;7.008070e-04;5.365982e-02;-1.904036e-03;4.552386e-02;2.083495e-04;6.913171e-02;-1.680908e-03;7.809082e-02;-3.961845e-03;7.251141e-02;-2.113581e-03;4.746814e-02;-1.658111e-03;5.006159e-02;-2.525017e-03;6.337462e-02;-6.718906e-04;3.631200e-02;-7.925191e-04;3.207679e-02;-1.930396e-03;1.326609e-02;-3.779808e-04;1.063034e-01;-2.616819e-03;1.028587e-01;2.297320e-03;1.453337e+01;9.905273e-01;3.333120e+01;2.540918e+00;8.930140e+01;7.206445e+00;1.219986e+02;4.076953e+00;8.473731e-02;-4.235337e-03;4.250766e+01;2.765069e+00;1.182903e-01;5.648243e-03;3.081150e+04;3.736487e+02;2.930461e-01;-2.280671e-02;4.764144e+00;-2.001217e-01;9.621033e-02;4.838690e-03;3.348605e-02;2.470745e-03;1.255558e-01;9.112795e-04;6.679376e-01;6.575511e-02;1.019773e+00;-9.687954e-02;1.398937e+00;-1.076597e-01;1.533438e+00;-8.654062e-02;1.363089e+00;3.712815e-02;1.937308e+00;-1.289733e-01;1.774135e+00;-9.576939e-02;1.443713e+00;-4.304822e-02;2.045182e+00;6.645733e-02;1.743711e+00;-3.045864e-02;1.839024e+00;-1.175602e-01;1.679674e+00;-1.125150e-01;1.930980e+00;4.128882e-02;1.387821e+00;4.972230e-02
295.500000;5.896214e+01;1.344679e+02;1.933455e-02;7.558353e-01;7.596768e-02;1.128228e-01;8.222461e-02;9.425459e-02;1.157027e-01;1.652420e-01;8.513357e+00;3.656181e+00;2.172721e-01;2.711654e+00;8.272883e-02;9.938934e-01;2.246750e-02;1.426743e-01;6.009157e-03;3.081633e-02;3.340811e-02;1.254172e-01;3.944962e-02;2.589222e-01;5.737198e-02;4.153315e-01;6.247197e-02;5.552102e-01;8.774780e-02;6.918467e-01;1.735053e-01;7.902002e-01;1.630030e-01;8.597214e-01;1.655987e-01;9.373777e-01;1.885112e-01;9.889010e-01;1.395628e-01;1.052914e+00;1.716812e-01;1.149927e+00;2.353637e-01;1.211946e+00;1.453439e-01;1.238375e+00;2.542529e-01;1.310514e+00;3.323804e-01;1.407878e+00;2.234811e-01;1.387003e+00;1.602342e-01;1.380838e+00;2.392789e-01;1.407775e+00;3.400223e-01;1.493480e+00;2.897887e-01;1.435360e+00;1.808749e-01;1.353453e+00;1.702671e-01;1.188793e+00;2.346515e-01;1.075682e+00;1.188233e-01;8.770077e-01;9.243566e-02;6.948463e-01;8.364879e-02;5.525072e-01;5.988099e-01;1.938682e+00;2.978984e-01;1.040339e+00;7.622957e+01;1.533164e+02;1.298515e+02;2.325586e+02;2.866604e+02;5.469434e+02;3.666142e+02;1.354295e+03;2.445641e-01;9.652625e-01;1.445744e+02;4.808752e+02;3.993129e-01;3.715652e+00;7.277204e+04;3.272774e+05;8.323205e-01;2.494404e+00;9.136817e+00;1.541549e+01;3.052651e-01;-9.861245e-01;1.236067e-01;4.288411e-01;4.904967e-01;1.949978e+00;1.781288e+00;3.710705e+01;3.825169e+00;-1.863522e+01;6.112662e+00;1.993858e+01;4.400506e+00;6.576163e+00;7.142531e+00;8.535840e+00;7.618930e+00;-4.071790e+00;6.374336e+00;-4.151695e+00;8.854321e+00;1.156414e+01;9.292038e+00;2.722084e+00;5.359969e+00;-1.042198e+01;8.989860e+00;9.967600e+00;4.914951e+00;-1.074492e+01;7.734962e+00;-7.005888e+00;4.624350e+00;2.350965e-01;1.381319e-04;6.005818e-06;7.760583e-08;-2.088551e-09;3.136325e-07;5.524489e-09;3.718913e-07;3.166894e-09;4.490114e-07;1.056441e-08;3.024018e-05;-3.863990e-06;6.239016e-02;-5.503428e-05;2.260140e-02;5.156317e-04;5.881190e-03;-5.390754e-04;1.304241e-03;7.470396e-05;8.686291e-03;-5.988166e-04;1.176209e-02;-6.870177e-04;1.739360e-02;-2.104004e-04;1.320412e-02;6.080655e-04;1.723128e-02;9.727318e-04;3.568333e-02;7.240980e-04;3.302214e-02;4.572096e-04;5.943903e-02;6.090379e-04;6.004991e-02;-1.349462e-04;4.379768e-02;7.193834e-04;6.307829e-02;5.233158e-03;6.050699e-02;1.194824e-03;5.080345e-02;-3.801128e-04;6.293996e-02;2.732922e-04;8.042883e-02;2.228915e-03;6.781274e-02;2.162284e-03;5.064159e-02;1.686741e-03;7.041282e-02;1.718482e-03;8.455757e-02;-2.928280e-04;7.133058e-02;-7.346990e-04;5.315011e-02;-3.682429e-04;4.822569e-02;-4.361476e-04;6.371618e-02;-2.524315e-04;3.503019e-02;-1.125425e-03;3.054490e-02;-7.079345e-05;1.426498e-02;1.100893e-04;1.233533e-01;-5.611305e-04;1.066343e-01;2.270859e-03;1.739594e+01;1.263281e+00;3.569543e+01;1.650879e+00;8.822368e+01;4.105664e+00;1.167169e+02;9.474609e+00;1.001627e-01;-4.055397e-03;3.903514e+01;2.741325e+00;1.200133e-01;9.800828e-03;2.407996e+04;1.379275e+03;2.501352e-01;-2.782212e-02;3.240489e+00;-5.216611e-01;9.188272e-02;7.652605e-03;3.253534e-02;2.394433e-03;1.405223e-01;-7.374372e-03;4.826745e-01;1.636211e-02;9.791344e-01;-8.944994e-02;1.560256e+00;-6.765739e-02;1.627642e+00;-8.090822e-02;1.638852e+00;-2.558006e-02;1.803338e+00;-1.536001e-01;2.062916e+00;-1.347102e-01;2.170046e+00;-1.585537e-01;1.880073e+00;6.980412e-03;1.737998e+00;-5.901885e-04;2.464112e+00;-2.118573e-02;1.534265e+00;-1.321823e-01;1.674704e+00;1.011928e-02;1.402622e+00;8.525436e-02
296.000000;6.473521e+01;1.162740e+02;2.695926e-02;7.654389e-01;8.493096e-02;7.256507e-02;8.191487e-02;6.643569e-02;1.009890e-01;1.254938e-01;9.475854e+00;4.309264e+00;2.542463e-01;2.731781e+00;1.073141e-01;1.007571e+00;2.983942e-02;1.499361e-01;8.005798e-03;2.858151e-02;4.928509e-02;1.416579e-01;4.870483e-02;2.643094e-01;5.743115e-02;4.194529e-01;6.523471e-02;5.595406e-01;1.044983e-01;7.257217e-01;1.893715e-01;8.148440e-01;1.699755e-01;8.410680e-01;1.559344e-01;9.470437e-01;1.657288e-01;1.019142e+00;1.751301e-01;1.115051e+00;1.462823e-01;1.119854e+00;1.905030e-01;1.152764e+00;2.222111e-01;1.241055e+00;2.748829e-01;1.314005e+00;3.599612e-01;1.343623e+00;2.899262e-01;1.435037e+00;1.847557e-01;1.388963e+00;2.861932e-01;1.415733e+00;3.343565e-01;1.474447e+00;3.106707e-01;1.440582e+00;2.454652e-01;1.338692e+00;3.428586e-01;1.230686e+00;2.401366e-01;1.128081e+00;1.482014e-01;9.565758e-01;1.093191e-01;7.376976e-01;7.584201e-02;6.312115e-01;6.622040e-01;2.130691e+00;3.003070e-01;1.038779e+00;8.566066e+01;1.498711e+02;1.438457e+02;2.194951e+02;2.850455e+02;5.384736e+02;4.187188e+02;1.260267e+03;2.623746e-01;1.034822e+00;1.655339e+02;4.585674e+02;4.437944e-01;3.716116e+00;8.728343e+04;3.046586e+05;8.919378e-01;2.666208e+00;1.351504e+01;2.002901e+01;4.138756e-01;-1.105192e+00;1.419405e-01;4.112654e-01;6.202430e-01;1.668661e+00;2.039322e+00;3.710571e+01;4.470094e+00;-1.762834e+01;5.614387e+00;1.596755e+01;5.866032e+00;6.686395e+00;5.789328e+00;6.232066e+00;6.559931e+00;-5.277474e+00;6.419740e+00;-2.948896e+00;9.957206e+00;7.503450e+00;8.217687e+00;2.943608e+00;5.513727e+00;-8.187967e+00;1.122715e+01;1.687957e+01;6.865922e+00;-7.434103e+00;9.508987e+00;-4.303713e+00;4.949356e+00;2.857162e+00;1.209281e-04;-1.455822e-05;7.580162e-08;1.162558e-09;2.454331e-07;-7.922564e-09;2.964656e-07;-4.135000e-09;3.582216e-07;-2.270009e-08;3.560186e-05;1.158534e-06;7.223060e-02;-3.103993e-04;2.674712e-02;-1.889958e-04;6.586574e-03;6.754615e-04;1.071134e-03;-2.557319e-04;1.025154e-02;5.061154e-04;1.362747e-02;4.310173e-04;1.923496e-02;-4.702525e-05;1.700417e-02;9.531591e-04;2.194494e-02;7.883115e-04;5.169319e-02;2.481262e-03;3.807770e-02;-9.854670e-04;5.154964e-02;-3.181224e-03;5.576938e-02;-7.701081e-04;5.755593e-02;2.929412e-04;5.961730e-02;-3.127647e-03;4.995959e-02;-2.356518e-03;6.743857e-02;-5.718350e-04;7.016855e-02;1.667636e-04;8.402919e-02;-5.132453e-04;8.594401e-02;-3.614742e-04;4.996859e-02;-1.630321e-03;6.560022e-02;-2.092649e-03;8.262485e-02;1.248361e-03;6.962924e-02;1.452404e-03;6.193482e-02;-1.732654e-04;8.456251e-02;9.691917e-05;7.998847e-02;5.622893e-04;4.287310e-02;1.009987e-04;3.166267e-02;1.132683e-03;2.261920e-02;6.836621e-04;1.824258e-01;7.744452e-03;1.020757e-01;-5.385675e-03;1.757533e+01;-1.421191e+00;3.284580e+01;-3.574512e+00;6.724182e+01;-8.555860e+00;8.520812e+01;-8.670703e+00;9.870666e-02;-3.437916e-03;3.146731e+01;-4.331262e+00;8.971386e-02;-1.037928e-02;1.803626e+04;-1.830061e+03;1.715546e-01;3.152023e-02;2.492038e+00;5.489851e-01;9.916276e-02;-9.116251e-03;2.629409e-02;-3.728799e-03;1.876961e-01;-2.916588e-03;5.671585e-01;1.953741e-02;9.673598e-01;1.207053e-01;1.453883e+00;7.268236e-03;1.557453e+00;1.066685e-01;1.654251e+00;-6.888713e-02;1.645178e+00;3.957342e-02;2.074777e+00;8.319992e-02;2.646737e+00;1.279004e-03;1.750773e+00;-2.658200e-03;1.685123e+00;9.594535e-02;2.305512e+00;3.578197e-01;1.476022e+00;1.500693e-01;2.021037e+00;6.764431e-02;1.485211e+00;7.186592e-02
296.500000;8.367439e+01;1.190076e+02;2.299606e-02;7.770720e-01;1.008219e-01;5.644232e-02;8.703555e-02;5.015887e-02;8.686274e-02;1.279800e-01;5.130037e+00;6.558473e+00;2.703865e-01;2.616034e+00;1.165165e-01;9.887381e-01;2.904371e-02;1.570545e-01;7.873285e-03;2.459940e-02;5.981076e-02;1.524242e-01;5.075620e-02;2.849406e-01;4.462689e-02;4.277059e-01;7.328474e-02;5.689974e-01;1.148940e-01;6.758813e-01;1.427264e-01;7.608641e-01;1.483728e-01;8.323264e-01;1.531134e-01;9.311637e-01;1.573497e-01;1.009843e+00;1.919523e-01;1.080576e+00;1.336970e-01;1.106532e+00;1.883400e-01;1.162456e+00;2.448918e-01;1.236400e+00;2.771244e-01;1.266719e+00;2.433008e-01;1.259281e+00;2.970547e-01;1.411297e+00;1.936538e-01;1.399369e+00;3.895545e-01;1.481829e+00;3.861136e-01;1.443084e+00;4.060356e-01;1.441107e+00;2.277999e-01;1.253095e+00;3.593133e-01;1.230786e+00;2.505715e-01;1.078391e+00;1.631504e-01;8.990834e-01;1.122832e-01;7.094419e-01;7.850368e-02;6.035979e-01;6.469646e-01;2.193298e+00;2.520164e-01;8.546740e-01;7.896434e+01;1.330752e+02;1.023109e+02;1.734141e+02;2.234229e+02;4.132939e+02;3.762797e+02;9.879434e+02;2.883504e-01;1.135117e+00;1.443280e+02;3.769062e+02;4.690614e-01;3.521546e+00;8.720952e+04;2.407755e+05;8.018554e-01;3.284587e+00;1.699462e+01;3.067839e+01;4.186216e-01;-1.209132e+00;1.276988e-01;3.466268e-01;5.028687e-01;1.460188e+00;3.376638e+00;3.820673e+01;4.260399e+00;-1.597261e+01;4.939721e+00;1.452524e+01;7.797302e+00;9.084970e+00;5.444336e+00;6.418959e+00;4.787634e+00;-1.303515e+00;5.936151e+00;-4.562437e+00;7.284908e+00;1.124642e+00;1.022363e+01;2.427100e+00;8.594513e+00;-1.062508e+01;7.567651e+00;1.904845e+01;5.500380e+00;-3.789814e+00;9.567186e+00;-2.665354e+00;3.957857e+00;6.237875e+00;1.583600e-04;-3.543684e-06;5.921380e-08;1.064389e-08;3.339028e-07;1.272971e-08;2.723273e-07;-1.030565e-08;3.164874e-07;-1.349069e-08;2.090356e-05;4.111030e-06;6.875319e-02;-1.997512e-04;2.805941e-02;-3.914316e-04;6.290152e-03;7.059302e-04;1.326105e-03;-1.780045e-04;1.116259e-02;7.205125e-04;1.289264e-02;6.389100e-04;1.419728e-02;2.012308e-04;2.034424e-02;-8.439341e-05;2.864035e-02;-5.243520e-04;4.678556e-02;1.803993e-03;4.302538e-02;3.153738e-03;4.866521e-02;-3.340835e-03;5.078143e-02;-2.677977e-03;6.135010e-02;9.460031e-04;5.588412e-02;1.057440e-03;4.807569e-02;3.432895e-03;7.037389e-02;3.983738e-03;7.386986e-02;1.796545e-04;6.608964e-02;-9.910532e-04;7.867157e-02;-3.571238e-03;4.645242e-02;-4.013726e-03;7.983447e-02;-3.040035e-03;8.722336e-02;-1.687135e-03;8.974832e-02;-1.981279e-03;5.886056e-02;-2.390719e-03;9.149386e-02;1.483881e-03;8.066048e-02;-3.821311e-04;4.101216e-02;-2.551424e-03;3.235060e-02;-4.336986e-04;2.231192e-02;-1.092445e-04;2.130709e-01;6.164282e-04;8.041697e-02;1.134192e-03;1.450595e+01;-1.363770e+00;1.897039e+01;-2.124609e+00;4.363103e+01;-4.191797e+00;8.344233e+01;-6.172852e+00;9.469467e-02;4.634875e-03;2.542102e+01;-2.804010e+00;9.988766e-02;-7.397579e-03;1.877295e+04;-1.583515e+03;2.123093e-01;8.288527e-03;4.581553e+00;1.994517e-01;9.343538e-02;-9.065142e-03;2.224026e-02;-2.439361e-03;1.796058e-01;2.631136e-03;6.579442e-01;1.009667e-01;1.034331e+00;2.408009e-02;1.352610e+00;-5.976596e-02;1.522285e+00;1.410223e-01;1.370111e+00;7.627341e-02;1.694381e+00;5.420649e-02;1.863301e+00;1.590992e-02;2.286143e+00;1.250758e-01;2.367881e+00;1.769512e-01;1.732922e+00;8.156089e-02;1.706897e+00;-3.722155e-03;1.635975e+00;1.467946e-01;2.650808e+00;-5.432107e-02;1.379026e+00;4.910489e-02
297.000000;8.583111e+01;1.155919e+02;2.761580e-02;7.715439e-01;1.021099e-01;5.534288e-02;9.372445e-02;5.394930e-02;1.135882e-01;1.536994e-01;3.788543e+00;7.217123e+00;2.888875e-01;2.553642e+00;1.563379e-01;1.012380e+00;3.019286e-02;1.533482e-01;7.924128e-03;2.496221e-02;5.653728e-02;1.378306e-01;6.075548e-02;2.859716e-01;4.489912e-02;4.293416e-01;6.778592e-02;5.643443e-01;1.015864e-01;6.480628e-01;1.045099e-01;7.723621e-01;1.610582e-01;8.908195e-01;1.581719e-01;9.500046e-01;1.456880e-01;1.018937e+00;1.655121e-01;1.043725e+00;1.734618e-01;1.089813e+00;1.820544e-01;1.113241e+00;1.936277e-01;1.195285e+00;3.787557e-01;1.332427e+00;4.358963e-01;1.412747e+00;2.855610e-01;1.418177e+00;2.926947e-01;1.450391e+00;5.928931e-01;1.576119e+00;6.371872e-01;1.604733e+00;6.403739e-01;1.609294e+00;2.646384e-01;1.320839e+00;2.533664e-01;1.265616e+00;1.466695e-01;1.035111e+00;1.139847e-01;8.336944e-01;1.000055e-01;7.336174e-01;6.687412e-02;5.893676e-01;5.849545e-01;1.983695e+00;3.202833e-01;7.984301e-01;7.656661e+01;1.385303e+02;1.022766e+02;1.863340e+02;2.482251e+02;4.320996e+02;4.128863e+02;1.019095e+03;2.925971e-01;1.217637e+00;1.522082e+02;3.883933e+02;4.793123e-01;3.527590e+00;1.056472e+05;2.460713e+05;1.041801e+00;3.285592e+00;3.017920e+01;3.479275e+01;4.279680e-01;-1.154835e+00;1.325356e-01;3.559787e-01;4.141411e-01;1.487954e+00;3.400833e+00;3.971699e+01;4.511644e+00;-1.730500e+01;5.467566e+00;1.496963e+01;7.505342e+00;8.736428e+00;6.510110e+00;6.095252e+00;6.128813e+00;3.560859e+00;7.545310e+00;-4.452424e+00;9.467172e+00;4.138539e+00;1.010498e+01;-1.672599e+00;7.955544e+00;-1.442164e+01;8.205203e+00;1.488229e+01;5.487082e+00;-3.171802e+00;8.226110e+00;-5.497896e+00;4.061649e+00;7.780466e+00;1.548483e-04;-1.862730e-06;6.808207e-08;-2.574529e-09;3.329257e-07;1.691381e-08;3.130983e-07;-9.084710e-09;4.691815e-07;-3.652762e-09;8.603769e-06;9.457682e-08;8.294932e-02;2.808758e-03;3.984416e-02;1.509226e-03;6.780272e-03;-1.340008e-04;1.448616e-03;1.247165e-04;1.120653e-02;3.697186e-05;1.413503e-02;5.893535e-04;1.196175e-02;5.868031e-04;2.057339e-02;6.560032e-04;3.131470e-02;2.508679e-05;3.187551e-02;-1.971106e-04;4.272896e-02;2.145428e-03;5.998064e-02;1.501894e-03;5.412678e-02;1.034014e-03;5.900095e-02;-9.185781e-04;6.431630e-02;-2.963705e-04;4.452490e-02;-5.358006e-04;5.467258e-02;-1.135395e-03;1.034787e-01;2.821186e-03;1.092758e-01;3.539756e-03;6.825035e-02;6.093371e-03;8.017734e-02;9.659101e-04;1.490389e-01;2.707182e-03;1.577078e-01;5.043334e-03;1.587250e-01;5.305752e-03;6.485428e-02;9.906295e-04;6.917527e-02;3.394553e-03;4.312919e-02;1.727988e-03;2.827167e-02;2.456883e-03;2.315109e-02;1.098096e-04;1.770239e-02;5.912332e-04;1.841362e-01;3.844633e-03;9.473719e-02;-3.516050e-04;1.585231e+01;2.440430e-01;2.239627e+01;8.756836e-01;5.946980e+01;5.885742e-01;1.018524e+02;2.282520e+00;1.081225e-01;6.591856e-03;3.305963e+01;9.036351e-01;1.251790e-01;5.037537e-03;2.667678e+04;6.080349e+02;3.013319e-01;-4.322191e-03;1.006374e+01;-2.493076e-01;9.457026e-02;2.145804e-03;2.797519e-02;8.496133e-04;1.307512e-01;8.818891e-03;8.057701e-01;-9.089226e-03;1.244795e+00;-2.639158e-02;1.506353e+00;1.010429e-01;1.526239e+00;-1.096909e-01;1.524164e+00;-8.441985e-02;1.762707e+00;8.621839e-02;2.437361e+00;6.251920e-02;2.201972e+00;1.373951e-01;2.459712e+00;-1.703612e-01;2.154865e+00;-1.401829e-01;2.221107e+00;-1.635850e-02;1.747817e+00;-6.036232e-02;2.586300e+00;-1.528762e-01;1.372761e+00;5.565275e-02
297.500000;4.402084e+01;8.221030e+01;3.065659e-02;7.727492e-01;8.696632e-02;3.596146e-02;1.035055e-01;4.363737e-02;1.085795e-01;1.381970e-01;3.860847e+00;8.378722e+00;2.992322e-01;2.552124e+00;1.504498e-01;1.004820e+00;2.872014e-02;1.553599e-01;5.180296e-03;2.440665e-02;4.094695e-02;1.341794e-01;5.121926e-02;2.694630e-01;5.045886e-02;4.020262e-01;5.300017e-02;5.454717e-01;1.229736e-01;7.199194e-01;9.458612e-02;7.910400e-01;1.436927e-01;9.132272e-01;1.686930e-01;9.408770e-01;1.783437e-01;9.799274e-01;1.594896e-01;1.023051e+00;1.936087e-01;1.125409e+00;2.975589e-01;1.210450e+00;2.316467e-01;1.242573e+00;3.384602e-01;1.260481e+00;4.206436e-01;1.333378e+00;2.731116e-01;1.356164e+00;3.277193e-01;1.430567e+00;5.453333e-01;1.468239e+00;6.300568e-01;1.510654e+00;6.074055e-01;1.529161e+00;2.379679e-01;1.387838e+00;2.448145e-01;1.226615e+00;1.226107e-01;1.070076e+00;1.118108e-01;9.071674e-01;9.291009e-02;7.493403e-01;6.484381e-02;5.980268e-01;5.041997e-01;1.881973e+00;3.386406e-01;7.647120e-01;6.355048e+01;1.246055e+02;1.021895e+02;1.775771e+02;1.731731e+02;4.043936e+02;2.842491e+02;9.632520e+02;2.613290e-01;1.224848e+00;1.035017e+02;3.672739e+02;3.916963e-01;3.541389e+00;8.036106e+04;222990;8.914573e-01;3.225334e+00;2.770740e+01;3.402127e+01;4.033863e-01;-1.177201e+00;9.507672e-02;3.425995e-01;4.360146e-01;1.512417e+00;2.866325e+00;4.075274e+01;3.441095e+00;-1.624862e+01;6.685287e+00;1.282088e+01;6.117170e+00;7.608428e+00;6.691936e+00;5.447451e+00;8.380342e+00;2.911639e+00;7.392333e+00;-3.630748e+00;7.112143e+00;9.979484e+00;1.086009e+01;2.630925e+00;8.651999e+00;-1.085688e+01;8.727355e+00;1.320974e+01;7.888243e+00;-4.028814e+00;8.679651e+00;-9.445984e-01;4.807338e+00;7.470924e+00;7.256436e-05;1.733957e-05;7.859907e-08;-1.332229e-09;2.598509e-07;-2.227875e-08;3.874937e-07;-1.165223e-08;4.483026e-07;2.716995e-08;9.478766e-06;-8.302694e-07;8.347249e-02;-2.225744e-03;3.837581e-02;-3.314965e-04;6.893436e-03;-6.367286e-04;1.091807e-03;1.218191e-04;1.032876e-02;-9.772520e-04;1.240979e-02;-2.445513e-04;1.245311e-02;1.093468e-03;1.791577e-02;9.291285e-05;4.064122e-02;8.242980e-04;2.988962e-02;3.174099e-04;3.990322e-02;-2.584571e-04;6.409857e-02;1.454421e-03;6.480204e-02;1.571679e-03;5.951903e-02;-2.037094e-03;6.404836e-02;-5.326025e-03;6.587733e-02;-1.470205e-03;5.758687e-02;-1.675896e-03;9.017526e-02;-1.740849e-03;1.017935e-01;-1.469866e-03;6.492692e-02;-1.603496e-03;9.251039e-02;-1.329022e-03;1.385249e-01;-1.093419e-03;1.488202e-01;7.952219e-04;1.451264e-01;1.270420e-03;5.968177e-02;1.939391e-03;5.957239e-02;-2.650334e-03;3.826666e-02;1.462210e-03;3.075597e-02;2.597998e-03;2.416418e-02;8.158493e-05;1.734135e-02;-2.434250e-04;1.736332e-01;2.187481e-05;9.614388e-02;-3.792392e-03;1.603960e+01;1.406836e+00;2.313440e+01;1.851856e+00;5.324393e+01;3.459668e+00;8.765178e+01;2.684473e+00;1.012763e-01;-3.902929e-03;2.796229e+01;2.099445e+00;1.098521e-01;7.431293e-03;2.382765e+04;1.764704e+02;2.829343e-01;-8.353017e-03;9.650748e+00;-8.395589e-02;1.005691e-01;8.795048e-03;2.411068e-02;2.127326e-03;1.346038e-01;-1.578514e-04;7.237052e-01;-1.189596e-02;1.150055e+00;3.593010e-02;1.491384e+00;-1.094395e-01;1.533110e+00;-1.364013e-01;1.732058e+00;-9.041532e-02;2.158674e+00;-1.367712e-01;2.548618e+00;-1.328580e-02;2.347263e+00;-9.768592e-03;2.104587e+00;5.470129e-03;2.108175e+00;-1.135978e-01;2.376370e+00;-2.802323e-02;2.008956e+00;-1.931759e-01;2.098767e+00;1.152236e-01;1.688015e+00;-4.877053e-02
298.000000;4.631799e+01;1.082337e+02;2.479947e-02;7.758992e-01;9.920701e-02;5.494165e-02;1.124225e-01;6.043197e-02;8.847006e-02;1.363561e-01;3.584901e+00;7.423433e+00;2.996732e-01;2.567158e+00;1.614790e-01;1.011384e+00;2.594052e-02;1.465728e-01;3.694605e-03;2.644999e-02;4.104740e-02;1.374692e-01;3.675219e-02;2.783256e-01;6.184535e-02;4.147208e-01;7.148067e-02;5.429974e-01;1.369623e-01;7.173620e-01;8.468523e-02;7.899675e-01;1.064843e-01;8.816263e-01;1.869825e-01;9.212512e-01;1.604425e-01;9.539605e-01;1.603207e-01;1.010691e+00;1.640272e-01;1.099097e+00;2.959948e-01;1.283184e+00;2.254547e-01;1.270741e+00;4.037701e-01;1.324703e+00;4.728408e-01;1.420351e+00;2.234250e-01;1.336584e+00;4.253990e-01;1.477789e+00;7.101400e-01;1.569533e+00;6.252473e-01;1.521420e+00;4.634165e-01;1.435619e+00;2.477523e-01;1.397376e+00;3.570330e-01;1.258438e+00;7.892403e-02;1.034170e+00;7.396037e-02;9.069861e-01;8.826321e-02;7.330437e-01;5.597913e-02;5.785635e-01;5.756854e-01;1.968101e+00;2.706018e-01;7.782159e-01;6.115564e+01;1.358027e+02;9.780700e+01;2.038477e+02;1.348659e+02;4.689932e+02;2.501123e+02;1.075512e+03;3.137545e-01;1.033735e+00;8.130732e+01;4.084679e+02;3.297992e-01;3.663583e+00;6.522057e+04;2.386651e+05;5.505103e-01;2.777548e+00;1.054933e+01;2.373924e+01;3.586202e-01;-1.041270e+00;7.756568e-02;3.817819e-01;5.713640e-01;1.772344e+00;1.912753e+00;4.165218e+01;2.515325e+00;-1.685166e+01;8.210712e+00;1.283700e+01;6.723371e+00;6.498538e+00;5.277964e+00;2.440500e+00;6.370449e+00;-1.896698e+00;5.831027e+00;-3.686286e+00;8.756212e+00;1.330413e+01;8.907596e+00;8.965527e+00;7.999127e+00;-9.885468e+00;7.017320e+00;1.300682e+01;9.016743e+00;-5.511190e+00;8.219992e+00;-2.831606e-01;4.374082e+00;4.448289e+00;9.635344e-05;6.947940e-06;7.248924e-08;-1.645147e-09;3.344247e-07;-2.656142e-08;4.530798e-07;-9.048353e-09;2.856362e-07;-1.069453e-09;8.804064e-06;-2.212924e-07;6.709976e-02;-1.932134e-03;3.467437e-02;-1.060825e-03;6.461337e-03;-9.293969e-05;9.524404e-04;-2.418744e-05;9.675877e-03;-1.060592e-04;8.680955e-03;-5.134085e-04;1.441550e-02;-4.249097e-04;1.907167e-02;-7.172677e-04;4.415518e-02;-1.710920e-03;1.966852e-02;-1.654902e-03;2.999796e-02;-2.110479e-03;5.208908e-02;-2.906183e-03;5.623938e-02;-1.437978e-03;4.980069e-02;1.547998e-03;4.641319e-02;1.593960e-03;7.449924e-02;4.002891e-03;5.981758e-02;2.138182e-03;7.769126e-02;-2.362906e-03;9.491004e-02;-1.133346e-03;6.951682e-02;-3.387499e-03;1.021073e-01;-9.024316e-05;1.538168e-01;-1.147042e-03;1.117300e-01;-4.744862e-03;8.885602e-02;-4.546817e-03;6.406377e-02;-4.542322e-04;7.063548e-02;-2.432985e-03;2.879445e-02;-1.637689e-03;2.676908e-02;-2.378761e-03;2.446164e-02;1.181394e-04;1.462820e-02;-1.084135e-03;1.703921e-01;-1.133916e-02;7.976308e-02;5.228391e-03;1.420924e+01;-1.866211e-01;2.378480e+01;-4.450195e-01;4.556630e+01;1.579102e-01;8.021442e+01;4.521973e+00;1.049611e-01;-5.306424e-03;2.104457e+01;5.078980e-01;8.614405e-02;-2.815329e-03;1.679421e+04;7.730572e+02;1.722226e-01;-1.497207e-02;3.020284e+00;-2.263318e-01;9.586933e-02;2.167780e-03;1.904180e-02;2.953233e-04;1.304576e-01;2.648693e-03;5.091617e-01;1.660464e-02;7.714763e-01;-6.661811e-02;1.641936e+00;-8.803009e-05;1.507020e+00;1.507480e-01;1.640616e+00;9.188335e-02;1.890310e+00;-9.474778e-02;1.989165e+00;-1.062278e-01;1.992206e+00;-2.255825e-02;1.840795e+00;2.230238e-01;1.849458e+00;1.491431e-01;1.746288e+00;-7.698257e-02;2.162203e+00;-5.820793e-02;1.585208e+00;4.848400e-02;1.450877e+00;-1.067924e-01
298.500000;2.467103e+01;1.193688e+02;2.308867e-02;7.675976e-01;1.040426e-01;7.700748e-02;1.310739e-01;8.731022e-02;8.365608e-02;1.521685e-01;2.348645e+00;6.413532e+00;2.930376e-01;2.583400e+00;1.681676e-01;1.049208e+00;2.697682e-02;1.386323e-01;7.136520e-03;2.943437e-02;5.627145e-02;1.385688e-01;6.980424e-02;2.893351e-01;6.047466e-02;4.432462e-01;7.146811e-02;5.552271e-01;1.275512e-01;6.637127e-01;1.165586e-01;7.836174e-01;8.615850e-02;8.595921e-01;1.886473e-01;9.198698e-01;1.730765e-01;9.731979e-01;1.443770e-01;1.034927e+00;1.145268e-01;1.049963e+00;2.893268e-01;1.187000e+00;1.663617e-01;1.229567e+00;4.053800e-01;1.411415e+00;4.822370e-01;1.521631e+00;2.567277e-01;1.427101e+00;4.245326e-01;1.540565e+00;7.139767e-01;1.691196e+00;6.160677e-01;1.698394e+00;4.639311e-01;1.576494e+00;2.855806e-01;1.464198e+00;3.643460e-01;1.378146e+00;1.818431e-01;1.082404e+00;3.569466e-01;9.737059e-01;1.066540e-01;7.841706e-01;8.263320e-02;6.021708e-01;5.404850e-01;1.995325e+00;2.691734e-01;8.015991e-01;7.957955e+01;1.630781e+02;1.191572e+02;2.527998e+02;2.164060e+02;5.239746e+02;3.599310e+02;1.259836e+03;2.823654e-01;9.500963e-01;1.337309e+02;4.687498e+02;4.095015e-01;3.751384e+00;9.376709e+04;2.911955e+05;6.349920e-01;2.638319e+00;1.076760e+01;1.936778e+01;3.654549e-01;-9.388385e-01;1.132151e-01;4.276032e-01;5.217421e-01;1.870831e+00;3.715105e+00;4.001606e+01;3.786036e+00;-1.789806e+01;7.438225e+00;1.772115e+01;8.522965e+00;4.719431e+00;7.702299e+00;-2.397381e-01;8.214601e+00;-5.123286e+00;7.412303e+00;-5.390209e+00;7.396820e+00;1.583694e+01;7.450599e+00;6.667765e+00;6.001284e+00;-1.216140e+01;6.576905e+00;1.244299e+01;8.935581e+00;-6.010523e+00;6.255995e+00;-5.110885e+00;3.896754e+00;5.637602e-01;7.598533e-05;-1.270177e-05;6.096140e-08;-1.043561e-09;4.082796e-07;3.902385e-09;4.971553e-07;-1.555744e-09;2.661602e-07;-2.630338e-08;5.976562e-06;7.629436e-07;7.320103e-02;2.241151e-03;3.959566e-02;1.311075e-03;7.041526e-03;3.565575e-04;1.467569e-03;-8.062484e-05;1.304519e-02;1.231454e-03;1.381077e-02;8.285602e-04;1.552124e-02;-5.824458e-04;1.698839e-02;-6.461844e-04;3.297296e-02;-2.792279e-03;2.515373e-02;-1.780464e-03;2.151819e-02;-1.955627e-03;5.901672e-02;2.408994e-04;6.564970e-02;2.490313e-04;4.016273e-02;2.288950e-03;3.083254e-02;1.306678e-03;7.326564e-02;3.309289e-03;5.307864e-02;2.043439e-04;9.457250e-02;1.884471e-03;1.181149e-01;1.970053e-03;8.626788e-02;2.612378e-03;1.021779e-01;2.661072e-03;1.672928e-01;1.938952e-03;1.270075e-01;4.158275e-03;9.746299e-02;2.098728e-03;7.574896e-02;1.212468e-03;7.980336e-02;2.239973e-03;4.153642e-02;2.344385e-03;5.290071e-02;6.374067e-03;2.316970e-02;8.860991e-04;1.650956e-02;1.804795e-03;1.349883e-01;-4.100898e-03;8.770873e-02;2.417101e-03;1.454191e+01;-1.205859e+00;2.426159e+01;-1.291992e+00;6.242677e+01;-3.373535e+00;1.141376e+02;-1.435547e+00;1.015718e-01;6.101743e-04;3.235239e+01;-1.551317e+00;1.011420e-01;-8.421410e-03;2.671339e+04;5.313267e+02;2.275908e-01;1.052871e-02;3.992736e+00;-1.050912e-02;1.063244e-01;-4.571204e-03;2.650016e-02;-1.687290e-03;1.255120e-01;2.721441e-03;7.265704e-01;-1.026510e-01;1.004677e+00;1.912056e-02;1.844668e+00;2.016781e-01;1.718695e+00;9.715530e-02;1.728858e+00;6.613083e-02;1.723289e+00;1.035509e-01;1.879277e+00;6.994038e-02;1.680603e+00;1.176847e-01;1.828733e+00;1.346914e-02;2.343361e+00;-3.802532e-03;1.553908e+00;1.091838e-01;1.971874e+00;2.222925e-02;1.767339e+00;-7.213473e-02;1.272314e+00;-7.822847e-03
299.000000;1.504103e+01;1.158629e+02;2.142199e-02;7.649856e-01;9.288189e-02;8.575961e-02;1.189265e-01;8.268028e-02;6.966183e-02;1.548045e-01;2.338468e+00;7.101991e+00;2.286789e-01;2.506036e+00;1.199432e-01;1.014538e+00;2.426475e-02;1.446242e-01;8.643022e-03;2.680776e-02;5.300649e-02;1.407580e-01;6.944627e-02;2.854162e-01;5.546838e-02;4.358612e-01;5.370461e-02;5.521585e-01;1.358068e-01;6.638805e-01;1.505662e-01;7.876848e-01;1.675849e-01;8.672935e-01;1.490685e-01;9.297276e-01;1.983766e-01;9.914321e-01;1.689459e-01;1.053274e+00;1.767034e-01;1.096910e+00;3.428463e-01;1.169768e+00;1.907064e-01;1.213621e+00;2.802062e-01;1.268499e+00;3.185675e-01;1.339630e+00;2.702450e-01;1.411529e+00;2.734737e-01;1.472389e+00;3.731878e-01;1.517078e+00;4.769541e-01;1.562492e+00;3.737924e-01;1.521044e+00;2.066555e-01;1.439498e+00;2.675164e-01;1.275236e+00;2.965442e-01;1.108293e+00;4.155470e-01;9.308158e-01;1.537152e-01;7.442742e-01;9.509506e-02;5.994142e-01;4.665076e-01;1.971157e+00;2.659542e-01;6.748621e-01;7.795575e+01;1.503018e+02;1.222536e+02;2.215049e+02;2.358465e+02;4.325303e+02;4.660567e+02;1.025411e+03;2.257438e-01;9.570050e-01;1.562271e+02;4.093040e+02;4.568284e-01;3.540474e+00;1.048375e+05;2.504587e+05;1.120284e+00;3.360606e+00;3.618183e+01;3.382153e+01;3.379237e-01;-1.024563e+00;1.306161e-01;3.771712e-01;4.177741e-01;1.858607e+00;3.758293e+00;3.996667e+01;4.682330e+00;-1.647783e+01;6.706326e+00;2.166526e+01;8.904993e+00;3.721815e+00;8.672665e+00;2.307617e+00;9.477436e+00;-2.696893e+00;7.565811e+00;-6.184574e+00;8.328211e+00;1.820897e+01;8.251377e+00;3.618596e+00;7.487498e+00;-1.065303e+01;5.656435e+00;8.963148e+00;9.989140e+00;-4.974404e+00;6.269364e+00;-5.124016e+00;3.672818e+00;-7.412679e-01;4.633574e-05;-1.582206e-06;6.266475e-08;4.123429e-11;3.671861e-07;1.048102e-08;4.220864e-07;1.177841e-08;2.584597e-07;-7.373326e-10;6.057980e-06;6.302530e-08;7.230464e-02;-4.861062e-04;3.428831e-02;2.662344e-04;5.721756e-03;3.202483e-05;1.563299e-03;-5.442177e-05;1.201989e-02;-6.402113e-05;1.352584e-02;-1.805534e-04;1.556777e-02;3.274085e-04;1.226679e-02;1.187004e-03;2.776481e-02;2.185496e-05;3.477985e-02;2.441890e-03;4.203860e-02;1.773238e-03;5.541531e-02;3.302824e-04;6.651999e-02;8.767489e-04;5.157140e-02;9.920070e-04;5.100405e-02;1.486234e-03;9.984516e-02;4.715995e-04;6.042546e-02;-8.289184e-04;7.954055e-02;-4.086002e-04;9.440282e-02;-5.634787e-04;8.066005e-02;1.929090e-03;7.963484e-02;-1.453107e-03;1.054627e-01;-1.567622e-03;1.133294e-01;-2.409914e-04;8.970029e-02;-1.724241e-03;6.149093e-02;9.266646e-04;6.770424e-02;-3.350752e-04;7.132833e-02;7.505070e-04;7.109535e-02;3.320325e-04;3.399502e-02;-2.103088e-04;1.927197e-02;6.524617e-04;1.241917e-01;1.167338e-02;8.907479e-02;-4.942213e-03;1.300953e+01;7.177734e-02;1.759819e+01;2.871094e-01;5.689537e+01;1.148437e-01;1.122841e+02;-6.115430e+00;7.764684e-02;1.412392e-04;3.039262e+01;-4.911636e-01;9.379712e-02;1.057391e-03;2.609941e+04;-1.072384e+03;3.105688e-01;9.686217e-03;1.139036e+01;1.806739e-01;9.197056e-02;-5.571324e-04;2.471319e-02;-2.204940e-04;1.322646e-01;-3.758823e-03;8.229662e-01;1.350349e-02;1.132326e+00;4.396843e-02;1.713927e+00;-2.238061e-03;1.912697e+00;-1.147136e-01;1.707105e+00;-2.479436e-02;1.796700e+00;1.872953e-02;1.961666e+00;2.121793e-02;1.900324e+00;5.271731e-02;2.300941e+00;-4.675419e-02;2.451090e+00;2.006620e-02;2.153834e+00;-7.683107e-02;2.066615e+00;-3.340597e-02;1.906668e+00;-4.739298e-02;1.403072e+00;-3.716551e-02
299.500000;5.432823e+01;1.320161e+02;1.830765e-02;7.636513e-01;6.437935e-02;8.986275e-02;6.134629e-02;7.987805e-02;6.352399e-02;1.466294e-01;2.525602e+00;6.610204e+00;2.446166e-01;2.514642e+00;1.179215e-01;1.002944e+00;2.173904e-02;1.452478e-01;5.798233e-03;2.534014e-02;5.193385e-02;1.381608e-01;4.859275e-02;2.726882e-01;4.072366e-02;4.201450e-01;5.909414e-02;5.711435e-01;1.359197e-01;6.672091e-01;1.329844e-01;7.888544e-01;1.669757e-01;8.709698e-01;1.188892e-01;9.468521e-01;1.669259e-01;1.015638e+00;1.578392e-01;1.058680e+00;1.756421e-01;1.111819e+00;3.078943e-01;1.192991e+00;1.894665e-01;1.214200e+00;3.246365e-01;1.297912e+00;3.493917e-01;1.367848e+00;2.507002e-01;1.390886e+00;2.975623e-01;1.448545e+00;4.017238e-01;1.510833e+00;4.902048e-01;1.519968e+00;4.125592e-01;1.466806e+00;1.595093e-01;1.382988e+00;2.523520e-01;1.231737e+00;2.728870e-01;1.069109e+00;2.139617e-01;8.340481e-01;1.281085e-01;6.994728e-01;7.655048e-02;5.870395e-01;5.092164e-01;2.165160e+00;2.453238e-01;6.323680e-01;6.849470e+01;1.452773e+02;1.118489e+02;2.136094e+02;1.966743e+02;4.312383e+02;3.317515e+02;9.140127e+02;2.595616e-01;9.859066e-01;1.195052e+02;3.934348e+02;3.247804e-01;3.522680e+00;69171;2.262278e+05;1.046593e+00;3.379783e+00;3.580800e+01;3.283495e+01;2.913681e-01;-1.027571e+00;1.063600e-01;3.686763e-01;4.660342e-01;1.885985e+00;2.279053e+00;4.121867e+01;4.330034e+00;-1.732463e+01;8.308573e+00;2.216523e+01;7.057539e+00;4.252528e-01;6.444211e+00;2.602583e+00;6.907558e+00;-1.617672e+00;7.637788e+00;-6.698380e+00;1.054219e+01;1.973388e+01;9.308125e+00;-1.036711e-01;6.721474e+00;-9.560918e+00;8.096887e+00;4.975236e+00;1.005072e+01;-4.356220e+00;5.329356e+00;-6.615888e+00;4.357494e+00;-1.453321e-01;1.082585e-04;2.143499e-05;5.504711e-08;-4.436071e-09;2.521439e-07;-1.039204e-09;2.291917e-07;1.176764e-08;2.716465e-07;1.665180e-08;6.342972e-06;-9.277976e-07;6.937051e-02;1.655726e-03;3.222332e-02;-4.820586e-04;5.744674e-03;-2.822553e-04;1.232107e-03;1.313933e-04;1.172773e-02;-1.303962e-03;1.066638e-02;-1.445233e-03;1.367561e-02;9.014550e-05;1.384789e-02;1.402864e-03;3.087872e-02;2.599144e-03;3.059116e-02;1.311736e-03;4.205860e-02;5.288270e-04;3.688422e-02;-1.534269e-03;4.674313e-02;-1.904739e-03;4.894118e-02;3.641508e-04;5.607359e-02;1.752567e-03;9.937578e-02;1.359647e-03;6.148408e-02;1.391279e-03;8.344182e-02;-4.434234e-04;9.193461e-02;6.424789e-04;6.944400e-02;3.034787e-03;8.002675e-02;6.078579e-04;1.081138e-01;1.001931e-03;1.150607e-01;-5.513904e-03;9.614578e-02;-3.221824e-03;5.796641e-02;-1.851569e-03;6.936806e-02;-2.711311e-03;6.762563e-02;-1.474712e-03;5.379253e-02;-6.358718e-03;3.626003e-02;-3.209565e-04;2.000203e-02;-5.363115e-04;1.326363e-01;1.144484e-02;8.514452e-02;3.303135e-03;1.717084e+01;1.421191e+00;2.883469e+01;2.325586e+00;4.308503e+01;7.235156e+00;9.224400e+01;4.952637e+00;9.596390e-02;1.738559e-03;2.638476e+01;3.129840e+00;7.221627e-02;8.520992e-03;1.727390e+04;9.788688e+02;2.706365e-01;-1.763249e-02;1.100840e+01;-1.584506e-01;8.191659e-02;3.890062e-03;2.317465e-02;2.765485e-03;1.486408e-01;6.999889e-04;6.676152e-01;5.189006e-02;1.051606e+00;-1.279513e-01;2.017161e+00;-5.895051e-02;1.708097e+00;-1.132085e-01;1.562436e+00;-1.555493e-01;1.428187e+00;-1.104271e-01;2.210717e+00;-1.689594e-01;2.747576e+00;-1.013180e-01;2.493374e+00;-1.029581e-01;2.082598e+00;6.219550e-02;2.487348e+00;-1.511898e-01;2.248442e+00;3.734302e-02;1.538037e+00;-7.020051e-02;1.367110e+00;1.084951e-02
300.000000;7.006292e+01;1.191070e+02;2.303997e-02;7.646804e-01;7.539717e-02;7.858185e-02;1.198003e-01;9.607305e-02;7.874735e-02;1.353130e-01;6.117052e+00;5.017341e+00;2.844156e-01;2.612696e+00;1.389174e-01;1.022448e+00;2.955180e-02;1.463456e-01;6.157794e-03;2.626354e-02;7.297838e-02;1.502119e-01;5.290094e-02;2.673863e-01;3.972415e-02;4.209727e-01;5.803838e-02;5.802883e-01;1.070898e-01;6.786957e-01;1.307163e-01;7.502677e-01;1.183029e-01;8.217378e-01;1.333133e-01;9.487601e-01;1.520387e-01;1.027882e+00;1.929109e-01;1.105645e+00;2.193494e-01;1.149791e+00;3.153049e-01;1.170707e+00;2.099708e-01;1.241642e+00;3.059671e-01;1.351993e+00;3.314005e-01;1.352674e+00;2.886426e-01;1.477848e+00;2.764688e-01;1.450758e+00;4.008795e-01;1.476940e+00;4.899947e-01;1.523766e+00;4.692215e-01;1.513157e+00;2.289509e-01;1.380450e+00;3.494645e-01;1.295764e+00;2.276067e-01;1.130127e+00;2.045350e-01;9.561362e-01;1.623901e-01;7.525038e-01;7.088663e-02;6.075380e-01;5.344616e-01;2.327913e+00;2.924713e-01;7.456570e-01;7.930458e+01;1.584844e+02;1.223167e+02;2.268164e+02;2.180559e+02;4.659785e+02;3.360361e+02;1.020243e+03;3.192856e-01;1.140058e+00;1.319348e+02;4.227631e+02;3.093503e-01;3.635915e+00;6.781871e+04;2.505118e+05;8.052138e-01;3.049419e+00;1.180687e+01;2.315074e+01;4.201708e-01;-1.052512e+00;1.195556e-01;3.915269e-01;5.225912e-01;1.698291e+00;2.526628e+00;3.974277e+01;3.889753e+00;-1.845093e+01;7.874045e+00;2.016850e+01;6.176380e+00;-1.604959e-01;6.945014e+00;1.551477e+00;7.299001e+00;-4.011773e+00;9.545453e+00;-5.718579e+00;1.195267e+01;1.198824e+01;7.152174e+00;-4.234166e+00;5.569519e+00;-1.040162e+01;1.025114e+01;7.406159e+00;7.634319e+00;-5.999002e+00;6.499403e+00;-5.817050e+00;5.205148e+00;9.549046e-01;1.612474e-04;-3.286028e-06;6.312932e-08;4.044538e-09;2.723932e-07;8.472635e-09;4.195481e-07;2.215784e-08;3.300819e-07;1.983294e-09;2.927414e-05;1.034673e-07;7.920814e-02;1.084596e-03;3.562946e-02;5.845010e-05;7.147563e-03;1.502255e-04;1.039429e-03;-2.645501e-06;1.579662e-02;2.671538e-04;1.268630e-02;1.806233e-04;1.162314e-02;-5.277109e-04;1.759272e-02;-1.543027e-03;2.614220e-02;-5.959130e-05;3.147549e-02;-1.861558e-03;2.878189e-02;-3.007923e-03;3.408706e-02;7.345474e-04;4.841371e-02;-2.163763e-04;6.506842e-02;-1.574828e-03;5.746764e-02;3.646688e-03;8.201827e-02;2.827947e-03;6.908369e-02;3.893614e-03;8.765209e-02;-9.928895e-04;9.558518e-02;-6.244026e-04;7.849915e-02;-2.348322e-03;7.090448e-02;2.315903e-03;1.092817e-01;-1.002570e-03;1.253253e-01;4.341848e-04;1.144579e-01;3.543525e-04;5.445877e-02;-2.133137e-03;7.818454e-02;7.508085e-04;5.675973e-02;8.636880e-05;4.298878e-02;7.953760e-04;5.047501e-02;9.173078e-04;2.533682e-02;2.071548e-04;1.554695e-01;-9.454321e-03;1.016983e-01;2.392073e-03;1.773499e+01;-1.722656e-01;3.006811e+01;-7.177734e-01;4.816579e+01;-1.119727e+00;8.733070e+01;7.321289e-01;1.176478e-01;2.006372e-03;2.805525e+01;-5.968668e-01;7.752425e-02;-2.310444e-03;1.936514e+04;2.391566e+02;1.954577e-01;4.140083e-03;3.263721e+00;1.407306e-01;1.056744e-01;-3.232196e-03;2.476749e-02;-7.087707e-04;1.525696e-01;-6.260621e-03;5.870929e-01;-3.135797e-02;1.032688e+00;-2.331464e-02;2.104998e+00;-3.107847e-02;1.506053e+00;9.320486e-02;1.749749e+00;6.074115e-02;1.764912e+00;3.070865e-02;2.084983e+00;3.719637e-02;2.777125e+00;-1.118080e-01;2.389853e+00;-3.802582e-02;2.089854e+00;-1.734103e-02;2.382931e+00;2.162617e-02;1.907940e+00;4.721188e-02;2.034077e+00;1.560716e-01;1.610430e+00;1.180796e-01
300.500000;3.729671e+01;7.999550e+01;2.622194e-02;7.726093e-01;1.007281e-01;6.622841e-02;1.876622e-01;1.218219e-01;9.011603e-02;1.161499e-01;6.285634e+00;6.448375e+00;2.655701e-01;2.600078e+00;1.335381e-01;1.008307e+00;3.044264e-02;1.565722e-01;6.971501e-03;2.389015e-02;6.481738e-02;1.482695e-01;3.775058e-02;2.803089e-01;3.538754e-02;4.303894e-01;4.797719e-02;5.595134e-01;1.451603e-01;6.690963e-01;1.411250e-01;7.547881e-01;1.318348e-01;8.168294e-01;1.238541e-01;9.450893e-01;1.377493e-01;1.029335e+00;2.467564e-01;1.065384e+00;2.361254e-01;1.150349e+00;3.223252e-01;1.166591e+00;2.355836e-01;1.238143e+00;3.001838e-01;1.339075e+00;2.352397e-01;1.301858e+00;2.858047e-01;1.447034e+00;2.315336e-01;1.429839e+00;4.058594e-01;1.463251e+00;4.987881e-01;1.518885e+00;5.410906e-01;1.539542e+00;2.562726e-01;1.282216e+00;3.501777e-01;1.232629e+00;2.155074e-01;1.103698e+00;1.996306e-01;9.431729e-01;1.532484e-01;7.671320e-01;6.996344e-02;5.935514e-01;5.163140e-01;2.262098e+00;2.841447e-01;7.305718e-01;6.764823e+01;1.372383e+02;8.435093e+01;1.764287e+02;1.767400e+02;3.830039e+02;3.583034e+02;9.374121e+02;2.898091e-01;1.208292e+00;1.217138e+02;3.737899e+02;2.989993e-01;3.492726e+00;7.923395e+04;2.396640e+05;8.328523e-01;3.359668e+00;2.105013e+01;3.093649e+01;4.485982e-01;-1.203632e+00;1.079840e-01;3.452592e-01;4.501174e-01;1.632756e+00;3.014363e+00;3.974743e+01;4.286684e+00;-1.736803e+01;6.246918e+00;1.959165e+01;7.644523e+00;5.104939e+00;5.855525e+00;2.393379e+00;6.558677e+00;-1.023044e+00;7.151203e+00;-2.795203e+00;8.432751e+00;8.127688e+00;8.664685e+00;-2.901684e+00;1.013469e+01;-1.413974e+01;8.696687e+00;1.224135e+01;5.906959e+00;-6.908038e+00;8.494790e+00;-1.696323e+00;5.097526e+00;3.660029e+00;1.209080e-04;-2.602670e-05;6.608868e-08;6.436823e-09;2.880332e-07;7.929868e-09;4.789094e-07;8.636758e-09;3.423886e-07;-8.723433e-09;2.908005e-05;9.866309e-07;7.749636e-02;-3.517924e-04;3.534140e-02;5.523795e-05;6.802113e-03;6.283521e-04;1.040424e-03;-1.805240e-04;1.320880e-02;1.744087e-03;1.043846e-02;1.058900e-03;1.068357e-02;-4.345748e-04;1.679980e-02;-5.315245e-04;2.975515e-02;-1.169454e-03;3.560924e-02;-5.453433e-04;3.511026e-02;2.416228e-04;3.346480e-02;3.213268e-03;4.626664e-02;3.290177e-03;8.518574e-02;-1.201440e-03;5.806215e-02;1.354467e-03;7.796469e-02;2.043266e-03;7.553527e-02;4.615054e-03;8.345557e-02;-5.250623e-04;7.473311e-02;-4.783727e-04;7.491102e-02;-1.887996e-03;6.384104e-02;3.714776e-03;1.017486e-01;-2.036672e-03;1.294163e-01;2.113797e-03;1.400861e-01;2.375008e-04;5.137697e-02;-4.194063e-03;7.370843e-02;-1.037140e-03;5.418615e-02;-3.733446e-03;4.183770e-02;-2.280352e-03;4.732452e-02;-1.053688e-03;2.303480e-02;-1.081579e-03;1.499330e-01;-8.598422e-03;9.585882e-02;-2.314576e-03;1.056285e+01;-1.679590e+00;1.413532e+01;-2.957227e+00;3.666944e+01;-7.192090e+00;7.060386e+01;-6.574805e+00;1.143810e-01;9.061596e-04;1.956966e+01;-3.654312e+00;6.265377e-02;-8.117341e-03;1.870546e+04;-1.470383e+03;1.838817e-01;1.473941e-02;5.571531e+00;1.174160e-01;1.049112e-01;-9.474651e-03;1.736862e-02;-3.230782e-03;1.414354e-01;-2.851667e-03;7.188380e-01;5.624622e-02;1.010433e+00;1.803786e-02;1.705718e+00;4.540368e-02;1.706655e+00;1.648830e-01;1.351003e+00;9.658792e-02;1.645747e+00;2.535155e-01;1.585824e+00;1.446456e-01;2.241585e+00;6.894159e-02;2.491046e+00;3.755672e-02;2.013189e+00;-8.410617e-02;2.603218e+00;6.885282e-02;1.673780e+00;1.077904e-02;2.330506e+00;1.650531e-01;1.662268e+00;9.081623e-02
301.000000;1.308157e+01;7.423857e+01;2.837931e-02;7.798805e-01;1.263829e-01;7.948330e-02;1.775511e-01;1.181260e-01;1.095396e-01;1.314786e-01;3.225118e+00;9.047646e+00;2.666760e-01;2.551733e+00;1.399876e-01;1.010997e+00;2.961153e-02;1.613683e-01;6.671933e-03;2.351096e-02;4.650706e-02;1.351162e-01;2.825704e-02;2.786363e-01;2.937564e-02;4.290859e-01;3.751606e-02;5.467097e-01;1.524640e-01;6.656132e-01;1.434963e-01;7.607887e-01;1.562558e-01;8.509284e-01;1.133201e-01;9.060710e-01;1.319821e-01;9.861035e-01;2.519823e-01;1.069271e+00;1.731713e-01;1.133924e+00;2.312795e-01;1.182901e+00;2.083097e-01;1.249643e+00;3.926937e-01;1.331779e+00;4.238894e-01;1.417167e+00;1.777382e-01;1.383219e+00;2.496449e-01;1.465525e+00;4.918763e-01;1.540052e+00;5.788027e-01;1.546309e+00;5.949543e-01;1.519699e+00;3.415850e-01;1.364689e+00;3.263661e-01;1.245411e+00;1.625063e-01;1.052672e+00;1.974829e-01;8.973793e-01;8.496142e-02;7.293311e-01;6.777433e-02;5.978964e-01;4.760036e-01;2.042265e+00;3.283470e-01;7.466720e-01;5.638520e+01;1.198682e+02;6.518458e+01;1.573359e+02;1.375730e+02;3.330469e+02;3.638928e+02;9.233438e+02;2.914699e-01;1.188936e+00;1.053634e+02;3.488821e+02;2.774330e-01;3.410551e+00;9.494134e+04;2.405057e+05;8.386213e-01;3.416622e+00;2.291337e+01;3.236150e+01;4.225838e-01;-1.279866e+00;9.111895e-02;3.196363e-01;3.516230e-01;1.614326e+00;3.264907e+00;4.102885e+01;4.668204e+00;-1.840999e+01;6.023404e+00;2.077706e+01;7.489754e+00;1.035101e+01;5.010206e+00;3.624114e+00;5.621897e+00;3.336718e+00;3.433634e+00;-3.395797e+00;7.408598e+00;9.254188e+00;8.807619e+00;-2.730564e+00;1.030109e+01;-1.421124e+01;1.005782e+01;1.079734e+01;4.836066e+00;-6.948160e+00;1.168120e+01;-1.114555e+00;4.605475e+00;4.631950e+00;4.871823e-05;-2.031706e-06;5.988120e-08;-1.618966e-09;2.978688e-07;2.155616e-08;3.817291e-07;-1.964511e-08;3.701363e-07;2.192877e-08;8.025839e-06;-2.736136e-07;7.684390e-02;2.678331e-03;3.567285e-02;2.326519e-03;7.480408e-03;-4.213835e-05;1.055873e-03;5.152432e-05;1.053159e-02;2.244747e-04;9.165119e-03;5.287936e-04;1.135265e-02;-3.807853e-05;1.394312e-02;1.253728e-03;3.188657e-02;1.658822e-03;4.039028e-02;5.002394e-03;4.122209e-02;4.705945e-03;3.449625e-02;-1.344334e-03;4.090815e-02;-2.001072e-03;7.827982e-02;3.544632e-03;4.095989e-02;-6.675992e-03;5.835664e-02;-9.307984e-03;6.189760e-02;-6.889631e-03;1.081461e-01;7.080392e-03;9.610227e-02;2.401350e-03;5.221563e-02;5.012152e-03;6.289001e-02;1.099718e-03;9.759053e-02;6.839705e-03;1.474620e-01;9.669916e-03;1.540435e-01;1.257203e-02;6.217221e-02;5.332290e-03;7.462221e-02;6.675533e-03;3.906369e-02;4.536333e-03;5.338104e-02;5.480228e-03;2.805089e-02;1.238349e-03;1.943571e-02;1.889813e-03;1.334717e-01;1.012764e-02;8.257107e-02;4.237513e-04;1.145810e+01;2.153320e-01;1.328702e+01;6.603516e-01;3.656525e+01;1.507324e+00;8.146080e+01;1.435547e-02;1.150481e-01;3.530661e-03;2.161949e+01;8.562233e-01;7.234737e-02;4.483257e-03;2.055000e+04;7.052641e+02;2.168128e-01;-2.737672e-03;6.135948e+00;-2.221657e-01;1.089121e-01;5.506607e-04;1.870447e-02;7.798114e-04;1.357978e-01;6.148685e-03;7.200056e-01;-3.520364e-02;1.085296e+00;3.490226e-02;1.487151e+00;1.040979e-01;1.679261e+00;-1.476287e-01;1.038742e+00;-1.130275e-01;1.410923e+00;3.455822e-02;1.234019e+00;3.359127e-02;2.585956e+00;3.254084e-02;2.521814e+00;-1.251159e-01;1.861517e+00;-2.637529e-02;3.328134e+00;2.111165e-01;1.447369e+00;1.704000e-02;2.606935e+00;-2.368775e-01;1.309403e+00;-1.170115e-01
301.500000;1.129163e+01;7.163731e+01;2.490502e-02;7.821352e-01;1.172733e-01;7.215665e-02;1.186799e-01;7.585438e-02;1.093863e-01;1.285966e-01;3.034346e+00;9.111793e+00;2.498645e-01;2.532166e+00;1.297149e-01;1.002007e+00;2.335529e-02;1.626075e-01;5.820849e-03;2.272991e-02;3.560027e-02;1.458924e-01;3.384296e-02;2.691742e-01;3.001739e-02;4.051213e-01;4.200888e-02;5.444075e-01;1.091047e-01;6.995779e-01;1.543490e-01;7.884521e-01;1.402170e-01;8.739733e-01;1.308679e-01;8.845981e-01;1.515334e-01;9.493533e-01;2.096445e-01;1.112756e+00;1.871946e-01;1.132662e+00;2.734455e-01;1.219560e+00;2.224375e-01;1.265172e+00;3.284442e-01;1.309886e+00;4.133531e-01;1.374901e+00;1.541969e-01;1.392047e+00;2.443734e-01;1.417150e+00;4.121975e-01;1.443958e+00;5.265577e-01;1.473954e+00;5.098949e-01;1.453680e+00;3.381095e-01;1.402154e+00;2.937577e-01;1.256770e+00;1.925968e-01;1.039033e+00;2.446295e-01;8.931137e-01;8.881550e-02;7.172590e-01;8.599913e-02;5.875824e-01;3.759898e-01;1.792571e+00;3.111454e-01;7.741959e-01;4.246381e+01;1.006318e+02;9.210027e+01;1.482920e+02;1.991118e+02;3.304629e+02;3.396669e+02;8.685059e+02;2.667558e-01;1.214220e+00;1.099387e+02;3.326189e+02;3.430559e-01;3.362476e+00;8.813706e+04;2.362617e+05;8.048332e-01;3.365226e+00;1.466751e+01;2.838834e+01;3.390324e-01;-1.281700e+00;9.108412e-02;3.024889e-01;3.503987e-01;1.481493e+00;3.418822e+00;4.158692e+01;4.389912e+00;-1.943223e+01;5.157097e+00;2.198125e+01;6.131265e+00;1.135254e+01;4.502435e+00;4.072673e+00;5.834540e+00;3.248585e+00;5.495337e+00;-2.217808e+00;8.236840e+00;1.117981e+01;7.596103e+00;-3.785672e-01;9.090309e+00;-8.259155e+00;1.086132e+01;1.369549e+01;4.153284e+00;-6.371749e+00;1.040359e+01;-1.966549e+00;3.984507e+00;3.351981e+00;4.016800e-05;-1.438611e-06;6.753695e-08;-9.385869e-09;2.488847e-07;-2.356489e-09;3.593866e-07;-2.118411e-08;4.003543e-07;2.207922e-09;8.413836e-06;-6.515276e-07;6.882285e-02;-1.524966e-03;3.161951e-02;2.741278e-04;7.882786e-03;-4.581016e-04;1.366335e-03;1.143865e-04;9.503919e-03;-1.254829e-03;1.165538e-02;-4.932221e-04;1.229685e-02;3.770960e-05;1.809575e-02;6.021961e-05;2.933086e-02;-5.920311e-04;3.896680e-02;1.750048e-04;3.506102e-02;2.259677e-04;4.385258e-02;9.434118e-05;4.855463e-02;5.757830e-04;6.412365e-02;1.400001e-03;3.680421e-02;-3.158878e-03;6.421652e-02;-6.017217e-03;5.717146e-02;-5.499152e-03;9.259380e-02;1.072491e-03;8.949525e-02;1.066920e-03;4.178609e-02;1.083252e-03;6.248120e-02;-3.088797e-03;7.445617e-02;2.690258e-03;1.274633e-01;4.975217e-04;1.203619e-01;1.082081e-03;6.844212e-02;5.960805e-03;6.897792e-02;3.708669e-03;4.241131e-02;3.127474e-03;6.123972e-02;1.602396e-03;2.977685e-02;1.443668e-03;2.297860e-02;1.326863e-03;1.532504e-01;-4.755702e-03;8.232249e-02;-7.117579e-04;1.210485e+01;3.445312e-01;3.039870e+01;7.177734e-01;7.214872e+01;1.765723e+00;1.081912e+02;3.660645e+00;9.731528e-02;8.228106e-04;3.625187e+01;1.086222e+00;1.176762e-01;4.846554e-03;2.548631e+04;6.438528e+02;2.641799e-01;-2.576121e-03;4.208839e+00;1.162470e-01;1.164422e-01;6.650014e-03;2.981018e-02;9.689466e-04;1.288934e-01;-3.899914e-03;6.958849e-01;-2.153816e-02;1.144741e+00;7.967416e-03;1.393731e+00;-4.185986e-02;1.224416e+00;-6.814935e-02;1.176900e+00;-3.125826e-02;1.434803e+00;-1.308203e-01;1.462584e+00;2.360786e-02;2.461995e+00;2.241120e-02;2.067210e+00;-2.179594e-02;1.809088e+00;1.602568e-01;3.052988e+00;-1.089208e-02;1.282675e+00;8.140077e-02;2.395146e+00;-3.405459e-02;1.160409e+00;-6.818693e-02
302.000000;1.734135e+01;8.287112e+01;2.391888e-02;7.671677e-01;9.215180e-02;8.285570e-02;8.419990e-02;7.041995e-02;8.972204e-02;1.154260e-01;2.225632e+00;7.164209e+00;3.231815e-01;2.510590e+00;2.004040e-01;1.020028e+00;2.992926e-02;1.462985e-01;6.220574e-03;2.514613e-02;3.861200e-02;1.365617e-01;4.400671e-02;2.757713e-01;3.382757e-02;4.042421e-01;5.940305e-02;5.660007e-01;1.626682e-01;7.240492e-01;1.278164e-01;8.354877e-01;1.063504e-01;9.036707e-01;1.948040e-01;9.712071e-01;1.683932e-01;1.001266e+00;1.413119e-01;1.020501e+00;1.711158e-01;1.059714e+00;2.582116e-01;1.192652e+00;2.511267e-01;1.216989e+00;3.532141e-01;1.306649e+00;3.790106e-01;1.366182e+00;1.807919e-01;1.346866e+00;3.169670e-01;1.443861e+00;4.328312e-01;1.492412e+00;7.023726e-01;1.567476e+00;5.748137e-01;1.516041e+00;4.744297e-01;1.465924e+00;4.188111e-01;1.286914e+00;4.213575e-01;1.123377e+00;4.111206e-01;9.562406e-01;1.647574e-01;7.461673e-01;1.443418e-01;5.945065e-01;6.838284e-01;1.976624e+00;2.655695e-01;6.600640e-01;6.010452e+01;1.293428e+02;1.243605e+02;2.090156e+02;2.243838e+02;4.494697e+02;3.116200e+02;9.075527e+02;2.649178e-01;1.134486e+00;1.292166e+02;3.891231e+02;4.535172e-01;3.623522e+00;7.310147e+04;2.341506e+05;6.932477e-01;3.152370e+00;9.678096e+00;2.677559e+01;4.202338e-01;-1.054773e+00;1.108141e-01;3.605299e-01;5.027070e-01;1.473478e+00;3.898389e+00;4.200558e+01;3.874950e+00;-1.891375e+01;5.936508e+00;2.005259e+01;7.265277e+00;5.330917e+00;3.886481e+00;1.588634e-01;5.839956e+00;-1.523008e+00;6.444544e+00;-7.945909e-01;8.675112e+00;1.347760e+01;6.647655e+00;2.442718e+00;8.898678e+00;-6.781926e+00;1.025698e+01;1.275491e+01;5.129778e+00;-5.654822e+00;5.505660e+00;-7.602834e-01;3.812592e+00;2.112572e+00;2.961098e-05;6.740465e-06;7.871847e-08;-2.756846e-09;2.774376e-07;-2.053981e-08;3.084528e-07;-9.356105e-09;3.680335e-07;-2.350659e-08;6.907796e-06;9.739887e-08;7.940598e-02;-1.672140e-03;4.756235e-02;-2.011888e-03;8.135489e-03;-9.072797e-06;1.541304e-03;-3.539936e-05;1.014538e-02;-3.352263e-04;1.228739e-02;-1.643462e-04;1.388214e-02;9.102452e-04;2.020540e-02;-6.701931e-04;4.258654e-02;-5.564368e-04;2.667501e-02;-4.146532e-03;2.555171e-02;-2.982902e-03;5.560177e-02;3.665965e-04;4.981801e-02;-2.958275e-04;5.317569e-02;-4.031424e-03;4.373992e-02;2.513844e-03;6.701725e-02;7.886175e-03;6.261165e-02;3.671052e-03;8.781532e-02;-6.149477e-03;9.393646e-02;-1.173191e-03;5.434916e-02;-1.429119e-03;7.462391e-02;4.924652e-04;8.835952e-02;-1.842001e-03;1.478998e-01;-6.188272e-03;1.218733e-01;-9.867777e-03;1.285971e-01;-1.411260e-03;9.472150e-02;-7.525248e-03;9.174046e-02;-6.087660e-03;9.112576e-02;-6.779722e-03;4.792766e-02;-3.016376e-03;3.961321e-02;-3.496489e-03;1.914898e-01;2.361526e-04;8.638355e-02;-6.898775e-04;1.589167e+01;7.177734e-02;3.822165e+01;-5.742187e-02;7.938121e+01;-4.737305e-01;1.099757e+02;-1.435547e-01;7.910480e-02;-4.190885e-03;4.289440e+01;-3.264492e-01;1.411713e-01;-1.783918e-03;2.708773e+04;-7.366385e+02;2.461367e-01;-1.130889e-03;3.449486e+00;-1.466094e-02;1.295738e-01;-1.845588e-04;3.478598e-02;-2.018172e-04;1.196830e-01;2.748383e-03;9.603821e-01;7.365653e-02;9.457367e-01;-5.614064e-02;1.438465e+00;3.049988e-02;1.266593e+00;2.548490e-02;1.241495e+00;4.989320e-02;1.633785e+00;-7.424396e-02;1.573465e+00;-8.816200e-02;2.009874e+00;1.095262e-02;1.790682e+00;1.921019e-01;1.853898e+00;7.633028e-02;2.127763e+00;-2.611245e-01;1.397001e+00;-7.483492e-02;1.543833e+00;1.781885e-01;1.258567e+00;7.421990e-03
302.500000;1.463723e+01;9.821882e+01;2.067175e-02;7.554527e-01;1.087567e-01;1.042570e-01;1.721712e-01;1.103850e-01;1.071247e-01;1.472689e-01;6.389995e+00;5.695493e+00;3.923331e-01;2.542848e+00;2.219163e-01;1.050084e+00;2.792672e-02;1.377766e-01;9.514427e-03;2.877551e-02;3.894511e-02;1.232733e-01;4.132668e-02;2.792857e-01;3.459181e-02;4.261956e-01;6.825605e-02;5.644997e-01;1.548060e-01;6.773760e-01;1.362607e-01;7.993127e-01;1.269396e-01;8.806384e-01;1.905318e-01;9.518006e-01;1.523857e-01;1.001744e+00;1.352716e-01;1.023425e+00;1.376508e-01;1.070864e+00;1.750360e-01;1.167220e+00;2.598415e-01;1.226952e+00;4.617728e-01;1.362449e+00;5.013979e-01;1.498835e+00;2.118379e-01;1.363801e+00;3.340957e-01;1.526451e+00;5.166150e-01;1.663491e+00;8.080962e-01;1.715055e+00;6.315883e-01;1.607195e+00;4.448687e-01;1.513752e+00;4.407377e-01;1.360450e+00;4.004222e-01;1.166731e+00;3.817870e-01;9.681810e-01;1.665516e-01;7.521212e-01;1.397108e-01;6.110840e-01;7.003663e-01;2.055497e+00;3.846902e-01;7.076206e-01;5.985714e+01;1.537471e+02;1.115939e+02;2.516514e+02;2.191784e+02;5.238311e+02;5.372462e+02;1.139394e+03;2.738551e-01;1.106979e+00;1.495651e+02;4.527065e+02;4.731419e-01;3.749990e+00;1.442637e+05;2.829725e+05;1.330593e+00;3.067333e+00;4.087985e+01;3.143646e+01;3.872783e-01;-9.331290e-01;1.177733e-01;4.124481e-01;4.769053e-01;1.628711e+00;3.979842e+00;4.104458e+01;4.797237e+00;-1.896157e+01;7.296419e+00;2.185834e+01;5.594669e+00;1.458158e+00;6.216228e+00;9.349899e-01;6.168632e+00;-4.386512e+00;6.229900e+00;-3.589918e-01;7.962366e+00;1.365915e+01;5.706007e+00;2.208472e+00;7.231609e+00;-7.722162e+00;7.790826e+00;7.327156e+00;5.160851e+00;-6.149023e+00;7.944371e+00;-4.132473e+00;3.906896e+00;-3.890541e-01;2.566375e-05;4.425209e-06;7.565409e-08;2.186850e-09;4.093298e-07;5.185349e-09;5.861809e-07;2.613270e-08;4.269108e-07;1.230222e-08;2.686387e-05;1.120121e-07;9.491657e-02;4.472477e-03;5.405968e-02;1.258604e-04;7.912584e-03;4.196116e-04;1.598596e-03;-1.373142e-05;9.812698e-03;2.417878e-04;1.018960e-02;1.382759e-05;1.311179e-02;3.042774e-04;1.735593e-02;-2.579118e-04;3.673597e-02;1.753389e-03;2.930254e-02;8.680382e-04;2.947279e-02;-2.088642e-04;4.514044e-02;-1.005709e-03;3.869598e-02;-8.326104e-04;4.500590e-02;5.024284e-04;4.329514e-02;2.102879e-03;6.332494e-02;2.282772e-03;6.757876e-02;2.139438e-03;1.121055e-01;1.010500e-03;1.268654e-01;-2.644215e-04;6.395946e-02;-7.738788e-05;7.980271e-02;8.720290e-04;1.181088e-01;1.892145e-04;1.880777e-01;1.815186e-03;1.480744e-01;8.027289e-04;1.233239e-01;-3.525003e-03;1.041010e-01;-1.913549e-03;9.025922e-02;-1.104088e-03;8.622825e-02;-7.065994e-04;4.833908e-02;-1.736355e-03;3.939278e-02;6.371622e-06;1.743631e-01;1.345669e-02;1.064500e-01;5.588215e-03;1.602082e+01;3.588867e-01;3.044947e+01;7.608398e-01;6.540623e+01;4.163086e-01;1.163748e+02;1.004883e-01;9.014089e-02;8.379706e-03;3.855256e+01;4.590483e-01;1.314355e-01;-1.113895e-03;3.301935e+04;2.319757e+02;4.040683e-01;-2.406266e-03;1.451851e+01;-1.817666e-01;1.250780e-01;-7.603506e-03;3.057969e-02;3.603085e-04;1.106091e-01;1.084897e-02;9.550321e-01;-7.766785e-03;9.745429e-01;-2.507166e-02;1.612928e+00;1.285725e-01;1.400392e+00;-4.777986e-02;1.413180e+00;2.775250e-02;2.063814e+00;-3.987506e-03;1.630634e+00;-6.738027e-02;1.865106e+00;3.021799e-02;1.829357e+00;6.155248e-02;1.768819e+00;-6.324734e-02;2.137292e+00;-3.091620e-02;1.312685e+00;-2.747727e-02;1.661480e+00;-1.474169e-01;1.156394e+00;-6.498443e-03
303.000000;1.322034e+01;1.040715e+02;1.522203e-02;7.520292e-01;1.015652e-01;9.802965e-02;1.724032e-01;1.131527e-01;1.346756e-01;2.091395e-01;6.313654e+00;6.064828e+00;2.896639e-01;2.547628e+00;1.378217e-01;1.010302e+00;1.995350e-02;1.513666e-01;9.386413e-03;2.768455e-02;3.397976e-02;1.370297e-01;3.646110e-02;2.824996e-01;3.458781e-02;4.329325e-01;5.520895e-02;5.486959e-01;8.473969e-02;6.466260e-01;1.277956e-01;7.438675e-01;1.297443e-01;8.344269e-01;1.093704e-01;8.639970e-01;1.401283e-01;9.527362e-01;1.364510e-01;1.036610e+00;1.367615e-01;1.112496e+00;2.363520e-01;1.186112e+00;2.215870e-01;1.264554e+00;3.615785e-01;1.366269e+00;4.253908e-01;1.449297e+00;1.991081e-01;1.359119e+00;2.871083e-01;1.444983e+00;4.452638e-01;1.552253e+00;5.890811e-01;1.577116e+00;5.054077e-01;1.518012e+00;2.011918e-01;1.336298e+00;2.830373e-01;1.281649e+00;1.300254e-01;1.091634e+00;1.090006e-01;9.154778e-01;8.570691e-02;7.376799e-01;6.653821e-02;5.954899e-01;4.338314e-01;1.840209e+00;3.495507e-01;8.235794e-01;4.867838e+01;1.297734e+02;9.385831e+01;2.045654e+02;2.301171e+02;4.013789e+02;5.643599e+02;1.124895e+03;2.684207e-01;1.233271e+00;1.479688e+02;4.093811e+02;4.648831e-01;3.439674e+00;1.453583e+05;2.986711e+05;1.426351e+00;3.197396e+00;4.556482e+01;3.134450e+01;2.958714e-01;-1.105078e+00;1.163930e-01;3.651783e-01;4.194031e-01;1.871821e+00;2.918235e+00;4.006057e+01;4.881674e+00;-1.857272e+01;6.527626e+00;2.614625e+01;6.973702e+00;6.969974e+00;6.403999e+00;4.771792e+00;5.936058e+00;-4.058737e+00;6.255660e+00;3.989866e-01;6.285389e+00;1.636577e+01;4.813625e+00;3.606848e+00;8.122425e+00;-1.205223e+01;6.663636e+00;8.185580e+00;4.344511e+00;-6.356935e+00;7.080167e+00;-9.447460e+00;3.045192e+00;-8.583754e-01;2.168150e-05;-1.799672e-06;6.208644e-08;-3.368610e-10;3.721475e-07;-2.239233e-09;5.863870e-07;1.210437e-08;4.633035e-07;-1.711021e-08;2.668147e-05;-1.892575e-07;8.197422e-02;4.663116e-03;3.629376e-02;2.167740e-03;6.515762e-03;-4.904799e-05;1.567884e-03;1.428571e-04;8.600813e-03;-1.025982e-04;1.057514e-02;-5.325464e-04;1.098507e-02;-8.776548e-04;1.185509e-02;6.683876e-04;2.370209e-02;1.779870e-03;2.852480e-02;1.309038e-03;3.251227e-02;2.279592e-03;2.894585e-02;2.628651e-03;3.730873e-02;1.875959e-03;4.404646e-02;6.171518e-03;4.241765e-02;4.016513e-03;7.445676e-02;-3.172893e-03;6.224004e-02;-1.549526e-03;9.027144e-02;2.055361e-03;1.070618e-01;2.096716e-03;6.155348e-02;4.174346e-03;6.988005e-02;1.048780e-03;1.051378e-01;1.555728e-03;1.456474e-01;2.579323e-04;1.251554e-01;4.137855e-03;5.385427e-02;1.635377e-03;7.189064e-02;5.391154e-03;4.034705e-02;7.647123e-03;2.817109e-02;4.171960e-03;2.716678e-02;5.001031e-03;1.861789e-02;2.693578e-03;1.252759e-01;5.691561e-04;1.041151e-01;5.274148e-03;1.164945e+01;1.866211e-01;2.078451e+01;1.134082e+00;6.022776e+01;2.067188e+00;1.492796e+02;6.215918e+00;9.939139e-02;2.848719e-03;3.473780e+01;1.757089e+00;1.225272e-01;4.917316e-03;3.550489e+04;1.813001e+03;4.738276e-01;-1.066510e-02;1.666808e+01;-1.163179e-01;1.055616e-01;2.083401e-03;2.733933e-02;1.377074e-03;1.510368e-01;7.469670e-03;6.666394e-01;-8.876613e-02;1.254279e+00;2.139549e-02;1.645460e+00;-7.275469e-02;1.411295e+00;1.492843e-02;1.514076e+00;-4.163942e-02;1.791810e+00;-3.627476e-02;1.706879e+00;8.577772e-02;1.874369e+00;-6.448074e-02;1.669091e+00;-2.167291e-02;1.560893e+00;-1.614175e-02;1.929128e+00;1.978562e-01;1.457557e+00;-8.105257e-03;1.956511e+00;-1.947966e-01;1.083918e+00;2.241381e-02
303.500000;1.119253e+01;1.032181e+02;1.626153e-02;7.516291e-01;1.345757e-01;1.018570e-01;9.097394e-02;8.156697e-02;1.120085e-01;2.106097e-01;1.638211e+00;6.471088e+00;2.555371e-01;2.605487e+00;1.155716e-01;1.009485e+00;1.954959e-02;1.561735e-01;3.827155e-03;2.741119e-02;3.393824e-02;1.440185e-01;3.689764e-02;2.814688e-01;2.829424e-02;4.285350e-01;5.674909e-02;5.748068e-01;8.781479e-02;6.684354e-01;1.539339e-01;7.626243e-01;1.497004e-01;8.481232e-01;1.728473e-01;9.584159e-01;1.868955e-01;1.034307e+00;2.495442e-01;1.096748e+00;2.090832e-01;1.141974e+00;2.397214e-01;1.173416e+00;1.854175e-01;1.235451e+00;2.613088e-01;1.287272e+00;3.151543e-01;1.349056e+00;3.130784e-01;1.381212e+00;2.240900e-01;1.403020e+00;3.399228e-01;1.470469e+00;4.995505e-01;1.516482e+00;4.350852e-01;1.485789e+00;2.094152e-01;1.371455e+00;2.694969e-01;1.262021e+00;2.166690e-01;1.083164e+00;1.390892e-01;9.329709e-01;1.390032e-01;7.550634e-01;7.936335e-02;6.003113e-01;6.061773e-01;2.141684e+00;2.466849e-01;8.324687e-01;3.141553e+01;1.215908e+02;4.834277e+01;1.846113e+02;1.363376e+02;3.716631e+02;3.102467e+02;1.015649e+03;2.658457e-01;1.227289e+00;7.336416e+01;3.842389e+02;2.951760e-01;3.450429e+00;7.458255e+04;2.703270e+05;7.937859e-01;3.097332e+00;2.238312e+01;2.391870e+01;2.876091e-01;-1.177355e+00;6.335561e-02;3.501357e-01;5.321806e-01;2.079222e+00;2.241234e+00;3.981960e+01;3.237272e+00;-1.744604e+01;6.976173e+00;2.462284e+01;6.050060e+00;8.321092e+00;4.816953e+00;5.024181e+00;5.059047e+00;-2.962559e+00;5.316215e+00;1.089315e+00;8.962565e+00;1.462146e+01;7.837234e+00;3.059475e+00;9.829418e+00;-1.339188e+01;8.400753e+00;9.043922e+00;7.688726e+00;-7.483957e+00;6.331522e+00;-8.945445e+00;3.744799e+00;1.616957e-01;4.050200e-05;2.380834e-07;4.768888e-08;4.956534e-09;5.073584e-07;-1.289092e-08;3.477795e-07;-6.110405e-09;3.469466e-07;-3.893463e-08;5.411606e-06;2.921718e-07;8.126530e-02;-3.713676e-03;3.427343e-02;-5.279229e-04;6.953996e-03;-5.929708e-04;1.120544e-03;7.772740e-05;9.697694e-03;-4.060625e-04;1.160591e-02;-4.945251e-04;9.229283e-03;-7.919529e-04;1.181418e-02;4.151643e-04;2.588678e-02;-7.309274e-04;2.987824e-02;4.524726e-05;3.061076e-02;6.314742e-04;3.777524e-02;1.294198e-03;4.398037e-02;2.590911e-04;8.110974e-02;-3.925731e-03;6.292775e-02;-4.507031e-03;7.556917e-02;-7.242567e-03;5.606096e-02;-2.206012e-03;7.265249e-02;1.322507e-03;8.570334e-02;1.990059e-03;5.957436e-02;-4.379645e-03;5.459925e-02;-1.985633e-03;8.648448e-02;-5.905657e-04;1.222636e-01;-1.021938e-03;1.112635e-01;7.950069e-04;6.395418e-02;3.953053e-03;7.045721e-02;9.273383e-04;5.463976e-02;1.302031e-03;3.501901e-02;1.423272e-03;3.907492e-02;9.494552e-04;1.999832e-02;-7.512980e-04;1.383361e-01;-5.500032e-03;9.045874e-02;-7.701440e-03;1.130391e+01;4.880859e-01;1.818340e+01;4.737305e-01;4.784455e+01;1.607813e+00;1.380223e+02;1.923633e+00;1.000526e-01;-1.214688e-02;2.934398e+01;1.086083e+00;1.013010e-01;4.502270e-03;2.789293e+04;6.375166e+02;3.264287e-01;-3.528608e-03;8.839491e+00;-2.491795e-02;1.093839e-01;1.078882e-02;2.399623e-02;1.029071e-03;1.811128e-01;-6.391858e-03;5.932738e-01;-3.953042e-02;1.148897e+00;6.319132e-02;1.567277e+00;-5.351270e-02;1.370307e+00;-1.305416e-01;1.517094e+00;-7.929318e-02;1.486646e+00;-9.029518e-02;1.613420e+00;1.357197e-01;2.131448e+00;4.922613e-02;1.478143e+00;-1.789912e-01;1.846056e+00;-2.416890e-01;2.585660e+00;7.657053e-02;1.607087e+00;4.517879e-02;1.855879e+00;3.516166e-02;1.209234e+00;-3.314410e-02
304.000000;6.094110e+01;1.116665e+02;2.314815e-02;7.618649e-01;1.398868e-01;1.052949e-01;1.522200e-01;1.201902e-01;7.889085e-02;1.807943e-01;2.423313e+00;5.864217e+00;2.828069e-01;2.658127e+00;1.403140e-01;1.023990e+00;2.793925e-02;1.490585e-01;4.417140e-03;2.932477e-02;5.477554e-02;1.381096e-01;3.846933e-02;2.620127e-01;3.696203e-02;4.173581e-01;5.888711e-02;5.857537e-01;1.104797e-01;6.950902e-01;2.108963e-01;8.084655e-01;1.544974e-01;8.459135e-01;1.529703e-01;9.875495e-01;1.773705e-01;1.049875e+00;2.964770e-01;1.133748e+00;2.117974e-01;1.131444e+00;3.003549e-01;1.184094e+00;1.797520e-01;1.205916e+00;3.330412e-01;1.314944e+00;2.814605e-01;1.322780e+00;4.037180e-01;1.521609e+00;2.358093e-01;1.426520e+00;3.575992e-01;1.498093e+00;5.212992e-01;1.535710e+00;4.313676e-01;1.507591e+00;2.627042e-01;1.387982e+00;3.133773e-01;1.282663e+00;3.123041e-01;1.096483e+00;1.574031e-01;9.110839e-01;1.717926e-01;7.629513e-01;9.793761e-02;6.100062e-01;7.604928e-01;2.712088e+00;2.947466e-01;8.403338e-01;6.163764e+01;1.490098e+02;8.030483e+01;2.171982e+02;2.014602e+02;4.929668e+02;2.703123e+02;1.086853e+03;2.638913e-01;1.156206e+00;1.032797e+02;4.322728e+02;2.289706e-01;3.650788e+00;5.829893e+04;2.718575e+05;6.683887e-01;2.856549e+00;9.282145e+00;2.051587e+01;4.043407e-01;-1.086454e+00;9.213430e-02;3.973326e-01;5.743406e-01;1.903520e+00;2.210351e+00;3.975966e+01;3.829889e+00;-1.855869e+01;6.448207e+00;2.169307e+01;5.089759e+00;3.883576e+00;5.062150e+00;1.782632e+00;6.145364e+00;-4.264546e+00;6.994108e+00;-1.182432e+00;9.433387e+00;8.558819e+00;9.406151e+00;-2.999468e+00;1.099414e+01;-1.374274e+01;1.244528e+01;8.266668e+00;8.917762e+00;-6.521743e+00;6.661720e+00;-4.552794e+00;5.112387e+00;2.817243e+00;1.511661e-04;-2.827108e-06;5.124699e-08;5.810421e-09;5.408945e-07;-1.276884e-08;6.060691e-07;-2.718008e-10;3.156669e-07;-1.345785e-08;6.757868e-06;4.927526e-07;8.523101e-02;-4.523220e-03;3.694268e-02;-1.956041e-03;8.119358e-03;1.220467e-04;9.075183e-04;-1.555807e-04;1.174986e-02;3.625752e-04;1.109695e-02;3.344426e-04;1.230442e-02;-2.325295e-04;1.720942e-02;-1.253919e-03;3.096843e-02;-1.635424e-03;4.021344e-02;-3.322643e-03;2.902118e-02;-3.535439e-03;3.330104e-02;-4.325577e-04;4.160154e-02;1.519684e-03;9.699192e-02;-3.753524e-03;6.240800e-02;-3.873367e-03;8.008570e-02;-1.775743e-03;5.978251e-02;1.500038e-04;8.292049e-02;1.917840e-03;8.127771e-02;-9.204942e-04;9.571149e-02;-6.255032e-03;5.769540e-02;-2.658341e-03;8.813882e-02;-2.020058e-03;1.265930e-01;-4.151264e-04;9.984527e-02;-1.807412e-03;6.935196e-02;-4.580468e-03;7.032792e-02;-4.480530e-03;8.459412e-02;-6.076972e-03;4.286489e-02;-2.273712e-03;4.829380e-02;-3.086688e-03;2.549073e-02;-7.516198e-04;2.588316e-01;-9.442441e-03;1.041022e-01;-4.877763e-03;1.133642e+01;-4.019531e-01;1.823169e+01;-1.665234e+00;5.327596e+01;-2.713184e+00;8.369067e+01;-4.823438e+00;1.047354e-01;-3.976848e-03;2.383627e+01;-1.995577e+00;6.785071e-02;-6.801828e-03;2.003527e+04;-1.196040e+03;1.949814e-01;1.066256e-02;3.096820e+00;1.547939e-01;1.192691e-01;-2.208821e-03;1.984509e-02;-1.763925e-03;1.734336e-01;-1.675630e-02;5.533563e-01;3.433353e-02;1.044248e+00;-4.501942e-03;1.511184e+00;1.714578e-02;1.311595e+00;2.744436e-02;1.626104e+00;3.616690e-02;1.617776e+00;1.348078e-01;1.994634e+00;-4.276677e-03;2.324553e+00;2.961414e-02;1.562871e+00;-1.993701e-01;2.257642e+00;-1.318460e-01;2.973346e+00;4.720046e-02;1.523041e+00;2.243425e-01;1.571416e+00;1.857156e-01;1.349962e+00;7.746965e-02
304.500000;8.374243e+01;1.241466e+02;2.239048e-02;7.791396e-01;9.616086e-02;6.892072e-02;1.555317e-01;9.334595e-02;1.115937e-01;1.446405e-01;3.884297e+00;6.832860e+00;2.731038e-01;2.583990e+00;1.387163e-01;1.005898e+00;3.121082e-02;1.520898e-01;7.102876e-03;2.811413e-02;5.762474e-02;1.327398e-01;3.643419e-02;2.617972e-01;5.024566e-02;4.203941e-01;7.117164e-02;5.547222e-01;1.302756e-01;7.068461e-01;2.018027e-01;7.737605e-01;1.405600e-01;8.083302e-01;1.177770e-01;8.868844e-01;1.381270e-01;9.646751e-01;2.574233e-01;1.092640e+00;1.865935e-01;1.114219e+00;3.196095e-01;1.178747e+00;1.901331e-01;1.219749e+00;3.474728e-01;1.347611e+00;2.259912e-01;1.307245e+00;3.314787e-01;1.465970e+00;2.842761e-01;1.451280e+00;3.530771e-01;1.476341e+00;4.472379e-01;1.493987e+00;4.453025e-01;1.506323e+00;3.053112e-01;1.412748e+00;3.228375e-01;1.237547e+00;2.758278e-01;1.079130e+00;1.567298e-01;8.854756e-01;1.387046e-01;7.509212e-01;9.529877e-02;6.232527e-01;8.807048e-01;2.429916e+00;2.898382e-01;8.286609e-01;7.724577e+01;1.412578e+02;1.025543e+02;1.955215e+02;2.388489e+02;4.382725e+02;3.835215e+02;1.042925e+03;2.467845e-01;1.112546e+00;1.413647e+02;4.062418e+02;3.744487e-01;3.513079e+00;7.927058e+04;2.680999e+05;7.794067e-01;2.981627e+00;1.122103e+01;2.188085e+01;4.497877e-01;-1.136190e+00;1.256059e-01;3.696343e-01;4.703229e-01;1.451700e+00;2.733068e+00;3.958661e+01;3.840868e+00;-1.968509e+01;5.393472e+00;2.217200e+01;7.408171e+00;5.816655e+00;6.248008e+00;1.632823e+00;7.050374e+00;-3.331536e+00;8.472188e+00;-6.446704e+00;8.452708e+00;8.348691e+00;1.015320e+01;-7.802919e+00;1.151382e+01;-1.044328e+01;1.158813e+01;1.075559e+01;7.834827e+00;-8.518286e-01;5.834046e+00;-1.153029e+00;6.673258e+00;2.667133e+00;1.721405e-04;1.887684e-05;6.108406e-08;-1.656313e-09;2.950798e-07;-2.029330e-08;5.878090e-07;5.528725e-09;3.281242e-07;9.642316e-09;7.999724e-06;-3.238588e-07;8.507950e-02;-2.232388e-03;3.793549e-02;-1.019161e-03;6.568436e-03;-2.154885e-04;1.126103e-03;-6.386999e-05;9.514940e-03;-5.927915e-04;9.119043e-03;-1.463610e-04;1.565154e-02;8.097417e-04;2.052528e-02;7.329781e-04;3.565022e-02;-4.569381e-04;4.216662e-02;-1.430059e-05;3.715162e-02;2.198872e-04;3.253474e-02;-3.807191e-03;4.043374e-02;-3.754016e-03;8.779679e-02;1.683889e-03;4.220369e-02;9.341824e-04;7.250043e-02;1.536717e-03;5.752631e-02;-1.200972e-03;9.092644e-02;-1.574946e-03;7.208502e-02;-1.687839e-03;9.801544e-02;3.558101e-03;7.363429e-02;-1.764023e-03;9.066690e-02;-1.135503e-03;1.123909e-01;-6.412786e-04;1.079039e-01;-7.978970e-04;7.754225e-02;-4.138791e-03;7.753767e-02;-2.409397e-03;8.379893e-02;-3.758435e-03;4.920593e-02;-3.707417e-03;4.168913e-02;-2.240891e-03;2.924864e-02;-2.144697e-03;2.697825e-01;3.020178e-03;1.012021e-01;4.624822e-04;8.554510e+00;5.167969e-01;1.509373e+01;1.435547e-02;4.961241e+01;-7.608398e-01;7.837004e+01;1.047949e+00;8.354159e-02;-3.742675e-03;2.123596e+01;8.856814e-02;7.157287e-02;-3.182178e-03;1.890879e+04;-1.838185e+02;1.784063e-01;1.418962e-04;3.352321e+00;-2.950106e-02;9.899447e-02;1.369340e-03;1.711913e-02;1.119740e-04;1.406133e-01;-4.535573e-03;6.889310e-01;1.130814e-02;1.046607e+00;-1.057789e-01;1.393615e+00;3.070293e-02;1.359663e+00;1.356047e-02;1.541927e+00;-5.600284e-02;1.360310e+00;-6.865378e-02;2.068872e+00;-2.998122e-01;2.171837e+00;-2.229062e-01;2.035527e+00;-1.617096e-01;2.216413e+00;1.733508e-01;2.277384e+00;8.346830e-03;1.830775e+00;-9.508009e-02;1.671336e+00;-1.157784e-01;1.507957e+00;-1.408310e-01
305.000000;6.785400e+01;1.030143e+02;2.119155e-02;7.905198e-01;1.119262e-01;4.564857e-02;1.315502e-01;4.996178e-02;9.207813e-02;1.058453e-01;4.325933e+00;9.395425e+00;2.771393e-01;2.526560e+00;1.358422e-01;1.003133e+00;2.934079e-02;1.643190e-01;6.544209e-03;2.605820e-02;6.396738e-02;1.465873e-01;3.660614e-02;2.685483e-01;4.242206e-02;4.319876e-01;7.756527e-02;5.714445e-01;1.266735e-01;6.818845e-01;1.411367e-01;7.492465e-01;1.515966e-01;8.427846e-01;1.799363e-01;9.040746e-01;1.850302e-01;9.775211e-01;2.141626e-01;1.052961e+00;1.808093e-01;1.162504e+00;2.929930e-01;1.234121e+00;2.145059e-01;1.299171e+00;3.425494e-01;1.305684e+00;3.604976e-01;1.382425e+00;1.758778e-01;1.328466e+00;2.978919e-01;1.423443e+00;4.732337e-01;1.459903e+00;4.680364e-01;1.478429e+00;3.582229e-01;1.461760e+00;2.736906e-01;1.364578e+00;3.004983e-01;1.233824e+00;1.755303e-01;1.066311e+00;1.928849e-01;9.070127e-01;1.001266e-01;7.395742e-01;8.577643e-02;6.072190e-01;7.986091e-01;2.346863e+00;2.799217e-01;8.208227e-01;6.695622e+01;1.125469e+02;8.565007e+01;1.481484e+02;1.427811e+02;3.168252e+02;4.085967e+02;9.095625e+02;2.473135e-01;1.092975e+00;1.199862e+02;3.404738e+02;3.516123e-01;3.295143e+00;8.938739e+04;2.406182e+05;7.970543e-01;3.348374e+00;2.019499e+01;2.930865e+01;4.322262e-01;-1.319600e+00;1.044668e-01;3.099904e-01;5.379314e-01;1.449455e+00;2.779759e+00;4.015446e+01;3.543869e+00;-1.900079e+01;4.038911e+00;2.217950e+01;7.951329e+00;1.128214e+01;8.183135e+00;4.931393e+00;7.172550e+00;-3.133091e+00;6.948047e+00;-9.953536e+00;6.850990e+00;9.918258e+00;1.095907e+01;-6.634424e+00;9.195792e+00;-8.032878e+00;6.195945e+00;1.255348e+01;7.449439e+00;-5.139810e-01;1.128479e+01;2.210963e+00;8.646516e+00;2.343920e+00;1.419570e-04;1.745604e-07;6.015568e-08;-3.485557e-09;3.413204e-07;-2.788583e-08;4.663226e-07;9.422922e-09;2.707934e-07;2.645057e-08;9.313848e-06;-2.539274e-07;7.868088e-02;-2.512983e-03;3.726987e-02;-4.385154e-04;6.551456e-03;-6.532106e-04;1.107544e-03;1.200554e-04;1.347287e-02;-1.164287e-03;1.120705e-02;-9.153998e-04;1.508787e-02;5.654985e-04;2.282828e-02;1.118333e-03;3.236471e-02;1.580380e-04;3.874600e-02;2.902235e-03;3.791838e-02;3.455875e-03;4.956137e-02;-3.228932e-03;5.369818e-02;-4.876516e-03;7.456350e-02;-2.017616e-03;4.098148e-02;-2.687507e-03;7.317595e-02;-2.073160e-03;5.870068e-02;-1.559673e-04;8.624674e-02;-2.952339e-03;8.398632e-02;-4.028550e-04;5.870850e-02;-9.579197e-04;8.740946e-02;2.164525e-03;1.370319e-01;4.423279e-03;1.048313e-01;-1.730301e-04;9.068823e-02;-3.852511e-03;7.185030e-02;-3.024468e-04;7.942712e-02;1.053499e-03;4.984428e-02;1.391810e-03;5.116194e-02;-7.565163e-04;2.812477e-02;-1.551911e-03;2.547065e-02;-5.656016e-04;2.729213e-01;1.246057e-02;8.438629e-02;-2.575627e-03;1.242653e+01;1.751367e+00;1.592292e+01;2.138965e+00;3.133671e+01;2.167676e+00;9.803671e+01;4.450195e+00;8.049070e-02;-5.680841e-04;2.172685e+01;2.259629e+00;7.418650e-02;5.105441e-03;1.991623e+04;4.710889e+02;2.093080e-01;-7.612447e-03;5.762926e+00;-1.245661e-01;1.068615e-01;8.516191e-03;1.852473e-02;2.217840e-03;1.432010e-01;2.801771e-03;7.116891e-01;-1.839683e-02;1.040157e+00;-2.181545e-02;1.481452e+00;-6.044327e-02;1.718860e+00;-3.164110e-02;1.850927e+00;-1.672177e-01;1.613383e+00;-2.076218e-01;1.783457e+00;-1.510806e-01;2.112571e+00;-1.511997e-01;2.569456e+00;3.880414e-02;2.041851e+00;-8.022416e-02;1.843039e+00;-2.420055e-01;2.019080e+00;-7.795582e-02;2.591002e+00;-1.192579e-01;1.953050e+00;-4.527599e-02
305.500000;2.732917e+01;7.454691e+01;2.486560e-02;7.807249e-01;1.351920e-01;5.244600e-02;1.191161e-01;5.370705e-02;1.102085e-01;1.375568e-01;3.255728e+00;9.230825e+00;2.975041e-01;2.588209e+00;1.321917e-01;1.016467e+00;3.000625e-02;1.626129e-01;5.274417e-03;2.684051e-02;6.308894e-02;1.566694e-01;5.605930e-02;2.872064e-01;3.417303e-02;4.175496e-01;7.303853e-02;5.530106e-01;1.316145e-01;6.692208e-01;1.374234e-01;7.979103e-01;1.335596e-01;8.886890e-01;1.723915e-01;9.529648e-01;1.814731e-01;1.010700e+00;1.955545e-01;1.053627e+00;1.364814e-01;1.170776e+00;2.991756e-01;1.257082e+00;2.167581e-01;1.274252e+00;3.276039e-01;1.323017e+00;3.710393e-01;1.370944e+00;2.971726e-01;1.404426e+00;2.433768e-01;1.417924e+00;4.689700e-01;1.479931e+00;5.030967e-01;1.509929e+00;3.845487e-01;1.443665e+00;2.311095e-01;1.332024e+00;2.883249e-01;1.264907e+00;1.475107e-01;1.117156e+00;1.778068e-01;9.427816e-01;8.944777e-02;7.289871e-01;7.010210e-02;6.027980e-01;7.803001e-01;2.387421e+00;3.210238e-01;8.877316e-01;5.968475e+01;1.178584e+02;7.669247e+01;1.554697e+02;1.515693e+02;3.542930e+02;3.471399e+02;9.816270e+02;3.257213e-01;1.184091e+00;1.013571e+02;3.613001e+02;3.280773e-01;3.419050e+00;7.859063e+04;2.538473e+05;7.846212e-01;3.133973e+00;2.040288e+01;2.599087e+01;4.353399e-01;-1.288754e+00;8.969714e-02;3.293387e-01;5.930728e-01;1.734503e+00;2.270561e+00;4.016245e+01;3.444018e+00;-1.899755e+01;5.872000e+00;2.181544e+01;6.693145e+00;1.133310e+01;7.538285e+00;5.164317e+00;5.873940e+00;-3.718357e+00;6.681496e+00;-6.835837e+00;7.085896e+00;9.445380e+00;7.618906e+00;-2.921296e+00;6.991641e+00;-9.150639e+00;7.922938e+00;1.198813e+01;5.692197e+00;-3.509181e+00;1.338355e+01;-1.732443e+00;7.427133e+00;3.039695e+00;1.074119e-04;-2.213230e-05;6.053888e-08;2.560763e-09;3.545790e-07;-2.449604e-08;3.918102e-07;8.648194e-09;4.374753e-07;-1.488784e-08;8.231787e-06;5.602506e-07;8.259612e-02;2.362458e-03;3.545919e-02;7.696105e-04;9.087069e-03;6.962606e-04;9.722076e-04;-5.883094e-05;1.621512e-02;1.113161e-03;1.685257e-02;5.035496e-04;1.439378e-02;-7.549382e-04;2.338392e-02;-1.235603e-03;3.505709e-02;3.521557e-04;3.857213e-02;9.127911e-05;3.488541e-02;-3.863910e-04;5.690448e-02;1.587553e-03;6.130668e-02;1.836272e-03;5.741138e-02;-4.970214e-04;3.795623e-02;3.193029e-03;7.198753e-02;3.364376e-03;5.893732e-02;8.275522e-04;8.492101e-02;-5.989715e-04;8.621491e-02;-1.540784e-03;6.156009e-02;-2.366661e-03;7.562813e-02;1.033549e-03;1.383943e-01;-6.228723e-04;1.160523e-01;-1.768016e-03;9.543551e-02;-2.116257e-03;6.444552e-02;2.923843e-03;6.872151e-02;3.554426e-03;4.243071e-02;3.901713e-03;4.860947e-02;3.116980e-03;2.383465e-02;2.347759e-03;2.251524e-02;2.150184e-03;3.019292e-01;-7.580720e-03;9.841675e-02;2.738094e-03;1.600471e+01;-1.765723e+00;1.853955e+01;-2.081543e+00;4.668182e+01;-3.244336e+00;9.655891e+01;-5.914453e+00;1.123083e-01;3.735165e-03;2.594277e+01;-2.574804e+00;7.979234e-02;-5.053577e-03;2.101712e+04;-9.496248e+02;2.082349e-01;8.182694e-03;5.653228e+00;1.524410e-01;1.351375e-01;-8.643319e-03;2.257204e-02;-2.395506e-03;1.978869e-01;-6.669669e-04;6.110337e-01;1.017475e-02;1.043558e+00;9.886985e-02;1.666178e+00;-7.029681e-02;1.614427e+00;1.943429e-01;1.888781e+00;1.765149e-01;1.751736e+00;7.932921e-02;1.814413e+00;2.517948e-01;2.294020e+00;1.487956e-01;2.179888e+00;3.584391e-01;2.101972e+00;1.796745e-01;2.281449e+00;3.859712e-02;1.778154e+00;9.529663e-02;2.785044e+00;1.091161e-01;1.914713e+00;1.803758e-01
306.000000;1.707303e+01;8.066013e+01;2.347014e-02;7.773646e-01;1.283307e-01;5.511598e-02;9.181062e-02;5.309531e-02;1.276707e-01;1.584312e-01;2.084021e+00;8.127131e+00;3.667699e-01;2.671968e+00;1.445009e-01;1.040434e+00;2.978129e-02;1.515815e-01;5.557293e-03;2.814815e-02;4.373067e-02;1.354846e-01;5.059030e-02;2.941128e-01;3.569122e-02;4.177467e-01;1.008456e-01;5.472924e-01;1.694928e-01;6.861240e-01;1.229026e-01;8.154766e-01;1.718937e-01;9.106195e-01;1.727104e-01;9.994384e-01;1.619463e-01;1.045386e+00;1.901431e-01;1.057368e+00;1.590547e-01;1.107572e+00;2.260756e-01;1.195796e+00;2.161685e-01;1.210673e+00;3.613361e-01;1.329785e+00;3.711602e-01;1.379116e+00;2.882824e-01;1.446504e+00;2.241791e-01;1.490765e+00;3.452439e-01;1.514782e+00;4.320423e-01;1.575068e+00;4.362524e-01;1.506653e+00;2.397562e-01;1.452291e+00;3.336763e-01;1.328713e+00;2.328899e-01;1.192010e+00;1.996301e-01;1.002530e+00;1.324661e-01;7.844740e-01;6.243762e-02;6.255078e-01;7.371422e-01;2.058720e+00;3.547359e-01;9.022660e-01;4.890645e+01;1.355156e+02;7.903217e+01;1.942295e+02;1.761713e+02;4.389902e+02;2.847110e+02;1.125899e+03;3.401674e-01;1.143793e+00;9.705991e+01;4.136495e+02;3.285126e-01;3.671384e+00;7.006755e+04;2.789653e+05;5.708026e-01;2.838294e+00;1.003430e+01;2.035929e+01;4.488885e-01;-1.117625e+00;8.420806e-02;3.766690e-01;6.846536e-01;1.771158e+00;2.445138e+00;3.861896e+01;3.597716e+00;-1.781954e+01;5.937399e+00;1.947992e+01;5.202108e+00;8.444633e+00;4.793191e+00;3.958692e+00;6.479979e+00;-2.427159e+00;6.727254e+00;-3.633872e-01;7.443839e+00;8.385506e+00;6.332387e+00;9.779899e-01;1.028453e+01;-9.138853e+00;9.179495e+00;9.307815e+00;6.991760e+00;-7.592133e+00;7.088325e+00;-6.352093e+00;4.609923e+00;2.301009e+00;2.676669e-05;2.657122e-06;5.812091e-08;4.661761e-09;3.259471e-07;-2.921166e-08;2.830089e-07;2.445031e-10;4.897711e-07;-7.193653e-09;6.524655e-06;3.184336e-08;8.794083e-02;6.147330e-03;3.457079e-02;1.381988e-03;9.007975e-03;5.052506e-04;1.178339e-03;-5.631141e-05;1.188937e-02;7.966265e-04;1.496167e-02;5.967406e-04;1.311306e-02;-3.603377e-06;2.251147e-02;6.904077e-04;3.881662e-02;1.315583e-03;3.255420e-02;-1.714606e-03;4.099091e-02;-1.967984e-03;4.859230e-02;3.161688e-03;4.960630e-02;2.553218e-03;5.794516e-02;-1.184325e-03;3.390252e-02;4.105185e-04;4.830172e-02;4.681663e-03;6.086096e-02;3.286671e-03;8.649056e-02;2.023759e-03;8.137213e-02;1.402679e-03;6.993122e-02;-2.902642e-03;6.160473e-02;8.239408e-04;9.014025e-02;6.832286e-05;1.045125e-01;1.241748e-03;1.012063e-01;3.825972e-03;6.329084e-02;6.401026e-03;8.742939e-02;5.050374e-03;5.623194e-02;4.820775e-04;4.323756e-02;1.751135e-03;2.339603e-02;2.133714e-03;1.953329e-02;1.007013e-03;2.366756e-01;-2.315651e-03;1.078448e-01;4.678675e-03;1.432776e+01;-1.205859e+00;2.553852e+01;-7.895508e-01;6.401624e+01;-3.158203e-01;1.058292e+02;-1.220215e+00;1.130436e-01;9.096718e-04;3.294994e+01;-6.964625e-01;1.128870e-01;2.396872e-03;2.253089e+04;3.968539e+02;2.105101e-01;5.510378e-03;3.606308e+00;1.557117e-01;1.447740e-01;-6.623232e-03;2.770519e-02;-7.862038e-04;1.874995e-01;6.757135e-03;5.405358e-01;-3.268279e-02;1.011469e+00;8.643807e-02;1.408517e+00;2.614062e-02;1.159840e+00;1.106797e-02;1.234725e+00;1.533636e-01;1.681216e+00;2.023312e-02;1.688218e+00;1.350550e-01;2.196298e+00;1.803714e-01;1.518347e+00;1.046348e-01;2.115231e+00;-1.246991e-02;2.261745e+00;1.323521e-03;1.904050e+00;3.445793e-02;2.127724e+00;9.235547e-02;1.501090e+00;4.616993e-03
306.500000;6.024703e+00;9.665823e+01;1.731249e-02;7.871040e-01;8.646246e-02;5.528037e-02;8.103325e-02;4.526734e-02;1.053963e-01;1.569906e-01;1.855836e+00;8.443651e+00;3.793933e-01;2.564944e+00;1.523548e-01;9.949492e-01;2.648680e-02;1.504845e-01;5.020402e-03;2.672084e-02;3.323432e-02;1.287607e-01;3.184106e-02;2.805668e-01;2.937123e-02;4.292991e-01;1.004306e-01;5.684484e-01;1.489992e-01;6.675937e-01;1.436215e-01;7.370031e-01;2.076349e-01;8.319640e-01;2.058353e-01;9.183563e-01;1.789090e-01;9.747915e-01;1.566509e-01;1.015760e+00;1.383481e-01;1.034400e+00;1.764443e-01;1.139358e+00;1.856869e-01;1.186571e+00;3.277962e-01;1.260852e+00;3.847571e-01;1.385806e+00;1.994499e-01;1.338681e+00;2.766519e-01;1.461142e+00;3.686723e-01;1.533247e+00;3.765624e-01;1.518876e+00;3.651214e-01;1.459193e+00;2.658145e-01;1.395430e+00;3.361372e-01;1.300922e+00;3.091424e-01;1.056605e+00;2.482063e-01;9.141361e-01;1.495576e-01;7.539561e-01;9.697287e-02;5.769594e-01;7.194520e-01;1.959541e+00;3.450860e-01;7.778783e-01;3.896234e+01;1.355156e+02;6.534798e+01;1.996846e+02;1.597136e+02;3.735293e+02;3.515528e+02;1.001581e+03;2.443961e-01;1.049588e+00;9.718330e+01;3.879384e+02;3.812191e-01;3.535014e+00;8.055442e+04;2.568737e+05;7.553099e-01;3.207434e+00;1.298300e+01;2.520100e+01;4.173056e-01;-1.104586e+00;8.202946e-02;3.559273e-01;6.195805e-01;1.683542e+00;2.734683e+00;3.850990e+01;3.469246e+00;-1.589628e+01;6.069837e+00;2.094355e+01;6.005037e+00;1.002859e+01;4.715008e+00;5.952819e+00;7.239834e+00;-1.949994e+00;7.364498e+00;-6.679200e-01;6.179801e+00;7.767161e+00;7.070725e+00;-1.402994e+00;1.013233e+01;-1.322631e+01;6.669043e+00;6.048577e+00;7.400845e+00;-6.212289e+00;5.751696e+00;-3.984357e+00;4.890958e+00;2.099261e+00;1.282480e-05;2.883402e-06;4.605485e-08;-2.481779e-10;2.808208e-07;-5.846983e-09;2.750020e-07;-4.420246e-09;3.757113e-07;2.034814e-08;6.132133e-06;-2.446045e-07;7.208375e-02;-2.471616e-03;3.032048e-02;2.208007e-04;7.465757e-03;-5.433013e-04;1.342980e-03;3.048628e-05;9.268548e-03;-8.269965e-04;8.914787e-03;-4.689092e-04;9.881700e-03;4.114526e-04;1.852101e-02;1.435037e-03;3.009900e-02;-3.504147e-04;3.052406e-02;1.601801e-03;3.839673e-02;2.528934e-03;3.356368e-02;-1.650801e-03;3.367692e-02;-1.435545e-03;4.725173e-02;-1.887078e-03;3.522379e-02;-3.874662e-03;6.035229e-02;-1.375231e-04;5.359753e-02;-8.795017e-04;7.310836e-02;3.392421e-04;8.800065e-02;1.965475e-03;6.680905e-02;1.156569e-03;6.983056e-02;2.674845e-03;9.088592e-02;4.302117e-03;8.219003e-02;4.166855e-03;7.269201e-02;4.436518e-03;5.972609e-02;-1.373444e-03;8.751995e-02;-1.434278e-03;5.314734e-02;-2.313227e-03;3.460206e-02;-1.244464e-03;2.507087e-02;-6.815293e-04;1.412745e-02;-7.196618e-04;1.736207e-01;1.225618e-02;9.433912e-02;-3.766414e-03;1.140320e+01;1.492969e+00;2.374030e+01;1.937988e+00;5.109123e+01;1.708301e+00;1.240322e+02;1.708301e+00;8.301746e-02;4.521816e-04;3.105753e+01;1.709728e+00;1.153571e-01;3.000305e-03;2.353301e+04;4.575133e+02;2.614017e-01;2.259375e-03;4.591708e+00;-5.195823e-03;1.322048e-01;7.067234e-03;2.586263e-02;1.674192e-03;1.418855e-01;1.886723e-03;5.997865e-01;-2.708845e-02;1.074863e+00;8.355427e-04;1.414079e+00;1.186217e-01;1.186180e+00;-1.496861e-01;1.211831e+00;-1.749539e-01;1.620999e+00;-4.238473e-02;1.555868e+00;-1.623733e-01;1.811498e+00;-4.347849e-02;1.749028e+00;-1.292482e-01;1.962601e+00;-2.503360e-01;1.855358e+00;-1.744114e-01;1.895895e+00;-1.367952e-01;1.853775e+00;-7.240457e-02;1.403387e+00;-6.948560e-02
307.000000;2.331916e+00;9.891963e+01;1.543105e-02;7.782085e-01;7.063745e-02;7.507899e-02;4.795035e-02;4.502927e-02;7.290807e-02;1.392920e-01;1.246697e+00;7.753821e+00;2.874732e-01;2.467580e+00;1.447905e-01;9.882150e-01;2.181726e-02;1.503235e-01;5.021336e-03;2.493953e-02;3.526377e-02;1.375439e-01;3.502110e-02;2.747424e-01;2.680581e-02;4.173303e-01;6.801537e-02;5.474163e-01;7.697163e-02;6.601302e-01;1.759029e-01;7.718616e-01;2.047249e-01;8.554769e-01;2.429461e-01;8.835865e-01;2.793654e-01;9.824972e-01;1.680258e-01;1.054671e+00;1.845595e-01;1.095984e+00;2.777502e-01;1.200151e+00;2.530000e-01;1.237408e+00;3.047232e-01;1.281322e+00;3.952051e-01;1.354013e+00;2.326786e-01;1.335172e+00;3.709965e-01;1.446270e+00;4.449598e-01;1.527271e+00;4.754674e-01;1.480057e+00;4.589277e-01;1.439429e+00;2.899958e-01;1.335630e+00;2.790506e-01;1.221868e+00;2.343015e-01;1.018019e+00;1.818006e-01;8.472904e-01;9.829217e-02;7.059869e-01;1.185456e-01;5.824616e-01;6.115189e-01;2.050104e+00;3.746458e-01;7.189408e-01;4.540029e+01;1.304912e+02;5.155992e+01;1.894922e+02;1.228757e+02;3.383584e+02;3.950538e+02;9.364072e+02;2.251807e-01;1.050910e+00;8.230531e+01;3.670041e+02;2.671932e-01;3.389911e+00;1.033384e+05;2.426392e+05;9.840106e-01;3.499325e+00;2.908008e+01;3.512928e+01;3.099429e-01;-1.101451e+00;6.603524e-02;3.390792e-01;5.069225e-01;1.740459e+00;3.196939e+00;3.994012e+01;4.296237e+00;-1.555084e+01;7.445946e+00;2.286556e+01;5.880701e+00;1.042984e+01;7.613300e+00;4.334274e+00;6.779063e+00;-1.264567e+00;7.477083e+00;-2.731637e+00;5.568392e+00;1.053180e+01;8.883835e+00;1.236670e+00;5.994905e+00;-1.475396e+01;5.644058e+00;4.838003e+00;6.748229e+00;-4.431764e+00;7.061696e+00;-5.297913e+00;4.987411e+00;2.019534e-01;1.010275e-05;1.816870e-07;5.363052e-08;-4.265460e-09;2.149588e-07;2.373074e-08;1.867557e-07;1.107676e-08;2.977927e-07;-5.835092e-09;5.025663e-06;-2.569143e-07;6.946937e-02;-5.996780e-04;3.116868e-02;1.753211e-03;6.466249e-03;6.678747e-05;1.444302e-03;2.733685e-05;9.208295e-03;1.078901e-04;1.014509e-02;3.313234e-04;7.609636e-03;-7.322880e-04;1.385794e-02;-1.730314e-03;1.748936e-02;-7.055559e-04;2.725764e-02;8.682097e-04;2.754308e-02;1.618929e-03;4.177904e-02;-1.454260e-03;5.081131e-02;-4.617326e-04;3.594190e-02;2.870458e-03;4.325325e-02;2.776708e-03;8.611131e-02;3.853592e-04;6.386056e-02;1.210377e-03;7.137529e-02;2.218116e-03;9.920329e-02;3.233838e-03;6.356056e-02;7.554265e-03;7.778768e-02;6.175421e-03;1.074582e-01;1.522316e-03;1.090758e-01;3.320471e-03;1.000516e-01;5.598129e-03;6.793214e-02;7.713892e-05;6.295808e-02;-7.807954e-04;4.454749e-02;5.561167e-03;3.769409e-02;3.445874e-03;2.832832e-02;2.369961e-04;2.598243e-02;2.335474e-03;1.152143e-01;-1.381475e-02;9.747550e-02;3.355059e-03;1.113548e+01;-5.167969e-01;1.616808e+01;-9.331055e-01;4.971882e+01;-1.492969e+00;1.282466e+02;3.617578e+00;7.740709e-02;-2.507863e-04;2.832883e+01;-4.207374e-01;1.077689e-01;-7.165896e-03;2.784387e+04;6.862733e+02;3.621472e-01;-6.133914e-03;9.644128e+00;-1.429036e-01;1.081969e-01;-9.811559e-04;2.313547e-02;-5.904708e-04;1.496513e-01;-2.650554e-03;6.838468e-01;-1.254377e-02;1.310076e+00;-6.369705e-02;1.729683e+00;8.202266e-02;1.635321e+00;7.936870e-02;1.564678e+00;2.209818e-02;1.478224e+00;6.078454e-02;1.857314e+00;-1.149552e-02;1.597549e+00;5.272987e-02;1.981038e+00;1.429128e-01;1.659431e+00;1.774175e-01;1.698478e+00;9.728636e-02;1.396110e+00;-2.717599e-02;1.712661e+00;-1.115872e-01;1.469768e+00;-7.974641e-02
307.500000;1.620085e+01;1.020280e+02;7.827866e-02;7.557278e-01;9.487189e-02;9.741186e-02;1.260199e-01;7.679378e-02;5.032109e-02;1.082230e-01;7.081794e+00;5.916884e+00;2.993012e-01;2.520843e+00;1.475141e-01;1.026786e+00;2.260034e-02;1.502321e-01;4.722176e-03;2.457924e-02;3.813073e-02;1.381695e-01;3.725665e-02;2.720496e-01;5.025906e-02;4.238370e-01;8.246946e-02;5.675948e-01;7.413153e-02;6.681807e-01;1.451631e-01;8.152924e-01;1.658644e-01;9.196439e-01;2.344120e-01;9.609482e-01;2.742780e-01;1.011420e+00;1.580557e-01;1.043427e+00;1.769820e-01;1.118644e+00;2.652441e-01;1.209271e+00;2.643759e-01;1.291054e+00;3.361012e-01;1.320943e+00;4.072572e-01;1.392107e+00;2.547458e-01;1.399484e+00;3.843426e-01;1.487854e+00;4.476906e-01;1.529879e+00;4.983469e-01;1.544682e+00;4.784669e-01;1.511932e+00;3.270596e-01;1.385361e+00;3.125395e-01;1.260455e+00;2.164322e-01;1.127827e+00;1.860991e-01;9.205553e-01;1.051350e-01;7.520051e-01;1.044152e-01;6.238122e-01;7.420588e-01;2.213326e+00;4.010587e-01;7.853171e-01;5.339983e+01;1.325010e+02;5.659388e+01;1.853291e+02;1.258819e+02;3.687920e+02;3.915979e+02;1.003878e+03;3.242108e-01;1.051483e+00;7.820392e+01;3.796328e+02;2.609100e-01;3.383974e+00;1.050079e+05;2.533661e+05;9.934869e-01;3.370115e+00;3.001982e+01;3.491620e+01;3.274543e-01;-1.103602e+00;6.292096e-02;3.497042e-01;6.065271e-01;1.962253e+00;3.141255e+00;4.025743e+01;4.712042e+00;-1.683824e+01;7.889428e+00;2.311285e+01;4.600760e+00;9.482799e+00;6.829266e+00;1.731278e+00;6.156064e+00;-1.409045e+00;7.695851e+00;-3.710052e+00;7.252935e+00;1.460524e+01;7.605450e+00;8.557519e+00;6.518374e+00;-1.428618e+01;6.141665e+00;3.526462e+00;6.175204e+00;-5.748321e+00;7.163595e+00;-7.981418e+00;4.230600e+00;-5.592180e-01;4.590577e-05;2.415944e-06;6.119048e-08;-4.555137e-09;3.113767e-07;-6.234188e-09;3.875483e-07;-3.684940e-08;2.196246e-07;-1.596204e-08;2.774866e-05;-6.991542e-08;8.135849e-02;5.621907e-03;3.550209e-02;1.946644e-03;7.418297e-03;5.744701e-04;1.309519e-03;4.220206e-05;9.939604e-03;9.382410e-04;1.074425e-02;1.027631e-03;1.178250e-02;-1.689535e-04;1.576439e-02;-8.732658e-04;2.134166e-02;7.972425e-04;2.605282e-02;-1.545565e-03;3.104195e-02;-1.143396e-03;4.659208e-02;3.719491e-03;5.210652e-02;6.061625e-04;3.274857e-02;2.326534e-03;4.334404e-02;2.856955e-03;8.272032e-02;2.423246e-04;7.062066e-02;1.912065e-03;8.008296e-02;3.020037e-03;9.847972e-02;2.613419e-03;7.342993e-02;3.826462e-03;8.010178e-02;2.689204e-03;1.063841e-01;2.030938e-03;1.173365e-01;2.396084e-03;1.065105e-01;2.245481e-03;6.889554e-02;5.636974e-03;6.798013e-02;4.933432e-03;6.074495e-02;3.541971e-03;4.969589e-02;3.850597e-03;3.202800e-02;1.700185e-03;3.245596e-02;1.432532e-03;1.459302e-01;-5.126077e-03;1.106386e-01;3.689090e-03;1.368428e+01;-1.177148e+00;1.644648e+01;-1.320703e+00;5.896149e+01;-1.291992e+00;1.433063e+02;-2.368652e+00;1.061930e-01;1.511605e-03;3.289444e+01;-1.140334e+00;1.154437e-01;-1.596238e-03;3.117294e+04;2.640202e+01;3.754578e-01;5.195364e-04;1.001508e+01;3.704757e-03;1.218401e-01;-7.456184e-03;2.670870e-02;-1.157904e-03;1.821018e-01;1.538871e-02;7.004963e-01;-7.138249e-03;1.417478e+00;1.321446e-02;1.566763e+00;1.143308e-03;1.709748e+00;6.490242e-02;1.619703e+00;1.108729e-01;1.455986e+00;9.847058e-02;1.866071e+00;1.662880e-01;1.972278e+00;9.955183e-02;2.016774e+00;1.442655e-01;1.504107e+00;6.632634e-02;1.533249e+00;4.433063e-02;1.276840e+00;8.286911e-02;1.777802e+00;4.728254e-02;1.341920e+00;5.384110e-02
308.000000;5.995948e+01;1.194358e+02;7.838763e-02;7.488107e-01;1.435873e-01;1.407444e-01;1.462523e-01;1.210270e-01;5.928627e-02;1.095591e-01;7.271912e+00;4.932297e+00;3.220134e-01;2.543967e+00;1.775899e-01;1.018157e+00;3.023127e-02;1.466301e-01;5.474577e-03;2.705341e-02;4.753746e-02;1.326700e-01;4.257584e-02;2.616469e-01;5.504547e-02;4.186938e-01;9.491587e-02;5.634607e-01;1.192927e-01;6.837621e-01;1.154356e-01;8.048380e-01;9.836520e-02;8.832425e-01;2.950870e-01;9.542219e-01;1.812059e-01;9.721738e-01;1.919036e-01;1.067485e+00;1.336848e-01;1.093304e+00;2.587645e-01;1.141603e+00;1.951753e-01;1.217145e+00;3.021681e-01;1.327540e+00;2.738694e-01;1.362407e+00;3.637584e-01;1.498537e+00;2.716777e-01;1.443691e+00;3.871993e-01;1.493694e+00;4.827409e-01;1.541793e+00;5.373724e-01;1.546532e+00;3.661983e-01;1.392293e+00;4.008049e-01;1.267811e+00;4.522504e-01;1.118870e+00;3.101652e-01;9.341968e-01;1.589998e-01;7.538378e-01;1.406608e-01;5.966305e-01;9.632411e-01;2.264798e+00;3.141800e-01;8.231502e-01;6.512053e+01;1.451338e+02;1.030295e+02;2.084414e+02;1.962566e+02;4.176006e+02;3.696470e+02;1.053691e+03;3.730268e-01;1.065564e+00;1.154183e+02;4.139032e+02;3.395872e-01;3.443534e+00;7.308088e+04;2.755317e+05;7.769729e-01;2.964175e+00;1.437095e+01;2.169197e+01;4.171826e-01;-1.064543e+00;1.025111e-01;3.771681e-01;7.151299e-01;1.935029e+00;3.222675e+00;4.045788e+01;4.308314e+00;-1.997406e+01;6.616517e+00;2.563962e+01;5.960280e+00;8.014738e+00;5.890382e+00;-9.229077e-01;6.788013e+00;-3.626846e+00;8.729489e+00;-5.294896e+00;8.312069e+00;1.636594e+01;8.487180e+00;8.670375e+00;7.919747e+00;-1.133635e+01;8.214434e+00;5.752050e+00;6.943645e+00;-6.944424e+00;5.445586e+00;-1.008654e+01;4.981052e+00;-2.615954e+00;1.538959e-04;-7.048761e-07;6.594659e-08;1.529538e-09;4.453602e-07;-3.332597e-08;5.167972e-07;-5.171610e-08;2.295805e-07;6.747717e-09;2.836144e-05;4.982219e-07;1.048781e-01;-2.780565e-03;5.126267e-02;-1.535010e-03;8.983627e-03;1.163221e-05;1.129153e-03;-5.001259e-05;1.121938e-02;6.489357e-04;1.078338e-02;-4.636077e-04;1.382385e-02;4.423330e-04;2.475623e-02;1.004497e-03;3.806130e-02;-1.778191e-03;3.423886e-02;-2.322778e-03;2.943824e-02;-2.484967e-03;6.933761e-02;4.179325e-03;5.649464e-02;2.738535e-03;4.815644e-02;8.517510e-04;4.138095e-02;-2.502750e-03;7.104541e-02;-5.921521e-03;5.626495e-02;-4.054792e-03;8.620148e-02;-7.970795e-04;7.898644e-02;-2.721477e-03;1.014069e-01;1.990513e-03;6.849652e-02;-8.445096e-03;1.076272e-01;-4.677765e-03;1.368448e-01;-8.888730e-05;1.443527e-01;-4.561915e-04;1.007018e-01;-2.806390e-03;1.033069e-01;7.246645e-04;1.327276e-01;-4.528190e-03;8.141623e-02;-4.625089e-03;4.241263e-02;-1.336167e-03;3.567137e-02;-2.479893e-03;3.165071e-01;9.032562e-03;1.117658e-01;-5.357890e-03;1.694300e+01;-5.742187e-02;2.288806e+01;-4.880859e-01;5.629247e+01;2.871094e-02;1.330034e+02;-8.340528e+00;1.264837e-01;-1.112436e-03;3.338960e+01;-1.034367e+00;1.066371e-01;-9.117204e-04;2.612484e+04;-1.214689e+03;2.531426e-01;8.124631e-03;4.796290e+00;4.883452e-02;1.297960e-01;-3.925669e-04;2.790471e-02;-7.875362e-04;2.427487e-01;-4.138472e-03;8.970982e-01;4.670371e-02;1.090858e+00;-1.074659e-02;1.423537e+00;2.363447e-02;1.803118e+00;-1.145972e-01;1.503901e+00;-5.971004e-02;1.942950e+00;7.086293e-02;1.985415e+00;7.469230e-02;2.207543e+00;-2.399865e-02;2.259908e+00;-2.884894e-01;2.257285e+00;-7.980156e-02;1.512883e+00;6.675656e-02;1.518784e+00;1.413874e-02;1.743316e+00;6.030438e-02;1.420145e+00;1.180336e-01
308.500000;7.777843e+01;1.197126e+02;2.690380e-02;7.711201e-01;1.475547e-01;1.027963e-01;1.189680e-01;9.974413e-02;6.823451e-02;1.288302e-01;4.156138e+00;7.380399e+00;2.986840e-01;2.562833e+00;1.681297e-01;1.033251e+00;3.201164e-02;1.531763e-01;1.115106e-02;2.697909e-02;4.825879e-02;1.395894e-01;4.059829e-02;2.627593e-01;3.840945e-02;4.072849e-01;7.701727e-02;5.425208e-01;1.369817e-01;7.125517e-01;1.509350e-01;7.828306e-01;1.346212e-01;8.290398e-01;3.099914e-01;9.493364e-01;2.123237e-01;1.003952e+00;2.049640e-01;1.132852e+00;2.182170e-01;1.179247e+00;3.256317e-01;1.205819e+00;1.977180e-01;1.227766e+00;3.186776e-01;1.363140e+00;2.115075e-01;1.348781e+00;3.285680e-01;1.517982e+00;2.154825e-01;1.408337e+00;3.766637e-01;1.470623e+00;5.157075e-01;1.562734e+00;6.045159e-01;1.590314e+00;3.835678e-01;1.409836e+00;3.868107e-01;1.300376e+00;4.349880e-01;1.169282e+00;3.024944e-01;9.669930e-01;1.565676e-01;7.528118e-01;1.539313e-01;6.277569e-01;9.216797e-01;2.046476e+00;3.284438e-01;8.910027e-01;7.717263e+01;1.294863e+02;1.590982e+02;2.016943e+02;4.148094e+02;4.781807e+02;4.611765e+02;1.009907e+03;2.871043e-01;9.865961e-01;1.962603e+02;4.132549e+02;5.011412e-01;3.409501e+00;1.321617e+05;2.914729e+05;9.304155e-01;2.949152e+00;1.177450e+01;2.164943e+01;4.341316e-01;-1.155582e+00;1.589734e-01;3.668725e-01;6.345488e-01;1.582439e+00;4.107948e+00;3.963121e+01;4.074095e+00;-2.031277e+01;6.116038e+00;2.471194e+01;7.869530e+00;8.964104e+00;6.710331e+00;-8.467859e-01;7.544825e+00;-3.655757e+00;8.888893e+00;-4.238046e+00;7.757755e+00;1.371950e+01;8.762647e+00;5.336464e+00;7.236154e+00;-6.665410e+00;1.060999e+01;1.479661e+01;7.345237e+00;-6.364320e+00;6.921017e+00;-9.046487e+00;8.317001e+00;8.116472e-01;1.806867e-04;2.053692e-05;6.482642e-08;4.890541e-10;4.250951e-07;-1.312623e-08;4.748197e-07;-1.846693e-09;2.497318e-07;4.641010e-09;9.694425e-06;-5.194380e-07;9.730779e-02;1.475099e-03;4.796289e-02;4.110068e-04;7.384671e-03;-5.772051e-04;1.716418e-03;2.345679e-04;9.216941e-03;-1.160869e-03;1.012782e-02;-9.883543e-04;1.490841e-02;3.777184e-04;2.697668e-02;6.384820e-04;3.928691e-02;-1.340925e-03;3.970731e-02;1.123765e-03;2.968985e-02;-1.391837e-03;7.154624e-02;-3.490032e-03;6.078764e-02;1.310209e-04;6.096844e-02;1.343831e-03;5.394989e-02;-1.312271e-03;7.287911e-02;-1.700577e-03;5.612484e-02;-2.006211e-03;8.930466e-02;2.400825e-03;6.894070e-02;-4.049266e-04;9.353010e-02;-1.285527e-03;5.497885e-02;2.060488e-03;1.039889e-01;-3.653151e-04;1.386098e-01;4.725960e-03;1.576861e-01;5.036890e-03;9.710081e-02;4.644594e-03;1.016130e-01;-1.853050e-03;1.297532e-01;1.128981e-03;8.070806e-02;1.839904e-03;4.096480e-02;1.133510e-03;3.567612e-02;1.400084e-03;3.269580e-01;-7.702193e-04;1.003808e-01;5.689598e-03;1.632248e+01;1.564746e+00;3.590595e+01;2.282520e+00;8.026878e+01;1.267588e+01;9.646191e+01;1.177148e+01;1.029331e-01;-2.961042e-03;3.689816e+01;4.932437e+00;9.884498e-02;1.054217e-02;2.731786e+04;3.967815e+03;1.910564e-01;-2.046916e-02;2.864715e+00;-1.888122e-01;1.023622e-01;7.971258e-03;2.892053e-02;3.721379e-03;2.123325e-01;-1.036946e-02;9.090330e-01;-1.028112e-01;9.581438e-01;-4.382651e-02;1.456921e+00;-5.316228e-02;1.716959e+00;-5.702895e-02;1.530587e+00;-9.027223e-02;2.031096e+00;-1.141101e-01;1.886242e+00;-1.750492e-01;1.982631e+00;-1.535324e-01;2.334891e+00;-2.108959e-01;2.423690e+00;4.121045e-02;2.101579e+00;1.651403e-01;1.491912e+00;-1.103530e-01;1.810607e+00;-4.142563e-02;1.570949e+00;-7.931034e-02
309.000000;7.932221e+01;1.128085e+02;2.507578e-02;7.866740e-01;1.707434e-01;7.596791e-02;1.833732e-01;9.236491e-02;7.232035e-02;1.261607e-01;4.484334e+00;9.243471e+00;2.352992e-01;2.631813e+00;1.225826e-01;1.018905e+00;2.816533e-02;1.610922e-01;1.245580e-02;2.610607e-02;5.774857e-02;1.497639e-01;5.182158e-02;2.789955e-01;4.594715e-02;4.158072e-01;7.136787e-02;5.573781e-01;1.379462e-01;7.008770e-01;1.270704e-01;7.325693e-01;1.469714e-01;8.124077e-01;2.104023e-01;9.562941e-01;2.238381e-01;1.036441e+00;2.044543e-01;1.055403e+00;2.342404e-01;1.188354e+00;2.972190e-01;1.240632e+00;1.844140e-01;1.284666e+00;3.418368e-01;1.319354e+00;3.705244e-01;1.375073e+00;2.200297e-01;1.369079e+00;3.180557e-01;1.454720e+00;4.593994e-01;1.503121e+00;4.852880e-01;1.504318e+00;4.988931e-01;1.497684e+00;4.080101e-01;1.420669e+00;2.659477e-01;1.255207e+00;1.892566e-01;1.097658e+00;2.363713e-01;9.199295e-01;1.123811e-01;7.463834e-01;1.189267e-01;6.187377e-01;6.605870e-01;1.833825e+00;3.727917e-01;9.906181e-01;8.376757e+01;1.191504e+02;1.629143e+02;1.774336e+02;4.781751e+02;4.788984e+02;5.729940e+02;1.092308e+03;2.498318e-01;1.013773e+00;2.320331e+02;4.101061e+02;5.725091e-01;3.376211e+00;1.728488e+05;3.146731e+05;9.750069e-01;2.924849e+00;1.250080e+01;2.227041e+01;3.992768e-01;-1.262191e+00;1.815637e-01;3.552397e-01;3.294120e-01;1.395689e+00;4.621767e+00;3.817612e+01;3.650699e+00;-1.983239e+01;5.538490e+00;2.230612e+01;8.054208e+00;1.057641e+01;7.548052e+00;2.109596e+00;6.301546e+00;-3.258105e+00;6.119802e+00;-3.678044e+00;7.030879e+00;1.072799e+01;1.132289e+01;4.448749e-01;8.114005e+00;-6.285215e+00;9.411579e+00;1.620214e+01;5.900073e+00;-2.961779e+00;1.104380e+01;-2.510642e+00;6.599708e+00;4.354905e+00;1.484966e-04;1.089096e-07;6.066205e-08;1.063689e-09;5.010027e-07;1.199477e-08;5.345848e-07;2.245062e-08;2.615868e-07;-8.870005e-09;9.034464e-06;5.296172e-07;6.322560e-02;2.472034e-03;2.743330e-02;4.350349e-04;5.890020e-03;1.449007e-04;1.943163e-03;8.667171e-05;1.065631e-02;-5.961490e-04;1.362230e-02;8.458896e-05;1.736390e-02;2.584949e-04;2.348902e-02;7.555987e-04;4.126201e-02;2.137606e-03;3.047032e-02;2.823504e-03;3.985700e-02;2.817912e-03;5.339620e-02;-5.075954e-03;5.916173e-02;-2.731086e-03;5.716594e-02;1.068536e-03;5.990126e-02;7.529397e-04;7.468197e-02;1.309622e-03;5.119880e-02;1.267755e-03;8.695791e-02;2.375323e-03;9.436572e-02;7.122683e-03;5.588474e-02;-6.481437e-03;7.168852e-02;2.103977e-03;1.032479e-01;4.759744e-03;1.103842e-01;1.946503e-03;1.138601e-01;-1.529424e-03;6.873375e-02;-1.383867e-03;6.453714e-02;-2.789928e-03;4.701577e-02;-9.915170e-04;5.628187e-02;1.052841e-03;2.882376e-02;1.581763e-03;2.745592e-02;-1.329105e-03;2.355705e-01;-1.636115e-03;8.744466e-02;6.034718e-03;1.371202e+01;-8.613281e-02;3.456659e+01;0;8.346062e+01;3.158203e-01;1.067701e+02;7.694531e+00;8.569338e-02;3.809464e-04;3.876841e+01;7.209959e-01;1.049016e-01;1.391672e-03;3.204162e+04;1.074615e+03;1.956377e-01;-1.062580e-02;2.911469e+00;-1.107903e-01;8.894815e-02;-1.835973e-03;2.930994e-02;4.822529e-04;1.236450e-01;1.951041e-03;7.986260e-01;5.447383e-03;1.046355e+00;-1.501101e-02;1.624891e+00;-5.240303e-02;1.448180e+00;9.327242e-02;1.906881e+00;8.145780e-03;1.537059e+00;-8.688850e-02;1.785990e+00;-9.502766e-02;1.731858e+00;-1.431337e-02;2.685270e+00;1.121554e-01;2.396478e+00;1.937968e-02;2.378229e+00;1.376068e-01;1.418167e+00;1.539669e-02;2.529465e+00;2.436211e-02;1.380611e+00;-1.851434e-02
309.500000;6.534019e+01;9.527511e+01;2.845568e-02;7.758027e-01;1.799706e-01;9.651364e-02;2.083667e-01;1.435332e-01;9.874656e-02;1.280748e-01;4.066595e+00;8.304201e+00;2.360707e-01;2.635105e+00;1.146574e-01;1.012585e+00;3.187620e-02;1.519980e-01;9.232447e-03;2.859033e-02;6.617487e-02;1.460778e-01;6.468764e-02;2.885239e-01;4.670465e-02;4.245258e-01;7.753346e-02;5.619903e-01;1.248383e-01;6.676258e-01;1.242834e-01;7.840768e-01;1.328090e-01;8.698308e-01;1.883227e-01;9.476235e-01;1.918845e-01;1.015539e+00;1.882409e-01;1.053279e+00;1.903034e-01;1.074146e+00;3.800648e-01;1.151012e+00;2.088471e-01;1.221380e+00;3.204463e-01;1.304113e+00;4.225827e-01;1.389997e+00;2.843922e-01;1.402567e+00;3.186768e-01;1.465649e+00;4.271963e-01;1.472660e+00;4.481809e-01;1.526729e+00;4.372265e-01;1.521547e+00;3.463234e-01;1.418472e+00;2.053578e-01;1.239055e+00;1.667454e-01;1.072481e+00;2.277849e-01;9.305711e-01;1.053990e-01;7.714394e-01;8.766902e-02;6.062959e-01;6.178192e-01;1.899716e+00;3.506849e-01;9.514953e-01;7.797333e+01;1.401094e+02;1.205739e+02;1.968135e+02;3.695038e+02;5.231133e+02;5.393317e+02;1.275483e+03;3.645335e-01;1.174286e+00;1.910127e+02;4.528824e+02;4.879361e-01;3.560299e+00;1.431605e+05;3.429668e+05;9.088338e-01;2.724827e+00;1.472128e+01;1.943048e+01;4.599035e-01;-1.139434e+00;1.542827e-01;3.954948e-01;3.809977e-01;1.519544e+00;3.861617e+00;3.722369e+01;4.104434e+00;-1.874481e+01;5.594471e+00;2.186581e+01;6.601885e+00;8.285543e+00;7.525061e+00;-5.324632e-02;6.242621e+00;-3.710058e+00;7.166834e+00;-2.645428e+00;8.865345e+00;1.199881e+01;1.077249e+01;-4.545183e+00;9.252832e+00;-9.371915e+00;1.281290e+01;1.560304e+01;6.097883e+00;-5.017951e+00;1.075200e+01;-2.253938e+00;6.704009e+00;-2.949112e-01;1.056022e-04;-2.334497e-05;7.130890e-08;5.448871e-09;5.848069e-07;1.133371e-08;7.026497e-07;2.008109e-08;4.166755e-07;-1.218492e-08;9.254245e-06;9.152466e-07;6.660879e-02;-1.643055e-03;2.844312e-02;-1.234283e-03;8.590650e-03;7.549006e-04;1.851391e-03;-2.973041e-04;1.515684e-02;1.427068e-03;1.776331e-02;1.263315e-03;1.550425e-02;-3.015823e-04;2.133385e-02;-4.872452e-04;3.966779e-02;1.614789e-03;2.634985e-02;-3.258136e-03;3.996881e-02;-1.409035e-03;5.647121e-02;4.636722e-03;5.850155e-02;3.625596e-03;4.771345e-02;-2.287537e-03;5.166205e-02;5.388654e-03;9.595826e-02;1.195702e-02;4.900687e-02;5.673909e-03;8.540189e-02;-6.832364e-03;1.060085e-01;-4.102067e-03;6.294222e-02;1.456917e-05;8.403806e-02;-2.764660e-03;1.115783e-01;-5.316896e-03;1.125124e-01;-9.131673e-03;1.067583e-01;-8.789015e-03;6.596602e-02;-8.798548e-03;5.526556e-02;-2.323313e-03;4.131761e-02;-1.257928e-03;5.118586e-02;-5.017202e-03;2.707556e-02;-3.509348e-03;2.029054e-02;-2.106424e-03;2.254904e-01;-5.346100e-03;8.864393e-02;-3.753006e-03;1.534099e+01;-1.837500e+00;2.563943e+01;-2.756250e+00;8.824662e+01;-1.281943e+01;1.327990e+02;-1.121162e+01;1.229246e-01;4.371495e-03;4.136472e+01;-5.464893e+00;1.239378e-01;-1.138238e-02;3.424361e+04;-4.432768e+03;2.752171e-01;1.866971e-02;5.175767e+00;1.721031e-01;1.305806e-01;-1.082502e-02;3.316280e-02;-4.203980e-03;1.399023e-01;-2.421820e-03;7.516776e-01;1.189330e-01;1.113533e+00;1.425567e-02;1.883702e+00;-2.309860e-02;1.504375e+00;1.120784e-01;2.003601e+00;1.907076e-01;1.569042e+00;1.543765e-01;2.219343e+00;1.584261e-01;2.054192e+00;7.650065e-02;2.622947e+00;9.795813e-02;2.613170e+00;4.824597e-02;3.460339e+00;-9.373895e-02;1.322241e+00;9.798115e-02;2.504513e+00;2.179997e-01;1.507265e+00;1.803306e-01
310.000000;1.606934e+01;7.736697e+01;2.534122e-02;7.742852e-01;1.210472e-01;5.888291e-02;1.476448e-01;8.983681e-02;1.122560e-01;1.432961e-01;2.576188e+00;8.312822e+00;3.086858e-01;2.503155e+00;1.245737e-01;1.002628e+00;3.245581e-02;1.452203e-01;6.907640e-03;2.635047e-02;6.142534e-02;1.308094e-01;4.831956e-02;2.848747e-01;3.401094e-02;4.358398e-01;8.594648e-02;5.796369e-01;1.236150e-01;6.765411e-01;1.453757e-01;7.671569e-01;1.395905e-01;8.575474e-01;2.290916e-01;9.723791e-01;2.022269e-01;1.009192e+00;1.542449e-01;1.074880e+00;2.691651e-01;1.124178e+00;4.069764e-01;1.230366e+00;2.446969e-01;1.178028e+00;2.760428e-01;1.225935e+00;3.028253e-01;1.269433e+00;3.133608e-01;1.406750e+00;2.602699e-01;1.420871e+00;2.700674e-01;1.425318e+00;3.479935e-01;1.452129e+00;3.879415e-01;1.425181e+00;2.359069e-01;1.416431e+00;2.475772e-01;1.261368e+00;2.173384e-01;1.116054e+00;2.215486e-01;9.584718e-01;1.163188e-01;7.566411e-01;7.797686e-02;6.123297e-01;6.779533e-01;1.772968e+00;3.098514e-01;7.894380e-01;5.807776e+01;1.409707e+02;8.292691e+01;1.909277e+02;2.620969e+02;4.474600e+02;4.243384e+02;1.139537e+03;4.065041e-01;1.139255e+00;1.309598e+02;4.135238e+02;3.710586e-01;3.531843e+00;1.130825e+05;2.805922e+05;8.964174e-01;3.029105e+00;1.827474e+01;2.592626e+01;4.621708e-01;-1.033717e+00;1.075636e-01;3.742632e-01;4.617799e-01;1.408746e+00;2.706712e+00;3.805415e+01;3.633189e+00;-1.692140e+01;6.470077e+00;1.867749e+01;4.699586e+00;8.386809e+00;6.813214e+00;2.392015e+00;5.999129e+00;-1.578922e+00;8.887473e+00;-4.993904e+00;1.243408e+01;7.724216e+00;7.536653e+00;-4.579399e+00;8.163563e+00;-1.017378e+01;1.562430e+01;9.594562e+00;6.816646e+00;-7.015620e+00;8.403770e+00;-1.892800e+00;7.248405e+00;-5.802725e-01;3.640495e-05;2.755582e-06;7.041942e-08;-3.316720e-10;4.413454e-07;-4.832132e-08;5.556630e-07;-7.952396e-09;4.501945e-07;7.505371e-09;7.965454e-06;-9.041255e-07;7.114404e-02;-3.962992e-04;2.835970e-02;5.548593e-04;8.731609e-03;-1.458064e-04;1.638770e-03;-6.462585e-05;1.510613e-02;1.209154e-03;1.427369e-02;7.237386e-04;1.079641e-02;-1.661809e-04;2.076916e-02;-3.547374e-04;3.114075e-02;1.750377e-03;3.146159e-02;6.280557e-04;3.729533e-02;-8.300249e-04;5.980143e-02;2.657264e-03;5.574341e-02;1.520420e-03;5.037920e-02;-2.346117e-03;5.706048e-02;3.898048e-03;8.617073e-02;6.385756e-03;5.052856e-02;4.914329e-03;6.766732e-02;-3.939684e-03;6.998409e-02;-5.920739e-03;7.493287e-02;4.755771e-03;7.548333e-02;2.719696e-03;8.990221e-02;-1.052437e-03;8.737567e-02;-3.025397e-03;8.800424e-02;-6.771717e-03;5.113697e-02;1.369601e-03;6.186545e-02;1.536312e-03;4.738474e-02;2.206334e-03;4.225541e-02;2.012875e-03;2.563959e-02;-4.017433e-04;2.257161e-02;9.473658e-04;1.957910e-01;2.725637e-03;7.633781e-02;-1.532862e-03;1.462960e+01;5.455078e-01;2.205252e+01;8.326172e-01;7.957288e+01;4.880859e-01;1.191452e+02;-2.282520e+00;1.271613e-01;3.765058e-03;3.695877e+01;1.567088e-01;1.231406e-01;4.299341e-03;2.889760e+04;-1.349896e+03;3.019952e-01;2.323296e-03;6.454885e+00;6.770722e-02;1.316559e-01;1.747193e-03;3.064860e-02;4.531378e-04;1.223680e-01;5.697190e-03;7.009130e-01;1.710372e-02;1.074612e+00;5.005203e-02;1.673866e+00;-9.492130e-02;1.437733e+00;4.598595e-02;1.454144e+00;4.859059e-02;1.705552e+00;3.065414e-02;2.175913e+00;-1.695608e-02;2.311186e+00;-2.213776e-01;1.996217e+00;1.642418e-01;2.171274e+00;7.458246e-02;3.325230e+00;-3.356700e-01;1.666749e+00;-7.183079e-02;1.706401e+00;9.967476e-02;1.541501e+00;-1.107808e-03
310.500000;1.378327e+01;9.368677e+01;1.896576e-02;7.792609e-01;9.255502e-02;5.665895e-02;5.120675e-02;3.713182e-02;1.120265e-01;1.669776e-01;1.658167e+00;8.389998e+00;3.599271e-01;2.582899e+00;1.453245e-01;1.024480e+00;2.457859e-02;1.523987e-01;4.011787e-03;2.514487e-02;5.312943e-02;1.451354e-01;2.124158e-02;2.829046e-01;3.761128e-02;4.199941e-01;7.493476e-02;5.804669e-01;1.164498e-01;7.029377e-01;1.077903e-01;7.262799e-01;1.338115e-01;8.406836e-01;2.249102e-01;9.457873e-01;2.092824e-01;1.012946e+00;2.273029e-01;1.100703e+00;2.538627e-01;1.170982e+00;2.769596e-01;1.247337e+00;2.566296e-01;1.292755e+00;4.392355e-01;1.368957e+00;2.776728e-01;1.308810e+00;3.444113e-01;1.420969e+00;2.558928e-01;1.515280e+00;3.647945e-01;1.582946e+00;4.246166e-01;1.478060e+00;5.829337e-01;1.508055e+00;2.247033e-01;1.352241e+00;2.581817e-01;1.276103e+00;2.316550e-01;1.104415e+00;2.322865e-01;9.134452e-01;1.047806e-01;7.403801e-01;7.971162e-02;5.978965e-01;6.401216e-01;1.757051e+00;4.158375e-01;9.415667e-01;4.098631e+01;1.260410e+02;5.669665e+01;1.716914e+02;9.389520e+01;3.492686e+02;3.792807e+02;1.157625e+03;2.929481e-01;1.032131e+00;7.760491e+01;3.835615e+02;2.574889e-01;3.463532e+00;9.806880e+04;2.615614e+05;7.375292e-01;3.009146e+00;1.603897e+01;2.521731e+01;3.443167e-01;-1.111644e+00;6.488120e-02;3.506706e-01;6.138946e-01;1.695529e+00;2.685922e+00;3.930953e+01;3.795453e+00;-1.761121e+01;7.161248e+00;1.925268e+01;5.019861e+00;1.200904e+01;3.764561e+00;6.757650e+00;4.747585e+00;1.204312e+00;6.728886e+00;-7.511683e+00;9.511417e+00;2.785925e+00;8.118386e+00;1.283863e-01;5.824449e+00;-1.006304e+01;1.043301e+01;3.916233e+00;1.019404e+01;-2.995048e+00;4.046473e+00;3.316433e+00;5.874219e+00;1.085366e+00;1.898736e-05;2.748713e-06;5.141402e-08;-3.668005e-09;2.725969e-07;-1.391255e-08;1.872709e-07;-7.866221e-09;4.002525e-07;2.198596e-08;3.934090e-06;-3.967114e-07;7.835834e-02;9.849408e-04;3.461158e-02;-2.166384e-04;5.053584e-03;-2.042590e-04;1.002504e-03;3.212396e-05;1.053511e-02;-6.732768e-04;6.754119e-03;-9.142066e-04;7.103316e-03;-5.567604e-04;1.879573e-02;6.511380e-04;3.271810e-02;5.832068e-04;2.359207e-02;2.169711e-03;3.492708e-02;3.866332e-03;5.031441e-02;-5.146126e-03;5.604361e-02;-4.553691e-03;6.429204e-02;1.931427e-03;5.050837e-02;-4.516937e-03;5.179423e-02;-9.807057e-03;5.497205e-02;-2.598852e-03;8.848091e-02;4.957043e-03;6.694218e-02;3.082332e-03;8.987515e-02;-6.657867e-04;6.431776e-02;-1.204125e-03;9.458180e-02;2.776770e-03;9.452562e-02;8.384542e-04;1.131911e-01;-1.601717e-03;5.247424e-02;-5.566919e-04;6.731699e-02;2.172227e-03;4.679219e-02;-8.197828e-04;4.452075e-02;1.897461e-03;2.250180e-02;2.057677e-03;2.182314e-02;9.986325e-04;1.664973e-01;5.282777e-03;9.133012e-02;5.072447e-03;7.791728e+00;2.871094e-01;1.231457e+01;6.459961e-01;3.068143e+01;1.579102e+00;1.039878e+02;7.034180e+00;8.685774e-02;-4.012846e-03;2.228212e+01;1.617044e+00;8.739207e-02;1.787874e-03;2.117384e+04;1.555942e+03;2.421865e-01;-9.525007e-03;5.029552e+00;-1.081846e-01;7.732204e-02;3.257246e-03;1.841713e-02;1.288314e-03;1.371149e-01;1.380351e-02;6.141877e-01;-2.311945e-02;1.074372e+00;1.803536e-02;1.210755e+00;3.952892e-02;1.222749e+00;5.961601e-02;8.102187e-01;-1.385471e-01;1.427721e+00;-5.984082e-02;1.631313e+00;-9.696054e-02;1.784339e+00;-4.816166e-02;2.150480e+00;8.892277e-02;1.503965e+00;7.419300e-03;1.927079e+00;5.223741e-02;1.968169e+00;2.255857e-01;1.242592e+00;-1.381821e-01;1.128745e+00;-1.705000e-01
311.000000;5.923496e+00;1.061535e+02;1.414105e-02;7.779626e-01;6.923660e-02;7.931268e-02;5.321684e-02;5.912179e-02;9.692276e-02;1.727753e-01;9.136386e-01;7.681409e+00;2.426544e-01;2.691844e+00;1.157982e-01;1.011105e+00;8.274056e-03;1.598085e-01;4.991812e-03;2.742126e-02;2.710755e-02;1.462603e-01;1.723332e-02;2.782656e-01;3.366232e-02;4.171261e-01;6.511366e-02;5.498553e-01;8.187060e-02;6.770816e-01;6.683783e-02;7.378893e-01;1.083358e-01;8.515363e-01;9.844088e-02;8.792305e-01;1.118588e-01;9.608958e-01;2.242196e-01;1.099211e+00;1.345730e-01;1.068259e+00;2.099423e-01;1.191409e+00;2.359186e-01;1.317568e+00;4.366726e-01;1.496173e+00;2.327443e-01;1.370301e+00;2.818953e-01;1.430586e+00;2.281638e-01;1.444761e+00;3.644397e-01;1.597478e+00;4.475031e-01;1.552341e+00;6.229500e-01;1.618280e+00;1.701327e-01;1.263235e+00;2.113447e-01;1.226296e+00;1.832888e-01;1.008946e+00;1.776271e-01;8.345909e-01;1.024240e-01;7.032642e-01;8.524320e-02;5.678907e-01;4.659059e-01;1.672178e+00;4.324284e-01;1.189484e+00;1.587951e+01;1.088145e+02;2.791022e+01;1.579102e+02;1.865193e+02;3.930527e+02;4.185800e+02;1.283522e+03;2.018520e-01;9.359657e-01;8.759363e+01;4.020300e+02;2.323436e-01;3.422933e+00;1.112488e+05;3.164242e+05;8.362387e-01;2.766162e+00;1.551725e+01;1.989596e+01;1.465491e-01;-1.206137e+00;6.289078e-02;3.558659e-01;4.003410e-01;2.109230e+00;2.882488e+00;3.994176e+01;5.507492e+00;-1.970561e+01;5.903183e+00;2.555449e+01;3.639331e+00;1.504143e+01;4.165424e+00;7.042072e+00;4.065816e+00;1.980032e+00;6.846245e+00;-7.277919e+00;8.678036e+00;6.249523e+00;7.320433e+00;3.468107e+00;6.603982e+00;-1.138023e+01;8.428744e+00;7.763912e+00;9.227592e+00;2.921952e+00;3.938270e+00;1.290627e+00;4.612885e+00;-1.175272e+00;1.090486e-05;1.379991e-06;3.117807e-08;-5.769762e-10;1.761947e-07;5.673372e-09;2.157988e-07;7.243119e-09;3.918202e-07;1.032777e-09;4.597233e-06;-6.242641e-08;7.305261e-02;-2.558189e-03;3.080306e-02;-2.809086e-03;3.838907e-03;-8.396219e-05;1.261163e-03;4.031226e-06;4.642452e-03;-1.504606e-03;5.707165e-03;-7.284901e-04;5.343090e-03;-1.944147e-04;1.413712e-02;-1.272629e-03;2.142252e-02;-3.098046e-03;1.096913e-02;-2.693593e-03;2.356776e-02;-2.482981e-03;2.300906e-02;-1.276524e-03;3.390099e-02;9.242119e-05;5.647004e-02;-6.366553e-04;2.373710e-02;-3.327002e-03;6.759258e-02;-2.335182e-03;6.448334e-02;-4.271950e-03;1.096139e-01;1.994524e-04;7.760034e-02;-9.563774e-04;8.263192e-02;-1.910508e-03;4.990664e-02;-7.466699e-03;9.740005e-02;-8.405541e-03;9.936463e-02;-4.438381e-03;1.287796e-01;-1.604215e-04;4.847570e-02;-4.109263e-03;5.372534e-02;-6.330142e-03;4.012809e-02;-6.208401e-03;4.116576e-02;-5.582355e-03;2.921422e-02;-2.481313e-03;2.159232e-02;-1.456633e-03;1.020391e-01;-1.275908e-02;1.306466e-01;2.365782e-03;6.453178e+00;-2.153320e-01;1.043914e+01;-2.009766e-01;7.954779e+01;1.363770e+00;1.256921e+02;2.598340e+00;4.166738e-02;-5.092813e-03;3.198878e+01;5.661225e-01;9.913041e-02;-3.816695e-03;3.227195e+04;1.299807e+03;2.817581e-01;-6.262867e-03;5.156774e+00;-7.894875e-02;7.017816e-02;1.522039e-03;2.437036e-02;2.101026e-04;1.488639e-01;-4.917984e-03;6.082008e-01;4.625931e-02;1.405158e+00;-1.262720e-01;1.053697e+00;1.321827e-01;1.137631e+00;1.006468e-01;1.162573e+00;2.192695e-02;1.128151e+00;4.442873e-02;1.511052e+00;-6.727725e-02;1.495443e+00;2.149081e-01;1.899791e+00;-2.298139e-01;1.682803e+00;-8.203143e-02;1.743682e+00;1.260494e-01;1.991057e+00;8.735878e-02;1.064127e+00;-2.934979e-02;1.374556e+00;-3.725983e-02
311.500000;6.380143e+00;1.055800e+02;1.459044e-02;7.777391e-01;9.585434e-02;1.053696e-01;7.526374e-02;7.229313e-02;8.408017e-02;1.650657e-01;1.002938e+00;7.859681e+00;3.393558e-01;2.379596e+00;7.433766e-02;9.182330e-01;1.386744e-02;1.529354e-01;5.518196e-03;2.511086e-02;1.023685e-02;1.291127e-01;1.501734e-02;2.723859e-01;3.662091e-02;4.152617e-01;7.339762e-02;5.592231e-01;8.104602e-02;6.774575e-01;1.075893e-01;6.916870e-01;1.381009e-01;7.835594e-01;1.168761e-01;8.348855e-01;8.977135e-02;9.079664e-01;1.092213e-01;1.010442e+00;5.853927e-02;1.023996e+00;1.837426e-01;1.176373e+00;1.849303e-01;1.192823e+00;2.896746e-01;1.277008e+00;1.907367e-01;1.228654e+00;1.875945e-01;1.254876e+00;1.465141e-01;1.259041e+00;2.765687e-01;1.359038e+00;3.144193e-01;1.307073e+00;4.022391e-01;1.269463e+00;1.767431e-01;1.200864e+00;1.923574e-01;1.092811e+00;1.398412e-01;9.445570e-01;1.389083e-01;7.946983e-01;9.960905e-02;6.667324e-01;7.812278e-02;5.440707e-01;4.022967e-01;1.439326e+00;4.620540e-01;9.600542e-01;1.523033e+01;1.022109e+02;2.282249e+01;1.485791e+02;1.922990e+02;3.588867e+02;4.766858e+02;1.041059e+03;1.383559e-01;7.735521e-01;9.123067e+01;3.647665e+02;2.695098e-01;3.206339e+00;1.046503e+05;2.726526e+05;8.825333e-01;2.968650e+00;1.660575e+01;2.174967e+01;2.137132e-01;-1.113210e+00;6.724076e-02;3.272263e-01;4.001202e-01;1.914643e+00;3.307119e+00;4.341119e+01;5.347658e+00;-2.137763e+01;4.771132e+00;2.816573e+01;8.854873e+00;2.290020e+01;4.213784e+00;7.074642e+00;4.203013e+00;8.886500e-01;8.707968e+00;-1.295838e+01;9.215382e+00;5.131244e+00;6.557954e+00;1.398971e+00;6.176476e+00;-1.428228e+01;5.938030e+00;1.048181e+01;8.520183e+00;1.091802e+01;6.227118e+00;3.299620e+00;5.400434e+00;-3.821761e-01;1.152464e-05;1.248075e-07;4.247836e-08;2.264195e-09;2.581004e-07;-1.373809e-08;2.959584e-07;-1.585263e-09;3.727560e-07;-1.791598e-08;4.863158e-06;2.804055e-08;5.369974e-02;-8.384947e-03;1.887252e-02;-9.168522e-04;6.057159e-03;-2.164311e-04;1.229596e-03;-1.385758e-06;5.325281e-03;-9.194714e-05;7.326224e-03;1.977309e-04;5.150766e-03;7.613490e-04;1.265603e-02;-1.860908e-03;1.512476e-02;-1.887634e-03;1.192319e-02;9.381356e-04;1.719006e-02;-2.584194e-03;2.365608e-02;1.101639e-03;1.789706e-02;2.242571e-05;3.108742e-02;-9.455394e-04;2.239770e-02;-2.829554e-04;6.404600e-02;-1.368462e-03;5.108462e-02;-1.990942e-03;7.646674e-02;-2.924510e-03;6.146037e-02;-1.805563e-03;5.838111e-02;-1.097273e-03;5.641339e-02;-2.403085e-04;8.345858e-02;8.988223e-04;6.186150e-02;2.989744e-04;7.678910e-02;7.598471e-04;4.670890e-02;-2.731263e-04;4.683151e-02;-2.346128e-03;4.299333e-02;-1.856530e-03;3.823983e-02;-2.961458e-03;3.637619e-02;-2.259360e-03;2.815204e-02;-2.040231e-03;8.180267e-02;-1.485332e-02;1.141906e-01;-9.117585e-03;7.906410e+00;-1.148437e-01;1.118676e+01;-3.014649e-01;8.187453e+01;-2.024121e+00;1.316251e+02;-9.905273e+00;3.624325e-02;-6.006989e-04;3.286633e+01;-1.629604e+00;1.127774e-01;-5.570997e-03;3.031891e+04;-1.618864e+03;3.016925e-01;1.127278e-02;6.053015e+00;6.755993e-02;9.878912e-02;2.274055e-03;2.581364e-02;-1.292480e-03;1.195731e-01;-1.332199e-02;6.690996e-01;8.744544e-02;1.411905e+00;-5.235569e-02;1.349187e+00;1.129226e-01;1.157384e+00;1.053144e-01;1.313132e+00;8.089318e-02;1.312762e+00;6.320466e-02;1.569497e+00;-5.539161e-02;1.505149e+00;-3.718120e-02;1.415885e+00;-2.094255e-02;1.626246e+00;-7.622238e-02;1.345605e+00;-6.002958e-02;1.772665e+00;2.406778e-02;1.011689e+00;-6.588990e-03;1.448039e+00;-3.072456e-02
312.000000;4.700981e+00;9.992814e+01;1.180734e-02;7.741109e-01;8.540395e-02;1.175626e-01;7.366417e-02;6.989324e-02;8.025244e-02;1.829023e-01;1.200345e+00;7.678313e+00;2.653438e-01;1.916232e+00;5.556549e-02;9.085782e-01;1.379297e-02;1.428399e-01;4.855979e-03;1.979466e-02;1.142098e-02;1.277228e-01;1.690450e-02;2.714675e-01;3.477433e-02;4.173745e-01;7.768168e-02;5.704156e-01;8.494109e-02;6.833985e-01;1.320088e-01;7.146795e-01;1.177069e-01;7.528339e-01;1.551741e-01;8.498345e-01;1.251070e-01;9.138387e-01;5.598883e-02;9.726390e-01;8.335426e-02;1.026580e+00;1.364346e-01;1.058654e+00;1.017372e-01;1.097357e+00;1.246334e-01;1.152409e+00;2.235747e-01;1.235684e+00;2.028058e-01;1.264953e+00;2.337537e-01;1.285919e+00;2.249687e-01;1.278704e+00;1.707769e-01;1.219071e+00;1.344298e-01;1.158288e+00;1.571682e-01;1.248566e+00;1.725049e-01;1.133088e+00;1.439926e-01;1.030308e+00;1.252175e-01;8.608351e-01;1.114202e-01;7.146685e-01;9.301079e-02;5.837433e-01;4.154303e-01;1.339348e+00;2.988826e-01;4.883731e-01;1.463976e+01;1.004883e+02;2.282249e+01;1.485791e+02;5.800658e+01;2.619873e+02;3.878640e+02;6.138398e+02;1.623462e-01;8.476142e-01;6.385236e+01;2.823991e+02;2.041015e-01;2.958729e+00;8.304402e+04;1.657480e+05;1.750237e+00;4.448268e+00;6.786452e+01;6.423833e+01;2.078395e-01;-9.837198e-01;4.884482e-02;2.677160e-01;3.900258e-01;1.471117e+00;2.312364e+00;4.658547e+01;6.110864e+00;-1.760956e+01;5.046934e+00;2.760485e+01;4.067672e+00;3.052742e+01;3.625951e+00;5.429464e+00;5.156629e+00;-4.925320e-01;6.086865e+00;-1.408256e+01;7.137227e+00;-2.043719e+00;5.804372e+00;-1.726249e+00;5.093370e+00;-1.353743e+01;5.919222e+00;1.023560e+01;5.233520e+00;1.654849e+01;5.642906e+00;4.921707e+00;6.551253e+00;-1.208811e+00;9.388913e-06;-1.451483e-06;5.357888e-08;-1.352834e-09;2.676026e-07;1.557258e-08;2.856474e-07;1.529151e-08;3.455585e-07;5.329738e-09;5.296298e-06;-1.337787e-07;3.085096e-02;-1.005887e-02;1.606430e-02;-1.075986e-04;6.879441e-03;-9.715500e-05;1.001899e-03;-1.279919e-04;6.137427e-03;5.913010e-05;8.200655e-03;1.187171e-04;4.987057e-03;1.680690e-04;1.060134e-02;2.432347e-04;1.248234e-02;1.600232e-04;1.402943e-02;9.618120e-04;1.870763e-02;4.830526e-04;4.755497e-02;-6.168990e-04;3.992019e-02;-1.401140e-03;1.550459e-02;-8.561302e-04;2.190312e-02;-3.858154e-04;5.305961e-02;-2.350311e-03;3.395603e-02;-2.580696e-03;4.078179e-02;-3.460121e-03;7.957058e-02;-3.938681e-03;6.791019e-02;-3.298553e-03;6.939154e-02;-1.117468e-04;9.474745e-02;1.580319e-03;5.193043e-02;-3.635813e-04;4.088192e-02;1.602098e-03;4.635902e-02;2.859239e-03;5.102408e-02;2.610557e-03;5.066001e-02;2.253026e-03;4.323335e-02;1.699009e-03;4.190278e-02;1.026589e-03;3.551276e-02;7.412539e-04;6.858309e-02;2.875289e-03;4.186102e-02;-1.269245e-02;7.527127e+00;-1.866211e-01;1.114839e+01;-1.435547e-01;2.913971e+01;-2.784961e+00;9.652533e+01;-1.142695e+01;2.638747e-02;3.976569e-03;1.931175e+01;-2.418736e+00;8.535209e-02;-5.691928e-03;1.568380e+04;-3.137411e+03;4.434572e-01;5.955032e-02;1.996903e+01;1.799825e+00;1.040747e-01;8.309978e-04;1.676515e-02;-1.732956e-03;1.132654e-01;-3.945036e-03;7.055575e-01;3.126848e-02;1.318723e+00;1.979954e-01;1.886060e+00;-1.824095e-02;1.231920e+00;5.300582e-02;1.193886e+00;5.559925e-03;1.642232e+00;-4.237707e-02;1.481320e+00;-4.111704e-02;1.556814e+00;-2.611115e-01;1.790314e+00;5.304601e-02;1.875481e+00;1.135139e-01;1.310579e+00;-6.527736e-02;1.803139e+00;1.045731e-01;1.304896e+00;3.123961e-02;1.151355e+00;-3.491073e-02
312.500000;7.104706e-01;9.805061e+01;1.253412e-02;7.804890e-01;5.886850e-02;1.005274e-01;6.331354e-02;6.861831e-02;9.526810e-02;1.758987e-01;1.671795e+00;7.770144e+00;2.417782e-01;1.535447e+00;6.777916e-02;9.347885e-01;1.522498e-02;1.337708e-01;4.480560e-03;1.404258e-02;1.363804e-02;1.272760e-01;1.668448e-02;2.723849e-01;1.670823e-02;4.264677e-01;8.924098e-02;5.273398e-01;9.341913e-02;6.383945e-01;8.209144e-02;7.579127e-01;7.319167e-02;7.964399e-01;1.385971e-01;8.850194e-01;1.302155e-01;9.249682e-01;5.839958e-02;9.496285e-01;8.706018e-02;1.005468e+00;2.268375e-01;1.045918e+00;1.552874e-01;1.073014e+00;1.933476e-01;1.120552e+00;2.280835e-01;1.235415e+00;1.947196e-01;1.302812e+00;3.568775e-01;1.406067e+00;3.848444e-01;1.345191e+00;2.081791e-01;1.320569e+00;1.600423e-01;1.282144e+00;1.565571e-01;1.326133e+00;1.474258e-01;1.218256e+00;1.391459e-01;1.073572e+00;1.270087e-01;9.010611e-01;1.275589e-01;7.410321e-01;9.694430e-02;6.014630e-01;4.852881e-01;1.138979e+00;1.343586e-01;1.697072e-01;1.473517e+01;1.016367e+02;2.309893e+01;1.511631e+02;4.260334e+01;2.246631e+02;1.007443e+02;3.488379e+02;1.294844e-01;9.162444e-01;3.614417e+01;2.165613e+02;2.064965e-01;2.765821e+00;4.528761e+04;7.570679e+04;3.849306e+00;8.392738e+00;3.324429e+02;2.831109e+02;2.199918e-01;-8.766361e-01;3.146693e-02;2.191020e-01;3.449152e-01;1.075568e+00;2.282011e+00;4.688929e+01;6.105931e+00;-9.322126e+00;5.138042e+00;2.739759e+01;6.008527e+00;2.990642e+01;4.701803e+00;2.878216e+00;6.080729e+00;1.148579e+00;4.747011e+00;-9.071056e+00;8.837723e+00;-1.071672e+01;5.684929e+00;-1.078544e+00;6.425416e+00;-8.758884e+00;4.935870e+00;3.614496e+00;5.601975e+00;1.664471e+01;4.526915e+00;3.249803e+00;5.555623e+00;-5.319476e+00;5.303176e-06;-8.516299e-07;6.274533e-08;-1.099190e-09;2.201535e-07;-8.065511e-09;2.047353e-07;1.667325e-09;3.830209e-07;2.005185e-08;7.316717e-06;3.607283e-08;2.630462e-02;-8.378908e-03;1.966074e-02;4.251789e-04;7.017397e-03;-1.840701e-04;9.072108e-04;-1.220710e-04;7.376021e-03;9.811840e-05;8.507110e-03;2.875572e-05;3.818735e-03;-3.980080e-04;1.251569e-02;1.197398e-03;1.552449e-02;1.206227e-03;1.216557e-02;-1.158403e-03;1.987407e-02;-5.283265e-04;5.002181e-02;3.260355e-04;4.489435e-02;8.422519e-04;1.640751e-02;-1.006785e-03;2.066554e-02;-8.391844e-04;8.224946e-02;6.782925e-04;5.579240e-02;-1.378801e-03;6.989626e-02;-1.535710e-03;9.341086e-02;-1.571928e-03;6.576771e-02;-2.559162e-03;9.042206e-02;-4.875495e-03;1.103276e-01;-5.423082e-03;6.082887e-02;3.195099e-03;4.741143e-02;4.550092e-03;5.250826e-02;3.730888e-03;5.589974e-02;3.694700e-03;5.581697e-02;3.184402e-03;5.040229e-02;3.470426e-03;4.940297e-02;3.512096e-03;3.838336e-02;2.614730e-03;5.994944e-02;-1.047631e-03;1.858643e-02;-5.844757e-03;7.390975e+00;-7.177734e-02;1.149689e+01;2.871094e-02;1.497420e+01;-3.014649e-01;3.647763e+01;-3.273047e+00;2.479905e-02;-1.018453e-03;1.253979e+01;-1.225608e+00;7.248157e-02;-3.830635e-03;8.757740e+03;-1.850309e+03;8.759268e-01;1.823158e-01;8.542101e+01;1.763462e+01;1.020270e-01;1.810305e-03;1.215020e-02;-8.852709e-04;1.235389e-01;-1.797846e-03;7.653568e-01;-1.674967e-02;1.331939e+00;2.768939e-01;1.767785e+00;-1.152488e-01;2.130538e+00;-6.296230e-03;1.499642e+00;4.080065e-02;1.973869e+00;-6.933817e-02;1.704458e+00;3.750242e-02;2.145243e+00;-3.933233e-02;2.069236e+00;-8.270216e-02;2.397091e+00;7.774431e-02;1.650231e+00;-8.767148e-03;1.983398e+00;-3.879759e-02;1.472456e+00;8.130183e-02;1.275724e+00;4.878263e-02
313.000000;3.253157e+00;9.824760e+01;1.664025e-02;7.770985e-01;8.077484e-02;9.685086e-02;7.168306e-02;7.725833e-02;1.094990e-01;1.880263e-01;1.667627e+00;7.920460e+00;1.838931e-01;1.275531e+00;1.151635e-01;9.623631e-01;2.044572e-02;1.147309e-01;2.679347e-03;1.191988e-02;1.766700e-02;1.264195e-01;2.071266e-02;2.645409e-01;2.830231e-02;4.020412e-01;9.630806e-02;5.183128e-01;1.196012e-01;6.205786e-01;4.712423e-02;7.489206e-01;6.502842e-02;8.165719e-01;1.005035e-01;8.563659e-01;1.078530e-01;8.909583e-01;8.787237e-02;9.510300e-01;1.469050e-01;1.043675e+00;3.411457e-01;1.157223e+00;2.533221e-01;1.135227e+00;2.946174e-01;1.163483e+00;3.203864e-01;1.312018e+00;2.579679e-01;1.361789e+00;3.656327e-01;1.484828e+00;4.915486e-01;1.449764e+00;4.255383e-01;1.507603e+00;2.974363e-01;1.418042e+00;2.334228e-01;1.345351e+00;1.856720e-01;1.216902e+00;1.487964e-01;1.045591e+00;1.375902e-01;8.741769e-01;1.280174e-01;7.253716e-01;9.535238e-02;5.846584e-01;4.318760e-01;8.217862e-01;3.893891e-02;6.911322e-02;1.903169e+01;1.050820e+02;2.194838e+01;1.481484e+02;4.793501e+01;2.154756e+02;6.861539e+01;3.116572e+02;1.237745e-01;8.110047e-01;3.054521e+01;1.964948e+02;2.091976e-01;2.638695e+00;2.351053e+04;5.188907e+04;3.774051e+00;1.068287e+01;3.895117e+02;4.367919e+02;2.503296e-01;-6.658692e-01;3.034851e-02;2.029773e-01;3.613411e-01;8.183305e-01;2.390244e+00;4.549581e+01;4.670441e+00;-5.976062e+00;5.409462e+00;3.111040e+01;7.134882e+00;2.767348e+01;5.230492e+00;1.060619e+00;5.691245e+00;2.255248e+00;6.900531e+00;-1.035225e+01;8.060270e+00;-1.154405e+01;5.718180e+00;1.457985e+00;6.479915e+00;-4.359962e+00;5.556226e+00;1.974049e+00;1.003308e+01;1.288073e+01;4.596102e+00;2.820042e+00;5.253277e+00;-3.712276e+00;1.154434e-05;2.716016e-07;7.966383e-08;-2.552847e-09;2.482986e-07;-1.325501e-08;2.550908e-07;-6.674866e-09;4.310635e-07;2.796183e-08;7.688943e-06;3.261963e-07;5.122168e-02;1.109164e-03;3.510363e-02;2.665501e-03;7.293259e-03;-4.013988e-04;9.389606e-04;1.655329e-04;9.491285e-03;2.503914e-04;9.495433e-03;4.599943e-05;6.632890e-03;-1.077506e-04;1.504807e-02;6.683536e-04;2.106415e-02;1.127776e-03;1.001872e-02;1.526596e-04;1.669464e-02;1.502630e-03;3.597663e-02;2.198155e-03;4.353942e-02;5.386851e-03;3.055352e-02;2.777281e-03;4.417645e-02;6.145271e-03;1.078952e-01;5.294987e-03;9.019744e-02;5.455334e-03;9.958789e-02;1.157028e-03;1.021390e-01;4.265616e-03;7.319923e-02;3.161339e-03;1.042019e-01;3.897950e-03;1.157340e-01;9.237342e-04;1.019667e-01;4.568889e-03;7.142289e-02;4.166800e-03;6.967716e-02;4.251648e-03;6.271992e-02;3.562091e-03;5.669343e-02;2.824448e-03;5.302178e-02;2.204199e-03;4.927120e-02;1.930494e-03;3.674971e-02;1.490870e-03;5.579539e-02;-6.682163e-03;2.786521e-02;2.918853e-03;9.604431e+00;1.291992e-01;1.111651e+01;1.722656e-01;2.544525e+01;1.722656e+00;4.230607e+01;5.340234e+00;2.681382e-02;-2.013538e-03;1.689218e+01;1.223917e+00;8.731571e-02;3.691894e-03;1.233893e+04;1.327507e+03;1.432700e+00;-8.450222e-03;1.430037e+02;9.608083e-01;9.677216e-02;5.419791e-03;1.572843e-02;9.105415e-04;1.085483e-01;-6.992067e-03;7.457613e-01;-4.795767e-02;1.822703e+00;-7.998849e-02;1.419201e+00;-1.418847e-02;2.409073e+00;-3.766928e-02;1.614878e+00;2.394686e-02;1.918289e+00;6.750622e-02;1.806448e+00;2.534460e-02;2.129486e+00;2.504210e-03;1.976507e+00;1.766775e-02;2.028848e+00;6.043526e-02;1.818973e+00;-7.296730e-02;1.819192e+00;-1.457926e-01;1.350276e+00;5.595589e-02;1.348888e+00;8.256954e-02
313.500000;5.152845e+00;9.788349e+01;1.634233e-02;7.657551e-01;1.112393e-01;1.117831e-01;6.109527e-02;8.102211e-02;1.003952e-01;1.963763e-01;1.578679e+00;7.398841e+00;5.494405e-01;1.697749e+00;2.675506e-01;1.150921e+00;2.897781e-02;1.187064e-01;9.949430e-03;2.187201e-02;2.756880e-02;1.350293e-01;3.276903e-02;2.744995e-01;4.067061e-02;4.174951e-01;1.011386e-01;5.898003e-01;1.413689e-01;7.157705e-01;9.375840e-02;7.707863e-01;8.022539e-02;8.657354e-01;2.123602e-01;9.773844e-01;4.379497e-01;1.112661e+00;2.622224e-01;1.144603e+00;5.610147e-01;1.328197e+00;5.594335e-01;1.397555e+00;5.377618e-01;1.519068e+00;6.619983e-01;1.615885e+00;4.590111e-01;1.592630e+00;3.926170e-01;1.595643e+00;4.076860e-01;1.675205e+00;6.900524e-01;1.910206e+00;7.835621e-01;1.935741e+00;7.305782e-01;1.904017e+00;5.582110e-01;1.606743e+00;5.567099e-01;1.433376e+00;2.011998e-01;1.117656e+00;1.807325e-01;9.257548e-01;1.495468e-01;7.567815e-01;1.148581e-01;6.057339e-01;3.671212e-01;7.956552e-01;5.160625e-01;5.046023e-01;2.953740e+01;1.136953e+02;1.028528e+02;1.813096e+02;3.197224e+02;3.561592e+02;5.423347e+02;7.681611e+02;2.048410e-01;9.029304e-01;1.638015e+02;3.179342e+02;4.611191e-01;2.944079e+00;1.710150e+05;1.965359e+05;4.780807e+00;6.452743e+00;3.374230e+02;2.161626e+02;3.871611e-01;-7.224453e-01;1.228220e-01;2.910431e-01;5.477128e-01;1.010581e+00;3.881821e+00;4.294318e+01;1.012355e+01;-1.579854e+01;8.372492e+00;3.496967e+01;5.705581e+00;2.543330e+01;7.398132e+00;6.243303e+00;5.299774e+00;1.874286e+00;8.019111e+00;-1.727843e+01;6.813405e+00;-5.730203e+00;6.358241e+00;2.034953e+00;7.670474e+00;-5.893637e+00;6.585876e+00;4.341563e+00;1.146850e+01;1.159291e+01;4.418992e+00;3.303946e+00;5.275772e+00;-2.710409e-01;2.150802e-05;2.246693e-06;8.589474e-08;-1.878533e-09;4.432110e-07;1.281792e-08;2.569464e-07;1.408515e-08;4.115091e-07;-1.555164e-08;6.878722e-06;-1.743447e-07;7.518619e-02;1.045820e-02;6.724965e-02;-9.048945e-05;8.314891e-03;4.265999e-04;1.475882e-03;1.888385e-04;1.189799e-02;1.998293e-04;1.220335e-02;1.146533e-04;9.329977e-03;2.711315e-04;1.690614e-02;1.204325e-03;2.201930e-02;1.381400e-03;2.292012e-02;2.347067e-05;2.316174e-02;2.949191e-04;5.560901e-02;5.218068e-04;8.856650e-02;-6.622295e-04;5.967641e-02;1.214631e-03;1.014415e-01;-1.192330e-03;1.414297e-01;-2.365780e-03;1.302850e-01;2.627987e-03;1.513222e-01;4.570664e-03;1.375294e-01;-1.779513e-03;1.191199e-01;-6.101166e-04;1.202921e-01;4.085391e-03;1.694855e-01;5.626683e-03;2.135888e-01;-1.608489e-03;1.762791e-01;-1.643967e-03;1.510460e-01;-2.358639e-03;1.497854e-01;-4.317163e-03;6.288719e-02;-2.690651e-03;5.649066e-02;-2.222589e-03;4.914679e-02;-1.925069e-03;3.976730e-02;-1.113077e-03;5.424986e-02;1.102517e-02;8.549304e-02;8.573867e-03;1.376779e+01;0;4.235009e+01;1.435547e-02;1.268908e+02;8.900391e-01;1.458014e+02;5.325879e+00;4.270345e-02;5.612284e-04;5.414599e+01;1.679845e+00;1.447335e-01;4.655209e-03;4.293969e+04;2.559324e+03;1.268095e+00;-1.858537e-01;1.153883e+02;-1.766651e+01;1.216114e-01;-3.664654e-03;4.216598e-02;1.215702e-03;1.200997e-01;5.075705e-03;9.936311e-01;-2.800034e-02;2.113827e+00;-2.526850e-01;1.584764e+00;2.154501e-01;2.148968e+00;-4.886851e-02;1.284553e+00;-6.969562e-03;1.565187e+00;3.332414e-02;1.867243e+00;-2.168054e-01;1.720971e+00;8.293255e-02;1.997208e+00;4.090592e-02;1.611252e+00;-1.341995e-01;1.930970e+00;6.871061e-02;1.948041e+00;1.764716e-01;1.256844e+00;1.859581e-02;1.392955e+00;-4.091504e-02
314.000000;9.324811e+00;1.016697e+02;1.350917e-02;7.623703e-01;1.181882e-01;1.331132e-01;6.757967e-02;1.021224e-01;9.262750e-02;1.501184e-01;1.735854e+00;7.270633e+00;2.840332e-01;2.259023e+00;2.624949e-01;1.173528e+00;2.527561e-02;1.426993e-01;5.268782e-03;2.908415e-02;2.760043e-02;1.396235e-01;3.776368e-02;2.828557e-01;4.341011e-02;4.209765e-01;7.696559e-02;6.130956e-01;9.349856e-02;7.560414e-01;1.103354e-01;7.895639e-01;1.157069e-01;8.949316e-01;2.007045e-01;1.011266e+00;4.259542e-01;1.181484e+00;2.194856e-01;1.203409e+00;5.499268e-01;1.336740e+00;5.081151e-01;1.402320e+00;4.913068e-01;1.550610e+00;6.161320e-01;1.699352e+00;4.603445e-01;1.544257e+00;4.078494e-01;1.571758e+00;4.009222e-01;1.668204e+00;6.270764e-01;1.932514e+00;7.989498e-01;1.900530e+00;7.687531e-01;1.949182e+00;6.259752e-01;1.636990e+00;6.363427e-01;1.487346e+00;1.980372e-01;1.148809e+00;1.906544e-01;9.679387e-01;1.564193e-01;7.906089e-01;1.200837e-01;6.313282e-01;5.353970e-01;1.251922e+00;3.463811e-01;9.544973e-01;4.514561e+01;1.191504e+02;1.077330e+02;1.952344e+02;3.410411e+02;4.445889e+02;4.555815e+02;1.224809e+03;2.240991e-01;9.829202e-01;1.441149e+02;4.205222e+02;3.773385e-01;3.190465e+00;1.319516e+05;3.332542e+05;9.471124e-01;2.733292e+00;1.879398e+01;1.974717e+01;3.740984e-01;-9.964755e-01;1.103360e-01;3.653050e-01;5.731748e-01;1.622524e+00;4.092703e+00;4.121416e+01;4.527678e+00;-2.484611e+01;8.686980e+00;3.759199e+01;6.142890e+00;2.420570e+01;3.960289e+00;1.112436e+01;5.608555e+00;2.528163e+00;5.312376e+00;-2.427514e+01;7.357986e+00;-2.704500e+00;6.191534e+00;1.481138e+00;6.453280e+00;-1.124478e+01;6.524477e+00;9.357310e+00;9.870904e+00;1.924424e+01;4.234495e+00;7.046493e+00;5.075679e+00;7.791253e-01;3.148424e-05;1.076552e-06;6.342295e-08;1.706622e-09;4.902467e-07;-7.588007e-09;2.832587e-07;-1.018985e-08;3.551858e-07;-4.304215e-08;7.079416e-06;-1.523316e-07;8.156323e-02;5.955320e-03;6.768715e-02;-2.643616e-03;8.955955e-03;3.307489e-04;1.784631e-03;-6.046867e-06;1.166084e-02;-2.084603e-04;1.528339e-02;-6.189648e-06;1.237784e-02;1.133246e-04;2.312806e-02;-3.316137e-04;2.803403e-02;-6.011628e-04;2.827946e-02;-3.526414e-04;3.255230e-02;-1.017064e-03;5.392417e-02;-1.513305e-03;8.582452e-02;-5.075478e-03;5.786594e-02;-3.050544e-03;9.557094e-02;-7.055333e-03;1.228557e-01;-4.674029e-03;1.113980e-01;-4.311454e-03;1.473751e-01;1.088128e-03;1.355276e-01;-4.775434e-03;1.244779e-01;-4.249658e-03;1.122065e-01;-7.098218e-04;1.634759e-01;1.764856e-03;2.218747e-01;-3.464079e-03;1.928546e-01;-3.619748e-03;1.714607e-01;-5.879584e-03;1.767169e-01;-4.895992e-03;6.171099e-02;-4.761844e-03;5.943896e-02;-4.383512e-03;5.063103e-02;-3.757601e-03;4.173999e-02;-3.005798e-03;1.365684e-01;8.193375e-03;1.023633e-01;3.654122e-03;1.904085e+01;-4.306640e-02;4.537100e+01;0;1.476481e+02;-5.742188e-01;2.062139e+02;4.306641e+00;7.653863e-02;-1.294531e-03;6.543588e+01;6.864763e-01;1.690253e-01;2.354480e-04;5.398814e+04;1.500528e+03;5.488971e-01;-4.493050e-02;2.035648e+01;-2.743762e+00;1.399354e-01;-3.280187e-03;5.072196e-02;4.690890e-04;1.452606e-01;1.241243e-02;1.190086e+00;6.283178e-03;1.981133e+00;-1.182026e-01;1.636385e+00;1.946930e-01;2.248311e+00;-1.040426e-01;1.380057e+00;3.572199e-03;1.841797e+00;-3.460187e-02;1.844786e+00;-1.839040e-01;1.586914e+00;1.625890e-01;2.233460e+00;3.163064e-02;1.579835e+00;-2.102060e-01;1.933334e+00;1.125798e-01;1.787962e+00;2.624566e-01;1.063696e+00;-8.967837e-03;1.310907e+00;-6.717044e-02
314.500000;8.186528e+00;1.032741e+02;1.077178e-02;7.620504e-01;9.151904e-02;1.347302e-01;6.818387e-02;9.951521e-02;7.099156e-02;1.262712e-01;1.438208e+00;7.655124e+00;2.635475e-01;2.167459e+00;1.327578e-01;9.775658e-01;1.577448e-02;1.506525e-01;5.954707e-03;2.314815e-02;1.782738e-02;1.325696e-01;3.026820e-02;2.751954e-01;4.224554e-02;4.198830e-01;6.430226e-02;5.827987e-01;7.675744e-02;7.004700e-01;9.215296e-02;7.582420e-01;1.144495e-01;8.531945e-01;1.000026e-01;9.091134e-01;1.550987e-01;1.002003e+00;9.107806e-02;1.022729e+00;1.282872e-01;1.051307e+00;1.908238e-01;1.155112e+00;1.532029e-01;1.179415e+00;2.735015e-01;1.273312e+00;3.040935e-01;1.307223e+00;2.631836e-01;1.345414e+00;2.463724e-01;1.386647e+00;2.940607e-01;1.438731e+00;4.251598e-01;1.405598e+00;4.481140e-01;1.399956e+00;3.968941e-01;1.301152e+00;4.108797e-01;1.191402e+00;1.786830e-01;1.062780e+00;1.801516e-01;9.049592e-01;1.502887e-01;7.485952e-01;1.189274e-01;6.089097e-01;5.078778e-01;1.711916e+00;3.473291e-01;7.314264e-01;4.056176e+01;1.088145e+02;4.985214e+01;1.581973e+02;1.910019e+02;3.409424e+02;5.252608e+02;8.894648e+02;1.900761e-01;8.578125e-01;1.132223e+02;3.446291e+02;2.748239e-01;3.013667e+00;1.240047e+05;2.572183e+05;1.206098e+00;3.565256e+00;2.767883e+01;3.037842e+01;2.503481e-01;-1.088569e+00;8.528405e-02;3.108786e-01;3.890941e-01;1.900300e+00;3.576914e+00;4.268871e+01;5.369142e+00;-2.201299e+01;5.185056e+00;3.904972e+01;6.085453e+00;2.525158e+01;4.814223e+00;7.865798e+00;4.756328e+00;2.793574e+00;5.309061e+00;-2.698190e+01;6.161363e+00;-1.735593e+00;5.223603e+00;2.070859e+00;6.104299e+00;-1.700855e+01;4.210342e+00;1.209045e+01;4.894874e+00;2.640954e+01;3.705667e+00;1.039970e+01;3.894642e+00;-4.330573e-02;2.604044e-05;-1.411983e-06;4.616828e-08;1.196814e-09;3.369679e-07;-1.143411e-08;2.856411e-07;5.055531e-09;2.767424e-07;3.796524e-09;6.017282e-06;6.301561e-08;5.836678e-02;-4.183831e-03;3.405423e-02;-7.708216e-04;7.410510e-03;-3.391702e-04;1.426041e-03;-1.601159e-04;7.969546e-03;-3.344644e-04;1.258467e-02;-2.707199e-04;1.075552e-02;-9.719047e-05;1.985751e-02;-2.173771e-03;2.462205e-02;-2.266410e-03;2.098987e-02;1.502237e-04;2.777109e-02;-6.761822e-04;2.748604e-02;-6.872863e-04;3.263123e-02;1.194210e-03;2.732602e-02;-1.374552e-04;3.277163e-02;2.801521e-03;6.048041e-02;7.330136e-04;3.901689e-02;-2.171854e-03;7.319597e-02;-3.830604e-03;9.422619e-02;5.740646e-03;8.375677e-02;4.392406e-03;6.646000e-02;-1.889050e-03;7.743420e-02;-2.879140e-03;1.127329e-01;-4.652059e-03;1.017109e-01;-3.982788e-03;1.055256e-01;-3.653825e-03;1.123947e-01;-9.635868e-04;6.008450e-02;-1.191597e-03;5.932012e-02;-9.669201e-04;5.062134e-02;-1.087786e-03;4.176167e-02;-1.140686e-03;1.405531e-01;-4.859093e-03;6.517728e-02;-5.751495e-03;1.623234e+01;1.579102e-01;1.922885e+01;2.009766e-01;8.044642e+01;-2.296875e-01;1.695165e+02;-3.904687e+00;6.847348e-02;-2.598446e-04;4.121650e+01;-6.954414e-01;1.236366e-01;-5.061485e-04;3.627166e+04;-1.362848e+03;3.554111e-01;1.412623e-02;9.374015e+00;1.788771e-01;1.175143e-01;3.884650e-03;3.273159e-02;-4.152212e-04;1.357867e-01;-1.989138e-03;1.011629e+00;5.807897e-02;1.672549e+00;-9.368145e-03;1.386539e+00;-6.683098e-02;1.836082e+00;8.396429e-02;1.629523e+00;-9.517103e-02;1.630979e+00;5.895049e-02;1.808880e+00;9.596323e-02;1.377485e+00;-1.477548e-01;1.993355e+00;-3.389075e-02;1.419520e+00;3.399995e-02;1.662683e+00;9.844783e-03;1.479884e+00;-8.117248e-02;1.084281e+00;4.096683e-04;1.245311e+00;6.714600e-02
315.000000;1.213247e+01;9.496171e+01;1.114644e-02;7.622876e-01;1.973792e-01;1.684414e-01;1.397204e-01;1.335276e-01;8.324496e-02;1.624246e-01;1.131566e+00;7.720213e+00;2.548869e-01;1.814579e+00;5.154867e-02;9.138697e-01;1.475888e-02;1.456998e-01;3.584645e-03;1.695515e-02;1.081944e-02;1.283096e-01;1.578612e-02;2.722501e-01;2.668324e-02;4.258754e-01;5.201019e-02;5.583349e-01;6.130525e-02;6.709544e-01;6.703296e-02;7.193965e-01;4.755384e-02;8.022017e-01;6.738790e-02;8.646972e-01;6.600787e-02;9.389367e-01;5.166927e-02;9.620123e-01;8.873967e-02;9.921028e-01;1.829350e-01;1.059036e+00;1.270900e-01;1.104019e+00;1.906171e-01;1.166194e+00;2.676848e-01;1.270298e+00;2.229187e-01;1.299057e+00;1.543791e-01;1.258705e+00;2.200803e-01;1.242236e+00;1.375605e-01;1.223011e+00;1.165924e-01;1.154007e+00;2.080767e-01;1.241807e+00;2.313686e-01;1.140811e+00;1.811069e-01;1.050340e+00;1.628986e-01;8.856246e-01;1.396139e-01;7.313952e-01;1.143284e-01;5.990013e-01;5.070192e-01;1.766782e+00;2.118788e-01;3.492297e-01;1.532745e+01;1.004883e+02;2.300237e+01;1.471436e+02;5.366162e+01;2.817979e+02;2.182191e+02;4.621025e+02;9.911936e-02;8.259351e-01;4.464606e+01;2.600067e+02;1.817784e-01;2.834876e+00;6.978334e+04;1.377924e+05;1.710376e+00;5.316546e+00;8.500591e+01;8.322346e+01;2.157139e-01;-1.028326e+00;3.428081e-02;2.527383e-01;3.512245e-01;1.738645e+00;2.836410e+00;4.510768e+01;5.462968e+00;-1.567633e+01;5.103686e+00;3.669865e+01;5.480977e+00;3.132470e+01;5.344312e+00;2.376868e+00;5.064155e+00;5.065869e-01;8.900627e+00;-2.083182e+01;7.515591e+00;-7.673158e+00;6.123016e+00;-1.376885e+00;6.866224e+00;-1.633537e+01;4.285029e+00;1.015806e+01;5.802819e+00;2.773675e+01;3.797116e+00;1.098866e+01;5.065093e+00;5.808521e-01;3.951143e-05;-1.271441e-06;5.891469e-08;-5.392208e-10;7.092578e-07;1.912193e-08;5.754586e-07;6.253003e-08;2.870163e-07;7.629377e-09;5.196528e-06;3.015941e-08;2.126008e-02;-1.015093e-02;1.853781e-02;-1.019748e-03;6.260761e-03;-6.749761e-05;7.194972e-04;-1.865709e-04;5.571540e-03;-3.166027e-05;7.373454e-03;-4.237411e-05;4.806714e-03;-1.188953e-05;6.834414e-03;-1.116373e-03;8.008053e-03;-1.481726e-03;1.673245e-02;2.084710e-04;1.611213e-02;-1.414755e-04;1.857085e-02;1.111010e-03;1.596538e-02;7.781991e-04;1.408176e-02;4.759966e-04;2.547781e-02;1.523488e-04;6.569509e-02;-2.546320e-03;4.437119e-02;-2.233183e-03;6.538411e-02;-2.564427e-03;8.307566e-02;-6.301797e-06;6.564818e-02;-2.397673e-04;5.155537e-02;-4.665625e-03;8.874363e-02;-6.175498e-03;4.872090e-02;-4.909323e-03;3.699389e-02;-4.947650e-03;6.776029e-02;-1.327072e-03;7.587755e-02;-4.359265e-04;6.834419e-02;5.560008e-04;6.148818e-02;1.102599e-03;5.241741e-02;1.155201e-03;4.306109e-02;8.232912e-04;7.390598e-02;-6.451983e-03;2.322668e-02;-7.457726e-03;7.804095e+00;-1.148437e-01;1.012385e+01;-2.296875e-01;2.140351e+01;-1.593457e+00;7.578624e+01;-9.890918e+00;3.094581e-02;1.824363e-03;1.464152e+01;-2.228429e+00;7.322197e-02;-7.129553e-03;1.231480e+04;-3.075721e+03;5.195310e-01;9.912647e-02;3.689210e+01;6.555494e+00;9.811316e-02;-5.247943e-04;1.338463e-02;-1.678335e-03;1.126413e-01;-5.568675e-03;9.473832e-01;6.090509e-02;1.243073e+00;2.309008e-01;1.030686e+00;-1.920760e-01;1.141355e+00;1.918857e-01;1.462968e+00;-8.343603e-02;1.558380e+00;2.088035e-02;1.953668e+00;2.921232e-01;1.430225e+00;-2.039454e-01;1.961693e+00;-1.071482e-01;1.658521e+00;9.280097e-02;1.765927e+00;-3.701528e-02;2.291199e+00;-1.342051e-02;1.082904e+00;-1.694653e-02;1.830780e+00;3.683344e-03
315.500000;1.623765e+01;8.855022e+01;1.428640e-02;7.639496e-01;2.064421e-01;1.902329e-01;2.587029e-01;2.300790e-01;1.022256e-01;1.953448e-01;1.462501e+00;7.755553e+00;2.470973e-01;1.419127e+00;9.086816e-02;9.314799e-01;1.799580e-02;1.290741e-01;2.796277e-03;1.292517e-02;1.331329e-02;1.269543e-01;1.666749e-02;2.689250e-01;3.210812e-02;4.166366e-01;5.753028e-02;5.263962e-01;7.281205e-02;6.311331e-01;8.147231e-02;7.507147e-01;5.236590e-02;8.135124e-01;6.762031e-02;8.817593e-01;6.032322e-02;9.015454e-01;1.033551e-01;9.487499e-01;1.030891e-01;1.043505e+00;2.086095e-01;1.055174e+00;1.730381e-01;1.067548e+00;2.277929e-01;1.126608e+00;2.479627e-01;1.244171e+00;2.631959e-01;1.333004e+00;3.846972e-01;1.377274e+00;4.259304e-01;1.311424e+00;2.779240e-01;1.348284e+00;2.337187e-01;1.238594e+00;2.420845e-01;1.313833e+00;2.408335e-01;1.215742e+00;1.933016e-01;1.058411e+00;1.684716e-01;8.911723e-01;1.389512e-01;7.331299e-01;1.132163e-01;5.942757e-01;5.804415e-01;1.253428e+00;1.022786e-01;1.219468e-01;1.823258e+01;1.023545e+02;2.511181e+01;1.492969e+02;6.221667e+01;2.380137e+02;4.724585e+01;3.476895e+02;1.189028e-01;9.106808e-01;3.774956e+01;2.101156e+02;1.965204e-01;2.630081e+00;3.803397e+04;6.658496e+04;3.955711e+00;9.181428e+00;3.319991e+02;3.281400e+02;2.331165e-01;-8.219550e-01;3.508120e-02;2.151293e-01;4.262512e-01;1.279027e+00;3.030143e+00;4.605043e+01;5.585703e+00;-8.594522e+00;5.624493e+00;3.325217e+01;4.281278e+00;3.294750e+01;4.265191e+00;-8.787724e-01;6.297719e+00;4.160192e-01;5.740194e+00;-1.263734e+01;5.960642e+00;-1.366433e+01;6.251940e+00;-2.073287e+00;5.419359e+00;-9.234266e+00;5.523418e+00;6.693380e+00;7.891003e+00;2.289756e+01;3.582191e+00;9.035956e+00;5.147565e+00;2.085022e+00;5.660908e-05;-1.056082e-07;7.259006e-08;9.510277e-10;7.562243e-07;3.949375e-09;8.836232e-07;-3.864667e-08;4.086156e-07;6.882318e-09;7.300508e-06;5.538012e-08;2.739010e-02;-6.839861e-03;2.784534e-02;-5.219007e-04;7.227166e-03;-2.883586e-04;6.167731e-04;-4.598136e-05;7.240557e-03;5.020182e-05;8.319070e-03;1.298126e-04;5.741773e-03;2.821154e-04;9.607179e-03;8.532162e-04;1.139508e-02;6.931750e-04;1.705416e-02;2.536464e-04;1.365143e-02;1.276572e-03;1.625203e-02;6.384130e-04;1.385287e-02;2.368124e-04;2.588879e-02;5.974345e-04;3.065567e-02;6.359594e-04;7.207823e-02;2.191147e-03;5.881783e-02;1.155136e-03;7.934745e-02;1.195369e-03;9.025058e-02;-3.627525e-03;7.538103e-02;-5.058093e-03;9.627517e-02;-2.690225e-03;1.296997e-01;-4.376595e-03;7.936341e-02;7.781294e-04;5.854138e-02;-9.329522e-04;8.492830e-02;-1.415779e-03;8.688733e-02;-1.513076e-03;7.394731e-02;-1.650233e-03;6.504434e-02;-1.240015e-03;5.374727e-02;-1.177022e-03;4.375305e-02;-8.550492e-04;6.350305e-02;-4.318418e-03;1.306872e-02;-2.797842e-03;9.242023e+00;2.583984e-01;1.136332e+01;1.579102e-01;2.084958e+01;-2.009766e-01;1.451411e+01;-3.445312e-01;3.901531e-02;2.883437e-03;1.316829e+01;-5.513251e-01;7.671519e-02;-2.775860e-03;7.807562e+03;-1.067630e+03;1.078108e+00;3.545571e-02;1.022713e+02;1.569846e+00;9.876876e-02;4.042234e-03;1.327071e-02;-3.461181e-04;9.992424e-02;-7.454526e-03;1.032013e+00;4.582720e-02;1.279989e+00;1.337204e-01;1.415707e+00;-1.112703e-01;1.480810e+00;-6.364300e-04;1.516383e+00;-1.021812e-02;2.020005e+00;-8.176689e-02;1.894872e+00;5.701501e-02;1.992875e+00;-3.805582e-02;2.151820e+00;9.616238e-03;1.838921e+00;3.598393e-02;1.797462e+00;-1.062442e-01;2.421470e+00;-8.221200e-02;8.787460e-01;-5.539420e-02;1.976378e+00;9.953136e-03
316.000000;1.325711e+01;9.234415e+01;1.607112e-02;7.699860e-01;1.077234e-01;1.331818e-01;2.469388e-01;1.756693e-01;1.051578e-01;1.929953e-01;1.510134e+00;7.196411e+00;1.227061e-01;1.226308e+00;1.299116e-01;9.778469e-01;1.546769e-02;1.156662e-01;2.329864e-03;1.172462e-02;1.734107e-02;1.260629e-01;1.814428e-02;2.676321e-01;4.127255e-02;4.223564e-01;7.134866e-02;5.450679e-01;9.141701e-02;6.518910e-01;8.008959e-02;7.688490e-01;6.535123e-02;8.254192e-01;7.225315e-02;8.817046e-01;7.338668e-02;9.058906e-01;1.338490e-01;9.543774e-01;1.363585e-01;1.097728e+00;2.325278e-01;1.136722e+00;2.375912e-01;1.137291e+00;2.527643e-01;1.191471e+00;3.391019e-01;1.333868e+00;3.579493e-01;1.386044e+00;4.701269e-01;1.476865e+00;6.059176e-01;1.518383e+00;3.583175e-01;1.498080e+00;3.815593e-01;1.473431e+00;2.434931e-01;1.341165e+00;2.224272e-01;1.221855e+00;1.979767e-01;1.059333e+00;1.655181e-01;8.867869e-01;1.352480e-01;7.270018e-01;1.087130e-01;5.887431e-01;4.111654e-01;1.037183e+00;1.825668e-02;4.646135e-02;2.219255e+01;1.075225e+02;3.151148e+01;1.584844e+02;5.758744e+01;2.334199e+02;4.604951e+01;3.402246e+02;1.511158e-01;9.034860e-01;3.168616e+01;2.003628e+02;2.143736e-01;2.656443e+00;1.591900e+04;4.361386e+04;3.241497e+00;1.102370e+01;3.216872e+02;4.567471e+02;1.867310e-01;-6.605151e-01;3.317430e-02;2.100115e-01;2.485119e-01;9.243934e-01;3.232450e+00;4.571251e+01;4.213849e+00;-4.869668e+00;7.271525e+00;3.482582e+01;3.720321e+00;3.084836e+01;5.805157e+00;-2.278556e+00;6.518281e+00;-8.357808e-01;6.036206e+00;-1.504293e+01;6.270975e+00;-1.458288e+01;5.091645e+00;-5.547449e-01;4.288620e+00;-6.888505e+00;4.589377e+00;4.580097e+00;6.428498e+00;1.602387e+01;3.378296e+00;7.142374e+00;5.323695e+00;3.768689e+00;4.114538e-05;1.840373e-08;7.889647e-08;1.879462e-09;3.843431e-07;-7.225593e-09;7.015962e-07;-8.273909e-08;4.548286e-07;1.708944e-08;7.244020e-06;-3.006148e-07;3.208541e-02;-1.643066e-03;3.477344e-02;7.042843e-04;7.203712e-03;-3.701998e-04;6.476960e-04;4.535143e-06;9.147970e-03;-3.068316e-04;8.764026e-03;-2.880277e-04;5.802582e-03;-4.322986e-04;9.887422e-03;-4.747128e-05;1.222951e-02;-2.436077e-04;1.435527e-02;9.601494e-04;1.543637e-02;5.845200e-04;1.838254e-02;-1.072567e-03;2.028986e-02;-3.171530e-04;3.655648e-02;2.072424e-04;3.735545e-02;2.899142e-03;6.969056e-02;4.581597e-03;6.552705e-02;3.317070e-03;7.498477e-02;2.840434e-03;9.884823e-02;1.127841e-03;9.148806e-02;-1.459321e-03;1.187062e-01;-1.659391e-03;1.529841e-01;-2.316004e-04;1.020789e-01;1.957415e-03;8.699764e-02;1.905031e-03;8.279522e-02;1.762790e-03;7.970717e-02;1.015448e-03;7.161190e-02;5.745318e-04;6.114721e-02;2.731358e-04;5.026190e-02;1.343057e-04;4.052513e-02;2.290075e-04;5.989474e-02;-2.902194e-03;5.238998e-03;-2.041801e-05;1.087910e+01;3.158203e-01;1.420411e+01;3.445312e-01;2.136222e+01;4.737305e-01;1.583322e+01;2.583984e-01;4.491626e-02;-1.365280e-03;1.346244e+01;3.791658e-01;7.225100e-02;1.965868e-03;5.293208e+03;1.910957e+02;1.191416e+00;-1.850957e-02;1.181759e+02;-2.131105e+00;9.036135e-02;4.613406e-03;1.415183e-02;3.738798e-04;8.808572e-02;-6.848117e-03;1.026613e+00;-4.236902e-02;1.531087e+00;3.961377e-03;1.741838e+00;-5.860107e-03;1.708298e+00;1.721212e-02;1.724269e+00;3.478168e-02;1.805743e+00;-1.739526e-01;1.718503e+00;-1.387406e-01;2.014952e+00;9.626640e-02;1.709110e+00;4.762274e-02;1.626468e+00;7.470024e-02;1.399722e+00;-4.658340e-03;1.666651e+00;-2.227584e-01;9.404582e-01;-6.591150e-02;1.516490e+00;7.875500e-02
316.500000;1.493163e+01;9.363595e+01;2.123486e-02;7.638730e-01;1.001291e-01;9.548946e-02;9.433861e-02;9.183527e-02;9.434762e-02;1.854822e-01;1.109594e+01;4.606810e+00;5.809738e-01;1.665534e+00;3.061866e-01;1.167961e+00;1.559604e-02;1.094740e-01;1.470519e-02;2.431343e-02;2.180289e-02;1.235426e-01;2.188439e-02;2.578402e-01;5.063589e-02;4.200628e-01;1.142158e-01;5.811790e-01;1.479692e-01;7.010414e-01;1.267444e-01;8.276864e-01;1.706642e-01;9.226359e-01;2.801700e-01;1.008289e+00;4.354782e-01;1.128981e+00;4.636302e-01;1.254400e+00;4.397249e-01;1.356160e+00;5.144804e-01;1.446623e+00;5.811320e-01;1.533960e+00;6.053997e-01;1.582691e+00;5.587927e-01;1.650033e+00;6.078336e-01;1.660322e+00;5.802889e-01;1.644475e+00;8.248073e-01;1.872612e+00;8.264291e-01;1.935217e+00;1.025634e+00;1.995855e+00;4.776472e-01;1.593207e+00;4.423657e-01;1.433667e+00;2.061818e-01;1.130172e+00;1.647344e-01;9.405363e-01;1.359896e-01;7.630863e-01;9.796239e-02;6.027092e-01;5.814292e-01;1.224207e+00;5.639964e-01;4.805104e-01;5.326072e+01;1.425498e+02;1.270058e+02;2.421768e+02;4.987070e+02;5.757979e+02;6.385499e+02;8.654912e+02;1.595915e-01;8.243630e-01;2.439017e+02;3.908364e+02;6.240866e-01;3.227394e+00;2.312461e+05;2.211455e+05;4.615783e+00;6.568121e+00;2.715917e+02;2.285167e+02;1.712445e-01;-5.797826e-01;1.805424e-01;3.550460e-01;3.554373e-01;9.786125e-01;4.275218e+00;4.326694e+01;1.300778e+01;-1.544693e+01;6.354979e+00;3.561965e+01;7.757035e+00;2.647674e+01;8.699361e+00;2.469996e+00;5.576762e+00;-4.066984e+00;7.095825e+00;-2.255406e+01;7.586383e+00;-1.111994e+01;7.158515e+00;-4.860000e-01;5.968823e+00;-6.390885e+00;6.689789e+00;5.974761e+00;7.781394e+00;1.031044e+01;4.341082e+00;5.492069e+00;4.866224e+00;6.873604e+00;2.599800e-05;-1.813131e-06;9.176824e-08;-1.425269e-09;3.823878e-07;2.537051e-08;3.171875e-07;2.047366e-08;4.143662e-07;-1.635018e-08;4.771890e-05;1.096450e-07;8.222414e-02;1.250193e-02;6.960868e-02;2.999421e-03;6.361487e-03;-6.013290e-05;1.677469e-03;2.811791e-04;1.094011e-02;2.052006e-04;1.002836e-02;-2.051868e-04;1.084739e-02;-8.571159e-04;2.197427e-02;-1.112048e-04;2.908890e-02;5.988007e-04;2.480896e-02;-7.524887e-04;3.840495e-02;-1.112321e-04;5.476451e-02;4.231947e-04;1.026398e-01;8.854203e-04;1.037399e-01;3.901737e-03;7.452524e-02;-1.985275e-03;1.031988e-01;-2.243275e-03;1.228738e-01;1.854929e-03;1.385713e-01;4.608019e-03;1.510268e-01;4.072338e-03;1.497382e-01;6.205257e-03;1.218839e-01;5.310766e-03;1.721204e-01;8.619656e-03;1.923668e-01;9.163994e-03;2.510388e-01;1.856496e-02;1.376685e-01;4.580598e-03;1.378284e-01;4.668728e-03;7.245699e-02;3.749503e-03;6.210774e-02;2.639216e-03;5.175267e-02;2.218651e-03;3.727008e-02;1.979733e-03;1.104076e-01;2.174310e-03;9.855361e-02;9.238973e-03;1.811296e+01;2.009766e-01;3.351381e+01;1.234570e+00;9.923185e+01;7.450488e+00;8.105601e+01;1.514502e+01;4.656801e-02;-4.366928e-03;4.228990e+01;4.537684e+00;8.978667e-02;1.407781e-02;3.368309e+04;5.373519e+03;8.467739e-01;-6.515408e-02;7.652850e+01;-1.853632e+00;7.009818e-02;3.371922e-04;3.220625e-02;3.284100e-03;9.702699e-02;3.082911e-03;1.227182e+00;-1.279970e-01;1.713222e+00;-2.475117e-01;1.535822e+00;1.359977e-01;1.834264e+00;-2.014558e-01;1.821661e+00;1.002766e-01;1.891701e+00;3.865390e-02;2.069927e+00;-1.306133e-01;1.923204e+00;1.632155e-01;1.690997e+00;-9.966923e-02;1.745140e+00;5.159945e-03;1.714613e+00;2.213967e-01;1.750713e+00;-6.047999e-02;1.325306e+00;2.803010e-02;1.501020e+00;6.852255e-02
317.000000;4.345374e+01;1.156892e+02;2.164804e-02;7.608535e-01;1.268439e-01;8.768868e-02;1.545694e-01;1.163553e-01;8.730451e-02;1.446350e-01;1.115685e+01;4.878748e+00;4.026634e-01;2.157343e+00;3.012320e-01;1.168486e+00;1.273380e-02;1.012925e-01;8.858261e-03;3.752960e-02;2.065763e-02;1.169745e-01;3.000332e-02;2.712614e-01;4.972861e-02;4.316113e-01;1.215348e-01;5.680122e-01;1.509071e-01;6.988193e-01;1.238542e-01;8.335578e-01;1.806325e-01;9.240975e-01;2.732967e-01;1.037658e+00;4.157390e-01;1.179613e+00;4.277879e-01;1.323920e+00;4.357395e-01;1.349408e+00;5.295981e-01;1.415135e+00;5.649468e-01;1.526553e+00;5.996804e-01;1.607768e+00;5.635220e-01;1.586964e+00;5.741640e-01;1.652306e+00;4.972301e-01;1.635069e+00;7.144388e-01;1.811200e+00;8.425502e-01;1.942251e+00;1.018160e+00;2.052448e+00;5.174457e-01;1.586655e+00;5.164962e-01;1.436837e+00;1.837455e-01;1.118438e+00;1.492626e-01;9.264297e-01;1.218764e-01;7.512371e-01;8.371978e-02;5.964116e-01;5.580533e-01;1.213280e+00;3.881778e-01;8.688484e-01;4.925913e+01;1.889180e+02;1.081641e+02;3.126621e+02;4.524830e+02;8.708027e+02;4.510890e+02;1.554123e+03;1.839965e-01;6.740881e-01;1.779978e+02;5.989284e+02;4.526199e-01;3.743928e+00;1.644227e+05;4.286319e+05;2.566273e+00;2.400381e+00;1.316558e+02;4.094123e+01;1.285501e-01;-4.820112e-01;1.325784e-01;5.138700e-01;3.630827e-01;1.085069e+00;3.401320e+00;4.095375e+01;7.661714e+00;-2.889836e+01;5.245947e+00;3.519269e+01;8.061984e+00;1.755181e+01;4.865415e+00;7.891278e+00;5.705964e+00;-3.744423e+00;8.510645e+00;-3.171478e+01;6.389517e+00;-7.083412e+00;1.008447e+01;-5.638537e+00;7.926216e+00;-1.117408e+01;8.401407e+00;1.028385e+01;8.168878e+00;5.799393e+00;4.712554e+00;1.584667e+00;6.172753e+00;3.678635e+00;8.759507e-05;8.475537e-06;8.736532e-08;1.403773e-09;5.265879e-07;2.468500e-08;6.518050e-07;1.918393e-08;3.358010e-07;-2.656530e-08;4.757533e-05;1.740651e-07;9.183830e-02;1.188787e-02;6.962307e-02;1.638356e-03;4.495442e-03;7.825597e-05;1.785493e-03;2.704712e-04;8.846408e-03;1.815060e-04;8.735397e-03;6.408568e-04;1.152928e-02;7.622464e-04;2.473237e-02;1.786059e-03;3.152225e-02;2.261305e-03;2.669208e-02;-1.387251e-03;4.353254e-02;1.366841e-04;5.932778e-02;8.092473e-04;1.027081e-01;-4.553913e-04;1.049729e-01;1.383694e-03;7.173082e-02;-3.276176e-03;1.015455e-01;-4.010714e-03;1.160852e-01;-1.294690e-03;1.454246e-01;5.178304e-04;1.394445e-01;3.676108e-03;1.393464e-01;6.448811e-03;9.980461e-02;6.333705e-03;1.374823e-01;6.194487e-03;1.981905e-01;7.292955e-03;2.578667e-01;7.746062e-03;1.472280e-01;2.586931e-03;1.561347e-01;1.166979e-03;6.351063e-02;7.412416e-04;5.545598e-02;7.271429e-04;4.624975e-02;7.503563e-04;3.340323e-02;8.772836e-04;1.176557e-01;8.694693e-03;1.121333e-01;5.830562e-03;1.797187e+01;7.321289e-01;3.338750e+01;8.613281e-01;1.302787e+02;1.708301e+00;9.353645e+01;1.376689e+01;4.219262e-02;-2.538002e-03;4.594554e+01;3.273791e+00;8.959859e-02;9.347512e-03;3.981949e+04;3.657409e+03;4.888149e-01;-8.390660e-02;3.152918e+01;-4.436155e+00;4.448379e-02;-1.967628e-06;3.380657e-02;2.568978e-03;9.379181e-02;6.521835e-03;1.123431e+00;-5.659322e-02;1.432343e+00;-2.744596e-01;1.504651e+00;1.550776e-01;1.777604e+00;-2.829939e-01;1.548006e+00;-1.764274e-02;1.896319e+00;9.908628e-02;2.033454e+00;-2.279622e-01;1.771736e+00;-1.554035e-02;1.745645e+00;-2.429786e-01;1.659857e+00;-1.776601e-01;1.993615e+00;1.031424e-01;1.945726e+00;-4.877437e-02;1.292376e+00;-4.489863e-02;1.467079e+00;-8.172183e-02
317.500000;4.034955e+01;1.613808e+02;2.177240e-02;7.851649e-01;1.011050e-01;5.234100e-02;1.420914e-01;7.120280e-02;6.476782e-02;1.311452e-01;1.692169e+00;7.999570e+00;2.483549e-01;2.075942e+00;1.047031e-01;9.650377e-01;8.799848e-03;1.023389e-01;8.754263e-03;3.178256e-02;1.448757e-02;1.202128e-01;1.624924e-02;2.910060e-01;2.997366e-02;4.431623e-01;7.160915e-02;5.636989e-01;8.105693e-02;6.910492e-01;5.741535e-02;7.555922e-01;8.649486e-02;8.237698e-01;9.898819e-02;8.984323e-01;9.654985e-02;9.638651e-01;1.268075e-01;1.055336e+00;1.236653e-01;1.018287e+00;2.263662e-01;1.090952e+00;1.512868e-01;1.158265e+00;2.510821e-01;1.259442e+00;2.565957e-01;1.282549e+00;2.473852e-01;1.330032e+00;1.692609e-01;1.377039e+00;2.200279e-01;1.416645e+00;3.804206e-01;1.406708e+00;4.715908e-01;1.459159e+00;2.926986e-01;1.282769e+00;3.374750e-01;1.161275e+00;1.299378e-01;1.042497e+00;1.148494e-01;8.777910e-01;1.017486e-01;7.236468e-01;8.495533e-02;5.977988e-01;3.451675e-01;1.322650e+00;2.812359e-01;6.057867e-01;2.593378e+01;1.949473e+02;5.919799e+01;2.665811e+02;3.445174e+02;6.017812e+02;5.594424e+02;1.316253e+03;8.480199e-02;5.521893e-01;1.394466e+02;5.110154e+02;4.631567e-01;3.434281e+00;1.447990e+05;3.475790e+05;1.404164e+00;2.806784e+00;2.297666e+01;2.070156e+01;8.132292e-02;-4.924742e-01;1.013454e-01;4.555930e-01;2.673482e-01;1.202387e+00;2.704060e+00;4.165286e+01;5.188734e+00;-2.815793e+01;4.740867e+00;3.706517e+01;5.501667e+00;1.499121e+01;5.332704e+00;3.608221e+00;4.597792e+00;-2.696227e+00;5.259899e+00;-3.645873e+01;5.869256e+00;-9.825013e+00;7.125427e+00;-1.456858e+01;4.990283e+00;-1.934849e+01;5.327901e+00;1.316651e+01;6.343163e+00;3.792563e+00;3.208686e+00;-2.856975e+00;4.997435e+00;-2.368725e+00;9.555629e-05;3.973872e-07;4.697701e-08;3.285931e-09;4.547763e-07;2.731368e-08;6.168760e-07;2.697647e-08;2.588885e-07;8.174078e-10;3.970278e-06;2.431155e-07;5.384618e-02;-8.658531e-03;2.780939e-02;-3.413884e-03;1.531461e-03;5.889046e-05;1.008381e-03;-2.558579e-04;3.143922e-03;-1.345316e-04;3.685852e-03;3.383224e-04;5.499270e-03;6.212835e-04;1.502807e-02;-6.970793e-04;1.710935e-02;-1.423552e-03;1.434924e-02;-6.206007e-04;2.504596e-02;-1.590670e-03;2.904306e-02;-1.488416e-03;1.938689e-02;-1.922032e-03;3.330863e-02;-4.630559e-03;2.240051e-02;-1.896651e-03;6.800955e-02;-3.912559e-03;5.014248e-02;-4.684972e-03;8.281450e-02;-7.402534e-03;6.983425e-02;-3.167211e-03;6.727944e-02;-3.412595e-03;5.598740e-02;-3.921687e-03;7.603258e-02;-6.086081e-03;9.214411e-02;-1.004729e-02;9.379355e-02;-1.877584e-02;8.491669e-02;-2.873186e-03;9.738899e-02;-4.123993e-03;4.956826e-02;-2.673255e-03;4.576957e-02;-1.769841e-03;4.133986e-02;-1.231670e-03;3.460804e-02;-1.233753e-03;7.755382e-02;-6.700676e-04;5.850972e-02;-8.136199e-03;8.376450e+00;2.153320e-01;1.148298e+01;-9.474609e-01;8.542648e+01;-7.019824e+00;7.984704e+01;-1.488662e+01;2.900767e-02;-4.378651e-05;2.179227e+01;-3.789889e+00;4.928322e-02;-1.539286e-02;2.363865e+04;-4.753163e+03;2.134430e-01;3.923003e-02;5.440805e+00;4.030358e-01;1.319551e-02;-6.800370e-04;1.568833e-02;-2.621214e-03;6.193170e-02;2.875717e-04;7.402135e-01;7.703674e-02;1.303661e+00;1.232501e-01;1.544245e+00;-1.978756e-02;1.373544e+00;8.625429e-02;1.125935e+00;-1.727065e-01;1.575768e+00;2.668494e-02;1.747453e+00;4.132171e-02;1.308385e+00;-2.047283e-01;1.847667e+00;-1.590508e-01;1.615925e+00;-1.030357e-01;1.596829e+00;-5.255553e-02;1.898666e+00;-3.529065e-02;8.634378e-01;-1.325086e-01;1.436333e+00;-1.937196e-01
318.000000;4.455253e+01;1.392450e+02;7.639755e-03;8.040422e-01;8.342262e-02;3.327503e-02;1.038675e-01;3.913469e-02;6.818365e-02;1.321468e-01;2.108436e+00;1.042092e+01;3.645917e-01;1.621320e+00;5.841075e-02;8.944888e-01;6.959816e-03;1.044144e-01;8.105541e-03;1.822373e-02;8.499121e-03;1.300053e-01;1.216702e-02;2.817045e-01;2.437194e-02;4.345189e-01;5.654856e-02;5.370741e-01;6.936884e-02;6.390242e-01;4.020564e-02;7.397481e-01;6.661023e-02;7.897627e-01;7.560983e-02;8.478049e-01;4.812951e-02;9.026702e-01;6.035852e-02;9.717020e-01;9.275924e-02;9.614198e-01;2.079034e-01;1.020817e+00;1.270386e-01;1.071507e+00;1.435177e-01;1.145927e+00;2.232013e-01;1.161297e+00;1.784800e-01;1.201331e+00;1.982273e-01;1.252835e+00;2.371750e-01;1.243918e+00;1.774511e-01;1.179969e+00;2.187203e-01;1.126070e+00;1.757882e-01;1.223458e+00;1.712869e-01;1.129482e+00;1.461757e-01;1.041817e+00;1.300771e-01;8.848885e-01;1.138718e-01;7.342647e-01;9.561275e-02;6.036908e-01;3.688229e-01;1.221603e+00;1.881990e-01;2.406205e-01;9.403654e+00;1.790127e+02;1.229804e+01;2.180596e+02;6.191369e+01;2.967275e+02;4.413352e+02;6.184336e+02;1.185193e-01;4.963289e-01;8.463486e+01;3.241878e+02;3.893787e-01;2.749545e+00;1.124541e+05;1.470952e+05;2.855705e+00;6.122659e+00;1.493641e+02;1.336510e+02;6.994157e-02;-5.188227e-01;6.298113e-02;3.174458e-01;3.105915e-01;1.088121e+00;3.164910e+00;4.456401e+01;7.910705e+00;-1.802007e+01;7.091027e+00;3.192754e+01;7.507056e+00;2.270073e+01;4.295917e+00;5.931463e-01;5.610007e+00;-4.270660e+00;8.057773e+00;-2.988267e+01;5.275234e+00;-1.599168e+01;5.902149e+00;-1.756388e+01;4.629132e+00;-2.046193e+01;6.092488e+00;9.264910e+00;4.744700e+00;4.756988e+00;3.293359e+00;-6.905184e+00;5.946545e+00;-8.359741e+00;4.434804e-05;-9.896931e-06;1.599619e-08;1.010975e-09;3.291420e-07;-5.205249e-10;3.384295e-07;-1.828161e-09;2.723725e-07;-5.073947e-09;3.536526e-06;6.826750e-07;2.924398e-02;-1.122448e-02;1.524207e-02;-1.455713e-03;1.185330e-03;-4.862700e-05;6.677407e-04;-2.722348e-04;1.489366e-03;2.921379e-04;1.282848e-03;-1.293473e-04;3.189722e-03;-1.684571e-04;1.013227e-02;-1.152449e-03;1.236707e-02;-5.923718e-04;9.298782e-03;6.428185e-04;1.469490e-02;-7.595743e-04;1.701581e-02;-1.228255e-03;1.189944e-02;-2.662948e-04;1.517010e-02;-1.159527e-03;1.787235e-02;-7.470013e-04;7.339451e-02;4.430419e-04;4.744562e-02;5.437675e-04;4.783222e-02;-1.096865e-03;8.212495e-02;-2.808688e-03;6.456352e-02;-4.165553e-03;6.234903e-02;-2.276954e-03;8.206908e-02;-5.565254e-03;3.456589e-02;-7.393007e-03;2.809348e-02;-7.948089e-03;6.150220e-02;-1.903377e-03;5.857736e-02;-2.363008e-04;5.882677e-02;3.153138e-04;5.370878e-02;9.574454e-05;4.723689e-02;-1.295697e-04;3.891680e-02;-4.544287e-04;5.993488e-02;-6.169384e-03;2.577346e-02;-5.763703e-03;2.381927e+00;-1.866211e-01;3.260177e+00;-4.593750e-01;6.587893e+00;-1.722656e+00;6.495585e+01;-1.380996e+01;1.325881e-02;-2.438239e-03;8.612803e+00;-3.004560e+00;3.307654e-02;-1.284568e-02;1.128144e+04;-3.794472e+03;4.973490e-01;9.588382e-02;3.977609e+01;5.277994e+00;1.205156e-02;-3.409695e-05;6.301524e-03;-2.243517e-03;4.900209e-02;-4.190171e-03;7.999849e-01;7.963992e-02;1.452287e+00;2.750714e-01;1.433862e+00;-2.015711e-01;1.309465e+00;2.615024e-01;1.286728e+00;1.954399e-02;1.903270e+00;-1.062278e-01;1.881903e+00;2.019292e-01;1.179276e+00;-1.011534e-01;2.165018e+00;7.642074e-02;1.549628e+00;6.112753e-02;1.604041e+00;-8.902030e-02;1.641299e+00;1.118697e-01;8.060328e-01;-6.390530e-02;1.488887e+00;-1.809526e-01
318.500000;3.770911e-01;9.688236e+01;6.057992e-03;8.102077e-01;8.145952e-02;2.896308e-02;1.033634e-01;3.415210e-02;5.946156e-02;9.782183e-02;1.331108e+00;1.259556e+01;1.696826e-01;1.179740e+00;7.163254e-02;9.038857e-01;4.380083e-03;9.897372e-02;1.720932e-03;1.070043e-02;9.780833e-03;1.319856e-01;7.464803e-03;2.720316e-01;2.010999e-02;4.207100e-01;5.173458e-02;5.304208e-01;6.684638e-02;6.282812e-01;5.269131e-02;7.418311e-01;8.617423e-02;7.778103e-01;6.927585e-02;8.415894e-01;5.901315e-02;9.054069e-01;4.166640e-02;9.429851e-01;9.134260e-02;9.897854e-01;1.880174e-01;1.037306e+00;1.320718e-01;1.058092e+00;1.494259e-01;1.104013e+00;2.558823e-01;1.164447e+00;2.254580e-01;1.221250e+00;3.938224e-01;1.301063e+00;4.476210e-01;1.278075e+00;2.138326e-01;1.222889e+00;1.579929e-01;1.138778e+00;2.023827e-01;1.300609e+00;1.999787e-01;1.207474e+00;1.837855e-01;1.061366e+00;1.612509e-01;8.922231e-01;1.345759e-01;7.349824e-01;1.089042e-01;5.956249e-01;2.865004e-01;9.205231e-01;4.348280e-02;6.102153e-02;2.448859e+00;1.726963e+02;7.556760e+00;2.120303e+02;2.228568e+01;2.339941e+02;3.609023e+01;3.281660e+02;1.177446e-01;3.669727e-01;2.367153e+01;2.408612e+02;1.617845e-01;2.366594e+00;2.553153e+04;4.222016e+04;5.658845e+00;1.266704e+01;6.021442e+02;6.706444e+02;5.292642e-02;-4.698451e-01;2.036183e-02;2.534974e-01;2.195762e-01;8.621805e-01;2.511920e+00;4.691189e+01;6.702877e+00;-6.293526e+00;5.283138e+00;2.568814e+01;3.689468e+00;2.932361e+01;4.659591e+00;1.002225e+00;6.282206e+00;-7.457462e+00;6.022184e+00;-2.157439e+01;7.091524e+00;-2.204828e+01;5.824051e+00;-1.583643e+01;5.209269e+00;-1.540964e+01;5.898120e+00;3.676425e+00;5.675963e+00;8.269702e+00;3.152697e+00;-9.126268e+00;4.492494e+00;-1.331081e+01;8.188522e-07;1.246618e-07;8.523587e-09;2.536702e-09;2.748338e-07;-2.690743e-08;2.913505e-07;-2.686031e-08;2.472042e-07;-6.013016e-09;2.117244e-06;5.534220e-07;1.912185e-02;-5.862451e-03;2.009819e-02;1.587481e-03;7.901206e-04;-1.461997e-04;2.933132e-04;-4.724112e-05;1.423020e-03;9.474895e-05;1.350184e-03;-1.163898e-04;3.207420e-03;-2.347508e-04;8.560293e-03;7.933694e-05;1.065047e-02;-4.208403e-04;1.107135e-02;1.356716e-04;2.008603e-02;2.045672e-03;2.075765e-02;1.310803e-03;1.104184e-02;1.258388e-03;1.287135e-02;-4.615388e-04;1.771221e-02;2.076591e-03;6.332868e-02;4.471974e-03;4.468488e-02;8.671862e-06;5.077066e-02;-4.754849e-04;9.560324e-02;3.062882e-03;7.099812e-02;-4.205885e-04;9.193708e-02;1.216516e-03;1.114809e-01;6.812194e-05;4.818476e-02;3.190080e-03;4.459633e-02;4.789242e-03;7.948933e-02;4.543645e-03;8.022587e-02;4.590871e-03;7.515096e-02;3.481164e-03;6.687768e-02;2.926004e-03;5.589823e-02;2.294504e-03;4.497199e-02;1.759211e-03;4.405726e-02;-4.481642e-03;5.958200e-03;-1.340346e-03;9.522341e-01;0;2.042870e+00;-1.004883e-01;4.173740e+00;-5.311524e-01;6.830186e+00;-9.761719e-01;1.113327e-02;-3.667719e-03;3.091890e+00;-7.547024e-01;2.555811e-02;-3.572916e-03;3.571916e+03;-8.361509e+02;1.536024e+00;2.402139e-01;1.837542e+02;2.848567e+01;8.660302e-03;1.163053e-03;2.626277e-03;-6.279499e-04;4.295803e-02;-5.505638e-03;1.005548e+00;-2.187649e-02;1.600073e+00;2.519755e-01;1.669350e+00;-1.515833e-01;1.294450e+00;7.204746e-02;1.516888e+00;1.214780e-01;1.956616e+00;-4.776677e-02;1.644275e+00;1.448170e-01;1.418970e+00;-7.302068e-02;1.872054e+00;9.162500e-02;1.307007e+00;1.194302e-01;1.574301e+00;-1.941006e-01;1.731358e+00;1.437394e-02;9.606186e-01;-3.044441e-03;1.496969e+00;-1.633949e-02
319.000000;4.674712e-01;9.695946e+01;5.274329e-03;8.161547e-01;6.982733e-03;1.034060e-02;4.139337e-03;6.082179e-03;4.947991e-02;6.652540e-02;1.675945e+00;1.416569e+01;1.114666e-01;1.007613e+00;1.405281e-01;9.814155e-01;7.906518e-03;9.161136e-02;6.342440e-04;9.542706e-03;8.864437e-03;1.333101e-01;8.159460e-03;2.682657e-01;1.786190e-02;4.122837e-01;5.065283e-02;5.348797e-01;9.260399e-02;6.388341e-01;5.615396e-02;7.214821e-01;1.039866e-01;8.096801e-01;7.202462e-02;8.680816e-01;6.320400e-02;9.202025e-01;6.921934e-02;9.489271e-01;9.071904e-02;1.014034e+00;2.732869e-01;1.131745e+00;3.341780e-01;1.180912e+00;3.548525e-01;1.227642e+00;4.228423e-01;1.380622e+00;4.542415e-01;1.420484e+00;5.311861e-01;1.495834e+00;7.772290e-01;1.588549e+00;3.452461e-01;1.460895e+00;2.313760e-01;1.377498e+00;2.135579e-01;1.382936e+00;2.114379e-01;1.250989e+00;1.904124e-01;1.084795e+00;1.670937e-01;9.119239e-01;1.413767e-01;7.474619e-01;1.152873e-01;6.045348e-01;2.199208e-01;7.025644e-01;1.411094e-02;2.635017e-02;0;1.722656e+02;1.289118e+01;2.072930e+02;1.065017e+01;2.205000e+02;3.793187e+01;2.955791e+02;3.591063e-02;2.785721e-01;1.460558e+01;2.210486e+02;8.300454e-02;2.276553e+00;1.499902e+04;2.742988e+04;8.792453e+00;1.821898e+01;1.326695e+03;1.353185e+03;6.678256e-02;-4.086351e-01;1.393884e-02;2.353290e-01;2.424311e-01;7.366174e-01;3.262135e+00;4.615205e+01;6.191660e+00;-1.593734e+00;8.111009e+00;2.886856e+01;4.350668e+00;3.084127e+01;5.757185e+00;7.241455e-01;5.822581e+00;-6.106189e+00;5.837196e+00;-1.622924e+01;6.527937e+00;-2.268680e+01;5.414101e+00;-1.478821e+01;4.099973e+00;-1.341532e+01;4.380088e+00;8.773764e-01;5.823808e+00;9.432540e+00;3.342228e+00;-8.330538e+00;4.218649e+00;-1.270082e+01;7.650452e-07;1.209569e-07;5.692445e-09;2.028131e-09;2.262532e-08;1.382125e-09;1.268729e-08;2.626353e-10;1.909185e-07;4.798642e-09;2.395281e-06;4.847845e-07;2.553738e-02;-2.528354e-03;4.033956e-02;4.064638e-04;6.989852e-04;-2.888474e-04;1.773619e-04;4.913075e-06;1.413015e-03;-1.459170e-04;1.246087e-03;-4.265402e-04;2.494535e-03;-6.360089e-04;8.436931e-03;-1.212113e-04;1.307472e-02;-1.882250e-03;1.166333e-02;8.075885e-04;2.233803e-02;6.651331e-04;2.636614e-02;-1.228697e-04;1.256260e-02;1.532034e-03;2.000725e-02;3.320063e-04;2.160406e-02;5.056517e-03;7.637728e-02;6.070269e-03;8.973714e-02;-9.761256e-04;9.822392e-02;-2.143366e-03;1.181962e-01;9.402155e-04;1.142735e-01;1.256021e-03;1.268681e-01;5.951411e-04;1.788518e-01;2.268172e-03;8.971245e-02;3.053888e-03;6.719896e-02;1.723132e-03;9.131417e-02;-6.557715e-04;9.250484e-02;-1.916586e-03;8.224211e-02;-1.675503e-03;7.230379e-02;-1.218414e-03;6.139734e-02;-1.043376e-03;5.004599e-02;-7.681458e-04;2.524784e-02;-4.173470e-03;3.832411e-03;-3.138375e-04;0;0;2.368391e+00;-1.291992e-01;2.856702e+00;0;8.198204e+00;-2.727539e-01;8.906176e-03;-3.040326e-04;3.152944e+00;-1.353689e-01;2.128617e-02;1.304388e-03;3.869874e+03;-1.894878e+00;2.781554e+00;-2.367419e-02;3.927504e+02;-2.904340e+00;5.468776e-03;2.641461e-03;2.650344e-03;-1.504195e-04;4.168489e-02;-5.063929e-03;1.227261e+00;1.357822e-02;1.877662e+00;-7.271483e-02;1.691037e+00;1.263905e-01;9.875112e-01;-4.377211e-03;1.560003e+00;-1.632912e-02;1.297286e+00;1.310866e-01;1.414634e+00;5.684136e-03;1.289458e+00;-2.009649e-02;1.296932e+00;9.803893e-02;1.147374e+00;3.715499e-02;1.233062e+00;-8.615468e-02;1.670892e+00;-8.401242e-02;9.201570e-01;2.632408e-02;1.236598e+00;1.278344e-01
319.500000;2.050858e+01;1.023191e+02;2.288040e-02;8.017458e-01;7.127602e-02;2.904817e-02;8.341288e-02;2.612129e-02;7.664710e-02;7.955342e-02;4.139439e+00;1.248674e+01;5.166568e-01;1.283941e+00;3.424063e-01;1.165182e+00;1.171083e-02;8.621991e-02;1.147467e-02;1.758252e-02;1.500545e-02;1.324234e-01;2.201172e-02;2.646635e-01;3.408546e-02;4.103330e-01;9.454043e-02;5.687657e-01;1.979522e-01;7.217368e-01;1.909535e-01;8.432588e-01;2.012677e-01;9.669753e-01;3.103443e-01;1.052613e+00;4.033258e-01;1.144701e+00;4.261167e-01;1.182241e+00;5.907471e-01;1.412650e+00;6.513654e-01;1.507460e+00;6.898884e-01;1.557304e+00;6.030577e-01;1.526825e+00;5.993685e-01;1.581580e+00;6.608296e-01;1.621232e+00;5.880215e-01;1.666498e+00;9.148782e-01;1.872521e+00;8.773078e-01;1.882847e+00;1.010524e+00;1.959796e+00;4.851784e-01;1.533979e+00;4.828704e-01;1.404834e+00;2.554523e-01;1.133235e+00;2.217666e-01;9.512327e-01;1.824764e-01;7.772412e-01;1.445617e-01;6.177932e-01;2.970322e-01;6.748383e-01;3.133206e-01;2.170235e-01;1.201065e+01;1.751367e+02;3.307993e+01;2.167676e+02;2.808342e+02;3.260127e+02;5.377441e+02;6.531738e+02;1.842980e-01;3.811757e-01;1.501019e+02;3.093633e+02;6.410078e-01;2.772808e+00;1.591131e+05;1.263494e+05;1.120022e+01;1.214636e+01;1.452397e+03;8.577734e+02;9.567180e-02;-3.598410e-01;1.120360e-01;3.014330e-01;2.834929e-01;6.731606e-01;3.852587e+00;4.516257e+01;1.187670e+01;-1.094639e+01;7.829342e+00;3.051606e+01;8.447039e+00;2.641309e+01;7.161528e+00;5.027077e+00;4.986185e+00;-3.650039e+00;1.122893e+01;-2.081196e+01;6.111224e+00;-1.591851e+01;9.691485e+00;-9.546190e+00;4.793022e+00;-1.313240e+01;7.203295e+00;4.133976e-01;6.814267e+00;5.835509e+00;4.592616e+00;-4.304177e+00;5.117238e+00;-7.431628e+00;4.341855e-05;9.741283e-06;2.351179e-08;-4.768610e-09;2.704424e-07;1.278817e-10;3.347716e-07;1.527636e-09;3.350764e-07;9.834396e-09;5.039654e-06;-1.025208e-06;7.764859e-02;1.607025e-02;7.961570e-02;8.621726e-03;2.361485e-03;7.346195e-05;1.241747e-03;4.080373e-04;4.419386e-03;-2.353701e-04;6.345041e-03;-3.681530e-04;1.028408e-02;-1.894205e-04;2.032056e-02;1.958844e-03;2.541962e-02;2.713635e-03;3.805790e-02;2.023997e-04;4.457472e-02;6.028734e-04;7.073899e-02;1.137799e-03;9.389576e-02;8.122899e-04;9.320778e-02;7.626685e-03;8.552449e-02;9.443872e-04;1.406603e-01;1.782655e-03;1.577730e-01;1.054363e-02;1.608751e-01;2.168490e-02;1.682243e-01;2.101164e-02;1.767417e-01;2.468789e-02;1.345629e-01;7.168325e-03;2.130852e-01;1.115488e-02;2.198358e-01;3.258792e-02;2.516028e-01;4.424545e-02;1.338650e-01;1.336616e-02;1.269996e-01;1.373737e-02;8.468842e-02;3.640578e-03;7.268429e-02;2.841916e-03;6.048472e-02;1.464712e-03;5.090474e-02;-9.591048e-04;5.198764e-02;6.086846e-03;5.385533e-02;1.227425e-02;3.044544e+00;5.598633e-01;7.533544e+00;1.722656e+00;6.281645e+01;1.510195e+01;7.537199e+01;1.616426e+01;2.992952e-02;3.761840e-03;2.456050e+01;6.532738e+00;6.280280e-02;1.990115e-02;2.717487e+04;6.998743e+03;2.388743e+00;-2.823292e-01;3.497091e+02;-2.889769e+01;2.191581e-02;-2.586146e-04;1.725520e-02;4.670931e-03;5.700105e-02;6.791219e-03;1.265353e+00;-9.837299e-02;1.860428e+00;-3.711986e-01;1.892364e+00;1.758691e-01;1.502675e+00;-1.944475e-01;1.269037e+00;9.156832e-02;1.439484e+00;-1.303416e-01;1.686170e+00;-2.013331e-01;1.381781e+00;2.425614e-01;1.865450e+00;-6.139920e-02;1.452699e+00;-7.821049e-02;1.887165e+00;2.778673e-01;1.481316e+00;-9.350803e-02;8.279402e-01;1.154856e-01;1.025090e+00;1.558597e-01
320.000000;9.304889e+01;1.555276e+02;2.791032e-02;7.771620e-01;1.357924e-01;1.076026e-01;1.672729e-01;1.169865e-01;1.011688e-01;1.503921e-01;4.426160e+00;7.211706e+00;5.651433e-01;1.940281e+00;3.541680e-01;1.218168e+00;1.289675e-02;8.828645e-02;1.482606e-02;3.695263e-02;1.560688e-02;1.274993e-01;2.712114e-02;2.557639e-01;4.143716e-02;3.979073e-01;8.780488e-02;6.046995e-01;1.726133e-01;7.612616e-01;1.815971e-01;8.810604e-01;1.878072e-01;1.006231e+00;2.927268e-01;1.118682e+00;3.845384e-01;1.217543e+00;3.867761e-01;1.315856e+00;5.679472e-01;1.456065e+00;6.146847e-01;1.528788e+00;6.359378e-01;1.592267e+00;6.308991e-01;1.650336e+00;6.442251e-01;1.669646e+00;6.709481e-01;1.732130e+00;5.159494e-01;1.680927e+00;7.378995e-01;1.823553e+00;1.010401e+00;2.048914e+00;1.234578e+00;2.233676e+00;6.441634e-01;1.591460e+00;6.854681e-01;1.465230e+00;3.162563e-01;1.154546e+00;2.688740e-01;9.585851e-01;2.184121e-01;7.806367e-01;1.538038e-01;6.191124e-01;3.675285e-01;9.457401e-01;4.922327e-01;6.921262e-01;5.202526e+01;2.126045e+02;2.158071e+02;3.346260e+02;5.397577e+02;8.331914e+02;5.754416e+02;1.444017e+03;1.719696e-01;5.851849e-01;2.477771e+02;5.834476e+02;5.951367e-01;3.692961e+00;2.180043e+05;3.756510e+05;3.207630e+00;3.096146e+00;1.527212e+02;6.158202e+01;1.024272e-01;-3.674491e-01;1.775234e-01;5.063552e-01;3.763665e-01;8.970523e-01;5.269072e+00;4.275563e+01;9.227646e+00;-2.676595e+01;7.356114e+00;3.127866e+01;7.377996e+00;1.679904e+01;5.528708e+00;7.322145e+00;5.709758e+00;-4.617559e+00;8.822358e+00;-3.058811e+01;6.889574e+00;-6.516325e+00;1.038758e+01;-9.999160e+00;4.916127e+00;-1.371791e+01;1.353930e+01;1.164729e+01;5.860415e+00;2.186135e+00;3.909254e+00;1.062253e+00;5.143062e+00;1.981245e-01;2.331447e-04;3.004332e-05;7.583944e-08;1.336243e-09;4.718974e-07;-1.540681e-09;6.070436e-07;-9.303797e-11;4.252729e-07;1.005762e-08;9.146409e-06;-1.367624e-06;1.049076e-01;2.045335e-02;8.560764e-02;7.158223e-03;3.168473e-03;2.857903e-04;1.803310e-03;5.590829e-04;4.709973e-03;-1.700738e-04;7.743024e-03;8.659950e-05;1.214101e-02;3.482232e-05;2.332018e-02;9.529678e-04;2.793019e-02;2.301286e-03;4.150327e-02;-6.147643e-04;5.356838e-02;2.751215e-03;7.582305e-02;4.092504e-03;9.819103e-02;-3.169730e-04;9.753036e-02;4.393395e-03;8.687452e-02;-2.652903e-03;1.362593e-01;-3.693689e-03;1.412533e-01;5.635909e-03;1.584411e-01;1.096150e-02;1.711969e-01;1.020174e-02;1.782953e-01;1.191405e-02;1.234435e-01;1.371063e-02;1.771290e-01;1.794058e-02;2.446502e-01;1.619122e-02;2.918684e-01;1.648180e-02;1.636627e-01;1.894241e-02;1.768735e-01;2.345335e-02;8.957740e-02;1.142550e-02;7.675771e-02;9.500776e-03;6.276870e-02;7.833497e-03;4.772405e-02;4.756458e-03;7.373681e-02;5.905468e-03;1.130411e-01;1.967061e-02;1.095446e+01;1.866211e+00;4.425974e+01;1.126904e+01;1.021096e+02;1.655186e+01;8.441663e+01;1.958086e+01;3.847591e-02;1.737074e-03;4.234454e+01;1.028819e+01;6.835130e-02;1.990586e-02;3.600775e+04;7.464891e+03;4.956155e-01;-9.119468e-02;4.313614e+01;-2.435031e+00;2.727879e-02;-1.887782e-03;2.878541e-02;7.238804e-03;9.135370e-02;1.286694e-02;1.262394e+00;-1.783091e-01;1.482684e+00;-2.583452e-01;1.834661e+00;8.303466e-03;1.622782e+00;-3.193528e-01;1.164915e+00;-2.698051e-02;1.654597e+00;-5.881446e-02;1.735983e+00;-5.936196e-02;1.639580e+00;1.942300e-01;2.166382e+00;-9.015337e-02;1.542201e+00;-8.050720e-02;2.178313e+00;2.025459e-01;1.451677e+00;3.644421e-02;9.115828e-01;5.884973e-02;1.193408e+00;7.427946e-02
320.500000;1.101461e+02;2.491920e+02;3.828355e-02;7.965936e-01;1.286488e-01;8.880719e-02;1.571601e-01;1.012001e-01;8.121917e-02;1.647024e-01;2.588505e+00;5.668324e+00;3.162616e-01;2.266520e+00;2.379017e-01;1.057250e+00;8.865385e-03;8.667694e-02;8.360195e-03;4.873898e-02;1.169165e-02;1.231358e-01;2.424431e-02;2.591458e-01;4.551600e-02;3.984250e-01;5.824295e-02;5.730245e-01;6.644739e-02;6.872556e-01;1.060079e-01;7.670887e-01;1.301720e-01;8.887405e-01;1.467621e-01;9.527855e-01;1.355779e-01;1.002101e+00;1.668787e-01;1.144539e+00;1.268006e-01;1.053382e+00;2.233849e-01;1.142801e+00;2.285257e-01;1.286062e+00;4.592997e-01;1.479167e+00;5.037798e-01;1.530766e+00;5.079932e-01;1.582873e+00;4.016854e-01;1.536698e+00;4.788538e-01;1.597566e+00;7.576780e-01;1.684506e+00;9.544849e-01;1.763211e+00;5.657892e-01;1.409338e+00;6.311976e-01;1.288342e+00;2.868266e-01;1.092272e+00;2.290580e-01;9.046515e-01;1.842320e-01;7.394616e-01;1.165354e-01;6.011496e-01;2.530936e-01;1.034004e+00;4.495134e-01;9.698263e-01;6.299352e+01;2.672988e+02;3.217699e+02;5.117725e+02;4.125987e+02;1.304769e+03;1.530642e+02;1.905688e+03;1.287580e-01;5.719945e-01;1.966093e+02;8.152207e+02;2.237689e-01;4.020287e+00;1.244613e+05;5.520212e+05;4.304569e-01;1.249318e+00;1.829544e+00;5.497107e+00;6.575391e-02;-3.441493e-01;1.299788e-01;6.748809e-01;2.871967e-01;1.083404e+00;4.402344e+00;3.978864e+01;3.525594e+00;-3.506295e+01;5.148852e+00;3.410500e+01;4.531574e+00;1.114058e+01;6.500302e+00;6.364665e-01;4.297503e+00;-4.914402e+00;4.522854e+00;-3.148562e+01;3.486781e+00;-2.644106e+00;5.732656e+00;-1.636437e+01;3.886572e+00;-1.817755e+01;5.082623e+00;2.288776e+01;4.667520e+00;4.230024e+00;3.307889e+00;1.692458e+00;4.588184e+00;2.214478e+00;2.485081e-04;8.682377e-09;7.384561e-08;3.613664e-10;3.918060e-07;-2.847726e-10;5.203207e-07;-1.399939e-09;3.263661e-07;1.841060e-08;8.616217e-06;4.520864e-08;7.808585e-02;-6.964224e-03;5.181234e-02;-9.626600e-03;2.290280e-03;-2.576437e-04;1.582222e-03;-9.851345e-05;2.320334e-03;2.155126e-04;4.950241e-03;3.997436e-04;7.550471e-03;6.104432e-04;1.354731e-02;-1.787046e-03;1.697384e-02;-1.882828e-03;2.099690e-02;4.600363e-04;4.075907e-02;-2.302862e-03;4.122967e-02;-2.109839e-03;3.146794e-02;-2.045760e-03;3.586549e-02;-7.466007e-03;2.647190e-02;-1.810268e-03;7.102586e-02;-2.752075e-03;4.413115e-02;-8.810815e-03;8.347955e-02;-1.949385e-02;1.027939e-01;-2.543511e-02;1.050432e-01;-2.566141e-02;9.305491e-02;-7.485738e-03;1.073255e-01;-9.184684e-03;1.338228e-01;-3.530264e-02;1.488726e-01;-4.922071e-02;1.308972e-01;-1.737867e-02;1.598341e-01;-1.723597e-02;7.470975e-02;-6.110029e-03;6.427336e-02;-5.000731e-03;5.427886e-02;-3.180641e-03;3.759575e-02;-3.196345e-04;5.885212e-02;-3.948886e-03;1.053554e-01;-7.454743e-03;1.194454e+01;-3.158203e-01;5.450014e+01;0;8.647233e+01;-8.527148e+00;4.192559e+01;-4.306641e-01;2.712858e-02;-7.228615e-04;3.735804e+01;-2.115793e+00;3.953282e-02;-3.275923e-03;2.506975e+04;-2.695841e+03;9.213502e-02;2.910540e-03;5.441729e-01;1.336887e-02;1.761077e-02;1.867741e-03;2.497348e-02;-1.276981e-03;7.962462e-02;-5.405622e-03;9.995901e-01;9.531254e-02;9.242512e-01;-2.647324e-03;1.056808e+00;-8.578189e-02;1.111827e+00;7.721379e-02;1.047450e+00;-1.882417e-01;1.139923e+00;1.226575e-01;1.219745e+00;1.728919e-02;1.171730e+00;-5.355055e-02;1.559816e+00;1.017731e-01;1.085682e+00;-1.273611e-02;1.610130e+00;-6.028922e-02;1.135859e+00;1.410802e-01;7.667814e-01;-3.806656e-02;1.121068e+00;-7.951389e-02
321.000000;1.001139e+02;2.241707e+02;3.062112e-02;7.979882e-01;1.067289e-01;4.752371e-02;1.156869e-01;5.218890e-02;6.805856e-02;1.711848e-01;1.448219e+00;6.677266e+00;4.480347e-01;1.890755e+00;1.420622e-01;9.240087e-01;9.040086e-03;7.758716e-02;1.307216e-02;3.832955e-02;1.286960e-02;1.284136e-01;1.808309e-02;2.728367e-01;3.908880e-02;4.179807e-01;3.959640e-02;5.505944e-01;4.523850e-02;6.680979e-01;6.876551e-02;7.513581e-01;1.046213e-01;8.260509e-01;1.038930e-01;8.712054e-01;3.193781e-02;9.109408e-01;9.952057e-02;1.012508e+00;4.103807e-02;9.860366e-01;1.722833e-01;1.011832e+00;1.477202e-01;1.126164e+00;2.434918e-01;1.230721e+00;2.624184e-01;1.213206e+00;2.663806e-01;1.263120e+00;3.210283e-01;1.331592e+00;3.881492e-01;1.360067e+00;3.916217e-01;1.274930e+00;4.232235e-01;1.246441e+00;3.201878e-01;1.259384e+00;3.570878e-01;1.146634e+00;1.943820e-01;1.014756e+00;1.511010e-01;8.574873e-01;1.246183e-01;7.091996e-01;9.168556e-02;5.826682e-01;2.018580e-01;9.061180e-01;4.875778e-01;6.018764e-01;6.680138e+01;2.467705e+02;2.900464e+02;4.432969e+02;5.730594e+02;9.061172e+02;5.024265e+02;1.538188e+03;1.142211e-01;5.279043e-01;2.567638e+02;6.620652e+02;2.951941e-01;3.693962e+00;1.960199e+05;4.066178e+05;9.683847e-01;1.972086e+00;9.121027e+00;1.223095e+01;5.997196e-02;-2.772992e-01;1.733648e-01;5.714868e-01;3.087435e-01;8.830755e-01;5.002390e+00;4.330801e+01;7.159667e+00;-3.049553e+01;4.877082e+00;3.041688e+01;5.910662e+00;1.403454e+01;3.661263e+00;-5.404270e+00;2.907465e+00;-4.053323e+00;4.721747e+00;-2.673979e+01;3.787265e+00;-6.514538e+00;3.979450e+00;-1.578039e+01;3.821915e+00;-1.776455e+01;4.162308e+00;2.151338e+01;5.412225e+00;1.053138e+01;3.018207e+00;-1.234585e+00;6.118144e+00;-3.853462e+00;9.815177e-05;-3.033430e-05;1.760844e-08;-7.702870e-09;3.340604e-07;1.187043e-09;3.137077e-07;6.289473e-10;2.650099e-07;-7.223511e-09;3.751629e-06;2.202458e-07;1.792177e-02;-1.678366e-02;2.072722e-02;-7.689957e-03;7.413564e-04;-3.780125e-04;9.110216e-04;-4.259259e-04;1.942565e-03;1.630559e-04;2.857889e-03;2.880255e-04;4.781775e-03;3.211895e-04;5.381785e-03;-8.995192e-04;6.291623e-03;-1.101262e-03;1.108583e-02;8.061478e-05;2.915836e-02;-3.430787e-03;3.172589e-02;-4.514315e-03;1.023247e-02;-7.740533e-04;1.432122e-02;-5.123776e-03;1.038937e-02;-1.686698e-03;5.706374e-02;-4.371217e-03;2.046295e-02;-5.572673e-03;2.893168e-02;-9.814127e-03;4.521526e-02;-1.196622e-02;4.290436e-02;-1.258671e-02;3.906671e-02;-1.424401e-02;5.334321e-02;-1.784180e-02;4.049997e-02;-1.991860e-02;4.353620e-02;-1.833776e-02;6.669443e-02;-1.885978e-02;7.912872e-02;-2.195758e-02;4.886270e-02;-9.602977e-03;4.293526e-02;-7.881759e-03;3.859315e-02;-6.508163e-03;2.994560e-02;-3.797978e-03;3.023240e-02;-3.517385e-03;2.759784e-02;-1.873294e-02;6.684949e+00;-2.052832e+00;2.918329e+01;-1.075225e+01;3.388869e+01;-1.494404e+01;4.400825e+01;-1.668106e+01;1.596134e-02;2.618140e-04;1.063669e+01;-8.717953e+00;3.000879e-02;-9.975857e-03;9.362876e+03;-6.122226e+03;7.063425e-02;3.044246e-02;1.183044e+00;3.024732e-01;5.927254e-03;2.420021e-03;6.889597e-03;-5.863439e-03;1.896937e-02;-1.201758e-02;5.663008e-01;1.733758e-01;7.916796e-01;1.877683e-01;6.965195e-01;-1.228764e-01;8.495583e-01;2.004264e-01;8.137777e-01;-9.483668e-02;8.000839e-01;4.240364e-03;1.046025e+00;6.408627e-02;8.478690e-01;-1.269560e-01;1.157627e+00;3.600916e-02;1.076702e+00;5.585345e-02;1.225784e+00;4.157550e-03;1.124739e+00;1.463494e-01;6.683493e-01;-5.837082e-02;8.993526e-01;-1.953571e-01
321.500000;4.224025e+01;1.244352e+02;6.578534e-03;7.705637e-01;1.143546e-01;7.894740e-02;1.128625e-01;6.331253e-02;7.861400e-02;1.713237e-01;6.779204e-01;6.547780e+00;2.644631e-01;1.305223e+00;4.795896e-02;8.809495e-01;9.357146e-03;6.468948e-02;5.105676e-03;2.375158e-02;7.650207e-03;1.310548e-01;1.658440e-02;2.686963e-01;1.808967e-02;4.176311e-01;3.672801e-02;5.326260e-01;4.121924e-02;6.416131e-01;3.108333e-02;7.478710e-01;7.222566e-02;7.970689e-01;7.662826e-02;8.391411e-01;3.312003e-02;8.927054e-01;3.837350e-02;9.411534e-01;3.885587e-02;9.854296e-01;2.096834e-01;1.064529e+00;8.854058e-02;1.040397e+00;1.268759e-01;1.082043e+00;1.871588e-01;1.091460e+00;1.654619e-01;1.153875e+00;2.360562e-01;1.236782e+00;2.856929e-01;1.227828e+00;1.515843e-01;1.158479e+00;1.812352e-01;1.100981e+00;1.408954e-01;1.268397e+00;1.334905e-01;1.146130e+00;1.229044e-01;1.009658e+00;1.076880e-01;8.544790e-01;9.435102e-02;7.033612e-01;7.961959e-02;5.712971e-01;2.323148e-01;7.067911e-01;1.152907e-01;1.511972e-01;3.071232e+01;1.899229e+02;3.913834e+01;2.817979e+02;8.693999e+01;4.035322e+02;4.409875e+02;7.741904e+02;1.347620e-01;4.963035e-01;8.590569e+01;3.934544e+02;1.496371e-01;3.365930e+00;8.992869e+04;1.694724e+05;1.211687e+00;3.824380e+00;3.940014e+01;4.917398e+01;5.799104e-02;-1.999679e-01;6.360132e-02;3.841401e-01;2.111803e-01;5.006784e-01;2.597994e+00;4.878370e+01;6.478636e+00;-1.943923e+01;5.267080e+00;2.331864e+01;4.006096e+00;2.005666e+01;3.782607e+00;-4.952579e+00;4.238438e+00;-6.706721e+00;4.568970e+00;-2.183124e+01;4.762537e+00;-1.208130e+01;5.639578e+00;-1.208243e+01;5.205121e+00;-1.208778e+01;6.585998e+00;1.556385e+01;5.435171e+00;1.507332e+01;2.731480e+00;-2.073039e+00;4.915833e+00;-9.991978e+00;4.449270e-05;-9.901855e-06;1.176132e-08;-1.949310e-09;3.954432e-07;-5.668971e-09;3.128169e-07;-6.287907e-10;3.128325e-07;5.162256e-10;2.256479e-06;-7.142217e-08;1.216668e-02;-9.065410e-03;1.329484e-02;1.060358e-04;5.946725e-04;-2.547088e-04;6.404750e-04;-2.359536e-04;1.625026e-03;-1.033005e-04;2.312312e-03;-3.465877e-04;3.887872e-03;-6.786942e-04;5.102658e-03;-9.511172e-06;5.724692e-03;1.057176e-04;7.112841e-03;-2.701314e-04;2.506130e-02;1.875444e-04;3.326517e-02;-2.983608e-04;9.134307e-03;3.981081e-04;1.035561e-02;-1.506527e-04;1.266973e-02;4.069774e-04;7.385178e-02;1.638606e-03;3.371741e-02;-2.342577e-04;4.806211e-02;-3.071921e-04;7.073238e-02;-2.938438e-03;5.266787e-02;-4.588917e-04;5.827125e-02;4.723450e-04;7.451462e-02;-1.928522e-03;3.886173e-02;5.536660e-04;4.274518e-02;1.304313e-03;4.557712e-02;1.221329e-03;4.642593e-02;1.593817e-03;4.387500e-02;8.422266e-04;3.844184e-02;9.003129e-04;3.404975e-02;5.065762e-04;2.811679e-02;3.498873e-04;2.392154e-02;-3.826674e-03;8.139072e-03;-4.602636e-03;5.011189e+00;-1.722656e-01;6.578048e+00;-1.105371e+00;1.814642e+01;-5.067481e+00;4.373496e+01;-1.438418e+01;1.429885e-02;1.738357e-04;6.772354e+00;-3.268256e+00;2.151768e-02;-6.117361e-03;8.253447e+03;-3.616945e+03;1.334882e-01;3.722443e-02;7.635971e+00;7.928610e-01;4.457215e-03;1.335252e-03;4.678068e-03;-2.296146e-03;1.322097e-02;-5.030045e-03;6.457255e-01;6.805515e-02;1.021420e+00;1.990139e-01;1.227988e+00;-1.429739e-01;9.017731e-01;5.395288e-02;1.094710e+00;1.530056e-02;1.022545e+00;-6.707997e-02;1.333771e+00;9.287965e-02;1.488981e+00;-1.232443e-01;1.306284e+00;1.095106e-01;1.561173e+00;1.256159e-01;1.470106e+00;-1.548130e-01;1.753720e+00;1.242763e-01;9.588517e-01;2.210335e-02;1.477809e+00;-1.157659e-01
322.000000;6.049407e-01;9.523689e+01;3.914329e-03;7.661358e-01;1.001578e-01;8.378026e-02;6.868951e-02;5.253825e-02;1.000516e-01;1.587700e-01;8.546191e-01;5.914043e+00;1.724859e-01;9.394665e-01;4.867217e-02;8.927512e-01;7.692907e-03;5.149283e-02;3.211840e-03;1.781683e-02;5.885048e-03;1.276248e-01;2.239691e-02;2.612874e-01;3.717985e-02;4.036807e-01;2.688926e-02;5.356531e-01;3.453793e-02;6.437117e-01;4.648288e-02;7.407411e-01;7.097730e-02;8.005236e-01;7.497244e-02;8.315622e-01;2.954097e-02;9.009950e-01;3.677771e-02;9.268004e-01;3.837269e-02;9.768530e-01;2.130318e-01;1.054403e+00;1.160365e-01;1.027977e+00;1.511917e-01;1.074829e+00;2.401729e-01;1.128906e+00;2.095737e-01;1.164971e+00;2.656485e-01;1.232146e+00;3.300611e-01;1.240237e+00;1.696312e-01;1.270576e+00;1.946873e-01;1.217567e+00;1.184342e-01;1.298943e+00;1.199633e-01;1.182002e+00;1.095969e-01;1.030985e+00;1.003254e-01;8.647379e-01;8.943132e-02;7.052072e-01;7.838581e-02;5.686102e-01;1.277712e-01;4.696031e-01;2.882729e-02;4.050773e-02;2.971651e+01;1.784385e+02;2.686276e+01;2.687344e+02;1.282306e+01;3.716631e+02;2.987731e+01;4.131504e+02;1.284743e-01;4.348165e-01;2.635378e+01;3.140395e+02;1.432888e-01;3.179982e+00;3.188451e+04;7.477872e+04;1.771359e+00;6.046764e+00;1.548156e+02;1.816773e+02;3.920497e-02;-1.288961e-01;2.208592e-02;3.272464e-01;1.028345e-01;2.809927e-01;2.287775e+00;5.133234e+01;6.235953e+00;-1.002380e+01;5.009852e+00;1.769328e+01;4.119061e+00;1.990203e+01;4.454424e+00;-2.504254e+00;4.975157e+00;-1.101656e+01;4.334988e+00;-1.893924e+01;5.072488e+00;-1.450170e+01;4.877690e+00;-8.286125e+00;5.148017e+00;-6.363712e+00;5.379901e+00;1.333861e+01;4.859977e+00;1.812682e+01;3.105946e+00;-1.232876e+00;4.333612e+00;-1.114374e+01;9.498443e-07;1.627539e-07;7.335754e-09;4.191849e-10;3.605068e-07;1.407748e-08;2.668140e-07;1.636953e-08;3.898854e-07;-5.630754e-10;2.074339e-06;-2.090369e-07;9.709411e-03;-5.923131e-03;1.409485e-02;-4.627760e-04;4.025545e-04;-2.116259e-04;4.652332e-04;-1.242126e-04;1.206663e-03;1.015510e-04;2.314208e-03;-3.912503e-05;4.100200e-03;2.021632e-04;4.732269e-03;1.866287e-04;5.477944e-03;-1.071364e-05;7.637901e-03;-5.468242e-04;1.975785e-02;4.870904e-04;3.203010e-02;3.923854e-04;7.058639e-03;-7.906133e-06;1.043123e-02;-3.012879e-04;1.219855e-02;-3.642340e-04;7.761115e-02;4.870708e-04;4.245048e-02;-2.534321e-03;5.564765e-02;-2.575747e-03;9.219216e-02;-2.516412e-03;7.119702e-02;-2.324203e-03;6.949405e-02;-1.926685e-03;8.788797e-02;-1.633580e-03;4.712374e-02;3.148736e-03;4.606437e-02;2.672071e-03;4.409508e-02;-3.549846e-04;4.686637e-02;-5.471617e-04;4.267265e-02;-1.220478e-03;3.770902e-02;-1.052580e-03;3.408229e-02;-9.957517e-04;3.001972e-02;-7.578840e-04;1.484194e-02;-2.534744e-03;1.845876e-03;-1.099150e-03;5.081511e+00;-1.435547e-01;5.391907e+00;-7.177734e-02;2.899805e+00;-2.009766e-01;7.100024e+00;-1.837500e+00;1.521651e-02;-2.539200e-03;2.959603e+00;-1.137351e+00;2.024230e-02;-1.096875e-03;4.087740e+03;-1.399325e+03;3.953052e-01;4.809370e-02;3.302800e+01;4.366291e+00;2.271443e-03;9.794774e-04;2.504066e-03;-8.480030e-04;8.061045e-03;-2.784603e-03;7.038376e-01;5.057180e-02;1.175347e+00;2.085820e-01;1.449841e+00;-6.634229e-02;1.044380e+00;-1.012543e-01;1.461601e+00;1.140291e-01;1.263161e+00;-2.455112e-02;1.419421e+00;-1.870754e-02;1.895940e+00;7.417065e-04;1.433954e+00;4.842103e-02;1.632102e+00;7.418061e-02;1.586139e+00;-1.245641e-02;1.810479e+00;-1.846937e-02;1.058294e+00;3.407906e-02;1.636802e+00;5.525138e-02
322.500000;7.494266e-01;9.572828e+01;6.528525e-03;7.693729e-01;9.711901e-02;8.552512e-02;7.010885e-02;6.568456e-02;9.941301e-02;1.527186e-01;5.884728e-01;5.327397e+00;1.189180e-01;6.897371e-01;8.405108e-02;9.087211e-01;4.874434e-03;4.101665e-02;2.317168e-03;1.372512e-02;6.127518e-03;1.274806e-01;2.171610e-02;2.608254e-01;3.605993e-02;4.014662e-01;2.478036e-02;5.254011e-01;3.665375e-02;6.325732e-01;4.960589e-02;7.285500e-01;5.994580e-02;7.958173e-01;5.924011e-02;8.238543e-01;4.271676e-02;8.799304e-01;2.878607e-02;9.125498e-01;4.516638e-02;9.715640e-01;1.829351e-01;1.003276e+00;1.470001e-01;1.027698e+00;1.669688e-01;1.077569e+00;2.286205e-01;1.186407e+00;3.165115e-01;1.248530e+00;4.053273e-01;1.323954e+00;5.206742e-01;1.363808e+00;1.638606e-01;1.366366e+00;1.709416e-01;1.317114e+00;1.093530e-01;1.300418e+00;1.190301e-01;1.191131e+00;1.213555e-01;1.027045e+00;1.101930e-01;8.614135e-01;1.058846e-01;7.038704e-01;9.707233e-02;5.681375e-01;1.051143e-01;2.828969e-01;8.781345e-03;1.047973e-02;3.399398e+01;1.672412e+02;4.076827e+01;2.430381e+02;3.292508e+01;3.425215e+02;1.321561e+01;3.926221e+02;1.475217e-01;3.980725e-01;3.586437e+01;2.709654e+02;1.202521e-01;3.069257e+00;1.681547e+04;3.859176e+04;3.049119e+00;8.990322e+00;3.009804e+02;4.700086e+02;2.012621e-02;-8.102784e-02;3.562419e-02;2.899643e-01;6.142559e-02;1.632747e-01;2.750316e+00;5.193606e+01;6.123648e+00;-1.357813e+00;5.597714e+00;1.810995e+01;4.188967e+00;1.590295e+01;5.391172e+00;-8.149643e-01;5.706081e+00;-1.144613e+01;3.702408e+00;-1.674017e+01;5.959858e+00;-1.404467e+01;4.846753e+00;-6.634682e+00;3.614033e+00;-2.408942e+00;4.516734e+00;1.434672e+01;4.880575e+00;1.625296e+01;3.965317e+00;-3.231021e+00;3.187975e+00;-1.103946e+01;7.026268e-07;8.838470e-08;6.178670e-09;1.185746e-09;3.177079e-07;5.767406e-09;2.732214e-07;3.735028e-09;3.564727e-07;-5.152638e-09;2.123943e-06;-5.661169e-08;8.291802e-03;-4.124806e-03;2.075643e-02;1.120145e-03;2.987882e-04;-1.800631e-04;4.286693e-04;-4.446965e-05;1.184112e-03;-6.206151e-05;2.298531e-03;-4.693315e-05;3.911358e-03;1.179495e-04;3.907647e-03;-7.252854e-05;4.595214e-03;-1.362527e-04;7.880619e-03;-1.149159e-03;1.213512e-02;-2.963326e-04;2.495992e-02;1.607143e-03;6.203521e-03;-3.065314e-05;7.683259e-03;-4.713830e-04;1.180176e-02;-4.982555e-04;5.895179e-02;-1.638927e-03;5.339978e-02;1.666963e-04;6.123380e-02;4.418308e-05;7.709387e-02;4.085733e-03;7.819483e-02;3.068843e-03;9.056763e-02;1.379444e-03;1.136355e-01;1.976749e-03;4.320403e-02;2.507536e-03;4.509141e-02;4.402520e-03;3.957988e-02;2.186760e-03;4.407430e-02;2.644979e-03;4.734300e-02;2.879213e-03;4.113481e-02;2.027466e-03;4.006726e-02;2.239365e-03;3.769773e-02;2.191681e-03;9.007143e-03;-2.655693e-03;7.995999e-04;-3.495481e-04;4.957835e+00;-7.177734e-02;4.509446e+00;-2.583984e-01;3.859753e+00;-7.608398e-01;2.576437e+00;-4.737305e-01;1.512629e-02;-4.208837e-04;2.078426e+00;-7.798104e-01;2.043114e-02;-3.057787e-03;2.478735e+03;-5.274385e+02;7.658643e-01;1.487133e-01;7.187330e+01;1.404171e+01;1.319313e-03;6.446021e-04;2.062107e-03;-6.906134e-04;4.183262e-03;-1.619481e-03;8.106275e-01;-5.747656e-02;1.034872e+00;2.087015e-01;1.292538e+00;1.441279e-02;1.232593e+00;-8.697193e-02;1.475397e+00;2.195182e-02;1.510957e+00;2.511022e-02;1.239318e+00;6.913941e-02;1.814980e+00;2.327506e-02;1.305945e+00;-6.228990e-02;1.182165e+00;4.400982e-02;1.238253e+00;2.785369e-02;1.182089e+00;-9.243192e-02;8.423743e-01;9.062861e-03;1.136134e+00;8.732403e-02
323.000000;3.256541e-01;9.657812e+01;4.773090e-03;7.791061e-01;6.856290e-02;6.431391e-02;4.583000e-02;4.979295e-02;1.549854e-01;2.021395e-01;5.573609e-01;5.403626e+00;6.657696e-02;5.426598e-01;1.517420e-01;9.692206e-01;3.983106e-03;3.350836e-02;1.400577e-03;1.159864e-02;5.732439e-03;1.279509e-01;1.567849e-02;2.672546e-01;1.671517e-02;4.117441e-01;2.894160e-02;5.161903e-01;4.421644e-02;6.099815e-01;5.306685e-02;7.285019e-01;6.670515e-02;8.094419e-01;5.271214e-02;8.322967e-01;3.245055e-02;8.582532e-01;3.697446e-02;9.037490e-01;5.573805e-02;9.899521e-01;2.336636e-01;1.102838e+00;3.858865e-01;1.178569e+00;4.445380e-01;1.234991e+00;4.060027e-01;1.367187e+00;4.815086e-01;1.430079e+00;5.120555e-01;1.497184e+00;7.359951e-01;1.595727e+00;1.958141e-01;1.466050e+00;1.239736e-01;1.418219e+00;1.451910e-01;1.345624e+00;1.567453e-01;1.226887e+00;1.658208e-01;1.062539e+00;1.470944e-01;8.900184e-01;1.408449e-01;7.321780e-01;1.314402e-01;5.963269e-01;5.246104e-02;1.449004e-01;1.646463e-03;2.948431e-03;1.567575e+01;1.472871e+02;2.447807e+01;2.002588e+02;2.837703e+01;2.964404e+02;2.033973e+01;3.682178e+02;1.283170e-01;3.137072e-01;1.705619e+01;2.306068e+02;1.108801e-01;3.011143e+00;8.973289e+03;2.758536e+04;3.557183e+00;1.160873e+01;3.365779e+02;7.218680e+02;1.331952e-02;-5.429703e-02;1.842740e-02;2.480948e-01;3.239155e-02;8.461946e-02;3.718061e+00;5.008255e+01;3.995134e+00;3.564433e+00;6.930910e+00;2.456317e+01;5.205141e+00;1.469077e+01;6.766317e+00;-1.028043e+00;4.827544e+00;-9.529424e+00;3.830845e+00;-1.455468e+01;5.655846e+00;-1.208724e+01;5.076838e+00;-4.510726e+00;3.859987e+00;-1.138709e+00;5.049472e+00;1.149925e+01;5.949337e+00;9.795193e+00;3.689060e+00;-5.806487e+00;3.217510e+00;-1.014297e+01;5.175457e-07;9.841428e-08;5.605421e-09;1.123093e-09;2.031704e-07;5.632662e-09;1.603061e-07;-9.267094e-09;2.907173e-07;-4.000126e-09;1.591082e-06;6.352878e-08;1.036659e-02;-1.854051e-03;3.420613e-02;1.655284e-03;2.013663e-04;-1.363422e-04;3.578831e-04;4.031242e-06;9.710955e-04;-5.109711e-05;1.715827e-03;-6.761029e-05;2.482724e-03;-1.581108e-04;4.665571e-03;-7.693969e-05;7.218360e-03;-1.931947e-06;8.323998e-03;-8.628413e-05;1.157186e-02;-1.972060e-04;1.983146e-02;6.082035e-04;6.796004e-03;-6.817203e-04;1.186236e-02;-1.076543e-03;1.410243e-02;-2.309341e-04;5.521807e-02;-1.935547e-04;1.006074e-01;3.971182e-03;1.218676e-01;4.650699e-03;1.030222e-01;4.888745e-03;1.128087e-01;5.134379e-03;1.194154e-01;4.219017e-03;1.616701e-01;5.274654e-03;4.957127e-02;9.293352e-04;4.150942e-02;1.327738e-03;4.367962e-02;2.629978e-03;4.560975e-02;2.636879e-03;4.859934e-02;2.822409e-03;4.195360e-02;2.328072e-03;4.189948e-02;2.340181e-03;4.004738e-02;2.097854e-03;5.132364e-03;-2.002963e-03;2.635132e-04;-5.341897e-05;3.026622e+00;-1.004883e-01;4.103229e+00;-7.034180e-01;4.677680e+00;-9.761719e-01;3.656420e+00;-5.024414e-01;1.308987e-02;-6.236346e-04;2.495240e+00;-5.442983e-01;1.654604e-02;-2.444276e-03;2.527683e+03;-4.064913e+01;1.004354e+00;8.526715e-02;1.096710e+02;6.529212e+00;8.541385e-04;4.194724e-04;2.409061e-03;-6.035906e-04;2.869826e-03;-9.703017e-04;7.782145e-01;-8.262877e-02;1.299895e+00;3.009119e-02;1.361172e+00;1.886755e-01;1.282837e+00;5.146584e-02;1.449228e+00;-1.483271e-01;1.364643e+00;-5.648185e-03;1.106004e+00;1.390342e-01;1.399688e+00;6.556082e-02;1.004832e+00;4.383248e-02;1.068536e+00;-7.856030e-03;8.942246e-01;-1.043546e-01;1.452682e+00;-7.262158e-02;6.514099e-01;-4.539292e-02;1.003261e+00;1.842548e-02
323.500000;4.802993e-01;9.719294e+01;3.565240e-03;7.824468e-01;6.556921e-02;7.206963e-02;4.133407e-02;4.687676e-02;1.762000e-01;3.123215e-01;4.430224e-01;5.418150e+00;6.963819e-02;4.415452e-01;1.440689e-01;9.647343e-01;3.686364e-03;2.670901e-02;1.185948e-03;1.112875e-02;4.524685e-03;1.277125e-01;1.974411e-02;2.580108e-01;3.693881e-02;4.015887e-01;4.087553e-02;5.158662e-01;5.969612e-02;5.801609e-01;4.853811e-02;7.292035e-01;6.662522e-02;8.051487e-01;6.263265e-02;8.458814e-01;2.594981e-02;8.725728e-01;8.627252e-02;9.100969e-01;8.747981e-02;1.020513e+00;2.594497e-01;1.146990e+00;3.759467e-01;1.188300e+00;4.416616e-01;1.229576e+00;4.016182e-01;1.346170e+00;4.473648e-01;1.412789e+00;4.700029e-01;1.462188e+00;6.677952e-01;1.539585e+00;1.969578e-01;1.453997e+00;1.013187e-01;1.429177e+00;1.532527e-01;1.332471e+00;1.627810e-01;1.211991e+00;1.777492e-01;1.059185e+00;1.636129e-01;8.850843e-01;1.589965e-01;7.264341e-01;1.500410e-01;5.923985e-01;3.295347e-02;7.378945e-02;9.915211e-04;1.342441e-03;2.183919e+01;1.269023e+02;2.842383e+01;1.742754e+02;3.701485e+01;2.517949e+02;2.538768e+01;3.327598e+02;1.067557e-01;2.777178e-01;2.233050e+01;2.030710e+02;1.743224e-01;2.839175e+00;9.800066e+03;2.642047e+04;4.220301e+00;1.361728e+01;4.256989e+02;8.525262e+02;1.066846e-02;-3.489557e-02;2.409025e-02;2.174425e-01;1.589982e-02;4.813614e-02;3.300582e+00;4.750769e+01;4.879400e+00;3.857260e+00;6.562537e+00;3.121578e+01;5.100313e+00;1.559943e+01;6.757002e+00;-1.636015e+00;4.194916e+00;-8.225542e+00;4.433304e+00;-1.166683e+01;4.955544e+00;-8.266521e+00;6.143796e+00;6.130642e-01;4.156307e+00;2.351116e-01;6.132202e+00;7.086935e+00;6.572467e+00;3.634623e+00;3.226088e+00;-5.495560e+00;3.550354e+00;-6.630508e+00;4.413351e-07;1.651133e-07;5.704922e-09;1.482201e-09;1.749776e-07;3.471602e-09;1.304552e-07;-3.717981e-09;3.234214e-07;4.150807e-08;1.067571e-06;-3.560040e-08;9.392721e-03;-1.806212e-03;3.192677e-02;-1.292881e-03;1.753487e-04;-8.743106e-05;3.186325e-04;5.039035e-07;8.902985e-04;9.490948e-05;2.625863e-03;4.111463e-04;3.647575e-03;7.126426e-04;5.468136e-03;5.365266e-04;9.930599e-03;-6.240709e-04;7.226946e-03;5.758761e-04;1.166626e-02;7.251818e-05;2.221128e-02;-1.099720e-03;8.862467e-03;-3.757869e-04;2.318343e-02;8.251427e-04;2.508696e-02;-2.241081e-04;7.409354e-02;-1.042293e-03;9.509692e-02;-2.300495e-03;1.168111e-01;-2.680935e-03;9.819438e-02;-1.068498e-03;1.069174e-01;-8.976627e-04;1.111519e-01;-3.578326e-04;1.476555e-01;3.548951e-04;4.405647e-02;-8.828045e-04;3.416005e-02;-2.952010e-03;4.396631e-02;-3.180123e-03;4.478035e-02;-4.212453e-03;4.802798e-02;-3.842100e-03;4.502007e-02;-3.532487e-03;4.553105e-02;-4.060903e-03;4.349887e-02;-3.864270e-03;3.367327e-03;-7.197321e-04;2.270288e-04;-1.731850e-05;2.880946e+00;-6.459961e-01;4.255228e+00;-8.039063e-01;5.571254e+00;-4.019531e-01;3.959482e+00;-6.459961e-01;1.404384e-02;-3.627954e-03;2.703312e+00;-6.046265e-01;1.927300e-02;-1.137280e-03;2.640793e+03;-1.652736e+02;1.182853e+00;-7.803480e-02;1.331276e+02;-7.578218e+00;7.140017e-04;2.950008e-04;2.608863e-03;-6.529192e-04;2.415487e-03;-5.617210e-04;6.969557e-01;2.293138e-02;1.465207e+00;-1.336863e-02;1.571856e+00;2.130259e-01;1.097142e+00;-4.375388e-02;1.599632e+00;1.223322e-02;9.143064e-01;6.593464e-02;1.345388e+00;5.975495e-02;8.786661e-01;-3.381802e-03;9.238576e-01;1.336886e-01;1.138660e+00;1.195834e-02;1.071941e+00;-8.790492e-02;1.602898e+00;-1.675349e-01;7.201623e-01;-6.792148e-02;1.089221e+00;4.315372e-02
324.000000;1.826047e-01;9.754581e+01;3.027283e-03;7.823574e-01;6.503516e-02;8.006879e-02;5.295102e-02;5.712711e-02;1.862563e-01;3.504334e-01;1.837401e+00;6.314316e+00;4.136744e-02;3.559752e-01;1.072389e-01;9.432912e-01;1.747697e-03;2.209347e-02;1.562754e-03;1.043714e-02;3.870263e-03;1.275336e-01;2.203302e-02;2.627704e-01;3.711836e-02;3.972225e-01;3.918495e-02;5.125108e-01;7.141788e-02;6.057894e-01;3.314159e-02;7.147961e-01;5.347750e-02;7.790710e-01;6.807534e-02;8.524823e-01;5.424486e-02;8.677065e-01;1.052092e-01;8.940907e-01;1.175015e-01;1.041240e+00;2.355702e-01;1.121009e+00;2.707181e-01;1.140305e+00;3.210294e-01;1.194383e+00;2.792844e-01;1.247620e+00;3.093079e-01;1.331381e+00;3.837317e-01;1.416093e+00;4.938339e-01;1.457007e+00;1.366838e-01;1.416552e+00;1.414517e-01;1.417267e+00;1.246354e-01;1.322621e+00;1.348866e-01;1.197730e+00;1.541273e-01;1.039519e+00;1.519662e-01;8.708932e-01;1.533537e-01;7.158831e-01;1.444096e-01;5.820941e-01;1.311862e-02;3.919890e-02;3.733533e-04;5.436779e-04;1.462850e+01;9.991406e+01;1.844217e+01;1.527422e+02;3.213060e+01;2.227969e+02;1.882921e+01;3.034746e+02;8.431688e-02;2.174794e-01;1.339431e+01;1.800060e+02;1.095764e-01;2.689463e+00;7.541420e+03;2.160906e+04;4.742980e+00;1.671963e+01;6.290946e+02;1.230724e+03;4.582604e-03;-2.340300e-02;1.448045e-02;1.925399e-01;8.443363e-03;3.442880e-02;2.907727e+00;4.539129e+01;5.230998e+00;6.574099e+00;5.907454e+00;3.715362e+01;4.192732e+00;1.629497e+01;5.960323e+00;-6.600411e-01;4.004941e+00;-7.370131e+00;4.293485e+00;-1.150269e+01;5.126754e+00;-5.915219e+00;5.039921e+00;5.951624e+00;3.194436e+00;1.653653e+00;5.583627e+00;2.259178e+00;3.888837e+00;-6.285598e-01;1.911513e+00;-4.443812e+00;3.461015e+00;-3.674118e+00;3.658856e-07;6.430751e-08;5.108604e-09;2.839136e-10;1.805688e-07;5.015170e-11;1.463292e-07;-7.773420e-09;2.768402e-07;1.861475e-08;1.537033e-06;4.778193e-07;5.857702e-03;-1.639615e-03;2.641238e-02;-7.448857e-04;1.370499e-04;-7.374946e-05;2.890138e-04;-4.761905e-05;8.349642e-04;-1.154816e-04;2.569180e-03;-9.709194e-05;3.921208e-03;1.997061e-04;4.357333e-03;-3.249399e-04;1.049973e-02;2.107100e-05;4.579203e-03;3.487490e-04;9.552948e-03;3.206948e-04;2.408670e-02;-8.208766e-04;1.450241e-02;1.966480e-03;2.886820e-02;2.382386e-03;3.169384e-02;4.119928e-05;7.209892e-02;3.112458e-03;6.817635e-02;-3.525090e-04;8.568566e-02;-7.596865e-04;7.161551e-02;-2.652563e-04;7.721890e-02;-1.490414e-03;9.575719e-02;-1.280837e-03;1.154943e-01;-1.208545e-03;3.488949e-02;-8.187778e-04;4.535128e-02;-1.878943e-03;3.926835e-02;-2.094402e-03;4.151877e-02;-2.530242e-03;4.690981e-02;-3.875160e-03;4.524248e-02;-3.444746e-03;4.621352e-02;-3.296801e-03;4.365007e-02;-3.105068e-03;1.632674e-03;-6.110407e-04;7.361527e-05;-8.621279e-06;2.045339e+00;-4.306641e-01;3.536810e+00;-1.435547e-01;5.471882e+00;-7.608398e-01;3.193600e+00;-6.747071e-01;1.465647e-02;1.339309e-03;1.814407e+00;-3.498664e-01;1.767122e-02;-5.067877e-03;1.757449e+03;-1.000608e+02;1.386147e+00;-2.319647e-02;1.911486e+02;-3.165383e+00;4.713267e-04;2.063646e-04;1.857843e-03;-3.831192e-04;1.482342e-03;-6.900759e-05;6.786753e-01;8.606414e-03;1.304742e+00;-1.583436e-02;1.479367e+00;1.039818e-01;9.068488e-01;-2.359232e-02;1.573937e+00;1.172614e-01;7.517708e-01;3.304005e-03;1.312986e+00;-6.251071e-02;8.366953e-01;4.622900e-02;1.005963e+00;1.172871e-01;1.087381e+00;4.117551e-02;1.078194e+00;-6.563822e-02;1.280657e+00;-1.079595e-01;7.006453e-01;1.584643e-02;1.085202e+00;1.833216e-02
324.500000;2.525305e-01;9.769447e+01;5.691188e-03;7.876882e-01;5.476703e-02;5.817113e-02;5.769795e-02;5.395984e-02;2.010579e-01;4.592620e-01;1.754231e+00;7.178011e+00;3.060001e-02;3.027014e-01;1.187063e-01;9.581209e-01;1.411825e-03;1.981203e-02;1.600589e-03;9.381456e-03;3.398845e-03;1.267272e-01;1.539839e-02;2.704076e-01;2.233513e-02;4.107481e-01;3.014279e-02;5.245757e-01;6.421086e-02;6.158793e-01;4.012353e-02;7.070727e-01;5.336354e-02;7.827625e-01;8.136237e-02;8.605329e-01;9.179758e-02;9.031856e-01;9.030133e-02;9.070525e-01;1.498798e-01;1.071301e+00;2.023984e-01;1.155553e+00;2.738940e-01;1.207272e+00;3.449843e-01;1.277718e+00;2.797382e-01;1.281278e+00;3.301611e-01;1.334604e+00;4.213356e-01;1.405514e+00;5.595251e-01;1.473129e+00;1.098043e-01;1.406982e+00;1.426077e-01;1.402333e+00;1.315029e-01;1.333801e+00;1.454210e-01;1.201931e+00;1.656467e-01;1.046456e+00;1.582589e-01;8.815433e-01;1.655631e-01;7.278615e-01;1.675828e-01;5.949229e-01;1.090043e-02;2.644351e-02;1.344802e-04;2.846924e-04;1.117424e+01;9.747363e+01;1.032297e+01;1.468564e+02;2.785701e+01;2.170547e+02;2.152890e+01;2.803623e+02;6.795072e-02;1.995862e-01;8.547986e+00;1.701048e+02;1.132822e-01;2.597604e+00;5.746801e+03;1.768277e+04;5.343282e+00;2.002425e+01;7.075334e+02;1.675520e+03;3.188789e-03;-1.879276e-02;9.702843e-03;1.820163e-01;9.101969e-03;2.350143e-02;2.839125e+00;4.394314e+01;3.507135e+00;9.428342e+00;5.426366e+00;4.013343e+01;4.792353e+00;1.911857e+01;7.228820e+00;2.423338e+00;3.288020e+00;-8.741220e+00;3.297151e+00;-1.295734e+01;4.668242e+00;-2.929576e+00;4.331409e+00;8.367251e+00;3.736767e+00;-1.364166e-01;5.788309e+00;-2.658971e+00;6.403703e+00;-5.408257e+00;2.421579e+00;-3.855647e+00;4.724827e+00;-1.442570e+00;3.202501e-07;9.984703e-09;5.362256e-09;4.587659e-10;1.900712e-07;1.251207e-09;1.536327e-07;6.361598e-09;2.258816e-07;-7.645551e-09;1.815120e-06;3.424958e-07;5.816789e-03;-8.533870e-04;3.079391e-02;4.790332e-04;6.821196e-05;-5.231173e-05;2.854764e-04;-3.224994e-05;6.685317e-04;-6.799728e-05;1.679773e-03;2.527229e-06;2.932888e-03;-2.899150e-04;3.595698e-03;-6.720189e-04;8.940991e-03;7.148022e-04;5.526056e-03;4.088897e-04;7.992574e-03;2.950870e-04;2.503882e-02;1.526092e-04;2.534909e-02;8.139465e-05;2.782059e-02;-3.500586e-05;3.512619e-02;4.558851e-04;5.923721e-02;1.075489e-03;7.221130e-02;2.367560e-03;9.422567e-02;3.479710e-03;7.581609e-02;3.847720e-04;8.031560e-02;1.086725e-03;1.006966e-01;1.138674e-03;1.277858e-01;1.168363e-03;3.413677e-02;-5.417628e-04;4.522971e-02;7.981037e-04;4.040882e-02;5.249159e-04;4.314534e-02;2.919183e-04;4.766846e-02;-4.863635e-04;4.369552e-02;-5.121106e-04;4.580387e-02;3.410665e-04;4.641818e-02;2.915427e-04;6.533468e-04;-3.700763e-04;4.085193e-05;-1.407095e-06;1.469246e+00;-7.177734e-02;2.938456e+00;1.435547e-02;4.322021e+00;-4.880859e-01;3.295510e+00;-4.306641e-01;1.185586e-02;-1.102061e-04;1.133508e+00;-2.037574e-01;1.500653e-02;-3.156408e-03;1.525668e+03;-3.965129e+01;1.677899e+00;4.903954e-02;2.434761e+02;5.413548e+00;1.814421e-04;1.091802e-04;1.129863e-03;-2.331408e-04;1.486166e-03;-1.202719e-04;6.877329e-01;-2.872871e-02;1.190436e+00;6.823098e-03;1.328258e+00;5.061414e-02;9.843222e-01;1.011729e-01;1.439580e+00;4.466437e-02;8.299891e-01;-6.051248e-02;1.073807e+00;-4.466032e-02;7.829876e-01;1.307305e-01;1.000018e+00;5.718570e-02;1.013085e+00;-1.416642e-02;1.140278e+00;-1.179389e-01;1.274766e+00;-5.142588e-02;6.121621e-01;1.972405e-02;1.036804e+00;-9.526291e-04
325.000000;1.334363e-01;9.785654e+01;2.891350e-03;7.924000e-01;4.836627e-02;6.994553e-02;5.439945e-02;5.542168e-02;1.942379e-01;4.751169e-01;2.537562e+00;8.849245e+00;3.309025e-02;2.511898e-01;9.180449e-02;9.356887e-01;1.397924e-03;1.751333e-02;1.223582e-03;8.435374e-03;2.880004e-03;1.257891e-01;1.455910e-02;2.667514e-01;2.093204e-02;4.122792e-01;3.442388e-02;5.195419e-01;5.279976e-02;5.937560e-01;4.742973e-02;6.950133e-01;5.364253e-02;7.811143e-01;9.943643e-02;8.547487e-01;8.992441e-02;9.126528e-01;8.258382e-02;9.605226e-01;1.533138e-01;1.019023e+00;2.376516e-01;1.113309e+00;2.235304e-01;1.163986e+00;3.137257e-01;1.224302e+00;1.650600e-01;1.206113e+00;2.602421e-01;1.277234e+00;3.580679e-01;1.342494e+00;4.526272e-01;1.380085e+00;8.693487e-02;1.400015e+00;9.905369e-02;1.387151e+00;1.253343e-01;1.306406e+00;1.428091e-01;1.184477e+00;1.668415e-01;1.031899e+00;1.594417e-01;8.687375e-01;1.674028e-01;7.150845e-01;1.722986e-01;5.854195e-01;5.482473e-03;1.456655e-02;1.058827e-04;1.613234e-04;1.134990e+01;9.948340e+01;1.066177e+01;1.467129e+02;2.010740e+01;2.022686e+02;2.436204e+01;2.469141e+02;7.136550e-02;1.846125e-01;7.673253e+00;1.608151e+02;9.981559e-02;2.451131e+00;5.648823e+03;1.370055e+04;1.240591e+01;2.847462e+01;2.240237e+03;3.228005e+03;2.973332e-03;-1.468359e-02;8.134847e-03;1.719301e-01;6.321896e-03;1.670107e-02;2.463739e+00;4.272596e+01;5.348898e+00;1.257940e+01;5.599796e+00;4.192168e+01;3.612940e+00;2.140158e+01;5.901189e+00;6.355845e+00;3.698622e+00;-8.137359e+00;3.205236e+00;-1.223053e+01;3.145874e+00;6.495630e-01;3.894554e+00;8.587903e+00;5.145673e+00;-3.253058e+00;5.234636e+00;-5.326552e+00;5.107120e+00;-8.152347e+00;3.040781e+00;-4.649329e+00;5.002787e+00;-2.897353e+00;2.599146e-07;2.319185e-08;4.679224e-09;1.034031e-09;1.611951e-07;-1.817175e-08;1.734888e-07;3.957181e-09;2.635722e-07;5.424786e-08;2.593282e-06;-3.540877e-07;4.217482e-03;-9.872661e-04;2.564331e-02;2.033886e-05;7.636857e-05;-4.088115e-05;2.054758e-04;2.028219e-05;6.251498e-04;5.266786e-05;1.542714e-03;-7.366532e-05;2.853210e-03;2.217176e-04;3.616036e-03;9.582741e-04;7.208365e-03;-1.833616e-04;6.568129e-03;-9.694972e-04;7.936736e-03;-1.224136e-03;3.167576e-02;-5.707680e-04;2.727481e-02;-2.057259e-03;2.883611e-02;-9.703439e-04;3.424396e-02;1.751206e-04;6.058854e-02;9.913369e-04;5.846164e-02;5.067465e-04;8.174795e-02;4.531457e-04;4.803573e-02;-1.552377e-03;6.082036e-02;2.412418e-04;8.148439e-02;6.232830e-04;9.895113e-02;-1.046987e-03;2.671570e-02;7.125054e-04;3.894562e-02;7.586118e-04;3.867594e-02;6.384477e-04;4.350793e-02;-4.620106e-04;4.727307e-02;6.763556e-04;4.247696e-02;7.705606e-04;4.581304e-02;9.446208e-04;4.741915e-02;9.145887e-04;3.539927e-04;-8.641660e-05;2.345630e-05;-2.112244e-06;2.019994e+00;0;2.849479e+00;0;3.328829e+00;3.301758e-01;2.994070e+00;-1.435547e-01;9.226132e-03;-1.982255e-03;7.019974e-01;-7.701575e-02;1.532098e-02;9.671891e-04;1.125948e+03;-6.294058e+01;2.528198e+00;6.165364e-02;3.963657e+02;1.487396e+01;1.445026e-04;6.796860e-05;6.895555e-04;-7.423484e-05;1.331874e-03;-2.604086e-04;6.118979e-01;-2.357526e-02;1.165313e+00;8.462200e-02;1.210328e+00;4.477614e-02;9.711613e-01;8.239385e-02;1.085725e+00;1.180030e-01;1.080652e+00;-1.387216e-02;9.730988e-01;-6.168111e-02;7.273874e-01;4.808039e-02;1.030435e+00;-2.968694e-02;9.443728e-01;-9.413833e-02;1.146859e+00;-7.673246e-02;1.280322e+00;-7.144950e-02;6.023005e-01;4.688735e-02;9.696864e-01;2.523679e-02
325.500000;9.248069e-02;9.784150e+01;2.522836e-03;7.937451e-01;4.924148e-02;8.956321e-02;5.575632e-02;5.556141e-02;2.363345e-01;3.977249e-01;2.962045e+00;1.037662e+01;2.014338e-02;2.069022e-01;7.005986e-02;9.386697e-01;1.554347e-03;1.495336e-02;1.138854e-03;8.077602e-03;3.357813e-03;1.250486e-01;1.253266e-02;2.659732e-01;2.364790e-02;4.021868e-01;3.792230e-02;5.140653e-01;4.122301e-02;6.100596e-01;4.017194e-02;6.894481e-01;5.097672e-02;7.747415e-01;1.113402e-01;8.421916e-01;8.357617e-02;8.843562e-01;1.040449e-01;9.919133e-01;1.061221e-01;9.953360e-01;2.303865e-01;1.101362e+00;2.575892e-01;1.178260e+00;3.826716e-01;1.252599e+00;2.348682e-01;1.269495e+00;2.124957e-01;1.297974e+00;2.159861e-01;1.340126e+00;3.328388e-01;1.388020e+00;8.661687e-02;1.404072e+00;1.009227e-01;1.379407e+00;9.741922e-02;1.303776e+00;1.506866e-01;1.186708e+00;1.702479e-01;1.027962e+00;1.646098e-01;8.681300e-01;1.691517e-01;7.197840e-01;1.677620e-01;5.924195e-01;3.095394e-03;8.408322e-03;3.071268e-05;7.005382e-05;1.089125e+01;9.503320e+01;1.046670e+01;1.467129e+02;1.655491e+01;1.864775e+02;1.757241e+01;2.291133e+02;4.640982e-02;1.422296e-01;6.493785e+00;1.542773e+02;1.319284e-01;2.363339e+00;2.826665e+03;1.065499e+04;1.361747e+01;3.531865e+01;2.499608e+03;4.618530e+03;2.497102e-03;-1.078754e-02;7.216441e-03;1.649490e-01;5.928822e-03;1.283384e-02;2.047963e+00;4.137043e+01;5.641748e+00;1.545906e+01;5.453568e+00;4.451523e+01;4.330626e+00;2.399369e+01;4.310601e+00;9.012075e+00;3.479813e+00;-6.937718e+00;3.286378e+00;-1.197289e+01;3.370399e+00;1.775088e+00;4.069361e+00;6.664867e+00;5.562233e+00;-5.700235e+00;3.296920e+00;-6.717903e+00;3.431033e+00;-7.731676e+00;3.519837e+00;-4.507587e+00;4.003052e+00;-3.874915e+00;2.147903e-07;1.066379e-09;3.277196e-09;3.915385e-10;1.555900e-07;1.164179e-08;1.955875e-07;1.120630e-08;2.671512e-07;-4.650357e-08;3.006083e-06;6.687537e-07;3.009554e-03;-7.891196e-04;2.238016e-02;4.008432e-04;7.350517e-05;-5.457423e-05;1.742731e-04;-2.129000e-05;6.304758e-04;-1.542138e-05;1.194888e-03;-2.329794e-04;2.967205e-03;-1.528900e-04;3.303926e-03;3.625899e-06;7.699553e-03;-1.652458e-04;7.315794e-03;-1.494373e-04;1.038432e-02;1.533561e-04;3.693604e-02;-4.192091e-04;2.254434e-02;-6.904212e-04;3.585963e-02;-1.815994e-03;2.747061e-02;7.989968e-04;5.687950e-02;1.149986e-03;6.680696e-02;1.818667e-03;1.021727e-01;2.953317e-03;6.444316e-02;1.992085e-03;5.596928e-02;-2.881100e-04;5.771835e-02;-9.791354e-04;7.337557e-02;1.081702e-03;3.056903e-02;1.061853e-03;4.030559e-02;8.545007e-04;3.230398e-02;-5.952821e-04;4.646886e-02;1.032326e-03;4.916796e-02;4.616019e-04;4.592799e-02;1.038562e-03;4.771162e-02;7.335933e-04;4.742865e-02;7.918792e-04;3.032534e-04;-1.173540e-04;9.648021e-06;-9.265049e-07;2.583984e+00;0;2.138917e+00;0;2.753856e+00;-2.871094e-01;3.028290e+00;-4.306641e-01;9.269330e-03;-3.748101e-04;7.376809e-01;-1.288655e-01;1.563224e-02;-2.233244e-03;7.824393e+02;-2.081499e+01;3.373679e+00;9.651211e-02;5.864052e+02;1.673616e+01;1.131738e-04;7.057126e-05;7.754665e-04;-1.436972e-04;1.067810e-03;-1.490015e-04;6.039994e-01;-4.082071e-02;1.435884e+00;3.357597e-02;1.225606e+00;4.438407e-02;1.007189e+00;1.064003e-01;9.426510e-01;4.739856e-02;1.135607e+00;-3.241389e-02;1.058673e+00;-3.533993e-02;8.320659e-01;1.070547e-01;1.060943e+00;-4.975828e-03;1.084321e+00;-8.168606e-02;8.946838e-01;2.607410e-02;1.125114e+00;-1.727965e-02;6.795744e-01;-3.435454e-02;9.096267e-01;1.353208e-02
326.000000;8.074278e-02;9.783781e+01;1.364613e-03;7.958214e-01;5.145011e-02;7.240289e-02;4.730640e-02;4.267107e-02;2.273716e-01;4.627120e-01;2.988782e+00;9.257912e+00;2.383767e-02;1.721034e-01;7.496722e-02;9.274365e-01;1.863086e-03;1.201499e-02;1.191160e-03;7.549761e-03;2.948958e-03;1.232735e-01;6.094345e-03;2.562830e-01;2.012828e-02;3.974198e-01;2.886596e-02;5.283479e-01;4.413257e-02;6.288767e-01;4.702142e-02;7.166224e-01;4.604089e-02;7.852789e-01;1.362610e-01;8.422753e-01;1.070863e-01;9.063681e-01;1.203736e-01;9.577393e-01;9.549857e-02;1.035632e+00;2.061947e-01;1.079074e+00;2.179680e-01;1.118039e+00;3.405723e-01;1.169140e+00;2.293313e-01;1.264407e+00;1.855887e-01;1.280360e+00;1.944165e-01;1.309109e+00;3.137835e-01;1.360875e+00;8.008197e-02;1.373878e+00;9.382706e-02;1.345203e+00;1.181896e-01;1.293211e+00;1.642918e-01;1.170060e+00;1.877017e-01;1.020684e+00;1.728956e-01;8.575584e-01;1.729642e-01;7.109351e-01;1.699846e-01;5.826990e-01;2.703714e-03;5.536518e-03;2.926414e-05;4.194907e-05;1.124776e+01;9.603809e+01;1.121106e+01;1.434111e+02;1.519240e+01;1.866211e+02;1.641490e+01;2.318408e+02;4.202492e-02;1.251705e-01;5.866891e+00;1.519110e+02;1.312683e-01;2.376024e+00;3.367666e+03;1.069889e+04;1.292928e+01;3.708641e+01;2.298114e+03;5.142648e+03;2.520321e-03;-7.113879e-03;6.525565e-03;1.623951e-01;4.199048e-03;6.955361e-03;2.159085e+00;4.083786e+01;5.220645e+00;1.717509e+01;5.643960e+00;4.493243e+01;3.890960e+00;2.518839e+01;3.208519e+00;1.064205e+01;3.344421e+00;-7.233090e+00;3.702992e+00;-1.297549e+01;2.777766e+00;1.770588e+00;3.844035e+00;5.360333e+00;4.264235e+00;-5.440898e+00;3.077936e+00;-6.285400e+00;3.137305e+00;-9.047459e+00;3.309206e+00;-4.308866e+00;3.890979e+00;-1.461038e+00;2.180950e-07;1.198397e-09;2.624880e-09;5.253305e-11;1.301163e-07;-4.203184e-10;1.633639e-07;4.180141e-09;2.050287e-07;-1.642342e-08;2.713802e-06;1.490828e-07;2.253855e-03;-7.364227e-04;2.086740e-02;-7.652464e-05;4.087192e-05;-6.918781e-05;1.589781e-04;-1.184178e-05;4.808327e-04;-8.721429e-05;9.859406e-04;1.832387e-05;2.557595e-03;-3.254541e-04;2.813521e-03;-5.571946e-04;8.971626e-03;2.740301e-04;7.399811e-03;5.651976e-05;1.081358e-02;1.148296e-04;4.020089e-02;6.251329e-04;2.796810e-02;3.523055e-04;3.739998e-02;6.975982e-05;2.542269e-02;3.955216e-04;5.417042e-02;-1.585534e-03;5.272933e-02;-6.965530e-04;8.570320e-02;-1.356635e-03;6.068073e-02;-1.463000e-03;4.797830e-02;-9.666883e-04;4.955034e-02;-1.383325e-03;6.563454e-02;-6.723927e-04;3.254229e-02;2.299661e-04;3.472379e-02;1.225821e-04;3.555748e-02;1.776565e-04;5.038705e-02;8.771133e-04;5.275855e-02;1.427068e-03;4.785406e-02;8.789985e-04;4.756634e-02;5.669894e-04;4.724238e-02;9.175409e-04;1.593883e-04;-9.144009e-05;6.320072e-06;-5.943431e-07;2.260701e+00;0;2.527541e+00;0;2.379503e+00;-2.153320e-01;3.168984e+00;-1.866211e-01;7.101383e-03;4.282051e-04;6.985034e-01;-3.644026e-02;1.386386e-02;-1.646830e-03;8.524824e+02;1.671349e+01;3.482456e+00;2.045302e-01;5.874074e+02;3.594049e+01;8.003078e-05;7.210011e-05;7.374464e-04;-3.996070e-05;7.344284e-04;-3.162025e-05;5.941015e-01;-3.191252e-02;1.236386e+00;8.610918e-02;1.402775e+00;-5.380758e-02;8.386716e-01;-1.294613e-02;1.004643e+00;1.991391e-02;1.014589e+00;3.283287e-02;1.062500e+00;1.552607e-03;8.486463e-01;-1.566092e-02;1.083367e+00;-3.600603e-02;1.011845e+00;4.054797e-02;8.942783e-01;3.349303e-02;9.821464e-01;-1.256042e-02;7.845395e-01;-2.837088e-02;9.176064e-01;4.819446e-02
326.500000;8.490881e-02;9.784982e+01;1.669484e-03;7.951117e-01;6.236228e-02;7.990304e-02;4.480216e-02;4.409929e-02;1.953255e-01;4.245600e-01;2.302136e+00;9.246416e+00;2.924463e-02;1.293348e-01;7.519775e-02;8.908787e-01;2.210181e-03;8.454318e-03;5.529701e-04;6.922399e-03;4.330386e-03;1.197732e-01;1.359891e-02;2.489221e-01;2.714369e-02;3.796870e-01;3.436428e-02;5.095975e-01;4.840250e-02;6.187461e-01;4.856702e-02;7.105009e-01;6.141164e-02;7.554164e-01;1.738989e-01;8.449430e-01;1.237315e-01;9.097311e-01;1.320899e-01;9.281347e-01;9.776926e-02;9.957446e-01;1.412905e-01;9.765842e-01;8.309804e-02;1.037756e+00;1.150726e-01;1.057938e+00;1.081708e-01;1.167693e+00;1.141387e-01;1.202190e+00;9.704205e-02;1.240454e+00;1.127099e-01;1.268086e+00;8.579803e-02;1.340536e+00;9.683232e-02;1.318656e+00;1.445313e-01;1.252373e+00;1.688169e-01;1.146062e+00;1.896713e-01;1.007862e+00;1.749211e-01;8.461145e-01;1.650570e-01;7.018389e-01;1.546840e-01;5.775074e-01;1.526334e-03;2.600734e-03;1.293230e-05;1.379644e-05;9.276788e+00;9.072656e+01;1.132536e+01;1.401094e+02;1.934316e+01;1.777207e+02;1.552781e+01;2.253809e+02;3.554014e-02;8.043890e-02;6.679191e+00;1.461010e+02;1.382235e-01;2.327556e+00;3.066792e+03;9.503946e+03;1.402666e+01;4.899578e+01;2.617304e+03;7.821430e+03;1.951799e-03;-3.721554e-03;7.384883e-03;1.561153e-01;2.293558e-03;3.308435e-03;1.978978e+00;4.012872e+01;3.241635e+00;2.165104e+01;4.711178e+00;4.394462e+01;3.155313e+00;2.231362e+01;2.390270e+00;1.146116e+01;4.115760e+00;-4.290416e+00;3.965601e+00;-1.264382e+01;2.543749e+00;1.624982e+00;3.655416e+00;4.163918e+00;3.436249e+00;-3.361844e+00;2.914868e+00;-3.135936e+00;2.739862e+00;-9.183293e+00;1.952526e+00;-5.064220e+00;2.385169e+00;-4.734643e-01;1.969745e-07;-8.773339e-09;2.144521e-09;-2.892812e-10;1.367782e-07;-1.914587e-08;1.448762e-07;-8.628884e-09;2.251105e-07;5.023911e-08;2.503707e-06;-8.748513e-07;1.431525e-03;-8.715840e-04;1.972371e-02;4.875142e-06;2.981922e-05;-7.443500e-05;1.615347e-04;-1.234568e-05;4.863311e-04;-6.600235e-05;1.106677e-03;-3.034956e-04;2.628495e-03;-2.279093e-04;3.137680e-03;4.005055e-04;7.805493e-03;4.249430e-05;6.026215e-03;-6.116669e-04;1.094196e-02;1.748881e-04;4.865133e-02;1.185901e-03;3.458761e-02;8.616835e-04;3.962439e-02;2.398886e-03;3.391324e-02;1.292296e-03;4.185925e-02;-6.896248e-04;2.214776e-02;-2.245607e-03;2.875669e-02;-3.283210e-03;2.860483e-02;-8.913776e-04;3.193383e-02;-7.165840e-04;3.105259e-02;-8.757277e-04;2.570349e-02;-2.652260e-03;2.880300e-02;-3.985814e-04;3.403929e-02;-1.076278e-03;3.919454e-02;1.160193e-03;4.934021e-02;3.483800e-04;4.913336e-02;1.645533e-03;4.511114e-02;1.820123e-03;4.383140e-02;1.511934e-03;4.017875e-02;1.322272e-03;6.573585e-05;-4.369735e-05;1.372274e-06;-5.699862e-07;1.139430e+00;-1.435547e-01;2.778998e+00;-3.588867e-01;2.756661e+00;7.177734e-02;3.038853e+00;2.440430e-01;5.124441e-03;-8.543149e-04;6.064662e-01;-6.408348e-02;1.567038e-02;1.034421e-03;7.865235e+02;6.145997e+01;3.068536e+00;3.297237e-01;4.481337e+02;6.015221e+01;5.571915e-05;5.447543e-05;6.565294e-04;-6.800963e-05;3.095575e-04;-3.659210e-05;5.081886e-01;-3.285874e-02;6.318763e-01;1.350708e-01;1.290621e+00;-1.235857e-01;5.226960e-01;-8.875810e-02;7.501851e-01;3.817118e-02;1.009914e+00;1.032449e-01;1.037908e+00;1.862905e-02;9.771624e-01;-1.002295e-01;1.142784e+00;-8.138704e-02;9.050016e-01;6.544582e-02;8.358620e-01;6.616186e-02;8.767730e-01;9.425806e-03;7.051797e-01;3.806388e-02;7.457973e-01;6.275515e-02
327.000000;7.061474e-02;9.786453e+01;3.617602e-03;7.913281e-01;7.113849e-02;8.910941e-02;5.013349e-02;4.273044e-02;2.022471e-01;4.166907e-01;2.269070e+00;8.856088e+00;2.598452e-02;8.496179e-02;8.024167e-02;8.698446e-01;1.964165e-03;4.817528e-03;2.108768e-03;7.535903e-03;4.548349e-03;1.140960e-01;1.595099e-02;2.363313e-01;2.860611e-02;3.536271e-01;3.803096e-02;4.773168e-01;2.989833e-02;5.722308e-01;3.996222e-02;6.580738e-01;5.630348e-02;7.216187e-01;1.821864e-01;8.268131e-01;1.276083e-01;8.618692e-01;1.452428e-01;9.259086e-01;9.908761e-02;9.523258e-01;9.997355e-02;9.755377e-01;9.197397e-02;1.053916e+00;1.250496e-01;1.086890e+00;1.072714e-01;1.135471e+00;1.241886e-01;1.190101e+00;1.174375e-01;1.229396e+00;9.677443e-02;1.256060e+00;1.047103e-01;1.287498e+00;9.843424e-02;1.267320e+00;1.366795e-01;1.219303e+00;1.584285e-01;1.115617e+00;1.661245e-01;9.849440e-01;1.524016e-01;8.371638e-01;1.383514e-01;6.976285e-01;1.236124e-01;5.789021e-01;7.831389e-04;8.341876e-04;2.770304e-06;3.109798e-06;0;8.613281e+01;1.694371e+01;1.273330e+02;2.034783e+01;1.655186e+02;2.404016e+01;2.202129e+02;2.231202e-02;4.895149e-02;7.228269e+00;1.393509e+02;1.293065e-01;2.228232e+00;4.530229e+03;1.171349e+04;1.369084e+01;6.676625e+01;2.182512e+03;1.078498e+04;1.105136e-03;-1.347656e-03;8.074804e-03;1.485488e-01;1.249386e-03;1.398978e-03;1.818524e+00;3.824402e+01;1.993476e+00;2.509808e+01;3.645342e+00;4.265021e+01;2.480874e+00;2.171304e+01;2.024793e+00;1.187801e+01;2.522253e+00;-1.311899e+00;3.496511e+00;-1.236818e+01;3.613077e+00;1.504535e+00;3.656551e+00;2.637921e+00;3.360512e+00;-2.168458e+00;2.604878e+00;-1.569484e+00;3.112537e+00;-7.540621e+00;2.567082e+00;-3.632003e+00;2.292283e+00;3.331051e-01;1.455462e-07;-3.313434e-09;2.432618e-09;-1.385065e-09;1.888820e-07;1.197620e-09;1.426078e-07;7.755016e-09;2.284236e-07;-5.247457e-08;2.070791e-06;1.495794e-07;1.103589e-03;-8.658200e-04;1.957108e-02;2.090243e-05;2.495664e-05;-6.814657e-05;3.374449e-04;3.136810e-05;4.786064e-04;-6.053853e-05;1.536921e-03;-1.225141e-04;2.963094e-03;-6.374578e-04;3.279557e-03;-9.178990e-04;4.864250e-03;-4.974134e-04;6.417094e-03;-4.245277e-04;1.165015e-02;-5.751771e-04;4.958633e-02;2.368719e-03;3.425954e-02;1.199534e-03;3.900146e-02;1.364813e-03;3.406604e-02;2.495980e-04;3.242191e-02;6.786507e-04;2.569992e-02;-3.371341e-04;3.330394e-02;5.731416e-04;2.840639e-02;7.257597e-04;3.332940e-02;-6.058778e-04;3.381447e-02;5.920815e-05;3.188680e-02;-1.346504e-04;2.821006e-02;-2.462107e-03;3.073864e-02;-1.792783e-03;3.620418e-02;-8.851802e-04;4.277856e-02;2.803354e-04;4.318624e-02;3.365976e-04;3.980580e-02;1.005191e-03;3.759192e-02;1.023804e-03;3.362365e-02;1.313672e-04;4.736773e-05;-3.320067e-05;2.704458e-07;-1.101693e-07;0;0;2.703825e+00;-2.153320e-01;3.499202e+00;-4.019531e-01;3.068849e+00;-4.306641e-01;2.970761e-03;-9.627215e-04;6.599148e-01;-2.476081e-01;1.516437e-02;-2.230800e-03;9.223746e+02;5.379390e+01;2.265865e+00;4.609938e-01;3.510277e+02;5.370067e+01;3.248141e-05;3.563118e-05;7.170218e-04;-2.792187e-04;1.158686e-04;-3.253553e-05;4.249230e-01;-5.214829e-02;5.090025e-01;6.079604e-02;1.041063e+00;-7.825340e-02;6.299912e-01;3.662832e-02;6.636986e-01;-3.120832e-03;9.837047e-01;8.993606e-02;1.125469e+00;9.313332e-02;1.072945e+00;1.446856e-02;1.151153e+00;3.615014e-04;9.611956e-01;9.856024e-03;8.981608e-01;2.921881e-02;1.006079e+00;5.203420e-02;6.726339e-01;3.583377e-02;6.462731e-01;-2.586877e-02
327.500000;4.828385e+01;5.674023e+01;3.888398e-01;4.569264e-01;7.288184e-02;4.956444e-02;4.498858e-02;2.275030e-02;2.808031e-01;2.538673e-01;5.272508e+01;-3.746656e+01;1.874360e-02;4.895423e-02;6.088293e-02;8.388719e-01;1.140612e-03;2.168381e-03;3.100466e-03;9.169816e-03;5.900624e-03;1.071721e-01;1.985369e-02;2.205094e-01;2.613551e-02;3.385383e-01;3.788007e-02;4.674001e-01;3.119082e-02;5.442092e-01;3.131842e-02;6.130590e-01;5.757656e-02;6.871707e-01;1.390143e-01;7.817269e-01;9.861917e-02;8.168670e-01;1.139887e-01;8.852751e-01;8.121713e-02;9.161166e-01;9.859847e-02;9.518590e-01;1.005765e-01;1.008831e+00;1.390535e-01;1.060312e+00;8.393800e-02;1.085448e+00;1.053021e-01;1.153434e+00;1.143766e-01;1.185203e+00;9.558871e-02;1.205081e+00;8.952318e-02;1.225218e+00;7.154816e-02;1.202191e+00;9.893857e-02;1.188797e+00;1.082949e-01;1.101265e+00;1.022340e-01;9.762295e-01;8.793778e-02;8.315095e-01;7.676292e-02;6.898680e-01;5.876647e-02;5.673791e-01;2.477883e-04;2.005576e-04;7.879343e-07;6.791913e-07;0;8.613281e+01;1.153719e+01;1.178584e+02;1.852857e+01;1.609248e+02;2.725990e+01;2.194951e+02;1.959797e-02;2.456989e-02;6.170762e+00;1.364956e+02;9.122288e-02;2.186453e+00;3.962315e+04;3.420814e+04;1.477811e+01;7.339872e+01;3.662645e+03;9.550294e+03;3.069507e-04;-3.005319e-04;6.499719e-03;1.446780e-01;3.711416e-04;2.938353e-04;3.011942e+00;3.493475e+01;3.306906e+00;2.887028e+01;3.522896e+00;3.957313e+01;2.994085e+00;2.463621e+01;1.943131e+00;1.172657e+01;2.534821e+00;-3.826442e-01;3.216227e+00;-1.181775e+01;4.171763e+00;3.130757e-02;3.413392e+00;1.645070e+00;2.902948e+00;-2.190489e+00;2.558383e+00;-1.546980e+00;3.239771e+00;-5.171224e+00;2.479312e+00;-1.935627e+00;2.846625e+00;1.603232e+00;9.680532e-08;2.040945e-09;2.036994e-09;-1.218490e-09;1.803494e-07;2.077105e-08;1.265904e-07;-1.154660e-09;1.237808e-07;-5.781956e-08;5.160797e-05;-1.130258e-05;5.565137e-04;-6.845650e-04;1.407297e-02;-1.452444e-03;1.557198e-05;-3.989336e-05;6.617862e-04;4.106828e-05;4.141159e-04;-2.267541e-04;1.720830e-03;-5.324752e-04;2.319991e-03;-8.138393e-04;3.197534e-03;-1.318895e-03;4.709837e-03;-1.438088e-03;5.919115e-03;-7.319973e-04;1.197249e-02;-1.752725e-03;3.765340e-02;-2.418539e-03;2.825273e-02;-1.692527e-03;3.069525e-02;-2.879802e-03;2.611686e-02;-3.717072e-03;2.899836e-02;-2.318322e-03;2.583289e-02;-1.740391e-03;3.417382e-02;-2.624449e-03;2.545364e-02;-1.833129e-03;2.681740e-02;-1.092925e-03;3.390002e-02;-2.139917e-03;3.000551e-02;-1.419957e-03;2.524597e-02;-3.302023e-04;2.466579e-02;-1.106183e-03;2.959950e-02;-5.830810e-04;2.968497e-02;-6.238956e-04;3.116601e-02;-1.540979e-03;2.470416e-02;-1.761730e-03;2.162058e-02;-3.989472e-04;1.878710e-02;-7.267081e-04;1.086532e-05;-8.504113e-06;6.844481e-08;-3.259609e-08;0;0;2.113474e+00;-7.177734e-02;2.972483e+00;-7.177734e-02;3.439206e+00;-2.871094e-02;1.572151e-03;-4.929650e-04;6.617675e-01;2.112639e-02;1.050280e-02;-1.988643e-03;3.246845e+03;1.647137e+03;1.477993e+00;-1.782843e-01;3.159814e+02;-6.697056e+01;1.009342e-05;1.051501e-05;6.741856e-04;-3.021707e-05;3.376047e-05;-8.901666e-06;2.949646e-01;-1.098067e-01;4.732068e-01;1.093448e-01;7.686288e-01;-2.026004e-02;7.707623e-01;2.900558e-02;7.526103e-01;-3.896580e-02;8.930920e-01;-4.296856e-03;1.091034e+00;3.688267e-02;9.217514e-01;5.689567e-03;1.091191e+00;-3.274561e-02;8.733723e-01;3.218355e-02;9.781179e-01;2.262626e-02;9.891165e-01;3.978668e-02;7.410012e-01;1.146254e-02;6.937134e-01;1.420854e-02
328.000000;2.654175e+01;7.826735e+00;2.120813e-01;6.253937e-02;4.743230e-02;1.201631e-02;3.138756e-02;6.998457e-03;1.315883e-02;3.782860e-03;2.874590e+01;-9.125520e+01;1.344964e-02;2.196427e-02;8.167968e-02;7.814629e-01;6.254499e-04;6.739866e-04;4.108193e-01;3.158906e-01;3.587073e-02;7.699487e-02;7.459959e-02;1.591992e-01;1.102475e-01;2.554061e-01;1.489875e-01;3.476611e-01;1.277790e-01;4.326667e-01;1.291474e-01;5.150334e-01;1.181944e-01;6.075577e-01;1.201881e-01;7.017955e-01;8.845138e-02;7.648944e-01;1.156609e-01;8.047446e-01;1.144343e-01;8.506840e-01;1.160541e-01;8.694420e-01;1.131932e-01;9.151500e-01;1.245001e-01;9.628167e-01;1.006560e-01;1.030378e+00;9.225649e-02;1.106608e+00;1.054632e-01;1.121873e+00;1.194167e-01;1.153388e+00;1.108669e-01;1.178703e+00;9.072083e-02;1.173945e+00;9.287310e-02;1.171829e+00;9.391770e-02;1.097603e+00;8.300862e-02;9.719275e-01;5.877583e-02;8.159677e-01;5.416327e-02;6.819243e-01;4.152944e-02;5.498425e-01;2.741300e-05;2.301045e-05;1.011092e-07;8.315615e-08;2.761958e+03;1.947319e+03;5.176373e+03;3.680455e+03;7.342438e+03;5.228692e+03;8.952297e+03;6.426226e+03;5.780576e-03;5.939102e-03;5.090580e+03;3.659643e+03;9.442071e+00;8.653695e+00;17198542;12186150;3.443798e+01;4.154116e+01;4.313172e+03;3.953444e+03;5.511083e-05;-4.153956e-05;3.374061e+00;2.478692e+00;5.188911e-05;3.717778e-05;1.996247e+01;1.702544e+01;1.527957e+01;2.166507e+01;1.851764e+01;2.356890e+01;1.251629e+01;1.777720e+01;5.198781e+00;9.240681e+00;3.004424e+00;1.748088e+00;6.129237e+00;-6.263434e+00;4.274385e+00;-3.934720e-01;3.249117e+00;1.631386e+00;4.253713e+00;3.456574e-02;3.221060e+00;-1.154507e+00;3.352297e+00;-3.903447e+00;3.075435e+00;-9.418226e-01;3.005399e+00;2.718885e+00;2.730671e-08;3.653951e-09;2.799351e-10;-5.379979e-11;9.727341e-08;1.445609e-08;9.210326e-08;-8.935427e-09;3.815406e-08;-4.670581e-09;5.151877e-05;-1.167652e-05;4.552472e-04;-4.236717e-04;1.424041e-02;-5.073121e-04;1.581547e-05;-1.934626e-05;2.914018e-02;8.889393e-03;3.695856e-03;-4.460692e-04;8.640868e-03;-1.115536e-03;1.245818e-02;-1.131676e-03;1.557210e-02;-1.164953e-03;1.715683e-02;-1.162496e-03;1.902036e-02;-1.477213e-03;2.013867e-02;-3.447160e-04;2.587023e-02;-2.919957e-03;2.494131e-02;-2.139967e-03;2.926005e-02;-1.572548e-03;2.842997e-02;9.790451e-04;2.908874e-02;-6.914478e-04;2.889846e-02;-8.453995e-04;2.850568e-02;-4.138022e-04;2.842418e-02;1.238891e-03;2.460221e-02;7.449800e-04;2.962455e-02;-5.905385e-04;2.692088e-02;1.407092e-03;2.417038e-02;1.591415e-03;2.788128e-02;-7.591266e-05;2.901828e-02;-7.732814e-05;2.558946e-02;1.179510e-04;2.759727e-02;-7.516986e-04;1.909886e-02;-1.033328e-03;1.513846e-02;-8.445276e-04;1.236574e-02;-4.703620e-04;8.342788e-07;-8.137383e-07;9.313958e-09;-4.810084e-09;2.581074e+02;6.032168e+01;4.899268e+02;1.062735e+02;6.886712e+02;1.577666e+02;8.577734e+02;1.946314e+02;7.294756e-04;-8.053490e-05;4.607567e+02;1.092648e+02;9.134843e-01;2.004175e-01;1789562;3.634132e+05;1.312006e+00;-8.719548e-01;2.151878e+02;-1.125654e+02;2.207973e-06;1.983326e-06;3.053185e-01;7.248161e-02;6.291943e-06;-1.627054e-06;1.312081e+00;-4.877931e-01;1.416298e+00;-2.969091e-01;1.528532e+00;-3.999130e-01;1.362450e+00;-2.321946e-01;1.052951e+00;-9.411844e-02;1.065230e+00;2.643867e-02;1.244646e+00;1.180184e-01;1.430395e+00;-1.476191e-02;1.307328e+00;-2.308285e-02;1.192392e+00;6.243682e-02;1.114326e+00;4.269847e-02;1.280925e+00;4.732610e-03;1.185523e+00;-4.989474e-02;9.364282e-01;4.639683e-02
328.500000;0;0;0;0;0;0;0;0;0;0;0;-100;4.827294e-03;8.096501e-03;1.306820e-01;8.488536e-01;1.488506e-04;7.594079e-05;3.085433e-01;7.622537e-01;3.878357e-02;7.836856e-02;8.191296e-02;1.657717e-01;1.255653e-01;2.654151e-01;1.652634e-01;3.570960e-01;1.816302e-01;4.809164e-01;1.827974e-01;5.698203e-01;1.636072e-01;6.728007e-01;1.623632e-01;7.742079e-01;1.511073e-01;8.463162e-01;1.698882e-01;8.818138e-01;1.697558e-01;9.271120e-01;1.798520e-01;9.647148e-01;1.998820e-01;1.031190e+00;1.990574e-01;1.085353e+00;1.920593e-01;1.149918e+00;1.636235e-01;1.209204e+00;1.917491e-01;1.240693e+00;1.909649e-01;1.268768e+00;1.922965e-01;1.295180e+00;1.634970e-01;1.285977e+00;1.383858e-01;1.262371e+00;1.138951e-01;1.145064e+00;9.156049e-02;1.006129e+00;7.378951e-02;8.419643e-01;5.296819e-02;6.981168e-01;4.800799e-02;5.659144e-01;2.013657e-06;8.260960e-07;9.613888e-09;8.358978e-09;2.387887e+03;5.004173e+03;4.262862e+03;9.215493e+03;6.067160e+03;1.322512e+04;7.357429e+03;1.617273e+04;1.719108e-03;7.811468e-04;4.195292e+03;9.195512e+03;7.959534e+00;1.899787e+01;13705011;30531652;1.234744e+01;5.472627e+00;5.251793e+02;2.166281e+02;3.230515e-06;-1.321532e-06;2.780071e+00;6.146898e+00;3.679257e-06;1.118733e-06;1.388570e+01;-5.654841e+00;1.350969e+01;4.825653e+00;1.454598e+01;2.490217e+00;1.034050e+01;4.273388e+00;5.866494e+00;3.126704e+00;3.059367e+00;3.186702e+00;4.976103e+00;1.429784e-01;4.412810e+00;1.650437e+00;3.744837e+00;1.114077e+00;3.513729e+00;2.224797e+00;4.368578e+00;8.305987e-01;4.087730e+00;-1.708224e+00;3.514033e+00;3.096899e-01;3.393087e+00;2.698042e+00;0;0;0;0;0;0;0;0;0;0;0;0;4.347634e-04;-1.551229e-04;1.378560e-02;1.572135e-03;1.378756e-05;-5.319598e-06;2.914751e-02;8.917863e-03;4.553228e-03;3.738127e-04;1.092177e-02;1.141155e-03;1.551310e-02;1.229022e-03;2.146584e-02;1.439704e-03;2.418610e-02;1.587869e-03;2.854657e-02;1.336073e-03;2.552100e-02;1.474584e-03;2.639977e-02;1.883259e-03;3.186132e-02;9.709557e-04;3.331738e-02;2.258800e-03;2.813616e-02;2.724468e-03;2.823389e-02;3.566461e-03;3.627057e-02;2.098358e-03;2.917141e-02;2.839529e-03;3.281647e-02;1.868300e-03;3.278842e-02;5.682209e-04;2.975089e-02;2.923790e-03;3.407468e-02;2.103148e-03;3.539537e-02;9.316083e-04;3.400908e-02;1.994493e-03;2.782801e-02;2.006141e-03;2.449276e-02;1.605478e-03;2.714978e-02;1.116847e-03;2.169988e-02;4.318712e-04;1.259528e-02;-7.351940e-05;1.159121e-02;4.750579e-04;1.889152e-07;-8.705031e-08;8.002932e-10;-3.216804e-10;2.916858e+02;5.897227e+01;5.114565e+02;1.080105e+02;6.990243e+02;1.591734e+02;8.610800e+02;1.959952e+02;2.215794e-04;-8.565607e-05;4.697321e+02;1.099306e+02;1.026460e+00;2.083106e-01;1.817604e+06;3.705274e+05;1.155897e+00;-4.195111e-01;5.029983e+01;-2.262605e+01;3.190266e-07;1.438738e-07;3.105091e-01;7.261094e-02;5.387146e-07;-1.930805e-07;1.384038e+00;-3.950129e-01;1.435693e+00;-3.479868e-01;1.594614e+00;-3.862307e-01;1.368972e+00;-2.489607e-01;1.286414e+00;-9.047029e-02;1.263064e+00;-3.086555e-03;1.317741e+00;7.995955e-02;1.723015e+00;6.203197e-02;1.474840e+00;7.458692e-03;1.259821e+00;3.746687e-02;1.365178e+00;-3.205706e-03;1.473052e+00;1.647622e-02;1.244984e+00;3.670650e-02;1.316821e+00;2.119233e-02
329.000000;0;0;0;0;0;0;0;0;0;0;0;-100;2.487842e-04;5.936472e-03;4.334207e-02;9.748588e-01;4.594459e-07;9.881560e-06;6.588102e-03;9.003162e-01;2.011160e-02;1.188327e-01;4.982184e-02;2.472398e-01;6.544874e-02;3.811543e-01;8.437983e-02;5.241815e-01;1.039866e-01;6.492344e-01;9.555262e-02;7.284744e-01;9.267651e-02;8.192186e-01;9.262728e-02;9.025374e-01;9.380474e-02;9.728749e-01;1.323155e-01;1.046876e+00;1.415129e-01;1.096926e+00;9.186511e-02;1.139848e+00;1.065552e-01;1.220028e+00;7.472563e-02;1.261112e+00;9.332104e-02;1.316581e+00;1.313478e-01;1.353518e+00;1.010090e-01;1.416576e+00;9.686724e-02;1.432307e+00;1.061356e-01;1.437607e+00;9.601468e-02;1.421493e+00;1.025832e-01;1.349854e+00;8.440708e-02;1.223055e+00;5.297640e-02;1.060083e+00;6.458314e-02;8.963537e-01;3.713995e-02;7.330235e-01;2.139586e-02;5.973375e-01;1.062431e-10;3.417154e-10;6.555451e-10;4.170203e-09;4.952480e+02;6.189504e+03;5.093355e+02;1.124536e+04;3.911549e+02;1.614646e+04;3.159803e+02;1.964747e+04;5.655282e-06;1.185519e-04;3.083193e+02;1.120285e+04;1.722415e+00;2.240443e+01;1356056;36677324;6.874228e-02;-1.623846e-02;5.489017e-02;1.924500e+00;1.310530e-10;6.441639e-11;1.937124e-01;7.479395e+00;1.037960e-09;1.057524e-08;1.263697e+00;-1.260375e+01;1.660474e+00;-2.100867e+00;2.635335e+00;-5.457833e+00;2.999617e+00;-4.779263e-01;4.222635e+00;5.471728e-01;3.587784e+00;2.890660e+00;4.052302e+00;1.037975e+00;4.449979e+00;2.221064e+00;4.209829e+00;4.049667e-01;3.985922e+00;2.560254e+00;4.233219e+00;1.770732e+00;3.817042e+00;2.108779e-01;3.393825e+00;1.801636e+00;3.440211e+00;2.566363e+00;0;0;0;0;0;0;0;0;0;0;0;0;1.001086e-04;9.834940e-07;1.259877e-02;1.428224e-03;1.822749e-07;1.772931e-10;1.813704e-03;5.316204e-05;4.429619e-03;8.232294e-04;1.358677e-02;1.073218e-03;1.585563e-02;7.597629e-04;2.479850e-02;2.270665e-03;3.155865e-02;2.717240e-03;3.046277e-02;4.457045e-03;2.758965e-02;3.002594e-03;3.461402e-02;3.234841e-03;3.636659e-02;2.555155e-03;4.623609e-02;1.867345e-03;5.313900e-02;1.148489e-03;3.024955e-02;1.338728e-03;3.887146e-02;1.890146e-03;2.862255e-02;9.232406e-04;3.544652e-02;-7.010266e-04;4.803665e-02;-1.602205e-03;3.775752e-02;-8.209123e-05;3.512419e-02;-1.282844e-04;3.650497e-02;1.488057e-03;3.368771e-02;2.889030e-03;3.409425e-02;3.100071e-03;2.474252e-02;2.128497e-03;2.120676e-02;6.404162e-04;2.160977e-02;1.090871e-03;1.378881e-02;-1.507314e-04;9.373464e-03;3.995378e-04;4.155617e-11;1.773318e-12;2.718707e-10;-3.537474e-13;1.964081e+02;-2.497852e+00;1.992628e+02;1.078096e+01;1.598013e+02;3.215625e+00;1.247455e+02;-4.880859e-01;2.062683e-06;3.664091e-08;1.281409e+02;1.819433e+00;6.671841e-01;-3.520749e-03;5.152044e+05;1.716045e+04;2.735234e-02;-1.225336e-03;1.984245e-02;-9.413190e-04;5.481637e-11;7.049748e-13;7.998955e-02;9.512351e-04;3.962812e-10;-5.119467e-12;5.383598e-01;2.999103e-05;6.517658e-01;-2.294677e-02;9.397334e-01;-6.871349e-02;9.934072e-01;-8.323006e-02;1.546162e+00;-1.063280e-03;1.443416e+00;-2.573593e-02;1.391016e+00;-4.215519e-02;1.799462e+00;3.922712e-02;1.602114e+00;5.132948e-02;1.364396e+00;8.445986e-02;1.365223e+00;4.300921e-02;1.400384e+00;1.084255e-01;1.213784e+00;1.343037e-01;1.445186e+00;4.598602e-02
329.500000;0;0;0;0;0;0;0;0;0;0;0;-100;2.042135e-03;4.892367e-03;2.434697e-01;8.692814e-01;4.080590e-06;7.728907e-06;4.239533e-02;9.234064e-01;2.674829e-02;1.165812e-01;6.300900e-02;2.492712e-01;9.064836e-02;3.809715e-01;1.182674e-01;5.037749e-01;1.525114e-01;6.099340e-01;1.771228e-01;6.863324e-01;2.129316e-01;7.621047e-01;2.258210e-01;8.120492e-01;2.327494e-01;8.653743e-01;2.751468e-01;9.314606e-01;3.029296e-01;9.857880e-01;3.009554e-01;1.032419e+00;3.181989e-01;1.084056e+00;3.199683e-01;1.127322e+00;3.388669e-01;1.164621e+00;3.528189e-01;1.197248e+00;3.663535e-01;1.239513e+00;3.828376e-01;1.271702e+00;3.747242e-01;1.262150e+00;3.814752e-01;1.243584e+00;3.697287e-01;1.175617e+00;3.333746e-01;1.067485e+00;2.840326e-01;9.184397e-01;2.453312e-01;7.725632e-01;2.026435e-01;6.312751e-01;1.650539e-01;5.096801e-01;1.628074e-10;2.590684e-10;1.901372e-09;3.368952e-09;2.484348e+03;4.817121e+03;4.537576e+03;8.911444e+03;6.458956e+03;1.273574e+04;7.842710e+03;1.545826e+04;4.848569e-05;9.450924e-05;4.491455e+03;8.807532e+03;1.677279e+01;2.021940e+01;14822897;29096560;6.667484e-02;-1.657990e-02;7.697461e-01;1.507330e+00;1.260237e-10;3.472176e-11;2.998956e+00;5.880621e+00;4.555961e-09;8.299716e-09;5.261904e+00;-1.008842e+01;1.948538e+00;-2.027118e+00;3.390035e+00;-4.552654e+00;2.840493e+00;-4.608712e-01;3.867759e+00;9.025726e-01;3.891249e+00;1.715115e+00;4.230641e+00;-6.991998e-02;4.330657e+00;2.091444e+00;4.014052e+00;1.267889e+00;4.106626e+00;2.897808e+00;4.088768e+00;1.166999e+00;3.862972e+00;3.370520e-01;3.622903e+00;1.666222e+00;2.867306e+00;1.995265e+00;0;0;0;0;0;0;0;0;0;0;0;0;2.388631e-04;-4.838521e-05;3.466508e-02;-3.428550e-03;4.401792e-07;-9.544360e-08;3.941560e-03;9.797177e-04;5.723487e-03;-3.579505e-04;1.562729e-02;-7.350792e-04;2.100315e-02;-1.092032e-03;2.590707e-02;-1.392039e-03;3.388058e-02;-1.510769e-03;3.644160e-02;-1.751704e-03;4.275362e-02;-1.901230e-03;4.309535e-02;-2.443521e-03;4.320722e-02;-1.506649e-03;5.527908e-02;-3.077494e-03;6.290625e-02;-3.747493e-03;4.971580e-02;-4.645768e-03;5.322929e-02;-3.469987e-03;5.184520e-02;-4.429668e-03;6.003349e-02;-4.469579e-03;5.988125e-02;-3.893599e-03;6.052478e-02;-5.443844e-03;5.946548e-02;-5.742372e-03;5.655214e-02;-5.465536e-03;5.542254e-02;-5.739732e-03;5.464941e-02;-6.341612e-03;4.905843e-02;-5.709024e-03;3.928228e-02;-4.469880e-03;3.439083e-02;-3.390794e-03;2.877360e-02;-3.379982e-03;2.289059e-02;-3.034976e-03;3.736008e-11;-3.552392e-12;3.625603e-10;-4.182501e-11;3.052426e+02;-5.940293e+01;4.872995e+02;-1.086565e+02;7.059763e+02;-1.604654e+02;8.612416e+02;-1.979332e+02;5.194904e-06;-1.175788e-06;4.793362e+02;-1.113906e+02;6.082576e+00;-2.296547e-01;1799599;-3.723289e+05;2.752849e-02;-4.671437e-04;8.499062e-02;-1.906523e-02;5.444892e-11;-2.838485e-13;3.185773e-01;-7.411591e-02;6.159402e-10;-9.700947e-11;7.380887e-01;1.296584e-01;6.233298e-01;-1.644868e-03;8.549225e-01;1.542068e-02;1.032627e+00;3.625961e-03;1.473897e+00;4.684836e-03;1.320316e+00;-3.460931e-04;1.432330e+00;2.228093e-02;1.657362e+00;-3.859061e-02;1.464836e+00;-4.497426e-03;1.449674e+00;-2.847449e-02;1.434809e+00;2.855418e-03;1.329849e+00;1.953659e-02;1.423145e+00;-1.067813e-02;1.133423e+00;-6.037678e-02
330.000000;0;0;0;0;0;0;0;0;0;0;0;-100;2.195458e-03;2.412035e-03;2.274580e-01;8.055516e-01;4.342436e-06;2.729227e-06;4.172270e-02;9.742151e-01;2.279403e-02;1.098181e-01;5.001201e-02;2.410421e-01;8.241151e-02;3.706100e-01;9.903468e-02;4.748996e-01;1.286958e-01;5.759736e-01;1.635445e-01;6.560293e-01;1.938745e-01;7.188593e-01;2.073287e-01;7.715942e-01;2.111360e-01;8.160475e-01;2.264073e-01;8.534431e-01;2.534226e-01;8.973222e-01;2.773571e-01;9.531290e-01;2.858739e-01;9.963577e-01;3.028738e-01;1.048328e+00;3.163237e-01;1.083704e+00;3.153611e-01;1.114369e+00;3.336938e-01;1.141194e+00;3.570654e-01;1.172102e+00;3.548813e-01;1.172625e+00;3.552789e-01;1.139896e+00;3.468236e-01;1.082165e+00;3.068394e-01;9.756784e-01;2.636758e-01;8.426227e-01;2.217606e-01;7.022545e-01;1.846256e-01;5.719795e-01;1.527724e-01;4.622982e-01;1.360521e-10;8.228746e-11;2.013961e-09;1.228428e-09;2.662722e+03;1.749070e+03;5.027153e+03;3.283096e+03;7.182229e+03;4.684907e+03;8.733483e+03;5.687062e+03;5.347814e-05;3.439794e-05;4.971112e+03;3.208590e+03;1.903657e+01;9.242085e+00;16689007;10791661;4.779185e-02;-2.197651e-03;8.504230e-01;5.485837e-01;8.902356e-11;4.681899e-12;3.317666e+00;2.141247e+00;4.677894e-09;2.870997e-09;5.856338e+00;-3.749354e+00;1.781203e+00;-9.782257e-01;2.758392e+00;-1.559593e+00;1.716473e+00;-2.722015e-01;1.736928e+00;2.380347e-01;2.667397e+00;5.303932e-01;3.022277e+00;-2.594217e-02;2.774615e+00;1.240344e+00;2.445385e+00;8.881332e-01;2.600541e+00;1.170814e+00;3.162141e+00;4.861784e-01;2.442138e+00;2.845703e-01;2.474333e+00;3.981739e-01;1.641352e+00;5.850191e-01;0;0;0;0;0;0;0;0;0;0;0;0;2.246501e-04;-5.011206e-05;3.377225e-02;-4.235412e-04;4.231600e-07;-9.972389e-08;3.685919e-03;9.441925e-04;4.477442e-03;-2.267187e-04;1.031718e-02;2.758231e-04;1.671560e-02;1.031915e-03;1.688199e-02;9.579653e-05;2.146316e-02;-6.201067e-04;2.932230e-02;-1.661185e-03;3.752305e-02;-1.121900e-03;3.343600e-02;-1.778672e-03;3.533231e-02;-6.166268e-04;4.044922e-02;-9.467388e-04;3.960805e-02;-1.086452e-03;4.422881e-02;-7.687883e-04;4.588083e-02;-7.079528e-04;4.849770e-02;-6.487694e-04;5.445006e-02;6.977860e-04;4.597330e-02;1.978246e-03;5.408100e-02;1.783293e-03;5.518601e-02;2.730157e-04;5.368318e-02;-6.545984e-04;5.218804e-02;-9.982365e-04;4.868126e-02;-2.103458e-03;4.717548e-02;-2.088112e-03;3.797114e-02;-3.147924e-04;3.210039e-02;-8.377315e-04;2.710878e-02;2.208334e-04;2.226107e-02;-1.879473e-04;2.033213e-11;-3.880001e-12;2.955979e-10;-4.291775e-11;2.702332e+02;-5.825449e+01;4.663408e+02;-1.179158e+02;6.979598e+02;-1.620876e+02;8.563275e+02;-1.956507e+02;4.971409e-06;-1.208305e-06;4.707589e+02;-1.123890e+02;6.064642e+00;-2.188197e-01;1.752965e+06;-380731;2.022796e-02;5.975921e-04;8.360374e-02;-1.858369e-02;3.901957e-11;-8.205833e-13;3.133738e-01;-7.481774e-02;5.385956e-10;-1.038319e-10;6.444497e-01;1.363033e-01;3.846424e-01;4.658544e-02;4.607444e-01;1.053116e-01;6.555427e-01;4.694249e-02;8.151802e-01;-4.378005e-02;7.531027e-01;-1.288834e-02;9.216890e-01;-4.254851e-03;8.929116e-01;-6.094018e-02;7.896284e-01;-4.965192e-02;8.717207e-01;-9.678382e-02;1.138632e+00;-6.826323e-02;8.340149e-01;-7.193865e-02;9.758577e-01;-7.541130e-02;5.498738e-01;-6.305515e-02
330.500000;0;0;0;0;0;0;0;0;0;0;0;-100;0;1.033966e-03;9.089863e-02;9.242991e-01;0;0;0;9.992442e-01;8.419179e-03;1.233944e-01;1.414198e-02;2.623470e-01;2.294826e-02;4.037599e-01;3.477313e-02;5.304379e-01;4.651651e-02;6.374773e-01;5.541885e-02;7.274020e-01;6.292529e-02;8.032668e-01;7.225152e-02;8.674396e-01;7.791067e-02;9.278920e-01;8.880495e-02;9.809068e-01;1.001325e-01;1.031708e+00;1.061189e-01;1.085440e+00;1.097324e-01;1.140027e+00;1.182438e-01;1.189601e+00;1.238763e-01;1.238981e+00;1.255483e-01;1.287299e+00;1.356127e-01;1.322418e+00;1.415789e-01;1.348491e+00;1.450163e-01;1.355339e+00;1.484258e-01;1.327456e+00;1.427516e-01;1.257419e+00;1.276466e-01;1.141827e+00;1.120974e-01;9.895985e-01;9.626003e-02;8.274867e-01;8.011470e-02;6.772199e-01;6.618564e-02;5.471424e-01;0;0;0;0;0;4.306641e+01;0;4.306641e+01;0;4.306641e+01;0;4.306641e+01;0;0;0;0;0;8.632051e-06;0;0;0;0;0;0;0;0;0;0;0;0;0;0;0;0;0;0;0;0;0;0;0;0;0;0;0;0;0;0;0;0;0;0;0;0;0;0;0;0;0;0;0;0;0;0;0;0;0;0;0;0;0;0;4.944905e-03;3.697922e-03;0;0;0;0;4.866138e-04;3.498592e-04;8.387007e-04;5.930302e-04;1.353880e-03;9.605419e-04;2.019600e-03;1.447471e-03;2.665408e-03;1.927118e-03;3.156799e-03;2.291164e-03;3.570199e-03;2.597876e-03;4.061809e-03;2.973289e-03;4.374476e-03;3.204768e-03;4.925136e-03;3.637149e-03;5.485177e-03;4.083373e-03;5.805240e-03;4.325437e-03;6.020215e-03;4.477241e-03;6.448415e-03;4.814405e-03;6.748038e-03;5.041763e-03;6.871235e-03;5.118201e-03;7.351114e-03;5.509940e-03;7.638545e-03;5.742902e-03;7.793754e-03;5.874374e-03;7.902762e-03;5.992868e-03;7.575253e-03;5.757029e-03;6.796670e-03;5.153954e-03;5.951478e-03;4.521554e-03;5.080192e-03;3.874643e-03;4.211761e-03;3.220407e-03;3.461237e-03;2.655614e-03;0;0;0;0;0;0;0;0;0;0;0;0;0;0;0;0;0;0;0;0;0;0;0;0;0;0;0;0;0;0;0;0;0;0;0;0;0;0;0;0;0;0;0;0;0;0;0;0;0;0;0;0;0;0;0;0;0;0
331.000000;0;0;0;0;0;0;0;0;0;0;0;-100;0;1.033966e-03;4.186448e-03;9.855444e-01;0;0;0;9.992442e-01;3.668708e-04;1.289713e-01;6.018600e-04;2.716468e-01;9.813429e-04;4.188730e-01;1.508596e-03;5.534403e-01;2.043074e-03;6.683652e-01;2.447196e-03;7.642624e-01;2.788719e-03;8.451665e-01;3.228822e-03;9.156731e-01;3.485770e-03;9.799218e-01;4.017840e-03;1.040416e+00;4.581166e-03;1.099039e+00;4.860734e-03;1.156823e+00;5.013513e-03;1.213782e+00;5.431510e-03;1.269209e+00;5.695967e-03;1.322407e+00;5.748369e-03;1.371741e+00;6.263261e-03;1.413872e+00;6.566603e-03;1.444094e+00;6.749616e-03;1.453368e+00;6.966440e-03;1.428049e+00;6.720183e-03;1.354255e+00;5.990883e-03;1.228337e+00;5.274838e-03;1.065630e+00;4.553934e-03;8.928844e-01;3.803299e-03;7.317067e-01;3.156936e-03;5.922213e-01;0;0;0;0;0;4.306641e+01;0;4.306641e+01;0;4.306641e+01;0;4.306641e+01;0;0;0;0;0;8.632051e-06;0;0;0;0;0;0;0;0;0;0;0;0;0;0;0;0;0;0;0;0;0;0;0;0;0;0;0;0;0;0;0;0;0;0;0;0;0;0;0;0;0;0;0;0;0;0;0;0;0;0;0;0;0;0;2.701977e-04;1.809109e-04;0;0;0;0;2.373756e-05;1.586775e-05;3.898263e-05;2.604145e-05;6.354770e-05;4.245708e-05;9.762676e-05;6.525355e-05;1.321464e-04;8.835507e-05;1.582462e-04;1.058245e-04;1.803043e-04;1.205855e-04;2.086820e-04;1.395977e-04;2.252734e-04;1.507029e-04;2.595272e-04;1.736770e-04;2.957632e-04;1.979889e-04;3.138139e-04;2.100724e-04;3.236937e-04;2.166814e-04;3.506152e-04;2.347270e-04;3.676584e-04;2.461507e-04;3.711156e-04;2.484323e-04;4.042028e-04;2.706506e-04;4.236892e-04;2.837342e-04;4.354209e-04;2.916250e-04;4.492359e-04;3.009496e-04;4.333092e-04;2.903048e-04;3.863390e-04;2.588078e-04;3.401160e-04;2.278638e-04;2.935649e-04;1.967074e-04;2.451381e-04;1.642726e-04;2.034265e-04;1.363445e-04;0;0;0;0;0;0;0;0;0;0;0;0;0;0;0;0;0;0;0;0;0;0;0;0;0;0;0;0;0;0;0;0;0;0;0;0;0;0;0;0;0;0;0;0;0;0;0;0;0;0;0;0;0;0;0;0;0;0
331.500000;0;0;0;0;0;0;0;0;0;0;0;-100;0;1.033966e-03;1.646675e-04;9.882312e-01;0;0;0;9.992442e-01;1.438789e-05;1.292066e-01;2.358520e-05;2.720326e-01;3.845091e-05;4.195022e-01;5.917284e-05;5.544078e-01;8.014566e-05;6.696755e-01;9.605084e-05;7.658321e-01;1.095025e-04;8.469553e-01;1.268409e-04;9.177445e-01;1.369417e-04;9.821582e-01;1.579179e-04;1.042994e+00;1.800995e-04;1.101979e+00;1.911579e-04;1.159943e+00;1.970680e-04;1.216999e+00;2.135812e-04;1.272694e+00;2.240480e-04;1.326062e+00;2.259991e-04;1.375430e+00;2.464096e-04;1.417892e+00;2.583693e-04;1.448309e+00;2.656426e-04;1.457700e+00;2.742479e-04;1.432521e+00;2.646642e-04;1.358570e+00;2.358178e-04;1.232182e+00;2.076345e-04;1.069017e+00;1.793191e-04;8.958080e-01;1.497280e-04;7.341485e-01;1.243363e-04;5.942483e-01;0;0;0;0;0;4.306641e+01;0;4.306641e+01;0;4.306641e+01;0;4.306641e+01;0;0;0;0;0;8.632051e-06;0;0;0;0;0;0;0;0;0;0;0;0;0;0;0;0;0;0;0;0;0;0;0;0;0;0;0;0;0;0;0;0;0;0;0;0;0;0;0;0;0;0;0;0;0;0;0;0;0;0;0;0;0;0;1.070103e-05;7.132232e-06;0;0;0;0;9.364700e-07;6.233156e-07;1.534066e-06;1.020759e-06;2.502861e-06;1.664877e-06;3.847053e-06;2.562046e-06;5.213875e-06;3.471553e-06;6.245265e-06;4.158378e-06;7.119914e-06;4.743397e-06;8.242227e-06;5.493641e-06;8.903652e-06;5.932749e-06;1.026748e-05;6.838799e-06;1.170569e-05;7.802248e-06;1.242494e-05;8.282184e-06;1.280993e-05;8.537531e-06;1.387751e-05;9.253025e-06;1.455857e-05;9.705901e-06;1.468722e-05;9.792805e-06;1.601202e-05;1.067543e-05;1.678465e-05;1.119208e-05;1.725442e-05;1.150632e-05;1.781700e-05;1.188338e-05;1.719324e-05;1.146603e-05;1.532791e-05;1.021898e-05;1.349116e-05;8.996009e-06;1.165279e-05;7.770121e-06;9.726682e-06;6.487131e-06;8.084240e-06;5.387485e-06;0;0;0;0;0;0;0;0;0;0;0;0;0;0;0;0;0;0;0;0;0;0;0;0;0;0;0;0;0;0;0;0;0;0;0;0;0;0;0;0;0;0;0;0;0;0;0;0;0;0;0;0;0;0;0;0;0;0
